327
322
323
324
324
320
324
321
321
323
321
323
318
324
322
322
320
321
324
324
319
322
323
320
321
319
324
323
320
325
320
324
320
321
322
320
322
318
322
319
319
322
321
320
323
321
319
320
323
318
323
321
321
320
322
322
322
320
320
320
321
321
321
319
321
320
317
323
317
319
320
322
320
319
321
320
319
321
319
320
319
322
317
322
320
321
318
318
321
317
319
321
319
318
321
317
319
317
318
321
319
318
321
319
322
319
320
319
321
319
317
323
318
318
320
320
318
321
319
321
316
323
319
320
320
324
318
322
318
319
321
320
318
319
321
321
318
320
317
322
317
320
317
317
321
317
318
318
317
319
316
319
319
319
318
318
316
318
320
316
319
317
317
317
319
316
323
315
318
316
316
319
314
317
315
316
318
313
318
317
315
316
315
316
318
318
314
321
314
317
316
318
314
313
318
313
317
312
319
316
313
316
319
313
318
315
315
316
317
315
320
314
318
314
318
314
316
316
314
313
316
317
314
317
314
316
313
318
313
318
316
315
318
313
317
313
313
319
317
319
312
319
315
316
320
319
319
315
321
317
317
319
319
322
317
320
321
320
324
320
324
322
323
322
327
324
324
327
325
325
327
324
328
327
323
328
327
327
332
326
332
329
330
332
332
335
335
334
331
334
336
335
335
335
340
338
336
333
338
339
340
339
343
339
339
342
342
344
341
346
344
344
344
346
346
348
342
347
347
343
347
345
346
349
349
346
349
347
348
348
347
349
349
352
352
352
350
354
356
355
354
357
358
351
357
358
353
360
361
362
358
366
366
362
367
364
369
368
369
365
370
371
371
371
373
380
382
380
380
385
388
395
396
392
392
396
404
406
397
407
409
407
401
408
413
410
407
415
412
406
416
420
419
415
437
438
441
434
440
444
443
435
446
445
439
440
441
441
442
441
435
440
444
450
448
442
452
455
456
451
446
458
460
468
464
465
457
461
470
463
460
491
472
476
468
481
480
474
468
479
481
477
472
484
485
479
476
487
488
484
484
488
484
483
481
479
474
483
492
494
485
489
515
503
504
497
496
504
502
493
487
493
496
496
496
488
489
489
480
487
486
479
473
479
477
468
474
475
473
476
475
474
475
528
520
520
506
500
506
501
492
501
501
497
490
506
506
498
513
516
509
519
522
521
511
525
525
521
526
529
528
519
528
530
528
521
532
534
537
534
531
528
534
566
546
548
552
556
548
541
557
550
538
558
558
552
542
560
555
546
566
570
563
551
572
565
560
576
570
560
575
575
572
565
589
579
572
582
585
576
572
589
582
575
593
580
575
588
581
578
593
589
579
591
583
577
581
589
592
586
580
572
591
587
580
603
595
587
599
593
588
586
592
585
576
590
585
579
586
589
581
578
591
588
581
594
586
586
601
591
587
591
596
591
586
602
600
596
595
591
635
602
599
595
606
607
598
598
607
608
602
603
631
606
607
598
600
598
587
580
584
579
576
573
585
585
583
589
592
588
584
594
591
587
585
588
579
575
585
587
585
583
596
592
589
599
593
593
598
606
604
601
608
606
603
606
613
605
604
614
604
602
607
604
603
605
610
603
600
608
608
604
604
599
598
609
606
605
608
598
593
585
592
588
590
604
613
608
609
622
618
615
615
612
604
598
593
596
591
591
596
607
604
601
610
614
609
604
602
613
619
623
627
620
613
612
608
597
593
601
598
603
601
610
611
602
601
604
599
594
598
590
590
595
599
596
593
604
598
595
602
602
603
601
594
591
595
593
593
596
599
600
604
612
606
606
613
604
600
604
597
595
603
600
599
607
605
605
614
618
617
617
626
627
622
623
631
625
625
632
628
625
625
632
624
624
636
641
634
636
646
638
632
642
631
627
630
629
627
621
618
622
616
614
623
631
626
624
640
634
630
625
629
619
613
617
607
605
604
610
608
607
617
625
623
617
620
617
614
611
614
609
605
614
604
603
600
604
600
597
602
604
602
600
606
603
601
602
610
609
607
614
620
612
606
606
609
606
603
611
613
613
612
623
631
631
626
625
630
625
622
618
620
614
612
620
618
617
618
629
624
621
630
632
625
621
628
628
620
614
623
627
624
619
625
630
626
621
627
635
633
628
637
631
627
622
628
617
612
614
607
602
595
600
591
585
596
597
596
596
604
610
612
613
624
632
629
627
632
637
643
635
626
619
623
620
613
609
615
608
605
604
613
611
609
616
621
617
616
625
624
619
615
620
614
610
606
610
605
602
604
615
610
609
614
624
622
615
609
614
609
611
604
596
604
600
597
591
596
591
591
593
605
602
600
607
608
604
602
607
610
606
602
598
604
603
618
616
616
618
616
609
610
609
609
606
604
608
608
606
605
617
618
617
629
629
626
620
627
622
616
623
619
614
607
615
609
604
615
611
610
616
621
616
611
620
614
608
615
609
607
609
615
614
612
617
622
618
612
623
628
628
622
632
626
620
624
624
619
610
620
618
615
617
616
610
620
621
618
611
621
616
611
614
618
616
610
621
614
610
617
613
608
602
605
604
602
598
605
611
612
608
619
622
621
616
632
629
628
628
636
630
623
630
626
619
610
617
612
610
610
622
622
621
620
628
626
621
627
628
623
620
621
619
613
608
612
606
608
608
614
611
608
619
615
612
609
615
617
615
612
612
618
618
616
612
617
619
617
614
619
621
619
616
624
626
626
619
631
633
632
627
625
634
631
627
621
623
616
615
613
619
615
611
623
619
619
617
631
628
626
622
630
629
625
622
621
625
627
625
622
627
634
632
631
635
643
641
636
631
638
631
628
624
631
632
628
625
631
635
631
630
631
640
637
637
639
641
636
634
636
638
632
632
630
638
636
635
633
644
645
644
645
658
660
652
646
646
646
641
634
627
635
634
628
622
630
620
618
614
619
608
606
603
594
593
593
593
592
592
598
604
603
602
608
614
616
612
605
609
603
596
590
591
593
591
592
591
595
592
593
592
598
597
594
604
604
604
604
610
606
603
602
600
593
590
584
583
578
578
575
579
579
581
584
592
594
593
599
603
604
602
604
600
594
597
593
589
586
587
589
586
585
591
596
602
601
598
604
606
604
599
608
606
604
599
606
600
597
598
599
596
593
601
602
604
601
612
614
611
605
608
601
597
591
594
592
593
595
600
602
602
606
613
614
612
609
619
619
617
612
622
620
616
609
616
615
617
613
625
624
622
616
624
619
618
615
620
615
612
619
621
621
621
623
627
624
621
625
626
623
616
627
623
623
622
629
628
628
631
634
628
623
626
625
620
614
618
616
614
612
619
622
621
618
627
627
624
618
624
620
615
612
618
617
616
614
620
617
617
616
619
615
612
615
616
612
609
617
618
620
622
630
631
626
622
627
623
620
615
617
613
611
609
617
616
615
624
622
621
616
624
623
617
609
607
600
597
593
593
591
589
597
602
606
606
620
625
622
618
633
632
629
615
624
604
596
588
583
578
577
574
580
585
584
587
596
608
616
614
611
621
627
625
620
623
619
610
601
602
595
595
591
593
589
595
597
609
610
607
623
627
627
621
637
638
635
627
622
626
621
615
609
615
614
614
614
614
623
623
623
621
633
636
634
628
633
631
621
614
605
604
602
600
599
601
607
612
612
609
627
633
628
621
623
624
624
619
613
611
604
598
595
591
593
594
594
594
602
613
620
620
619
635
640
635
629
623
630
626
620
614
619
620
619
619
616
627
628
625
623
634
639
637
632
626
635
631
625
617
621
620
619
607
615
604
603
599
600
598
596
590
592
591
591
604
616
617
617
630
634
632
626
621
629
625
622
615
614
615
619
615
613
619
624
626
623
621
629
628
626
624
623
626
630
625
619
628
627
630
629
624
633
634
634
630
626
631
632
627
623
630
630
636
632
627
632
633
637
632
629
632
633
633
627
622
628
630
627
626
621
630
630
623
620
615
616
618
617
615
618
620
617
614
609
609
608
607
604
599
599
597
598
599
597
601
606
605
605
612
617
617
612
610
614
612
606
603
602
602
601
600
600
604
611
617
614
613
616
624
625
622
617
618
620
620
614
608
618
619
621
615
610
618
619
624
619
619
628
634
639
635
632
646
646
647
646
643
631
631
635
631
631
625
618
628
635
638
633
626
636
636
640
636
628
625
624
621
623
613
610
604
597
587
584
582
578
578
586
593
592
590
597
604
613
607
607
620
625
631
629
621
614
619
615
616
610
605
613
615
623
623
619
622
632
637
633
626
626
628
627
620
612
605
611
608
608
605
604
612
612
612
607
604
609
607
604
599
594
596
600
609
613
611
616
623
624
620
614
617
620
623
618
613
611
614
611
608
605
604
607
605
607
608
604
601
608
605
610
608
604
600
608
603
607
612
610
607
610
614
615
618
614
613
622
626
630
626
622
623
631
630
633
626
621
620
616
603
594
588
584
587
595
602
595
605
613
614
609
621
626
632
633
627
620
628
628
632
622
616
616
621
620
605
605
572
591
580
580
574
569
565
561
554
549
544
539
536
534
531
532
533
536
537
541
545
552
555
559
565
573
575
571
573
575
566
566
564
564
560
554
551
553
561
560
563
564
574
591
604
605
608
624
624
619
612
609
614
613
609
604
597
602
600
598
592
587
592
592
595
595
600
605
618
619
607
600
605
596
591
586
577
573
569
569
569
565
569
574
576
580
579
585
589
590
586
586
582
572
575
571
571
570
565
567
573
585
587
588
600
620
634
630
625
627
638
637
637
634
622
609
611
607
606
601
597
599
602
610
612
610
608
615
621
623
621
615
609
613
616
621
620
615
611
614
616
618
611
608
606
609
612
613
607
609
607
604
597
598
601
604
601
602
602
607
613
610
609
606
612
617
615
611
609
614
614
614
605
602
589
580
573
575
587
592
594
591
623
657
688
698
669
667
661
659
649
643
634
626
616
612
611
613
611
605
602
599
604
610
620
616
612
611
618
619
617
612
608
614
613
613
611
611
604
602
597
594
591
597
610
621
612
610
620
625
626
620
614
619
618
618
613
608
607
608
610
610
607
604
605
608
613
620
620
620
616
612
605
608
612
616
619
621
614
610
613
612
604
599
591
587
578
574
572
576
573
579
590
599
605
605
604
616
620
628
626
621
612
614
611
611
614
615
613
623
632
640
641
627
635
630
627
622
609
610
601
596
591
587
584
581
584
591
608
625
623
625
647
667
668
658
643
647
646
641
636
631
618
612
608
603
600
600
599
594
597
602
620
623
618
630
643
643
636
627
635
636
640
633
623
619
616
611
610
608
605
602
604
601
602
610
613
608
603
619
624
633
638
634
627
632
634
634
641
636
632
638
641
642
647
646
623
635
614
609
604
601
601
601
598
604
613
629
638
628
640
641
644
644
642
633
621
623
613
606
604
597
591
581
580
578
569
563
561
555
553
545
541
540
537
542
546
551
570
572
560
565
699
687
647
630
613
607
593
587
579
570
563
558
549
544
538
527
1695