480
470
463
475
461
466
514
875
680
695
685
659
637
606
591
585
586
591
592
585
573
556
535
522
508
491
490
488
502
522
515
505
500
504
513
521
511
495
486
482
484
502
519
499
492
496
507
509
479
473
473
472
479
521
578
587
591
613
638
657
646
624
621
623
622
621
613
597
583
577
586
633
696
664
619
615
610
610
597
579
571
573
597
607
613
629
635
616
594
593
611
646
697
670
650
636
649
666
681
667
646
635
650
671
662
638
609
586
577
596
641
655
634
622
635
646
635
624
603
604
608
626
612
592
577
576
599
674
743
745
712
684
682
677
689
701
704
674
695
706
724
705
676
646
646
675
703
720
727
698
695
687
662
637
634
662
692
698
694
671
666
645
629
637
688
741
707
670
662
658
643
625
620
628
652
697
672
667
673
684
692
665
646
637
622
607
602
604
625
644
617
600
586
569
568
604
677
704
695
648
677
688
685
676
667
654
695
774
771
731
683
669
670
670
650
647
684
776
742
730
730
753
766
720
681
648
635
645
695
776
752
747
806
804
739
699
704
715
723
690
678
708
763
749
677
654
650
669
672
681
691
737
770
775
738
725
728
734
704
688
718
738
744
711
678
690
713
776
734
707
684
700
718
688
667
674
686
680
654
651
667
657
632
609
619
638
678
715
728
697
663
653
659
663
665
650
662
699
731
711
680
681
696
689
687
674
661
645
658
771
872
807
769
705
694
704
724
713
683
691
722
725
698
716
736
765
726
682
695
702
702
683
712
724
712
694
714
702
682
672
675
669
649
695
701
668
630
646
670
662
656
674
693
694
682
676
688
711
753
705
673
668
705
828
849
813
805
717
688
700
741
747
729
686
673
686
694
705
702
669
653
668
712
739
719
707
729
724
713
684
671
679
707
764
746
695
666
650
668
709
716
709
729
719
674
656
669
689
701
683
675
650
628
623
644
680
690
693
667
660
671
660
624
605
596
596
614
688
755
818
791
733
744
750
766
764
703
675
672
674
713
690
650
637
692
707
686
711
749
771
757
712
675
684
695
693
670
643
636
667
725
741
700
723
737
711
673
648
649
684
705
709
713
699
721
725
734
724
712
734
785
819
770
745
698
737
757
769
707
679
706
731
756
723
712
763
768
703
663
618
611
599
601
616
642
646
668
674
661
701
724
720
711
692
685
682
703
727
746
745
699
674
658
669
690
698
740
708
710
744
770
746
698
679
666
668
659
656
671
702
729
692
669
666
687
682
668
663
683
718
709
680
668
665
655
648
620
608
605
632
670
729
741
708
692
669
655
636
620
604
599
595
606
621
623
609
595
584
584
581
579
566
564
576
589
583
573
575
584
603
643
675
690
708
700
668
666
659
646
632
617
604
589
575
564
558
562
575
612
667
712
722
715
714
700
669
667
665
673
695
704
699
678
658
644
650
672
698
729
721
729
752
737
716
680
655
643
623
618
621
644
675
676
705
737
768
716
661
651
646
643
634
619
614
606
585
571
560
564
580
591
640
702
695
657
658
644
633
608
592
589
601
610
627
627
625
649
662
684
683
667
642
620
618
620
634
642
652
629
622
646
683
690
650
621
607
599
600
594
597
640
706
668
660
654
668
680
654
631
614
596
583
570
563
566
586
644
697
695
724
704
702
675
643
627
615
609
605
608
620
643
667
751
766
724
665
632
604
582
580
601
631
650
627
609
608
623
624
622
600
583
582
584
598
608
617
613
614
619
630
662
666
645
619
604
591
584
582
588
585
620
664
670
667
689
689
662
639
641
643
648
646
634
643
658
657
644
623
626
632
651
680
694
698
670
654
645
664
692
724
691
686
713
726
710
677
650
637
631
633
630
624
633
665
654
633
644
639
659
635
620
613
611
599
587
578
571
571
581
582
578
573
578
594
610
611
624
612
621
627
625
612
598
585
577
580
584
587
590
585
581
575
589
628
676
681
673
684
688
685
640
614
604
603
612
614
629
640
672
688
706
713
680
671
647
628
606
603
619
656
667
655
626
613
611
613
622
621
620
621
604
591
584
589
597
595
597
589
591
610
638
627
619
594
576
562
551
540
542
563
592
588
576
579
581
590
590
585
585
616
644
664
628
610
604
607
613
605
599
593
606
611
606
606
589
579
574
576
592
591
585
564
551
544
539
546
565
593
600
590
580
576
575
576
582
587
591
603
593
602
604
602
589
591
613
628
593
590
585
584
582
578
565
559
554
544
537
527
523
524
542
586
643
697
745
728
690
646
616
608
604
606
605
592
587
586
574
557
550
553
581
611
617
627
662
675
663
644
614
593
584
575
564
553
544
541
558
596
604
585
575
572
585
595
593
593
576
578
594
602
596
581
571
560
551
550
563
578
592
600
628
626
633
656
643
608
589
578
588
590
579
568
570
571
581
594
608
644
664
628
600
585
572
556
547
526
498
488
491
495
491
486
482
476
471
468
464
463
462
465
472
479
484
493
504
506
508
517
503
502
507
503
500
494
481
482
479
478
479
482
488
479
486
493
494
514
522
532
521
511
503
496
496
498
495
495
497
496
503
505
505
511
508
485
493
500
524
552
540
551
526
510
496
484
482
483
493
481
485
487
485
493
499
503
499
500
502
509
521
497
483
476
475
470
467
465
465
454
447
446
446
453
462
459
464
496
569
614
571
515
502
509
523
521
530
515
492
483
477
476
478
481
492
483
471
466
465
464
467
483
480
476
472
486
492
507
523
502
489
481
489
498
496
484
474
476
479
487
491
483
469
469
472
487
538
572
551
560
573
623
573
529
514
521
524
524
504
490
481
479
479
479
482
483
478
475
469
475
490
509
552
522
490
472
492
511
517
508
492
492
495
494
480
475
477
482
496
503
490
481
477
483
495
518
550
561
521
500
499
503
504
512
504
483
478
478
483
493
502
492
478
476
477
480
483
473
473
474
482
498
510
508
485
481
480
477
469
464
461
446
447
447
448
458
469
472
455
450
450
465
485
496
500
496
478
471
469
467
470
471
465
460
460
463
475
497
502
488
477
475
485
494
503
489
477
474
475
483
487
473
467
473
479
493
488
482
482
491
503
509
495
481
470
464
479
492
503
516
532
529
502
501
509
531
543
547
507
496
489
492
498
509
518
509
501
499
503
509
506
495
489
487
493
502
495
485
483
487
496
507
504
495
496
506
538
526
498
497
504
510
495
485
480
482
483
487
487
489
480
468
466
473
487
496
497
479
470
475
478
471
469
469
464
461
456
455
457
458
447
445
444
448
456
462
468
461
460
455
458
470
475
469
464
469
474
477
466
461
460
458
455
454
455
459
447
444
441
446
456
472
510
484
474
462
466
478
496
491
477
469
467
475
479
482
487
478
469
463
460
461
461
468
473
468
456
447
460
461
469
493
532
500
506
535
558
541
509
491
489
492
493
478
469
467
467
469
467
455
451
455
456
465
471
468
457
469
481
501
506
509
484
468
462
466
470
461
455
453
452
452
446
440
436
434
431
426
429
444
468
491
560
566
511
498
484
498
505
508
495
470
463
460
451
457
442
443
437
429
429
424
426
421
416
411
412
412
406
414
418
426
417
415
415
423
426
426
421
423
441
453
456
441
441
443
449
441
435
435
437
439
444
447
449
456
461
461
465
469
473
471
466
462
461
459
460
470
478
482
504
520
516
534
531
529
502
480
473
473
471
466
460
461
495
532
513
476
464
459
461
462
468
463
449
443
441
442
457
469
467
487
629
698
663
638
589
542
531
516
457
404
399
446
422
428
428
427
429
432
426
425
420
420
418
415
411
413
407
405
401
398
398
401
406
411
407
401
407
409
420
434
443
440
429
427
427
430
433
436
434
431
427
426
421
417
425
422
417
414
412
382
428
407
406
409
420
426
428
417
412
419
415
413
407
405
389
396
394
403
393
388
390
389
387
388
381
389
386
375
380
377
378
374
374
372
373
374
375
373
377
376
372
379
368
376
362
376
375
387
391
394
394
391
387
388
386
387
387
384
378
380
378
378
379
378
374
377
375
380
381
375
372
368
371
373
370
376
384
393
402
399
399
398
394
396
393
392
395
391
395
392
391
388
386
382
384
387
389
390
392
390
389
387
381
383
380
381
383
389
390
392
396
394
391
391
387
388
391
396
396
397
397
398
401
395
393
395
395
397
400
402
398
396
396
397
400
411
428
484
493
455
467
471
477
462
442
431
413
410
401
396
397
405
413
410
399
399
396
394
395
393
392
391
387
386
385
386
391
393
392
389
386
389
404
441
457
457
472
517
611
588
537
524
459
450
439
439
442
447
448
445
440
434
428
434
450
447
436
437
440
472
529
546
485
476
480
477
482
478
474
460
449
442
441
454
480
484
485
506
592
602
603
576
545
521
505
483
473
460
464
451
442
443
483
594
691
641
601
570
567
564
550
533
517
502
480
457
469
477
478
464
482
502
555
570
587
560
546
542
533
523
511
499
489
495
497
502
487
479
485
510
540
538
525
485
476
474
475
479
468
462
471
477
483
509
509
501
475
482
484
482
463
457
450
442
452
463
492
503
482
487
510
545
522
501
482
483
477
469
462
457
479
485
495
498
529
538
559
549
542
509
492
472
464
454
449
446
452
479
552
572
575
604
623
634
611
574
556
545
542
527
529
525
528
538
530
526
525
530
532
520
521
535
534
535
540
534
503
487
477
474
484
509
512
492
477
477
480
491
486
480
478
487
517
521
513
512
512
501
481
489
494
517
541
547
533
489
493
497
497
501
502
487
491
477
488
521
561
638
658
633
604
590
565
543
524
511
498
481
475
476
477
475
474
467
463
466
472
479
493
499
500
514
514
499
484
490
501
516
501
490
486
493
501
519
526
524
508
510
516
518
502
489
485
480
485
493
496
521
549
619
662
680
650
626
593
582
565
549
536
527
521
520
520
514
508
506
512
495
458
467
471
487
482
487
486
503
509
497
492
487
488
485
467
458
452
451
456
458
457
464
473
477
471
471
483
494
490
498
504
507
486
473
471
470
469
460
454
453
454
464
461
452
446
453
475
542
578
567
550
545
536
529
519
506
490
463
471
462
453
446
443
442
447
456
456
453
449
458
465
482
478
475
478
486
487
477
472
472
468
464
453
454
457
465
478
486
486
486
490
532
533
529
527
497
480
475
471
470
475
476
479
479
471
462
467
491
542
543
580
611
618
597
574
567
563
552
538
526
520
512
505
500
497
498
505
509
513
515
515
523
523
521
512
495
487
486
476
474
467
469
482
511
545
560
581
611
647
646
646
637
606
582
550
524
496
470
474
479
505
503
499
543
624
631
639
604
583
552
529
508
467
469
467
479
484
486
481
483
521
559
584
588
565
549
536
530
518
509
502
482
470
463
461
469
498
527
530
517
507
517
530
530
504
486
476
470
472
478
476
470
471
482
530
578
630
593
564
539
521
512
501
493
487
475
473
469
469
465
465
467
492
551
607
638
602
570
556
547
549
543
531
521
511
501
489
488
485
488
478
478
473
479
491
501
510
512
505
491
480
469
463
460
464
469
471
477
474
476
471
469
466
478
479
502
504
509
499
508
515
523
520
502
489
484
483
480
481
478
468
462
459
460
469
476
497
501
501
496
506
492
480
471
464
458
458
460
461
468
462
463
482
559
619
649
633
572
542
509
477
478
479
485
482
482
481
477
472
469
468
469
468
470
464
450
445
446
458
498
971
656
616
614
621
597
604
618
648
606
588
569
554
545
540
525
514
478
467
465
460
463
458
452
449
444
446
443
452
443
445
441
438
437
433
436
435
437
442
442
442
438
435
437
436
442
449
461
454
449
451
453
462
475
467
462
459
460
464
473
474
464
458
455
458
460
459
458
454
464
477
493
481
471
468
476
485
487
473
468
471
475
473
468
463
460
464
468
464
455
453
452
453
458
476
471
467
463
466
477
486
478
470
465
465
471
469
465
460
466
472
469
459
451
446
446
448
435
438
435
436
429
427
425
432
442
441
433
432
436
431
431
427
431
434
428
428
423
423
419
417
417
415
415
415
416
413
411
405
406
404
402
398
399
398
397
398
397
396
396
395
396
397
395
396
390
394
395
396
392
392
389
396
393
396
390
393
386
389
385
389
384
389
382
387
382
385
382
386
378
382
382
383
380
382
378
385
380
386
377
381
376
378
374
375
377
375
379
378
379
377
373
374
372
374
373
372
372
372
369
372
370
369
368
368
370
369
368
365
371
369
373
370
368
367
365
368
369
368
367
364
364
364
364
364
360
362
362
369
366
375
373
376
371
377
377
379
376
379
377
371
371
369
370
369
369
370
368
368
363
361
363
361
361
361
365
367
372
366
371
370
373
375
378
378
375
371
374
377
375
374
369
367
364
365
364
366
363
363
360
364
366
368
367
374
367
370
369
372
373
373
371
367
365
364
366
363
366
361
361
360
366
363
368
366
366
366
368
367
367
364
367
360
360
358
358
357
355
353
352
356
354
355
355
356
353
351
354
356
352
351
351
350
355
350
354
349
351
350
354
353
348
350
345
351
346
352
347
346
344
346
348
346
349
343
346
346
348
349
349
352
349
350
349
351
349
352
346
354
353
352
351
354
354
347
352
345
353
348
351
350
348
346
349
349
351
348
349
349
345
352
349
350
352
351
348
348
347
349
353
351
353
353
349
352
349
351
349
348
349
353
350
352
349
352
352
352
354
350
352
350
353
354
354
354
357
351
352
351
350
354
353
356
356
355
354
356
356
356
359
354
353
354
355
355
355
353
354
350
350
351
347
349
346
350
348
349
344
346
346
349
344
346
345
345
345
345
348
345
345
344
343
348
347
347
349
345
346
344
347
345
346
345
346
345
346
348
347
348
343
345
343
347
346
346
346
344
343
341
348
346
347
347
346
345
345
348
346
346
341
347
343
342
345
347
345
345
342
345
349
347
350
348
346
347
343
348
344
346
343
348
342
343
344
345
344
341
345
344
344
341
343
343
345
343
342
345
342
344
345
344
343
345
341
340
346
345
349
347
346
346
346
341
342
346
343
344
346
342
341
341
343
343
345
344
343
345
341
343
339
346
343
347
346
346
346
343
345
342
347
346
345
347
349
348
346
347
344
347
347
348
347
353
349
349
349
348
348
348
350
349
352
346
347
350
350
351
348
347
345
350
351
351
351
354
350
352
346
347
347
349
347
345
349
345
345
344
346
343
344
348
344
344
345
347
347
348
345
347
345
346
351
347
350
349
343
344
338
346
341
342
341
340
338
337
339
335
338
337
335
336
334
338
333
337
335
338
334
336
331
333
335
335
334
337
333
333
332
329
335
334
334
336
334
335
333
334
336
336
338
340
334
336
333
340
336
339
337
334
336
332
335
333
334
336
332
332
330
332
332
333
333
331
330
330
331
330
331
332
336
329
331
331
334
333
334
336
331
330
329
333
331
331
333
331
328
329
333
333
333
335
331
330
330
334
332
335
336
333
331
331
335
335
336
336
333
333
333
334
336
335
337
337
332
334
331
338
334
337
335
335
333
329
338
333
336
336
330
331
328
336
332
334
333
332
331
327
336
330
334
332
330
330
326
334
330
333
331
330
329
327
332
329
330
331
326
329
325
332
329
329
331
325
326
327
329
328
329
330
326
326
326
328
328
330
326
326
325
326
327
330
330
326
325
326
327
328
327
325
326
327
325
322
325
321
326
326
324
326
324
323
325
327
326
324
328
325
324
327
329
326
326
328
330
327
327
326
329
326
327
331
327
327
325
330
328
330
331
327
326
325
331
327
328
329
322
324
325
325
325
327
325
325
322
321
322
323
326
324
321
323
322
322
324
325
322
323
326
320
324
324
322
324
321
327
323
323
322
326
325
323
328
323
319
324
323
324
324
324
319
321
321
323
324
324
324
323
320
321
325
325
324
322
324
322
323
325
326
324
321
321
324
325
324
325
323
320
321
324
322
323
321
322
322
322
322
322
323
325
322
322
319
326
322
325
324
320
320
321
322
321
323
323
321
321
320
318
322
322
320
321
322
320
320
322
323
322
322
325
320
321
320
324
324
325
326
323
320
323
324
324
324
326
323
323
323
323
322
323
324
324
322
326
320
324
321
326
323
326
328
325
323
326
325
326
327
327
327
321
324
325
324
326
326
323
322
326
322
326
326
328
325
324
329
323
327
325
324
324
326
328
326
323
326
325
326
327
328
325
325
327
325
328
323
324
326
326
326
326
326
323
327
325
325
323
324
327
327
324
322
322
323
323
325
326
321
323
323
323
326
326
325
324
326
324
326
327
327
326
325
328
323
327
326
324
327
325
328
326
325
325
326
326
326
328
325
326
325
325
325
327
328
327
321
325
325
326
326
327
324
323
324
328
322
326
325
327
324
325
325
323
324
322
327
324
324
322
323
323
321
324
323
325
328
326
330
328
328
326
326
327
328
329
328
330
329
327
326
328
328
329
327
327
327
329
326
326
324
324
323
324
323
325
323
324
325
321
321
320
320
320
320
320
322
324
321
320
320
321
322
322
324
324
324
324
321
321
322
322
321
322
322
323
325
327
326
324
325
327
326
329
328
327
332
331
332
332
331
328
329
331
333
337
341
341
343
342
341
342
341
342
340
343
344
341
340
341
342
342
343
341
342
344
344
340
340
340
343
347
350
351
351
354
354
352
348
349
347
349
348
347
346
347
348
347
344
343
344
348
354
358
364
363
363
362
362
360
355
354
354
354
357
360
362
363
362
361
362
365
368
374
376
375
376
375
372
367
368
369
371
372
370
369
370
370
371
371
375
382
383
382
381
378
379
379
380
381
382
381
379
377
374
374
374
375
376
379
378
377
375
372
372
372
373
375
376
375
375
374
371
371
370
367
368
368
368
368
369
369
368
367
367
365
364
361
362
364
370
375
379
382
384
381
379
376
376
376
378
379
382
382
382
382
380
376
374
375
379
385
392
391
390
389
387
388
389
390
394
393
392
393
389
386
382
381
379
382
388
390
391
390
388
392
396
401
405
406
407
404
400
397
396
395
396
396
396
396
394
390
390
391
390
393
396
395
394
395
392
389
387
386
387
390
394
396
396
396
394
390
391
390
391
392
393
392
389
387
387
386
387
387
387
387
386
384
383
383
384
385
384
384
385
384
383
386
387
390
391
391
391
391
389
388
387
386
383
380
380
378
376
376
374
375
377
377
377
376
374
376
377
380
383
386
386
385
384
385
386
389
393
394
394
395
394
391
390
390
390
391
393
393
391
390
390
389
391
394
396
397
398
396
399
399
401
403
399
397
403
410
421
424
421
418
414
414
412
411
409
407
404
402
401
401
402
403
402
399
398
397
394
389
388
390
396
402
403
402
399
404
409
418
423
421
417
412
408
407
404
404
402
401
400
400
399
397
396
394
394
396
402
404
404
403
402
401
398
395
392
391
393
398
398
402
402
400
398
396
396
396
396
396
395
393
392
391
389
388
386
383
383
382
384
387
386
388
387
386
384
385
387
389
384
385
385
385
387
388
387
389
390
390
388
386
386
388
393
396
396
395
393
395
395
397
400
400
400
401
399
398
396
392
390
389
389
391
391
390
388
387
386
385
383
381
382
386
396
406
414
415
406
403
400
400
399
401
400
398
397
394
392
389
387
387
385
384
382
381
379
377
376
374
373
375
379
390
413
437
429
412
406
409
414
426
425
412
417
421
428
435
422
416
413
415
413
405
403
401
401
403
402
399
394
392
390
385
382
377
378
378
376
374
376
374
372
367
365
366
361
361
364
362
365
362
363
363
360
363
368
367
366
368
365
368
364
367
367
364
364
365
366
365
367
370
368
368
366
370
368
367
369
367
367
366
365
366
362
364
370
367
368
368
367
373
368
369
373
369
370
369
369
371
371
373
372
371
370
370
368
366
367
367
370
366
365
368
367
366
371
370
375
369
372
373
371
371
376
372
372
372
371
375
369
371
372
369
372
369
367
368
364
369
366
365
364
363
364
364
366
367
364
364
363
365
364
363
370
369
368
367
367
367
363
364
365
361
359
359
363
359
358
356
358
358
361
361
359
362
360
361
367
363
362
364
362
363
361
359
358
359
361
354
357
356
355
356
355
356
356
354
357
355
356
359
354
356
360
356
358
356
361
360
357
356
357
357
357
356
356
354
354
354
354
354
356
355
355
357
354
356
353
357
357
354
354
356
358
356
357
359
355
354
355
357
356
357
355
355
354
352
354
352
353
352
353
354
354
354
356
354
355
356
356
354
356
356
356
356
357
359
357
356
357
358
356
358
360
355
354
354
357
355
358
354
357
356
355
355
367
365
365
363
362
361
364
360
363
362
361
361
360
361
362
364
362
358
359
358
355
356
357
354
350
353
351
353
355
356
354
354
354
354
359
357
362
359
356
358
359
358
360
362
353
352
349
354
351
349
346
345
344
343
346
342
341
344
342
342
339
339
340
342
345
342
341
343
338
343
339
340
339
337
339
338
336
336
336
335
335
335
338
338
333
336
335
336
338
340
336
334
332
335
333
333
336
329
332
331
331
332
331
331
331
328
330
329
329
328
333
325
329
326
329
327
327
332
323
326
325
328
324
329
330
321
327
326
327
326
327
327
325
320
324
323
325
326
324
323
324
326
325
330
327
326
325
329
328
331
332
328
325
329
329
331
330
331
327
326
328
326
326
326
327
330
324
325
326
328
323
325
326
325
324
328
328
324
324
329
325
329
328
329
327
324
329
327
327
328
329
327
328
327
323
326
327
330
325
325
329
326
330
329
330
330
328
330
329
331
333
329
331
331
330
327
329
329
326
327
322
328
323
325
324
323
323
322
323
320
320
320
322
324
320
321
317
320
319
322
323
319
319
319
318
322
322
320
318
321
320
318
320
319
318
317
319
317
317
317
316
315
315
316
314
316
315
313
316
317
315
318
316
318
316
315
317
318
321
316
319
319
318
320
321
321
317
321
318
319
321
321
319
317
318
317
319
321
317
318
316
317
318
321
317
316
318
316
317
319
315
314
315
316
313
314
315
313
315
317
313
314
314
313
315
318
313
313
314
313
315
315
314
313
308
314
312
314
315
312
313
313
312
314
313
313
312
312
313
312
313
313
312
312
317
313
312
313
312
310
313
315
312
311
314
311
313
313
313
313
313
316
312
312
314
311
315
315
315
313
312
314
311
315
315
314
313
314
317
314
312
318
311
318
317
315
315
312
314
312
317
313
318
314
312
313
314
316
316
314
313
317
315
318
313
315
312
316
316
313
316
314
313
314
316
312
314
313
311
313
313
313
313
310
312
310
313
310
309
308
311
310
309
309
310
305
309
305
309
310
306
304
309
306
310
303
310
303
309
309
307
306
303
306
308
308
305
303
307
307
311
305
307
309
305
310
309
307
306
308
310
307
304
310
305
309
307
306
306
303
303
306
308
304
301
310
302
307
303
305
305
304
307
307
304
306
301
307
309
303
306
301
305
309
303
307
305
305
308
304
308
302
311
306
306
304
303
303
307
308
305
302
303
305
308
307
303
306
302
306
307
304
303
306
304
306
302
304
304
306
304
304
303
301
301
304
306
302
300
307
303
303
303
302
302
305
306
302
300
302
303
305
304
302
302
306
302
302
304
303
303
306
302
301
303
300
306
305
303
304
301
302
306
303
304
302
306
304
303
303
300
302
302
304
304
299
303
300
300
302
299
303
303
303
303
300
300
304
306
301
300
305
301
304
303
302
301
304
301
302
302
302
299
308
300
300
302
301
301
302
301
299
299
301
301
302
300
298
301
299
301
304
299
299
301
303
301
301
300
300
302
301
297
300
299
302
300
303
300
298
298
301
301
301
297
299
303
299
301
298
301
302
298
300
297
299
299
302
300
300
298
299
299
303
299
297
301
300
301
297
300
297
301
301
302
301
298
300
302
296
302
299
301
300
300
300
298
302
298
301
303
299
298
302
302
301
299
300
299
300
300
300
300
297
297
300
302
298
298
303
299
300
299
299
299
301
300
298
297
302
300
303
299
299
300
302
300
302
297
299
298
301
303
297
300
300
298
303
302
301
299
305
299
299
300
299
297
303
301
298
297
298
298
300
298
297
300
299
299
298
300
299
299
298
298
294
295
299
299
298
294
297
295
298
296
295
297
293
293
296
296
294
294
294
295
294
295
294
294
295
291
294
293
292
293
294
293
291
289
295
293
292
291
293
293
289
292
290
290
295
290
293
289
291
295
291
288
296
291
290
292
291
291
295
292
288
291
289
293
294
289
293
288
294
292
291
290
292
289
292
290
292
292
291
290
289
291
293
292
291
291
290
294
290
294
288
295
288
292
291
293
291
293
289
292
288
291
295
289
291
290
295
293
293
290
292
292
295
288
291
290
292
295
290
292
290
294
292
292
294
289
294
292
288
295
287
296
292
290
293
291
292
291
292
291
294
292
292
288
291
290
296
288
289
291
292
290
293
288
294
292
289
290
291
290
295
292
290
291
289
295
288
291
290
293
291
287
290
289
290
293
288
288
290
292
290
289
291
291
291
290
286
289
289
294
287
287
288
582
297
287
288
450
614
320
288
291
289
289
287
290
285
288
289
290
289
287
285
289
292
287
284
289
286
290
289
288
287
290
285
290
285
289
288
289
287
286
287
290
288
288
285
285
289
287
287
288
287
290
287
287
288
288
283
291
284
288
287
288
285
286
286
288
290
283
288
283
290
287
284
287
284
287
286
285
287
288
283
288
283
287
287
286
286
285
285
290
283
286
286
288
288
285
285
289
286
287
284
287
286
287
285
283
285
285
288
286
285
285
286
286
285
289
285
284
288
284
288
287
287
282
286
286
286
287
283
287
283
289
286
284
287
287
286
288
285
286
286
284
285
282
289
285
286
286
284
287
287
285
287
288
283
287
283
286
289
286
284
282
282
289
286
285
286
283
287
285
285
290
284
284
286
287
287
284
287
282
285
284
287
286
287
284
286
284
287
286
284
285
283
286
286
287
283
283
285
286
282
289
284
287
283
283
285
284
286
287
284
286
280
287
284
288
284
281
287
285
285
285
284
283
285
284
286
286
282
287
282
284
287
282
285
286
283
285
284
283
288
280
284
284
283
287
281
286
282
284
285
286
284
283
283
288
283
284
283
283
284
285
284
289
558
288
282
284
284
285
282
282
285
284
281
287
284
283
285
284
285
285
281
283
281
288
281
284
280
281
285
285
282
284
280
286
282
285
284
284
279
286
280
288
283
288
279
287
279
284
283
282
285
285
279
286
281
287
284
280
281
284
283
287
281
286
279
286
284
282
283
282
281
286
280
288
280
281
282
283
287
285
278
284
279
287
283
280
280
283
283
282
275
284
288
279
285
280
281
286
280
284
276
287
283
282
283
280
282
284
280
288
280
280
284
283
286
281
282
281
284
286
280
281
281
284
284
283
279
280
284
284
284
282
280
284
282
282
284
285
283
284
281
288
280
283
282
285
285
282
281
280
281
286
282
283
279
284
283
280
282
279
285
283
280
282
280
285
282
280
282
284
281
283
284
282
283
283
279
286
281
282
283
282
285
279
281
278
280
287
276
283
279
287
281
278
279
280
286
279
279
280
283
283
279
276
279
283
281
280
278
276
281
282
281
280
278
282
278
280
279
280
281
279
281
279
281
281
278
282
278
279
282
278
285
277
278
282
279
283
279
280
277
281
285
277
277
279
280
282
279
277
274
282
279
278
280
279
282
277
281
278
279
281
277
283
280
277
280
280
285
274
279
275
284
281
277
277
276
285
277
279
275
276
280
279
276
279
277
281
276
281
276
278
279
278
282
279
276
280
279
283
275
281
276
285
275
278
275
276
283
273
279
275
284
278
277
279
276
285
274
276
277
280
282
276
279
277
278
276
283
280
275
277
285
277
277
276
277
281
276
281
278
278
273
290
275
278
277
277
282
280
281
277
275
281
284
278
279
276
277
284
282
278
279
277
280
284
280
279
280
276
285
285
279
281
280
281
283
282
281
280
279
284
285
281
283
280
280
283
287
284
283
280
283
287
283
285
281
282
286
290
285
285
281
283
286
287
287
284
285
282
288
287
284
287
283
285
287
283
288
290
284
286
281
283
288
289
286
286
284
287
289
291
287
286
283
287
289
290
287
288
286
290
293
290
286
289
288
295
289
288
289
290
291
294
296
291
291
289
296
297
296
292
293
293
300
291
298
298
296
294
294
298
300
299
298
297
296
303
299
306
302
300
299
303
305
305
305
300
302
303
308
305
309
311
309
310
306
309
311
313
312
311
309
313
313
314
314
311
311
318
313
315
312
314
316
313
313
314
316
313
314
313
315
313
316
317
315
313
312
316
314
315
313
313
317
313
316
313
312
316
317
318
318
316
317
323
325
324
323
317
329
326
326
322
320
326
328
326
322
323
324
327
327
329
329
330
332
329
326
322
329
334
332
330
328
327
333
330
334
334
336
333
330
330
337
336
335
331
331
335
337
339
338
335
336
337
341
342
344
340
340
342
345
346
344
342
341
347
346
347
347
343
343
351
350
350
347
346
352
354
352
351
344
356
354
346
346
354
355
354
354
349
349
354
355
354
354
352
350
357
357
357
354
352
358
359
358
358
353
354
357
359
360
360
356
354
359
358
363
366
360
354
360
365
366
360
356
354
359
360
355
354
354
355
362
355
350
365
363
360
359
356
359
361
361
357
359
356
361
355
356
360
360
361
366
361
358
357
363
362
362
359
362
361
364
366
367
363
366
366
368
368
370
372
370
366
365
367
369
373
370
367
367
372
374
372
366
364
372
372
374
372
373
368
368
368
373
375
371
367
359
369
370
375
376
378
377
373
372
377
379
377
378
374
370
374
374
375
376
378
369
376
375
379
381
383
385
386
386
379
378
381
384
385
386
385
382
382
386
389
389
390
381
387
390
393
394
386
390
394
396
398
396
390
396
398
402
399
396
396
399
402
399
396
394
393
395
404
399
399
394
393
395
390
401
400
400
395
394
396
396
398
403
400
398
390
395
398
398
397
393
392
395
395
396
388
392
397
398
397
390
396
399
400
398
396
398
401
401
402
402
402
394
398
399
401
400
394
397
400
402
402
401
400
396
395
399
400
399
399
399
401
400
403
401
399
404
404
410
406
406
405
405
405
407
406
407
407
406
407
406
401
404
404
406
406
405
406
402
397
404
402
401
404
402
396
399
404
402
402
406
409
401
397
407
403
410
405
400
392
405
405
398
398
397
394
394
396
394
392
393
395
397
401
396
397
401
397
402
405
403
399
402
406
404
407
407
409
410
408
402
401
406
407
405
407
408
406
409
411
410
408
409
412
413
413
411
409
413
419
422
413
409
420
417
416
419
420
414
405
416
415
418
414
405
416
419
417
409
410
409
414
414
410
414
410
406
407
409
410
411
408
410
412
416
416
418
413
415
418
419
420
416
417
421
420
420
417
416
423
421
419
419
422
422
424
420
421
424
423
425
423
422
421
425
424
423
423
426
426
427
423
416
428
435
425
423
424
420
418
417
417
413
413
420
420
420
418
419
425
420
420
423
425
430
430
433
428
424
423
432
431
429
434
426
420
431
431
428
425
422
425
426
423
416
427
419
414
413
423
422
421
415
415
414
416
424
418
423
425
425
419
418
416
426
420
417
415
416
421
417
420
418
419
415
413
422
417
422
419
418
420
420
425
423
424
421
423
432
427
430
427
430
433
433
433
431
432
436
434
435
432
434
438
437
437
439
440
439
441
438
441
440
441
439
438
438
439
438
437
436
436
437
434
434
433
434
433
430
433
432
432
434
431
436
435
434
435
435
438
436
438
437
438
436
438
438
437
438
438
439
439
437
438
435
434
432
433
434
435
435
436
435
436
439
436
438
436
438
439
438
441
442
445
443
442
443
445
443
442
441
441
442
441
440
437
440
438
436
433
436
435
436
437
438
437
438
440
441
439
440
438
441
441
440
439
439
437
437
436
437
433
437
437
434
438
438
437
438
440
440
439
440
439
438
439
441
440
441
443
441
443
438
444
437
438
439
437
438
434
438
438
438
438
438
436
438
441
438
440
438
441
442
441
441
439
440
445
441
443
439
446
449
443
447
445
450
447
446
444
445
448
446
444
444
447
448
444
445
444
446
444
442
440
442
445
442
444
440
444
443
441
445
441
440
437
435
436
434
434
430
426
430
430
432
433
433
435
435
436
435
435
438
436
438
438
434
441
438
443
442
441
444
444
443
445
443
442
433
438
451
442
436
434
432
434
431
430
425
427
428
427
425
424
430
425
426
426
432
431
434
434
435
436
436
436
436
437
438
439
437
440
437
440
438
439
440
441
439
441
444
442
444
441
443
445
445
444
445
442
442
440
441
438
443
441
438
441
440
442
441
443
440
444
445
446
445
443
446
451
450
450
447
451
452
451
452
449
456
451
452
450
454
453
453
454
454
457
454
454
452
455
457
455
458
454
458
456
456
455
454
454
456
453
452
453
451
457
452
450
449
456
452
452
452
454
454
456
456
454
453
457
449
447
449
446
451
448
451
453
454
451
453
454
455
454
457
455
458
459
456
458
455
457
457
455
458
452
456
457
454
454
453
453
455
451
454
451
454
453
453
453
451
455
455
454
454
452
455
456
453
455
452
456
456
455
454
455
455
456
458
455
458
457
454
455
455
452
452
452
453
449
448
445
448
447
451
452
453
456
450
458
454
457
454
450
452
450
449
446
449
444
446
442
449
450
454
453
452
453
456
455
458
456
455
455
455
455
454
455
453
456
455
457
457
455
459
459
458
460
458
460
461
460
461
459
461
461
460
452
455
467
452
455
451
450
445
446
443
444
441
442
445
445
447
445
447
449
449
450
448
450
450
449
449
447
450
450
450
448
450
452
452
452
451
456
454
454
453
456
454
456
452
455
456
455
454
454
455
454
454
458
453
456
457
455
459
455
459
458
459
458
456
460
458
460
457
458
457
452
450
449
449
452
452
452
452
453
454
454
455
453
454
456
451
458
452
453
453
453
454
457
459
456
459
463
465
464
462
460
462
459
460
461
456
458
456
454
453
454
452
451
451
452
458
461
462
461
468
468
471
469
468
473
470
469
466
465
464
466
462
464
458
457
458
457
458
455
453
453
455
452
452
450
448
452
448
450
446
448
452
452
456
452
454
459
459
461
461
459
459
463
461
463
460
460
462
463
463
461
461
463
466
466
470
466
465
471
469
470
471
472
472
468
464
464
454
484
467
471
468
467
470
462
461
454
460
456
460
461
464
461
463
469
472
477
477
476
477
477
476
476
477
476
474
472
471
472
470
470
467
466
471
468
471
467
471
475
475
475
473
474
476
473
474
470
468
470
470
469
469
468
467
467
472
472
477
479
479
480
483
483
486
483
482
482
480
481
481
480
481
485
485
487
484
486
489
487
486
482
480
478
477
475
474
470
472
472
467
465
469
462
465
459
459
464
463
464
461
462
466
465
468
462
464
465
465
465
465
464
464
465
465
468
463
465
470
470
471
468
470
471
470
471
467
467
468
467
468
467
465
460
461
455
465
460
465
466
466
467
471
469
471
468
465
461
460
461
460
461
462
462
460
461
465
463
467
466
466
468
470
469
471
464
462
461
452
479
460
465
464
453
457
454
450
443
443
445
450
461
471
468
485
488
495
498
493
485
482
483
479
479
477
475
470
469
466
466
463
464
459
458
454
451
445
451
448
454
449
449
451
455
457
460
460
458
460
461
461
460
458
457
460
458
459
455
455
459
458
462
463
465
463
464
466
469
469
472
469
471
474
475
474
476
472
475
476
473
473
472
474
478
476
475
473
479
476
478
478
474
481
479
479
476
473
467
467
464
466
466
467
468
471
475
472
474
475
478
479
480
480
479
479
478
477
479
477
477
474
474
471
468
463
466
467
469
471
471
469
477
476
478
478
475
480
479
479
476
476
477
475
476
476
477
478
478
479
481
481
485
487
488
488
486
488
488
487
486
486
484
489
487
491
489
489
491
490
489
490
489
486
486
484
483
483
482
484
484
482
484
482
484
483
481
479
479
478
473
471
469
469
467
469
469
467
469
472
472
476
478
476
481
482
483
484
482
481
477
479
474
474
469
474
473
476
476
478
486
487
492
494
490
496
495
495
495
490
492
489
488
486
483
482
480
478
476
474
474
473
474
477
480
483
485
484
486
489
487
488
484
485
484
483
481
479
481
482
482
483
483
490
492
495
496
496
502
501
503
502
499
499
494
492
489
486
486
486
486
486
488
486
492
492
498
498
498
498
501
497
496
494
492
490
488
486
483
481
479
478
478
476
478
475
477
475
477
478
476
478
478
478
478
478
476
478
476
475
476
471
470
468
457
479
469
474
471
475
476
475
477
481
486
497
508
519
525
528
525
523
524
519
517
515
511
505
501
497
495
493
494
494
490
494
494
497
500
500
500
503
505
505
504
503
501
499
496
494
491
490
488
486
483
479
479
477
479
478
479
479
485
488
494
496
494
497
497
494
493
491
487
486
484
482
482
481
481
485
486
491
494
494
499
502
501
502
497
497
493
490
488
486
484
483
484
484
486
488
487
491
494
496
498
499
499
505
501
501
498
494
491
488
484
482
480
479
479
480
482
487
489
490
491
493
494
495
494
493
493
491
488
487
485
485
484
483
480
479
481
482
486
488
488
493
500
499
501
498
491
492
487
485
484
482
482
482
481
484
484
486
488
486
487
491
490
494
496
495
496
496
493
491
490
486
484
483
482
484
486
481
483
484
488
493
501
508
508
506
509
508
504
501
495
491
486
483
479
479
476
475
471
477
478
485
490
494
497
502
502
501
497
492
488
485
479
477
473
471
471
467
467
469
472
479
486
481
481
487
488
493
494
494
491
488
486
483
483
481
479
477
474
474
474
477
479
481
482
480
479
481
481
482
484
485
483
480
473
477
470
469
467
467
467
468
470
466
471
474
486
500
516
519
519
528
530
531
530
527
523
512
514
506
503
499
493
489
484
480
479
475
475
476
472
475
477
479
484
486
488
488
485
487
485
485
486
481
481
482
481
484
486
482
484
485
484
487
485
483
486
485
488
484
486
482
471
479
477
481
479
476
476
485
487
479
492
485
481
484
482
482
481
479
479
481
481
483
481
482
487
493
498
502
501
499
503
501
502
499
494
491
489
486
484
482
482
479
477
477
477
476
475
476
475
474
470
470
473
474
474
471
469
474
472
473
471
469
470
475
476
479
476
478
484
485
488
484
481
487
484
484
481
479
481
481
483
479
479
483
486
491
493
490
489
497
493
491
486
488
487
488
489
490
485
481
481
479
480
483
484
479
482
484
487
488
482
487
483
482
480
481
477
477
477
479
480
479
478
477
477
475
475
471
471
474
476
478
479
476
478
479
480
481
479
481
484
483
486
482
483
486
487
490
490
487
488
489
489
491
493
494
492
494
497
498
500
500
497
500
497
497
495
491
489
488
487
487
490
488
488
493
494
495
496
492
491
491
489
489
489
485
485
484
484
486
485
482
485
486
488
488
483
483
481
479
479
478
479
479
480
480
481
479
480
475
470
465
467
472
482
504
541
549
565
556
559
555
554
547
542
537
532
526
518
512
511
505
502
498
493
491
488
484
482
484
488
494
494
490
491
495
500
500
498
497
503
502
500
498
496
498
498
498
494
491
494
495
497
495
498
506
510
509
507
508
511
510
508
505
506
505
505
501
497
502
503
503
500
506
508
509
505
504
508
507
507
502
501
499
496
492
492
492
494
493
493
502
504
503
501
501
506
507
509
507
505
503
502
498
496
494
491
490
490
488
490
492
499
506
512
509
513
518
521
523
522
520
517
517
515
514
510
507
508
510
513
514
513
511
515
515
513
510
504
499
498
500
504
505
503
504
506
508
512
516
516
517
516
515
515
516
514
515
511
509
510
513
517
514
514
514
520
522
526
523
521
521
519
516
514
509
503
505
508
515
512
510
508
512
512
512
511
506
502
502
502
502
502
500
498
502
504
509
507
505
507
511
508
506
505
506
507
506
502
501
504
506
510
511
510
505
511
513
515
519
521
519
523
525
524
524
521
516
512
505
503
503
506
506
505
503
509
511
517
516
513
511
515
516
516
515
510
509
508
508
506
504
498
495
495
496
498
498
497
503
507
510
508
507
508
507
503
502
494
492
488
486
481
481
480
477
482
484
488
488
489
501
504
505
502
502
511
509
508
503
500
503
499
496
492
489
490
489
487
485
484
490
493
498
526
536
523
518
522
524
522
518
513
512
512
510
509
507
503
496
495
493
493
498
500
492
495
495
504
510
505
500
496
490
487
482
481
484
489
492
497
496
496
501
503