747
749
721
716
658
679
589
86
668
650
296
319
23
318
341
324
332
336
301
348
310
344
276
375
270
386
242
639
440
189
476
145
531
98
611
616
621
597
119
480
182
394
264
320
339
250
582
458
115
559
584
74
310
194
475
76
285
279
368
191
475
67
577
550
544
270
277
411
141
538
543
127
416
241
299
379
170
514
554
526
530
403
126
519
527
516
356
179
499
534
140
364
516
448
316
256
517
265
245
431
62
523
750
253
424
572
989
479
515
819
154
476
486
482
140
330
495
480
355
127
480
63
658
223
462
515
160
688
568
114
673
160
456
362
114
231
693
487
177
681
49
482
138
322
344
574
467
314
154
453
449
329
155
455
449
486
450
732
205
456
460
473
453
472
203
262
453
475
460
440
489
188
675
521
157
738
374
109
145
752
476
449
443
479
449
365
553
131
313
363
556
132
309
460
456
446
436
251
220
448
397
500
194
261
426
474
433
453
465
214
224
459
459
443
450
459
460
437
916
439
371
347
181
457
501
224
175
456
377
360
162
434
932
438
447
293
169
450
53
679
178
442
915
439
729
146
471
54
698
156
159
281
432
473
441
436
333
129
443
104
331
366
544
815
51
469
164
697
466
188
688
441
459
434
449
264
190
432
53
845
422
68
380
318
131
444
438
445
443
436
453
444
775
117
448
438
344
559
437
344
94
217
251
429
354
561
771
124
449
448
445
434
464
460
435
457
322
134
446
448
454
190
254
457
457
451
447
311
146
451
70
381
461
224
132
101
77
248
147
67
104
229
113
481
336
331
317
339
666
656
389
291
160
438
84
365
318
327
351
338
350
318
355
329
347
319
358
326
354
325
354
458
240
333
353
683
318
353
332
347
307
121
222
669
327
340
316
349
331
109
239
332
357
308
343
330
369
313
354
331
348
335
339
336
346
329
361
337
353
343
337
338
353
340
353
568
124
324
354
345
347
689
325
353
317
361
336
350
326
351
341
348
684
340
351
328
359
319
355
343
349
342
381
174
46
141
180
783
554
167
405
203
144
128
125
120
901
451
438
109
341
892
428
917
878
892
444
427
455
442
425
882
444
442
441
440
442
445
440
438
448
440
441
428
462
858
451
454
435
422
468
443
865
466
415
447
450
441
441
445
444
434
446
441
440
447
424
461
435
428
447
453
433
878
442
438
432
460
1761
427
883
442
436
425
461
414
439
457
422
447
433
451
427
423
460
437
427
432
459
852
875
442
437
444
428
438
440
435
441
425
449
435
421
445
432
438
891
430
856
456
408
436
449
424
432
437
438
435
429
420
448
429
423
872
431
846
448
436
421
876
422
419
444
439
840
871
419
432
445
423
426
418
451
833
442
441
421
411
444
447
840
445
437
418
410
436
429
440
412
421
447
423
833
442
414
429
424
413
442
419
421
408
441
440
827
442
422
427
427
434
415
435
434
438
423
416
449
422
438
426
444
435
432
420
451
425
430
881
427
787
61
456
414
436
430
446
430
431
414
451
431
420
409
447
440
407
421
445
419
429
427
144
284
432
425
408
440
432
417
410
427
434
433
412
434
438
415
838
446
165
673
437
427
433
424
417
445
847
425
445
423
836
446
413
434
423
440
425
424
410
443
436
845
416
444
428
415
867
423
432
413
450
408
437
415
455
427
422
417
452
417
435
863
435
429
413
879
854
432
429
435
429
441
430
409
438
198
244
418
431
438
162
265
423
438
195
239
426
414
449
401
438
442
420
173
258
865
424
427
414
448
424
417
432
431
427
423
416
446
405
435
430
425
432
415
876
487
355
432
430
432
429
438
433
431
410
442
437
422
427
447
421
858
447
400
436
444
437
422
850
441
425
414
448
432
1282
435
423
408
445
430
417
854
154
276
402
425
437
437
398
438
410
443
419
416
850
426
1257
422
423
417
416
438
403
431
423
427
428
417
406
865
418
420
403
435
431
411
843
433
402
421
432
435
415
410
417
438
432
412
848
432
422
410
853
423
401
426
434
416
842
411
432
424
414
836
436
393
427
431
418
419
420
409
437
414
409
825
436
416
406
846
419
814
434
424
409
415
403
853
404
848
420
397
415
434
413
420
415
409
434
421
408
821
432
417
407
402
425
433
393
424
420
419
415
411
398
421
425
396
826
848
402
420
395
434
416
407
813
436
395
417
418
405
432
412
819
835
405
397
423
428
420
410
398
427
419
421
412
401
429
426
410
417
405
433
404
425
412
421
426
387
422
843
175
249
412
400
437
394
423
843
413
803
431
407
412
416
402
429
416
404
404
408
431
389
421
415
407
425
405
405
813
425
411
401
809
426
395
413
411
406
426
385
416
399
414
422
402
384
824
819
402
404
398
425
393
403
412
409
403
402
824
408
423
408
401
402
414
427
403
410
413
410
404
417
412
403
415
432
389
424
417
415
422
406
817
428
419
412
404
417
423
409
401
413
430
419
403
820
432
389
427
835
411
411
400
433
412
411
424
409
436
179
236
407
844
421
399
418
426
430
410
403
412
434
409
404
841
430
415
410
407
436
418
400
418
438
423
412
845
420
424
405
431
432
412
833
438
400
853
427
422
415
412
438
159
258
409
425
427
417
415
435
415
416
423
427
162
261
411
416
437
419
411
412
438
427
412
834
437
826
850
417
422
401
856
418
411
402
438
413
421
419
412
414
418
420
846
428
415
412
852
422
407
414
435
433
829
408
438
419
409
847
426
396
421
434
420
421
417
405
438
421
408
412
436
410
426
152
248
853
413
411
404
434
411
418
415
396
429
423
404
401
433
414
421
392
857
393
430
415
435
411
411
428
420
837
426
435
420
407
865
416
831
445
395
426
437
419
424
410
437
846
405
428
439
394
430
435
419
423
398
439
423
409
828
439
419
416
414
438
430
823
442
424
426
422
413
443
413
430
429
432
425
424
400
318
124
434
402
435
430
431
417
409
863
427
411
416
423
433
423
418
405
857
412
416
848
401
1259
433
413
409
841
426
817
425
425
411
421
395
429
411
422
413
393
436
424
398
423
395
428
428
408
399
410
434
425
401
407
409
433
397
419
411
410
424
409
401
813
434
390
423
407
402
428
393
140
1082
432
400
412
404
406
429
399
418
405
410
419
415
416
402
412
432
401
421
832
429
390
430
845
418
391
424
841
413
415
163
239
405
433
822
403
826
168
250
401
406
822
403
421
400
813
431
390
418
410
409
426
407
402
813
426
412
401
387
422
430
393
73
751
406
424
407
810
401
425
416
398
802
427
410
395
403
405
438
146
264
807
414
426
396
402
418
420
423
382
428
837
417
807
420
428
406
400
405
435
423
403
815
431
412
411
822
425
803
426
410
413
410
396
428
405
414
160
250
395
594
259
459
357
398
838
417
811
411
422
411
411
396
427
415
409
411
395
423
424
408
402
403
427
410
409
413
390
421
424
142
259
419
145
247
423
421
407
417
167
226
848
415
808
470
375
400
70
754
849
414
407
398
434
421
409
410
403
434
420
401
362
55
407
434
402
420
398
435
425
144
673
412
428
415
417
164
237
414
428
413
811
429
415
418
409
403
429
416
415
416
403
432
421
823
404
438
420
393
430
413
429
159
254
408
404
438
418
812
844
151
263
417
120
273
850
395
427
397
852
407
419
403
443
429
832
410
439
425
409
997
273
414
402
436
417
417
409
424
434
408
424
844
422
405
409
433
414
421
412
396
427
434
405
750
65
432
155
262
403
823
323
99
419
133
261
430
424
406
823
431
421
408
845
295
126
407
408
438
424
411
825
436
414
403
434
427
827
406
440
415
831
164
268
837
150
248
438
425
409
413
407
433
427
408
396
427
430
422
408
844
835
400
849
415
809
434
415
165
241
421
400
429
423
404
739
74
434
396
821
72
356
178
241
415
163
242
847
291
126
409
405
437
412
1263
423
138
279
404
432
425
413
419
417
439
160
250
413
422
436
421
416
410
443
427
416
397
438
441
158
679
418
436
428
146
276
412
856
307
115
558
261
54
288
90
424
166
249
418
401
438
421
401
421
408
431
417
406
818
385
456
416
412
402
847
388
424
349
52
430
416
402
398
413
426
412
405
815
434
137
251
426
416
407
426
153
256
406
825
429
394
823
119
301
431
413
94
311
820
426
424
93
1009
552
409
239
229
765
431
396
417
409
428
418
407
399
433
414
416
412
397
434
415
416
412
305
94
427
408
833
142
544
565
150
668
394
691
154
413
387
419
840
413
567
233
570
274
827
452
372
423
807
416
435
408
406
415
432
418
416
396
434
417
403
424
403
432
429
392
434
131
272
259
181
420
824
412
431
156
257
406
183
664
171
235
427
396
432
424
455
359
399
425
424
139
677
403
832
338
72
809
307
64
451
416
150
297
754
154
685
404
401
748
50
428
152
263
395
397
399
435
405
412
399
396
832
413
401
389
412
413
426
403
450
355
404
427
407
804
404
422
409
400
395
403
430
414
263
139
398
401
298
533
413
463
341
408
97
304
426
409
447
362
161
230
842
308
99
796
413
74
339
418
407
400
400
401
423
408
412
407
387
490
343
412
404
405
804
364
62
395
400
421
145
676
416
304
100
451
745
417
386
440
158
251
413
383
344
502
406
572
231
827
342
67
385
419
409
396
427
408
806
130
256
281
141
412
303
105
797
816
405
403
410
408
146
241
420
417
153
257
403
397
409
399
415
412
414
405
153
239
468
361
340
81
803
413
83
320
61
362
409
807
360
877
400
400
399
409
426
412
448
354
409
67
346
416
402
402
411
95
304
426
411
809
149
237
424
417
814
396
823
406
409
169
224
471
343
419
273
137
398
354
449
423
416
140
126
132
799
403
72
343
418
403
389
415
384
431
404
55
499
260
175
228
401
69
346
416
410
400
751
50
261
327
240
414
408
402
426
411
415
402
402
465
216
151
154
405
256
399
485
334
371
189
271
396
410
389
429
415
242
907
37
434
401
405
405
150
241
702
123
413
790
151
260
401
367
49
405
398
359
439
425
154
259
264
135
397
395
463
369
409
396
164
241
469
359
809
67
341
419
412
428
407
397
418
406
428
413
406
811
427
409
411
410
363
466
421
404
402
400
845
302
102
805
406
411
421
350
45
399
57
345
344
70
422
176
229
399
795
427
403
554
253
396
813
414
157
245
1104
100
363
51
405
400
395
402
421
406
809
392
419
406
301
104
799
401
410
360
57
158
646
802
427
390
405
160
248
396
426
404
161
84
668
288
420
413
97
295
553
680
165
248
278
123
560
239
830
405
147
264
167
229
704
105
431
386
827
133
265
428
415
809
144
682
415
447
365
400
831
310
104
386
73
346
481
336
419
414
242
154
402
403
414
422
406
801
402
409
415
163
243
396
800
577
246
400
401
391
427
408
401
392
165
234
458
367
405
401
187
210
342
462
362
63
393
408
405
392
425
404
811
157
239
807
422
404
399
395
398
429
394
411
401
157
235
410
411
411
146
250
396
802
422
400
405
408
155
234
702
112
419
385
413
406
405
416
407
398
398
394
426
404
811
158
234
686
145
151
258
125
278
401
821
817
400
812
383
439
415
414
400
430
416
233
165
805
427
415
412
411
138
255
428
260
155
291
119
807
833
407
404
163
240
410
300
113
324
101
152
243
409
499
318
428
395
417
809
426
403
411
412
394
431
410
159
251
406
396
1244
817
401
416
372
51
411
399
409
401
426
415
274
124
803
838
309
99
382
424
407
418
410
391
408
415
60
357
409
409
169
229
833
317
96
388
415
414
415
418
157
252
405
809
379
50
398
826
129
268
437
421
253
154
408
405
425
419
827
159
237
429
424
408
409
396
433
410
407
416
103
304
425
402
406
426
139
266
437
411
409
411
411
427
413
229
596
417
423
408
416
836
412
159
265
155
249
420
426
289
114
420
151
242
424
430
410
809
425
424
407
409
398
429
424
405
408
397
437
408
416
413
130
688
426
406
397
408
434
407
414
403
402
463
376
413
405
397
415
415
175
241
388
413
405
337
454
447
414
407
141
249
432
417
281
122
400
401
831
411
405
201
200
467
339
426
146
251
803
398
422
412
278
125
563
236
467
364
805
399
803
416
413
395
401
391
425
406
405
400
395
408
409
415
403
397
394
149
248
61
365
412
275
120
383
417
466
341
417
400
398
788
169
249
405
403
123
276
177
218
802
418
396
404
402
390
469
345
410
396
392
64
661
492
393
401
408
143
240
465
357
403
400
208
187
797
418
152
258
396
394
397
406
277
139
318
87
790
730
75
415
396
74
336
401
119
237
458
413
257
137
402
396
416
408
415
396
800
80
234
98
1209
417
402
423
404
807
139
247
844
404
385
413
457
372
408
406
398
477
348
417
145
1063
160
257
415
410
400
760
48
428
398
415
409
140
249
433
408
399
408
394
430
416
403
801
409
423
406
127
277
505
299
66
351
800
412
812
427
164
223
415
397
345
61
424
395
415
403
396
424
408
405
404
393
426
399
419
400
399
823
420
148
647
404
87
325
423
173
235
404
406
124
269
429
419
266
134
403
406
411
428
536
278
399
712
107
358
61
163
646
510
309
421
413
254
149
404
396
430
400
414
406
137
255
426
423
132
272
803
676
156
819
399
483
817
345
407
825
424
156
238
415
411
408
427
407
1215
417
428
403
807
415
423
398
419
397
832
413
354
448
416
258
151
395
420
404
401
414
416
410
400
807
427