1247
1239
1139
1003
1098
1276
1266
1145
984
1096
1279
1240
1081
1027
1229
1243
1166
1030
1041
1199
1211
1152
1040
1089
1228
1216
1123
1033
1083
1236
1274
1175
1064
1195
1217
1189
1077
1017
1165
1238
1189
1066
1085
1215
1264
1129
1024
1122
1197
1193
1085
979
1095
1238
1132
1047
1108
1247
1136
1037
1143
1217
1154
1078
1126
1222
1197
1085
1012
1127
1229
1214
1131
1009
1062
1217
1216
1104
1034
1128
1228
1129
1047
1121
1209
1184
1110
1049
1146
1255
1187
1143
1067
1156
1240
1242
1214
1185
1225
1245
1239
1227
1266
1251