919
1013
973
804
706
371
329
333
325
332
340
645
636
634
65
558
441
179
146
468
202
333
79
255
345
329
290
383
217
107
340
146
189
405
599
352
240
93
343
1002
306
586
443
115
537
595
80
1028
569
432
686
546
130
680
278
413
134
553
540
1069
64
364
335
288
376
162
188
340
334
684
1040
304
229
447
572
561
253
202
488
327
194
498
341
157
505
711
283
60
352
347
345
690
201
488
688
285
396
602
474
502
482
495
85
435
65
865
75
409
93
410
965
478
484
488
970
476
1540
859
306
673
616
80
333
456
242
181
96
359
255
115
75
133
82
81
190
174
188
65
269
82
262
64
254
115
624
186
145
308
102
228
377
169
67
79
81
132
1073
2993
925
462
927
1386
447
929
454
921
456
454
460
456
460
452
454
505
1305
918
438
913
438
905
1789
441
906
438
904
438
901
437
1781
462
885
897
445
887
446
436
451
441
440
899
437
896
444
1767
430
458
438
429
453
447
438
892
429
892
433
886
445
1324
860
454
1753
438
437
883
438
423
449
449
432
891
435
1328
855
463
867
446
870
442
438
432
438
873
438
1305
865
443
429
887
429
885
438
434
887
431
1319
876
437
427
881
431
432
875
857
889
873
865
442
436
868
433
433
451
429
430
885
854
443
1733
436
430
880
1748
868
449
438
437
2190
869
438
448
438
436
880
434
430
887
428
434
443
440
1305
856
438
441
1735
421
873
859
436
439
851
419
451
427
417
437
441
420
857
443
844
438
433
424
431
863
427
414
441
434
420
1297
849
436
434
430
431
418
441
440
425
426
438
441
424
433
440
860
435
423
451
431
870
434
445
431
896
868
456
891
443
456
439
438
433
895
431
448
450
431
893
437
439
889
863
445
875
436
2187
439
439
438
446
440
439
882
436
431
438
453
429
435
448
439
1317
869
442
882
443
446
435
438
442
439
438
880
439
433
891
432
437
450
446
431
893
870
451
877
444
448
438
440
439
441
444
884
433
429
1311
438
433
447
430
416
459
865
441
442
428
435
874
430
427
430
445
425
432
417
452
1288
442
854
430
445
428
421
457
862
433
444
427
1305
429
423
444
437
427
432
422
442
428
420
429
444
424
426
418
449
848
434
432
427
421
415
436
433
421
422
851
428
422
424
407
446
428
413
1697
418
421
422
437
409
410
443
429
415
425
419
431
426
416
434
436
418
856
433
834
442
428
431
427
415
441
434
419
429
436
431
421
419
453
834
454
415
420
452
846
434
435
430
424
856
430
412
426
425
429
830
433
427
417
422
405
442
420
409
424
430
422
417
405
434
421
412
419
405
434
421
406
413
411
433
400
419
415
413
426
411
406
834
421
399
415
421
418
411
411
406
844
409
405
404
432
420
410
415
404
429
419
405
413
1248
410
419
425
75
134
620
407
432
422
412
412
406
440
411
415
417
407
434
404
410
423
421
415
414
403
429
420
408
414
403
438
407
421
419
425
419
410
401
423
427
404
413
404
430
414
1660
408
825
414
418
413
395
430
417
400
413
404
428
399
411
417
405
420
408
403
404
405
427
398
414
412
403
424
406
402
403
419
424
403
415
414
409
423
411
407
418
418
419
410
405
835
415
806
416
411
414
407
402
406
404
427
395
411
410
392
428
410
400
396
396
420
417
406
798
411
406
410
399
403
402
398
419
805
403
395
807
413
389
408
404
394
410
409
406
792
410
401
413
409
393
395
1222
410
795
406
396
418
407
395
406
396
423
402
409
404
390
415
422
402
400
396
421
401
412
799
411
405
417
406
397
803
424
406
396
414
391
421
411
402
794
410
406
418
402
1196
414
421
396
800
416
408
403
405
396
400
399
423
398
392
413
389
419
410
398
391
399
405
401
408
399
398
400
378
415
414
402
779
412
396
415
406
396
395
385
819
404
780
407
388
416
406
393
787
400
397
407
402
386
785
406
400
400
391
391
397
801
397
146
245
398
401
380
404
388
1193
392
388
389
383
404
397
397
394
383
777
398
385
403
396
387
764
398
380
406
396
389
1166
378
402
401
394
769
395
383
780
405
392
382
403
381
778
405
396
1217
727
405
402
393
773
392
384
402
390
405
397
387
773
400
380
408
395
403
775
395
388
790
405
381
404
396
387
388
396
408
395
393
395
386
394
389
412
397
392
396
389
392
391
409
396
392
396
387
392
800
396
396
394
387
779
401
391
403
393
395
383
785
390
409
398
398
393
391
494
65
217
397
60
337
387
102
319
391
1177
384
417
403
397
780
402
384
417
406
399
781
407
389
417
395
412
146
254
396
402
392
420
405
402
407
396
823
414
800
410
399
417
418
404
798
421
410
403
412
398
411
417
416
802
410
403
412
164
258
405
394
403
409
405
414
410
396
797
821
416
800
405
393
420
402
416
401
808
394
422
416
400
393
408
411
407
414
406
397
397
405
420
408
408
405
400
401
402
424
407
1218
409
413
414
415
401
406
396
430
421
409
808
415
417
413
410
403
408
413
427
399
413
412
396
431
418
405
811
425
416
411
407
410
422
422
416
413
405
418
416
422
415
402
424
424
425
569
256
420
404
435
425
406
420
406
374
459
179
248
817
419
414
430
415
408
411
830
420
403
400
410
425
417
411
408
406
418
413
415
811
414
407
421
410
401
407
403
426
414
405
409
400
417
419
416
409
401
406
428
418
813
419
419
413
416
404
412
425
415
813
416
416
415
410
402
823
423
399
413
412
394
423
418
413
803
414
403
423
416
400
401
404
423
414
412
406
400
406
404
423
409
408
408
400
410
398
431
386
418
406
397
421
417
406
804
408
396
427
417
401
405
395
832
409
403
402
816
429
810
415
411
422
410
404
412
403
440
409
413
418
412
430
422
408
418
849
417
419
422
417
436
420
412
422
418
438
412
423
424
424
423
422
408
420
434
418
405
419
433
421
415
418
406
433
427
411
415
416
435
418
410
417
848
418
410
417
419
438
825
424
417
429
414
415
416
418
433
400
422
428
423
412
420
402
432
426
411
404
410
433
421
412
414
398
430
419
407
409
403
415
418
411
807
413
408
422
413
398
407
828
411
413
402
401
419
414
410
404
406
821
421
409
402
404
409
427
405
824
823
415
412
412
398
431
420
412
406
412
423
416
410
417
404
413
420
423
394
419
415
406
426
417
401
408
400
430
414
408
411
399
419
425
411
399
408
421
416
413
413
402
407
421
415
408
403
407
411
424
404
408
409
397
427
416
398
407
396
422
418
399
811
412
407
420
414
401
404
397
426
417
415
407
401
410
408
424
413
413
408
406
418
410
427
136
679
416
397
173
258
423
409
813
414
419
412
419
405
819
427
404
415
413
400
423
420
409
807
414
404
428
417
403
396
416
418
415
419
408
399
419
401
442
423
411
410
424
415
425
413
419
411
421
422
426
417
412
423
424
428
828
426
420
434
421
414
417
416
437
426
422
418
410
432
429
419
406
426
427
424
423
420
417
415
429
430
825
429
425
432
414
422
414
428
315
121
418
430
423
415
439
432
417
421
424
440
849
428
426
441
425
420
434
433
434
422
419
429
283
158
428
422
416
444
438
421
430
427
446
855
438
444
426
436
427
450
438
422
456
449
428
439
448
440
435
427
459
429
435
453
443
435
446
453
866
442
448
434
418
458
426
434
442
437
427
433
429
438
431
413
439
439
412
432
429
430
417
409
855
418
413
406
427
426
414
409
406
428
418
413
413
401
421
420
409
397
410
421
410
409
407
398
406
418
411
794
408
398
418
407
396
393
402
407
405
405
795
402
391
407
409
411
387
404
402
391
416
407
402
786
409
394
416
406
398
384
406
405
398
409
411
392
392
402
404
402
411
404
392
400
386
420
405
401
403
394
399
403
415
773
420
396
419
409
393
404
395
407
399
417
391
404
403
392
407
409
409
398
396
397
806
405
404
393
801
393
421
408
399
389
405
406
404
412
405
390
403
811
411
400
404
394
398
393
422
396
405
404
396
806
416
395
401
403
395
410
407
412
390
408
404
397
406
818
404
397
401
396
408
408
419
407
801
397
404
415
413
413
401
802
411
407
417
412
397
412
405
418
417
415
392
412
415
418
414
406
406
413
413
423
392
418
417
408
830
407
413
402
427
423
404
410
403
432
417
413
417
402
423
423
418
821
421
420
418
418
408
415
420
431
403
422
421
414
433
424
408
418
410
438
420
839
422
430
429
421
417
414
436
146
278
155
266
425
421
430
421
413
845
431
833
428
431
844
416
443
426
427
431
430
427
428
412
440
432
415
428
429
434
413
418
438
431
417
426
418
436
424
411
417
431
428
401
424
425
424
394
856
425
427
836
407
430
428
415
416
405
440
423
419
416
405
430
429
408
414
413
433
829
418
411
435
418
413
415
842
424
409
421
414
433
426
408
418
844
424
407
413
412
437
404
419
417
408
429
418
402
412
408
431
411
410
413
400
427
417
404
403
403
422
413
409
412
399
818
417
395
409
409
397
424
411
403
803
409
403
422
413
400
401
398
422
414
411
410
394
423
423
826
414
420
426
425
821
424
422
415
419
406
414
425
418
1232
414
417
412
403
408
407
422
406
404
410
398
1224
410
397
400
390
409
401
412
399
395
390
396
411
400
401
413
392
1189
393
409
403
396
779
402
385
400
405
407
387
396
400
391
395
386
414
410
397
397
391
409
402
404
404
395
400
1216
405
794
406
397
414
408
393
792
417
408
403
401
396
400
392
416
404
402
393
399
396
404
414
408
394
1620
405
795
405
400
417
412
396
399
395
420
406
401
404
394
813
411
392
404
406
387
826
402
1188
813
401
399
398
393
407
400
411
398
384
409
396
804
416
395
402
402
400
404
407
416
402
398
404
400
398
148
261
417
399
408
406
394
418
417
404
405
403
820
417
396
404
415
395
424
416
406
809
411
411
421
408
408
408
402
426
414
402
414
396
421
421
411
808
414
412
418
409
401
407
411
421
402
818
404
423
418
401
410
402
407
421
415
796
419
405
416
414
398
403
397
425
409
1215
414
414
147
257
411
400
406
404
425
406
406
407
395
416
419
413
391
411
416
263
146
423
408
405
350
59
404
424
409
407
411
396
425
417
407
392
414
420
414
410
408
405
404
411
425
396
412
412
395
429
417
400
407
395
426
414
409
407
402
405
427
413
395
418
416
412
426
419
406
409
410
434
412
411
421
407
427
423
400
408
410
427
414
412
412
403
828
418
397
413
411
402
422
413
402
807
413
412
410
401
403
406
403
420
394
172
646
406
409
405
420
409
397
408
402
423
417
403
412
401
407
407
420
419
392
417
405
413
415
419
404
818
396
431
418
414
809
417
415
418
417
409
407
405
430
421
408
415
404
417
426
416
816
420
423
419
414
404
412
422
425
817
418
404
427
422
402
407
404
425
415
411
414
402
413
418
418
810
414
396
432
418
408
396
415
424
416
411
412
403
410
424
419
1633
429
422
816
401
433
423
409
407
411
430
427
404
419
409
425
424
415
406
411
417
422
413
830
420
423
426
408
416
415
418
428
415
823
411
432
417
410
413
410
432
423
405
424
415
434
420
407
429
427
436
418
841
433
436
420
415
432
432
423
423
413
434
433
414
420
415
440
418
422
423
420
435
422
412
419
435
430
828
429
426
419
420
407
426
427
407
421
408
434
414
415
419
409
420
429
410
413
410
430
423
390
419
413
430
420
404
406
403
425
418
411
409
400
412
421
414
393
412
414
396
428
414
398
402
402
415
408
415
410
399
403
397
419
413
412
402
401
404
397
424
413
401
406
397
406
408
419
402
408
410
396
419
413
413
805
412
407
423
411
404
808
418
416
412
410
405
404
413
426
415
404
409
402
428
413
410
413
404
414
418
417
396
406
423
411
422
410
404
415
413
424
814
414
410
425
417
404
411
399
434
414
415
412
407
412
829
416
422
813
419
416
426
413
404
409
401
433
412
411
413
403
431
412
402
411
399
431
413
408
414
395
434
418
404
813
414
414
421
410
404
408
399
430
415
407
409
398
420
415
410
804
415
407
418
411
397
396
405
420
409
405
403
399
402
400
421
406
394
406
392
415
406
411
388
477
341
812
409
400
408
396
807
430
404
402
412
404
425
405
407
408
395
419
582
235
410
397
420
418
819
400
404
416
422
399
406
412
403
422
414
398
405
399
425
411
404
410
397
402
411
420
396
406
408
390
421
412
408
796
413
399
420
412
397
399
402
414
406
413
406
398
400
395
420
411
147
254
405
396
403
401
418
405
393
405
394
403
409
410
384
408
404
387
416
410
399
1190
397
419
406
390
388
403
402
398
405
786
405
386
410
395
409
398
390
788
405
396
408
404
388
387
401
405
393
414
403
390
390
398
405
392
411
406
393
389
393
406
395
410
406
393
786
404
402
404
396
392
787
411
399
406
399
391
383
403
404
395
408
406
394
782
402
392
411
404
394
783
404
393
411
401
396
785
401
389
818
395
786
404
395
413
405
398
785
407
396
413
408
396
387
1215
411
405
377
417
387
422
410
403
790
407
398
418
409
394
393
397
410
398
410
405
393
785
403
396
410
400
393
387
394
400
390
410
401
390
762
414
386
406
396
403
394
391
777
396
393
408
397
382
401
388
393
385
413
399
393
398
387
397
383
410
403
402
396
792
389
813
408
791
402
395
400
406
409
392
401
401
393
807
414
393
398
401
395
398
401
412
797
401
398
402
398
414
399
401
401
394
403
396
417
404
395
402
393
397
405
415
390
405
402
392
406
413
404
386
406
403
393
414
408
399
775
419
389
420
408
405
792
407
394
420
412
400
793
406
406
408
1204
396
409
409
411
793
406
394
412
404
412
391
396
413
389
416
412
403
791
405
392
413
406
405
791
404
393
416
408
401
793
406
388
418
407
405
787
404
396
418
408
402
789
408
393
421
407
406
797
404
391
422
410
405
799
405
403
419
410
398
407
402
429
418
410
807
414
414
416
409
401
825
425
400
417
411
399
422
421
412
412
401
419
416
413
413
402
830
420
394
418
414
411
423
413
402
412
400
429
410
408
409
399
427
416
408
811
418
415
413
411
402
410
410
425
404
396
420
405
431
413
408
413
398
429
420
408
404
406
424
417
409
416
401
414
425
411
402
409
414
413
415
411
402
410
400
429
405
407
409
395
417
415
407
391
412
412
410
412
403
403
406
400
424
411
802
399
419
414
404
799
410
402
419
412
396
800
423
411
406
409
397
411
408
417
801
412
399
421
411
403
406
399
423
420
816
398
421
419
413
809
411
410
419
416
401
806
416
409
412
411
399
409
404
420
396
416
411
394
421
415
408
394
410
413
408
816
400
407
400
422
413
405
414
396
430
418
415
819
423
425
421
419
410
419
426
419
422
409
426
426
845
413
414
431
431
830
426
426
424
416
415
427
430
409
430
407
436
428
408
422
410
437
1675
427
412
837
423
422
423
405
436
428
413
417
408
438
563
266
422
421
416
420
402
433
424
417
407
413
427
420
418
417
408
424
423
420
397
420
422
424
414
415
407
419
419
420
816
419
412
425
415
405
411
406
432
407
406
420
396
432
417
404
809
426
413
410
411
403
412
416
413
796
835
414
403
393
420
403
428
412
395
413
397
425
413
405
406
396
419
409
407
409
400
407
411
420
386
411
418
403
424
411
403
402
405
420
413
411
405
403
407
398
425
409
405
402
399
409
423
413
409
401
405
395
425
412
404
406
398
402
404
419
405
405
404
397
403
411
413
396
396
414
399
418
403
401
411
394
813
409
410
401
393
399
413
401
1212
405
394
823
411
392
404
408
398
417
149
264
396
410
390
840
414
813
414
417
420
415
404
408
425
427
412
410
417
419
422
401
413
413
398
428
412
405
406
398
400
415
416
394
405
405
390
418
407
398
786
403
391
414
404
395
781
401
391
409
402
393
778
398
386
404
398
404
382
1178
401
387
410
396
398
396
388
393
389
405
392
407
402
396
781
402
390
412
405
401
381
405
401
391
807
407
387
402
402
393
396
396
412
402
403
401
390
388
403
403
398
409
405
394
779
411
396
414
404
399
789
408
396
409
411
396
397
392
406
397
418
405
401
790
407
389
415
410
403
794
406
391
420
407
402
794
404
392
408
408
411
402
395
400
393
416
409
410
400
806
396
424
408
408
1210
396
419
410
410
396
399
412
401
423
412
402
388
416
411
404
420
414
399
397
406
423
411
821
402
406
415
427
413
409
412
401
433
423
410
406
419
424
424
419
149
267
409
419
423
425
821
423
420
424
417
408
417
424
426
416
409
415
411
431
420
413
419
402
434
426
408
409
413
427
420
416
419
408
419
424
422
1240
413
423
428
405
411
407
430
421
399
819
844
408
411
400
417
419
415
806
416
409
419
414
400
409
401
425
415
404
410
396
418
421
410
805
415
411
416
407
401
408
395
423
412
407
409
399
406
407
419
402
405
407
397
407
410
414
395
396
410
396
400
416
411
379
806
406
405
401
408
407
393
392
396
407
392
410
407
397
385
404
407
395
407
415
400
1196
392
415
407
398
790
407
393
412
409
400
383
409
402
387
413
402
406
385
395
405
388
798
412
397
390
393
393
398
390
412
399
394
398
387
393
390
412
391
395
401
389
393
387
404
396
399
396
390
386
394
398
383
408
399
393
381
396
396
382
404
399
396
375
400
398
381
392
395
407
390
392
392
385
389
388
401
392
922
640
383
390
394
408
374
399
389
385
387
385
406
392
397
395
385
769
399
383
407
397
391
774
393
384
389
397
401
393
392
396
384
395
380
409
392
396
394
386
387
391
400
392
406
397
385
775
403
391
401
402
389
778
403
392
407
402
391
779
401
387
406
396
405
396
391
394
387
411
398
400
397
389
393
391
409
403
396
397
391
396
383
409
399
394
397
386
393
386
404
396
787
386
387
388
400
390
403
395
387
770
401
385
403
381
397
394
387
388
385
393
383
408
399
396
374
393
398
386
796
406
390
395
396
388
392
386
406
394
395
404
387
779
398
386
395
395
408
395
399
386
786
387
396
401
403
397
781
391
390
390
409
399
395
395
391
392
388
409
397
392
398
390
401
400
403
389
399
398
387
400
406
404
783
401
390
408
408
396
784
402
396
409
402
391
390
396
405
394
407
403
392
389
394
409
398
404
400
388
399
389
411
403
396
401
391
400
384
423
401
396
403
393
395
815
401
392
397
387
407
401
406
404
391
385
406
404
395
412
406
393
787
404
387
415
405
396
789
404
397
415
407
396
793
408
398
414
409
395
792
408
400
410
402
397
396
390
408
399
408
405
394
395
395
406
401
408
401
395
787
402
391
413
405
400
787
401
385
414
405
405
380
406
401
391
408
402
404
382
403
403
391
402
406
408
391
401
403
393
398
407
412
405
395
396
400
407
397
418
409
398
395
400
402
409
416
410
396
391
398
410
396
413
406
398
399
394
398
389
418
399
398
398
393
396
391
413
399
401
399
393
396
390
411
401
404
401
390
791
407
401
408
404
390
396
396
409
400
406
403
392
400
391
415
404
402
403
393
402
395
420
402
400
405
394
404
394
419
408
392
409
393
405
405
413
393
406
405
389
419
412
406
793
409
399
418
413
397
388
408
409
406
414
407
394
402
396
419
410
550
1060
401
418
410
395
399
398
413
412
405
384
412
409
399
418
408
803
396
409
408
406
411
397
405
396
419
413
411
805
413
407
418
410
396
419
397
427
413
403
396
412
417
410
416
407
401
408
399
423
407
406
408
396
419
413
410
803
413
407
415
408
396
403
397
422
409
406
407
398
403
397
421
407
403
409
400
400
397
420
407
406
403
398
401
399
416
409
400
406
397
404
402
415
391
410
406
395
403
407
408
1204
398
409
404
414
404
396
403
396
420
396
149
259
408
396
411
412
405
797
412
400
417
411
396
406
396
422
408
404
405
399
407
404
419
396
406
405
393
414
412
411
395
400
406
391
419
409
1194
410
395
419
407
402
795
407
401
416
409
396
795
407
400
414
404
395
391
403
410
402
408
399
396
390
402
407
401
409
403
396
393
400
408
398
809
399
395
799
400
415
409
400
790
410
397
418
407
405
383
414
408
396
421
409
409
799
410
398
425
412
407
804
408
397
421
813
401
399
403
402
421
409
406
403
389
422
402
422
416
403
409
407
425
412
414
413
407
416
419
412
398
416
420
414
420
414
405
411
403
432
417
415
412
403
429
422
414
404
415
425
420
410
418
410
418
419
426
826
422
420
426
418
411
419
416
433
408
426
418
414
434
421
414
415
426
436
426
409
420
415
442
421
842
418
436
406
430
428
421
434
419
414
422
427
427
397
426
425
416
425
419
405
419
410
434
416
819
401
433
419
413
405
408
424
417
413
412
405
422
416
414
415
404
416
409
426
411
410
414
400
425
417
411
403
402
419
414
417
1227
402
427
414
405
406
399
416
412
410
408
400
408
399
425
414
809
397
408
419
414
387
416
413
407
421
391
419
414
406
422
413
399
413
400
420
415
403
411
404
420
402
410
416
400
423
416
404
408
402
422
413
813
398
424
411
402
406
402
420
408
408
406
396
409
408
414
384
415
410
392
420
415
400
399
403
416
406
407
405
397
409
404
409
1208
397
416
411
403
793
407
400
415
403
396
403
396
408
410
409
387
407
409
397
420
402
404
407
405
413
413
411
399
815
403
418
412
405
405
401
415
408
413
1222
401
423
413
403
407
397
415
411
411
403
401
408
401
418
407
403
408
397
409
403
417
401
402
405
396
410
412
408
799
409
397
417
414
400
390
412
414
407
410
409
401
407
403
418
414
1212
415
413
416
406
815
404
424
416
402
398
411
417
408
415
408
402
407
405
424
410
409
408
402
410
416
414
805
412
400
412
404
410
409
399
407
404
417
392
150
258
409
394
418
409
407
798
405
394
416
407
403
790
410
396
414
405
395
795
410
399
406
405
395
396
395
416
401
402
403
392
400
391
419
396
396
403
393
403
399
408
372
412
402
392
400
407
403
388
1187
404
395
409
401
391
391
395
401
396
409
395
387
401
387
405
402
406
782
400
387
412
403
399
784
403
397
411
406
392
789
408
401
808
391
398
394
411
408
399
398
396
401
396
412
402
397
402
394
401
396
406
410
538
259
396
404
406
408
393
408
386
398
415
401
411
404
393
790
408
398
407
403
394
392
396
404
396
406
1196
393
401
388
416
405
403
786
403
391
414
406
399
394
375
424
393
412
409
398
786
407
390
416
406
400
1193
398
406
414
394
792
409
399
408
407
393
797
408
400
410
405
394
389
403
410
397
408
405
392
792
406
398
409
400
394
394
393
409
398
405
399
390
388
399
406
399
404
397
391
389
395
407
396
405
398
390
785
405
398
402
400
388
387
396
409
396
408
377
402
398
390
409
791
395
389
398
386
412
397
398
386
394
399
390
402
400
407
386
396
400
388
396
400
409
389
390
404
388
396
394
408
399
385
146
254
388
394
389
409
394
393
397
386
385
394
397
388
400
399
392
1166
388
400
389
401
391
777
382
391
384
409
393
390
395
384
389
390
400
391
401
396
387
763
796
403
400
377
404
389
388
389
402
393
402
395
386
388
390
406
396
395
394
388
380
397
400
392
403
396
387
1175
385
409
397
396
379
394
398
385
396
395
399
1176
385
395
381
409
395
399
774
393
780
384
406
396
395
767
398
383
393
393
400
392
783
388
388
386
404
393
401
398
388
773
402
392
408
399
397
779
397
384
404
400
402
384
401
398
390
398
396
412
398
397
401
389
412
400
409
401
796
396
400
401
421
404
560
656
400
804
399
412
406
409
410
424
393
410
412
407
409
406
396
422
413
401
807
409
405
411
417
396
396
405
411
406
412
407
394
404
394
421
403
405
404
397
400
396
414
405
401
403
396
399
396
412
404
396
1197
393
408
405
403
785
401
386
412
403
396
780
403
386
407
399
399
775
397
388
388
398
403
391
391
389
391
387
387
404
396
390
395
384
771
398
386
402
394
390
377
789
387
397
392
399
389
393
393
373
408
381
410
398
396
775
397
386
802
404
390
394
399
392
397
393
407
398
393
396
392
395
390
410
397
392
403
392
397
388
411
399
790
395
398
388
403
404
401
378
403
400
389
396
401
405
392
393
402
387
399
390
409
396
789
392
394
393
408
393
404
403
390
386
1191
410
397
404
398
379
412
390
415
401
794
391
398
393
412
403
397
401
391
405
401
407
401
391
406
399
411
393
403
396
396
405
400
409
392
404
401
392
406
403
404
388
404
404
393
400
407
400
406
397
387
405
403
396
413
403
400
398
396
398
400
413
403
398
398
399
402
393
416
405
389
403
395
798
411
395
404
401
393
402
395
412
404
394
387
407
405
401
412
399
401
405
394
409
409
406
393
400
404
393
411
404
408
398
384
417
395
415
409
398
789
409
396
412
405
395
790
405
395
415
405
396
788
408
396
409
405
392
795
407
398
407
404
393
400
392
413
402
401
402
396
403
394
416
403
401
401
394
405
395
414
401
399
404
392
402
398
412
393
405
399
389
411
401
952
241
410