877
1340
792
772
721
714
719
426
254
680
658
653
644
642
632
629
628
623
619
621
610
603
600
588
585
590
588
568
573
591
561
563
562
1109
557
2708
1073
526
1055
514
521
1040
1030
1021
515
2525
1003
498
504
997
480
494
495
994
985
482
504
478
501
490
988
1008
993
493
1498
491
494
499
502
1490
984
476
979
1932
474
966
1420
945
469
1055
823
466
470
935
469
471
462
476
466
466
471
463
938
1396
1396
1388
1382
1823
1375
460
470
918
457
926
451
924
448
2298
903
471
1374
1376
1365
452
59
284
111
143
437
377
646
2030
476
531
834
1358
1358
881
479
1362
161
311
179
238
197
171
201
65
85
56
126
329
307
159
191
669
74
246
105
952
683
2635
1354
4063
1354
453
897
119
2714
5273
1351
1521
744
854
439
893
594
2068
3609
1825
1382
1123
576
154
1362
1371
2300
449
720
2908
5897
1361
1795
1795
1352
1346
1341
863
464
3983
620
68
645
3087
897
434
1344
1341
127
734
1341
663
682
699
2402
1325
489
1271
853
650
409
1608
818
958
431
896
445
1776
1069
265
439
2682
872
955
391
911
798
70
481
539
340
1348
431
912
434
1348
157
1182
1647
587
1349
864
2249
439
141
1211
3327
1595
441
1348
785
552
864
470
442
1343
128
1210
2223
695
701
1278
443
1354
429
965
435
1314
907
447
1808
1119
700
643
736
3837
690
715
627
1386
424
1028
351
1664
415
896
1306
427
482
360
460
852
1027
276
427
355
2039
622
1726
425
873
854
413
340
542
417
1308
2966
496
486
1688
1314
155
694
674
660
900
2596
901
427
60
678
587
472
329
516
475
382
1062
1388
621
52
347
335
584
411
346
552
142
703
895
144
345
1412
330
1063
605
783
519
421
1301
562
1055
1027
313
222
99
686
331
370
344
334
314
354
339
575
440
367
324
352
340
709
343
344
345
712
1018
841
568
343
343
501
430
127
337
1271
424
412
718
309
281
429
365
507
419
128
359
702
344
336
688
695
177
413
1712
499
377
671
354
636
394
350
353
179
512
1178
564
687
681
997
416
716
556
409
469
345
439
264
351
643
1263
427
1567
99
260
168
418
1685
590
245
418
729
345
197
419
87
346
842
202
693
695
1353
1129
146
421
405
741
123
846
1273
182
668
710
566
1701
165
664
865
229
350
311
340
335
563
489
1212
172
654
432
704
568
413
1270
836
419
851
421
406
1267
818
425
734
534
409
1259
240
343
254
423
1670
426
393
875
411
1264
584
245
424
403
858
417
1135
126
427
1694
423
412
409
868
184
1922
1252
417
434
419
412
1274
1245
404
861
408
814
434
833
420
397
854
417
1227
427
834
397
852
412
810
418
415
850
409
411
397
1281
415
392
864
426
404
410
852
413
418
842
406
1263
1225
423
432
824
396
851
412
803
424
423
413
410
404
1252
854
1202
403
1219
835
408
802
434
806
411
400
423
416
397
797
428
817
407
391
842
415
855
359
406
426
407
400
399
836
803
417
387
433
412
409
1213
416
413
408
397
1231
850
363
390
1237
409
387
681
160
406
143
1070
410
161
246
419
398
386
845
403
414
409
1213
430
418
821
1229
426
809
415
418
1229
410
400
851
408
407
394
427
416
405
418
402
1246
804
410
401
839
396
400
397
435
805
409
383
848
398
387
409
829
400
414
398
790
834
410
404
397
791
423
410
807
399
400
825
405
397
789
420
413
405
401
400
792
422
403
1615
388
832
418
1210
395
845
402
799
737
87
423
408
1212
437
792
437
415
409
460
363
812
431
415
67
355
410
405
1259
803
419
692
535
834
397
882
371
537
262
423
389
849
405
464
338
830
417
408
400
800
434
572
651
395
833
415
1210
409
721
123
419
155
651
414
835
420
159
243
804
422
425
818
410
795
429
410
406
411
393
586
227
429
562
252
405
1232
408
398
733
490
819
396
809
430
809
409
771
878
395
404
734
101
419
410
399
803
426
410
404
411
396
714
343
181
533
256
416
392
568
236
428
402
416
403
394
394
825
411
142
257
456
756
408
166
235
405
1617
776
809
834
558
243
396
403
387
303
534
153
640
391
798
425
383
409
405
395
788
425
559
639
395
743
110
240
116
575
625
396
398
387
732
67
823
816
327
68
452
346
812
242
166
404
396
788
823
569
235
397
785
1226
404
392
462
314
411
386
796
286
132
408
394
149
629
781
387
399
417
396
398
395
392
389
387
416
253
148
575
224
392
446
338
392
390
822
796
383
410
355
1007
229
162
238
399
395
1194
412
413
387
157
639
396
386
808
263
152
411
394
459
490
640
416
405
396
470
318
410
393
290
539
398
1197
709
518
407
144
1057
392
757
79
398
1611
416
543
663
386
314
521
402
794
399
413
805
398
397
405
790
417
402
809
804
1195
426
802
399
799
409
420
412
402
444
347
683
147
406
405
1196
422
1218
389
709
531
800
400
782
827
398
417
400
1201
409
401
384
818
417
793
404
382
834
406
534
660
397
785
415
401
802
396
780
409
396
819
394
781
406
805
405
402
442
342
403
385
1213
381
173
635
391
779
68
746
392
383
787
315
342
557
386
775
714
902
389
451
331
400
384
298
516
401
778
400
386
1196
236
161
394
396
393
780
795
278
542
391
110
666
408
351
351
509
405
157
1411
806
411
400
390
450
732
1210
389
137
657
396
692
495
810
392
393
381
357
452
804
386
458
719
689
505
402
545
623
383
780
399
321
67
413
225
177
394
143
621
97
306
379
780
713
80
408
402
392
151
359
652
387
53
1119
381
800
414
569
609
392
771
790
414
401
403
397
139
379
263
393
442
344
399
390
817
407
390
393
400
398
785
1224
564
634
392
788
416
315
504
404
394
117
345
322
407
346
882
144
251
794
408
339
346
544
399
131
345
363
361
695
116
418
400
149
634
71
346
383
339
897
407
395
398
789
840
408
147
247
458
347
812
255
573
144
253
456
343
723
515
410
399
463
337
820
416
410
397
408
380
435
247
161
402
155
254
398
396
361
463
257
141
575
241
399
393
399
713
106
416
408
149
236
467
344
162
181
367
352
161
1207
390
429
416
406
798
368
448
260
574
398
462
335
709
116
572
247
396
406
1225
402
405
757
357
517
166
238
397
50
746
430
245
323
649
396
816
422
807
401
399
395
410
298
541
396
119
1091
353
352
530
404
139
1065
388
313
508
416
150
250
398
795
803
423
394
410
397
1191
831
404
399
450
707
344
533
407
840
746
823
409
412
396
123
663
411
396
424
232
175
405
146
638
415
390
1076
155
411
396
785
62
349
383
842
405
152
1044
386
817
421
787
407
388
816
415
151
372
667
379
834
391
783
407
694
521
406
159
624
406
377
832
387
401
185
626
398
399
390
421
406
409
395
808
377
342
485
179
624
84
350
354
395
829
403
144
257
393
785
423
399
399
403
393
785
416
277
122
407
397
391
400
382
420
397
404
158
241
393
457
332
395
1210
555
240
390
785
704
98
813
389
111
346
723
347
854
398
1556
396
379
1209
398
387
452
325
397
1162
418
380
795
382
394
373
788
417
387
552
245
389
433
339
398
392
405
402
388
128
650
394
384
777
413
562
370
243
379
1552
695
502
395
388
761
400
384
343
364
474
239
711
221
396
435
731
687
498
396
531
634
385
775
397
382
655
158
397
148
626
400
381
788
415
396
802
401
781
384
396
416
557
238
396
396
774
713
100
821
396
781
411
1220
395
771
413
396
421
396
415
406
394
398
442
351
389
831
404
791
364
859
407
801
396
824
409
155
648
408
389
701
134
413
168
1040
393
331
508
409
148
652
412
396
828
419
402
414
137
264
408
394
412
415
829
418
412
136
669
811
604
234
398
803
433
412
414
411
400
809
811
422
417
821
1228
848
409
811
427
425
411
803
763
70
422
427
406
810
422
417
413
791
478
771
438
816
410
390
430
415
834
813
397
849
405
813
410
396
830
416
396
407
409
1223
810
398
1218
410
567
239
402
787
418
390
827
389
407
399
792
401
396
821
392
801
789
396
784
420
395
397
397
387
788
415
401
396
478
302
398
378
336
2027
391
389
780
377
787
410
395
396
390
775
379
1187
1156
762
385
403
291
494
400
386
138
630
393
1147
414
234
146
190
366
617
384
387
767
410
392
391
763
396
381
388
377
405
383
799
393
513
647
380
766
788
798
541
617
387
439
340
377
1337
241
394
384
499
276
434
336
376
682
113
395
400
140
629
383
50
716
780
407
387
784
382
770
394
373
699
84
803
395
532
237
389
779
380
771
801
796
386
774
396
384
772
808
801
390
148
632
398
387
778
418
397
584
218
390
786
407
389
417
405
397
150
629
414
383
321
895
170
238
396
788
418
402
249
567
793
402
790
428
405
579
231
396
547
238
1215
423
395
390
61
334
718
99
407
164
244
396
397
390
706
115
563
241
395
63
1147
243
159
166
1784
460
401
409
142
642
402
396
655
171
400
132
655
403
1619
542
651
397
717
69
427
141
255
552
253
396
780
822
145
663
392
1188
320
890
393
458
718
387
1623
388
394
786
386
806
412
407
390
786
392
779
358
849
405
543
238
398
387
778
407
299
907
386
134
640
407
385
784
416
394
556
240
388
771
73
330
381
790
411
403
396
156
1021
771
392
423
397
555
240
394
398
381
793
822
395
127
1059
387
804
564
248
396
391
396
716
88
411
406
393
793
784
426
401
400
406
394
390
395
424
402
804
395
791
360
1254
399
167
240
396
540
236
698
533
520
267
400
392
787
566
250
1188
401
379
1212
541
248
405
539
638
817
392
395
440
342
398
804
405
143
1043
387
784
416
397
403
170
231
391
782
399
385
1225
538
244
122
280
442
344
387
819
407
1183
390
788
404
383
813
413
546
240
393
396
781
396
388
333
371
511
558
375
246
392
780
716
477
407
397
153
623
396
388
386
377
429
396
396
403
387
772
400
382
809
404
1175
381
1576
423
383
396
404
380
801
414
404
160
627
392
787
798
423
559
356
279
443
346
394
417
408
403
155
631
405
391
793
427
225
342
224
406
395
386
820
404
407
168
231
794
395
389
822
406
405
144
256
795
395
799
422
404
172
230
136
262
396
790
421
270
142
407
397
402
789
813
420
411
396
800
817
1229
404
400
353
479
416
157
646
52
681
81
429
188
222
401
408
826
413
813
402
812
270
159
468
81
669
396
830
416
799
407
390
813
581
240
398
401
386
172
1071
537
259
401
395
714
512
394
400
405
394
1623
411
408
396
799
401
390
714
534
559
242
394
386
413
384
836
406
1194
389
824
811
395
788
809
829
392
793
403
387
425
406
404
149
642
405
381
813
415
549
234
409
394
786
421
401
551
244
393
397
383
821
805
391
825
360
799
409
396
148
1030
394
785
415
394
557
1021
387
782
418
393
544
241
391
67
709
399
324
57
564
249
395
765
407
374
785
410
241
150
540
247
387
773
395
1186
392
1163
379
393
788
387
786
386
1158
382
709
470
257
130
387
396
147
232
771
393
1175
396
876
281
382
377
391
1175
398
379
170
610
385
766
377
780
396
394
131
403
245
382
758
397
371
1577
383
379
371
409
376
1432
514
394
381
766
393
375
767
415
385
158
234
394
763
386
381
380
310
469
270
528
381
147
616
396
378
382
783
385
240
545
379
765
391
369
384
378
399
643
521
152
235
521
366
255
383
1146
373
772
408
383
787
375
120
645
387
380
375
383
783
399
392
385
1147
381
378
384
388
381
1186
380
390
388
384
813
339
377
775
414
390
549
231
385
765
399
138
239
775
413
391
1558
384
349
382
200
250
405
156
386
247
387
1070
102
1065
131
554
243
387
447
679
56
1195
405
537
375
267
389
394
384
421
396
554
244
385
776
404
388
813
391
136
645
397
380
161
1047
396
389
390
383
411
399
211
180
151
248
784
380
1215
537
646
777
347
469
396
159
390
221
814
384
797
417
221
574
141
258
391
791
394
384
419
396
544
250
393
442
340
395
383
1212
561
614
387
772
403
382
1198
373
566
231
395
391
388
378
387
422
394
406
395
390
783
779
389
1198
404
531
250
396
386
781
154
264
393
402
141
254
393
388
388
800
811
389
131
304
341
405
1193
156
71
175
781
399
383
775
420
397
398
396
512
265
394
777
417
399
546
636
396
375
336
70
392
418
403
391
438
404
342
385
814
404
169
1013
385
549
234
413
246
151
789
389
443
729
371
813
405
541
229
399
388
771
400
297
874
800
385
777
382
396
407
391
401
399
140
252
780
396
383
776
410
399
389
163
240
385
781
389
1185
409
224
173
394
150
628
396
384
779
693
680
232
387
447
396
334
384
792
411
399
392
437
1928
396
390
402
392
789
381
809
420
551
634
390
542
242
805
399
384
169
382
255
397
394
782
390
415
398
401
398
388
781
401
1599
566
365
254
393
436
345
402
396
406
408
399
158
618
403
388
386
358
448
399
942
240
396
395
389
391
400
391
413
402
398
156
362
264
397
385
785
421
396
393
404
392
779
397
1060
133
403
1174
388
390
383
805
803
163
230
770
404
382
775
801
947
382
243
391
389
377
401
379
796
408
394
398
151
237
786
376
785
416
398
391
401
386
780
396
805
398
400
389
398
396
391
402
816
278
122
416
396
414
396
1198
171
257
413
565
248
396
797
817
410
414
396
795
800
422
413
404
936
262
390
427
407
405
143
647
407
385
1228
400
153
647
389
792
419
402
563
234
394
790
400
386
820
401
1184
384
785
422
392
156
396
244
392
555
1008
819
396
135
646
398
387
785
412
406
396
779
398
381
1206
147
241
551
238
399
1180
349
852
398
529
647
393
1193
402
399
399
388
780
406
381
821
400
140
645
398
384
729
877
397
397
388
1982
398
403
783
398
387
700
500
394
394
398
387
396
381
407
398
651
153
402
781
401
382
790
421
390
147
246
148
251
392
382
394
156
659
559
238
392
323
117
736
386
818
406
407
396
781
403
383
709
88
416
396
402
399
393
392
386
788
431
787
400
390
799
418
401
400
788
400
804
410
802
1191
813
426
396
165
242
138
271
397
1633
411
800
409
381
840
418
807
87
319
388
831
417
409
397
401
401
825
412
412
398
1619
419
412
400
805
407
409
423
415
142
261
799
409
411
418
234
187
401
140
1473
432
415
401
802
823
416
1221
399
833
419
403
825
406
431
408
408
804
437
406
174
237
417
398
700
130
418
149
664
407
356
887
412
151
1892
407
556
262
447
358
388
830
808
403
401
740
444
425
140
259
796
386
806
420
556
237
405
395
784
822
404
396
398
401
787
1217
403
150
638
402
389
1218
536
247
404
390
786
421
402
388
399
2394
786
401
393
791
420
396
544
260
397
785
419
403
569
234
394
1134
57
1203
400
150
633
397
387
545
234
407
402
397
396
386
1169
380
1205
775
393
385
771
1191
399
158
231
142
1029
383
771
414
396
393
156
236
778
386
53
718
402
382
412
393
397
386
779
384
773
703
97
934
631
387
391
366
795
412
388
386
171
228
388
766
396
373
401
391
798
395
365
799
385
769
415
387
405
203
192
389
776
398
380
553
177
474
401
548
242
391
536
243
409
803
154
236
395
780
803
813
390
1182
390
709
498
398
399
396
787
381
1227
1187
393
784
417
402
786
810
397
396
391
420
405
405
399
393
396
392
832
403
794
403
391
1227
408
396
797
397
314
88
830
397
1198
1055
146
414
163
623
412
144
247
785
422
400
398
402
392
400
381
811
414
1188
394
1598
400
836
343
386
818
403
149
633
399
377
814
409
528
653
389
687
513
390
771
408
396
377
798
414
401
144
248
774
396
1186
403
172
225
778
385
770
1204
1172
1556
391
794
460
317
382
389
145
246
404
386
415
382
536
257
386
778
778
402
403
399
393
384
773
339
432
414
396
789
390
1165
378
783
412
382
388
142
257
385
773
387
383
647
148
392
1156
382
383
381
562
219
401
393
393
1531
769
802
395
1155
377
772
406
785
528
237
396
387
766
389
1566
378
780
387
756
398
1564
540
619
383
751
729
695
146
396
161
231
384
768
392
766
386
798
395
534
627
382
389
372
397
289
96
800
393
141
622
392
769
377
773
411
1154
380
387
373
772
411
389
384
133
1022
381
384
377
399
374
781
406
379
137
645
384
751
66
341
381
769
1191
388
715
50
386
770
388
339
814
404
384
158
614
376
394
427
333
385
699
65
784
780
384
751
392
364
396
371
770
400
379
532
232
383
437
702
373
753
778
776
384
901
233
366
395
368
765
387
392
388
384
137
385
239
374
753
387
748
376
764
398
381
775
380
756
388
1890
400
396
386
146
609
390
373
753
392
374
661
117
786
386
535
606
382
531
222
388
372
771
396
394
387
1141
377
753
387
360
773
403
381
550
223
377
759
383
419
709
697
61
646
133
395
366
387
390
759
374
373
379
751
782
776
387
1143
378
757
358
392
398
372
409
382
389
388
765
371
385
381
771
401
386
779
378
520
630
377
372
387
384
1162
400
760
389
763
386
382
370
1040
356
167
543
231
379
764
398
374
727
438
390
793
146
242
1155
387
383
388
398
379
798
396
374
554
242
384
769
343
54
1574
376
398
392
381
765
408
395
794
386
921
245
377
1186
391
155
238
391
392
771
343
433
410
394
397
772
391
384
771
773
795
1327
238
389
381
388
767
401
387
405
391
787
384
429
344
392
380
1581
792
392
393
390
782
403
406
394
774
399
1166
801
406
1172
387
772
686
114
804
391
767
409
384
1583
392
404
388
830
341
1186
398
1176
385
772
804
797
389
780
399
379
783
419
383
542
253
388
386
385
799
409
397
525
251
389
386
396
413
402
401
775
405
782
341
47
419
401
403
772
405
390
388
392
815
400
531
650
381
1602
396
405
1176
395
383
1215
388
408
137
250
793
380
1214
546
642
392
776
807
808
143
251
782
401
135
243
815
406
377
807
394
1194
404
396
391
794
383
807
407
788
396
389
784
413
400
392
168
240
389
387
395
402
400
949
645
394
396
388
413
402
398
399
391
786
402
295
500
410
140
254
783
402
377
821
405
779
403
390
781
414
404
400
397
394
782
795
815
402
784
402
802
411
400
779
407
388
812
412
1190
387
785
419
399
402
146
250
791
391
1210
563
361
263
389
389
394
807
247
939
146
252
393
396
388
784
408
408