925
719
738
803
798
851
829
778
784
762
736
707
702
690
670
645
682
705
826
729
769
781
891
856
1005
956
882
871
840
804
816
733
814
851
809
888
872
835
855
873
877
892
836
737
775
788
806
809
730
764
754
719
713
719
698
695
722
708
727
763
712
794
764
705
720
739
767
729
760
783
717
748
686
725
666
657
658
630
635
637
614
603
588
578
592
584
587
596
599
579
580
592
588
586
564
574
580
567
570
564
567
563
567
561
555
563
562
549
558
538
566
540
524
556
533
553
539
528
541
520
541
530
530
521
521
529
512
522
509
517
506
516
500
518
500
510
501
506
501
494
509
498
506
486
500
488
495
489
498
503
500
511
507
500
493
518
499
500
486
522
490
503
486
508
486
498
497
497
495
489
500
494
499
482
504
484
488
484
492
490
478
498
472
486
477
483
483
471
492
472
462
491
472
481
465
950
464
479
465
460
484
460
464
474
464
468
461
462
476
459
464
468
458
469
461
455
473
1384
461
452
471
459
461
465
462
464
454
469
462
458
465
464
916
473
454
467
461
454
469
458
451
471
458
456
923
462
462
463
464
457
459
467
453
465
461
456
472
456
920
458
458
476
455
458
472
455
460
470
459
466
459
463
468
456
462
468
454
459
470
453
459
470
453
460
466
452
463
463
455
464
460
451
464
909
468
459
453
469
458
447
470
455
447
469
455
449
468
452
450
466
454
451
463
901
463
458
450
463
458
451
465
457
449
464
455
452
465
447
452
461
455
448
460
461
447
462
459
448
457
453
454
462
462
906
463
447
460
462
449
457
460
450
453
466
452
455
461
455
454
457
458
451
441
1832
450
452
469
457
443
483
447
444
481
448
452
471
449
445
474
450
457
462
453
464
455
457
465
454
458
467
456
457
472
454
461
471
451
465
472
452
464
467
454
465
463
453
467
463
453
470
460
450
473
456
449
472
453
448
470
456
450
471
455
448
466
456
447
470
457
447
472
453
444
925
450
471
449
448
479
447
455
479
452
450
479
450
452
477
449
450
478
448
1388
456
483
460
467
474
466
481
475
468
482
461
470
479
454
469
473
454
468
472
456
467
476
458
471
475
458
474
470
456
477
464
453
474
461
452
471
460
453
474
456
447
479
452
452
470
453
457
465
454
464
454
452
473
447
456
469
447
460
453
452
465
461
448
462
455
451
462
904
463
464
448
461
468
450
462
469
448
469
466
458
477
464
457
491
466
472
480
463
469
472
464
465
454
469
468
459
458
462
462
453
457
471
447
452
473
443
452
465
448
451
459
451
443
457
456
442
454
458
448
450
459
456
451
466
469
464
471
462
460
473
910
475
452
457
463
454
460
464
451
456
472
447
460
462
454
454
460
452
449
456
455
447
449
457
448
433
469
444
442
452
454
438
442
458
441
443
440
460
432
438
456
445
437
449
451
437
443
442
450
438
433
453
440
435
447
450
435
441
455
438
440
442
451
433
427
464
431
442
447
440
435
438
446
874
429
456
428
444
443
444
435
437
435
451
435
431
448
441
438
438
432
454
437
436
439
445
438
438
428
463
430
443
447
445
435
440
445
445
439
433
414
911
443
453
429
448
448
443
439
436
459
441
433
445
452
436
439
447
446
432
436
453
444
438
447
449
436
442
435
454
438
431
451
446
435
446
448
440
441
437
454
440
433
446
450
433
438
456
443
440
435
462
437
438
453
447
436
445
446
452
439
436
463
439
445
453
449
442
452
453
439
447
451
445
448
450
452
451
445
460
449
442
462
452
445
457
453
445
455
460
447
452
467
449
458
464
449
456
465
446
454
905
453
461
448
449
453
458
449
445
467
443
449
466
446
456
459
453
448
459
456
447
454
460
447
447
463
455
450
455
456
441
445
463
443
438
468
441
445
452
453
437
444
445
449
437
434
437
456
435
436
428
453
429
438
440
440
430
435
427
445
432
426
436
443
429
432
874
431
425
437
442
430
430
420
446
438
427
432
428
437
853
438
438
432
433
423
439
440
427
431
437
444
419
438
441
443
425
435
425
443
429
429
437
434
434
428
425
438
440
427
432
433
445
426
433
439
437
857
422
443
433
422
428
438
431
426
418
438
440
427
429
419
446
431
421
434
434
435
424
425
429
439
429
431
422
425
444
423
433
419
443
435
415
433
426
438
431
419
439
434
432
425
424
434
438
435
425
425
452
438
431
431
437
449
436
432
451
438
435
439
438
453
425
440
441
448
428
433
434
444
424
436
439
442
430
431
423
446
438
419
438
433
440
428
426
424
448
428
431
865
431
418
435
435
433
425
424
434
441
427
431
423
449
431
862
438
435
431
424
447
434
426
438
442
431
433
424
449
433
427
437
437
435
429
424
437
440
423
429
429
447
423
432
438
439
428
431
420
446
439
425
434
435
447
428
428
445
439
429
437
438
445
432
430
444
444
430
435
435
448
432
426
440
442
428
431
434
450
426
432
445
440
863
428
446
435
422
448
439
431
437
438
449
433
428
455
442
435
439
445
441
438
431
456
443
436
443
448
435
443
450
444
439
436
451
438
430
442
447
432
429
443
445
425
432
443
438
429
436
438
435
434
425
447
440
427
433
433
449
426
436
440
443
871
428
451
440
436
441
449
448
436
433
459
444
438
445
449
442
437
433
460
438
437
450
451
434
439
438
455
432
442
446
445
430
439
448
445
441
431
460
438
434
441
451
431
438
432
454
433
432
441
439
438
430
430
443
435
419
444
435
440
433
416
449
434
430
434
438
432
430
427
446
428
436
438
442
431
436
423
448
432
423
431
440
428
434
419
434
436
419
429
434
430
423
420
438
432
422
424
413
438
426
417
420
411
433
425
415
419
411
434
424
416
420
413
848
422
415
414
422
419
429
420
409
416
409
431
418
410
418
406
423
422
415
407
411
419
416
420
409
408
411
409
423
414
404
410
401
426
414
407
411
405
418
420
413
399
417
419
419
418
409
823
414
428
415
403
423
413
430
415
402
428
410
429
422
408
415
410
432
419
410
417
405
428
421
413
417
409
421
418
421
413
407
416
421
415
415
404
413
407
427
421
406
407
410
420
417
414
410
407
414
406
430
414
410
414
405
415
423
419
815
418
416
423
414
407
412
398
432
409
416
414
406
417
418
414
414
405
412
409
431
402
417
414
402
429
420
406
413
408
428
416
825
410
421
419
422
411
826
411
429
417
408
415
407
423
422
405
422
403
422
419
406
418
405
420
421
416
406
411
419
417
416
390
427
415
415
425
410
414
414
404
432
422
415
414
410
427
423
414
420
409
429
425
413
415
410
432
423
412
420
408
425
425
414
413
412
430
420
421
416
410
426
425
414
410
411
427
419
415
414
412
414
422
420
402
415
420
415
423
411
821
409
421
416
409
409
401
427
414
403
413
403
411
416
415
406
405
411
408
424
408
407
410
404
421
411
818
407
412
412
419
407
405
409
398
423
413
410
404
403
416
414
411
405
400
414
401
424
412
403
402
402
417
413
412
404
398
417
403
422
413
400
403
405
413
414
411
805
411
404
421
406
395
411
397
421
410
403
408
401
408
406
420
405
407
406
401
419
414
409
400
408
414
414
410
409
401
407
407
420
412
399
410
407
418
407
406
411
411
418
402
416
407
406
412
404
430
414
410
410
403
431
417
417
413
407
420
422
416
414
407
415
417
424
405
415
415
410
427
419
404
411
403
427
415
407
412
404
415
406
426
408
403
409
403
421
410
408
407
391
423
414
407
402
405
407
408
419
412
400
405
406
415
411
415
405
401
409
403
420
409
403
404
401
409
406
418
407
400
405
398
416
411
408
405
398
410
397
426
413
402
404
400
414
411
416
398
404
408
395
420
412
409
397
406
409
407
418
410
388
419
397
414
412
410
410
401
408
400
425
412
411
410
405
418
418
417
412
402
419
411
428
419
411
420
414
435
421
412
416
409
431
418
418
418
404
430
419
416
413
405
430
417
414
415
410
427
418
404
418
404
430
421
413
404
416
421
421
421
818
418
414
429
418
404
418
409
427
420
418
413
412
426
420
420
421
410
418
407
430
422
416
418
410
431
423
416
418
413
421
424
428
413
423
426
428
432
407
432
427
425
438
422
417
429
423
441
419
420
426
422
443
418
420
428
427
434
421
421
426
418
444
422
425
428
429
437
425
417
436
430
438
425
420
430
438
438
422
420
438
436
428
426
418
440
435
422
433
421
449
431
429
432
432
443
428
428
437
434
432
433
422
448
434
419
439
438
431
426
425
428
437
436
420
423
439
436
423
423
422
440
430
420
427
418
430
432
419
427
432
426
419
422
436
436
418
424
421
445
428
423
430
426
436
424
421
426
438
425
416
423
438
428
420
423
414
439
418
415
430
425
420
422
409
427
426
417
409
417
425
424
416
417
411
420
422
423
407
410
417
419
428
417
412
416
410
434
415
407
415
405
433
419
411
407
418
423
425
415
823
417
422
423
413
405
421
411
433
419
406
417
408
420
422
421
405
414
417
411
428
418
404
417
411
415
421
425
413
413
415
408
432
424
419
408
418
423
421
428
420
411
419
410
437
423
418
419
413
428
428
415
425
415
423
429
429
412
420
428
428
424
421
414
426
426
430
412
846
429
424
422
415
421
418
434
424
422
420
415
439
423
421
424
423
435
426
417
424
428
435
428
417
424
429
439
430
802
53
324
115
432
153
272
423
431
436
433
424
421
429
433
428
426
420
430
434
428
424
424
430
435
429
419
426
436
437
419
425
417
440
433
423
424
417
442
425
423
425
415
440
429
416
431
430
443
436
427
438
432
448
429
449
442
451
432
445
447
440
445
441
456
438
438
456
439
439
452
445
438
453
450
442
444
448
450
445
447
455
446
448
457
447
439
463
451
449
462
466
455
474
466
455
468
464
457
476
460
457
459
466
450
458
465
446
458
465
444
454
463
443
457
455
447
449
448
453
448
438
456
445
438
452
452
438
447
446
445
446
441
456
442
439
446
452
438
443
446
450
437
437
458
437
445
445
450
439
442
452
452
439
435
464
442
445
452
453
438
444
453
448
442
438
462
434
442
450
448
435
438
439
449
434
433
442
446
429
434
429
452
432
426
437
435
858
424
447
435
424
431
431
443
418
430
438
434
425
428
435
428
426
415
443
431
422
424
419
437
421
416
434
430
423
422
414
435
427
420
421
411
435
425
415
420
413
435
430
417
421
415
440
430
421
425
428
432
425
422
428
431
438
407
434
433
431
433
421
424
432
434
428
423
419
438
431
423
422
415
443
437
847
422
438
424
418
427
433
429
415
423
431
433
422
414
422
431
430
422
419
415
433
427
419
419
412
437
425
411
426
415
433
423
412
422
423
437
420
419
425
426
429
421
415
426
433
423
420
419
430
431
420
423
415
441
425
420
426
427
429
419
417
426
429
428
410
423
427
432
415
421
411
435
423
411
421
845
416
411
420
420
427
409
418
420
420
427
411
415
421
419
423
414
412
418
424
421
417
415
422
425
420
400
425
426
422
418
417
407
422
426
414
409
415
427
421
412
416
410
419
425
417
409
411
427
421
412
414
405
430
417
410
417
414
426
413
409
416
418
421
397
416
427
418
412
415
402
424
415
408
414
400
427
421
405
419
404
429
151
271
406
420
407
430
422
407
417
415
425
419
411
418
423
419
419
409
419
425
414
416
411
426
417
416
414
406
430
417
415
415
407
431
416
411
416
412
426
417
408
417
414
427
414
409
415
423
419
409
409
425
424
408
421
843
423
831
416
432
415
415
429
429
422
422
419
437
412
429
429
432
422
422
415
434
427
417
427
428
422
428
411
438
430
418
426
426
435
409
429
430
428
421
427
417
435
425
405
436
425
431
421
410
435
424
414
427
422
429
418
415
420
429
423
411
415
430
424
415
421
407
435
422
410
419
420
429
401
429
423
423
422
412
415
428
427
415
420
410
434
421
410
419
417
431
412
414
423
421
422
414
412
420
426
416
410
416
426
420
560
267
417
423
421
418
412
410
424
421
418
411
408
421
423
416
415
409
418
414
425
415
400
426
412
429
417
400
423
407
428
415
403
417
406
432
409
410
410
401
424
417
407
811
413
409
411
407
402
407
399
419
409
407
381
423
410
405
416
400
401
408
397
420
412
404
401
410
413
409
415
405
403
411
403
423
416
403
406
405
417
415
409
410
405
413
411
418
407
405
410
412
422
409
405
413
405
424
415
401
408
400
425
414
410
403
406
416
416
409
355
449
417
411
416
401
402
414
406
418
806
409
401
421
416
407
400
409
416
413
411
410
403
412
414
416
413
400
410
405
426
410
408
410
405
425
410
411
411
401
426
413
411
410
401
426
416
408
411
406
414
418
413
411
403
416
412
416
405
400
417
410
421
414
396
414
399
425
414
404
411
413
418
409
405
422
413
407
418
420
421
413
408
419
424
420
412
411
429
422
411
418
414
428
414
417
422
419
425
408
416
428
419
414
414
405
433
419
411
417
409
429
418
407
416
417
427
407
465
363
426
420
411
407
424
422
415
414
403
430
418
410
418
413
427
409
417
418
421
415
417
408
427
423
409
414
407
427
422
408
411
402
423
420
400
415
405
419
417
408
411
402
412
413
416
808
413
410
417
397
411
413
408
420
407
400
409
407
419
409
396
414
394
421
417
412
401
406
418
411
817
401
406
411
416
412
399
404
400
414
412
408
396
406
406
399
421
408
394
408
397
407
411
409
397
404
404
396
410
411
402
402
395
405
394
415
804
401
397
404
395
414
408
399
404
391
413
406
408
403
396
403
402
415
403
401
402
396
412
404
413
403
394
405
395
416
405
402
403
396
402
396
413
408
396
406
393
402
397
412
406
398
397
797
394
413
404
400
394
400
402
399
813
396
399
392
404
396
412
404
397
395
402
404
400
409
402
399
401
390
406
396
412
401
396
401
394
398
392
406
405
396
788
402
392
411
401
396
400
390
399
389
411
397
400
397
393
396
390
408
402
396
398
392
396
389
407
403
398
387
397
398
387
406
398
398
399
392
395
393
399
398
402
397
390
400
387
403
402
400
399
387
399
388
409
397
397
408
392
392
396
401
396
404
399
401
398
393
791
403
395
409
403
393
392
398
399
396
411
402
398
792
402
401
409
403
405
399
396
403
395
413
406
406
396
404
405
396
417
407
408
407
397
399
404
409
410
410
398
405
406
400
406
401
418
409
408
402
400
412
397
418
411
408
395
411
411
406
420
412
408
406
400
410
405
420
409
405
406
403
411
408
411
418
401
408
403
421
412
410
405
405
411
408
423
415
405
410
405
423
417
410
406
401
425
416
426
422
405
826
424
420
422
410
414
418
423
418
418
410
416
414
430
419
413
413
415
431
422
412
409
417
421
428
417
419
410
428
428
585
664
423
419
439
417
418
424
427
432
421
413
428
427
426
420
416
430
422
427
417
414
425
428
420
418
417
430
430
418
419
414
434
427
417
420
411
432
424
417
421
412
434
421
421
419
419
429
410
426
427
424
426
421
415
431
435
420
425
415
440
427
423
424
423
435
427
423
428
428
432
420
422
432
431
417
427
416
859
415
424
419
436
412
419
426
424
429
417
416
426
423
421
421
412
425
428
424
357
469
433
424
422
419
418
425
428
419
417
416
431
426
416
421
417
437
417
407
431
423
421
418
413
422
427
418
411
417
425
422
419
412
416
429
419
418
416
414
425
580
253
415
413
428
419
421
411
415
427
422
415
416
412
429
421
397
431
412
431
424
411
417
411
428
419
413
419
409
432
419
408
422
416
427
415
413
425
422
397
434
413
430
424
411
417
413
429
419
414
416
409
429
421
410
419
411
430
421
410
418
412
424
425
417
410
415
429
417
417
413
412
424
417
415
417
408
418
421
418
406
413
420
414
415
413
408
416
417
422
413
408
416
416
422
409
404
421
415
420
411
410
413
411
423
417
405
413
406
423
423
409
408
410
419
418
411
407
407
420
415
412
411
406
415
416
413
399
410
414
409
420
406
405
408
408
417
408
403
409
401
420
414
406
396
412
412
409
417
406
406
409
401
421
416
402
403
406
413
416
407
361
440
415
404
420
411
399
401
405
416
408
1210
411
412
409
405
398
410
405
416
404
407
405
402
413
413
405
408
401
409
408
418
407
406
408
400
420
414
401
410
400
416
414
407
411
402
412
412
412
367
438
415
415
415
398
411
409
401
421
409
404
384
422
420
418
414
402
408
415
412
413
409
402
411
410
419
408
408
412
404
421
418
403
413
407
424
405
410
417
407
423
414
407
411
409
420
417
406
416
408
423
826
418
412
431
418
409
417
413
430
419
413
419
412
434
420
412
417
420
428
415
416
418
415
430
416
415
414
410
395
448
409
414
408
426
421
404
412
409
423
418
403
412
405
427
414
405
412
400
422
417
407
407
407
412
410
569
249
404
413
409
420
406
408
413
402
423
413
405
405
407
417
417
410
393
417
411
407
420
411
403
411
401
418
413
409
403
407
410
411
418
404
405
409
401
421
410
407
407
403
410
412
417
405
404
409
406
420
413
407
408
403
419
413
409
411
404
412
409
422
409
411
409
403
425
413
409
406
402
421
420
409
413
407
415
413
417
407
408
415
406
422
418
405
414
401
418
417
406
410
402
416
413
411
406
402
411
410
414
411
401
406
400
417
409
407
409
400
409
404
420
414
403
405
406
420
414
417
401
413
411
408
424
413
399
420
403
429
420
406
407
421
431
419
564
270
414
423
425
417
412
414
419
425
421
418
407
418
413
433
420
412
419
415
437
422
424
423
415
435
421
407
420
422
439
422
406
427
418
431
421
411
416
408
420
427
409
411
405
420
419
410
405
411
416
415
414
402
411
411
406
421
409
405
410
400
418
414
407
409
399
410
401
422
408
405
405
401
411
412
412
397
409
408
400
416
408
406
405
400
405
403
417
404
403
405
398
405
405
405
408
397
406
406
412
402
406
402
399
418
410
403
404
406
418
414
408
403
407
411
410
417
406
409
411
403
424
412
401
413
404
418
410
415
414
398
409
398
419
414
405
396
408
413
414
401
400
405
409
403
413
406
396
396
404
408
402
411
404
395
400
396
413
403
404
400
397
404
401
411
403
398
406
397
403
403
412
400
397
407
396
406
405
402
394
809
396
413
406
399
405
396
405
398
412
412
399
398
400
407
396
416
405
398
396
401
407
399
412
404
401
401
385
414
396
412
402
398
399
393
403
390
411
401
401
395
792
392
405
398
405
394
396
398
391
399
392
407
398
396
395
393
394
395
400
392
406
399
401
394
393
397
391
401
398
406
393
395
397
390
398
391
404
399
396
384
399
397
390
396
388
406
399
397
389
395
397
390
397
396
403
398
391
782
398
388
400
397
402
394
392
394
381
403
389
401
393
404
397
391
394
386
395
388
397
395
399
398
390
384
395
395
388
402
395
397
399
389
780
394
389
403
394
400
396
371
410
388
396
388
400
396
393
391
777
392
394
387
405
393
393
395
386
392
388
406
392
787
389
391
391
396
389
408
398
390
397
389
396
390
401
397
400
393
396
396
392
396
396
401
404
393
387
392
396
389
415
398
399
395
393
395
390
396
398
399
402
396
392
391
404
391
410
393
408
389
400
396
393
403
397
403
395
388
405
395
406
400
395
400
391
401
392
408
406
395
394
396
409
403
404
396
402
401
396
411
408
401
403
397
405
406
408
407
396
403
400
413
407
407
395
404
409
399
419
407
398
404
403
415
407
407
404
400
407
399
420
408
405
401
405
413
415
409
396
412
418
407
421
409
402
411
404
421
416
405
410
406
422
413
409
411
403
421
419
411
406
412
415
416
418
407
405
421
409
423
415
401
406
408
416
410
415
406
400
406
402
419
407
405
406
398
407
400
415
410
401
404
392
409
403
417
411
400
401
397
409
402
408
410
396
404
397
414
403
407
397
396
409
398
407
399
398
399
393
405
400
404
396
390
406
398
404
403
392
395
397
406
400
404
395
396
402
393
409
404
398
400
394
397
393
407
404
401
392
396
403
391
411
402
399
394
397
405
401
405
395
401
399
396
412
404
399
400
395
409
402
405
399
396
399
396
407
403
409
392
383
424
398
411
403
395
349
442
413
402
404
402
393
395
400
406
399
407
405
396
396
396
405
397
411
400
391
403
395
401
397
409
399
400
396
389
405
396
411
401
795
395
400
392
406
404
400
402
392
399
396
405
405
403
396
398
399
399
403
401
410
400
394
404
400
406
400
412
378
421
400
399
406
402
411
402
391
405
397
409
407
404
401
396
397
400
410
403
393
409
396
399
394
408
409
403
393
402
408
403
412
400
404
403
397
415
406
407
404
399
407
399
420
406
405
400
400
412
406
410
404
398
407
398
418
410
403
406
399
405
408
412
405
404
401
401
410
406
411
404
398
406
399
414
414
401
858
356
403
421
414
401
404
406
415
412
412
403
408
410
406
424
411
409
409
400
423
409
410
409
407
413
410
417
419
403
408
406
420
414
414
407
406
412
408
422
409
411
409
406
418
416
415
403
411
420
406
426
417
407
416
410
418
419
415
413
410
415
419
421
410
416
418
413
430
418
417
416
410
429
423
418
417
411
428
424
418
412
417
425
428
419
407
419
427
422
426
416
413
422
421
428
415
421
420
421
428
416
421
419
417
432
422
842
416
436
424
419
420
416
438
424
417
419
414
436
422
423
420
416
430
430
420
427
420
433
431
425
425
422
434
429
424
427
420
432
432
426
419
424
434
431
426
421
422
436
428
421
422
420
438
437
418
429
432
433
420
419
431
425
429
423
416
428
426
428
421
414
426
426
426
411
422
426
427
421
414
418
433
430
418
423
416
437
430
416
423
417
437
423
423
422
417
436
428
415
428
418
436
423
417
423
426
428
423
414
429
429
429
422
416
426
427
428
408
430
430
429
429
415
425
426
429
421
424
415
423
423
431
414
420
425
416
846
412
416
410
427
419
411
416
409
427
421
410
418
407
426
422
413
411
416
422
424
416
404
417
415
417
425
413
412
413
406
424
418
412
413
407
413
413
426
414
413
413
407
428
418
409
416
408
418
418
421
412
416
410
414
420
426
413
407
414
421
418
425
416
410
418
413
430
427
409
422
417
429
418
417
422
414
436
420
412
428
420
427
421
413
426
425
420
421
415
430
425
421
421
414
424
426
426
416
418
422
429
423
414
416
423
424
423
409
421
424
420
430
416
409
429
424
426
414
412
427
424
418
417
413
420
424
420
825
425
421
421
416
413
420
426
422
406
419
424
417
420
414
409
419
421
424
408
414
424
416
428
414
408
423
411
429
419
409
415
413
428
416
410
417
408
425
421
408
415
405
424
420
411
408
410
417
415
410
820
415
407
426
417
402
417
407
425
415
405
377
438
427
419
403
412
405
423
414
408
410
401
419
411
406
413
404
422
410
408
408
402
416
409
410
404
403
409
403
415
403
402
405
396
413
407
396
801
402
396
416
400
390
404
394
404
399
408
398
392
398
391
413
396
398
396
395
399
392
408
404
398
397
394
401
396
407
402
407
396
396
401
393
413
400
400
397
394
405
398
404
404
394
396
397
403
396
408
398
396
400
393
399
395
408
398
798
394
403
401
404
395
400
396
392
407
398
406
397
389
403
394
407
404
397
400
393
400
397
408
401
399
399
392
402
394
411
398
398
401
392
405
396
413
402
393
404
391
400
397
412
400
393
403
393
400
396
409
406
395
394
399
401
397
411
401
401
390
403
403
398
405
410
396
400
393
406
405
401
403
396
403
396
414
403
403
403
399
411
413
395
410
403
420
407
405
412
408
419
402
411
409
403
422
409
406
408
401
412
412
406
407
398
406
401
417
408
402
406
400
405
405
410
397
400
403
396
414
406
405
355
438
411
398
417
404
401
403
398
405
407
403
406
393
401
396
411
406
401
395
802
396
409
406
401
401
394
402
393
413
406
404
399
395
406
405
419
410
406
407
401
411
408
417
405
398
416
404
421
412
404
399
408
414
408
411
405
400
405
398
418
405
404
400
398
407
411
405
803
398
400
407
405
414
404
394
410
396
417
407
402
412
396
407
401
416
406
401
406
400
415
410
408
398
405
408
398
420
410
400
410
401
411
410
407
407
398
404
398
418
405
404
404
399
407
400
411
409
396
407
398
415
409
404
396
404
409
404
416
405
394
410
398
415
411
402
404
401
412
408
409
404
399
410
401
421
404
405
379
423
417
408
405
403
396
412
410
414
409
398
404
400
408
405
408
405
396
404
398
414
406
404
401
400
407
398
409
409
395
410
399
414
405
809
401
415
412
404
395
412
412
401
418
410
400
409
399
417
408
1215
416
407
409
408
396
412
400
420
417
400
407
405
411
414
410
396
411
409
406
409
410
406
396
403
411
399
415
408
396
400
400
408
401
411
403
395
397
396
408
398
408
397
387
407
390
411
404
393
787
405
396
406
396
392
389
396
398
392
406
396
393
384
398
399
391
406
396
398
394
389
397
388
406
396
399
395
385
791
401
393
405
399
388
397
390
398
390
408
394
399
395
391
393
391
401
394
403
400
390
389
393
399
388
403
399
399
388
388
396
388
393
387
403
391
384
398
390
394
381
396
389
399
396
393
387
390
395
383
396
389
403
392
394
394
384
394
386
400
392
400
392
388
777
396
386
402
394
394
396
386
388
389
398
387
403
392
396
390
386
391
390
396
390
404
392
396
390
387
395
386
396
386
404
393
394
392
390
385
392
396
387
399
398
395
391
389
395
386
396
392
400
395
1176
394
390
397
395
402
395
394
396
389
396
389
406
394
399
396
389
391
396
400
394
398
399
389
383
396
397
388
396
394
399
390
391
394
386
392
386
397
390
397
394
388
382
389
395
383
388
386
396
386
397
393
393
390
386
394
383
384
390
396
384
398
391
395
388
387
392
385
379
393
392
383
393
389
395
386
393
388
383
375
391
393
381
386
383
395
386
391
391
385
382
383
395
380
387
379
396
383
392
395
382
380
389
388
378
389
386
392
388
392
390
383
383
386
391
383
394
386
400
385
397
377
391
392
384
392
384
396
394
394
388
392
389
775
387
395
391
396
389
390
392
387
381
393
395
384
401
392
392
392
386
386
780
386
395
390
397
389
391
391
386
380
394
394
385
394
390
397
393
388
394
386
383
392
396
384
402
392
396
392
393
391
377
405
383
397
396
396
397
390
388
394
396
388
403
392
406
398
394
391
396
399
393
400
396
406
398
791
394
402
394
407
401
404
376
412
405
396
404
396
412
401
403
399
388
410
396
412
404
398
391
403
405
402
808
397
401
393
414
406
396
408
396
404
400
410
399
398
402
395
407
405
402
402
397
396
396
409
400
407
399
390
403
395
404
402
404
396
395
401
393
400
398
405
397
396
399
393
397
394
409
399
399
396
393
396
394
405
395
408
398
396
394
396
405
397
409
403
396
397
398
405
408
407
403
394
369
435
419
408
404
403
399
408
408
412
404
401
404
397
414
405
410
407
396
400
404
409
406
411
404
398
400
402
411
403
406
404
385
400
413
412
408
405
394
400
407
396
414
405
401
358
431
404
395
409
399
405
399
394
402
395
411
406
401
386
407
405
396
416
404
404
384
412
407
396
413
404
400
406
398
412
412
404
401
404
415
414
409
400
411
410
404
421
415
414
407
409
414
407
421
416
406
408
407
419
413
415
415
405
406
405
423
412
412
408
404
410
404
419
412
410
406
400
411
406
415
405
813
397
422
410
405
410
404
414
414
413
407
400
412
405
416
413
401
404
402
416
407
414
398
402
410
403
415
411
406
408
398
423
406
394
414
399
420
406
408
403
394
417
402
415
410
397
402
401
408
403
414
407
398
401
399
407
405
409
403
397
403
396
409
406
403
396
392
409
403
407
397
399
398
395
407
402
402
399
395
400
390
409
399
400
397
396
398
393
408
397
399
398
392
399
391
408
399
399
398
392
398
395
402
399