1014
1051
994
1063
1045
1030
1035
1036
1021
1063
1056
1034
1057
1058
1088
1071
1017
1059
1075
1066
1031
1036
1135
1133
1031
1074
1219
1212
1064
1054
1076
1057
1014
1110
1127
1064
1013
1042
998
952
1006
1037
1021
1047
1114
1069
1019
1025
1085
1047
1032
1095
1130
1018
1044
1075
1042
1010
1021
1072
1007
1040
1071
1097
1094
1148
1209
1091
1060
1099
1091
1074
1018
1004
1038
1026
1016
1065
1099
1148
1083
1030
1034
1072
1046
1008
1051
1074
1100
1040
1022
1066
1092
1073
1019
1045
1112
1116
1042
1068
1118
1097
1066
1064
1048
1030
1026
1017
1070
1071
1031
1006
1067