746
720
715
705
727
815
913
928
508
419
874
850
825
760
699
671
671
690
812
884
843
753
699
681
713
742
677
693
898
528
819
626
1266
634
622
636
665
705
725
717
713
705
705
722
747
776
758
816
854
312
507
863
669
391
557
866
266
615
1679
624
2177
280
775
1166
2339
260
379
986
681
706
724
763
766
795
449
276
706
665
647
625
605
598
603
634
695
747
763
788
714
717
698
682
671
685
723
766
810
759
800
804
813
810
821
802
733
753
720
686
404
289
753
855
711
866
847
852
823
783
813
813
795
815
814
810
281
404
705
1446
803
824
878
897
849
811
738
729
724
342
370
768
819
880
877
844
852
836
547
982
754
696
700
726
744
727
344
358
444
275
729
740
747
701
666
667
659
653
650
658
677
708
728
779
840
767
825
833
803
827
815
760
794
777
795
767
807
799
522
1047
765
736
763
742
730
765
804
852
529
265
813
820
812
792
769
754
741
689
706
720
722
774
774
764
784
1485
695
673
669
1332
693
692
473
869
660
648
629
615
616
624
644
674
710
738
746
766
753
722
694
678
691
734
835
891
939
887
868
863
422
391
796
753
673
688
683
673
718
717
719
784
814
757
734
722
708
679
648
633
631
630
646
653
642
651
655
675
688
714
713
730
748
743
703
700
684
685
673
713
736
724
778
779
740
725
712
665
662
642
622
641
671
728
758
821
833
813
796
757
729
704
679
674
672
678
678
683
690
683
667
637
620
612
611
604
626
647
716
731
737
753
725
730
712
674
679
672
684
688
741
783
765
787
775
716
729
702
687
685
672
656
634
634
645
660
689
692
682
663
657
652
668
697
704
712
709
687
712
717
757
734
693
698
679
646
626
617
630
662
747
806
834
889
892
847
815
833
833
815
782
782
769
746
682
685
675
708
742
806
871
853
895
884
839
873
866
827
829
809
796
735
751
751
779
773
822
854
828
793
792
774
734
779
804
841
829
863
853
814
835
822
794
719
723
725
745
747
816
861
858
826
817
795
770
768
765
743
779
787
742
749
730
725
704
729
742
737
774
785
759
780
777
771
752
752
755
732
755
762
760
772
781
771
776
766
736
743
740
746
774
823
842
830
846
833
810
813
795
736
717
714
736
774
784
799
812
811
771
781
770
762
710
722
715
738
732
771
781
755
770
765
722
739
730
745
734
759
762
736
754
759
776
787
774
797
802
792
762
773
753
725
748
750
759
776
821
829
697
1513
720
732
713
739
736
735
710
715
674
645
472
338
431
615
631
658
689
725
1452
718
702
715
702
699
677
675
665
646
629
604
598
607
612
650
703
737
736
729
705
678
656
647
634
624
610
604
599
597
600
608
624
646
670
677
723
726
702
702
725
737
767
778
728
1294
611
609
277
335
487
362
376
618
622
643
631
653
286
365
649
294
340
2104
889
1771
2271
709
695
682
688
679
711
728
738
731
458
968
711
719
326
387
745
766
786
738
727
703
672
690
705
764
793
867
896
800
834
813
394
1167
761
574
883
695
699
689
725
1418
708
695
672
665
668
685
696
753
768
730
866
524
677
660
630
627
629
623
636
646
667
691
699
684
676
668
651
659
654
653
647
683
711
768
747
808
809
750
736
724
696
679
637
643
636
650
669
698
704
724
709
729
685
657
621
607
592
1139
561
555
548
554
568
588
593
594
582
579
576
575
570
578
595
625
627
607
633
667
731
784
780
740
693
705
687
676
681
672
625
603
600
589
576
568
566
563
559
552
542
502
559
523
518
515
509
510
512
519
279
382
545
301
2023
515
920
741
745
752
734
692
649
616
567
557
1065
509
522
554
596
658
684
669
633
609
591
566
593
2107
528
325
766
547
550
562
570
859
267
561
560
562
560
555
764
339
1101
546
545
542
542
714
378
544
545
539
542
541
552
561
571
573
603
1228
604
613
596
588
572
553
557
552
551
540
538
533
525
527
526
525
522
520
521
520
520
515
514
514
509
507
511
512
504
504
505
506
503
506
506
508
507
505
506
507
502
499
496
499
498
498
491
493
493
492
489
489
494
494
498
496
497
494
499
496
496
495
490
494
492
491
484
484
487
489
489
487
491
491
494
492
490
490
489
486
483
482
482
480
481
479
480
480
473
475
474
477
475
474
470
468
470
473
473
470
470
474
475
478
474
476
477
477
473
470
471
472
470
468
462
460
463
462
460
455
453
453
456
459
460
462
462
457
458
459
458
459
456
452
448
451
455
456
457
453
452
451
450
453
455
458
456
457
464
467
468
471
464
460
466
470
472
469
465
470
472
475
474
468
469
470
470
467
461
461
462
462
461
459
456
457
459
461
462
464
465
465
466
469
462
463
465
468
469
465
464
467
470
476
471
472
477
479
481
476
475
479
478
474
475
482
481
476
476
476
480
480
475
474
472
472
464
460
459
456
455
450
449
451
453
457
459
463
467
473
477
479
490
485
486
494
507
502
498
500
507
508
492
495
492
497
492
491
494
498
503
495
494
504
508
516
505
506
520
531
534
527
530
537
545
528
530
535
549
541
533
533
543
529
516
518
523
524
516
506
509
519
539
555
551
578
595
621
581
581
577
569
539
551
548
553
544
559
575
578
547
563
557
548
545
548
556
557
556
558
560
553
545
543
537
536
532
547
558
562
582
618
622
614
642
582
568
540
546
553
552
560
559
542
534
529
528
532
550
587
628
610
616
640
630
648
646
626
621
605
604
605
596
598
624
653
677
682
670
658
641
642
629
632
635
679
706
675
675
675
671
674
679
650
631
607
573
560
552
557
549
567
604
657
690
726
743
712
688
653
631
606
592
579
578
580
595
629
710
825
882
911
860
807
739
664
642
605
575
572
563
567
587
604
639
633
611
519
309
395
621
618
613
596
579
563
554
544
538
531
529
541
544
547
549
560
558
557
567
603
644
635
637
628
609
600
596
577
575
578
600
646
686
727
737
712
675
652
637
618
603
593
583
580
589
596
620
619
635
630
609
589
563
626
303
530
582
476
474
471
464
464
462
462
460
457
460
456
455
453
454
452
452
452
452
451
455
456
459
464
482
535
625
689
749
798
643
893
681
645
618
598
558
558
536
557
572
574
565
564
560
557
541
533
519
708
712
478
470
461
458
455
454
453
450
451
451
444
444
446
445
449
453
452
457
461
465
466
453
458
457
456
461
461
459
457
460
456
454
454
453
447
446
446
443
440
855
430
422
424
425
419
421
421
422
424
423
421
420
408
407
412
409
408
409
405
403
406
402
404
404
403
400
403
401
402
400
403
404
402
407
405
409
412
412
413
418
418
419
418
419
420
421
421
421
420
422
422
422
424
425
427
429
432
440
445
448
450
449
452
453
454
453
458
461
467
467
465
472
478
489
498
501
521
536
552
563
564
558
563
575
566
546
535
532
540
529
521
515
511
509
521
551
606
612
651
780
714
696
678
646
630
616
613
619
637
718
741
724
731
718
674
653
636
621
623
613
629
668
724
863
867
858
818
768
748
732
712
697
686
672
633
615
628
649
663
706
775
787
831
814
768
752
741
747
804
842
836
866
896
843
797
736
675
668
673
696
760
835
885
881
888
860
837
827
789
786
770
790
825
852
803
778
758
730
731
758
781
807
826
820
808
805
800
807
796
774
769
784
812
804
834
836
836
839
811
794
779
760
758
763
773
813
835
813
809
795
747
737
739
721
730
749
739
758
772
793
794
784
759
714
699
683
681
695
728
774
787
803
796
737
727
708
689
711
759
720
739
740
724
699
683
664
638
610
576
564
553
549
553
573
599
642
654
712
720
712
735
733
705
686
630
630
613
601
589
559
569
572
578
601
612
637
638
618
587
566
567
573
589
621
655
674
697
697
671
663
649
633
620
611
624
656
709
713
751
791
772
767
739
692
688
673
654
660
650
666
661
698
702
666
678
660
637
649
631
620
598
598
574
563
566
587
624
683
797
850
820
809
781
714
696
661
624
635
625
646
690
725
791
822
785
803
775
749
727
681
664
636
626
629
657
694
713
699
669
628
601
594
569
563
566
568
571
571
570
569
563
559
560
563
575
630
724
736
791
865
841
837
803
813
804
769
729
646
597
587
588
626
697
845
854
885
846
836
776
721
692
650
646
629
621
612
616
633
658
685
714
758
759
750
740
707
676
655
616
600
584
582
574
591
641
700
746
748
731
697
646
619
595
579
582
594
599
590
607
606
624
601
613
605
595
584
585
575
590
594
596
632
652
693
680
706
701
693
647
644
617
594
576
562
548
542
580
668
843
830
821
816
807
742
673
649
635
614
613
601
587
581
574
560
552
542
543
544
551
551
547
554
562
576
626
705
690
701
672
660
654
636
607
584
569
562
559
548
559
560
573
640
706
749
728
720
696
700
688
654
628
620
600
620
632
681
668
635
643
654
647
639
612
595
593
584
583
608
675
761
780
769
756
753
732
696
671
643
623
609
599
600
613
665
765
793
798
780
744
692
687
666
652
646
637
643
656
662
690
686
682
658
642
618
595
572
559
558
562
572
581
578
586
577
571
591
633
696
780
811
756
738
679
647
630
608
604
607
614
621
635
635
633
628
619
598
603
594
599
615
641
671
708
690
671
651
634
623
610
604
604
584
564
563
577
606
701
833
819
786
761
697
656
628
604
567
552
543
535
528
531
532
541
539
537
534
533
535
540
544
538
530
521
514
508
503
494
493
487
484
479
474
477
476
479
490
504
508
511
514
512
516
509
509
508
506
519
531
535
539
538
532
523
515
524
543
553
563
540
538
522
515
508
495
492
490
494
507
526
569
588
586
591
594
585
581
561
563
556
557
553
559
561
583
584
601
614
619
604
622
604
591
572
562
550
538
522
516
520
524
543
558
574
619
638
663
634
619
614
587
571
544
539
549
563
585
555
545
551
526
514
514
513
487
484
483
487
490
463
467
472
471
474
454
446
453
453
452
453
454
451
447
440
438
440
438
443
444
444
444
446
447
448
442
431
438
442
443
440
439
441
442
441
445
439
434
437
430
432
436
442
443
444
445
447
446
455
451
437
438
438
439
436
434
439
441
439
441
431
425
430
434
440
442
447
443
441
442
443
442
438
432
427
433
430
432
430
435
432
438
439
442
442
443
444
449
445
428
427
428
430
431
433
428
434
431
430
427
426
424
429
424
428
429
436
432
425
429
428
426
427
432
435
438
431
428
431
432
432
431
427
429
428
427
422
415
421
418
416
415
422
420
423
425
424
419
424
421
421
418
416
417
419
419
421
418
421
422
421
417
418
418
422
424
430
434
432
430
422
419
418
421
417
418
417
421
419
422
418
414
411
415
413
412
408
408
408
409
408
406
406
410
409
412
409
411
415
414
413
413
418
419
414
417
415
418
416
415
414
415
417
421
417
414
411
411
414
419
417
408
410
408
417
408
409
405
412
406
412
410
407
405
409
408
411
406
405
409
413
410
414
410
415
414
415
413
410
406
410
407
409
405
407
404
406
404
404
400
405
401
401
396
402
398
399
394
397
396
396
396
397
391
396
395
396
394
396
389
391
389
390
395
396
396
394
397
397
400
398
402
403
401
405
405
403
405
404
410
404
404
404
403
404
409
414
412
407
409
410
413
413
405
406
410
411
404
410
407
415
404
409
409
411
405
408
408
407
405
406
404
405
400
403
398
400
397
398
395
397
396
396
398
400
398
401
401
405
404
408
403
407
406
407
406
408
407
409
401
405
404
404
404
404
396
401
400
401
399
404
403
408
401
401
402
401
406
411
399
402
396
408
405
407
399
402
400
409
406
406
400
400
398
403
403
409
407
404
400
400
400
406
409
409
399
404
402
409
410
411
403
408
405
414
409
410
403
406
403
406
403
409
404
409
403
407
401
403
396
396
397
397
410
413
403
409
406
407
404
410
405
405
399
400
397
402
401
402
395
400
396
405
403
400
396
402
401
403
396
396
401
403
396
399
396
406
399
398
396
399
403
403
399
396
395
401
405
404
400
404
408
408
401
401
401
408
407
403
402
409
415
415
409
408
402
399
401
400
399
397
392
394
396
401
399
405
399
396
395
396
396
398
398
393
391
395
398
395
395
397
396
396
402
396
400
399
402
397
403
401
404
403
401
401
401
400
400
399
400
402
404
401
400
399
401
399
400
400
400
400
400
398
398
398
401
402
401
397
398
396
396
393
392
391
391
395
395
396
396
394
393
391
395
390
391
390
388
384
389
385
387
388
395
392
388
390
394
396
397
401
397
398
398
397
400
399
396
397
397
399
399
396
393
396
395
396
391
395
392
395
391
391
390
394
388
390
388
390
384
388
385
385
381
392
396
397
391
396
394
399
402
400
400
399
398
396
401
399
400
398
394
395
394
393
395
392
395
393
392
393
394
392
393
394
394
392
392
395
396
392
391
393
393
389
389
389
390
386
390
385
384
380
382
383
382
380
382
380
387
391
389
392
395
393
392
395
394
394
392
395
390
391
390
391
390
388
384
387
383
384
379
383
380
383
373
377
375
383
388
388
391
392
396
395
396
393
392
396
395
392
394
396
397
393
394
396
395
392
391
393
394
391
391
391
391
389
390
387
390
383
384
382
384
384
382
385
388
383
388
391
388
389
389
389
389
389
388
387
387
389
388
386
387
387
386
387
383
384
380
384
376
378
376
383
389
389
392
388
391
775
389
390
391
393
386
390
385
384
384
384
378
387
385
381
387
386
389
389
391
389
391
394
391
390
391
390
389
389
391
385
388
382
381
378
380
379
378
381
380
383
386
389
388
392
388
390
392
390
389
389
387
389
386
385
381
384
380
380
377
375
378
381
385
387
388
383
384
387
388
384
388
383
383
378
381
379
378
381
377
379
381
380
382
383
381
382
382
384
380
383
378
378
379
379
377
377
372
373
370
378
379
376
382
378
382
379
379
382
382
382
383
379
380
380
376
376
376
380
378
380
381
384
383
384
385
383
381
383
385
387
380
385
389
386
388
383
385
385
387
388
387
388
387
386
385
382
384
387
390
392
392
390
388
392
391
391
393
388
390
392
392
392
395
395
393
395
396
396
397
396
394
394
395
396
396
396
395
395
396
396
399
399
398
399
399
399
401
399
399
399
400
401
403
404
402
403
401
400
401
403
405
405
405
406
409
410
413
415
417
416
419
420
423
420
425
428
427
429
422
427
429
430
429
429
428
429
433
436
441
439
438
441
440
446
452
456
461
461
465
477
491
493
487
479
471
468
469
472
478
477
479
476
481
481
482
478
476
480
489
498
501
504
502
500
499
496
492
504
526
547
538
521
513
509
499
497
501
500
500
499
504
505
503
500
509
514
508
508
499
509
517
525
527
526
520
513
502
492
484
479
475
477
486
511
541
558
564
604
628
624
614
597
578
561
544
534
525
517
506
499
499
507
508
508
508
520
537
559
564
572
563
567
564
561
550
540
528
516
514
514
511
517
512
506
510
519
532
549
553
546
531
521
508
498
489
485
490
506
526
533
556
561
562
544
545
539
534
531
525
518
509
502
494
494
493
494
506
521
532
565
619
642
644
648
648
622
594
582
570
561
549
538
528
524
523
519
518
521
522
525
536
551
573
591
600
611
585
575
565
555
546
537
538
540
542
544
543
554
572
586
594
584
568
556
545
535
528
525
527
533
540
542
565
583
587
587
575
565
553
534
520
511
503
497
492
499
514
520
535
530
551
564
576
569
553
536
530
523
519
506
500
500
500
496
496
499
502
506
509
509
510
506
507
508
502
503
515
529
536
538
535
551
556
550
541
543
533
534
526
524
527
533
529
524
519
519
515
519
522
525
533
533
533
526
523
508
498
497
496
486
466
467
464
465
461
465
461
463
456
445
448
453
455
459
455
458
459
460
460
453
446
445
447
450
449
452
447
448
449
448
446
442
443
438
441
440
448
446
448
447
450
447
449
442
438
441
444
446
447
449
444
450
449
445
438
442
449
448
449
450
450
448
434
436
437
437
438
438
435
431
432
432
430
431
429
419
421
420
427
434
436
439
447
446
443
442
443
438
437
436
435
434
426
426
426
429
430
429
429
432
430
428
428
429
428
430
426
428
428
428
426
426
427
421
425
428
429
428
432
429
431
430
429
427
426
420
422
422
424
419
422
425
427
427
424
437
427
432
434
435
428
436
435
435
432
428
425
427
422
424
420
415
419
418
419
411
416
415
419
412
414
414
419
419
421
413
420
418
419
412
415
416
416
410
414
415
416
412
412
410
411
409
408
406
410
405
406
402
404
405
404
403
401
402
407
406
407
402
405
403
404
404
411
411
414
410
412
407
406
406
410
408
403
403
402
404
405
403
410
405
407
404
411
411
410
405
417
414
412
410
411
414
419
409
411
408
418
409
408
408
411
410
415
407
412
408
414
415
414
408
412
411
411
406
411
408
411
410
405
406
410
405
408
407
408
403
407
405
405
400
404
402
402
400
404
401
401
396
399
398
395
395
396
396
394
390
396
393
393
389
390
391
396
393
394
399
398
399
397
400
397
400
400
401
399
397
399
401
396
399
401
403
399
401
402
404
400
405
400
406
403
408
405
408
406
409
408
411
406
411
412
415
412
409
415
417
417
410
412
414
418
410
414
413
411
412
414
413
409
410
412
410
413
406
408
406
408
403
403
401
403
399
398
397
398
396
398
396
396
393
396
396
398
393
397
397
398
392
396
398
399
395
396
398
400
398
399
397
403
399
402
397
400
396
406
399
401
398
404
397
402
400
398
403
405
398
403
404
404
400
405
402
406
402
404
401
403
400
401
398
401
399
401
399
404
403
403
402
404
407
405
401
404
405
405
404
406
402
404
402
403
404
397
400
398
399
396
401
399
398
396
400
398
396
398
398
398
398
395
396
395
394
390
393
390
388
386
388
385
380
380
383
380
385
382
385
390
386
389
389
388
389
390
389
387
385
387
387
382
381
384
378
378
373
375
379
374
370
368
375
373
376
378
380
380
382
379
383
384
384
380
384
382
382
381
385
378
382
377
379
374
378
377
377
372
376
378
380
382
381
386
381
384
386
386
386
388
386
384
388
388
387
385
387
387
384
386
387
388
387
387
380
384
378
376
374
376
374
371
368
371
371
374
377
377
381
380
382
380
382
383
384
381
385
383
384
385
384
385
382
381
383
380
382
383
380
380
376
377
377
378
376
374
375
374
373
372
375
369
372
370
370
366
366
366
362
359
358
361
360
365
362
363
365
361
364
365
362
367
364
366
361
363
361
358
359
356
362
360
361
359
359
359
363
358
361
358
354
352
351
357
354
357
355
355
356
355
356
358
354
359
349
357
355
355
355
354
358
355
360
355
356
356
354
352
354
354
354
357
355
359
357
359
356
359
354
353
354
355
356
355
355
356
359
356
355
356
353
348
352
354
356
354
355
357
354
356
356
353
351
349
353
351
352
356
353
355
356
353
357
350
349
352
353
353
354
353
354
358
353
355
354
350
350
349
353
349
354
353
353
353
355
351
353
348
345
352
349
353
348
351
350
353
352
350
347
343
351
345
353
345
347
352
351
349
353
348
352
348
347
347
348
340
344
343
345
347
347
345
342
349
345
346
345
346
344
347
347
346
345
347
344
341
340
340
344
340
346
342
342
344
341
343
344
345
344
342
343
343
342
344
340
345
343
344
342
344
342
346
344
343
340
339
338
341
341
340
339
338
341
341
339
341
340
336
335
341
340
335
338
340
339
339
336
335
335
336
339
336
338
336
340
340
338
334
335
339
335
333
336
340
336
335
337
330
337
333
339
335
335
337
336
335
336
331
334
335
336
332
335
335
336
338
332
334
336
335
333
334
335
336
339
336
331
331
332
334
333
334
335
337
332
333
334
329
333
332
335
333
335
333
331
336
332
332
332
336
332
333
334
335
332
335
330
335
335
334
330
331
337
334
334
334
331
329
330
333
331
329
329
335
332
328
332
328
330
328
335
329
330
331
332
330
331
333
328
330
328
330
326
329
331
329
327
331
329
325
327
328
324
326
329
325
326
330
325
326
324
328
323
325
323
328
330
324
324
325
328
322
324
324
327
327
322
326
326
322
324
328
325
324
321
322
324
322
320
324
327
323
323
322
320
325
323
324
324
325
325
319
324
323
320
322
322
324
325
319
320
326
324
319
320
327
326
322
323
322
323
322
325
324
323
321
321
322
321
325
321
325
322
326
321
321
326
325
319
322
327
326
323
322
321
322
321
324
324
322
323
323
318
320
323
322
323
320
324
326
318
321
322
322
322
323
322
325
318
316
315
317
326
322
327
323
319
323
321
323
321
323
320
324
321
321
323
321
327
324
327
327
321
322
325
320
321
326
323
322
326
323
321
325
326
324
326
321
329
325
322
325
322
322
322
325
324
320
324
324
321
320
321
320
320
324
321
319
326
323
322
321
319
321
316
326
320
319
319
323
322
317
321
321
317
319
321
322
321
319
318
321
319
315
318
322
321
320
315
317
320
318
318
321
319
316
322
315
317
321
319
314
316
320
319
319
317
315
318
316
314
315
319
317
319
313
315
318
317
313
314
319
319
316
313
315
318
313
312
313
320
319
315
314
315
319
313
312
317
319
316
312
315
316
312
314
319
314
313
316
313
313
313
315
318
313
314
313
313
315
311
313
320
315
313
315
315
312
313
319
313
313
316
313
313
314
316
314
313
318
312
314
311
318
314
314
315
318
311
312
317
312
311
315
315
313
311
314
314
313
313
319
313
313
314
315
313
314
315
312
315
319
312
313
316
309
312
317
312
310
313
311
309
311
314
313
312
312
310
313
314
308
308
317
311
309
314
310
308
311
313
310
309
314
309
309
311
312
311
311
313
310
308
311
310
310
313
313
310
309
309
311
310
312
313
312
305
308
314
307
307
313
314
306
306
313
307
306
313
314
307
307
311
307
306
313
313
307
307
311
308
304
312
313
307
304
309
310
306
309
313
306
304
309
309
306
306
311
307
306
311
307
308
306
310
310
310
308
313
304
304
313
306
306
311
313
304
304
312
306
305
311
313
306
306
309
309
308
311
309
304
308
307
305
310
310
308
306
311
304
303
313
308
308
307
310
304
303
312
308
308
307
310
304
302
311
308
308
305
312
305
302
311
307
306
312
308
304
306
305
307
310
310
307
304
306
308
307
309
310
307
303
305
308
306
307
310
307
305
305
307
306
306
310
306
305
306
308
305
310
310
307
305
310
304
301
312
308
304
308
311
301
306
309
300
309
306
312
310
300
308
310
305
305
312
305
308
312
302
304
309
307
305
311
307
305
311
304
301
306
306
305
309
308
304
306
305
306
302
309
309
304
308
306
302
305
308
304
306
310
303
304
308
306
300
310
306
302
309
306
300
302
306
304
306
308
305
301
305
305
299
310
306
306
302
307
302
299
308
306
302
307
311
303
302
302
306
304
305
311
301
305
309
303
300
306
304
302
307
309
299
304
307
302
299
306
302
309
300
298
310
302
301
306
307
297
302
305
304
303
306
302
304
301
303
302
306
304
304
307
301
299
302
302
301
308
302
296
303
303
302
300
311
301
298
302
304
299
305
308
300
300
303
302
303
305
304
299
303
302
297
307
303
303
301
306
299
296
307
302
304
304
304
298
296
307
300
298
306
301
295
300
301
301
301
305
301
300
301
300
300
305
302
298
304
298
298
300
302
298
302
294
298
303
300
302
298
304
298
297
304
302
302
304
301
302
300
298
301
303
301
304
300
296
307
297
305
303
297
297
299
309
301
300
303
303
302
300
301
304
304
300
301
303
301
305
301
301
302
308
296
303
303
305
300
303
305
308
297
304
306
307
300
306
306
303
307
305
308
303
312
308
310
306
307
308
311
305
309
309
308
309
309
311
306
311
313
310
310
310
313
310
313
313
312
313
312
314
311
312
313
318
310
312
313
310
312
313
315
311
315
315
314
313
315
318
316
314
317
319
321
319
314
314
320
313
318
321
322
317
322
325
325
320
324
326
321
320
323
325
329
329
329
324
328
332
326
329
332
333
329
335
337
334
337
338
339
338
341
344
337
343
345
343
345
347
348
346
349
351
346
351
353
350
350
351
353
354
354
350
353
355
354
354
358
360
357
361
363
363
364
368
368
368
371
374
370
376
377
373
379
381
381
383
385
386
384
388
388
383
387
386
382
385
385
384
378
384
385
382
384
386
386
378
383
386
387
387
386
381
387
391
392
390
396
396
395
396
398
396
398
399
399
396
402
403
398
403
405
402
406
409
407
408
411
409
403
409
407
404
406
407
405
403
407
812
405
406
401
397
398
400
398
395
395
396
392
394
396
395
396
398
398
398
401
399
400
403
399
401
404
398
405
409
403
411
413
408
414
416
411
417
417
413
418
421
417
421
423
416
420
421
422
419
417
417
418
417
417
421
421
421
424
424
427
429
427
433
434
434
434
437
436
434
435
436
435
432
437
438
442
438
438
437
432
434
427
427
434
439
439
440
447
459
462
458
453
453
456
452
449
458
464
469
469
459
457
461
460
461
456
459
457
450
451
449
447
439
438
435
431
429
443
446
457
487
504
506
488
487
491
485
480
475
464
460
469
461
460
471
467
467
475
473
466
465
476
471
473
481
477
477
487
481
475
479
488
491
486
486
492
484
484
493
486
490
500
496
493
485
478
472
478
470
469
481
480
487
498
496
501
513
501
508
512
509
515
508
510
517
505
507
520
507
513
520
519
520
515
506
513
503
498
499
494
491
490
488
490
489
487
490
493
494
499
506
506
519
514
508
520
516
512
501
496
494
493
487
497
498
496
504
506
504
516
512
503
518
511
505
508
504
496
501
488
502
508
513
507
503
514
510
505
508
499
505
502
498
495
497
493
500
502
504
508
513
514
511
514
503
517
515
513
508
504
505
496
510
508
508
517
515
509
519
1033
517
507
498
495
490
491
495
493
486
492
487
484
487
481
484
480
479
478
479
479
473
476
479
472
479
471
467
470
470
469
472
469
469
466
470
468
467
466
471
476
482
480
493
492
488
498
495
489
497
493
491
492
497
496
496
498
504
503
501
497
506
509
506
503
506
505
502
498
504
500
499
493
486
497
494
497
499
508
507
504
517
513
513
521
518
520
518
528
524
522
534
528
529
534
534
531
529
542
534
532
544
539
540
542
546
541
539
546
535
534
534
531
526
522
536
532
531
543
534
534
533
532
526
519
516
507
498
504
502
499
497
498
496
495
500
505
505
509
512
519
515
510
520
515
514
513
517
514
510
521
521
522
523
538
537
539
543
545
539
535
543
537
539
546
552
546
545
556
554
548
547
557
548
546
554
546
544
550
546
541
537
547
539
540
542
541
541
542
547
542
540
548
545
540
535
531
528
520
519
514
521
516
518
522
523
522
518
527
519
519
521
518
515
512
518
516
516
516
529
529
532
542
539
540
541
545
536
532
541
535
533
529
534
528
525
532
526
528
531
533
529
526
521
518
521
523
521
521
521
529
530
529
526
534
535
532
529
537
536
531
530
536
532
536
538
548
543
542
552
551
546
541
549
541
539
538
540
534
533
535
533
529
526
535
531
535
537
545
542
539
548
548
549
550
559
555
555
556
559
553
551
558
556
556
557
559
559
553
548
538
537
530
537
524
524
523
524
519
521
520
518
511
521
534
534
529
529
531
530
523
520
522
519
516
514
521
524
526
529
547
551
552
553
566
561
557
553
555
547
539
532
523
521
521
525
524
529
532
548
560
558
561
563
567
558
554
555
550
541
535
545
537
540
543
556
553
557
572
581
576
573
578
568
558
553
556
546
542
538
544
537
538
544
548
547
549
566
569
568
566
576
571
562
558
562
553
546
541
546
544
539
535
539
543
545
545
544
557
563
557
556
559
553
545
537
532
521
517
517
516
516
517
521
522
525
521
521
527
526
529
529
524
526
526
527
525
523
529
524
520
516
518
521
526
529
534
536
534
533
528
532
529
528
527
534
532
537
551
552
563
560
568
591
593
572
575
578
578
578
573
562
553
547
547
555
559
555
555
570
574
567
563
574
566
559
553
563
557
551
551
563
563
564
573
589
577
573
570
564
556
549
545
549
546
539
536
539
536
534
538
553
567
576
585
604
596
579
574
565
553
546
545
541
540
535
531
531
533
533
529
529
532
539
539
542
549
564
560
563
564
574
563
563
570
570
562
561
570
571
563
562
569
563
564
563
559
560
552
547
546
553
538
542
553
555
558
563
563
554
551
559
552
547
544
539
536
539
546
558
567
574
583
597
597
582
579
576
578
565
567
571
575
570
578
590
599
594
598
612
609
594
585
592
584
573
565
571
559
554
551
559
556
553
555
552
557
567
575
577
574
574
584
579
572
567
577
576
569
572
581
588
585
591
598
608
599
598
597
601
592
584
583
588
584
579
582
595
602
595
603
613
621
615
612
612
616
608
597
594
601
596
588
586
595
591
586
591
604
604
604
605
610
595
593
596
589
579
575
582
581
576
582
596
602
600
606
616
607
608
606
604
591
588
591
581
579
579
584
577
581
591
588
588
592
603
597
599
603
608
595
596
599
596
583
582
584
580
571
574
583
587
586
588
594
604
597
593
593
596
584
580
580
584
572
575
575
576
569
572
580
587
590
616
603
619
610
613
612
606
593
590
588
585
575
574
574
567
573
593
576
582
576
568
566
559
548
533
536
532
521
524
512
509
503
502
497
493
490
486
486
480
479
474
483
488
507
523
549
579
573
573
576
576
563
552
547
537
536
541
537
526
522
517
521
513
511
506
513
509
510
509
513
508
508
505
504
501
501
499
499
501
509
517
524
542
581
630
622
618
610
611
590
582
577
575
565
562
562
565
558
561
571
584
584
590
604
586
587
599
592
583
579
586
574
566
562
572
569
566
568
586
600
597
604
627
635
620
620
618
617
600
595
601
595
590
593
606
625
633
646
673
662
645
639
636
624
609
605
613
608
604
608
630
646
636
645
649
640
621
615
619
603
603
604
613
608
622
637
671
628
644
650
624
619
612
604
593
592
599
598
593
605
618
623
626
634
612
622
621
621
618
604
604
604
602
581
583
594
595
601
590
611
604
620
617
607
597
583
580
578
574
566
568
571
574
578
578
586
597
607
600
605
609
610
607
592
589
594
588
578
580
588
592
593
621
608
622
612
629
616
618
604
600
596
593
588
575
566
566
571
559
561
558
551
545
539
539
533
533
538
543
550
554
566
574
596
588
601
604
599
596
581
574
565
558
548
542
539
537
539
550
568
593
599
599
593
594
588
590
578
575
566
563
553
551
545
545
540
547
548
556
565
571
590
584
602
597
594
595
591
585
580
571
562
554
554
551
550
569
551
584
571
604
606
600
605
600
602
589
585
584
578
568
564
565
563
562
581
576
574
586
608
603
599
599
611
589
592
581
577
575
570
565
582
574
567
578
604
609
611
611
630
613
616
605
604
602
596
588
599
575
581
584
599
596
593
621
620
632
616
637
626
608
608
611
591
585
593
584
585
577
600
599
609
597
623
613
604
608
612
604
591
602
592
592
590
591
601
601
595
616
610
613
601
622
609
593
597
603
592
586
586
592
591
594
596
608
611
606
622
615
609
603
605
595
584
558
564
554
544
541
537
528
527
528
525
538
567
604
658
677
691
695
674
661
635
617
605
592
581
573
563
560
561
568
577
615
632
640
666
653
644
634
630
628
614
605
598
590
576
573
568
567
560
565
563
581
574
613
616
638
626
622
611
610
592
578
568
559
550
543
537
542
536
545
575
578
634
679
737
713
699
689
656
638
622
613
598
589
584
579
572
577
584
610
600
645
647
656
633
652
626
628
614
609
605
602
596
614
603
595
602
619
617
585
604
602
594
593
603
574
577
563
563
558
546
537
527
520
517
515
507
499
493
492
488
501
500
519
534
550
570
636
632
613
563
567
554
549
537
529
519
514
507
501
496
490
489
479
478
486
500
521
526
529
534
532
529
528
526
522
517
510
513
513
515
517
517
515
513
510
510
512
514
521
527
530
530
545
561
561
560
568
559
557
557
552
545
538
539
534
535
533
541
545
554
575
576
604
589
586
577
566
564
558
556
545
539
541
531
533
534
538
543
569
596
648
656
662
615
618
604
583
566
555
540
529
520
513
509
505
506
507
516
534
555
601
646
655
608
607
585
577
577
568
555
546
543
539
534
533
533
533
532
531
539
545
541
547
546
553
561
563
555
552
554
546
541
536
537
536
535
537
535
546
551
555
556
564
567
572
567
552
546
531
534
529
522
517
511
507
504
505
512
516
540
601
682
695
735
718
687
643
623
609
589
563
551
557
546
536
532
528
524
527
529
543
557
576
563
583
586
589
578
568
562
550
554
549
538
530
523
518
513
507
504
500
498
496
489
484
485
486
485
490
494
498
492
497
496
494
490
491
489
484
488
484
481
479
482
478
478
479
478
481
468
470
469
468
470
463
459
459
458
461
463
469
472
472
479
475
470
467
468
467
464
460
459
461
451
450
450
451
446
441
438
442
444
451
446
453
460
460
470
479
484
491
491
494
497
489
483
488
490
488
487
485
482
479
477
479
487
497
502
498
526
509
507
507
509
500
491
492
487
485
484
483
484
485
485
488
492
497
519
539
553
566
584
565
558
570
556
544
533
545
531
528
522
521
516
513
516
529
532
544
563
594
584
586
606
578
573
567
565
551
537
554
546
542
535
528
524
529
538
545
554
605
610
621
621
637
617
604
568
552
549
540
535
533
529
522
511
506
504
498
493
493
492
497
540
778
808
793
742
717
671
616
602
584
571
546
529
527
530
525
527
530
537
544
547
563
569
578
570
563
583
571
573
562
548
564
555
564
561
558
553
566
568
564
563
577
579
580
570
566
567
564
563
566
559
556
551
554
554
553
559
581
609
619
658
672
623
628
629
596
588
582
563
536
549
543
533
527
523
520
518
519
517
523
542
572
591
638
656
631
639
629
597
581
578
551
536
514
530
518
512
505
500
495
492
491
494
499
515
548
595
593
628
659
669
660
631
595
589
572
563
555
548
541
532
526
519
511
511
521
535
572
664
684
758
726
694
654
617
596
576
558
554
554
552
547
541
546
549
555
557
555
565
565
563
553
542
539
522
527
526
528
528
527
526
523
519
521
526
531
530
533
542
561
581
587
597
600
584
546
541
526
521
507
502
502
491
485
483
483
487
494
508
517
559
634
689
689
670
654
627
590
571
550
530