931
689
5158
1158
406
1707
288
501
1178
911
612
1319
838
1605
3880
286
393
1113
1132
707
896
779
732
588
1644
416
889
874
1761
2741
2054
1118
1323
510
1561
502
638
828
482
480
479
494
463
478
478
481
524
506
604
2300
487
531
564
776
384
2645
284
3818
967
1113
408
4110
621
845
946
387
1093
583
3139
1686
1348
539
527
519
509
294
712
502
504
499
499
503
510
518
516
284
271
548
351
742
544
532
529
530
526
527
510
513
287
532
393
363
536
544
548
558
549
536
532
527
620
279
671
527
288
593
352
943
544
544
535
552
1053
828
270
332
1258
324
705
535
459
2313
1260
367
539
471
599
271
271
568
263
338
485
362
389
621
1740
546
537
533
532
531
538
539
551
577
571
562
545
533
529
518
507
500
500
504
508
510
513
516
518
523
530
534
550
559
595
575
594
563
889
613
694
377
1034
1257
532
548
390
352
299
920
579
706
529
422
503
269
516
256
2186
737
675
627
601
566
549
529
518
515
523
675
729
704
635
609
578
557
546
534
522
516
520
536
546
550
543
528
521
513
506
505
512
1133
918
771
588
722
554
528
514
505
503
506
513
519
523
530
536
542
556
558
546
526
532
548
661
655
613
578
1113
538
537
535
535
537
542
555
571
570
553
536
519
1740
258
403
629
587
552
541
537
529
523
521
516
518
518
513
515
516
519
524
305
605
365
1694
362
618
1552
382
721
636
535
531
526
516
515
513
511
509
507
501
496
1796
857
755
671
587
537
518
511
506
503
505
506
512
522
535
540
548
547
543
543
539
536
529
524
521
519
517
509
511
511
517
510
510
511
509
515
519
382
613
281
399
4426
1104
537
528
519
512
519
539
572
591
568
557
550
539
541
538
678
402
550
562
562
565
558
550
546
548
548
548
548
549
540
308
396
318
336
263
2612
366
1321
273
1261
530
471
261
344
256
362
1619
696
364
576
384
1229
604
766
1251
583
570
552
534
527
522
521
523
528
1088
554
571
570
568
564
567
552
544
539
538
539
1950
286
315
1030
2535
3190
591
580
578
568
555
550
549
557
569
608
628
682
627
618
585
574
577
573
574
572
565
560
559
562
561
568
569
566
560
553
552
552
563
619
621
634
639
618
595
581
563
551
544
535
529
535
539
556
616
631
691
653
635
638
611
583
572
557
538
525
521
521
531
550
566
607
680
640
620
629
607
589
583
570
563
461
657
563
566
588
619
634
717
667
633
601
562
539
521
534
539
996
321
805
628
590
533
526
518
509
507
509
514
518
527
528
532
1062
1074
524
1674
693
646
609
568
540
518
510
503
501
502
502
507
500
502
507
505
513
509
507
506
500
500
495
497
496
497
497
504
507
510
515
520
524
531
535
540
540
542
536
537
536
533
534
535
543
540
538
533
550
550
550
561
563
561
550
546
546
554
559
556
554
550
542
537
529
526
523
521
515
512
515
520
542
587
652
619
602
576
562
550
543
532
527
520
516
516
516
512
520
531
554
599
685
669
687
666
640
619
586
569
558
552
542
533
533
528
531
520
529
517
518
521
535
549
554
550
546
555
546
541
541
540
288
783
525
521
1035
521
509
503
503
502
1035
518
510
505
505
499
493
487
483
481
484
489
498
505
524
509
541
646
616
628
621
605
608
603
574
567
560
539
533
543
754
456
324
784
717
661
620
1163
563
561
559
557
562
609
689
1434
704
670
633
601
576
580
622
613
591
578
579
573
563
560
561
566
577
611
609
620
314
296
605
587
577
574
567
558
555
549
1393
793
708
664
607
568
536
523
517
512
504
495
492
491
487
487
504
566
711
786
729
704
663
607
587
556
546
535
535
535
539
555
615
699
714
1401
262
368
622
501
657
750
413
1845
639
637
626
584
563
552
545
542
536
536
538
542
554
564
572
614
577
578
566
557
550
541
544
543
546
552
562
608
593
581
582
566
554
541
818
825
450
485
608
275
1592
308
565
517
768
395
770
607
693
585
577
571
582
589
577
604
588
603
593
585
678
459
558
548
545
551
1050
670
612
608
602
591
580
572
568
567
569
568
565
562
553
551
563
564
563
548
541
540
539
541
545
546
546
547
546
533
523
533
552
588
577
573
575
571
565
557
543
543
546
550
563
571
604
612
665
613
622
591
585
587
581
571
561
562
559
562
563
568
578
616
595
578
577
574
569
565
571
567
563
552
541
547
544
530
523
531
533
542
544
545
557
557
563
589
612
619
665
659
665
649
638
593
588
585
578
570
574
586
622
628
635
643
643
646
653
634
584
567
562
560
563
565
563
553
548
551
562
566
566
572
585
595
588
601
591
585
577
571
568
574
578
574
565
563
563
572
590
583
599
628
633
634
632
603
591
587
572
569
566
555
553
562
604
611
692
694
764
739
691
652
620
591
556
541
525
515
508
506
517
556
651
695
668
627
613
569
547
539
533
528
525
520
517
514
516
518
515
513
506
1033
545
543
546
544
548
548
548
548
546
544
547
540
544
543
545
543
547
566
588
619
595
580
568
572
793
342
579
622
608
602
604
634
633
608
598
594
600
604
576
557
558
561
619
688
692
688
654
1253
591
600
587
578
569
560
547
545
547
554
567
577
576
565
568
581
588
588
588
583
595
594
589
592
601
593
630
692
670
658
635
592
569
554
540
526
1105
539
822
647
615
583
560
549
544
536
527
532
534
527
521
516
527
538
519
519
530
547
537
589
441
505
503
495
495
497
500
499
500
497
494
491
488
484
479
477
476
468
468
465
462
460
458
453
453
452
451
450
449
452
457
467
486
518
537
530
503
488
485
479
476
476
473
471
466
472
468
464
461
460
464
463
461
457
712
653
457
459
464
470
475
475
475
472
476
470
467
465
461
461
459
456
454
452
451
453
454
457
468
470
474
484
1271
410
585
456
693
486
481
479
475
469
948
476
474
474
463
468
472
469
475
474
479
480
485
488
483
483
481
478
477
480
480
487
492
505
510
508
502
499
486
495
486
484
479
479
478
474
473
472
470
472
469
468
466
467
466
463
698
316
405
479
700
340
723
4972
461
463
462
466
466
471
476
783
367
798
640
334
487
489
1009
1258
1577
947
473
472
471
478
491
415
787
622
617
588
1064
497
488
481
478
474
470
470
469
466
470
469
471
471
467
463
462
463
465
461
464
466
467
477
481
479
481
484
754
258
281
5337
471
472
468
465
464
466
464
467
468
472
478
479
482
481
482
486
480
482
485
479
480
481
483
484
484
484
486
489
486
487
484
482
485
486
485
486
490
491
487
489
490
489
488
499
493
492
491
490
486
484
478
479
480
483
487
490
500
496
498
493
486
482
477
474
468
461
457
453
455
456
458
461
463
466
472
477
484
492
492
501
510
502
501
508
514
504
510
501
504
497
492
483
951
467
276
661
1305
346
664
291
313
1009
501
492
1267
699
369
588
580
2169
621
496
496
478
475
957
486
496
498
1504
497
489
496
486
482
479
476
475
471
476
965
503
517
527
526
1062
516
506
497
493
482
481
479
474
472
792
1090
479
495
1012
7862
470
479
497
515
667
604
600
592
608
586
554
519
511
272
718
485
484
479
474
478
483
494
502
721
303
536
576
576
563
557
1032
264
724
481
478
478
476
478
477
480
482
492
496
494
497
507
507
500
496
496
490
499
487
488
484
473
472
469
477
478
483
494
504
510
505
506
517
512
509
1448
465
938
471
468
463
461
463
459
458
458
455
454
451
447
447
445
446
446
445
442
443
444
450
465
491
660
691
669
624
584
561
528
506
491
478
473
931
472
476
484
480
478
479
470
468
471
467
476
479
478
481
484
476
475
949
471
467
468
469
479
489
499
503
509
507
496
498
494
493
492
487
480
475
476
477
481
492
501
507
520
591
636
608
584
511
658
546
533
514
497
482
472
467
458
457
449
443
450
453
469
585
606
1363
663
604
539
999
487
483
473
468
465
463
459
462
458
457
454
452
454
452
455
623
736
457
454
451
454
453
453
457
455
909
335
990
279
734
292
437
478
750
1831
739
326
769
495
455
451
441
438
435
429
430
426
423
532
305
428
426
420
422
426
421
421
416
419
418
417
417
417
422
425
429
872
438
438
439
443
441
445
438
440
439
440
441
443
451
454
457
465
472
468
467
468
468
469
469
469
467
464
463
461
458
460
461
464
470
481
507
576
572
548
540
526
498
489
479
476
468
460
455
461
463
477
494
550
553
509
590
853
322
767
274
938
1415
1376
281
369
801
977
569
617
423
543
934
684
451
281
407
474
1222
886
375
1699
1886
4859
420
965
1069
751
3048
460
460
449
444
440
443
440
437
435
430
442
438
436
729
605
460
464
449
454
442
438
435
433
432
430
426
424
426
422
419
420
414
416
417
418
413
417
410
420
830
826
415
410
421
417
417
422
424
428
435
437
449
450
457
453
454
449
449
443
440
437
432
428
424
421
428
426
423
423
425
428
425
425
427
419
426
426
854
445
448
451
892
439
441
447
432
438
433
434
433
432
435
331
532
429
601
558
256
341
756
2461
1916
755
261
390
364
565
454
667
257
1387
464
472
622
320
938
256
314
371
288
309
394
387
453
453
701
572
543
451
928
271
667
470
464
453
451
447
440
442
438
438
438
440
288
659
552
605
551
979
920
456
455
470
468
470
473
479
483
475
475
470
468
463
468
481
497
505
479
478
480
484
497
479
472
480
471
460
455
449
450
449
453
467
482
496
478
484
400
383
253
987
316
655
477
473
471
467
300
633
341
580
454
1358
453
446
447
442
1561
603
571
537
486
478
469
467
463
458
458
454
453
452
454
455
458
455
454
456
453
454
459
461
463
460
461
461
456
453
455
454
453
455
454
455
455
452
450
452
447
444
446
444
445
445
445
449
451
453
458
465
475
478
480
478
474
471
468
471
465
458
452
445
446
444
448
450
466
476
491
504
496
360
562
426
1172
499
497
488
474
467
461
460
459
449
456
822
335
641
440
445
443
445
446
588
294
895
449
454
454
452
442
441
874
874
440
441
1665
811
669
3266
599
699
3966
399
299
455
261
933
1839
1788
1237
920
528
992
405
1137
309
1829
432
689
2456
843
408
573
2683
494
615
527
473
468
474
467
460
460
457
513
854
455
458
585
639
615
623
609
559
482
478
471
465
461
458
457
563
353
461
464
464
466
469
467
467
463
459
465
495
665
647
628
613
571
525
508
490
957
472
467
467
464
465
468
469
470
469
481
480
481
483
476
473
468
465
458
456
453
456
457
467
475
476
482
523
1069
601
553
497
483
483
476
466
457
452
449
444
442
441
440
443
439
444
448
449
449
452
450
458
459
467
457
451
454
457
447
449
454
890
446
447
447
449
451
450
446
443
438
442
445
454
460
471
481
488
490
502
498
492
487
481
478
475
473
472
474
478
481
490
493
495
489
487
479
479
481
485
501
576
626
633
621
602
557
518
504
494
490
488
493
492
494
495
502
510
517
516
508
503
499
572
408
484
480
470
483
981
569
620
649
766
706
729
685
663
652
571
516
1422
534
664
2132
763
536
539
539
612
515
628
536
510
493
483
479
472
466
465
471
474
475
473
477
481
498
592
633
661
646
611
594
551
530
518
509
501
493
489
484
478
474
477
478
482
486
485
503
498
505
520
578
571
548
581
538
532
513
502
491
491
497
508
613
644
697
681
642
612
576
528
513
501
493
483
484
477
470
473
471
470
480
523
684
709
675
677
631
554
521
508
501
497
490
480
479
481
490
505
523
616
609
606
586
599
586
525
507
490
485
481
472
470
469
474
477
479
475
472
468
465
462
455
457
455
453
455
458
471
491
526
631
633
638
607
590
533
505
498
494
487
488
490
486
486
480
482
482
499
515
529
535
536
543
534
521
511
500
494
490
488
500
575
670
741
703
686
671
651
633
582
516
505
495
486
475
466
463
461
461
463
463
470
486
514
651
666
688
672
665
1179
523
509
498
500
496
494
492
484
475
469
468
468
470
474
477
496
516
626
589
563
533
515
500
496
489
488
495
508
523
529
527
519
507
496
494
482
479
482
487
490
493
479
475
479
973
484
979
504
513
604
595
569
552
537
512
504
498
503
506
516
517
532
583
582
590
598
646
398
816
535
528
507
494
491
651
289
458
454
457
469
602
736
645
617
617
604
583
507
503
505
506
493
485
477
472
466
465
466
468
470
477
469
737
670
461
455
451
448
449
447
903
455
455
457
450
449
445
442
443
439
446
454
460
465
467
460
461
461
455
454
813
532
444
440
438
437
436
436
439
451
494
273
1956
316
638
465
460
454
451
445
439
436
433
430
433
432
438
445
471
629
635
598
561
506
485
474
467
458
454
450
449
448
448
450
452
452
454
450
448
442
442
442
447
461
477
493
494
493
488
482
467
460
891
438
433
432
429
432
430
278
332
263
441
439
438
439
438
444
441
438
438
431
814
488
435
434
435
430
430
425
425
420
417
420
418
419
422
424
421
418
421
415
413
406
414
407
407
405
409
408
409
407
407
410
405
408
404
411
411
410
415
415
413
406
406
407
402
399
398
398
401
399
396
399
400
397
398
398
396
402
406
415
416
420
416
414
411
412
407
406
402
407
405
408
409
410
405
428
375
1592
396
398
396
396
394
393
395
394
395
397
404
416
415
424
426
420
417
413
408
409
409
408
408
401
399
402
402
400
402
396
396
398
401
402
404
402
402
402
398
398
405
400
402
398
397
396
394
394
385
393
396
392
399
395
395
398
398
402
397
395
398
396
398
393
394
394
394
397
393
393
396
392
398
393
392
395
391
396
393
392
388
389
390
392
390
394
392
390
392
391
393
393
395
400
396
400
403
401
402
394
393
390
389
396
390
387
384
383
378
382
379
385
389
392
394
393
389
388
384
390
387
393
390
392
392
388
388
392
387
391
392
394
400
392
392
387
389
385
389
385
388
386
386
386
385
382
383
381
384
385
394
387
388
386
384
385
383
384
384
386
391
389
391
384
389
385
386
387
390
392
391
391
387
387
386
385
387
386
377
387
385
382
386
383
380
382
382
377
379
376
377
374
376
373
373
371
374
372
370
371
374
370
376
374
376
376
373
377
375
375
376
376
370
373
374
379
374
376
373
376
377
375
378
376
377
377
374
376
372
376
379
378
377
379
378
375
378
376
375
374
373
371
366
369
370
369
375
376
380
380
373
376
378
376
379
380
384
382
382
380
378
375
374
375
373
380
382
380
381
378
381
374
379
380
375
373
372
372
372
374
383
377
380
382
374
376
374
377
374
374
371
372
370
365
371
375
376
378
380
375
378
373
378
380
376
379
377
374
372
374
378
371
375
373
375
380
382
383
381
380
377
384
380
381
375
378
375
375
374
371
371
370
368
367
369
367
366
364
360
361
362
361
362
365
367
365
365
364
364
368
370
369
370
364
366
368
365
365
366
732
373
374
374
373
371
368
371
372
371
373
370
366
364
366
368
368
363
363
359
359
359
360
357
362
362
361
358
363
361
366
365
367
366
364
369
366
362
365
363
363
367
372
366
373
370
372
365
368
370
371
369
369
370
365
364
366
361
365
360
356
356
359
360
359
358
360
362
356
360
357
363
356
359
361
361
361
361
420
300
358
355
361
354
359
360
356
357
358
362
361
359
358
362
358
363
364
362
359
360
360
360
360
360
358
355
362
360
360
358
359
359
358
358
362
358
358
358
359
357
358
358
355
354
352
353
354
354
357
358
357
356
356
358
716
354
357
353
355
355
357
355
354
357
358
356
355
361
360
356
360
360
358
358
360
361
360
355
354
355
354
355
354
357
352
354
357
356
358
357
354
360
354
356
358
355
356
357
357
359
357
355
357
348
361
354
355
353
715
357
357
355
355
356
356
354
354
353
354
352
355
356
356
351
353
351
350
351
352
351
347
345
347
346
344
347
351
350
353
351
353
353
353
353
353
353
351
352
351
357
353
350
353
356
354
354
354
354
351
353
353
355
354
354
352
353
354
354
352
352
351
351
351
353
355
354
353
353
350
353
356
354
354
351
349
350
351
349
351
349
347
348
345
691
349
349
353
354
355
355
354
352
350
352
351
350
354
358
358
359
361
361
359
357
359
360
361
360
360
356
354
354
352
360
355
351
351
355
352
353
350
700
351
351
354
355
357
357
354
354
352
354
351
354
347
350
348
348
349
352
353
349
350
353
352
351
348
351
349
351
350
353
353
353
353
350
352
350
1046
351
351
354
356
357
354
354
355
355
356
356
355
352
351
352
349
354
353
351
351
350
350
346
346
347
348
350
349
348
348
349
352
351
353
352
350
352
350
349
350
349
347
354
350
351
352
351
350
352
350
351
349
354
347
351
349
351
351
353
349
350
352
351
353
353
354
349
352
349
353
353
350
348
350
353
350
352
352
352
348
352
350
353
353
351
350
350
354
353
354
355
357
360
356
358
359
359
354
354
352
354
352
358
352
353
355
353
352
354
358
359
360
360
361
355
358
355
357
359
359
360
361
358
357
359
356
356
357
353
355
353
353
352
357
350
352
351
353
353
351
351
354
352
354
352
354
348
350
355
354
356
357
360
358
361
358
360
358
358
356
356
360
359
355
357
355
359
358
716
358
356
360
358
360
357
359
359
358
360
360
359
359
360
359
363
357
361
357
357
356
355
355
354
353
351
353
354
350
350
351
694
349
350
349
352
350
351
354
388
318
351
354
354
354
354
354
352
355
354
354
356
355
357
360
354
356
356
356
707
360
355
359
360
359
361
360
362
363
360
363
359
365
367
364
364
364
366
366
366
366
362
365
358
360
362
361
361
360
359
359
366
348
358
359
316
418
373
375
378
535
603
381
384
380
380
379
378
380
758
750
766
396
404
412
413
410
410
405
807
400
516
277
258
975
567
275
422
415
411
415
394
856
341
396
399
391
390
779
931
2246
350
813
820
412
837
416
417
842
413
368
367
938
2064
410
407
1628
407
408
406
399
404
400
398
404
405
415
429
894
455
461
466
466
456
445
438
309
951
413
419
419
417
414
414
815
417
410
412
412
415
413
414
410
409
407
405
410
400
410
418
417
419
416
416
422
411
419
426
422
429
426
427
422
849
422
420
420
420
423
422
421
419
297
958
858
431
435
428
424
482
1385
1528
339
814
1220
317
1713
412
415
414
413
415
417
417
421
423
418
429
349
486
418
418
418
419
422
424
422
419
421
423
424
426
429
421
433
429
424
428
428
853
425
426
422
425
425
426
427
427
430
431
433
434
433
433
431
430
431
429
429
429
427
423
842
421
421
419
420
424
425
427
428
430
429
428
429
427
427
425
424
424
420
420
415
414
413
414
416
421
424
427
426
426
425
425
427
427
428
427
426
426
428
426
430
433
437
441
878
435
434
437
433
429
426
426
421
422
421
421
419
416
415
838
443
688
598
608
607
603
592
574
515
463
451
445
442
438
436
434
432
427
423
420
419
415
415
412
411
411
415
833
420
422
425
429
428
427
432
432
431
432
428
431
427
427
423
259
576
411
412
408
404
404
405
408
817
410
410
416
413
415
420
412
414
416
413
412
409
1226
1337
343
425
422
422
415
414
409
408
408
403
866
754
417
422
400
811
4104
408
410
817
409
817
409
407
409
409
412
410
407
408
406
821
416
493
352
422
427
425
422
417
412
411
406
407
403
401
401
400
808
408
410
413
411
412
408
406
407
401
399
398
398
396
397
397
400
403
392
396
397
402
812
322
499
407
407
404
402
402
400
399
399
396
393
396
395
391
393
392
393
396
398
396
396
396
394
395
384
724
991
3499
400
1973
398
398
396
397
395
394
395
395
396
392
392
390
391
390
390
388
388
386
387
389
386
388
388
386
385
388
389
386
385
384
386
388
389
389
389
391
392
390
391
389
389
391
390
390
389
388
388
387
387
389
386
386
384
383
382
380
378
379
381
381
382
383
382
384
384
386
391
389
388
387
386
386
387
389
395
396
397
396
396
394
392
391
387
386
385
385
386
388
387
388
387
386
388
386
386
385
381
379
762
384
385
387
385
385
387
387
383
382
385
383
386
383
383
383
382
381
382
379
380
384
379
381
377
379
378
380
378
376
378
376
377
379
377
379
381
378
380
378
375
378
376
378
381
380
378
379
378
381
381
378
375
376
378
379
382
384
381
380
381
378
381
379
376
374
374
372
746
370
371
372
370
366
368
366
364
363
361
360
361
363
364
362
362
361
361
362
363
361
365
359
361
365
364
362
362
361
361
359
364
358
361
358
360
362
362
359
360
359
361
358
358
358
355
716
357
358
357
357
357
359
359
718
361
351
358
353
1423
349
352
353
388
318
364
2107
348
279
442
362
358
356
413
512
501
713
347
353
357
357
360
358
361
356
356
355
358
354
354
711
354
354
354
354
357
710
354
355
354
355
358
708
351
702
352
351
357
355
354
353
351
351
351
352
352
352
350
350
351
702
349
344
696
341
340
285
760
351
352
355
352
354
354
709
352
355
702
353
351
354
354
352
352
351
350
351
350
351
699
348
346
346
345
347
346
345
344
346
979
403
339
345
347
378
313
344
344
344
344
344
343
345
341
343
340
342
342
346
347
348
345
343
349
341
346
345
341
345
341
342
339
342
347
345
345
347
345
348
344
351
342
349
342
346
345
346
348
344
343
344
343
343
687
341
342
345
341
344
343
345
344
340
344
687
344
342
341
345
344
684
683
345
343
342
346
344
347
348
345
344
344
347
348
344
346
344
346
346
343
343
682
339
341
340
342
337
407
280
261
420
343
338
345
337
341
342
341
343
340
343
336
684
678
339
340
342
341
341
340
342
339
463
450
448
335
330
686
342
339
342
688
342
341
343
340
679
342
679
674
335
334
335
341
340
341
338
339
343
339
335
337
338
346
335
331
336
507
1156
341
664
670
337
333
333
665
669
330
338
321
338
331
326
665
331
327
333
331
332
331
333
330
660
326
329
332
329
329
327
328
326
326
322
325
655
320
330
654
319
321
327
325
648
650
328
652
324
660
330
329
324
334
329
328
328
325
329
542
441
325
654
330
328
325
324
336
321
326
324
645
978
318
323
321
646
325
647
325
647
657
327
325
305
344
329
327
324
327
323
323
326
321
325
325
322
649
322
321
320
326
321
724
569
966
647
320
321
645
329
318
326
642
322
321
319
329
324
358
604
648
647
321
647
324
314
648
327
320
324
324
324
516
450
321
320
324
322
319
323
322
309
328
315
318
318
315
319
316
632
313
315
314
314
313
311
313
314
314
313
315
314
316
312
317
313
317
314
432
260
259
639
312
316
314
319
317
317
315
630
317
313
632
633
627
312
317
313
312
313
312
313
315
312
311
313
312
312
311
313
313
310
311
313
309
313
312
308
310
310
310
311
310
313
311
312
313
312
314
313
313
312
314
315
313
316
315
316
315
317
315
315
316
315
315
627
313
313
316
314
316
314
315
315
316
314
314
316
314
314
314
313
316
313
315
628
315
313
315
314
315
313
314
314
314
314
316
313
314
313
314
313
314
314
313
313
313
313
312
314
312
312
311
313
313
313
312
310
312
311
312
311
311
310
309
306
311
309
312
307
311
311
311
311
311
312
312
312
311
312
313
310
309
310
310
310
311
309
311
309
312
309
312
308
615
310
313
309
310
310
310
311
309
615
312
308
309
308
307
308
308
307
308
307
306
305
307
306
306
305
307
306
306
303
303
305
304
307
304
306
303
308
302
303
302
309
306
305
302
303
306
306
306
300
312
306
306
307
304
308
306
306
304
309
306
305
307
305
309
302
308
306
309
610
304
310
269
1118
1052
304
308
307
610
304
305
611
309
306
309
302
307
304
309
301
1251
272
302
497
423
608
310
309
613
308
307
308
309
306
305
308
304
307
609
306
305
307
304
307
305
305
306
306
308
310
605
304
304
309
310
305
613
309
308
311
306
306
305
308
307
306
306
304
308
306
821
397
306
306
306
303
308
300
305
308
309
303
302
304
306
304
303
305
302
302
305
300
307
304
302
302
305
301
302
304
302
304
305
304
299
301
305
309
302
301
303
299
303
607
302
301
302
303
448
759
299
302
300
300
299
302
301
301
297
302
299
302
299
604
301
302
300
300
300
300
301
302
299
299
305
298
298
303
303
598
300
300
303
600
303
303
302
301
303
300
441
464
302
302
302
301
300
301
301
599
305
302
303
294
604
300
300
301
302
301
302
301
301
302
299
303
302
302
301
302
303
302
303
300
604
306
303
303
303
303
302
304
305
301
303
303
302
300
304
302
302
301
302
297
303
302
297
299
300
297
302
299
300
598
301
300
297
296
303
297
300
298
299
299
294
301
300
296
299
300
299
298
297
300
299
298
297
299
297
297
299
301
297
294
302
300
297
298
298
300
297
300
297
301
300
297
296
297
297
297
301
295
299
295
302
297
301
297
298
297
300
298
300
299
298
295
299
298
300
298
298
301
299
295
300
303
299
299
297
300
300
301
596
299
300
299
299
299
298
297
298
298
298
296
299
300
593
298
595
302
299
299
298
299
299
298
298
300
298
297
298
297
299
297
297
296
295
296
299
297
297
592
297
295
298
299
298
298
298
294
298
295
298
298
588
304
297
594
300
299
299
295
301
299
295
300
299
298
297
296
296
296
297
297
294
298
297
592
298
295
298
295
297
299
591
297
297
295
294
296
296
296
292
297
590
298
295
293
296
299
294
297
295
295
293
294
295
585
299
294
409
477
295
293
295
293
294
293
586
292
295
295
291
292
298
301
287
588
726
450
298
293
292
1765
296
294
283
302
292
297
292
583
294
294
292
587
586
588
585
293
298
294
584
299
293
297
587
294
294
293
294
295
294
295
297
583
294
294
294
291
291
299
287
589
294
294
293
295
587
292
295
297
579
300
295
295
289
295
292
403
472
294
291
289
585
291
870
295
291
292
290
293
289
292
288
292
289
291
289
283
295
290
291
287
293
292
290
288
580
287
287
291
292
290
281
296
287
291
288
297
282
287
288
291
287
574
290
292
290
579
455
413
290
289
288
292
286
292
290
289
290
289
289
287
285
1153
289
575
290
291
575
289
387
768
866
288
288
336
428
387
287
285
284
291
287
287
862
577
285
287
290
286
287
280
291
574
286
293
569
572
572
574
573
575
287
288
287
571
287
287
285
284
288
287
288
856
570
286
288
287
288
284
285
288
575
279
288
284
288
859
568
283
288
288
281
285
285
286
287
284
286
288
291
283
575
288
282
287
286
285
286
282
287
275
297
284
285
283
286
288
285
280
286
286
286
567
570
281
288
283
286
486
936
290
566
285
283
285
565
286
284
284
282
286
567
282
285
279
289
279
285
282
286
282
283
570
281
317
530
284
283
281
276
284
290
281
472
381
280
286
280
278
572
280
284
282
283
283
559
570
283
286
280
285
281
281
285
283
276
286
282
282
284
280
284
281
280
563
284
282
280
283
283
279
407
718
280
280
282
283
278
280
284
284
279
284
281
281
281
283
282
346
494
282
281
280
565
284
279
282
283
283
279
280
282
284
392
453
1410
566
279
284
282
284
279
285
284
282
282
281
284
284
281
281
283
283
284
564
285
285
287
281
286
284
287
284
284
286
289
282
284
286
288
285
283
285
286
287
283
285
287
426
430
288
286
288
284
571
288
289
284
286
289
289
285
375
361
411
752
552
317
376
479
2136
578
288
290
584
287
292
290
293
288
288
290
292
292
290
293
290
294
293
287
294
297
287
297
292
294
293
297
294
293
294
299
295
292
296
297
293
301
295
590
295
597
298
301
296
295
296
297
302
294
300
301
300
596
300
303
300
303
301
299
302
302
301
298
303
409
499
300
303
301
300
301
303
303
300
300
300
301
299
304
305
303
304
307
310
307
309
306
316
313
306
317
625
309
315
309
315
312
450
484
310
313
310
312
313
311
311
312
310
313
313
310
310
311
312
309
312
308
310
308
307
308
307
309
309
312
310
309
311
311
311
311
310
309
310
308
313
307
309
312
311
311
310
309
310
311
310
309
310
310
313
313
314
312
313
311
313
313
313
312
315
313
313
314
315
313
317
312
317
316
317
316
316
319
319
319
318
320
316
317
318
317
317
318
317
316
319
319
317
318
318
320
322
641
323
318
319
325
321
322
318
325
645
323
322
321
324
322
326
322
322
323
323
324
323
323
322
327
326
324
323
330
325
326
326
325
326
327
326
327
328
328
327
329
330
330
329
326
328
328
331
329
329
330
329
330
327
329
330
332
332
328
329
332
331
331
330
332
334
333
332
334
331
331
334
333
334
336
332
336
336
338
337
337
336
337
334
331
338
333
339
337
337
335
340
337
335
336
337
339
339
335
341
337
343
340
341
340
338
338
338
339
337
340
339
340
340
342
344
339
344
351
352
347
347
350
349
349
350
347
353
349
350
349
351
348
697
350
346
351
342
349
352
350
349
353
351
348
351
351
352
344
354
350
353
350
352
352
353
351
352
354
354
353
355
350
355
354
352
354
354
354
353
353
353
351
354
354
353
354
354
355
354
354
354
357
357
358
355
357
359
362
364
366
363
363
362
362
363
361
361
362
360
359
359
360
362
361
361
357
362
361
365
362
363
362
365
365
366
361
364
362
363
364
360
365
364
362
364
363
363
724
361
364
364
363
365
364
359
366
364
362
360
359
362
361
363
361
362
361
730
359
362
364
367
367
367
370
371
373
369
372
374
374
374
374
374
377
377
376
375
377
380
373
372
373
378
375
376
372
374
372
370
376
374
373
375
377
381
384
385
382
386
385
381
386
383
380
383
383
384
385
385
383
380
385
387
385
381
388
387
386
383
387
388
386
388
387
384
388
387
387
388
390
393
776
388
388
392
402
390
397
398
389
398
396
393
393
391
390
389
389
392
396
391
393
396
390
390
396
394
395
396
396
394
397
397
399
397
397
403
404
404
404
401
408
411
409
405
408
408
409
408
404
409
409
408
405
407
411
409
412
403
410
410
409
410
410
416
417
418
414
420
419
418
415
418
416
415
414
415
415
412
415
417
417
411
416
416
416
415
414
412
414
419
415
414
417
418
416
416
421
423
422
419
423
423
421
417
421
423
419
417
422
421
420
416
423
422
421
419
423
422
421
419
424
424
423
424
427
426
425
425
429
428
426
424
428
427
426
425
428
428
429
426
431
431
430
429
433
432
427
428
431
428
428
426
422
422
426
426
426
425
430
429
430
428
430
429
427
427
433
430
429
430
432
435
432
431
435
431
431
430
430
431
428
861
436
431
436
438
433
431
439
257
616
430
434
434
431
431
432
431
431
432
431
430
428
430
431
430
431
435
434
437
435
438
436
436
435
433
435
434
431
868
429
435
433
437
437
435
438
438
438
438
438
438
437
438
439
438
315
563
881
434
446
438
441
439
439
439
438
438
440
437
438
435
436
438
438
437
434
435
433
438
435
437
435
865
431
433
435
439
437
435
434
433
434
431
430
429
428
428
428
429
430
431
432
433
432
432
1025
711
438
438
442
436
434
436
810
495
434
367
502
434
432
433
433
433
302
565
434
432
433
436
436
393
474
437
433
436
431
436
435
437
432
437
436
436
437
434
432
434
434
468
401
437
531
337
438
438
438
438
441
440
442
441
443
442
443
442
443
444
890
446
445
447
447
445
447
448
447
447
446
447
446
447
448
448
448
450
450
450
454
664
663
265
380
2075
451
451
452
450
450
450
451
453
450
449
448
451
448
449
448
450
450
448
448
450
450
448
449
448
454
449
450
451
451
449
452
451
450
450
449
451
449
449
447
449
448
449
448
447
448
445
444
445
444
444
445
444
447
447
447
448
446
447
446
445
449
447
448
447
448
446
449
895
450
898
449
450
449
453
452
450
450
454
454
906
456
452
454
455
452
455
453
455
454
453
454
456
452
457
453
454
516
977
4428
450
452
453
457
454
452
454
450
449
460
453
913
458
457
458
457
457
456
456
455
453
454
452
451
452
453
451
449
450
449
819
472
510
456
449
455
453
453
458
457
453
455
456
454
457
456
457
456
458
458
459
459
457
459
457
458
461
458
457
460
458
460
459
459
461
461
462
463
462
463
464
465
462
466
463
464
461
463
462
461
460
462
464
396
526
462
464
461
460
460
459
458
457
457
456
456
455
455
454
454
454
456
459
457
459
461
461
462
461
464
465
466
466
465
470
469
469
468
470
471
470
469
468
469
469
467
467
468
466
468
469
469
470
469
470
470
469
470
470
469
468
467
470
467
468
469
469
469
469
470
469
469
468
469
469
469
468
469
467
467
467
466
465
466
467
469
469
471
470
472
473
473
473
473
474
473
471
473
471
471
470
470
469
469
468
469
470
469
469
470
470
469
468
470
468
467
466
466
464
465
462
463
464
464
464
464
465
465
464
463
465
462
462
460
460
457
462
457
459
460
460
460
460
461
466
463
465
468
467
467
470
473
466
470
467
466
469
467
468
466
466
468
466
468
465
465
462
462
463
462
460
460
460
457
459
454
457
457
455
457
457
458
455
465
464
460
460
921
463
462
463
465
465
464
467
468
468
468
469
466
478
470
470
468
469
467
467
465
466
465
466
466
468
465
467
668
929
740
466
359
1049
469
473
466
471
467
469
941
423
520
383
558
700
708
469
470
467
471
469
468
471
471
370
567
469
466
773
633
469
470
471
470
470
470
471
470
471
472
470
470
471
470
468
467
458
669
745
823
2899
467
468
469
466
468
467
468
465
466
467
468
467
467
465
467
468
469
468
471
472
470
471
472
473
473
473
471
474
326
1558
476
469
468
758
459
284
391
472
472
474
474
473
475
477
476
478
477
478
474
476
472
471
472
472
469
471
470
472
472
472
472
470
471
472
474
467
474
466
471
471
469
473
469
467
472
467
470
469
463
477
466
474
473
473
473
474
475
476
476
949
948
472
474
475
472
474
473
475
475
474
476
474
476
477
476
474
473
823
600
474
477
478
477
476
478
479
479
478
477
479
478
477
475
476
477
475
475
473
475
473
474
472
474
474
474
474
475
474
475
475
473
476
475
475
473
474
474
474
473
473
474
474
474
474
474
476
474
474
474
474
475
473
472
473
473
473
472
473
473
473
473
469
474
470
472
469
471
469
470
467
470
470
470
471
468
942
468
469
473
472
466
479
469
466
467
465
464
465
465
465
463
464
465
465
466
466
468
470
469
468
469
471
471
472
472
475
476
477
479
478
479
478
478
477
476
476
475
475
472
473
473
475
475
474
476
478
478
480
479
482
483
483
484
483
484
482
482
481
481
479
478
478
479
477
476
476
477
476
476
475
477
476
477
476
478
479
479
479
479
480
479
478
479
479
478
478
475
477
476
476
476
476
479
479
479
479
479
479
480
479
479
477
479
478
477
479
479
479
477
479
479
478
477
479
479
479
479
479
480
481
482
480
481
480
481
479
479
480
479
480
477
480
478
478
479
479
478
479
479
478
475
476
475
472
474
472
474
475
474
477
479
479
478
480
478
478
479
472
476
474
474
471
472
470
467
468
469
468
469
470
472
476
478
479
479
479
477
475
472
470
469
468
464
462
459
460
460
458
459
459
460
461
462
461
464
464
466
466
469
472
474
475
475
477
480
480
478
479
478
478
478
475
478
475
478
476
474
477
477
476
476
478
478
477
478
479
480
481
481
481
481
482
481
482
481
482
480
482
480
479
480
480
481
479
479
479
481
479
480
479
480
481
480
479
515
438
476
476
477
477
475
477
473
473
474
473
472
471
472
472
472
471
470
472
472
472
471
473
474
474
475
475
479
479
487
354
452
448
661
379
585
476
482
475
951
476
478
476
475
479
474
477
477
476
476
476
475
474
474
472
473
473
472
470
468
468
468
465
469
468
469
466
472
470
474
470
474
473
475
470
472
470
473
471
473
473
472
474
473
473
475
473
473
476
475
477
476
478
479
479
478
479
480
480
480
479
479
481
479
479
478
479
479
477
475
478
477
477
476
476
479
478
477
478
480
480
480
479
480
479
479
478
479
479
478
479
478
481
481
481
482
484
484
485
486
479
483
479
478
954
478
477
474
475
479
476
478
476
479
478
478
478
477
480
479
479
475
482
479
477
476
474
476
474
475
471
474
473
470
467
467
467
469
471
471
473
472
476
474
474
474
474
472
476
473
472
474
472
472
471
470
471
471
472
472
475
478
479
482
482
484
485
484
485
482
481
483
481
477
481
477
479
420
533
341
611
477
475
477
479
480
481
482
481
484
484
483
480
483
483
481
480
479
479
479
478
478
475
476
475
477
476
477
479
481
483
482
484
486
484
482
479
479
478
476
473
470
474
471
470
469
469
469
469
467
471
470
475
477
479
479
481
481
481
479
480
480
478
477
476
478
477
478
478
475
475
479
477
476
477
476
477
478
478
477
477
479
478
479
477
478
483
480
479
480
480
480
480
479
482
481
481
480
481
481
480
479
479
479
479
479
480
481
482
481
482
483
483
482
481
482
483
481
480
479
483
482
482
483
483
485
487
488
487
488
490
488
486
484
485
485
481
481
478
479
480
959
477
478
475
479
477
478
477
477
479
478
477
477
479
479
479
478
479
480
478
479
478
479
479
479
479
475
479
477
477
477
474
477
478
479
479
480
480
480
481
480
482
481
481
479
479
478
479
478
477
476
478
478
478
478
478
480
480
479
479
479
479
478
479
477
478
478
476
476
476
477
477
477
476
477
479
478
479
478
480
480
480
479
479
482
481
481
480
480
482
479
480
479
478
478
477
476
478
479
479
478
479
480
480
480
479
480
481
480
482
480
480
482
482
481
481
482
482
482
482
483
485
485
483
484
483
484
484
484
482
483
482
480
482
479
481
480
480
479
480
480
480
479
478
480
479
479
478
479
479
478
478
478
478
478
478
476
478
478
478
477
478
478
478
478
477
477
479
477
476
476
477
475
476
473
474
474
474
473
473
946
472
473
473
473
475
473
475
474
475
474
474
476
473
475
473
474
474
473
473
474
475
475
476
476
476
477
477
477
475
471
471
468
468
466
465
467
468
469
471
473
473
474
474
476
474
474
470
472
473
473
473
473
476
476
477
476
475
477
477
473
474
475
472
481
477
475
474
473
472
469
467
468
467
465
465
465
464
465
466
465
465
468
469
469
471
471
477
476
477
478
479
480
480
478
478
478
479
479
476
478
479
479
478
479
478
479
481
479
478
479
954
479
480
479
480
484
970
481
486
482
481
479
478
474
475
474
472
474
473
471
470
469
469
469
471
472
473
475
475
477
477
479
477
479
479
479
477
479
478
479
478
479
476
479
476
478
478
479
482
482
483
483
483
481
482
478
478
477
468
470
464
462
592
323
499
405
449
449
451
455
465
482
507
535
552
532
516
503
494
489
481
477
474
473
468
467
467
464
463
460
457
458
455
453
452
449
452
453
454
454
455
457
461
462
464
463
471
469
472
469
472
474
474
472
474
476
477
475
474
475
477
477
477
472
477
478
477
476
478
479
479
478
478
476
480
479
480
479
480
482
482
482
481
482
482
479
478
477
476
475
473
472
472
474
474
467
475
475
474
477
475
479
478
478
476
477
479
478
476
477
479
477
476
476
476
477
476
476
477
475
476
478
477
478
479
481
480
479
481
1439
479
479
479
478
477
477
478
476
476
473
475
474
474
471
473
472
469
472
470
469
472
480
466
473
476
950
473
472
259
679
465
465
464
464
463
465
466
466
466
466
470
472
473
475
479
481
481
481
481
483
483
481
480
481
482
479
479
477
478
478
477
477
476
479
479
479
479
479
481
481
481
480
483
484
483
482
482
484
482
481
479
479
479
478
477
478
480
479
479
479
481
480
480
479
480
480
480
479
480
479
480
479
478
479
472
473
473
468
471
471
467
469
465
468
466
466
466
463
469
465
465
466
463
464
346
584
466
466
470
476
480
485
488
486
492
490
488
485
483
481
479
477
474
473
470
469
465
468
466
464
461
464
464
465
466
465
470
476
479
482
483
486
485
484
480
480
479
479
475
474
471
469
465
463
462
462
460
459
460
459
460
461
461
463
467
467
470
475
477
476
475
477
476
476
473
471
470
468
467
462
461
464
460
458
456
458
458
459
460
466
468
470
471
474
475
476
475
477
477
476
472
472
471
470
469
467
467
469
468
468
468
468
470
469
468
470
467
468
465
470
468
469
939
473
472
473
474
473
474
474
474
472
474
476
475
478
477
478
478
479
477
480
475
480
479
478
479
479
479
477
478
479
479
479
478
480
479
479
479
480
480
481
479
479
482
479
481
479
479
482
479
481
480
481
481
479
478
479
481
480
480
479
479
482
481
482
478
480
479
477
477
476
476
479
475
474
478
474
475
473
475
473
474
472
472
474
474