785
806
864
884
867
905
893
850
914
933
868
853
823
787
858
896
881
915
904
867
870
879
854
871
921
937
918
912
967
862
812
802
746
752
754
827
892
860
910
1025
1047
1017
959
858
893
959
932
919
931
870
870
903
854
836
848
862
809
854
902
916
909
970
970
941
958
952
853
888
965
978
969
957
939
833
817
896
950
854
832
898
955
987
936
986
1019
985
902
945
965
934
896
952
955
883
901
872
793
829
897
881
905
975
986
907
828
843
883
924
906
817
853
867
876
805
829
785
810
851
895
829
837
895
913
879
909
894
843
865
871
854
923
916
796
746
882
918
869
801
767
782
815
833
879
910
966
987
935
983
986
975
848
842
882
914
883
938
956
873
856
850
846
774
740
756
846
918
938
934
854
865
855
873
883
867
908
912
893
932
928
862
870
876
853
930
944
900
928
930
944
878
927
955
854
861
854
817
777
796
806
755
772
788
780
752
768
771
739
772
775
760
736
769
799
796
768
808
845
834
825
830
882
895
895
841
870
895
883
839
839
836
873
868
876
915
929
938
911
921
908
863
850
837
841
822
898
906
860
895
909
827
822
820
772
793
811
825
812
890
897
860
847
813
765
768
732
731
781
844
805
830
850
851
843
877
860
812
843
801
738
703
729
788
852
845
876
882
889
855
878
854
838
831
884
896
870
917
941
917
912
918
896
857
898
904
836
842
893
925
862
928
938
924
873
878
857
813
864
891
860
897
906
849
816
810
797
757
771
778
717
693
693
714
835
860
867
858
841
825
823
824
830
801
888
985
1040
1052
1033
1021
994
860
776
911
954
844
817
779
742
744
784
745
822
870
884
813
847
895
922
865
844
879
919
938
912
983
993
936
850
870
889
915
840
857
903
917
836
826
799
754
784
797
774
846
897
894
843
872
854
777
806
806
752
773
821
862
831
863
869
797
832
823
782
741
753
738
716
747
759
728
744
792
845
885
887
833
861
887
920
936
924
857
817
868
909
913
884
861
857
803
752
784
862
886
826
885
915
918
888
805
806
787
796
817
753
750
806
846
855
795
730
780
828
847
846
772
723
724
742
771
792
848
901
917
918
894
819
834
835
846
840
812
835
855
868
798
824
838
835
752
765
778
799
742
729
765
795
829
769
777
787
779
790
775
757
752
747
742
741
716
686
651
654
716
776
827
834
826
813
813
819
804
801
732
742
794
851
891
905
875
834
834
844
826
780
790
803
813
774
802
831
844
837
763
765
764
772
726
778
889
927
922
889
791
746
763
822
859
867
789
806
810
793
757
793
830
816
869
900
945
949
948
911
910
933
959
971
946
960
925
834
888
913
890
839
917
945
935
912
878
800
760
767
794
757
819
904
957
976
971
1014
977
929
796
757
839
932
978
929
927
942
947
926
962
945
819
818
799
754
724
778
875
836
768
838
823
780
794
806
779
794
817
841
856
871
880
874
803
817
858
891
841
904
919
879
783
786
773
705
700
754
834
768
865
919
846
821
799
764
761
725
693
691
696
699
667
646
625
621
644
699
706
695
718
712
700
668
640
631
617
609
618
638
658
675
695
691
696
678
670
646
617
620
627
650
659
674
647
624
605
634
707
799
740
719
679
679
665
648
671
765
882
915
948
957
959
923
945
970
967
945
839
795
902
1000
1021
989
1047
1039
928
985
969
896
952
925
839
743
751
836
928
831
949
1003
1008
967
869
833
853
850
773
824
891
884
822
862
876
881
876
844
854
868
799
854
873
860
913
916
871
766
770
779
795
737
770
865
917
902
844
790
799
815
830
804
723
708
736
790
836
812
831
816
784
717
734
768
783
776
739
726
722
709
705
705
689
734
793
842
782
827
859
846
841
810
776
728
749
769
796
764
752
792
839
843
797
805
813
825
829
783
712
710
747
830
817
778
815
882
920
901
839
831
827
817
800
791
846
901
854
909
915
909
918
922
901
864
891
895
848
873
876
889
801
838
882
871
836
882
896
832
854
829
773
722
723
771
842
879
886
838
846
818
739
752
771
813
780
767
816
850
853
839
770
781
806
824
807
766
756
786
818
826
771
703
715
850
838
756
699
666
655
665
650
650
647
641
638
665
680
634
629
614
608
584
580
568
565
556
558
557
555
549
542
548
564
581
591
611
256
343
353
825
584
591
593
594
596
604
598
592
585
583
569
555
551
550
547
551
566
588
616
673
709
725
732
713
636
606
599
607
611
611
603
600
582
577
565
558
553
549
546
549
545
551
551
559
584
596
597
597
604
608
603
595
588
582
579
594
586
590
603
614
592
583
580
563
559
551
543
527
523
519
512
512
503
502
499
495
496
490
492
491
495
491
491
488
488
491
494
495
490
491
496
507
512
510
525
534
550
533
527
538
540
538
528
521
519
517
528
536
524
525
539
556
570
541
533
529
531
546
557
549
538
539
544
537
536
540
538
533
539
547
561
552
565
576
566
555
544
550
542
533
530
531
532
532
532
529
523
521
523
522
523
516
516
517
517
511
509
509
510
502
497
496
497
495
491
493
495
496
490
494
501
505
508
505
507
507
500
498
497
497
496
494
493
494
495
489
491
499
503
500
497
499
499
495
493
486
487
493
497
502
501
501
493
492
492
488
487
481
487
495
504
507
509
518
525
515
513
514
519
514
508
509
507
504
506
509
508
504
504
505
504
509
504
502
504
508
501
499
500
497
494
493
500
504
502
514
522
529
529
536
537
535
533
533
528
519
517
512
511
509
502
507
518
523
524
531
535
538
533
533
529
524
516
514
509
501
498
501
502
507
507
503
517
519
520
517
521
510
508
506
502
499
497
496
501
505
507
506
507
505
506
515
523
531
523
516
513
509
501
501
497
499
499
498
503
513
526
518
519
522
529
517
518
511
506
1004
345
635
494
489
490
485
483
480
472
470
469
466
463
460
457
457
456
455
460
467
479
496
505
521
517
512
509
521
522
510
505
516
525
520
514
523
545
573
540
523
528
534
545
556
563
547
537
542
549
568
563
577
604
668
624
598
593
592
581
561
551
560
594
617
599
657
683
643
645
636
608
594
589
573
568
569
574
583
575
600
596
585
564
560
549
533
522
528
527
523
534
563
591
638
576
579
592
590
583
583
553
504
550
435
481
478
474
473
472
471
469
466
466
464
465
468
477
495
489
493
527
655
677
725
811
774
745
779
672
681
654
586
527
514
504
492
488
486
482
480
481
478
474
471
469
468
470
479
480
476
474
472
481
499
548
671
741
790
821
775
718
725
609
260
256
538
509
497
496
495
490
494
482
479
479
479
479
481
484
482
485
495
500
511
505
516
568
644
774
677
669
650
613
615
616
600
592
599
591
566
552
545
550
553
548
545
550
576
615
601
574
553
531
523
522
520
514
511
503
502
498
498
487
490
490
482
482
479
481
496
504
540
673
707
667
702
696
649
635
622
586
563
547
540
538
535
534
530
543
544
558
588
594
588
648
724
662
602
603
603
640
686
719
680
735
778
799
772
794
753
700
701
668
627
615
643
673
642
677
708
628
610
565
549
536
532
527
522
517
517
510
503
495
488
487
496
513
504
512
542
668
746
778
805
817
792
738
639
593
589
598
618
619
634
632
599
577
563
558
573
576
589
608
604
591
627
678
634
628
630
620
597
604
625
640
654
675
681
641
621
655
635
614
619
608
605
593
581
580
603
650
644
630
659
663
630
604
600
605
611
618
646
670
672
653
657
656
632
610
597
603
616
603
611
653
684
679
670
662
646
625
617
616
608
617
640
676
672
702
726
697
701
669
631
635
646
675
718
666
632
636
645
651
621
617
649
676
670
696
715
724
718
718
696
667
655
661
660
662
668
672
660
631
603
603
602
637
659
658
628
661
673
704
694
742
799
792
754
693
688
710
734
661
635
663
660
628
602
591
599
638
661
725
817
813
759
814
840
759
740
731
676
680
721
797
824
839
811
828
826
763
745
734
688
697
716
768
794
773
793
793
779
739
717
709
688
652
643
670
729
723
666
692
721
727
694
678
720
689
670
664
669
666
670
670
715
767
793
770
807
803
734
728
729
737
759
796
803
760
771
754
691
661
663
667
651
654
667
703
709
667
716
800
825
815
817
771
761
735
752
744
753
751
685
654
645
639
632
665
734
795
803
758
771
779
740
673
659
652
649
645
685
742
756
711
729
764
767
717
719
722
718
692
699
740
769
784
821
781
701
696
707
739
712
739
780
815
824
842
839
790
771
750
718
721
703
681
711
735
752
700
691
708
713
684
694
715
692
701
676
657
650
668
683
676
651
627
671
724
748
754
713
657
614
584
567
565
574
634
723
760
741
728
738
771
712
729
803
868
893
890
813
789
779
782
757
804
829
829
767
747
763
796
806
746
707
720
743
759
775
771
773
746
788
844
876
878
810
807
794
780
725
691
732
820
854
840
787
767
744
740
706
713
724
716
702
671
697
727
727
762
776
784
794
781
757
730
696
655
647
691
769
827
842
790
805
787
771
770
755
755
731
712
746
805
839
830
851
824
744
725
689
656
670
721
758
752
779
802
779
731
710
701
691
681
653
639
661
688
728
734
726
730
703
655
638
636
619
640
669
680
688
696
692
677
667
666
683
685
670
655
709
776
839
824
779
704
674
680
709
746
739
786
813
836
814
796
751
718
719
731
680
658
675
711
781
740
775
792
785
749
725
695
666
643
635
633
636
649
663
677
648
639
639
648
675
680
698
695
705
711
719
672
667
685
715
745
742
717
666
652
636
639
670
723
756
700
694
714
729
719
712
677
646
645
634
616
620
659
734
820
862
879
867
835
744
697
651
622
606
620
663
705
759
794
794
775
751
716
670
646
649
662
675
703
722
731
724
739
739
729
729
716
709
672
650
668
695
746
706
682
683
687
695
676
666
658
652
645
627
611
606
634
672
725
772
780
776
769
763
707
682
693
718
769
795
794
790
788
776
775
768
713
703
711
732
760
767
749
720
676
665
642
630
635
654
665
649
641
641
655
690
672
655
676
725
748
720
738
751
752
754
732
735
712
691
686
671
658
685
739
776
780
776
767
735
718
705
678
672
659
644
653
671
712
747
694
681
667
652
640
630
612
620
650
748
812
770
831
814
768
693
651
640
633
630
631
637
655
673
684
681
669
671
685
672
645
662
699
716
740
734
742
701
663
642
639
641
670
735
742
763
720
675
660
671
709
753
754
722
737
725
703
690
716
706
726
750
752
723
755
758
744
712
659
634
640
671
712
708
714
716
728
773
794
721
670
650
671
684
687
680
673
657
715
736
814
853
839
831
777
700
686
695
727
775
838
843
805
749
730
711
670
634
605
582
568
573
604
613
638
729
821
845
819
863
860
831
771
720
686
710
779
867
913
890
869
821
815
828
852
822
813
848
891
897
818
795
771
751
746
746
761
770
759
724
721
739
731
707
702
712
704
678
676
685
715
735
710
682
685
699
708
702
737
769
782
771
716
661
648
667
709
751
730
759
783
795
798
790
744
700
682
671
694
722
738
700
729
782
807
714
650
621
611
603
594
592
619
674
785
761
830
854
790
824
848
848
844
840
780
798
819
844
771
749
795
787
748
769
753
744
710
714
705
716
743
761
754
771
768
709
694
728
789
828
745
715
718
723
734
727
744
742
751
749
756
761
767
745
740
728
743
770
782
786
776
763
715
661
630
625
688
788
807
794
824
836
835
823
785
763
717
670
657
655
647
674
755
851
790
750
781
779
720
710
732
739
742
681
681
711
765
786
817
834
786
727
721
724
769
799
772
759
745
693
692
695
663
680
746
851
857
800
817
813
787
746
708
687
669
648
662
689
719
687
729
777
736
714
721
718
716
717
703
695
702
714
688
663
646
666
701
751
779
712
692
729
753
748
741
745
746
733
688
694
679
671
640
644
702
760
810
808
796
752
710
673
648
654
672
706
713
783
862
891
877
828
824
791
760
729
671
646
633
647
682
710
761
795
808
811
846
860
833
831
803
733
741
784
838
801
728
742
761
725
691
692
689
688
699
717
777
799
790
742
746
747
739
718
698
697
714
737
739
750
794
797
767
745
712
689
676
675
645
633
663
703
699
733
773
784
794
785
764
708
675
637
613
631
695
788
847
852
844
742
721
724
731
717
709
670
664
649
646
675
755
822
794
809
829
849
843
813
790
774
756
731
709
719
747
769
781
830
851
842
838
761
690
663
652
662
692
728
754
768
751
735
707
670
647
637
630
631
676
688
648
646
656
660
633
611
648
688
710
729
729
732
749
758
782
805
807
810
818
809
805
776
715
722
761
773
803
834
803
820
813
787
758
716
679
665
655
656
690
741
835
882
830
849
808
767
686
649
615
594
592
590
580
560
559
555
547
540
534
533
533
537
527
526
537
566
605
623
732
788
777
728
768
768
724
719
721
722
717
728
718
734
713
665
669
726
778
745
743
794
785
730
723
749
773
782
813
820
813
805
810
836
860
859
798
761
797
832
783
727
751
746
709
660
624
625
633
627
607
595
602
610
627
609
584
580
593
607
595
576
581
614
643
624
594
589
624
648
649
665
677
688
686
683
685
690
673
634
608
641
657
713
694
687
657
684
702
688
672
693
710
714
692
641
616
653
717
764
808
822
813
815
797
746
715
661
636
710
784
849
855
833
811
712
652
629
656
687
698
710
706
665
631
654
719
793
818
764
689
677
731
756
744
710
699
708
716
699
697
747
792
808
813
788
758
704
676
697
737
789
822
821
790
766
755
742
747
750
751
743
701
655
636
653
710
762
766
721
682
688
679
666
662
668
662
683
748
764
761
786
786
776
714
696
675
650
637
660
682
700
668
698
714
675
685
688
681
648
611
579
580
587
604
588
577
584
579
563
555
559
559
563
557
548
544
538
551
571
600
574
561
569
576
593
585
604
643
629
595
604
617
637
610
620
627
624
604
609
632
648
605
591
601
640
624
590
609
604
586
581
586
579
562
560
554
578
604
596
576
601
633
625
596
581
583
595
577
578
585
592
580
593
610
610
604
623
612
586
600
603
599
570
551
539
532
542
561
610
625
588
568
574
558
550
556
535
528
525
522
513
514
513
501
489
497
486
478
480
477
472
474
470
465
471
466
467
466
461
465
461
462
464
459
458
458
457
457
454
455
457
448
451
451
450
449
448
447
443
440
440
438
440
439
441
441
440
443
440
441
440
437
441
439
445
442
437
442
441
438
444
438
445
438
437
437
431
437
434
433
435
426
435
431
434
435
431
432
432
432
430
430
429
421
426
424
421
422
418
420
413
418
413
415
415
413
413
406
415
412
414
420
416
421
421
423
419
424
423
421
425
418
424
424
424
423
422
426
422
422
420
417
419
416
416
417
411
1238
408
409
406
406
804
401
400
402
399
399
396
397
396
398
396
395
391
406
399
397
399
398
398
396
398
397
399
398
396
396
398
399
401
401
402
398
396
400
399
398
397
396
398
398
396
394
394
396
396
391
394
390
393
389
390
392
389
393
392
391
389
390
391
396
393
395
391
393
390
392
389
390
392
389
391
392
391
388
393
386
389
387
388
386
385
386
387
387
384
387
387
387
389
389
385
386
384
389
381
387
384
388
380
386
385
385
384
385
387
387
387
387
388
387
389
383
387
385
388
383
385
382
385
384
385
385
387
388
388
391
391
390
389
389
387
393
387
388
384
388
384
386
383
388
387
388
385
388
390
388
387
390
389
386
388
387
388
384
386
385
387
386
385
387
386
386
385
389
387
386
382
390
385
385
380
386
381
385
381
386
381
383
387
385
384
386
387
385
384
385
387
384
382
382
385
381
383
378
383
382
381
380
382
384
382
383
384
385
382
384
381
387
384
387
379
383
379
382
378
380
379
382
381
381
380
381
381
382
385
383
383
381
385
384
386
382
382
380
385
382
383
380
382
382
382
383
384
383
381
383
383
382
381
383
385
384
380
381
381
386
379
381
381
382
377
379
379
377
376
380
375
383
379
379
378
379
380
382
380
378
379
381
379
376
378
378
376
374
376
375
377
374
377
374
378
374
377
379
378
380
377
381
382
380
382
382
379
380
381
380
378
378
377
382
377
380
380
381
375
383
377
383
378
383
379
379
381
383
379
379
383
381
381
381
381
380
382
381
385
381
385
378
382
380
382
378
380
379
381
381
380
380
382
383
381
383
385
381
379
383
381
381
376
384
377
377
372
380
378
378
374
378
378
377
378
379
379
378
380
380
379
379
377
378
378
379
381
380
377
375
377
379
381
379
382
377
383
379
382
381
381
380
382
383
384
383
384
385
387
385
381
382
384
386
382
384
379
383
381
379
381
381
384
384
386
384
385
384
386
388
388
381
384
384
385
380
387
382
388
381
386
387
385
385
385
386
384
384
386
385
378
384
381
381
376
381
377
378
375
378
377
376
377
375
379
378
376
378
377
377
375
377
378
378
379
376
377
374
376
377
381
378
380
376
380
376
382
381
381
380
383
382
384
386
380
383
382
382
382
382
379
380
380
384
378
382
374
380
379
380
375
377
375
378
376
378
376
378
376
380
380
380
378
379
382
378
379
381
382
378
379
380
380
374
374
377
378
372
375
375
378
375
376
371
378
376
378
374
377
376
378
379
378
380
378
377
376
379
376
377
375
377
376
376
375
379
379
376
373
377
377
374
370
375
377
376
374
376
369
378
374
376
370
378
373
375
375
377
378
374
375
378
375
377
373
374
374
374
373
374
374
373
374
376
376
373
373
374
376
371
372
374
374
368
376
373
372
370
374
374
377
375
379
374
379
373
380
380
378
376
379
379
376
377
376
376
374
379
379
375
376
377
373
373
375
375
369
377
373
374
367
377
374
375
371
374
367
372
369
372
367
374
370
371
373
372
368
376
375
372
371
374
376
373
373
370
375
373
375
373
372
371
373
374
371
369
372
373
372
367
370
370
369
366
369
369
368
369
371
365
370
372
371
371
372
366
370
370
373
368
371
365
373
371
374
367
373
371
375
368
375
373
373
370
376
374
376
371
375
374
373
373
374
372
373
373
374
372
373
373
373
371
371
374
370
369
371
372
368
367
369
370
369
368
369
371
365
371
371
372
368
372
373
372
369
371
370
372
368
372
371
370
370
370
369
372
372
375
369
373
375
374
372
371
374
375
372
374
374
374
372
374
372
372
375
374
369
375
372
374
373
375
377
375
377
377
376
376
376
377
374
377
376
375
377
377
377
375
377
373
377
375
376
378
377
377
377
377
378
380
380
382
383
382
381
380
379
380
382
382
382
381
381
380
381
382
383
385
385
385
384
384
386
385
386
385
386
385
386
387
390
391
393
392
393
394
396
399
399
401
402
403
405
411
411
413
413
413
415
416
416
418
420
423
428
433
431
430
427
428
431
436
444
451
455
452
448
444
441
440
444
454
466
478
481
473
470
467
466
467
471
478
476
471
467
467
472
480
491
502
498
489
482
480
479
482
479
477
478
482
480
477
476
478
482
489
498
505
501
490
481
477
478
480
483
485
484
483
479
483
488
489
489
490
499
510
521
522
515
505
492
484
482
488
497
503
498
497
500
503
499
496
495
494
493
491
491
494
493
491
486
482
480
478
478
483
502
523
534
523
513
510
506
506
506
503
500
506
514
527
541
542
535
521
509
501
496
498
506
519
527
527
521
514
514
516
524
533
532
524
525
529
534
536
531
528
527
531
536
538
531
527
530
531
528
523
523
527
532
534
535
531
525
517
515
516
518
513
508
506
508
517
524
528
518
508
504
500
498
499
500
499
497
496
497
501
516
537
557
560
584
605
588
570
551
542
536
533
531
524
514
508
513
523
538
545
568
604
612
605
596
595
586
574
557
542
538
542
558
565
568
556
553
562
582
589
583
565
563
573
590
602
611
630
652
645
619
599
574
551
536
523
526
541
589
655
699
704
650
619
604
592
573
556
539
537
542
550
559
568
565
569
571
562
569
576
569
579
576
584
580
567
567
563
565
561
548
551
563
579
589
589
584
582
567
560
556
558
557
550
535
527
523
529
539
551
551
544
544
548
554
551
553
547
552
561
556
562
563
565
555
553
554
555
542
553
553
547
542
549
551
536
529
521
518
508
503
497
496
495
499
504
503
503
505
511
512
508
509
514
521
528
530
523
532
537
538
535
529
530
531
526
523
523
521
511
505
510
514
513
507
517
522
528
520
516
516
521
522
518
515
518
516
506
503
504
510
515
515
517
527
527
528
528
531
530
521
509
506
506
504
499
497
497
500
502
501
503
509
512
505
502
505
506
499
494
496
497
495
495
497
499
500
502
507
516
506
503
497
496
490
485
488
487
485
487
496
492
496
513
507
503
507
498
500
490
491
495
484
491
493
491
492
490
497
489
488
485
485
487
486
487
486
487
485
483
490
488
487
485
489
496
497
497
494
493
496
490
485
487
483
481
476
481
480
479
476
481
479
479
473
477
474
474
471
467
469
471
473
473
475
478
478
472
478
475
476
474
471
467
467
468
470
478
475
474
474
479
476
474
472
475
472
467
469
468
466
463
463
465
470
466
464
470
474
473
472
476
480
479
476
479
476
477
474
477
478
477
476
473
473
473
480
484
487
484
482
481
479
473
471
472
472
472
466
473
468
465
468
466
460
464
462
464
456
458
458
454
444
443
442
439
432
432
432
434
430
428
428
429
430
432
424
429
427
428
428
423
424
424
425
421
422
424
422
423
420
417
416
416
421
420
420
416
413
415
412
412
415
412
403
414
411
410
411
412
414
408
406
405
410
403
405
404
405
404
404
406
404
403
398
402
398
399
401
400
400
399
402
401
400
395
397
396
396
396
396
395
396
396
395
399
392
393
396
395
391
393
392
392
396
396
396
388
395
393
393
387
391
390
388
387
388
388
389
388
387
390
390
391
384
387
384
385
377
386
379
384
377
381
381
380
382
379
381
381
382
382
381
383
382
377
380
380
379
373
381
377
378
372
379
377
376
372
376
375
377
376
375
378
378
377
375
379
374
375
374
376
370
374
374
377
370
375
374
375
372
378
375
378
374
378
375
373
376
375
374
374
376
373
375
372
371
370
372
370
371
372
374
369
374
371
373
371
374
372
374
368
374
373
377
372
374
373
375
374
371
372
372
374
372
371
369
374
368
370
371
371
368
371
369
369
367
371
371
368
369
370
367
371
370
370
369
368
372
370
370
369
371
373
372
370
370
370
371
370
367
370
372
366
370
372
370
370
370
367
370
369
371
367
370
366
370
367
368
368
364
365
366
367
367
367
366
367
366
366
368
366
367
367
364
367
367
365
363
365
367
363
362
365
361
361
362
365
359
360
364
360
361
362
355
364
356
361
357
359
355
356
357
356
353
356
356
356
351
356
355
354
351
356
355
355
351
358
354
357
351
356
353
354
350
356
354
354
353
354
353
356
354
357
353
357
354
357
352
358
355
356
352
357
356
354
354
356
356
356
355
356
353
359
356
353
354
355
355
354
354
355
355
351
355
349
354
352
353
352
355
351
354
352
354
351
354
354
354
352
352
355
354
354
354
353
354
354
354
352
354
354
354
352
353
354
354
351
353
354
355
352
351
353
354
349
351
353
353
350
352
353
354
349
353
353
352
348
352
354
348
351
353
347
351
351
349
348
351
353
349
349
352
352
350
348
353
351
349
349
354
349
348
350
352
346
348
351
351
347
349
351
346
347
349
350
347
349
349
348
346
348
348
346
347
347
345
347
346
344
345
344
348
342
344
347
344
344
346
344
342
346
345
342
345
341
344
342
346
343
343
345
344
345
341
345
345
346
345
343
346
344
347
344
344
349
346
343
345
349
347
344
345
348
348
347
344
348
348
348
345
347
349
347
347
344
348
350
342
347
345
349
346
347
350
345
347
345
347
347
346
343
350
345
346
342
350
343
346
343
347
342
345
344
346
342
344
344
345
343
344
344
344
343
345
342
348
343
346
343
346
341
346
344
347
343
344
342
346
342
345
343
345
342
345
344
345
341
345
344
345
341
344
341
345
343
343
341
345
343
343
338
348
345
343
339
346
342
345
338
344
343
341
338
347
683
338
345
341
341
338
345
340
345
340
345
341
344
339
345
343
343
339
344
341
345
342
341
340
344
340
343
339
345
338
343
341
345
337
346
341
342
340
343
338
342
341
341
338
342
342
340
338
342
342
342
335
345
341
341
337
344
340
342
337
344
342
343
336
344
342
344
335
346
343
342
335
347
340
341
336
346
342
340
341
344
339
340
343
341
338
343
340
344
339
343
340
344
337
344
339
345
335
345
339
346
337
344
341
339
339
344
342
341
338
342
342
340
340
340
343
340
340
338
342
340
337
339
340
341
337
339
339
342
336
341
340
338
337
340
340
336
337
339
337
336
339
339
335
335
339
338
334
338
335
337
333
338
332
333
336
334
333
340
330
332
337
333
334
331
339
332
338
333
341
336
337
335
340
335
339
338
336
336
334
337
338
333
337
338
333
335
336
336
334
335
669
332
334
334
332
331
336
330
333
331
336
329
336
332
333
335
334
331
337
336
334
336
336
333
334
335
336
332
334
336
333
331
333
333
332
332
331
333
329
334
328
329
330
330
326
336
330
333
328
336
331
332
331
337
330
333
333
335
330
334
334
332
331
334
329
330
334
331
330
334
333
329
332
332
333
327
333
329
326
331
329
326
332
329
334
325
335
329
332
328
336
334
330
332
334
331
331
332
334
329
331
333
329
330
332
335
328
331
331
331
325
332
327
330
325
334
328
329
327
335
331
330
328
335
333
330
330
331
333
328
332
332
327
332
331
333
328
333
329
330
333
326
336
329
327
334
329
328
332
327
333
327
334
328
333
332
336
328
335
334
329
331
334
329
330
335
329
329
333
330
331
331
332
328
330
332
326
332
328
329
325
332
327
332
327
332
326
335
329
328
330
330
329
330
330
326
329
330
327
329
329
328
325
332
326
328
326
325
328
329
326
328
328
328
325
325
332
324
327
328
329
326
329
328
331
328
327
326
335
327
329
329
329
329
328
328
335
328
331
329
332
332
331
330
335
333
336
334
334
332
338
331
330
331
337
331
332
333
337
333
334
333
334
333
334
334
333
335
335
335
335
337
336
337
338
337
337
341
337
338
338
341
342
342
341
345
344
344
345
347
348
347
349
352
351
350
352
354
354
353
355
357
356
354
357
356
357
357
357
356
359
356
356
359
362
358
362
362
365
365
367
369
368
368
369
372
374
373
373
375
377
379
379
379
382
384
385
387
389
394
397
399
399
404
404
406
405
405
405
405
402
401
400
400
406
405
406
408
411
414
417
416
417
417
423
425
430
428
433
437
440
443
440
445
449
449
443
447
450
455
448
445
446
444
444
450
460
483
489
484
486
488
492
492
479
480
478
478
481
488
488
489
493
508
520
524
511
506
505
508
508
494
496
495
501
501
503
509
511
509
503
497
508
504
499
496
488
485
484
485
487
491
489
490
497
502
506
509
511
518
510
516
517
524
532
537
533
532
535
542
532
535
533
536
529
527
529
535
542
538
548
552
556
544
551
542
535
534
531
521
525
523
526
530
536
530
527
537
540
543
541
538
532
524
525
523
520
526
538
547
548
555
563
559
551
556
556
547
547
549
549
540
543
547
558
567
563
563
559
550
553
554
549
563
574
570
576
577
563
561
560
560
560
557
557
552
546
550
564
602
686
632
646
646
660
666
634
632
619
600
593
599
612
616
622
629
647
648
633
627
625
609
601
605
614
605
621
639
635
628
631
613
604
613
615
608
613
605
596
593
583
573
573
571
566
559
563
573
587
601
617
626
620
626
620
604
604
602
594
597
606
608
615
622
613
607
609
598
590
588
585
576
579
585
588
604
610
606
616
620
609
596
592
588
576
588
596
594
604
616
636
651
652
637
627
626
618
610
611
622
642
662
653
640
637
643
651
658
637
645
647
638
649
666
672
660
666
674
680
681
651
642
642
653
670
665
673
654
640
639
629
612
603
599
604
613
623
621
611
610
602
597
590
589
590
600
606
607
604
611
605
596
593
593
585
597
608
609
622
632
627
638
636
625
627
629
614
623
628
631
628
639
653
634
633
626
620
606
590
594
594
603
595
612
629
646
629
643
640
613
623
619
615
607
600
605
626
659
651
667
671
659
641
635
622
601
600
604
620
625
655
671
659
657
652
650
624
615
611
612
607
611
621
635
623
626
631
635
641
632
626
626
639
656
642
651
661
653
636
634
625
613
610
614
633
647
648
656
681
688
667
648
645
636
615
615
618
633
632
646
653
638
644
650
646
641
640
645
637
641
643
635
637
641
643
640
645
646
630
626
627
619
616
619
609
613
616
621
628
629
621
613
607
601
596
598
603
593
593
594
613
631
647
638
639
640
632
622
612
607
608
617
626
634
625
625
633
637
621
610
607
629
652
674
701
696
687
677
659
638
640
642
672
717
731
782
812
767
764
730
687
673
657
632
644
650
652
672
704
714
724
718
679
669
651
638
639
631
642
657
654
649
664
663
654
653
649
648
642
633
626
613
610
610
624
643
642
647
663
688
678
670
667
661
650
640
629
630
611
621
624
651
688
703
682
663
649
644
641
639
634
631
631
641
656
655
656
661
667
656
647
646
648
646
641
645
638
644
649
636
645
629
631
631
634
645
624
622
624
608
611
615
609
614
615
627
643
664
670
670
661
646
636
631
613
622
630
632
658
677
682
662
666
671
680
680
673
663
659
656
664
670
659
648
648
661
691
693
675
680
688
686
670
684
695
681
691
710
709
684
672
679
691
696
679
665
657
637
646
653
679
679
697
719
699
679
677
650
647
646
652
648
663
681
708
704
727
725
689
696
679
654
654
665
686
697
694
713
730
738
701
676
654
660
677
700
712
729
731
701
707
718
765
828
826
767
785
773
730
702
707
711
714
700
730
760
736
771
745
705
702
682
655
669
691
686
729
732
703
716
712
677
682
668
648
659
665
681
672
704
723
740
707
715
709
687
686
685
685
675
683
690
691
732
751
744
762
763
724
719
702
684
689
707
717
765
762
740
736
706
689
681
663
652
660
675
685
716
733
718
747
733
704
696
675
657
646
646
641
630
630
638
651
651
664
678
669
658
655
657
652
642
644
634
649
664
690
687
708
741
755
728
728
735
732
715
727
733
725
746
755
756
753
768
768
729
721
732
748
738
758
795
819
767
756
736
717
704
714
706
741
762
755
722
726
708
692
688
674
669
681
686
682
675
688
706
725
704
726
729
727
695
684
668
646
638
641
653
682
714
721
748
771
770
761
714
688
681
689
715
738
723
731
761
780
771
744
738
726
712
688
700
726
756
756
764
780
786
741
737
725
700
677
674
693
731
722
775
801
770
786
777
733
732
724
714
702
720
737
731
741
749
750
722
722
711
702
676
670
679
687
711
705
732
751
732
731
702
693
661
646
645
660
690
714
734
763
784
760
768
742
711
685
676
662
645
644
647
655
657
668
680
704
709
710
717
719
710
693
684
689
718
732
740
747
741
735
720
696
673
668
674
692
708
695
685
694
706
703
695
685
682
684
684
702
727
746
756
736
723
701
679
655
660
686
734
778
779
812
809
778
735
723
701
675
647
645
653
689
694
720
750
771
739
726
716
696
671
673
669
666
663
695
727
746
724
735
740
722
699
693
688
675
671
675
679
674
686
706
706
729
726
681
650
647
638
638
635
626
614
616
632
660
663
688
723
748
748
731
711
697
678
667
654
637
625
638
685
728
719
736
730
703
696
680
662
646
641
639
650
661
683
700
709
693
684
676
653
640
629
628
623
634
665
700
704
691
699
693
668
666
648
637
622
616
615
626
629
655
681
696
688
686
681
670
648
646
642
641
640
662
686
707
698
706
697
676
666
653
644
638
644
657
677
675
689
695
687
676
671
670
663
642
634
632
643
639
649
670
699
684
696
687
661
657
653
655
652
665
684
693
677
676
673
669
652
638
622
619
625
637
634
619
611
600
599
593
596
595
596
589
599
608
604
604
604
599
592
587
581
581
579
577
576
579
586
609
638
661
670
721
748
724
712
720
710
677
664
649
634
636
646
682
682
717
745
762
746
738
721
680
669
661
660
657
678
703
708
741
737
715
715
726
724
710
714
711
685
680
681
680
667
678
685
677
701
684
689
687
681
658
660
662
676
684
728
740
727
740
728
692
677
666
666
653
656
678
720
733
766
763
741
717
698
685
686
692
686
670
669
678
704
745
781
771
766
761
746
720
693
677
684
711
749
787
790
802
811
779
742
719
726
744
768
735
733
747
754
765
737
748
743
720
716
719
729
743
762
783
768
728
741
733
734
716
702
675
697
731
745
739
715
705
699
699
715
728
737
741
783
813
801
791
797
787
769
743
700
671
664
695
790
860
885
835
828
848
851
799
743
730
727
724
724
755
797
843
814
812
833
857
854
826
755
735
729
746
773
811
853
872
858
792
780
771
767
736
769
793
823
760
768
773
771
732
728
716
700
695
727
762
812
836
814
828
809
748
735
752
758
756
713
694
703
731
769
787
774
758
729
697
680
690
732
799
836
795
831
846
845
813
746
706
675
683
725
789
827
813
825
820
785
753
759
757
771
780
741
719
729
769
806
814
762
720
706
713
729
724
731
737
740
735
725
712
684
681
694
734
771
765
729
720
732
746
745
740
725
695
690
696
721
752
784
753
742
764
774
765
721
721
717
724
744
733
755
766
746
716
703
688
680
661
665
678
703
707
715
752
770
732
740
736
726
699
707
709
717
731
755
749
796
834
819
800
815
804
771
775
768
782
775
825
852
842
776
782
788
784
771
774
796
823
781
816
828
811
768
771
761
754
721
729
760
820
821
812
847
841
816
754
725
714
721
768
828
802
864
871
846
785
774
762
739
702
676
668
712
732
756
769
773
775
767
754
715
713
734
763
803
820
815
803
751
751
752
754
744
726
758
787
793
771
779
772
760
731
738
735
729
721
699
717
734
753
722
706
708
713
705
668
665
666
651
644
651
632
641
664
696
725
696
674
671
683
697
725
744
759
763
734
739
754
764
777
791
769
775
761
762
735
765
773
750
755
754
757
729
735
743
744
728
760
775
755
730
732
718
695
680
691
703
718
736
764
777
732
729
713
692
690
676
698
736
777
768
718
725
741
755
735
721
723
723
734
759
733
791
826
834
828
763
734
719
718
730
729
722
752
795
781
771
723
699
694
703
713
710
728
748
775
779
753
762
747
729
696
696
717
748
768
757
761
768
768
757
729
740
757
774
795
815
772
761
777
802
809
756
733
738
760
794
809
776
757
775
789
802
806
795
777
743
719
713
740
807
863
887
885
848
782
766
737
721
720
728
720
757
797
824
817
766
755
742
711
712
717
741
737
749
787
797
774
748
758
754
747
717
704
684
683
685
669
660
634
618
609
602
597
584
569
562
559
553
498