790
875
855
720
656
668
654
634
637
671
744
674
713
616
621
628
618
641
606
601
592
686
847
561
556
542
539
537
527
536
560
570
736
721
664
630
680
729
688
649
622
588
579
594
628
658
623
601
585
573
574
576
563
574
949
903
634
682
1019
882
782
746
696
641
622
646
752
898
876
715
646
615
578
558
556
562
559
589
609
702
649
652
622
632
624
613
617
589
587
613
986
887
782
792
571
596
667
640
635
616
641
636
634
599
591
571
639
637
673
653
606
574
563
553
541
528
521
520
519
518
513
634
599
617
603
590
592
641
631
596
565
547
535
529
528
538
675
769
769
746
707
694
674
704
666
634
642
620
748
798
751
722
653
662
653
644
624
613
624
659
646
691
652
729
654
639
602
585
606
676
660
681
661
677
645
662
620
616
648
771
723
687
709
694
710
676
655
596
580
581
606
674
632
650
690
714
613
600
565
551
543
543
565
963
778
766
858
863
777
764
742
713
662
659
669
626
594
597
611
624
618
598
592
568
581
604
641
680
790
703
641
608
620
606
579
560
561
576
586
615
618
571
554
546
543
560
584
616
623
582
578
587
573
556
560
622
747
698
697
636
579
561
546
530
531
533
538
530
519
517
508
528
532
573
581
579
573
557
555
551
538
530
527
524
516
508
504
504
509
515
517
533
550
548
943
752
732
758
684
632
595
558
547
534
508
508
514
523
527
523
526
514
502
503
512
515
508
502
510
512
517
519
526
515
517
520
528
524
530
550
577
749
777
727
627
564
538
516
504
498
488
482
484
486
522
549
599
562
871
780
720
670
650
618
581
570
582
602
606
605
699
740
794
763
722
645
587
563
580
610
592
592
593
630
575
558
584
574
554
543
529
524
518
514
511
516
530
581
556
550
553
585
587
584
563
541
526
521
516
546
601
619
603
621
607
712
625
642
586
573
591
608
673
595
683
630
680
602
600
604
615
613
629
643
688
690
709
694
692
631
635
592
588
565
561
593
903
751
693
634
594
578
572
567
552
544
543
551
571
576
592
572
581
664
677
636
624
589
572
575
599
615
642
635
654
625
629
625
612
613
570
553
579
712
669
596
617
612
611
619
608
593
594
566
563
553
572
617
611
615
601
589
576
544
530
519
512
507
536
745
764
692
654
645
646
693
623
604
626
651
663
634
651
680
685
652
646
674
904
830
793
748
713
690
726
818
859
818
800
738
662
658
701
745
738
718
719
750
798
837
792
731
693
648
639
638
647
645
570
576
581
587
581
591
610
639
630
613
597
610
591
603
598
598
650
650
624
573
560
547
535
528
522
530
574
639
623
568
571
596
594
586
582
571
571
577
588
574
556
564
569
567
565
551
534
532
537
558
553
548
535
523
521
528
524
527
525
515
511
515
520
526
520
515
509
519
524
519
513
500
495
484
483
479
475
472
488
526
579
561
543
520
507
498
508
513
511
512
525
535
519
524
530
534
534
518
509
502
498
500
500
509
513
499
491
486
478
477
475
479
487
507
531
523
516
499
501
500
503
502
490
489
487
489
505
503
503
508
515
517
511
499
490
489
488
493
494
488
486
489
493
506
501
498
489
488
489
489
486
479
483
476
472
468
475
472
469
471
473
469
463
457
458
456
449
447
440
442
438
438
437
430
426
424
424
418
419
417
416
415
415
410
413
406
413
409
416
406
408
405
407
404
405
406
403
405
405
405
407
405
405
407
404
406
407
406
409
406
815
405
401
404
402
405
399
402
401
397
399
399
400
400
398
397
396
393
393
394
392
394
391
394
392
396
394
396
394
397
391
396
392
395
392
396
395
781
391
392
392
389
388
387
384
386
381
386
386
385
386
388
386
387
387
389
386
384
384
386
385
387
386
386
385
384
387
385
388
387
389
388
388
385
386
385
389
386
389
390
392
388
389
384
390
385
390
387
385
386
387
385
387
387
388
389
772
386
382
383
383
384
381
380
380
378
377
373
376
374
375
377
372
376
373
370
373
372
373
375
373
376
371
372
373
373
375
376
374
374
372
369
374
372
374
377
376
373
374
372
375
373
374
377
376
375
375
373
377
375
376
377
378
374
376
374
377
377
380
377
375
376
378
375
373
374
374
375
378
376
376
374
371
375
374
376
377
378
376
374
374
375
376
376
380
375
375
369
373
371
373
373
372
370
368
365
368
368
370
370
368
371
374
369
367
368
368
369
371
371
370
369
372
366
368
368
369
369
370
739
367
368
369
370
369
372
370
369
367
367
367
369
369
371
369
367
366
367
368
371
368
366
368
365
362
363
365
365
364
364
365
361
359
360
361
362
364
360
360
364
359
357
363
362
365
363
363
364
366
360
365
364
366
365
370
365
368
363
367
365
368
367
372
368
370
366
366
369
369
368
371
367
367
364
367
367
369
365
369
361
731
365
360
366
364
367
365
368
361
362
363
368
367
370
365
367
363
369
369
370
367
374
362
363
362
366
367
367
363
361
361
358
360
361
362
364
362
363
364
363
365
367
370
371
375
377
378
378
377
377
378
377
381
380
380
376
374
374
374
373
375
374
373
369
369
370
371
371
370
372
371
366
368
369
371
371
373
373
373
369
373
373
375
374
376
376
377
374
373
376
376
375
378
376
375
373
370
370
372
369
372
369
371
1097
368
367
370
370
369
369
368
368
372
370
375
739
362
372
368
369
370
371
369
729
366
367
367
368
367
364
361
359
361
363
362
361
360
362
361
362
362
363
364
363
360
362
360
366
363
367
363
364
365
369
367
369
361
368
363
370
364
366
361
369
367
369
366
368
363
365
360
365
366
365
366
362
360
364
360
361
364
365
363
363
358
360
359
356
361
358
364
362
362
723
356
365
363
363
361
361
358
356
359
361
362
361
361
356
355
354
356
356
358
355
354
353
354
350
356
354
358
354
356
708
353
358
356
358
356
357
351
354
352
355
354
354
352
355
351
350
349
354
355
353
357
357
354
354
356
357
358
360
357
355
354
353
350
353
354
355
352
354
348
354
348
354
351
358
354
358
356
358
354
364
360
361
359
363
354
354
354
358
359
356
353
359
353
353
354
356
358
359
360
358
360
719
356
362
360
360
360
361
356
358
358
361
364
361
363
360
364
358
365
364
368
367
366
364
367
364
366
366
367
367
368
369
368
364
367
366
368
365
370
367
371
367
368
368
370
369
370
369
369
367
368
366
370
368
370
366
367
362
362
363
367
367
365
362
363
359
361
359
361
360
362
358
359
360
360
358
361
364
365
368
368
367
365
368
368
369
369
366
366
364
360
365
365
364
366
362
360
361
360
358
362
362
362
361
359
361
361
721
360
365
363
366
363
366
362
367
366
368
362
366
359
364
358
356
358
359
358
356
355
359
352
355
356
357
356
358
357
359
359
360
363
362
362
360
359
359
361
360
359
355
355
357
355
357
357
357
354
359
356
358
358
362
360
362
720
356
363
361
363
361
362
354
358
355
358
358
359
356
356
355
353
356
358
361
356
360
712
357
357
358
356
353
354
351
346
351
346
351
352
353
352
352
353
350
348
352
351
352
353
354
351
350
351
349
353
352
355
354
354
353
353
352
353
354
353
354
355
351
351
351
352
358
712
354
355
355
359
358
358
352
354
354
354
357
705
351
354
355
358
352
356
359
1072
358
360
357
358
353
355
356
353
356
349
352
349
354
354
357
711
356
360
359
360
356
358
360
360
356
359
354
359
360
359
356
356
355
358
359
354
356
353
354
358
361
354
360
359
362
360
359
355
358
361
359
357
357
356
360
356
355
355
356
354
358
360
356
360
359
360
360
361
362
364
364
365
363
365
365
365
365
367
364
366
366
370
371
375
374
376
377
375
375
379
380
382
383
383
382
384
387
386
387
387
384
383
388
388
388
388
386
389
388
389
386
387
385
388
385
388
384
381
385
388
390
393
391
395
395
396
396
395
393
389
390
389
389
392
392
391
394
400
404
407
407
409
416
422
423
423
418
418
421
425
426
425
423
422
421
420
423
426
425
426
428
435
440
441
438
436
434
434
429
426
423
424
422
422
418
419
425
438
441
437
433
430
432
441
448
454
456
458
457
453
445
440
439
440
447
457
469
479
476
469
465
463
462
464
456
449
441
437
433
435
446
461
480
488
485
474
468
469
472
477
471
466
462
461
463
465
461
454
450
451
450
452
457
467
477
477
469
469
476
479
477
476
470
467
463
463
466
470
473
472
468
467
468
473
476
479
474
470
469
465
464
459
455
455
456
458
462
462
461
460
463
465
468
468
466
462
458
453
451
453
452
456
465
479
495
502
495
494
497
491
490
491
487
486
485
491
494
499
497
496
493
495
492
487
480
472
467
466
468
467
474
479
485
480
484
483
484
482
481
473
470
465
458
462
469
478
489
499
502
500
491
486
485
484
488
488
486
479
473
472
474
477
483
488
496
497
490
490
485
487
478
469
465
459
454
448
446
453
462
469
479
490
500
512
516
514
513
507
505
504
497
490
485
479
476
475
476
474
472
468
464
460
457
458
458
457
455
452
450
447
445
448
448
447
446
447
452
462
479
506
503
498
494
499
497
496
490
488
481
478
473
470
465
461
457
455
454
459
470
481
497
506
498
495
488
490
491
492
484
481
479
473
472
475
475
474
474
477
474
478
480
480
483
479
476
1383
447
447
439
445
442
440
438
436
438
435
433
431
433
435
436
427
433
433
433
436
434
433
429
432
429
431
423
426
425
421
422
418
420
413
415
415
411
410
409
413
407
412
412
409
412
416
415
412
416
418
416
421
418
416
414
419
418
423
423
420
419
419
421
419
426
429
427
427
425
428
426
432
430
427
429
424
423
419
419
414
423
426
424
426
425
420
420
425
428
432
434
432
431
429
428
424
432
435
435
435
431
430
425
423
421
425
430
432
433
434
429
426
426
425
424
424
424
424
423
429
427
436
434
432
431
430
429
430
434
427
431
431
431
438
437
436
434
437
431
436
436
433
435
427
427
428
423
423
423
427
424
420
425
424
422
422
417
419
416
415
413
412
407
417
409
416
412
412
412
408
410
407
405
406
406
403
413
415
411
414
411
411
411
410
407
408
405
409
411
412
414
412
411
414
409
407
407
407
410
410
416
423
418
420
419
418
417
419
418
423
416
421
416
417
418
416
417
417
420
418
414
414
411
409
409
408
415
414
415
416
415
415
418
419
422
417
416
415
415
417
414
421
425
425
424
421
422
419
416
414
416
419
419
413
415
413
411
413
411
416
414
412
412
413
408
415
409
411
411
408
411
409
407
405
407
401
408
405
402
404
399
400
397
401
395
398
397
396
397
396
399
396
398
396
397
396
396
392
394
394
391
389
387
386
387
382
387
382
385
385
382
385
379
384
381
382
379
377
374
376
371
378
369
377
372
374
376
375
375
372
375
367
369
368
371
369
368
373
371
375
371
371
368
372
366
371
367
369
370
370
369
370
367
367
368
365
365
364
363
367
364
366
360
362
358
363
353
361
359
356
358
358
358
358
358
354
356
354
353
355
354
355
353
354
351
353
353
355
355
354
355
353
353
355
355
358
356
355
354
356
355
355
354
355
356
357
358
353
357
354
356
358
355
358
354
357
355
356
356
355
357
357
356
356
354
355
355
359
356
361
360
361
356
361
356
355
360
359
356
357
356
356
358
355
354
354
353
356
355
354
354
358
354
355
352
358
353
356
349
354
352
351
350
353
345
347
347
345
347
350
347
345
351
349
350
353
349
349
346
343
349
348
348
347
348
346
347
351
1046
354
351
353
348
349
350
350
345
350
344
344
345
344
348
345
343
345
348
343
343
346
346
346
344
343
341
343
338
345
340
343
341
341
337
345
342
341
345
340
261
411
347
340
340
339
343
343
342
340
340
339
340
342
337
339
335
342
337
341
338
339
341
345
341
341
340
337
339
338
342
340
338
337
343
343
342
341
341
340
335
339
337
344
340
341
338
341
336
344
341
339
343
337
340
340
341
344
341
343
340
342
340
344
342
342
339
339
337
339
339
343
336
343
340
342
341
339
337
339
340
340
340
337
345
340
340
337
335
340
334
338
338
339
335
337
334
339
334
331
333
336
333
334
330
336
333
332
658
328
332
331
333
330
330
327
331
330
334
329
328
328
328
333
331
330
327
326
332
329
334
330
332
323
327
330
333
329
334
327
325
329
329
332
330
326
329
329
331
331
330
327
330
329
334
328
328
325
328
333
329
327
324
326
326
325
325
327
331
327
329
323
328
327
330
324
328
323
324
326
328
647
326
329
326
329
323
325
323
329
326
328
325
324
324
327
328
330
327
322
326
329
330
327
652
323
330
327
333
329
332
320
330
325
328
330
331
328
326
325
327
328
328
329
327
322
333
328
329
323
325
327
322
327
324
329
327
329
328
324
324
324
324
325
331
326
324
326
329
328
325
325
327
331
328
325
325
331
330
328
326
329
331
329
332
327
325
321
329
324
325
326
328
331
329
322
329
327
328
321
327
325
331
323
323
325
328
322
322
324
326
326
321
319
323
328
322
318
325
327
323
323
320
320
328
324
321
318
324
323
327
322
318
320
324
327
322
320
319
320
324
326
324
318
318
320
325
321
321
319
320
325
322
320
317
320
321
324
317
319
324
319
320
314
322
316
317
320
322
325
320
318
318
324
322
323
316
319
324
322
325
322
320
319
325
321
320
318
320
323
323
325
318
318
318
322
324
321
324
318
320
315
325
321
321
317
320
316
319
322
322
322
315
316
316
321
321
321
323
315
317
316
314
312
318
320
321
319
312
322
316
322
315
315
321
321
320
313
320
319
320
317
317
318
321
321
318
316
318
321
319
316
317
320
323
316
317
320
322
314
319
319
323
319
319
314
316
323
321
317
319
315
317
321
324
313
317
318
322
317
314
313
316
316
316
321
317
314
318
319
318
316
316
323
319
313
316
317
318
315
314
315
319
322
317
625
316
318
315
317
623
314
321
314
313
312
315
318
318
314
311
314
315
315
313
312
313
314
320
313
310
313
316
315
313
309
313
318
316
313
311
311
315
318
316
618
310
315
317
313
316
622
309
318
314
314
309
312
309
313
319
313
310
309
311
313
315
318
312
310
310
313
315
313
314
307
311
314
317
314
314
308
312
313
313
318
621
309
313
318
313
312
310
616
313
315
311
314
305
313
313
314
307
312
315
313
313
305
313
313
313
307
312
314
314
312
307
313
313
313
308
308
318
312
311
307
313
312
314
310
309
313
309
313
306
312
314
317
309
308
316
311
308
311
313
313
308
309
311
318
312
305
311
314
313
312
305
313
316
310
307
306
313
307
307
315
308
313
305
310
315
311
308
310
311
312
308
310
316
312
303
311
311
313
310
304
313
310
313
304
309
315
313
308
304
313
311
313
308
305
313
310
313
303
307
314
313
308
301
311
310
313
304
306
311
308
311
303
309
312
313
305
302
312
307
313
306
306
310
308
310
302
308
311
311
307
302
311
307
310
306
302
310
305
304
299
308
305
297
311
309
307
306
304
304
309
309
302
306
308
308
308
299
309
306
311
301
305
313
309
308
302
313
308
312
302
306
314
610
301
309
310
306
307
300
310
305
310
300
308
310
310
304
301
313
306
309
302
302
311
308
604
306
311
307
308
300
302
304
305
309
307
313
302
302
309
309
307
606
310
310
607
307
308
310
300
304
310
307
302
306
305
309
304
302
311
304
310
299
307
310
309
305
299
310
303
310
299
304
312
307
302
300
305
298
304
311
306
304
300
310
302
304
303
308
307
298
305
305
309
300
303
311
306
302
299
310
301
309
300
302
312
604
298
307
307
307
302
297
309
300
307
297
306
308
306
300
300
306
301
309
296
304
311
302
600
306
306
303
300
299
599
306
305
306
301
295
308
300
308
297
305
307
609
296
310
300
310
297
302
310
305
300
296
307
300
308
299
301
311
300
303
296
306
304
303
302
300
306
304
305
297
302
310
305
303
300
299
302
305
304
306
300
305
305
307
303
302
304
307
308
304
303
307
308
307
309
306
304
309
306
311
309
305
308
311
308
315
309
308
311
310
313
311
308
312
310
315
311
311
313
313
311
314
311
313
315
313
315
312
315
315
315
317
315
313
318
320
317
317
316
314
316
315
319
315
314
318
319
316
322
318
316
318
322
318
321
319
318
320
321
321
322
320
321
321
322
321
324
323
322
323
324
324
322
323
323
324
323
326
325
323
330
650
327
330
330
328
328
329
328
330
332
328
330
329
326
331
332
332
333
332
334
336
335
335
338
335
339
341
341
342
345
344
348
349
350
353
354
351
354
354
354
356
352
352
355
351
355
355
357
360
359
363
364
365
369
372
373
371
375
374
374
378
375
373
375
376
377
378
377
378
381
381
385
383
385
387
388
391
387
389
391
392
393
390
390
392
390
388
390
391
390
392
390
392
392
397
397
398
399
402
405
409
410
410
409
409
413
413
414
412
411
414
415
416
418
417
417
423
423
424
423
424
426
430
431
429
428
435
434
438
434
433
440
435
435
433
433
436
436
434
433
433
435
438
439
439
438
438
441
443
441
438
438
439
438
434
433
434
432
432
432
436
439
439
441
442
451
451
453
452
449
449
443
443
441
443
449
463
475
480
486
482
476
472
471
474
479
477
474
471
477
479
481
483
478
472
469
467
485
488
495
502
507
500
497
496
499
505
498
496
496
497
500
505
503
496
496
494
493
494
492
486
488
494
503
512
515
517
511
503
497
492
491
493
497
499
501
497
495
495
498
501
498
498
497
499
498
493
494
490
489
490
492
498
504
506
509
498
494
494
494
496
495
496
502
509
511
515
514
514
511
510
508
494
491
490
490
491
498
502
505
510
509
511
500
498
500
500
503
503
500
500
502
509
511
510
510
512
518
517
521
518
510
505
506
506
498
499
498
497
496
496
498
499
500
504
512
513
514
517
521
520
521
521
526
527
524
526
530
536
533
534
526
545
534
527
523
514
509
507
508
516
525
524
525
527
536
544
554
558
559
549
545
540
541
543
544
545
546
538
536
536
540
549
557
546
544
541
539
541
545
548
554
557
566
575
579
573
568
564
563
557
545
541
536
533
533
538
538
536
547
555
564
577
593
595
599
597
588
584
576
569
565
559
548
544
538
534
534
537
546
555
566
579
588
592
589
583
576
569
563
548
542
536
530
525
527
534
545
557
570
585
593
592
585
576
570
562
550
544
538
532
528
528
535
545
554
568
583
592
588
583
577
573
558
551
544
540
534
534
536
545
554
565
574
581
583
581
576
571
566
554
549
544
538
534
533
538
549
559
573
578
577
574
563
562
560
560
553
552
549
543
553
541
534
528
521
519
517
519
524
527
529
537
551
562
563
558
556
553
550
546
545
548
551
557
560
560
553
544
541
537
533
528
530
533
537
543
539
541
542
545
543
541
541
541
541
542
547
553
559
562
565
568
560
559
554
552
550
549
554
560
563
563
558
555
552
549
546
547
548
554
560
563
559
552
548
544
538
533
531
527
526
533
539
540
537
537
537
537
537
541
549
556
562
563
557
556
552
549
547
549
554
559
563
566
563
557
555
552
551
543
556
546
544
540
535
527
524
526
531
542
548
551
555
563
566
567
563
560
558
558
556
552
550
549
550
554
558
555
558
559
563
567
569
563
561
561
562
561
553
552
550
548
545
539
540
542
547
552
547
548
548
548
546
542
542
543
541
538
536
536
538
538
538
538
541
541
537
535
533
529
530
534
537
539
537
540
542
545
548
546
549
556
559
557
556
558
561
562
558
558
559
557
556
551
554
558
560
556
556
560
563
566
563
563
564
565
563
557
558
560
561
558
558
563
564
563
562
562
563
559
553
554
557
560
556
559
562
564
566
561
562
565
564
564
562
564
567
570
563
563
565
566
562
560
559
560
560
556
558
563
563
563
562
564
563
561
557
557
558
557
554
552
553
556
559
563
563
565
568
570
564
561
562
558
553
549
548
549
550
554
559
560
565
567
569
570
566
567
564
559
556
554
551
553
546
540
537
531
526
527
528
536
557
566
565
566
568
562
561
561
562
562
558
556
558
557
556
553
553
554
556
557
558
559
563
566
566
563
563
565
565
562
562
562
561
562
560
559
562
563
566
566
566
568
570
569
567
564
566
565
564
563
563
564
568
572
572
575
579
581
583
576
575
573
571
568
563
562
563
563
561
562
564
568
573
574
571
569
571
569
567
564
564
563
565
566
568
572
576
574
570
569
567
564
560
557
558
557
559
558
558
561
562
563
561
561
561
561
555
555
556
556
556
555
555
557
558
561
557
557
555
553
549
547
543
539
538
538
539
543
546
556
563
565
566
567
567
565
562
561
560
558
556
554
553
557
559
565
566
568
572
575
577
572
567
563
560
553
552
554
553
555
559
560
567
570
577
582
585
578
571
570
569
568
562
559
556
554
553
554
552
552
552
556
563
563
564
562
554
563
550
544
534
531
522
520
514
510
512
517
523
533
540
545
548
548
549
547
544
541
541
543
548
554
560
562
559
557
554
552
550
550
552
556
558
559
560
559
560
562
567
573
575
576
570
566
563
560
557
556
553
549
550
550
553
558
561
563
564
568
571
573
576
569
565
563
561
558
558
561
558
558
558
554
555
553
555
557
556
555
553
553
553
551
552
552
550
551
553
554
558
556
559
560
561
562
558
558
557
555
557
555
556
559
560
561
559
561
563
562
560
557
557
554
553
552
553
554
556
558
556
556
554
549
545
540
536
536
536
538
541
544
550
555
555
561
563
563
558
555
554
552
552
553
551
553
554
555
559
559
559
559
560
559
558
556
556
553
555
555
554
555
557
557
556
558
559
559
558
555
555
555
553
552
552
552
552
555
555
554
554
556
555
555
555
552
551
549
547
546
546
547
551
556
558
558
560
560
560
555
551
551
547
548
549
550
549
554
555
556
553
554
557
557
560
556
554
555
555
553
553
551
550
549
549
550
549
551
555
556
554
553
553
554
554
556
552
552
553
550
552
550
552
555
558
562
561
560
563
561
559
555
554
553
552
554
554
555
559
560
564
563
563
564
563
563
559
558
557
551
550
549
544
544
543
544
549
552
555
554
557
561
559
559
555
555
556
552
552
549
551
554
555
558
557
561
563
563
562
559
555
554
551
546
540
537
531
526
527
530
537
551
558
559
561
556
553
547
550
538
530
526
523
516
512
506
501
499
496
496
498
501
503
508
509
508
508
508
505
506
506
514
523
526
529
534
534
537
539
540
542
542
544
544
545
546
547
543
542
543
546
550
546
545
550
555
563
560
558
562
563
561
554
552
550
549
543
542
544
545
549
552
553
554
556
559
564
565
562
565
563
563
563
560
564
565
567
566
564
565
568
573
573
567
569
568
567
563
563
563
563
565
564
567
571
576
575
571
571
570
573
567
570
573
574
574
568
567
571
574
577
570
569
572
576
573
571
571
570
567
563
564
568
573
570
574
577
580
581
579
580
578
582
582
577
581
581
585
579
575
577
575
576
575
579
583
590
585
586
588
588
585
578
578
577
580
572
568
567
565
563
565
564
565
564
568
572
568
567
569
569
564
561
562
563
568
569
570
573
577
580
576
579
582
582
581
576
577
575
577
580
575
578
579
585
578
575
573
571
569
565
565
565
569
567
564
564
568
572
573
571
575
577
579
574
573
576
580
582
579
580
583
587
587
584
591
591
594
594
585
584
581
580
576
571
574
579
590
584
580
581
583
578
570
571
569
570
566
566
566
569
575
571
572
577
581
585
584
579
582
582
584
580
575
576
577
579
572
572
579
581
585
581
583
583
583
577
573
572
572
568
564
568
574
581
581
579
580
580
579
572
569
570
571
572
569
568
570
574
568
556
550
542
538
540
544
554
557
560
564
576
590
592
579
577
575
572
566
563
562
560
561
559
563
566
573
576
571
575
579
579
574
566
566
563
563
558
558
561
563
572
571
567
570
572
576
568
564
564
563
560
555
556
562
565
567
566
564
569
570
572
567
564
567
572
579
579
577
578
583
585
582
577
579
580
585
577
575
577
578
571
568
573
575
578
573
570
574
581
580
572
571
573
576
582
578
573
575
576
582
579
575
578
577
577
571
570
570
573
574
567
568
573
581
592
587
591
598
605
607
594
589
593
591
590
578
574
577
578
584
584
581
584
582
578
572
568
563
557
556
550
547
540
550
546
542
538
533
526
525
527
534
551
569
569
571
579
588
593
582
575
577
573
570
563
560
558
563
566
568
569
578
582
586
578
573
566
568
569
574
574
570
572
571
574
584
587
588
577
570
563
564
569
574
574
568
563
562
562
567
572
571
569
572
578
583
584
577
571
576
575
575
570
566
569
575
581
574
570
576
582
585
581
579
577
578
574
568
567
568
569
570
566
565
568
579
585
586
580
579
582
582
586
579
578
577
579
585
586
580
579
581
589
590
581
581
580
585
575
573
577
578
583
582
574
576
578
584
585
580
574
568
563
548
548
550
544
540
536
533
533
536
536
541
548
567
587
575
568
570
571
573
572
570
564
561
561
563
559
558
556
558
560
561
551
553
560
578
598
594
595
581
575
573
575
578
580
577
577
583
590
602
604
597
586
583
573
564
557
549
547
550
561
583
614
628
619
622
623
629
623
606
593
586
582
583
582
576
581
591
606
619
612
604
605
602
598
586
585
583
586
586
576
575
577
586
600
601
595
598
596
599
590
584
588
592
596
591
584
588
595
602
609
598
594
598
603
601
587
584
587
589
598
598
597
597
601
611
610
604
606
605
613
614
606
606
608
620
621
607
602
603
600
604
591
586
591
598
608
603
591
594
597
599
600
593
596
598
606
605
602
615
625
636
630
610
614
617
619
617
605
610
609
617
611
607
616
624
629
606
602
600
602
588
582
583
582
586
580
586
595
607
618
609
609
612
616
623
616
604
607
608
611
611
604
610
620
629
612
613
613
615
608
597
594
598
600
591
581
583
588
596
589
584
596
611
620
610
615
619
614
602
593
593
591
590
580
573
569
581
570
563
554
546
541
543
547
562
577
581
582
588
602
617
614
595
590
588
595
590
588
575
567
565
559
564
559
555
549
538
556
544
543
538
534
528
524
523
524
532
543
554
559
571
576
581
581
578
567
557
553
543
539
535
535
540
561
576
583
573
570
558
553
551
543
540
538
541
550
560
571
583
604
608
597
591
592
596
602
593
591
583
577
573
573
573
585
593
600
601
595
592
579
582
579
582
577
570
564
559
555
555
554
545
545
553
559
569
584
594
593
582
577
577
578
584
593
598
604
596
590
589
590
603
604
595
586
588
584
590
586
581
576
576
580
593
608
624
613
602
596
593
583
584
593
592
587
588
572
566
554
549
543
550
563
583
593