909
830
747
774
831
814
744
787
821
754
696
701
718
688
645
639
628
639
648
656
629
638
671
694
624
638
628
609
595
595
604
631
631
626
607
594
607
623
660
646
664
737
917
846
743
794
806
809
756
774
760
732
719
723
712
699
659
639
633
659
709
688
687
675
771
920
945
846
835
738
745
777
768
727
725
709
882
1004
1006
906
731
742
1003
843
740
866
886
903
884
902
771
892
1146
1040
888
770
804
1075
1027
944
789
822
857
1003
887
800
819
1019
986
832
815
839
800
841
943
984
924
768
738
821
933
942
853
780
854
1025
1042
827
737
751
847
975
962
831
838
990
997
963
815
789
870
933
896
836
793
873
961
902
811
823
1075
929
877
843
808
765
700
686
734
704
703
730
875
901
778
761
888
871
860
742
723
836
846
840
758
807
1199
824
824
894
939
892
839
902
988
931
796
795
843
901
868
824
757
817
1009
1013
849
802
924
968
881
813
888
956
891
781
815
1117
990
935
849
983
1025
875
773
763
865
1080
963
840
824
931
965
813
764
776
814
890
864
930
1165
1003
852
777
845
1052
940
791
809
1007
1002
865
788
927
1092
940
797
825
913
926
791
754
812
829
890
796
836
999
884
771
735
763
856
905
781
774
840
979
866
766
795
940
911
826
751
775
810
783
748
766
753
802
750
777
765
743
736
722
761
855
909
808
739
730
727
771
762
738
742
835
888
854
776
758
886
948
858
765
761
790
814
924
816
801
840
808
817
750
756
861
872
839
757
743
781
788
813
801
777
778
851
878
831
751
746
924
960
842
773
749
879
836
825
694
670
704
785
876
839
735
691
699
705
691
687
1530
753
737
719
705
737
987
938
855
845
933
917
832
787
834
974
987
864
802
883
901
907
780
802
888
833
765
787
821
938
813
793
902
983
923
784
770
822
843
816
746
771
821
944
879
759
761
793
876
873
760
744
776
791
758
723
788
1028
949
846
769
761
819
819
784
747
739
778
804
788
758
820
816
835
754
722
760
800
818
750
729
755
877
840
769
724
735
758
798
806
762
756
786
740
680
683
665
651
656
731
785
702
688
666
650
639
637
624
626
610
610
633
670
667
658
645
623
603
589
576
575
589
600
598
618
626
609
612
678
749
720
781
889
910
851
788
819
772
756
811
815
758
721
742
843
966
951
848
755
734
792
756
762
752
733
756
873
1039
967
776
762
854
882
867
832
894
1012
922
807
764
932
1063
886
727
840
995
790
754
820
764
718
724
704
671
1489
702
695
707
761
758
783
774
811
837
847
762
724
752
782
885
846
754
744
878
1001
832
734
719
742
838
788
785
855
974
1047
973
767
777
933
919
881
809
940
951
895
837
819
846
783
924
874
770
768
785
827
866
783
792
805
844
881
796
754
776
874
882
836
771
729
744
800
857
764
790
795
859
845
804
787
803
847
829
792
734
734
783
810
840
763
775
893
878
848
797
727
734
879
784
720
783
805
799
749
716
736
787
897
771
727
756
770
993
788
781
841
800
842
767
716
753
936
952
941
813
755
763
815
875
771
737
759
740
753
752
817
974
871
819
759
698
715
779
794
737
672
658
646
636
628
739
874
741
698
696
718
715
693
715
728
710
705
722
689
690
710
694
674
691
714
740
776
766
711
685
668
671
755
749
756
736
744
710
702
728
722
758
771
741
869
1120
931
804
771
758
702
728
748
1064
844
742
770
792
794
830
817
774
722
747
794
779
735
725
719
703
695
675
665
687
699
762
825
794
731
737
792
884
788
808
821
786
762
719
771
776
781
719
686
705
683
660
670
758
719
683
702
741
762
753
724
712
678
687
703
764
820
763
716
719
733
780
799
792
712
683
696
771
813
823
775
741
785
793
813
793
723
751
841
892
928
814
741
713
759
885
951
833
744
707
694
719
764
791
759
724
788
914
861
844
788
771
856
873
862
780
707
730
748
836
773
752
876
871
872
757
840
895
854
745
722
757
951
961
838
728
755
782
867
870
785
791
850
929
845
765
852
820
871
771
858
938
963
806
744
819
886
799
745
789
844
910
792
740
827
850
920
768
771
843
916
881
756
736
777
849
809
755
751
827
840
880
782
698
688
798
1002
947
805
724
674
651
628
629
625
621
603
594
587
588
578
568
561
556
548
1079
534
525
521
512
509
511
508
506
500
495
498
504
525
592
598
600
604
604
648
666
682
670
615
613
587
565
584
641
647
674
676
748
785
754
729
713
665
668
683
675
622
650
633
632
627
622
608
586
565
562
574
585
649
663
668
637
603
589
589
606
600
591
598
621
640
637
612
608
605
607
607
613
609
608
581
587
589
581
587
651
680
720
722
691
673
659
657
628
617
607
604
613
589
568
559
579
608
617
600
565
563
574
634
678
646
604
1165
595
585
582
567
555
547
542
555
565
570
585
588
591
569
572
581
599
596
574
551
553
571
587
580
1134
549
541
546
562
583
579
570
581
583
578
563
561
603
637
671
695
679
662
643
632
618
595
580
575
575
573
580
590
582
570
549
545
648
743
690
675
648
602
592
576
580
581
571
567
578
608
624
598
584
574
577
581
588
579
563
579
614
641
605
1226
582
570
565
559
554
560
580
580
589
592
613
605
598
564
545
535
529
560
647
617
590
576
553
536
534
548
561
568
572
563
577
565
555
532
1095
594
603
603
593
583
574
569
574
591
589
578
563
554
563
573
589
592
573
565
552
560
563
571
571
566
571
592
586
588
592
616
651
1248
564
1058
527
532
544
557
559
552
576
609
606
1166
568
1099
548
1061
527
520
525
575
639
618
627
625
661
651
623
606
582
581
584
592
568
547
542
553
572
594
604
572
537
525
1242
599
596
590
1120
530
524
527
524
524
539
561
1190
550
1060
528
526
523
521
541
558
603
586
586
1198
548
1085
543
528
519
517
522
524
525
539
550
578
580
553
551
544
548
563
551
539
546
555
547
533
521
513
512
521
1105
539
521
521
530
541
553
538
522
522
578
683
664
688
617
597
574
575
586
582
564
545
531
537
548
548
571
627
696
708
698
679
673
618
598
572
561
554
545
563
563
552
544
538
538
541
534
523
522
525
525
522
516
520
529
546
548
547
565
602
651
632
642
653
685
686
646
615
580
561
569
563
550
557
568
550
541
562
584
637
643
621
618
605
587
567
1142
560
1134
540
1093
546
1107
543
1103
539
1159
585
607
649
675
701
776
807
775
708
751
728
726
704
665
631
612
596
661
719
724
695
660
621
608
645
655
643
655
660
688
735
727
729
714
742
699
669
654
643
652
636
712
716
710
758
729
646
621
604
660
687
668
648
637
644
629
603
618
618
620
651
692
703
706
709
721
712
705
691
659
658
646
643
604
616
598
564
549
582
629
592
624
647
706
747
742
707
667
614
579
579
598
619
590
566
1098
533
1044
515
1501
492
473
475
476
475
475
476
479
480
478
479
482
475
471
466
461
462
462
466
470
474
479
479
486
486
504
528
558
531
456
601
511
506
438
563
512
509
507
491
492
493
497
489
487
484
483
484
483
479
470
466
459
454
449
448
449
444
449
443
455
443
429
337
504
429
422
430
433
434
434
439
442
439
438
438
438
448
455
455
455
450
458
461
461
462
457
455
456
469
474
478
478
484
486
479
473
471
471
470
462
467
480
536
558
543
571
542
540
521
504
513
514
515
502
485
473
470
471
474
476
305
612
357
513
448
443
442
443
443
440
442
440
439
443
442
443
452
454
457
461
464
456
449
444
449
466
520
535
490
1002
527
512
507
523
526
563
552
548
546
521
511
492
491
488
483
493
498
500
506
531
552
589
578
580
556
517
492
345
561
471
458
452
457
455
457
457
462
465
459
467
469
473
472
477
971
484
481
479
481
490
521
1103
597
676
663
658
638
594
535
1024
517
507
501
492
498
524
565
565
566
1082
501
496
511
521
521
516
506
503
495
497
492
501
489
1721
565
439
445
455
457
446
444
448
444
445
442
441
438
449
454
453
450
445
443
443
438
440
450
466
531
586
575
576
617
621
576
531
529
503
492
479
472
475
532
553
544
522
498
486
479
478
487
535
530
545
546
521
497
495
496
521
497
471
378
976
453
451
456
463
477
478
478
474
476
475
481
484
480
479
477
478
475
471
483
551
596
588
576
553
582
577
575
533
513
505
530
533
506
483
361
479
471
459
456
453
457
454
458
458
465
471
474
479
480
481
483
485
487
504
1076
540
555
620
692
668
637
619
605
587
580
558
527
524
534
550
544
553
587
635
654
635
592
563
1094
539
527
519
528
558
573
588
591
597
632
669
680
648
621
593
576
569
579
583
567
552
549
585
608
615
598
551
534
555
565
583
604
618
593
585
604
612
615
1174
563
569
595
623
630
624
664
697
729
694
661
677
695
671
662
629
606
1297
608
601
604
657
875
687
765
778
719
716
701
667
624
606
611
613
660
688
685
700
691
670
689
721
746
697
693
697
698
689
693
686
677
685
662
628
645
659
665
653
621
604
636
717
674
688
645
620
604
594
590
593
616
678
696
684
698
705
682
672
672
675
651
647
620
607
607
595
587
573
571
563
580
630
664
640
605
591
589
624
685
672
670
679
652
631
649
642
612
615
655
632
646
626
658
655
610
598
603
622
646
647
638
608
578
560
558
574
584
575
588
1255
582
560
544
563
595
616
597
586
586
584
599
590
573
566
571
613
642
622
603
611
604
598
586
572
561
566
595
615
621
625
666
624
681
671
629
661
692
684
663
681
675
698
662
646
646
632
614
609
592
583
567
554
557
564
573
573
598
592
585
568
564
579
606
605
590
607
640
638
623
611
623
634
628
605
601
576
561
558
615
688
702
662
638
586
559
559
554
551
559
571
581
574
563
556
568
576
573
592
619
621
623
632
654
623
655
654
675
637
713
686
650
641
661
668
643
721
654
718
659
640
637
627
625
604
603
619
641
647
664
688
665
620
618
644
607
604
587
567
1125
560
550
545
542
559
567
608
625
609
590
1176
593
621
627
618
605
616
619
646
651
637
1327
627
621
627
638
657
724
742
722
729
662
651
655
646
625
616
619
597
591
624
634
646
645
685
733
694
636
650
605
591
565
561
590
630
642
694
682
634
669
672
676
673
646
631
616
599
580
572
610
641
642
674
712
703
706
641
663
600
584
566
578
628
648
609
743
701
661
634
613
599
609
654
662
664
648
643
637
640
635
624
623
622
637
624
616
625
647
664
679
710
705
666
625
635
616
650
661
666
668
658
643
629
614
1254
585
581
602
593
622
643
688
816
715
809
774
719
680
712
714
705
698
685
662
627
683
682
680
661
658
632
628
632
604
617
646
778
740
760
767
763
730
673
682
657
647
648
612
616
641
606
604
601
619
637
633
604
607
612
608
604
591
595
603
608
603
597
599
583
594
1252
609
626
630
625
642
642
623
648
651
703
741
682
683
701
650
631
614
623
606
619
641
681
729
713
694
646
615
595
1230
608
622
618
607
581
576
595
655
713
678
712
680
651
654
697
737
738
742
733
716
697
663
663
670
683
686
671
667
677
711
724
678
635
620
640
646
656
660
660
684
645
653
1380
642
616
610
615
1337
661
716
693
689
729
717
809
816
828
767
673
668
655
653
673
625
628
602
605
585
576
575
578
578
566
551
543
536
534
537
534
528
530
530
536
556
587
614
622
602
584
562
556
580
605
626
632
642
658
661
673
663
666
684
740
770
768
784
756
734
729
780
827
792
760
766
817
766
732
656
686
663
688
714
679
675
675
663
643
679
755
748
703
667
671
688
755
764
769
762
750
787
784
761
700
667
675
656
648
688
658
646
607
584
583
615
708
773
760
728
689
646
632
646
680
779
772
756
728
747
777
767
747
691
694
696
726
724
709
683
680
717
767
780
757
788
729
687
660
646
697
737
685
683
700
698
769
833
802
709
732
725
703
655
624
611
587
580
580
583
577
583
587
594
587
576
559
547
551
615
669
657
654
638
682
737
733
714
696
732
722
688
661
663
702
676
627
621
688
752
677
629
623
626
719
733
732
690
626
623
641
626
600
595
584
623
717
742
733
692
642
646
644
658
688
691
680
669
665
699
689
643
616
625
654
636
625
635
624
643
677
643
625
613
623
626
633
699
720
728
722
707
684
712
758
782
739
735
729
703
646
632
656
742
726
707
697
641
643
691
729
762
764
765
746
720
703
707
699
686
680
684
690
684
696
689
686
695
725
712
730
712
702
737
776
789
795
773
728
730
712
704
688
678
717
827
810
810
813
866
850
774
722
676
667
667
657
653
656
673
683
688
663
634
625
1391
627
633
624
625
626
641
647
627
1333
640
640
651
670
712
730
709
713
744
845
838
816
773
722
679
679
706
756
771
734
713
673
686
700
695
670
661
659
730
760
726
701
684
684
700
694
688
669
669
696
728
795
852
809
755
737
659
634
1312
625
634
668
830
842
837
853
864
771
710
667
649
667
661
675
645
619
1247
618
621
611
1248
620
672
651
673
761
765
832
806
832
816
792
703
698
705
716
673
661
632
605
589
601
609
604
608
630
675
651
627
618
625
652
644
640
653
688
711
758
703
704
686
637
612
598
606
1280
611
599
586
1139
572
621
624
636
655
651
712
746
671
659
678
688
687
674
669
654
626
644
649
667
661
664
647
631
626
606
591
581
561
561
602
632
639
644
642
643
641
636
641
644
630
622
648
645
644
640
700
785
736
689
639
612
588
578
633
640
650
619
600
583
567
563
576
608
602
621
652
642
611
1133
541
541
618
699
683
698
642
694
690
696
709
646
637
636
661
728
734
759
763
732
640
617
604
668
837
748
728
659
665
676
719
744
703
741
812
770
710
699
652
603
577
563
1145
561
559
624
753
757
806
798
797
775
716
663
654
621
623
629
704
778
765
760
754
734
736
707
661
660
656
653
625
632
622
619
627
601
604
588
575
575
571
563
557
1157
574
558
546
534
530
543
579
637
628
613
577
561
566
590
622
663
637
605
569
562
563
612
705
682
678
622
589
564
555
559
582
595
572
561
560
582
594
564
555
559
556
550
548
547
542
546
667
690
707
666
629
606
588
581
574
568
554
1146
550
543
570
630
618
610
626
699
706
648
666
619
617
577
563
539
533
523
516
521
517
521
509
515
501
507
505
505
499
490
492
479
487
488
495
480
482
479
493
486
490
485
480
484
482
489
477
482
475
480
479
476
481
469
477
475
482
479
478
479
469
480
483
489
479
487
483
479
476
468
482
479
482
475
470
474
464
468
462
451
454
453
450
479
479
483
476
461
469
457
462
463
456
465
454
447
456
445
450
465
460
463
462
456
471
475
465
463
454
468
467
461
468
459
460
475
466
477
468
463
465
461
470
462
456
472
465
475
466
456
467
463
462
458
453
464
456
451
456
449
452
452
442
454
455
442
447
444
438
451
457
448
454
444
450
459
450
453
451
444
454
449
441
450
451
444
452
445
441
454
447
454
457
447
453
464
453
462
455
447
456
450
448
450
451
452
456
446
454
458
453
454
448
444
461
463
452
453
458
457
445
445
450
442
440
442
440
435
449
444
440
437
449
453
441
442
445
440
446
455
450
443
451
447
447
455
447
442
451
447
438
444
440
433
446
444
440
438
445
445
439
443
441
436
443
442
433
436
444
437
440
440
433
438
447
437
440
442
435
438
447
438
433
442
439
434
442
437
425
430
431
429
427
437
438
432
432
440
439
431
438
441
438
436
439
438
438
446
443
434
439
443
433
430
436
434
428
434
430
428
435
440
438
431
439
442
433
432
438
436
431
435
435
428
435
435
434
426
435
444
435
438
439
432
439
445
442
437
447
443
433
434
442
443
437
435
439
432
430
448
450
440
444
439
432
421
425
432
422
424
429
424
422
427
425
426
422
428
429
421
424
438
434
427
434
446
449
452
444
441
458
456
446
450
447
442
448
439
437
447
441
434
440
442
435
429
432
431
422
428
430
422
423
431
427
418
426
426
426
417
422
430
427
426
433
430
425
432
429
422
423
425
426
419
424
437
431
425
433
435
433
443
438
432
438
438
434
439
434
429
434
437
437
428
433
437
429
427
432
428
424
432
428
424
429
431
428
422
427
436
428
432
455
438
442
443
430
430
435
430
426
432
436
434
429
433
436
426
430
431
419
422
430
425
419
422
427
427
422
425
426
422
419
425
419
418
417
422
424
417
413
420
420
419
410
416
426
423
417
415
425
429
422
420
438
434
430
435
437
437
433
439
438
427
426
435
431
423
431
425
421
428
427
424
417
421
430
422
418
420
423
426
421
425
427
422
419
426
422
417
423
423
422
414
414
425
419
413
418
416
417
410
412
416
411
409
412
420
428
424
423
432
425
422
423
428
429
418
418
429
423
416
422
421
421
416
421
421
418
415
427
421
416
422
425
422
414
420
424
418
413
424
424
416
418
421
421
413
415
425
419
412
418
418
417
411
417
423
414
410
419
418
419
410
416
423
419
411
416
421
422
416
417
419
413
416
424
418
413
413
420
418
411
409
418
419
416
413
417
420
416
410
415
416
414
408
409
416
415
411
410
411
416
408
408
414
411
409
405
409
416
411
408
406
413
421
414
407
416
410
411
407
408
416
411
405
407
411
412
407
402
408
410
408
404
400
407
406
406
399
399
403
405
404
398
396
404
406
409
398
393
398
396
401
398
396
401
407
413
409
402
404
414
416
411
407
409
416
416
405
406
413
409
408
407
411
414
407
405
407
409
412
406
403
399
405
414
412
411
403
411
419
416
407
407
411
415
413
407
414
414
415
407
410
417
412
409
408
409
413
407
401
404
406
407
401
401
404
406
408
404
399
401
404
405
401
398
402
405
408
403
399
404
406
408
401
398
401
404
407
401
398
399
402
405
403
398
396
400
405
406
401
400
401
407
404
403
402
404
411
405
399
398
401
406
402
400
395
396
403
400
402
396
395
400
401
406
400
398
397
403
406
402
400
401
409
417
414
411
418
415
412
403
409
412
410
408
403
406
411
404
404
404
403
404
407
412
409
406
412
416
416
413
409
411
413
414
413
411
409
413
420
423
419
416
416
420
419
415
413
415
418
429
433
432
427
434
438
441
433
433
432
439
445
446
440
435
430
426
433
447
453
448
435
431
432
430
439
442
453
469
469
473
484
487
478
469
470
480
471
459
463
465
464
462
452
442
446
454
455
448
444
444
465
493
498
485
473
513
526
490
467
459
451
454
458
462
457
455
454
442
443
446
457
463
462
465
493
532
538
504
490
528
598
582
523
547
548
515
503
502
515
521
509
494
484
483
487
497
498
493
479
476
479
484
480
467
464
468
476
483
484
482
496
601
615
639
610
545
504
501
509
503
502
495
486
478
488
1012
504
512
500
486
506
518
521
510
485
479
492
505
507
520
578
589
610
578
541
519
511
523
525
515
501
492
481
487
573
600
621
609
582
548
540
553
1131
521
505
496
497
495
531
621
650
690
689
663
647
655
672
696
688
658
597
566
548
554
572
568
533
525
516
506
520
529
534
529
520
509
524
547
565
563
547
534
525
540
1210
573
521
520
519
1146
541
538
589
599
582
570
558
554
549
542
532
519
506
505
509
505
502
490
1005
498
495
487
491
509
537
551
522
500
1059
536
538
536
558
585
576
544
516
515
535
521
503
488
486
488
488
490
519
540
560
555
562
551
531
534
540
543
544
540
535
1043
514
528
541
537
532
531
1129
536
526
540
561
552
533
521
521
567
581
582
571
555
533
521
512
503
497
500
508
531
551
546
563
558
560
1067
509
503
495
502
508
515
514
509
503
496
487
483
485
488
492
519
551
1231
589
580
562
534
534
534
564
589
577
575
596
568
566
574
576
576
570
567
568
587
582
576
562
561
564
556
557
553
554
558
545
526
517
523
530
527
514
506
506
512
517
510
501
493
498
507
512
500
494
494
505
527
521
513
516
529
535
526
516
506
519
530
524
524
513
511
525
523
516
510
507
523
532
520
508
510
518
516
520
510
508
529
537
525
517
515
527
551
538
536
533
540
533
522
514
512
529
547
544
524
521
523
521
511
514
520
527
511
503
510
506
521
527
526
521
541
544
525
514
510
515
528
535
534
528
522
519
529
525
521
514
533
563
568
537
524
528
521
519
507
502
500
498
508
491
486
492
500
498
495
488
488
487
487
483
485
486
488
489
486
484
482
481
479
484
483
478
479
481
478
476
474
479
485
483
479
472
473
473
473
468
467
474
476
474
468
467
471
477
480
471
459
459
464
470
478
482
479
472
469
473
479
483
492
494
486
476
476
476
466
470
479
484
497
495
485
478
470
470
495
514
504
495
497
501
507
506
508
504
495
484
480
479
485
502
500
500
513
528
537
524
512
507
512
515
507
498
500
509
513
499
499
505
512
525
511
506
508
503
489
486
471
467
479
474
467
472
477
479
472
477
465
467
475
466
475
464
460
470
459
453
462
447
452
459
448
447
461
450
459
453
455
460
454
458
453
447
459
458
451
459
452
449
465
458
451
464
455
452
469
458
456
462
449
465
465
456
464
456
463
463
450
456
449
437
439
439
428
432
438
435
427
432
438
429
434
438
428
431
440
431
427
434
438
434
436
438
442
436
445
444
437
442
448
437
441
452
443
438
448
442
442
447
442
437
449
443
438
446
442
440
451
444
445
461
454
452
460
448
447
455
444
442
453
441
441
445
438
435
447
442
436
442
438
432
438
438
436
430
438
439
429
432
439
426
431
435
424
428
433
429
423
434
429
420
428
426
420
423
427
429
418
427
433
424
416
428
421
415
417
419
418
410
421
421
416
412
423
418
414
416
424
427
418
426
432
428
429
436
429
417
422
419
414
412
420
423
412
414
422
419
411
419
417
412
415
417
418
414
412
419
417
412
414
417
418
411
417
424
421
415
426
426
421
422
423
426
415
419
423
418
413
419
413
413
413
419
423
414
413
419
418
410
418
415
416
411
414
417
410
406
413
412
408
402
409
410
407
403
405
408
412
405
400
410
409
407
402
407
412
408
407
414
418
423
407
410
417
412
408
411
417
421
412
411
421
415
406
410
412
416
403
406
412
408
401
404
405
406
398
398
405
401
399
395
398
403
400
392
396
397
401
395
393
398
399
403
394
393
401
399
398
392
394
399
396
396
392
396
401
396
392
390
396
401
394
386
392
396
400
392
386
391
392
395
388
384
387
389
394
390
386
382
388
395
390
391
384
384
391
391
394
386
380
381
387
392
386
382
377
380
386
385
388
380
378
383
386
388
382
378
376
379
386
382
382
376
378
380
382
387
384
376
373
377
383
380
384
377
374
373
376
382
379
379
375
370
373
376
382
377
379
372
370
373
378
380
377
377
375
370
374
378
382
377
382
375
376
380
381
387
385
379
376
377
383
381
383
377
373
375
377
381
379
382
373
369
373
375
380
377
378
370
369
375
376
378
377
373
368
368
375
374
376
373
370
366
368
375
373
377
373
367
365
368
373
373
376
370
367
362
362
368
368
374
368
366
363
359
364
364
368
368
370
365
360
359
361
365
365
368
364
361
356
355
359
362
367
366
367
358
357
355
355
358
360
365
361
364
359
354
354
353
358
357
364
360
364
359
357
354
355
356
358
360
362
362
360
357
353
351
353
355
358
358
360
356
359
354
354
350
349
352
354
355
358
357
356
356
355
353
349
347
349
351
354
353
356
354
361
354
352
348
348
347
348
352
353
357
356
356
357
354
353
349
351
351
355
354
356
355
360
355
357
351
350
350
352
354
354
357
354
360
357
351
350
348
352
353
356
355
360
358
362
357
351
350
349
351
351
355
354
359
356
355
353
349
348
347
354
351
355
355
355
352
353
347
342
343
342
344
345
347
347
350
351
352
347
344
342
341
340
338
340
341
343
343
348
346
348
345
349
345
346
346
345
343
341
340
339
341
343
344
344
346
344
349
343
349
344
341
339
343
339
339
341
338
340
343
345
344
345
345
348
347
351
345
343
341
340
338
338
340
341
343
342
345
342
346
345
349
339
350
346
349
343
348
345
343
341
342
341
340
342
340
343
342
345
343
349
346
348
346
348
345
347
342
342
339
340
338
338
339
337
338
339
340
337
340
341
341
340
341
339
342
341
346
342
343
346
347
339
337
340
338
338
336
339
336
339
338
341
340
342
340
343
340
346
341
342
337
337
338
335
334
333
333
332
332
333
334
331
333
332
333
333
333
333
336
335
336
336
338
336
340
337
341
335
338
336
333
331
332
331
329
330
331
328
329
329
330
328
328
329
328
327
329
329
328
329
328
330
328
329
329
329
327
328
328
328
327
328
327
330
327
329
327
330
328
327
329
330
328
328
327
330
329
329
329
332
329
329
331
329
328
331
330
329
330
330
330
330
329
334
329
332
329
335
329
333
329
335
329
331
328
332
328
329
327
332
328
328
324
327
321
331
328
329
324
330
329
329
325
329
326
328
321
329
327
330
324
328
324
329
326
327
322
330
326
327
324
329
326
326
323
328
326
326
321
328
326
326
322
328
323
327
324
327
325
326
322
327
324
325
323
327
326
329
321
323
325
331
326
330
323
331
328
329
325
327
326
329
324
326
323
329
327
325
322
325
326
326
323
323
323
327
324
324
318
327
327
327
323
326
326
328
323
324
320
330
325
325
322
326
324
324
322
321
321
326
321
323
317
325
323
326
322
322
319
326
321
322
317
324
323
324
317
324
321
324
318
320
319
321
320
319
315
318
316
317
314
314
314
313
313
313
311
312
313
312
315
314
315
312
318
316
319
315
319
314
319
315
314
313
314
313
312
312
311
310
311
310
313
316
312
313
312
319
317
317
315
316
313
317
314
313
311
314
311
312
312
308
309
309
313
315
318
313
313
315
317
318
317
313
316
313
315
313
312
312
310
313
311
312
311
313
310
315
315
317
312
318
315
321
315
317
316
320
314
316
313
314
313
312
313
312
312
310
312
311
316
314
317
311
317
315
316
313
313
313
315
314
315
313
313
311
313
311
311
311
311
312
313
314
310
313
311
317
313
315
313
312
312
313
309
310
310
508
300
286
269
549
271
266
274
284
280
276
274
279
273
283
286
278
274
275
271
279
292
281
278
269
270
288
293
282
275
275
269
282
291
288
278
274
273
288
282
285
280
285
283
279
273
280
297
287
280
279
275
293
284
284
284
285
280
281
274
278
293
289
284
280
275
292
284
283
284
285
286
283
276
280
296
291
281
280
280
289
286
281
1366
311
303
290
283
273
281
288
285
283
287
288
286
282
278
281
294
293
284
279
277
290
289
281
288
288
286
284
276
282
294
292
285
283
282
288
286
282
287
289
288
286
278
279
292
291
287
281
286
285
284
278
282
295
290
280
281
278
290
285
285
279
285
285
281
276
284
294
286
283
278
276
292
290
284
277
284
282
285
285
290
286
283
278
269
279
296
292
282
279
280
295
291
282
571
290
279
281
286
295
293
285
285
284
288
289
283
287
295
290
285
282
284
293
291
288
286
288
289
284
281
285
297
292
286
285
281
291
285
285
289
290
286
286
277
287
291
292
284
282
287
285
284
285
284
293
286
286
276
283
289
289
284
280
282
287
281
276
284
295
286
282
274
280
289
288
284
276
282
285
280
277
284
291
283
283
271
284
290
289
283
274
282
285
282
284
289
283
281
282
274
283
293
288
282
276
279
289
281
287
280
280
283
281
277
282
292
285
280
269
285
292
288
286
276
278
283
283
282
289
288
280
280
276
282
288
287
285
278
281
283
282
282
284
291
283
283
275
280
290
289
288
280
279
283
283
277
285
291
286
282
275
282
289
290
286
277
282
285
284
278
283
292
286
283
278
282
289
286
288
277
283
285
283
279
279
292
286
283
272
284
290
292
287
274
280
286
283
279
287
290
280
280
273
281
289
291
285
273
278
284
282
281
286
284
281
280
274
281
292
290
277
275
279
286
284
285
281
277
283
280
277
282
290
285
281
272
280
288
288
284
278
280
281
282
281
285
286
283
281
273
282
291
289
280
276
278
289
283
285
281
282
282
281
279
282
291
286
281
278
280
288
286
284
281
281
282
282
277
283
289
283
280
274
279
288
286
285
277
279
282
281
277
283
288
282
281
273
278
287
283
284
277
280
281
280
276
283
288
282
279
272
280
286
285
280
278
279
280
281
278
283
285
280
283
271
279
288
287
279
275
278
284
281
282
279
279
281
279
276
282
287
282
280
271
279
286
284
280
277
279
281
279
275
281
287
280
279
270
280
285
286
280
274
275
284
280
279
280
281
280
276
276
282
287
281
279
271
277
285
286
281
275
278
281
280
281
280
280
282
277
275
281
285
284
279
271
281
283
282
280
275
275
282
279
281
280
280
279
278
273
280
286
281
278
271
278
285
283
279
273
276
282
277
279
280
280
279
274
274
278
287
280
278
270
279
284
285
277
273
273
284
279
550
282
270
278
277
282
282
280
275
272
276
286
281
279
268
277
283
282
278
273
274
280
277
281
277
280
277
276
274
284
281
278
278
268
281
285
281
276
271
277
283
281
277
275
273
281
275
553
283
266
277
278
281
281
277
274
271
277
287
279
279
267
279
285
282
276
271
272
285
279
279
274
273
280
276
280
279
277
276
277
276
283
279
278
274
273
280
285
278
276
266
279
284
283
276
268
274
281
284
277
273
271
282
277
277
274
276
275
275
550
283
267
275
272
280
280
276
273
271
276
284
279
274
268
277
283
283
277
268
274
281
283
276
272
271
280
278
278
277
274
275
273
277
280
277
277
271
271
280
284
279
275
267
279
282
281
277
269
274
281
281
275
272
270
282
276
278
276
275
274
276
548
282
270
273
273
280
281
278
276
266
280
283
279
277
269
274
280
279
277
274
271
280
276
551
281
268
276
277
279
280
276
274
271
276
285
279
277
266
275
283
284
275
271
272
281
279
279
274
274
274
278
275
280
278
277
274
273
280
281
279
277
266
278
282
281
277
271
272
281
279
278
273
271
279
276
275
278
279
274
274
272
282
280
276
274
268
279
282
280
274
269
273
279
275
278
272
275
280
273
272
283
274
274
275
273
279
273
273
287
279
275
266
284
283
278
269
278
282
279
276
275
283
282
277
274
282
283
281
276
281
284
283
280
277
284
287
282
280
285
284
283
284
282
287
288
284
283
286
287
292
286
288
290
290
288
288
290
294
292
289
291
293
293
294
292
294
296
294
296
297
300
298
296
294
298
299
299
298
298
299
302
300
300
300
303
300
300
299
303
304
303
304
301
303
306
308
307
308
308
306
307
307
309
311
308
308
311
313
315
310
306
308
316
312
311
312
317
315
314
316
316
315
315
313
315
315
314
313
313
310
314
313
314
313
314
316
314
315
313
312
316
316
316
313
313
313
315
313
312
312
313
311
312
315
313
311
308
313
313
311
311
312
316
317
316
317
315
315
313
316
316
317
317
316
319
319
319
317
321
320
322
318
321
322
322
319
319
323
322
319
317
317
316
318
322
316
317
315
318
320
318
316
316
321
320
320
316
320
323
321
320
322
323
323
325
325
327
328
327
328
325
328
329
331
333
331
328
328
331
327
331
324
326
325
326
326
325
327
326
328
324
324
324
326
328
325
324
324
325
324
327
325
327
323
324
324
327
330
324
326
324
326
326
331
329
327
326
328
328
329
327
329
329
329
329
328
329
330
329
331
329
327
326
328
329
329
330
328
329
333
331
330
330
331
331
328
329
331
330
328
329
330
330
330
333
330
329
326
326
326
328
330
327
326
326
326
328
328
328
327
325
327
330
331
328
329
332
334
335
333
330
333
333
335
335
332
333
332
334
333
332
332
329
331
332
334
333
330
329
334
336
335
335
335
335
331
334
336
335
333
335
337
339
338
339
341
342
342
343
343
345
347
348
347
345
348
353
354
353
351
351
354
353
354
350
350
351
352
351
351
350
350
350
352
351
351
350
347
346
345
344
344
344
342
340
344
344
346
343
342
344
346
346
344
346
346
346
347
346
345
344
347
345
346
344
342
342
342
340
341
342
342
338
339
341
343
342
341
344
348
352
351
348
350
354
356
358
355
354
351
351
352
354
353
354
353
354
354
356
356
354
355
357
355
354
354
354
353
351
352
353
353
352
352
351
351
354
354
353
353
518
445
430
420
421
425
427
425
419
420
420
420
419
415
417
417
423
418
417
419
419
415
417
413
410
418
422
421
421
429
435
430
433
436
440
435
439
441
439
437
430
437
438
437
432
431
436
438
433
438
442
438
436
429
431
434
434
432
427
429
433
429
428
420
427
431
434
426
427
431
424
428
425
422
422
424
428
427
426
428
425
434
431
429
435
435
433
436
434
433
434
435
432
435
435
439
448
449
450
457
460
460
455
449
454
456
454
449
449
454
455
450
452
458
459
456
453
459
463
459
455
460
464
463
456
457
462
462
457
457
460
464
461
455
458
463
466
461
459
464
468
466
458
465
466
460
454
456
461
465
465
466
471
466
459
463
462
459
452
453
461
463
462
455
458
461
459
454
455
463
467
463
459
463
465
467
470
463
465
465
462
463
462
468
473
477
471
468
469
469
467
466
463
453
449
448
448
447
443
439
439
441
438
432
427
430
442
455
461
462
457
450
446
444
442
445
444
441
436
442
448
454
453
449
465
486
487
485
479
477
467
462
461
461
464
466
464
459
458
464
470
468
464
463
468
473
475
475
485
497
500
494
489
494
492
492
490
491
498
499
493
487
489
489
485
482
476
470
471
474
475
471
464
467
474
478
476
473
469
470
472
478
479
475
471
473
477
478
475
469
471
475
478
477
474
474
478
481
481
476
472
474
476
479
477
470
475
482
489
487
481
480
484
487
489
484
477
476
472
465
462
463
462
459
472
478
481
482
483
478
470
461
456
454
456
457
456
451
453
455
456
459
453
447
445
450
457
466
471
467
466
470
471
473
469
463
464
468
473
475
468
466
470
471
472
471
469
476
479
478
474
478
478
474
470
468
470
474
477
473
473
478
480
481
478
473
477
479
478
472
472
476
478
474
471
468
470
472
472
474
470
472
474
472
466
467
465
464
457
457
459
456
453
456
456
455
458
452
454
453
450
443
440
440
440
441
438
438
436
434
434
437
438
438
437
436
441
448
452
452
448
451
457
463
464
461
463
470
476
474
469
475
481
485
481
474
479
481
479
474
473
478
481
480
472
476
480
482
479
475
478
479
476
476
473
468
466
466
467
467
462
469
476
478
477
476
482
484
484
480
480
485
489
488
484
481
486
489
490
486
483
487
490
489
484
483
487
491
490
485
486
490
493
491
486
488
495
501
500
496
495
500
504
501
494
496
500
501
496
490
495
499
500
496
493
496
500
498
493
491
495
498
498
494
489
493
497
494
491
489
496
502
504
499
491
492
495
495
491
487
489
492
495
493
489
491
493
497
497
493
490
492
492
492
488
482
488
494
498
496
492
489
497
499
496
496
495
491
491
496
501
506
504
499
504
510
516
517
510
507
511
513
512
505
506
512
516
513
506
507
513
515
512
505
507
511
512
510
506
510
514
515
511
504
506
508
510
508
504
493
512
515
514
515
510
507
504
498
493
492
496
502
505
504
502
508
514
517
514
505
510
511
512
512
506
509
512
515
514
508
509
510
513
513
507
509
513
516
514
509
511
517
519
517
510
516
516
518
515
507
513
515
517
513
505
507
507
506
502
498
505
509
512
506
499
504
508
512
506
498
501
501
501
500
496
493
498
497
497
493
487
492
495
497
496
493
501
508
511
511
508
509
517
520
519
511
508
511
514
515
510
511
516
521
521
517
511
516
521
525
526
521
520
526
529
531
529
521
521
529
536
541
542
534
533
538
538
535
533
525
521
528
530
527
521
520
525
527
525
519
514
521
529
535
533
528
527
539
549
550
539
529
532
535
536
530
521
526
533
539
544
538
532
533
534
529
521
514
519
519
516
511
508
514
516
519
513
507
507
509
512
513
508
505
509
512
517
519
515
514
521
523
520
514
508
507
509
511
512
509
508
513
517
522
525
527
537
536
533
522
515
518
517
517
513
507
509
512
513
510
504
503
507
510
512
509
510
518
526
530
523
517
520
521
521
515
509
511
516
517
518
509
506
511
514
516
512
506
513
515
516
512
506
509
512
517
515
511
512
515
517
518
514
508
512
513
515
513
508
507
511
513
514
509
506
498
512
517
517
516
513
510
506
505
501
498
503
509
519
525
524
517
511
515
517
523
524
521
516
523
531
534
536
529
523
530
534
536
529
521
524
526
527
525
519
515
517
521
524
521
518
523
528
532
533
526
522
529
532
532
529
525
532
536
537
535
527
528
532
534
533
528
526
532
533
534
527
521
526
528
531
527
520
522
524
527
526
521
516
521
522
525
521
515
521
524
527
528
522
517
522
525
527
523
518
521
524
527
524
517
516
517
517
515
510
509
513
519
521
517
518
524
528
530
524
519
524
530
536
537
532
529
531
531
531
525
520
522
525
528
525
521
517
520
522
524
522
518
521
526
531
533
531
532
535
529
533
525
526
524
521
508
511
508
507
508
506
499
498
497
495
491
487
488
481
493
510
521
521
505
513
512
513
511
509
506
493
495
493
495
492
489
486
488
485
485
484
488
493
499
505
505
502
497
501
505
494
501
505
507
508
506
504
505
502
500
498
494
498
502
499
505
508
510
515
518
519
516
513
510
505
506
508
513
513
511
514
517
531
535
532
528
520
520
523
526
530
528
522
523
524
524
523
516
522
522
520
514
515
521
523
522
517
510
515
523
528
539
536
529
534
521
525
526
522
514
505
508
509
510
510
509
507
504
499
496
492
489
487
486
486
485
484
522
573
625
619
578
557
539
528
526
521
520
521
517
514
513
511
500
506
505
504
500
495
493
489
488
486
484
486
491
498
521
546
556
539
525
518
519
520
521
516
518
516
520
521
521
518
514
518
514
512
517
518
516
514
517
524
531
528
528
542
545
530
536
531
523
529
523
514
514
515
515
520
524
524
524
521
515
515
510
507
504
507
513
522
538
530
567
578
579
564
552
542
532
524
518
516
515
517
517
511
505
511
515
519
519
519
519
512
504
506
505
505
517
525
525
522
520
513
508
503
495
490
491
492
493
495
497
499
498
500
504
507
505
508
506
505
499
500
503
508
513
516
516
509
516
519
520
519
521
514
511
504
505
502
505
509
506
524
520
534
541
545
541
536
530
516
513
511
499
501
501
503
502
504
499
499
494
494
499
511
539
558
557
563
573
586
573
559
546
536
523
521
516
509
504
498
492
487
493
505
521
534
538
543
543
544
546
540
538
536
528
519
514
518
516
516
515
510
505
511
513
514
518
518
511
516
523
525
518
527
534
537
537
533
519
520
516
513
507
504
500
498
496
496
495
490
499
518
538
543
542
540
553
561
568
555
530
535
532
530
525
523
519
506
514
514
515
511
508
505
505
515
525
532
536
529
524
530
536
534
532
525
517
514
514
515
516
518
517
521
527
534
542
548
544
528
539
541
540
536
531
523
514
506
501
503
498
502
506
515
515
517
515
513
510
507
501
493
495
497
503
507
507
510
511
508
506
499
499
504
516
528
532
532
527
521
519
515
510
501
503
495
498
500
503
506
504
501
499
496
494
493
493
495
489
498
510
522
520
511
505
506
503
504
500
496
499
501
501
502
502
502
501
501
499
498
496
493
486
489
497
508
511
512
517
519
514
517
515
513
508
502
508
510
511
510
509
511
511
508
505
501
486
495
504
508
511
512
512
510
508
506
504
502
501
506
509
515
516
514
516
518
517
520
521
517
520
513
503
506
505
505
506
503
501
498
494
491
490
487
484
493
504
513
521
523
518
514
513
514
516
520
520
520
519
517
514
512
510
510
502
505
505
502
497
496
499
496
509
521
543
563
569
557
544
538
519
529
529
526
522
519
514
511
507
502
497
489
494
498
504
507
507
502
513
521
515
521
519
524
531
520
532
532
516
524
528
526
517
498
511
510
502
501
501
494
489
489
493
508
521
508
536
542
540
530
521
514
513
509
509
502
511
513
512
512
515
513
508
505
500
495
493
491
490
488
488
491
502
517
523
529
544
550
550
545
535
527
521
516
516
517
517
513
507
501
497
492
487
503
518
520
525
517
519
520
520
518
498
502
498
497
497
491
487
487
482
483
488
492
523
549
561
561
567
556
544
533
522
516
514
507
507
505
502
497
487
496
500
506
509
509
506
504
504
500
501
498
498
498
495
499
510
520
525
519
522
527
524
519
514
510
499
498
500
499
500
499
498
493
488
483
488
495
497
498
501
500
492
502
513
533
536
537
531
525
520
516
512
504
496
500
503
505
506
503
504
501
499
500
499
497
505
518
529
534
536
532
530
522
516
506
511
515
514
516
521
526
534
540
539
534
517
549
562
576
566
556
540
529
522
514
504
507
510
512
511
507
502
498
496
491
496
505
516
520
519
517
516
517
520
521
516
515
501
511
516
516
513
509
504
501
504
509
510
511
510
507
506
504
498
496
492
489
491
496
499
509
529
556
564
560
554
553
556
561
556
553
545
539
528
523
523
524
521
521
521
518
514
510
504
499
498
494
492
493
493
492
498
508
517
523
531
540
553
557
553
552
551
549
544
540
536
533
531
524
521
513
526
539
549
547
542
542
539
540
539
537
537
533
524
536
538
548
549
547
541
534
525
522
519
509
515
515
511
518
523
529
532
535
530
526
520
518
506
511
511
508
510
507
510
513
518
521
525
523
525
523
523
518
514
514
514
514
513
514
511
505
501
499
500
502
507
516
541
566
569
543
546
530
531
521
520
517
517
517
516
515
514
513
504
506
506
506
506
507
504
504
499
496
493
491
489
499
513
534
559
566
618
637
615
587
568
556
541
529
525
518
511
512
514
515
510
514
510
513
514
517
519
521
520
520
519
532
539
536
531
526
522
526
522
523
526
523
518
513
511
514
515
515
512
508
503
499
493
490
488
484
486
487
496
516
540
540
530
524
516
520
521
521
520
519
516
513
507
500
490
495
501
508
511
515
513
515
517
521
529
539
553
575
590
585
575
564
551
537
529
525
521
526
529
530
528
523
517
512
509
512
514
515
519
523
525
525
527
524
520
519
515
508
511
521
535
546
555
555
547
541
537
536
533
532
522
518
511
510
517
525
535
543
544
543
535
529
522
518
521
517
517
521
527
537
551
557
562
561
553
545
543
539
538
542
543
543
542
544
547
542
548
547
541
536
535
537
555
556
562
558
559
555
536
545
541
537
532
526
521
516
512
505
506
507
506
511
514
513
511
508
531
540
538
528
528
528
527
527
527
527
521
530
532
533
538
546
551
564
566
573
573
573
576
569
557
555
573
578
573
564
556
542
537
537
538
537
525
544
550
547
548
550
544
551
560
566
572
567
561
557
555
560
559
559
554
548
536
545
558
592
582
607
601
590
582
563
549
547
547
542
530
532
533
532
528
523
521
520
521
521
518
514
514
533
584
613
648
637
605
584
588
593
604
603
592
586
564
562
549
543
530
522
520
516
517
515
511
512
522
534
538
531
548
554
551
544
537
532
529
526
520
515
514
514
515
513
509
503
499
500
501
506
501
503
507
502
504
506
507
508
508
509
510
511
504