655
634
626
608
611
615
610
631
629
643
662
668
641
601
626
609
592
590
613
644
678
737
774
676
652
624
604
620
611
612
620
654
639
625
625
602
578
577
573
563
561
558
579
607
633
669
714
801
812
845
826
779
767
786
787
752
812
879
870
832
822
833
764
752
786
769
834
852
840
861
763
752
749
819
812
777
768
712
673
622
621
657
671
712
744
720
700
684
654
630
615
650
740
916
965
934
859
811
763
745
681
722
771
900
905
876
894
933
905
873
832
805
799
804
844
857
828
777
767
778
814
738
689
659
729
765
818
848
849
813
761
745
739
720
723
715
721
761
793
869
884
838
789
733
712
685
668
688
755
790
768
875
1029
909
821
701
656
703
756
802
836
870
784
771
780
805
815
812
760
685
663
684
746
1114
1063
971
879
827
779
778
779
790
790
785
775
766
754
711
696
699
755
854
927
931
862
792
757
752
711
726
724
786
817
840
858
875
837
773
745
735
753
781
711
675
642
662
763
929
940
939
876
730
679
660
667
686
704
715
688
694
703
724
743
758
735
735
736
750
746
709
679
658
722
789
866
918
887
797
747
725
715
712
711
707
704
713
736
753
771
780
779
769
721
716
713
746
749
730
741
769
857
921
873
825
773
754
708
688
678
689
729
753
787
814
859
896
875
745
693
673
701
768
787
822
798
831
830
838
832
829
791
743
731
727
707
715
722
717
674
646
625
654
765
824
821
796
757
741
705
712
728
756
800
827
842
854
859
854
817
790
782
796
763
770
818
932
945
974
961
876
843
779
769
762
768
775
763
790
791
869
852
878
843
786
712
668
655
662
682
723
791
872
855
854
824
775
752
742
729
716
652
627
607
590
591
646
655
739
794
786
711
640
665
689
719
735
754
765
732
691
654
632
625
625
649
654
649
680
796
909
916
854
790
697
653
607
600
604
638
654
706
753
833
802
825
817
786
774
749
718
698
670
680
686
668
691
710
738
676
670
687
687
697
686
655
660
665
676
636
634
631
637
626
639
658
708
820
849
859
819
758
707
696
694
688
704
692
723
721
754
783
843
815
788
745
661
646
628
643
683
752
766
749
734
709
657
651
645
660
665
673
681
702
737
706
730
756
773
757
754
748
725
719
711
729
734
745
781
804
813
788
764
751
720
731
727
772
748
780
793
811
781
796
775
758
763
797
806
765
745
741
746
723
674
646
643
705
707
768
763
753
741
705
690
693
695
717
740
739
744
746
773
831
898
877
828
722
689
701
752
821
858
864
868
854
794
724
712
721
771
777
779
810
879
900
876
865
838
817
763
725
726
742
820
871
850
853
838
826
782
755
748
749
748
809
813
809
730
705
693
716
749
730
736
741
764
781
708
710
683
687
702
711
754
813
923
925
894
853
832
790
776
766
745
742
760
781
749
762
763
758
730
752
767
789
734
719
725
757
771
772
745
742
722
708
682
697
729
734
721
703
692
676
711
690
742
788
768
758
757
757
739
738
731
717
673
673
682
733
789
886
955
967
910
815
783
763
806
875
916
900
917
909
857
835
792
695
653
630
631
650
649
686
709
737
731
708
692
695
694
660
690
695
736
751
710
719
715
738
692
704
700
706
666
659
659
674
693
730
794
834
829
846
848
810
687
662
616
601
601
638
625
660
687
776
753
789
772
698
663
645
633
610
624
656
747
860
886
879
853
788
741
711
707
683
718
729
762
720
754
765
745
749
771
799
787
788
758
707
698
708
705
689
728
756
817
800
823
825
793
775
790
815
795
838
877
827
810
748
742
759
799
794
797
819
855
872
848
843
837
785
766
760
751
714
752
812
925
917
954
941
899
810
749
720
700
725
739
790
875
943
799
806
767
735
700
664
644
612
602
582
567
557
554
567
604
642
620
604
762
867
890
892
774
744
693
697
690
675
651
643
619
612
602
596
598
594
587
587
576
575
574
580
576
572
560
556
560
568
578
574
572
563
557
551
549
554
566
575
574
563
565
572
579
593
608
609
594
603
608
605
596
604
606
623
616
581
565
573
602
636
595
612
648
706
702
716
694
696
666
668
672
658
656
642
632
618
631
649
699
697
659
683
656
663
613
621
628
647
639
672
667
683
646
668
673
647
624
626
643
674
644
689
682
704
653
672
656
659
632
638
642
654
639
683
675
679
646
658
650
658
630
646
645
654
624
633
646
656
670
629
635
641
668
630
649
652
666
643
660
649
648
634
654
635
634
606
588
575
612
848
849
812
771
745
731
685
672
662
643
653
652
639
640
650
665
668
642
653
656
657
642
662
666
648
606
600
599
598
583
573
571
566
584
614
672
677
728
735
653
631
628
632
624
616
618
615
601
590
591
600
607
635
643
637
618
619
614
629
615
592
593
598
611
619
595
574
571
563
563
564
575
591
574
559
558
584
649
685
667
693
641
649
638
629
611
625
645
674
643
673
654
653
624
632
640
655
647
639
643
656
646
648
634
625
625
612
601
609
632
631
640
632
640
639
626
615
606
603
591
593
615
637
624
622
601
592
580
570
568
565
566
563
570
570
576
591
616
625
612
585
580
570
570
560
559
551
557
566
595
651
678
657
708
681
641
624
610
603
589
584
582
587
580
580
604
625
606
607
607
608
603
629
653
625
640
634
620
606
594
572
552
542
541
529
518
528
520
520
521
531
552
582
660
710
787
800
776
710
618
584
562
555
588
678
787
800
803
816
790
798
735
670
638
604
595
573
550
542
555
594
672
797
886
813
834
831
788
721
630
592
576
567
560
547
386
1191
524
531
533
528
521
528
524
525
519
519
516
508
503
503
509
526
1124
578
591
673
787
761
754
753
717
673
624
586
583
613
622
642
708
822
894
845
771
727
698
699
1938
614
614
611
621
672
681
689
702
688
671
705
688
631
583
567
556
531
525
521
527
525
521
518
514
508
504
495
494
492
486
488
498
560
770
832
721
737
707
672
633
600
575
559
552
539
530
521
517
511
511
514
510
511
515
1035
500
501
497
504
503
506
513
521
517
521
514
505
502
493
492
480
484
492
492
487
481
482
490
486
480
485
489
491
494
496
499
497
489
478
477
472
464
463
463
463
459
467
466
463
460
461
465
473
471
470
461
468
483
496
500
504
503
499
494
490
487
479
479
475
476
473
475
472
480
481
487
491
495
501
517
530
530
538
534
534
524
513
505
499
491
484
482
476
481
480
486
490
493
497
505
513
512
510
506
499
492
486
481
479
476
477
479
484
487
509
535
569
591
593
586
568
565
554
544
546
543
526
525
521
521
526
538
537
626
729
822
711
657
714
811
727
727
673
607
594
573
560
555
542
559
570
574
577
571
596
624
691
690
660
663
635
609
593
580
563
550
546
550
577
618
783
857
841
815
762
739
706
662
657
672
663
714
820
775
702
622
585
596
584
594
605
613
622
631
646
665
690
680
655
636
624
600
588
593
601
615
622
624
633
636
626
607
598
587
585
581
587
614
626
614
611
612
609
595
591
604
596
611
628
678
679
679
699
740
711
691
660
632
604
591
604
626
661
763
817
700
631
624
608
608
612
610
625
618
632
650
667
706
702
683
640
657
625
630
624
625
625
619
604
594
577
571
570
563
566
580
584
588
607
613
610
627
634
638
634
622
625
629
655
708
728
752
777
735
707
683
677
669
680
693
723
765
757
722
712
804
751
670
624
588
571
563
566
584
594
584
588
591
590
605
644
658
688
712
675
691
733
739
719
716
697
657
644
642
617
607
617
661
779
897
979
957
892
797
707
692
683
689
670
667
664
632
612
597
592
602
618
676
747
749
769
742
668
654
623
605
597
609
642
688
751
775
747
799
789
752
688
666
644
617
594
584
597
620
662
692
696
702
667
638
616
613
634
665
665
723
727
766
763
730
699
664
656
636
618
605
605
588
604
613
603
591
624
644
651
615
607
585
578
571
588
624
684
792
790
748
730
690
690
665
672
630
613
597
578
571
554
550
587
621
674
725
735
728
713
681
651
623
598
598
612
666
661
669
663
654
632
623
608
597
599
603
604
636
640
679
703
698
694
674
663
664
674
667
673
659
646
647
640
638
646
660
665
696
686
652
655
659
664
688
689
686
684
705
715
706
659
639
622
600
573
569
581
658
859
889
932
839
847
790
703
694
666
634
648
654
679
678
701
703
662
656
646
646
634
621
620
610
605
596
604
599
601
588
599
598
604
622
633
643
625
632
653
675
667
655
662
644
640
638
643
652
649
667
665
670
647
652
646
619
619
622
646
642
670
710
735
716
740
738
718
694
681
666
661
636
613
618
625
657
657
750
914
810
754
697
667
657
664
658
648
645
641
623
625
635
657
646
658
666
684
667
637
627
616
612
608
621
654
705
736
771
781
711
688
637
610
588
583
594
614
635
635
631
681
707
705
666
641
630
619
605
605
611
624
622
608
598
580
565
562
569
591
643
686
661
672
651
638
648
648
625
644
668
738
771
849
854
789
718
664
623
603
595
618
680
956
1084
979
961
892
737
705
655
642
632
622
638
655
624
621
628
644
672
664
641
628
605
589
607
650
657
620
591
573
563
582
630
655
646
622
600
594
563
558
587
604
658
757
881
897
870
878
849
807
741
704
666
668
651
692
762
798
772
779
789
777
750
687
708
688
685
677
679
656
669
691
732
816
819
840
796
713
675
640
622
599
586
585
587
587
589
611
663
689
800
851
841
802
729
683
641
612
599
580
575
571
600
616
638
658
673
691
696
700
706
694
635
603
577
568
563
557
579
606
640
639
641
671
668
636
653
657
644
631
626
628
647
662
674
678
646
629
618
605
604
607
587
568
561
583
675
772
742
774
808
782
741
647
625
605
606
620
653
692
716
760
720
740
678
649
628
601
596
596
624
649
647
649
636
621
613
598
591
588
598
597
604
611
636
681
668
683
720
687
684
644
642
603
579
571
560
566
600
646
734
725
755
744
771
762
706
680
689
688
686
653
657
664
691
688
652
642
649
621
641
646
633
657
673
739
769
778
756
688
654
630
613
603
610
667
781
799
706
654
649
628
617
626
640
625
619
623
608
587
561
552
563
578
596
633
686
700
660
640
609
595
592
592
601
604
606
628
644
642
659
655
629
631
629
608
589
579
566
563
563
565
573
596
590
612
634
688
650
643
618
622
621
632
635
627
655
671
659
691
675
648
641
619
608
588
576
571
570
576
573
574
578
598
625
649
684
697
708
713
687
630
614
600
586
575
578
594
642
655
708
847
938
951
893
812
723
675
658
650
652
654
666
670
670
688
717
716
688
663
662
671
703
705
746
758
778
787
763
763
755
759
707
699
699
701
691
683
687
699
705
693
653
644
641
646
660
678
729
721
710
725
689
685
679
675
656
665
659
657
623
609
605
591
586
585
590
610
632
659
651
688
665
637
614
605
609
631
662
661
671
709
750
751
728
714
685
662
628
633
625
625
605
603
607
610
605
615
634
669
688
699
675
680
682
679
654
614
600
596
608
632
632
678
697
734
716
698
705
677
646
628
620
609
614
643
704
798
852
809
741
687
653
629
616
635
675
725
751
770
746
731
693
680
653
640
644
662
674
673
668
687
658
655
643
647
661
672
647
630
636
649
643
635
621
635
634
628
606
591
569
559
565
588
609
626
642
629
638
642
653
646
646
649
669
698
729
765
778
779
767
734
731
688
644
622
614
619
634
646
640
638
649
705
723
741
757
760
735
726
700
690
695
706
714
715
715
699
666
623
593
607
599
615
589
596
644
681
755
806
794
710
619
599
592
579
585
592
615
624
630
612
653
668
709
747
778
768
720
690
656
640
644
662
667
681
677
667
649
637
643
617
586
588
600
622
658
750
818
834
801
727
692
653
625
615
609
609
643
694
795
848
739
722
737
711
691
644
614
610
626
632
654
675
665
640
597
579
575
586
614
604
623
671
766
826
768
671
688
667
682
687
674
655
637
623
602
591
599
609
668
801
830
800
756
707
664
634
611
595
584
571
580
591
630
935
955
938
861
776
703
659
626
598
588
578
600
661
807
789
729
710
687
686
676
674
645
622
612
604
611
643
712
765
742
722
710
707
663
634
628
611
608
615
632
645
687
712
701
664
602
587
584
587
590
599
615
649
656
652
643
625
611
607
603
611
611
613
629
655
644
653
622
599
580
570
561
559
553
549
550
542
537
529
521
516
515
527
529
520
516
521
536
547
558
556
562
561
549
540
533
530
527
527
526
526
521
524
537
551
588
610
626
662
645
632
609
598
588
569
547
541
552
573
600
596
603
596
610
595
603
604
620
629
616
609
595
580
566
563
570
592
625
645
680
667
642
640
618
607
603
590
589
579
586
619
612
578
587
593
596
605
603
595
593
588
576
559
557
543
539
525
531
514
516
508
509
501
504
501
501
495
491
492
479
486
476
477
481
464
470
469
472
479
468
475
475
468
467
464
466
471
464
463
467
455
461
468
455
456
462
457
457
463
450
457
463
457
457
459
457
458
461
448
461
470
462
467
471
465
473
471
466
481
478
486
482
477
485
477
481
484
469
475
476
466
466
474
464
468
466
468
468
460
461
458
449
458
461
455
463
469
464
467
469
456
467
469
454
464
466
455
461
460
448
457
458
443
454
454
445
460
470
463
469
465
454
463
459
447
454
458
446
453
451
441
449
446
437
441
444
443
435
437
441
431
434
437
438
434
438
438
434
437
432
440
427
430
432
431
423
432
426
434
422
426
431
434
426
430
428
437
428
431
436
438
430
433
431
433
424
426
427
430
423
419
420
422
421
415
422
419
424
415
415
425
418
423
414
423
424
428
421
433
432
436
424
432
431
432
420
422
426
429
418
416
424
423
422
415
420
427
430
424
425
425
432
421
427
425
422
413
412
410
425
425
420
417
417
425
424
418
422
420
424
417
419
422
423
418
416
850
424
418
424
423
426
415
421
426
424
414
418
420
420
420
413
420
418
424
417
415
419
419
421
414
419
419
419
415
412
413
418
414
408
408
409
415
415
408
407
412
413
414
410
407
413
411
412
410
406
409
409
411
407
401
405
410
404
404
397
401
406
411
415
410
411
419
418
419
411
415
419
420
412
416
413
419
409
414
420
422
424
417
423
421
424
415
420
423
426
414
419
420
419
412
409
414
414
416
410
414
416
425
424
418
424
421
422
416
418
422
424
416
423
421
424
412
417
423
423
418
412
415
418
421
413
408
411
827
406
410
419
417
417
407
411
412
413
409
403
404
407
408
408
404
402
406
409
407
412
403
397
409
403
405
404
396
394
398
396
394
399
397
392
388
393
399
398
400
396
399
402
405
406
406
402
402
404
408
409
409
400
404
411
409
409
400
401
401
402
401
401
397
396
393
397
397
398
400
396
392
396
398
395
397
400
397
396
389
398
397
404
407
404
401
407
410
406
411
411
400
402
402
407
403
406
400
398
404
403
406
405
411
411
402
409
412
411
416
406
409
410
408
417
412
402
403
409
405
411
408
401
405
408
410
408
407
402
403
405
402
407
410
400
403
403
412
408
409
401
407
410
406
404
410
401
397
396
400
396
801
396
393
393
396
396
401
404
396
395
397
405
398
404
406
401
396
401
405
403
405
403
396
396
395
399
396
397
398
393
386
390
396
391
396
396
394
392
388
391
394
397
396
399
398
397
394
398
402
400
402
401
396
393
394
396
398
396
397
388
386
391
398
400
402
400
403
398
398
399
397
406
404
408
396
394
400
395
397
399
395
386
385
390
389
391
388
395
393
389
387
386
389
392
394
393
393
387
385
387
387
388
385
392
389
387
381
382
384
385
386
383
387
388
387
381
380
384
388
390
384
391
393
393
385
391
393
792
394
395
393
389
387
391
391
391
392
387
384
384
385
386
387
392
393
393
392
386
387
388
392
396
393
392
395
394
389
383
387
392
386
389
389
388
386
385
384
385
392
389
386
394
391
387
382
382
385
386
389
391
388
394
389
387
382
385
387
387
393
386
389
387
383
382
379
380
381
385
380
388
381
387
388
386
380
380
379
376
378
378
384
376
377
374
376
378
374
369
368
370
373
369
374
378
383
379
380
382
382
382
380
377
379
381
382
379
384
386
381
381
384
383
375
375
377
373
372
377
376
379
373
377
379
377
383
376
376
378
383
383
387
382
389
390
390
389
385
385
385
388
386
393
389
391
387
383
383
382
385
384
392
388
391
388
387
383
384
388
385
393
388
389
387
383
383
380
382
384
388
383
386
384
383
381
377
381
382
390
384
387
388
385
387
378
381
382
384
385
384
380
385
386
383
378
378
380
381
382
380
381
382
381
382
380
379
379
376
380
381
381
383
382
381
378
382
383
383
386
382
378
382
377
380
377
375
378
378
382
379
376
378
380
383
383
373
375
373
374
372
374
374
376
375
380
381
383
384
383
384
385
385
388
388
386
387
384
385
387
388
386
389
392
393
392
393
390
393
393
396
396
397
402
406
404
408
405
406
405
405
402
403
402
401
400
400
399
402
402
403
402
401
401
400
404
406
409
414
419
420
422
420
419
423
425
429
438
439
445
443
442
443
443
441
440
438
436
436
438
442
444
448
453
458
467
485
510
532
533
521
515
508
498
488
479
470
463
460
457
455
454
458
461
469
476
477
479
479
482
482
480
478
476
472
470
465
462
459
460
465
470
476
479
486
488
487
485
479
476
472
470
469
468
463
457
456
456
456
456
459
461
458
458
457
463
471
485
502
506
499
496
493
493
489
483
479
475
472
470
467
463
459
461
469
486
514
534
547
545
550
547
534
518
501
490
478
473
467
467
468
471
470
468
466
468
470
473
471
473
472
475
479
477
478
481
490
509
515
519
515
513
508
510
512
513
510
501
496
489
480
474
466
461
458
448
447
446
456
476
521
833
808
833
812
708
613
574
560
555
547
535
527
520
514
510
505
497
490
487
489
494
507
520
529
528
528
524
524
521
522
523
523
521
522
516
506
500
488
482
480
481
482
486
489
497
504
513
524
532
537
538
536
530
523
515
508
499
493
489
488
486
484
481
480
472
470
465
465
467
470
475
478
480
480
477
479
485
495
512
531
538
542
536
531
525
521
518
509
501
502
494
490
483
479
478
478
482
484
492
495
498
503
510
512
510
504
499
493
487
481
478
472
469
468
467
468
468
464
464
472
485
523
606
695
659
581
546
531
522
519
514
509
505
499
493
488
485
479
477
475
476
477
478
479
480
483
487
489
490
491
490
492
492
493
494
495
497
498
500
505
506
508
507
503
496
490
484
482
488
499
507
521
524
524
529
532
538
536
529
519
506
489
479
472
463
460
455
455
462
473
484
530
652
726
657
620
567
553
534
516
511
509
498
493
489
481
482
476
474
468
468
462
458
453
447
447
447
441
439
434
438
438
438
436
432
431
431
434
433
427
434
429
433
437
438
439
436
441
432
441
438
438
435
433
433
431
429
431
429
435
427
434
432
436
436
435
440
437
442
437
440
444
443
441
438
442
444
441
439
432
437
430
434
430
430
437
438
445
438
443
438
446
440
441
441
445
445
443
443
441
445
438
439
441
438
438
434
441
437
445
438
442
442
448
446
444
447
444
449
442
447
439
445
438
439
433
431
433
434
434
430
430
435
435
438
432
431
433
433
430
426
428
428
433
428
419
425
428
428
424
415
416
421
421
421
416
413
417
421
419
422
419
416
415
422
424
425
416
413
420
419
418
417
420
413
409
411
413
416
415
413
406
406
411
410
416
417
415
410
412
418
418
418
415
411
412
412
414
410
414
408
405
405
412
413
410
415
414
410
416
417
422
425
416
416
419
431
426
423
424
430
431
431
425
424
423
424
422
422
416
418
416
415
418
417
412
416
418
421
427
423
420
423
428
429
418
427
428
433
424
429
432
436
435
424
427
431
435
429
427
429
437
436
425
429
427
431
421
421
424
422
424
418
414
415
416
417
419
413
411
416
417
419
421
412
412
414
416
417
410
404
408
410
409
410
407
402
406
409
406
411
416
409
403
408
415
413
414
411
409
410
407
408
412
405
399
404
409
408
411
407
404
405
407
408
412
406
401
403
408
408
411
406
404
407
408
405
414
404
397
401
407
403
408
405
399
402
403
406
406
405
397
398
400
404
401
403
396
394
399
402
398
404
406
402
399
406
410
409
410
407
407
409
406
407
409
397
399
399
406
402
405
397
397
400
398
402
401
403
396
400
404
404
410
409
402
405
408
414
411
414
408
409
411
410
413
413
406
402
405
410
410
407
400
402
406
402
401
404
401
396
394
396
400
402
395
400
397
393
387
394
397
395
396
396
393
391
389
386
391
393
393
391
392
386
387
384
385
386
389
388
387
387
386
385
380
377
387
388
387
388
383
386
390
381
376
379
384
383
383
377
382
382
383
378
374
373
376
372
376
377
377
377
374
376
375
371
373
369
364
366
373
372
373
370
372
371
373
367
372
366
369
366
361
358
359
363
361
358
362
363
363
364
363
363
361
365
362
361
360
362
363
363
363
359
363
359
356
354
360
360
355
357
363
366
364
359
363
362
363
360
359
360
360
360
361
361
360
360
357
360
361
362
361
362
368
367
369
369
366
366
367
367
364
365
364
368
366
369
369
364
364
358
364
364
363
362
366
366
369
366
365
365
367
367
368
366
364
364
358
358
360
358
357
357
359
363
357
358
355
360
358
356
355
358
357
358
358
354
358
354
354
352
354
351
351
352
354
355
352
355
357
355
357
360
359
356
356
351
360
353
355
354
355
356
354
354
354
353
352
354
353
352
351
355
354
350
351
354
356
349
354
354
356
354
351
354
355
355
350
351
351
354
351
349
348
350
351
350
347
347
351
349
347
349
349
351
348
348
349
351
350
350
347
350
353
351
350
351
349
350
352
350
350
350
351
350
351
348
349
350
353
353
357
354
355
355
358
358
354
357
359
361
361
356
357
358
360
359
357
357
357
358
357
355
357
358
356
355
357
359
357
354
355
358
357
352
355
354
355
354
354
354
356
355
353
352
352
351
350
351
346
348
350
349
346
346
348
350
344
347
347
345
345
346
343
345
341
344
341
343
340
341
339
341
338
339
339
339
336
338
337
337
335
335
672
334
334
333
335
331
331
333
332
330
331
325
330
331
330
328
330
331
330
332
325
327
329
330
330
329
328
327
329
328
329
332
272
390
337
335
333
334
332
337
335
334
334
336
335
335
333
335
336
335
333
336
338
335
333
335
336
333
333
333
333
336
329
332
332
335
332
331
330
333
333
333
331
330
335
336
335
332
337
335
336
334
335
338
336
335
334
337
336
332
334
334
336
332
332
335
331
332
331
329
334
331
330
332
331
333
331
330
333
335
333
332
331
333
335
331
329
331
331
331
333
331
331
330
332
335
334
334
335
338
282
385
340
336
336
336
334
337
334
339
333
335
332
335
332
333
328
336
330
331
328
335
329
329
330
331
328
328
327
331
328
323
325
325
324
325
327
325
328
323
327
324
325
323
328
324
323
326
326
328
323
322
323
326
326
323
326
325
322
325
326
329
324
328
327
328
326
326
324
332
325
325
328
328
325
323
325
327
325
326
324
324
325
327
327
325
330
329
326
326
327
328
327
324
325
328
325
325
325
328
323
323
324
324
324
323
324
324
320
329
323
326
325
328
325
324
322
330
322
324
327
327
326
322
322
325
324
325
324
325
327
325
326
325
328
326
327
326
326
327
329
328
325
326
325
329
327
324
327
326
326
326
326
329
327
330
332
328
332
331
330
331
333
333
330
311
353
335
332
330
329
334
331
329
333
330
332
330
326
326
328
328
327
326
327
327
331
328
325
326
327
329
326
326
326
329
326
325
323
325
323
326
650
323
323
325
326
322
322
325
326
324
322
321
324
319
324
325
321
324
321
325
320
321
323
325
322
321
320
318
322
321
320
321
321
320
323
319
319
324
322
320
320
320
317
321
322
320
317
319
322
323
318
319
319
319
317
320
321
320
321
320
318
320
321
321
317
322
320
319
320
319
318
324
319
317
322
322
319
318
318
317
319
319
320
320
321
317
317
321
323
317
317
318
317
320
317
319
320
319
317
315
321
318
317
319
318
317
319
316
318
317
319
316
316
319
320
318
316
316
317
315
321
319
316
315
318
319
320
315
318
322
318
319
318
317
320
319
321
320
318
319
318
324
321
318
318
324
322
320
321
324
324
321
320
322
320
326
634
326
323
326
320
321
322
321
321
325
278
365
325
323
323
321
322
322
328
319
321
323
321
323
323
322
321
322
326
321
324
324
323
321
319
324
321
320
322
325
318
318
319
319
320
320
319
316
322
320
318
321
320
317
318
321
317
316
320
319
316
317
318
315
320
317
314
316
317
320
318
315
316
316
315
315
317
318
316
317
316
319
313
316
317
320
317
316
316
312
320
317
316
317
316
317
315
319
317
320
316
316
316
316
316
318
317
317
635
314
319
319
319
315
316
316
314
319
316
318
314
317
319
314
318
317
321
316
316
317
314
319
319
318
317
318
318
314
318
319
321
314
316
316
318
316
316
318
318
319
317
315
317
319
316
315
319
317
317
316
316
637
315
314
320
314
318
316
319
318
315
315
316
316
317
315
317
313
319
318
315
314
322
317
316
321
319
319
315
318
318
318
320
322
316
316
322
317
320
321
320
318
319
316
323
319
318
321
320
317
317
321
317
316
321
319
316
319
320
317
317
316
313
322
316
315
637
314
314
320
313
317
316
318
312
314
314
314
315
315
313
318
312
314
313
316
313
314
317
314
312
314
314
312
315
313
313
313
317
313
312
317
313
313
316
314
314
313
313
312
314
313
313
315
311
313
313
317
310
313
312
312
315
260
363
318
312
311
316
313
311
315
314
313
312
313
310
318
312
313
311
311
314
316
311
314
312
313
314
313
312
316
313
312
316
313
313
317
317
310
314
313
313
315
313
313
317
313
313
316
312
313
314
315
310
316
313
315
312
312
313
314
313
314
315
312
313
316
311
313
313
313
311
312
313
313
313
313
307
319
312
312
314
315
310
313
313
314
313
313
316
313
312
313
313
313
311
315
315
313
311
315
313
314
315
312
312
313
309
317
311
312
315
313
310
315
311
313
316
312
312
312
312
623
309
315
312
310
313
313
311
312
314
309
314
313
311
311
309
312
313
313
310
313
308
312
313
312
312
316
309
310
312
310
312
309
313
313
311
309
313
310
313
316
308
310
311
308
314
310
309
314
309
312
311
315
308
313
312
313
311
311
310
307
316
312
311
312
313
309
313
313
309
312
312
312
313
311
308
317
312
313
312
313
312
313
315
311
313
310
313
312
312
314
313
309
314
310
313
316
309
312
310
312
313
311
313
313
309
313
312
312
311
313
312
312
306
318
310
311
313
310
310
311
312
310
313
311
311
311
307
313
309
310
311
311
309
313
309
311
308
313
309
312
310
310
309
311
307
308
309
308
312
309
311
310
313
313
313
310
314
313
313
310
315
312
315
313
316
313
315
313
313
313
313
314
313
314
316
313
314
316
317
317
315
316
318
319
319
322
316
320
320
321
321
318
322
321
324
321
321
324
322
325
322
324
329
325
327
324
326
329
325
326
326
327
329
326
329
326
332
330
328
330
327
332
333
328
331
328
332
330
331
330
332
331
330
329
335
329
333
329
329
331
332
334
332
334
335
334
340
334
336
339
336
341
337
338
339
340
338
338
340
340
344
337
341
343
342
678
354
344
346
348
345
347
347
350
682
356
346
348
256
429
356
347
347
348
254
437
355
347
351
346
348
347
351
345
349
348
349
347
688
358
348
354
350
348
274
415
354
351
354
357
360
363
366
368
365
366
367
364
365
365
255
433
376
360
360
364
363
362
366
369
371
370
372
376
379
383
384
385
381
385
388
387
388
387
389
387
388
386
385
387
387
388
389
389
389
393
395
396
397
398
396
395
396
399
398
400
400
397
400
397
396
396
395
398
397
398
399
399
402
402
404
403
402
404
402
403
401
401
403
401
403
403
403
405
404
404
404
405
404
406
409
412
413
413
412
413
413
412
413
412
413
411
414
414
413
417
417
420
293
524
434
425
424
425
425
424
424
423
423
421
422
420
421
421
424
428
431
435
436
438
440
440
440
441
440
441
442
443
444
444
443
444
447
451
451
452
452
451
451
448
451
452
300
576
457
447
446
443
444
445
444
446
450
449
453
455
458
451
452
451
452
454
463
467
467
469
467
464
458
460
459
462
459
460
461
467
461
464
468
470
469
468
470
471
470
464
467
466
468
464
463
463
464
466
461
463
465
468
465
466
469
469
465
468
467
469
465
467
468
471
468
470
471
472
474
472
472
471
473
479
481
478
483
482
485
484
481
484
485
486
487
485
487
487
488
485
487
487
490
491
489
488
487
490
494
497
499
498
497
498
499
501
505
504
504
502
503
504
505
494
492
495
500
490
492
498
498
495
501
507
501
506
509
513
504
512
514
514
507
512
514
513
508
512
513
513
503
511
512
513
507
512
515
505
508
512
515
504
512
513
514
507
514
514
514
509
514
515
517
513
517
518
517
514
517
519
516
520
513
520
518
515
516
518
517
517
514
518
520
521
518
516
523
523
522
520
526
523
523
521
525
524
521
518
522
522
519
518
523
523
519
521
529
528
522
522
520
527
528
529
521
530
530
528
523
528
530
528
523
527
528
525
520
521
523
522
520
516
517
522
525
526
520
531
531
528
524
530
531
528
524
531
532
529
526
533
534
532
527
531
534
534
529
533
537
534
529
533
534
532
528
534
533
533
528
535
536
532
525
530
534
534
529
530
533
532
530
528
535
537
535
534
542
541
541
538
544
542
538
534
538
540
537
534
538
545
537
532
529
525
533
540
544
545
540
538
542
539
537
530
534
537
537
531
533
538
538
538
532
530
528
535
542
545
543
541
550
551
549
547
557
552
546
542
548
544
538
539
545
542
532
537
543
542
534
540
543
540
530
531
528
526
521
514
515
521
519
517
515
520
523
524
523
523
534
535
533
529
541
540
537
533
540
539
535
529
534
538
538
533
538
543
543
538
541
548
547
542
542
549
546
534
542
541
537
532
540
538
534
527
535
533
529
525
531
535
532
527
531
540
538
535
536
543
543
532
529
524
538
543
546
544
537
540
543
541
536
531
538
537
536
533
542
542
540
534
545
546
543
534
543
545
544
535
539
542
544
540
538
547
547
544
545
553
550
542
545
549
545
536
542
546
543
536
544
546
544
534
543
543
540
533
542
539
532
529
535
535
532
530
538
540
538
532
541
543
541
535
541
544
542
534
537
544
542
536
541
547
546
539
541
547
546
542
538
543
545
544
539
538
534
543
553
557
557
547
555
553
548
541
547
544
538
536
542
542
540
539
547
549
546
537
546
545
541
537
540
540
536
531
540
538
534
531
539
537
534
532
538
539
537
532
535
540
539
532
535
539
538
532
531
536
536
535
530
538
539
535
529
537
537
537
531
527
533
535
534
526
530
535
536
530
533
539
539
534
533
540
539
535
530
536
535
533
528
534
537
534
527
534
536
534
527
532
535
535
527
529
534
535
530
528
535
535
533
529
535
538
537
530
537
542
540
534
532
524
530
532
539
542
542
534
538
539
539
537
529
532
535
536
535
529
535
536
533
530
535
538
537
529
533
527
531
523
521
512
514
520
521
521
517
515
506
515
519
522
521
519
514
520
520
521
517
511
520
521
523
517
521
525
526
521
520
524
527
529
522
528
531
535
533
527
531
535
537
534
531
535
537
538
530
528
534
534
532
525
533
536
536
530
533
541
544
544
538
544
549
550
544
540
544
545
544
536
534
539
539
537
529
535
539
543
538
535
543
544
539
532
535
535
534
528
522
526
528
528
519
526
532
533
525
528
533
535
529
522
533
536
534
525
536
541
541
530
541
546
544
531
543
543
538
527
535
536
534
528
537
544
544
537
547
553
553
543
550
555
553
545
546
552
554
546
548
557
558
550
545
541
537
546
552
562
566
570
565
554
563
560
559
555
544
549
550
553
548
543
552
554
552
547
558
561
557
553
563
563
555
553
558
555
546
547
552
551
542
548
554
552
542
551
554
556
547
554
557
556
543
548
550
548
533
548
548
548
539
550
554
553
541
552
554
549
536
544
545
543
532
540
544
545
535
544
549
551
541
545
550
553
546
541
550
550
546
536
547
550
549
539
547
549
548
541
535
538
543
540
531
534
528
525
524
523
513
513
515
517
516
511
509
514
520
521
516
519
524
530
533
526
524
532
534
532
525
521
519
520
525
527
532
528
521
525
527
531
536
532
534
543
548
552
550
545
548
549
549
545
538
542
544
549
544
545
552
556
554
548
557
561
560
551
554
557
556
552
541
547
550
550
538
537
542
543
542
534
541
545
551
546
539
545
548
549
541
537
542
544
545
535
539
543
546
537
540
544
547
542
535
545
550
551
544
556
563
563
554
561
565
566
557
558
563
561
549
552
556
560
553
549
558
560
560
551
564
565
565
554
565
564
564
554
559
562
565
560
562
573
575
567
567
574
571
561
563
565
567
560
556
564
563
559
555
563
564
561
555
565
564
556
557
563
564
561
555
566
564
556
557
564
562
555
553
561
561
557
551
549
537
550
552
559
563
564
567
558
564
563
564
567
568
562
569
570
574
573
569
578
581
580
572
586
584
584
575
586
583
579
565
569
566
568
560
557
566
568
572
570
568
558
567
570
575
575
565
574
576
579
577
564
579
579
580
568
582
582
587
582
587
592
594
587
573
579
576
574
562
569
570
574
569
569
580
585
584
570
584
579
559
561
556
553
539
546
543
536
533
522
530
532
542
548
552
557
553
549
548
544
541
535
530
530
530
532
524
527
530
537
541
537
544
549
552
551
543
546
545
545
538
524
531
531
526
521
527
529
533
529
527
531
533
538
539
532
534
538
540
541
534
538
542
545
543
534
540
542
548
545
538
542
543
545
540
535
538
542
547
543
538
546
544
543
532
534
530
530
524
524
518
510
512
511
514
508
507
514
520
522
518
522
529
539
538
533
539
538
540
531
522
523
523
526
522
519
517
517
518
529
546
560
563
563
559
556
556
553
550
547
541
527
526
521
521
521
513
517
520
526
531
526
529
537
543
548
547
539
545
545
546
544
532
535
534
537
535
530
529
529
527
522
523
523
523
516
516
520
524
526
521
524
531
537
539
533
531
537
537
540
535
531
535
536
539
531
532
537
540
542
535
543
548
553
552
548
554
556
558
551
547
551
551
538
552
543
541
530
532
530
531
524
522
523
528
534
541
539
540
550
555
559
559
547
552
550
549
548
540
533
533
532
534
527
530
537
543
542
539
548
550
547
539
526
530
521
521
519
519
506
507
504
506
500
499
504
515
527
532
536
545
550
553
549
542
540
538
536
535
533
533
521
521
523
525
528
522
520
522
524
526
523
521
531
536
542
537
540
548
550
550
542
545
543
543
534
531
534
537
541
534
537
547
550
552
545
547
549
551
545
536
536
533
534
531
520
529
525
527
528
517
522
521
521
518
513
515
516
519
521
521
512
520
519
521
518
514
519
521
526
530
522
533
533
537
532
530
534
536
536
528
528
532
533
536
530
522
525
524
528
520
520
525
528
527
524
534
541
546
539
542
544
542
539
532
535
533
533
524
523
525
526
528
521
523
525
532
531
527
540
548
547
540
540
545
546
548
546
542
549
548
547
542
531
533
531
531
526
523
521
516
521
525
534
540
544
546
547
547
546
546
548
547
546
544
540
537
534
535
524
532
534
544
547
542
556
560
563
560
570
574
579
579
579
582
579
575
571
560
562
559
562
560
556
562
562
563
557
556
556
553
551
539
540
539
523
532
530
533
533
533
533
522
524
524
523
510
516
516
515
509
505
509
511
517
519
521
524
521
527
526
528
525
530
531
529
529
528
524
522
520
519
508
510
509
504
508
507
509
509
505
508
505
504
501
501
498
504
506
521
551
608
638
610
595
584
577
573
564
556
549
530
543
533
533
528
524
526
528
524
525
531
533
536
531
537
540
544
537
547
547
548
537
539
543
545
527
541
532
522
526
527
520
517
521
521
521
522
521
521
519
519
521
528
538
542
565
583
584
573
564
553
550
545
528
537
533
532
528
521
524
528
528
528
538
548
558
556
563
563
565
562
561
557
551
544
551
535
537
536
538
536
525
528
527
530
535
534
542
556
569
573
562
557
549
548
545
537
532
534
531
530
521
524
523
528
518
525
521
520
520
521
525
529
531
525
530
531
533
535
535
525
535
538
542
531
540
540
534
533
532
532
530
529
533
535
536
527
531
529
532
534
531
529
526
513
521
519
522
526
521
535
544
556
552
561
562
559
554
553
551
540
543
538
535
527
526
524
523
524
520
525
521
519
518
519
516
515
517
524
532
545
555
561
561
562
559
557
553
551
548
544
540
538
535
537
527
535
541
552
559
561
570
580
587
587
581
587
577
577
568
570
563
561
540
543
539
542
532
540
541
549
542
560
564
568
567
568
563
560
550
549
546
547
540
542
541
541
543
548
549
546
542
539
543
550
570
585
588
585
582
576
570
564
558
545
543
537
536
536
533
531
528
532
524
534
536
535
540
543
530
528
521
516
515
512
508
508
499
501
498
494
488
489
490
495
503
516
527
541
549
552
554
556
555
554
547
539
525
519
513
508
502
494
494
500
510
521
533
535
539
542
540
541
536
531
521
517
512
511
512
510
512
518
525
534
537
540
543
541
546
547
547
548
544
546
543
544
542
541
543
545
547
547
550
551
550
546
541
545
550
555
558
559
558
554
552
549
543
538
537
536
536
539
545
551
555
559
566
570
573
572
569
566
564
559
555
555
551
548
548
546
548
547
545
541
549
555
561
570
587
589
595
587
584
580
572
565
559
553
549
545
541
541
541
540
539
535
539
540
545
545
551
555
555
557
553
554
550
546
540
534
526
527
530
530
532
532
535
534
536
543
551
555
551
548
540