1102
1311
1289
1200
1100
1081
1060
1053
1163
1205
1177
1155
1190
1248
1167
1170
1296
1275
1188
1186
1193
1119
1139
1292
1271
1165
1242
1228
1145
1218
1241
1133
1198
1242
1141
1209
1242
1165
1176
1272
1163
1159
1277
1175
1138
1223
1226
1140
1221
1169
1146
1261
1268
1152
1187
1190
1111
1109
1137
1111
1118
1234
1212
1150
1274
1205
1169
1280
1219
1168
1242
1235
1099
1029
1022
1049
1075
1160
1179
1161
1237
1187
1182
1157
1207
1205
1161
1236
1302
1202
1173
1224
1275
1182
1303
1259
1162
1292
1300
1190
1261
1272
1174
1282
1275
1196
1319
1380
1335
1300
1286
1260
1166
1199
1208
1127
1190
1260
1162
1277
1262
1140
1176
1248
1218
1172
1238
1258
1162
1247
1300
1159
1125
1225
1225
1263
1307
1216
1128
1180
1266
1137
1233
1302
1223
1325
1315
1203
1241