1142
2335
1119
1088
1038
1040
1071
1068
1063
1109
1146
1098
1026
1085
2304
1032
1136
1220
1112
1056
1000
1063
1058
1087
1007
1032
1050
1073
1084
1021
1065
1083
1128
1057
1063
1061
1049
1005
1033
1071
1087
1053
2343
1162
1100
2303
1205
1169
1156
1303
1212
1126
1126
1258
1286
1162
1220
1236
1193
1144
1137
1105
1067
1071
1063
1016
1065
1284
1259
1139
1179
1202
1179
1135
1156
1205
1126
1153
1200
2409
1287
1207
1082
1047
1085
1221
1211
2433
1093
1116
1090
1063
1145
1240
1177
1149
1118
2257
1124
2423
1160
1128
1206
1160
1067
1146
1054
1011
1063
1390
1253
1079
1069
1071
1041
1021
1071
1034
978
966
1022
2487
2302
1144
1103
1021
1103
1131
1196
1157
1220
1248
1186
1104
1081
1087
1084
1241
1294
1142
1217
1231
1170
1186
1148
1065
1029
1073
1070
1096
1156
2219
1011
1087
1104
1010
1078
1258
1204
1082
1051
1037
996
2281
1242
1150
1144
2370
1063
1147
1234
1174
1202
1205
1125
1172
1256
1210
1125
1199
1224
1094
1248
1192
1093
2223
1174
1044
1096
1100
1063
1156
1052
1010
997
1094
1240
1196
1206
1276
1251
1223
1241
1135
1092
1142
1259
1197
1099
1111
1251
1212
1122
1146
1162
1057
1040
1209
1235
1181
1276
1288
1170
1224
1228
1260
1125
1155
1149
1047
1098
1352
1192
1028
1029
1083
1158
1076
1212
1214
1098
1075
1206
1209
1128
1123
1238
1276
1231
1304
1255