961
970
967
972
961
909
885
892
917
938
947
918
944
948
1014
1004
989
1104
1148
1062
1083
1119
1012
966
965
994
1016
1002
1011
1015
979
940
991
1046
1060
1008
1018
1042
1027
984
1035
1019
1003
976
989
1029
1015
998
1021
998
956
976
992
985
945
964
972
948
922
951
1019
1010
989
1024
996
979
991
1023
1000
969
1027
1043
1026
980
925
896
860
853
847
881
927
953
959
981
1081
1073
1036
1015
955
951
931
903
896
938
1044
1087
1082
1135
1115
1021
1006
1043
1083
1049
1013
1031
1067
1048
1082
1088
1131
1104
1078
1086
1061
1013
986
1036
1009
1018
1053
1077
1015
980
1010
1048
1061
1045
1082
1089
1033
1034
1059
1052
1007
989
1078
1063
1035
978
968
959
949
986
994
948
911
920
957
958
927
921
915
909
892
894
922
938
926
973
1073
1033
947
938
959
1047
993
1062
1109
1122
1058
1055
1060
1052
989
1033
1066
1052
1003
1053
1114
1090
995
1016
1097
1064
988
1033
1046
980
967
1022
1120
1088
1098
1163
1076
1009
1012
983
996
997
997
1030
998
1011
1044
1020
1037
1074
1077
1077
1077
1092
1125
1073
1184
1147
1068
1024
1038
1094
1107
1142
1205
1167
1094
1067
1029
964
940
932
1018
1086
1093
1155
1169
1071
1089
1102
1009
939
953
938
932
898
922
992
1022
984
1012
1056
1073
1026
947
938
950
960
905
906
1003
1097
1057
1072
1177
1187
1167
1179
1145
1065
995
1058
1099
1109
1042
1066
1140
1101
1028
1023
1054
1107
1065
1151
1201
1078
1031
994
996
964
978
994
994
991
990
1004
970