1213
1272
1247
1174
1100
1172
1221
1208
1191
1242
1243
1167
1196
1249
1211
1138
1281
1212
1229
1237
1217
1297
1317
1361
1434
1440
1338
1356
1222
1261
1288
1232
1293
1407
1360
1224
1283
1276
1271
1321
1266
1373
1390
1272
1370
1384
1244
1328
1363
1333
1390
1351
1204
1274
1353
1174
1263
1350
1283
1274
1318
1197
1174
1146
1050
1041
1047
1043
1048
1004
938
905
906
963
998
1027
1203
1218
1250
1305
1218
1110
1192
1257
1154
1257
1355
1377
1175
1199
1212
1136
1232
1354
1358
1226
1304
1242
1172
1294
1337
1263
1357
1371
1232
1221
1227
1124
1129
1274
1283
1250
1367
1377
1180
1187
1191
1105
1125
1261
1205
1222
1260
1213
1104
1149
1201
1128
1194
1318
1347
1404
1416
1286
1181
1273
1258
1140
1154
1229
1225
1174
1278
1373
1299
1344
1327
1229
1204
1232
1279
1202
1210
1306
1140
1044
1087
1162
1098
1088
1116
1125
1069
1094
1107
1087
1104
1170
1156
1083
1125
1105
1115
1081
1173
1252
1157
1205
1258
1168
1132
1210
1193
1134
1266
1312
1172
1174
1170
1055
1106
1345
1365
1200
1150
1170
1155
1070
983
1040
1188
1171
1118
1061
1097
1125
1213
1203
1190
1248
1244
1220
1291
1413
1402
1282
1349
1287
1289
1311
1188
1179
1418
1478
1399
1232
1298
1313
1226
1231
1271
1236
1280
1304
1254
1283
1417
1366
1206
1281
1378
1234
1203
1325
1288
1277
1389