989
1030
1083
1097
1094
1095
1112
1130
1157
1171
1101
1011
966
1011
1028
996
1096
1015
960
964
987
1015
1016
980
979
997
1019
977
1038
1106
1084
1074
1161
1192
1154
1099
1206
1132
1066
1027
1073
1104
1087
1131
1250
1187
1158
1179
1155
1081
1046
1074
1156
1142
1091
1211
1209
1093
994
1010
1059
1057
1004
1025
1051
1101
1015
1013
1062
1103
1081
1049
1004
974
956
951
1159
1429
1380
1251
1243
1178
1075
996
980
1013
1132
1292
1216
1107
1176
1129
1152
1111
1090
1143
1187
1146
1236
1306
1237
1194
1264
1271
1191
1303
1252
1174
1151
1266
1235
1275
1384
1338
1274
1271
1193
1127
1143
1198
1235
1161
1251
1220
1166
1048
1043
1239
1336
1170
1071
1115
1201
1183
1209
1143
1070
1062
1080
1172
1176
1147
1126
1287
1307
1301
1228
1217
1140
1104
1292
1375
1191
1213
1210
1109
1103
1136
1061
1048
1170
1126
1060
1145
1114
1026
987
996
1027
973
938
941
988
1048
1043
1005
1033
1032
982
980
1021
1014
1005
950
917
911
902
934
963
1057
1097
1082
1056
1107
1140
1133
1189
1267
1291
1176
1191
1247
1184
1055
1055
1279
1393
1340
1205
1267
1298
1160
1296
1288
1243
1300
1265
1048
1032
1069
1124
1059
1213
1326
1278
1124
1095
1111
248
100
722
1030
986
1006
1179
1250
1218
1150
1166
1244
1168
1085
1104
1224
1188
1097
1049
1102
1182
1159
1087
1191
1194
1124
1080
1166
1193
1152
1180
1238
1234
1170
1158
1182
1113
1086
1146
1170
1071
1086