1414
1256
1289
1368
1188
1262
1299
1187
1261
1368
1338
1242
1261
1285
1237
1235
1364
1345
1236
1332
1365
1273
1398
1295
1271
1417
1320
1313
1402
1307
1410
1354
1242
1303
1301
1211
1341
1315
1231
1346
1354
1256
1351
1332
1232
1338
1313
1225
1341
1276
1210
1321
1303
1184
1142
1143
1022
1163
1083
188
63
261
146
160
47
277
108
168
313
399
398
746
554
495
1273
1068
1123
1171
1156
1099
1128
1153
1186
1208
2043
1652
1441
1262
1274
1468
1255
1368
1324
1277
1381
1265
1280
1338
1269
1355
1363
1262
1292
1358
1342
1401
1392
1251
1362
1330
1248
1383
1313
1318
1391
1266
1329
1396
1287
1171
1291
1418
1285
1330
1383
1269
1306
1331
1275
1328
1346
1269
1275
1338
1267
1289
1367
1359
1332
1349
1263
1224
1367
1299
1411
1447
1310
1306
1280
1274
1443