1135
1099
1239
2789
1214
1111
2567
1369
1127
1013
1053
1301
1304
1287
1186
1104
1110
1098
1047
1086
1289
1296
1245
1186
1236
1303
1311
1253
1260
1230
1159
1142
1188
1151
1164
1327
1225
1127
1104
1146
1236
1231
1185
1231
1267
1225
1176
1254
1292
1208
1200
1255
1228
1253
1300
1299
1278
1319
1302
1344
1422
2592
1298
1222
1201
1334
1328
1228
1312
1304
1196
1163
1334
1275
1205
1259
1206
1206
1262
1237
1273
1238
1192
1211
1174
1092
1188
1188
1140
1162
1186
1161
1117
2300
1074
1081
1101
1120
1067
1137
1200
1178
1170
1130
1143
1144
1116
1052
1054
1047
1112
1166
1106
1166
1292
1289
1176
1230
1272
1188
1178
1176
1157
1105
1188
1172
1146
1118
1288
1300
1276
1119
1193
1303
1269
1244
1327
1308
1188
1176
2466
1222
1132
1151
1233
1233
1188
1149
1285
1326
1352
1254
1158
1144
1166
1147
1048
1055
1292
1223
1273
1283
1183
1115
1256
1207
1139
1127
1193
1258
1233
1254
1230
1090
1176
1256
1272
1220
1204
1238
1286
1279
1158
1169
1139
1124
1085
1203
1205
1183
1085
1135
1174
1191
1165
1192
1146
1065
1021
1068
2215
1113
1194
1188
1074
1071
1092
1134
1088
1194
1333
1295
1157
2294
1125
1073
1159
1251
1173
1206
1269
1270
1163
1164
1159
1061
1049
1142
1233
1106
1104
1187
1145
1099
1162
1155
1126
1092
1194
1234
1229
1134
1157
1171
1156
1209