1280
1438
1413
1279
1298
1408
1398
1420
1303
1229
1311
1487
1449
1383
1448
1295
1409
1496
1351
1484
1502
1326
1426
1512
1358
1364
1428
1354
1361
1406
1288
1405
1306
1132
1348
1445
1274
1112
1100
1005
978
987
1047
1081
1163
1177
1126
1107
1128
1127
1062
1086
1221
1314
1108
1051
1155
1303
1238
1433
1380
1239
1313
1356
1189
1170
1321
1446
1355
1343
1302
1176
1281
1215
1238
1355
1413
1220
1249
1234
1304
1484
1431
1323
1411
1285
1329
1462
1394
1303
1416
1437
1315
1300
1443
1378
1313
1329
1224
1255
1397
1331
1437
1538
1417
1281
1273
1380
1426
1330
1397
1433
1336
1281
1359
1342
1255
1217
1351
1371
1278
1342
1290
1310
1314
1192
1200
1275
1266
1186
1358
1319
1127
1209
1269
1200
1249
1214
1191
1198
1276
1327
1202
1220
1320
1318
1312
1350
1463
1354
1345
1297
1120
1109
1369
1378
1146
1172
1250
1400
1349
1264
1287
1336
1290
1218
1257
1421
1417
1362
1309
1378
1378
1297
1311
1233
1246
1397
1443
1354
1423
1326
1346
1384
1286
1306
1271
1219
1345
1446
1309
1223
1333
1410
1327
1239
1313
1350
1306
1379
1253
1199
1124
1170
1151
1189
1312
1298
1303
1277
1246
1379
1359
1306
1359
1350
1291
1305
1354
1332
1298
1352
1361
1221
1229
1371
1348
1300
1337
1286
1253
1319