1158
1240
1318
1278
1217
1327
1300
1217
1244
1332
1271
1228
1346
1321
1202
1251
1325
1290
1394
1271
1174
1168
1204
1133
1222
1297
1143
1173
1312
1214
1194
1213
1200
1133
1160
1174
1122
1150
1170
1104
1127
1151
1140
1149
1186
1159
1090
1141
1186
1127
1115
1125
1095
1072
1148
1217
1149
1208
1203
1166
1152
1259
1251
1166
1172
1147
1075
1132
1275
1185
1162
1212
1166
1162
1257
1223
1138
1174
1186
1158
1097
1158
1151
1027
1015
1067
1146
1082
1209
1235
1147
1240
1257
1171
1138
1163
1136
1112
1139
1195
1134
1104
1141
1110
1073
1116
1214
1202
1175
1229
1186
1089
1109
1212
1181
1149
1276
1249
1152
1194
1201
1137
1163
1197
1101
1145
1234
1218
1176
1243
1212
1118
1148
1142
1140
1111
1181
1158
1070
1094
1190
1184
1120
1169
1230
1164
1199
1247
1237
1175
1212
1225
1197
1241