19235
5841
1067
2076
2898
902
878
856
843
827
832
841
1691
849
843
843
860
835
823
832
833
1682
824
795
1600
791
778
774
768
766
768
770
786
779
778
774
764
755
721
1409
696
691
1455
746
740
730
726
721
716
708
704
700
699
709
733
760
789
810
827
835
866
859
884
851
835
814
786
761
748
1486
786
810
807
829
828
813
797
799
795
805
801
788
763
748
740
738
748
772
782
765
753
761
759
756
740
721
715
714
721
738
740
765
783
802
793
797
789
773
778
794
849
876
850
844
829
883
887
915
935
951
941
920
947
974
885
848
833
814
809
797
798
792
769
763
755
767
788
793
786
774
797
795
788
777
774
794
813
796
858
1003
1063
1055
1028
987
996
945
875
917
856
865
928
951
928
901
956
1021
1042
1004
938
965
975
922
887
915
939
961
890
874
920
1043
1024
981
914
909
856
841
799
796
802
806
779
779
793
812
836
825
834
862
920
897
899
923
915
881
862
855
855
831
823
825
837
836
813
828
862
886
895
908
902
907
892
875
845
860
872
856
850
818
818
858
903
896
873
896
910
893
868
854
861
851
825
802
792
782
788
788
785
789
819
868
930
911
896
919
893
874
856
859
859
850
834
829
837
862
869
841
865
913
961
980
935
937
909
916
903
903
891
859
815
790
775
784
834
916
931
948
911
938
975
972
970
937
925
906
924
947
946
982
963
933
878
852
859
858
820
794
776
754
752
765
809
854
857
827
821
836
848
841
814
834
862
899
911
927
965
1023
1009
935
944
970
916
914
890
908
923
891
857
867
875
907
892
891
902
908