4377
3492
892
2708
1082
1052
3728
2486
834
802
3895
1029
1970
1891
931
943
965
973
933
1898
1013
1015
972
1000
1989
961
983
1007
1022
962
955
986
1021
1030
994
1026
1047
1007
979
979
982
949
927
952
985
1010
1009
943
959
1999
1004
1009
2054
993
948
965
1010
1001
997
962
972
1002
949
922
930
956
941
917
908
926
950
919
934
978
1089
1121
1014
962
943
928
915
923
966
996
1014
995
970
988
1000
968
942
992
1034
1026
943
938
958
1038
1068
1022
987
938
904
862
877
883
902
923
900
910
959
960
906
896
895
891
855
857
869
889
929
923
985
1029
1034
983
957
962
890
866
837
817
796
776
744
729
729
727
729
730
726
713
711
710
713
703
706
708
710
715
729
747
760
780
773
812
850
910
1014
992
963
970
1003
989
933
955
957
978
949
939
962
1012
976
930
920
948
991
1038
1009
1027
1017
967
930
935
946
947
938
982
1003
1022
944
961
979
962
934
919
927
968
941
926
888
925
978
1011
1056
1012
964
987
994
986
938
926
926
945
941
906
945
993
1049
1040
988
977
977
954
907
914
946
973
996
948
988
1032
975
938
905
896
875
857
813