1185
1452
1401
1293
1343
1365
1308
1202
1392
1365
1298
1297
1354
1249
1242
1416
1430
1235
1241
1331
1311
1206
1250
1350
1364
1256
1202
1413
1367
1207
1155
1208
1228
1147
1205
1260
1189
1209
1176
1082
1349
1228
1151
1356
1054
1267
1120
1162
1375
1203
1298
1370
1243
1246
1320
1308
1186
1027
1163
1310
1261
973
984
1251
1407
1349
1164
1226
1335
1306
1123
1232
1359
1334
1341
1311
1291
1208
1303
1415
1360
1234
1260
1455
1261
1350
1385
1210
1378
1383
1259
1359
1367
1327
1344
1291
1204
1339
1382
1370
1322
1374
1340
1267
1232
1337
1334
1276
1323
1256
1167
1179
1229
1169
1082
1113
1271
1392