1045
1236
1142
1042
1096
1113
1122
1023
1033
1017
1057
1064
1226
1269
1104
1141
1144
1142
1356
1149
1265
1151
1118
1217
1157
1317
1313
1229
1192
1296
1272
1166
1119
1274
1314
1139
1204
1146
1109
1185
1145
1081
1089
1084
1131
1218
1136
1041
1063
1092
1010
1002
1036
1067
1100
1126
1119
1151
1082
1166
1188
1143
1087
1112
1166
1108
1163
1339
1254
1136
1154
1218
1125
1078
1104
1091
1080
1243
1220
1103
1100
1054
1038
1026
1088
1179
1099
1006
1017
1046
1044
1032
1026
1027
1034
989
990
1004
1012
1038
988
1013
1039
1042
972
992
1050
1033
993
1029
1074
1027
1002
1023
1035
1040
1101
1164
1128
1045
1041
1011
989
927
953
981
992
956
975
1009
1051
1033
1008
1004
996
989
971
1010
1038
984
1037
1077
1040
1011
1035
1039
985
973
995
1035
1025
985
991
1038
1071
1048
1045
1073
1072
1013
1018
1058
1033
1012
1045
1054
1002
1007
1048
1086
1031
1038
1122
1112
1131
1162
1108
1072
1178
1266
1253
1208
1170
1109
1146
1227
1229
1186
1030
1021
1013
946
983
1169
1150
1047
1076