841
842
862
1828
949
938
905
2028
1012
943
2180
991
879
865
885
899
964
1044
982
987
1010
1021
980
985
1083
992
961
2168
977
1144
1194
1026
1094
1098
1037
1104
1025
1041
1122
1125
1166
1285
1268
1157
1220
1239
1275
1322
1309
1193
1143
1213
1169
1145
1253
1189
1065
1044
1085
972
1007
1049
1009
1133
1114
1016
987
2131
1074
1012
1040
1061
1076
1027
1073
1210
1273
1205
1206
1211
1116
1104
1222
1307
1100
1085
1150
1127
1107
1087
1039
1015
935
923
890
908
922
950
1100
1218
1238
1203
1253
1288
1284
1243
1304
1294
1254
1290
1397
1367
1245
1353
1343
1188
1176
1398
1186
1293
1383
1181
1166
1281
1280
1168
1251
1282
1203
1156
1221
1238
1238
1263
1231
1149
1023
1089
1248
1118
1097
1391
1270
1225
1242
1166
1072
970
983
977
952
959
1011
1096
1054
990
1002
1158
1085
1000
1009
1037
1046
1011
942
1050
1079
1026
948
967
1052
1129
1226
1160
1200
1218
1258
1130
1040
953
987
1204
1351
1326
1162
1058
1124
1245
1187
1100
1136
1188
979
925
935
957
1018
1003
1058
1082
1071
981
932
919
877
869
930
1133
1245
1141
1162
1190
1211
1140
1171
1222
1134
1104
1121
1321
1289
1217
1274
1176
1056
1010
1120
1174
1042
1112
1223
1135
1081
1144
1123
1069
1026
1043
1076
1104
1056
1119
1233
1204
1104
1167
1195
1177
1092
1164
1276
1183
1095
1126
1169
1126
1080
1128
1180
1132
1045
1096
1132
1102
1041
1126
1094