979
977
968
939
918
894
871
852
854
856
849
854
859
862
866
895
886
905
908
913
904
899
890
893
901
923
955
944
941
918
928
938
943
917
943
1016
1041
1011
993
999
912
878
889
871
968
959
932
902
923
927
920
895
919
912
928
917
909
919
946
948
915
952
961
948
940
935
933
927
906
922
917
912
933
948
952
919
939
939
913
910
917
913
883
889
896
883
897
914
925
868
888
889
881
872
892
903
895
848
874
877
922
962
948
933
952
969
963
917
947
935
938
958
966
1034
1025
1015
973
952
978
1013
987
947
972
990
963
979
933
873
880
869
871
881
852
840
843
854
858
862
880
857
860
930
956
1038
1036
1002
1018
979
927
920
891
883
899
941
1001
1028
1013
1003
1038
1062
1022
1042
1158
1209
1110
1028
1123
1177
1123
1021
1038
1142
1140
1139
1160
1048
1038
1082
1073
1008
1048
1112
1114
1047
1051
1069
1100
1109
1123
1101
1012
1047
1103
1098
1034
1019
1052
1041
1012
1073
1130
1049
1067
1051
1038
1003
1031
1068
1051
1027
1120
1074
1021
1008
1025
1025
951
915
906
968
993
962
938
967
1020
1011
975
966
985
977
979
947
966
984
1028
1040
1005
1024
1029
977
992
1050
1081
1031
1046
1122
1071
1003
1007
912
886
863
850
853
857
865
845
828
815
820
825
823
848
879
885
911
902
897
924
967
997
983
939
962
989
972
935
965
1145
1158
1117
1008
925
920
921
922
937
936
925
893
912
947
986
998
989
922
941
981
911
893
898
913
877
901
905
922
980
901
875
882
876
950
1038
1045