1145
1202
1178
1172
1157
1087
1038
941
960
953
992
1081
1152
1111
1041
980
1026
1132
1093
1016
954
972
1034
1014
954
1010
1046
1051
1015
977
976
1038
1025
969
942
988
1125
1086
1037
1034
1067
1032
947
942
990
1024
960
979
1130
960
916
917
921
969
922
935
966
951
966
995
1053
1017
976
1007
1065
1014
982
995
1013
1024
987
1049
1103
1105
1119
1261
1265
1218
1209
1220
1218
1224
1333
1283
1096
1031
991
1188
1265
1291
1274
1138
1109
1169
1114
1107
1184
1215
1186
1073
1145
1159
1087
1165
1196
1171
1099
1086
1118
1049
1151
1120
1121
1212
1148
1072
1136
1115
1122
1092
1096
1053
1046
1099
1127
1104
999
1059
1048
1054
1004
1095
1184
1120
1068
1129
1136
1088
1098
1137
1082
1063
1166
1172
1093
1068
1070
1048
1002
1178
1221
1152
1157
1145
1070
1032
1021
1059
1144
1063
1059
1097
1174
1105
1053
1121
1209
1133
1099
1122
1117
1092
1072
1135
1150
1079
1117
1138
1062
972
1010
1041
997
981
1117
1299
1224
1120
1151
1122
1096
1039
1123
1147
1125
1086
1168
1118
1056
991
977
1011
1062
1023
980
1044
1178
1098
1010
1014
1038
1046
1007
977
1047
1119
1055
1045
1119
1132
1097
1148
1146
1087
1060
1145
1179
1146
1125
1261
1256
1174
1105
1139
1097
1057
1072
1170
1161
1060
1064
1114
1112
1082
1198
1196
1087
1063
1064
1028
1012
1118
1313
1271
1170
1077
1108
1163
1158
1099
1158
1135
1028
1001
1032
1105
1072
1034
1087
1069
985
977
1010
1058
1048
991
1001
1019