1072
1078
1014
1032
1065
1063
1014
1044
1100
1094
1011
1039
1233
1185
1085
953
966
1183
1175
1160
1125
1138
1119
1081
1018
1038
1050
1063
1062
1084
1098
1059
1069
1293
1132
1057
948
935
946
1000
976
1230
1149
1097
1120
1080
1111
1204
1115
1035
1032
1012
979
1001
987
983
1040
1119
1061
1074
1089
1027
1012
953
988
1059
960
963
959
1016
980
1023
1131
1034
975
1002
1003
1001
1088
1086
1022
1042
1044
1016
1026
1066
1037
1034
1016
959
955
955
980
986
1056
1065
1045
989
973
1046
1101
1089
1054
1045
1054
1037
1036
1045
1050
1036
1026
1073
1079
1021
1185
1193
1058
1067
1138
1064
1141
1135
1033
1010
1041
1036
1035
1028
972
994
1006
1083
1093
1251
1251
1153
1182
1139
1061
1023
1055
1069
1044
1114
1088
1043
1060
1036
1044
1075
1134
1172
1191
1123
1119
1134
1056
1098
1197
1164
1105
1137
1113
1074
1077
1009
962
1039
1112
1138
1101
1228
1189
1126
1093
1117
1122
1179
1212
1171
1223
1186
1077
1058
1097
1284
1188
1266
1266
1139
1095
1079
1063
1060
1060
1040
1085
1198
1159
1104
1125
1091
1035
1097
1201
1137
1064
1116
1146
1056
1047
1071
1116
1076
1062
1064
1036
1056
1106
1059
1017
1030
1034
979
994
1046
1019
1055
1089
1168
1138
1129
1101
958
966
1137
1228
1195
1187
1136
1081
1131
1131
1047
1059
1064
1032
986
1038
1103
1003
1113
1161
1027
969
984
1059
1005
1025
1064
1095
1056
1040
1121
1137
1089
1101
1140
1087
1054
1161
1178
1056
1075
1165
1094
1046
1067
1086
1039