1330
1198
1331
1329
1187
1077
1328
1478
1490
1379
1424
1438
1364
1266
1240
1210
1197
1396
1396
1258
1388
1465
1280
1446
1465
1363
1438
1303
1266
1390
1407
1305
1383
1428
1387
1332
1428
1393
1324
1376
1412
1340
1324
1438
1353
1383
1370
1221
1447
1344
1287
1401
1297
1318
1383
1307
1340
1318
1223
1265
1329
1240
1303
1369
1283
1408
1286
1246
1337
1195
1296
1281
1162
1384
1337
1176
1267
1313
1232
1232
1281
1207
1126
1183
1234
1146
1170
1240
1160
1104
1232
1263
1198
1368
1388
1210
1171
1192
1186
1157
1224
1248
1189
1209
1240
1221
1152
1175
1211
1264
1203
1294
1260
1225
1345
1310
1283
1352
1274
1238
1321
1226
1175
1251
1244
1161
1286
1324
1261
1265
1305
1270
1229
1219
1152
1145
1240
1217
1202
1388