1048
1097
1117
1046
1074
1130
1098
1105
1142
1075
1085
1108
1042
976
972
1028
954
931
979
996
1033
979
1014
989
973
1027
1099
1097
1090
1127
1123
1110
1085
1069
1217
1201
1106
1046
1204
1221
1109
1121
1177
1077
1161
1149
1086
1171
1112
1061
1130
1083
1084
1123
1137
1102
1146
1167
1090
1125
1161
1082
1106
1219
1257
1092
1153
1216
1236
1232
1225
1100
1167
1149
1167
1194
1183
1152
1083
1138
1133
1100
1050
1112
1127
1081
1063
1174
1087
1049
1105
1130
1083
1058
1136
1076
1063
1123
1155
1107
1056
1097
1121
1062
1118
1152
1089
1065
1094
1144
1105
1064
1181
1115
1025
1023
1110
1119
1008
1063
1070
1079
1024
1058
1098
1017
1013
1088
1065
979
917
954
943
950
920
917
944
935