1001
1001
915
916
949
900
859
859
857
837
805
933
1544
1372
1271
1119
1028
1135
1272
1230
1258
1326
1342
1296
1220
1122
1262
1505
1355
1174
1285
1483
1408
1366
1389
1298
1199
1218
1316
1221
1110
1200
1299
1433
1246
1286
1276
1196
1372
1316
1134
1280
1373
1236
1262
1170
1202
1188
1314
1286
1330
1369
1281
1338
1348
1211
1304
1381
1385
1405
1358
1434
1303
1360
1407
1308
1128
1301
1422
1259
1303
1279
1180
1297
1390
1311
1365
1217
1337
1255
1499
1433
1323
1396
1374
1368
1422
1381
1495
1485
1325
1337
1228
1263
1388
1254
1409
1395
1439
1454
1396
1453
1463
1301
1496
1414
1468
1408
1349
1469
1304
1394
1449
1225
1418
1290
1276
1348
1284
1372
1402
1383
1354
1319
1142
1158
1396
1333
1312
1440
1366
1436
1293
1319
1452
1420
1451
1395
1431
1478
1440
1540
1335
1380
1152
1147
1295
1094
1254
1401
1300
1255
1157
1161
1074
1069
1140
1126
1046
951
922
939
1065
974
1025
1204
1318
1295
1213
1316
1373
1352
1292
1509
1549
1412
1329
1454
1476
1345
1443
1423
1378
1449
1307
1423
1267
1441
1415
1311
1473
1400
1434
1426
1341
1382
1356
1508
1403
1280
1215
1310
1314
1282
1196
1286
1219
1279
1308
1350
1325
1365
1377
1316
1352
1322
1291
1425
1248
1363
1270
1361
1262