930
911
905
897
895
855
864
896
973
968
929
938
956
910
915
906
1018
1009
1040
953
926
929
880
870
880
888
928
927
953
1016
1061
1033
975
982
920
909
887
849
854
898
934
954
923
978
982
941
878
875
859
856
824
833
861
919
932
896
910
942
939
896
874
871
881
868
872
876
924
1010
1045
1005
954
905
873
820
821
820
866
930
930
937
988
983
947
906
876
860
853
859
820
794
810
849
986
1030
957
969
958
967
935
892
884
875
872
867
842
834
852
915
939
912
853
851
887
1004
975
952
959
1001
960
945
922
901
890
860
898
896
874
857
856
908
1035
1007
1027
1072
1043
967
940
938
928
868
886
914
978
928
910
906
947
949
935
941
978
934
894
909
942
991
933
914
913
915
913
866
853
864
898
897
874
862
886
909
924
866
903
995
1016
981
926
915
950
956
893
878
902
947
965
952
934
968
986
979
962
935
907
886
848
864
897
927
933
895
915
893
886
859
860
898
904
872
844
817
829
875
921
949
898
904
907
891
833
822
819
814
816
817
813
828
837
867
840
823
835
859
900
902
882
881
907
857
809
806
813
829
876
896
872
886
881
908
890
880
890
900
939
967
918
873
883
921
945
909
908
944
967
886
847
841
849
866
862
872
887
877
879
860
856
872
857
849
823
844
864
932
930
916
868
850
848
833
794
784
784
803
858
902
892
857
885
896
882
867
838
831
827
852
891
940
911
900
912
963
916
876
857
861
930
912
870
871
869
884
895
865
867
901
895
873
817
821
820
825
833
798
787
789
810