1346
1332
1301
1253
1424
1396
1322
1313
1467
1303
1319
1477
1323
1281
1345
1238
1311
1324
1256
1329
1369
1297
1244
1295
1356
1271
1358
1328
1214
1308
1370
1262
1163
1277
1344
1153
1119
1182
1273
1202
1328
1253
1175
1146
1238
1182
1159
1249
1258
1164
1181
1228
1177
1229
1317
1281
1186
1285
1310
1237
1218
1331
1334
1172
1206
1286
1243
1130
1265
1386
1296
1211
1234
1257
1208
1186
1369
1352
1296
1386
1333
1271
1324
1308
1312
1199
1263
1324
1230
1221
1271
1110
1084
1153
1170
1105
1277
1274
1178
1146
1277
1208
1115
1129
1273
1250
1129
1067
1210
1354
1261
1308
1311
1190
1230
1390
1318
1159
1148
1231
1205
1059
1030
1111
1178
1176
1336
1312
1204
1237
1266
1273
1153
1095
1100
1040
998
1068
1195
1200
1254
1246
1159
1122
1147
1109
1037
1063
1253
1179
1208
1332
1213
1208
1321
1255
1162
1062
1055
1236
1347
1216
1174
1291
1283
1200
1232
1196
1098
1122
1293
1266
1166
1289
1295
1250
1328
1331
1237
1133
1173
1325
1329
1219
1334
1318
1263
1155
1228
1365
1225
1111
1188
1268
1108
1043
1060
996
1015
1134
1165
1025
1011
1029
1047
1028
1050
1130
1162
1168
1082
1172
1292
1212
1084
1069
1133
1169
1040
1104
1319
1273
1117
1036
1031
992
1035
1186
1212
1017
1019
1240
1221
1185
1116
1305
1248
1107
1097
1170
1120
1138
1352
1287
1158
1228
1298
1172