1323
1469
1285
1396
1440
1357
1457
1321
1316
1369
1272
1199
1162
1251
1337
1234
1163
1156
1327
1349
1214
1249
1181
1102
1156
1201
1061
1118
1185
1218
1112
1263
1294
1235
1131
1228
1177
1106
1191
1243
1208
1093
1121
1461
1391
1271
1223
1321
1299
1235
1291
1365
1291
1198
1292
1358
1331
1291
1419
1382
1246
1290
1277
1144
1206
1269
1245
1200
1300
1228
1086
1104
1250
1243
1134
1165
1184
1119
1121
1179
1151
1108
1056
1101
1147
1090
1202
1172
1056
1096
1257
1119
1092
1207
1252
1178
1273
1268
1240
1189
1323
1312
1289
1275
1336
1272
1251
1377
1346
1264
1334
1285
1243
1302
1303
1152
1197
1285
1240
1322
1429
1279
1187
1227
1296
1212
1234
1306
1255
1157
1229
1264
1261
1291
1277
1185
1170
1327
1275
1185
1259
1344
1302
1224
1282
1171
1117
1044
1084
1229
1207
1112
1091
1244
1330
1320
1243
1223
1361
1354
1298
1219
1178
1177
1283
1352
1279
1269
1380
1360
1232
1269
1251
1208
1348
1237
1143
1217
1216
1220
1290
1253
1223
1259
1256
1261
1235
1248
1264
1188
1194
1243
1242
1182
1291