978
958
1010
1071
1108
1124
1084
1189
1135
1057
1009
1013
1094
1063
1147
1286
1113
1126
1205
1230
1179
114
1212
1172
1089
1089
1220
1180
1283
1306
1216
1316
1360
1225
1067
1166
1257
1259
1169
1204
1159
1092
1200
1179
1066
1128
1176
1127
1102
1178
1139
1088
1140
1131
1161
1116
1158
1111
1089
1105
1208
1186
1118
1080
1086
1046
1005
1112
1334
1257
1110
1061
1022
1022
988
1055
1148
1143
1072
1029
1012
990
983
1054
1061
1003
1036
1058
1039
979
985
1010
1010
970
1048
1102
1083
1006
1036
1011
986
997
991
1036
1021
1029
1050
999
936
912
979
1138
1205
1156
1082
1022
1058
1086
1151
1113
1058
975
972
998
1074
1063
1003
983
1019
1020
973
991
1014
1018
1016
1046
1097
1107
1075
1128
1188
1148
1077
1050
1058
1055
1019
1029
1070
1151
1075
1030
1084
1149
1098
1061
1085
1097
1066
1111
1183
1191
1033
1009
1052
1067
1052
1124
1182
1143
1091
1167
1230
1177
1091
1057
1067
1077
1123
1205
1211
1129
1204
1158
1097
1102
1311
1308
1227
1135
1122
1143
1075
1148
1347
1272
1273
1315
1267
1130
1245
1349
1238
1171
1145
1042
1104
1104
1122
1185
1210
1130
1093
1084
1018
1020
1047
1094
1040
1149
1219
1143
1091
1127
1100
1101
1208
1244
1136
1026
1086
1217
1101
1159
1164
1078
1153
1226
1148
1101
1117
1117
1053
1143
1167
1118
1073
1169
1292
1158
1174
1186
1153
1041
1074
1470
1406
1266
1272
1233
1151
1223
1264
1177
1096
1192
1204
1081
1089
1148
1203