1207
1299
1259
1287
1214
1169
1244
1300
1229
1181
1289
1264
1131
1305
1239
1196
1313
1323
1248
1219
1115
1181
1235
1161
1221
1230
1084
1225
1246
1217
1184
1302
1200
1144
1240
1267
1257
1296
1196
1193
1299
1315
1196
1259
1185
1139
1211
1298
1269
1188
1248
1100
1015
1150
1197
1172
1254
1244
1093
1101
1164
1120
1166
1287
1313
1277
1238
1259
1279
1331
1282
1190
1267
1325
1315
1326
1325
1244
1308
1316
1306
1313
1309
1271
1185
1187
1205
1104
1234
1288
1262
1259
1184
1122
1150
1177
1122
1063
1137
1154
1092
1135
1188
1188
1199
1176
1179
1132
1206
1252
1096
1143
1210
1148
1159
1124
1010
975
994
1021
1098
1229
1200
1075
1049
1090
1133
1046
1000
1132
1263
1292
1267
1230
1129
1089
1052
1192
1275
1208
1107
1219
1250
1178
1116
1274
1292
1193
1239
1214
1125
1248
1310
1276
1138
1195
1279
1206
1180
1278
1215
1157
1275
1294
1126
1155
1128
1125
1172
1125
1125
1064
1193
1193
1137
1125
1196
1132
1130
1133
1138
1073
1135
1133
1108
1118
1163
1107
1095
1173
1184
1104
1176
1125
1092
1188
1206
1073
1091
1085
1013
996
985
997
1014
1010
1039
1080
1036
994
981
1003
1089
1163
1173
1099
1150
1172
1082
1094
1086
1025
1001
1001
1045
1079
1163
1200
1119
1112
1134
1157
1217
1133
1117
1044
1107
1250
1267
1117
1268
1240
1094
1178
1306
1225
1104
1208
1303
1315
1228
1270
1215
1067
1105
1251