1005
991
938
956
982
1031
975
984
1003
984
1026
1112
1096
979
988
974
955
943
926
921
912
889
858
860
849
833
1641
813
802
784
781
785
793
803
800
828
908
1030
1062
1040
1068
1140
1109
1044
1052
1101
1168
1142
1058
1130
1276
1180
1050
1287
1296
1137
1269
1295
1218
1189
1244
1209
1073
1106
1093
1052
1022
1075
1180
1143
1087
1127
1081
1045
1033
1021
999
970
1016
1060
1001
1014
973
994
1007
979
952
981
1030
1070
1056
1057
1043
1038
1040
1031
1107
1094
1018
1029
1061
1086
1025
1058
1079
1050
1094
1134
1063
1002
1025
1033
1021
1006
1005
1035
1092
1053
1133
1103
1024
980
1008
1019
1005
1003
1055
1063
997
973
1053
1070
1019
1044
1059
1039
1002
995
1000
966
937
934
971
1023
994
969
959
951
920
925
943
943
929
916
924
942
930
905
903
913
934
980
957
1005
1044
1066
1023
946
963
974
970