757
1034
984
966
966
951
925
901
932
1004
964
1001
1148
1178
1121
1060
1093
1016
1027
1022
1020
999
1012
1147
1075
1032
1087
1134
1085
1027
1086
1076
1021
1099
1162
1105
998
1017
1012
985
987
1055
1087
1015
1078
1217
1103
1064
1067
1018
953
913
899
880
859
898
960
1016
965
961
979
952
927
929
901
901
878
894
908
898
888
953
1032
1007
956
972
1004
932
922
1034
1096
1038
1012
1008
1021
971
967
1052
1039
1051
1104
1201
1073
1040
1099
1112
1033
1106
1185
1155
1021
1021
1062
973
962
1011
952
913
942
1008
1056
1007
933
957
1031
1056
1001
1103
1200
1101
1022
1052
1013
993
945
925
964
1021
981
989
1086
1066
989
991
1062
1064
1004
1037
1090
1040
992
1000
1048
1011
985
1068
1082
1015