1120
1396
1309
1133
1205
1197
1199
1200
1207
1154
1222
1439
1290
1375
1492
1497
1387
1410
1461
1384
1510
1284
1382
1356
1257
1359
1237
1365
1293
1318
1415
1299
1407
1375
1211
1350
1301
1443
1326
1181
1424
1396
1390
1489
1447
1409
1342
1403
1288
1360
1271
1145
1420
1277
1339
1292
1359
1426
1298
1458
1359
1394
1452
1428
1383
1453
1420
1320
1442
1478
1402
1280
1281
1319
1282
1338
1282
1157
1214
1302
1241
1241
1341
1226
1255
1318
1221
1214
1367
1338
1313
1389
1270
1330
1375
1371
1423
1349
1310
1422
1308
1459
1345
1295
1405
1318
1344
1325
1332
1439
1411
1321
1436
1363
1312
1436
1326
1207
1393
1331
1241
1226
1318
1290
1345
1352
1276
1327
1400
1286
1384
1397
1212
1387
1333
1230
1393
1429
1423
1378
1298
1220
1387
1444
1328
1444
1314
1212
1334
1268
1180
1244
1320
1262
1226
1337
1310
1237
1373
1473
1462
1445
1463
1403
1248
1298
1425
1411
1282
1551
1339
1375
1367
1224
1338
1380
1281
1349
1245
1199
1393
1452
1452
1457
1372
1308
1233
1479
1509
1569
1429
1459
1430
1288
1625
1581
1345
1291
1448
1410
1285
1370
1232
1150
1140
1240
1204
1280
1209
1221
1181
1268
1335
1300
1189
1261
1270
1236
1270
1476
1323
1376
1401
1268
1363
1379