1247
1333
1344
1231
1312
1311
1301
1421
1417
1314
1397
1350
1255
1371
1339
1312
1415
1309
1271
1330
1245
1300
1329
1239
1304
1278
1295
1398
1233
1292
1291
1201
1319
1286
1327
1315
1215
1289
1228
1201
1279
1240
1170
1256
1271
1155
1255
1295
1196
1260
1292
1183
1277
1245
1250
1364
1278
1246
1269
1198
1247
1328
1298
1192
1275
1330
1199
1307
1336
1272
1387
1262
1298
1319
1197
1216
1280
1225
1224
1276
1162
1172
1280
1278
1201
1319
1322
1219
1303
1228
1183
1245
1229
1245
1317
1213
1231
1208
1232
1303
1246
1196
1370
1290
1307
1346
1248
1355
1231
1320
1274
1241
1285
1245
1289
1244
1266
1354