1255
1211
1144
1040
999
1027
1119
1153
1171
1087
1050
1100
1180
1187
1154
1132
1071
1073
1084
1065
1087
1063
1033
1044
1017
968
1005
1172
1128
1107
1265
1216
1148
1224
1282
1164
1102
1118
1145
1089
1066
1069
1150
1208
1215
1137
1131
1208
1289
1251
1191
1226
1249
1121
1132
1261
1201
1133
1186
1271
1178
1116
1141
1139
1110
1112
1086
1149
1256
1254
1188
1188
1146
1158
1192
1273
1186
1187
1295
1254
1126
1126
1198
1122
1101
1167
1150
1066
1063
1091
1097
1094
1090
1061
999
1035
1086
1153
1058
1083
1038
988
957
987
1022
982
1020
1082
1072
1118
1221
1119
1135
1190
1184
1151
1142
1073
1008
999
1012
1004
1007
1088
1065
993
1042
1099
1072
1090
1104
1056
1042
1078
1036
999
1030
1056
1040
1061
1068
1027
1014
1011
1073
1089
1100
1145
1121
1057
1028
1061
1045
1034
1075
1038
964
976
1016
1007
997
1056
1052
1031
1032
1092
1086
1063
1028
1021
991
968
982
1032
1006
966
1007
1026
1008
1008
1050
1021
1017
1046
1055
1024
1055
1058
1016
1016
1097
1123
1046
1029
1075
1071
1014
1046
1104
1067
1041
1077
1090
1048
1068
1058
1072
1040
1113
1143
1041
1088
1141
1086
1078
1078
1058
1093
1110
1085
1092
1096
1079
1060
1082
1064
1015
1058
1083
1037
1036
1056
1053
1008
1043
1154
1105
991
960
966
1039
1105
1043
990
943
896
871
774
802
795
798
816
827
837
816
827
845
886
917
958
901
900
961
1008
1012
977
1007
1026
1035
1011
1032
1052
1002
968
927
857
843
855
910
982
1024
1096
1113