1047
1110
1185
1183
1257
1178
1106
1198
1207
1152
1221
1256
1213
1208
1160
1133
1129
973
1056
1170
1019
840
920
1420
1338
1303
1248
1196
1082
1048
1045
1054
1096
1203
1243
1271
1268
1210
1071
1226
1396
1182
1380
1387
1183
1334
1209
1211
1346
1192
1155
1273
1182
1268
1273
1154
1276
1295
1173
1224
1112
995
1162
1243
1170
1314
1261
1226
1189
1114
1156
1150
1204
1279
1222
1233
1098
1018
1195
1346
1318
1169
1080
1131
1040
1146
1218
1022
986
1140
1273
1260
1170
1195
1276
1306
1242
1094
1078
1240
1264
1233
1132
1190
1352
1303
1089
1005
1276
1191
1161
1359
1334
1191
1220
1220
1145
1115
1100
1046
905
926
982
1397
1271
993
1097
1261
1237
1195
1169
1240
1246
1344
1290
1083
1006
1063
1169
1111
984
965
1129
1303
1132
915
920
957
979
889
870
1082
1322
1213
1193