1443
1337
1329
1339
1334
1417
1172
1256
1302
1322
1257
1346
1394
1366
1455
1390
1457
1267
1125
1165
1373
1292
1480
1343
1223
1329
1282
1279
1238
1314
1225
1062
974
1125
1296
993
1003
1154
1186
1147
1230
1295
1260
1189
1175
1354
1360
1184
1351
1382
1319
1318
1368
1279
1277
1232
1110
1053
1186
1426
1378
1320
1306
1296
1199
1215
1314
1214
1206
1145
1206
1408
1312
1309
1386
1292
1309
1355
1267
1297
1323
1194
1126
979
953
1035
993
1047
1241
1255
1190
1092
1029
958
950
928
969
1070
1037
1061
1076
1069
1020
1031
1085
1197
1167
1195
1270
1291
1207
1166
1220
1191
1112
1110
1058
1030
1188
1327
1265
1397
1387
1241
1225
1188
1095
953
969
1015
1020
995
1057
1109
1364
1249
1197
1127
1023
948
907
912
925
894
865
981
994
983
1149
1101
1064
988
1025
1162
1108
1092
1352
1390
1251
1306
1367
1305
1283
1374
1315
1309
1298
1390
1310
1172
1231
1389
1165
1315
1398
1265
1236
1247
1254
1221
1283
1222
1138
1236
1272
1209
1119
1212
1314
1282
1145
1171
1228
1262
1241
1317
1290
1245
1329
1284
1098
1131
1355
1293
1216
1418
1383
1206
1274
1285
1273
1248
1340
1389
1335
1346
1347
1224
1343
1369
1285
1271
1299
1177
1246
1243
1217
1333
1390
1203
1175
1218
1055
939
935
983
1100
1025
1036
1104
1130
1124
1119
1161
1201
1187
1078
1066
1063
1125
1125