956
971
1083
1141
1003
993
1038
1044
1006
1016
1120
1082
1039
1203
1330
1082
1093
1341
1356
1231
1260
1284
1226
1248
1223
1196
1114
1147
1277
1282
1161
1190
1340
1326
1224
1151
1134
1163
1129
1245
1204
1123
1047
1138
1206
1207
1147
1226
1240
1246
1119
1081
1115
1097
1086
1113
1137
1049
991
1057
1202
1110
1000
1050
1148
1104
1026
1020
1094
1183
1121
1013
1022
1089
1112
1111
1247
1254
1121
1049
1175
1249
1159
1067
1100
1296
1297
1164
1143
1165
1150
1117
1138
1198
1189
1078
1146
1217
1189
1142
1173
1217
1130
1028
1082
1231
1211
1106
1162
1146
1093
1120
1167
1096
1074
1159
1173
1119
1178
1229
1174
1135
1204
1289
1234
1195
1149
1154
1145
1114
1051
1115
1206
1164
1112
1115
1094
1037
1026
1043
1074
1087
1173
1159
1075
1019
1021
1091
1194
1137
1114
1125
1065
1019
1054
1160
1157
1133
1141
1143
1082
1050
1078
1118
1091
1102
1133
1127
1099
1138
1163
1103
1065
1062
1050
1034
992
1014
1143
1202
1111
1062
1110
1172
1194
1099
1046
1063
1095
1045
1019
1065
1173
1140
1082
1126
1120
1144
1057
1052
1126
1082
1011
987
1029
1126
1107
1101
1142
1067
1049
1129
1240
1130
1086
1072
1059
1012
1035
1115
1200
1114
1171
1110
1067
1011
1022
1080
1145
1107
1117
1205
1172
1103
1065
1141
1160
1129
1057
1067
1089
1092
1087
1166
1209
1185
1118
1130
1104
1043
1023
1024
1056
1003
962
937
998
1130
1084
986
1023
1033
1050
1014
967
943
958
968
982
963
944