1021
1060
969
971
1161
1117
1061
979
946
932
909
931
896
937
945
983
946
909
936
994
991
961
992
1025
1008
977
985
1020
1035
979
1001
1042
1032
1027
988
997
1002
1009
973
1015
1094
1036
1063
1138
1092
1020
1021
1032
914
877
856
847
840
906
1183
1093
1028
1068
1021
1044
955
929
917
940
947
956
995
1108
1101
1056
1170
1195
1097
1074
1076
1007
946
1000
1054
1014
973
1040
1105
1126
1078
1079
1086
1027
950
963
1005
966
957
1021
987
979
951
1003
1063
1051
1012
1022
1040
1068
1043
1067
1091
1082
1011
1024
1082
1093
990
1040
1103
1037
1035
1083
1094
1009
991
962
969
938
958
1024
992
965
992
1009
980
959
979
1059
1034
968
979
1007
1079
994
1008
1022
1006
968
1035
1028
962
986
1018
991
985
1015
1023
981
955
955
980
947
896
868
863
895
1001
1023
1007
930
889
865
855
853
849
848
850
854
878
931
963
914
934
1039
1071
1015
1028
1132
1076
1007
968
982
995
952
1014
1043
998
932
879
840
818
811
882
1022
968
927
972
938
942
921
945
970
987
987
1032
1022
1026
1154
1191
1051
957
981
1083
1099
999
1051
1143
1177
1073
1032
1032
1015
980
971
1027
1139
1040
1078
1155
1130
1011
1021
1043
1053
979
962
967
991
955
980
1022
1087
1002
1012
1038
1010
959
917
897
876
840
841
884
1143
1164
1040
969
921
905
900
889
883
878
873
841
830
828
845
848
869
877
866
894
924
954
896
899
929
931
907
868
867
911
1008
1075
1031
976
1015
1016
931
897
896
910
972
1005
1060
1118
1081
1007