1285
1454
1382
1351
1164
1275
1402
1338
1477
1452
1252
1332
1550
1475
1485
1673
1480
1430
1402
1264
1254
1410
1411
1265
1469
1456
1266
1463
1553
1506
1551
1505
1444
1400
1365
1267
1280
1337
1287
1400
1354
1227
1366
1365
1234
1416
1164
1147
1396
1384
1542
1458
1360
1363
1307
1255
1329
1279
1230
1366
1354
1315
1420
1416
1434
1506
1369
1346
1524
1522
1565
1356
1268
1324
1151
1288
1289
1340
1448
1464
1424
1426
1346
1191
1349
1340
1341
1432
1313
1465
1438
1333
1431
1360
1366
1426
1239
1382
1295
1367
1447
1329
1467
1367
1383
1390
1267
1426
1419
1383
1489
1405
1419
1482
1431
1396
1479
1425
1452
1453
1402
1451
1569
1376
1377
1362
1186
1286
1192
1344
1396
1144
1091
1176
1051
996
1173
1265
1252
1258
1402
1473
1456
1368
1366
1351
1343
1301
1431
1384
1258
1238
1358
1217
1396
1454
1306
1389
1269
1179
1275
1249
1210
1415
1353
1222
1279
1280
1240
1241
1236
1186
1213
1333
1258
1141
1159
1326
1228
1192
1200
1124
1097
1200
1132
1008
1043
1253
1232
1175
1222
1037
980
1038
1235
1145
1271
1338
1190
1306
1348
1272
1286
1234
1361
1357
1235
1396
1292
1162
1077
1429
1278
1438
1317
1356
1466
1409
1377
1512
1493
1516
1532
1425
1421
1446