1027
980
1039
1211
1192
1128
1057
1157
1137
1102
1074
1105
1196
1211
1156
1197
1302
1286
1225
1387
1306
1161
1240
1227
1200
1278
1219
1149
1151
1188
1158
1248
1298
1140
1101
1156
1241
1187
1295
1295
1184
1244
1262
1129
1186
1160
1087
1023
1111
1217
1195
1200
1354
1280
1147
1137
1115
1099
1096
1216
1233
1150
1225
1261
1152
1162
1229
1169
1247
1308
1200
1183
1180
1119
1164
1320
1267
1137
1232
1215
1148
1197
1338
1342
1271
1222
1332
1347
1286
1178
1237
1210
1082
1129
1286
1108
1230
1372
1347
1235
1243
1215
1121
1124
1203
1245
1113
1129
1233
1177
1119
1175
1085
979
1134
1228
1222
1239
1282
1246
1201
1222
1213
1131
1170
1217
1258
1137
1250
1300
1188
1278
1344
1212
1314
1185
1067
1218
1382
1303
1355
1223
1061
1122
1182
1184
1156
1260
1290
1268
1283
1172
1073
1229
1394
1376
1327
1402
1426
1299
1295
1315
1265
1372
1319
1165
1163
1199
1082
1123
1285
1088
1174
1212
1115
1167
1327
1232
1070
1031
1124
1280
1265
1387
1279
1093
1107
1368
1302
1195
1346
1150
1021
1022
1085
1162
1009
1046
1096
1106
1036
996
935
934
966
1000
996
1059
1234
1218
1133
1051
949
995
1148
1127
1240
1182
1089
1114
1084
1104
1139
1204
1119
1053
1207
1208
1137
1220
1280
1268
1163
1143
1269
1312
1208
1321
1350
1345
1288
1300
1262
1184
1225
1280
1256
1305
1380
1282
1123
1166