1378
1342
1209
1339
1479
1447
1282
1340
1417
1297
1382
1408
1214
1237
1403
1341
1341
1438
1363
1250
1283
1414
1386
1316
1388
1345
1271
1270
1324
1283
1319
1458
1421
1356
1400
1322
1249
1354
1362
1269
1320
1484
1393
1268
1287
1302
1271
1270
1443
1368
1275
1354
1295
1198
1304
1411
1318
1349
1337
1219
1271
1418
1374
1343
1382
1316
1273
1318
1290
1192
1252
1377
1304
1268
1377
1415
1295
1370
1406
1329
1395
1489
1384
1374
1452
1313
1208
1312
1452
1394
1299
1393
1377
1244
1264
1280
1215
1321
1381
1313
1363
1414
1319
1274
1314
1293
1297
1335
1428
1343
1374
1394
1276
1210
1231
1355
1338
1314
1369
1354
1224
1328
1313
1429
1370
1328
577
515
996
950
926
900
894
895
910
910
910
910
895
883
896
926
985
1032
1053
1001
978
1010
1019
1127
1304
1237
1142
1266
1359
1325
1226
1243
1200
1169
1135
1115
1120
1174
1192
1219
1063
1017
999
1046
1275
1315
1167
1195
1273
1176
1064
1021
1024
1011
1022
1116
1050
1010
1116
1047
1082
1161
1203
1094
1080
1096
1130
1097
1135
1181
1184
1116
1098
1140
1235
1232
1099
1052
1049
1111
1210
1223
1204
1158
1113
1149
1143
1197
1197
1147
1136
1286
1357
1320
1245
1248
1264
1291
1269
1247
1365
1368
1252
1239
1266
1212
1099
1143
1311
1354
1317
1242
1280
1261
1185
1140
1178
1220
1230