1016
1004
979
949
975
1002
964
1003
1045
1094
1014
996
998
949
931
905
913
889
880
882
867
857
850
827
850
880
908
920
879
896
896
918
932
944
961
963
900
906
911
877
900
933
918
898
901
953
1062
1029
962
1008
1063
1070
1064
995
1007
1052
997
1007
1027
1054
1090
1092
1145
1112
1062
1110
1117
1027
945
936
956
1009
1161
1170
1088
1093
1169
1141
1101
1036
1025
1018
1038
1082
1096
1182
1150
1125
1074
1072
1150
1075
945
942
875
895
899
957
935
892
917
928
960
986
979
1038
1069
1052
1130
1152
1154
1057
1051
1095
1106
1050
1022
1085
1150
1218
1048
1006
978
1010
1020
977
983
1016
970
982
971
946
968
1026
1113
1203
1125
1052
1058
1045
995
960
947
960
979
1067
1061
1050
1110
1057
1063
1045
1109
1122
1081
1047
1022
983
966
979
975
1000
928
939
931
994
1068
1085
1107
1058
1066
1193
1242
1162
1017
981
1013
1021
1074
1131
1224
1312
1107
983
1000
1045
1060
1014
990
1032
1041
1053
1168
1182
1149
1074
1067
1011
981
1021
1077
1052
1121
1146
1091
996
981
1008
1018
1041
968
980
1013
1101
1127
1081
1085
1117
1205
1212
1114
1040
1106
1265
1127
999
948
925
903
881
877
948
1018
1005
1071
1054
1010
936
900
918
961
967
933
990
1022
1002
980
1061
1060
1008
955
910
901
890
888
895
924
986
1089
1105
1185
1188
1080
1021
1041
1064
1032
1070
1171
1100
1021
1131
1117
1077
1111
1199
1195
1109
1143
1172
1130
1042
1112
1075
1057
1011
1012
1062
1006
1002
1049
1068
1105