956
940
925
915
920
925
918
921
927
945
952
939
955
986
1003
987
998
962
941
976
1005
962
1010
1081
1026
975
979
1034
1010
965
969
1016
1052
1081
1076
946
936
1056
1065
1033
1045
1021
963
985
987
997
997
1125
1197
1062
951
960
999
1065
1029
1004
1069
1083
1058
1059
1030
1009
999
1023
1067
1118
1088
1098
1047
985
1012
1019
1034
1023
1087
1101
1012
1025
1041
1022
992
987
990
942
917
913
922
906
922
965
984
950
933
925
897
854
869
900
974
1002
948
945
1003
1040
1033
1049
990
932
927
944
942
921
921
932
951
911
928
957
975
938
941
979
977
985
970
1042
979
1028
1141
1085
1069
1046
1058
1033
1101
1099
1047
1006
1038
1104
1160
1089
1065
1106
1123
1090
1033
1021
1029
1063
1068
1116
1087
1088
1034
1066
1073
1049
1023
1101
1101
1086
1055
1076
1089
1085
1052
1076
1123
1128
1123
1150
1137
1026
1068
1044
957
939
940
924
928
962
907
895
908
930
955
977
912
887
888
898
896
880
867
881
907
925
940
958
989
1041
1014
985
1030
1023
955
965
1002
1034
966
983
992
982
975
1011
1002
997
944
971
978
992
976
982
987
979
991
981
1028
1069
984
968
982
1082
1194
1310
1064
1029
1077
1057
989
995
1012
993
984
1021
1057
1048
1004
988
980
1063
1067
1069
1058
1104
1079
1040
1050
1206
1262
1262
1163
1125
1159
1115
1111
1163
1211
1172
1146
1146
1066
1051
1009
1068
1389
1208
1035
1101
1189
1190
1078
1226
1331
1312
1242
1253
1169
1079
1136
1259
1339
1266