1261
1131
1133
1106
1168
1191
1175
1146
1297
1321
1168
1110
1075
1184
1382
1407
1271
1220
1358
1231
1144
1296
1162
1114
1076
1222
1363
1162
1069
1090
1177
1098
1038
1013
1130
1185
1137
1152
1238
1188
1112
1165
1111
1091
1026
1038
1171
1077
1012
1056
1294
1219
1285
1219
1047
1059
1139
1185
1084
1185
1408
1332
1163
1202
1202
1109
1160
1214
1160
1229
1274
1164
1298
1263
1138
1205
1433
1381
1326
1328
1189
1233
1309
1226
1202
1276
1084
1053
1190
1361
1160
1182
1202
1055
1065
1060
1099
1255
1337
1216
1187
1176
1013
1013
1007
1018
1045
1319
1378
1287
1275
1130
1086
1049
1046
1034
1109
1284
1275
1150
1163
1176
1050
1077
1119
1074
1204
1248
1184
1259
1230
1108
1192
1249
1113
1062
1133
1339
1342
1161
1174
1191
1217
1090
1057
1093
1148
1080
1183
1291
1120
1203
1177
1073
1126
1089
1141
1256
1293
1115
1036
1094
1044
1018
1272
1374
1200
1173
1200
1077
1030
1057
1129
1041
1137
1268
1127
1127
1138
1018
956
961
1002
1137
973
1045
938
938
956
896
1009
1185
1188
1072
1021
1016
930
916
918
991
1210
1243
1264
1095
1028
1129
1194
1277
1078
1067
1160
1268
1189
1188
1200
1176
1120
1164
1216
1126
1165
1252
1140
1101
1192
1383
1317
1305
1181
1116
1207
1128
1198
1242
1146
1227
1148
1083
1157
1162
1106
1204
1144
1051
1103
1317
1166
1211
1208
1139
1075
1171
1158
1067
1163
1165
1199
1050
1014
1109
1309