1407
1420
1386
1142
1291
1366
1377
1280
1290
1339
1284
1287
1320
1347
1374
1383
1384
1370
1366
1370
1348
1054
940
1010
1274
1329
1365
1374
1358
1334
1138
942
925
2179
1304
1341
1354
1344
1321
1307
1125
980
941
963
1172
1287
1316
1334
1330
1329
1272
1020
998
1065
1192
1277
1301
1317
1320
1319
1315
1260
1055
994
1054
1247
1283
1314
1313
1312
1307
1298
1223
1027
947
990
1146
1270
1300
1311
1311
1305
1198
1055
980
994
1094
1244
1279
1305
1312
1313
1313
1304
1118
963
977
1109
1258
1289
1317
1320
1323
1325
1298
1078
998
1016
1161
1259
1288
1302
1304
1305
1253
1257
1129
964
946
972
1160
1271
1303
1318