1120
1163
1172
1151
1121
1048
1061
1097
1063
1052
1078
1371
1276
1207
1260
1180
1150
1338
1281
1144
1264
1256
1062
1025
1013
1005
1015
1154
1372
1252
1117
1180
1139
1062
1016
1009
940
1042
1273
1116
1077
1204
1209
1118
1074
1153
1089
1028
1022
958
1018
1065
1065
1190
1152
1197
1202
1087
1044
1085
1174
1159
1208
1306
1246
1213
1289
1199
1116
1177
1400
1379
1277
1302
1290
1197
1143
1195
1262
1357
1413
1275
1210
1354
1235
1107
1217
1364
1212
1271
1317
1198
1153
1204
1233
1120
1122
1256
1336
1228
1259
1216
1106
1063
1244
1274
1129
1153
1232
1200
1071
1115
1086
1104
1076
1272
1189
1060
1076
1144
1198
1125
1184
1244
1181
1097
1136
1141
1168
1130
1097
1157
1190
1095
1096
1137
1107
1075
1267
1278
1174
1076
1145
1217
1132
1028
1048
953
969
1063
1014
1029
1153
1299
1292
1162
1157
1229
1231
1147
1168
1302
1208
1095
1284
1380
1287
1141
1263
1104
1104
1171
1167
1189
1201
1180
1155
1095
1179
1283
1379
1285
1241
1403
1296
1167
1184
1411
1303
1155
1092
1332
1439
1277
1153
1258
1228
1202
1124
1180
1270
1217
1106
1173
1271
1167
1130
1108
1114
1198
1148
1175
1252
1215
1141
1179
1213
1171
1130
1191
1236
1192
1110
1165
1136
1093
1051
1164
1301
1208
1171
1211
1200
1066
1047
1206
1166
1126
1205
1206
1136
1195
1288
1203
1069
1078
1178
1312
1152
1203
1149
1108
1198
1325
1271
1138
1228