892
868
941
865
743
1509
762
761
903
999
1010
992
939
981
1023
1054
1070
1049
1047
1002
1003
1061
1206
1045
1167
1279
1068
1167
934
1119
966
1037
1169
1190
1043
1125
1121
1020
1081
987
958
1043
1117
1040
1008
1059
1066
974
992
1065
966
1002
1151
1034
1002
1042
1002
950
1033
1042
969
1021
1038
989
1012
1098
975
966
975
907
971
1001
924
1010
1112
974
957
1127
1123
970
1029
1068
984
938
1081
1149
979
1059
1161
1058
1049
1145
1140
1043
1081
1081
990
1063
1101
992
1039
1166
1108
1005
1066
1103
1032
1107
1100
978
1054
1132
1039
957
1008
1052
985
1024
1051
967
934
1018
1113
1004
1021
1035
946
988
1052
992
969
1008
1020
878
860
825
816
895
859
864
941
993
999
915
996
1132
1118