1151
1148
1034
1052
1134
1077
1208
1230
1150
1237
1108
1077
1186
1068
1055
1248
1213
1217
1369
1180
1160
1289
1216
1265
1255
1191
1350
1236
1162
1308
1138
1397
1307
1144
1200
1227
1220
1366
1262
1105
1217
1165
1172
1393
1303
1275
1271
1210
1288
1316
1240
1248
1397
1282
1271
1261
1191
1468
1311
1228
1405
1316
1362
1294
1319
1390
1310
1306
1224
1090
1188
1396
1265
1300
1274
1201
1289
1329
1207
1210
1226
1207
1367
1190
1258
1240
1235
1296
1240
1164
1320
1217
1092
1338
1434
1188
1250
1262
1137
1166
1233
1245
1385
1396
1273
1332
1261
1241
1395
1297
1239
1324
1269
1239
1300
1284
1256
1310
1211
1243
1283
1228
1328
1310
1202
1276
1232
1181
1242
1279
1229
1317
1189
1185
1280
1232
1213
1261
1174
1277
1285
1256
1318
1219
1279
1316
1213
1287
1221
1206
1353
1231
1231
1281
1197
1209
1242
1171
1219
1146
1087
1140
1173
1114
1204
1156
1109
1229
1163
1087
1061
1098
1107
1145
1175
1131
1116
1140
1130
1126
1177
1157
1107
1147
1225
1104
1162
1182
1098
1137
1196
1043
1187
1373
1221
1278
1297
1178
1197
1313
1274
1208
1290
1254
1145
1229
1195
1135
1350
1313
1259
1377
1188
1220
1281
1247
1220
1315
1249
1198
1263
1168
1133
1141
1218
1210
1501
1235
1223
1166
1106
1216
1143
1075
1111
1127
1061
1125
1189
1151
1233
1231
1110
1159
1162
1107
1128