1352
1477
1380
1342
1390
1383
1508
1361
1510
1280
1334
1327
1252
1440
1358
1428
1319
1301
1394
1384
1304
1431
1368
1352
1357
1289
1491
1347
1384
1525
1405
1454
1461
1426
1475
1324
1395
1396
1419
1546
1421
1388
1475
1222
1181
1502
1353
1445
1343
1288
1367
1407
1347
1408
1413
1309
1322
1430
1359
1382
1475
1377
1516
1245
1195
1411
1434
1301
1373
1314
1304
1398
1315
1275
1410
1381
1449
1387
1368
1298
1418
1437
1349
1526
1625
1544
1464
1439
1442
1374
1543
1416
1497
1412
1452
1378
1473
1573
1486
1484
1429
1305
1312
1327
1438
1481
1438
1338
1401
1394
1475
1537
1349
1399
1364
1271
1378
1331
1388
1341
1289
1406
1352
1412
1434
1367
1421
1364
1297
1327
1455
1433
1418
1451
1340
1190
1248
1365
1287
1421
1396
1333
1441
1396
1374
1381
1285
1319
1361
1271
1444
1368
1303
1436
1343
1282
1350
1283
1218
1279
1304
1227
1502
1426
1308
1442
1318
1247
1325
1313
1290
1402
1347
1283
1345
1318
1267
1364
1318
1129
1197
1255
1104
1301
1359
1223
1375
1316
1215
1265
1251
1195
1276
1291
1193
1313
1312
1255
1331
1301
1243
1289
1272
1200
1248
1404
1251
1406
1406
1352
1421
1358
1320
1371
1313
1291
1403
1368
1320
1474
1385
1327