1045
1081
1071
1069
1052
1066
1072
1078
1172
1280
1151
1130
1182
1239
1098
1167
1214
1216
1162
1271
1238
1107
1134
1082
1057
1049
1117
1185
1063
1049
1015
1062
1017
1128
1235
1156
1144
1141
1100
1029
999
1053
1108
1049
1016
1068
1091
1097
1072
1100
1236
1193
1146
1226
1206
1145
1124
1226
1142
1044
1120
1354
1284
1329
1229
1229
1269
1270
1206
1256
1250
1219
1242
1217
1203
1326
1259
1173
1291
1329
1195
1114
1124
1009
1042
1417
1397
1204
1147
1259
1205
1105
1113
1226
1230
1254
1170
1188
1182
1085
1157
1435
1391
1318
1399
1314
1208
1283
1282
1156
1037
1093
1050
1154
1197
1063
1163
1229
1116
1086
1110
1123
1092
1146
1111
1071
1097
1156
1113
1118
1169
1181
1131
1204
1148
1089
1164
1086
1103
1254
1212
1125
1250
1185
1122
1118
1121
1140
1096
1069
1137
1200
1219
1099
1170
1114
1129
1073
1111
1124
1074
1040
1088
1086
1013
1034
1063
1074
1038
1174
1259
1148
1117
1194
1148
1068
1049
1046
1062
1151
1190
1152
1078
1105
1137
1116
1095
1179
1250
1196
1211
1196
1181
1190
1320
1240
1178
1243
1172
1100
1208
1324
1245
1261
1235
1134
1152
1171
1115
1207
1387
1304
1298
1273
1215
1108
1146
1179
1198
1210
1346
1334
1227
1280
1261
1157
1181
1161
1120
1423
1392
1213
1258
1267
1169
1223
1331
1321
1292
1237
1149
1077
992
927
862
857
841
867
872
868
869
890
896
876
867
863
872
866
874
890
909
905
945