860
903
920
911
927
903
859
856
823
774
776
760
778
796
912
1257
1166
1057
1005
904
893
908
948
996
1004
983
914
860
843
866
888
932
1031
1018
1035
1023
976
941
930
857
855
887
930
939
946
939
929
872
817
816
811
855
839
865
875
890
860
860
830
807
812
808
801
790
799
808
835
864
865
866
888
922
976
1050
1019
1001
926
933
956
930
903
878
829
866
855
935
952
922
912
937
970
997
984
935
920
916
883
879
857
847
815
832
854
898
917
953
946
892
871
872
854
861
841
823
832
841
849
851
833
814
834
843
895
885
895
903
952
934
892
897
898
896
874
865
880
912
909
873
893
911
899
896
901
872
837
810
771
788
780
786
809
837
826
810
831
852
840
828
815
856
898
942
979
934
917
894
896
828
840
830
851
854
890
958
961
924
907
899
885
857
846
835
850
864
819
844
859
871
869
845
841
868
952
934
909
924
902
860
863
872
891
866
865
896
925
938
891
895
906
923
874
879
887
905
913
882
885
894
907
900
900
912
926
938
912
918
904
902
870
864
903
929
930
1000
1010
992
937
930
936
914
873
882
884
898
892
847
858
839
821
807
807
813
846
862
859
854
838
845
841
861
881
896
891
879
868
887
925
934
925
876
908
936
1132
1134
1058
988
964
1073
1112
1034
1015
950
931
936
924
872
870
880
900
903
871
885
914
973
997
998
978
1007
1087
1173
1125
1129
971
912
912
924
905
916
944
975
995
1153
1046
944
941
965
997
986
959
990
990
994
912
837
859
880
955
971
898
928
972
1006
986