1010
1003
969
986
1065
1078
1018
1060
1100
1098
1048
1095
1227
1149
1008
993
1000
1071
1080
1142
1117
1073
1014
1074
1135
1120
1078
1139
1192
1147
1186
1198
1149
1090
1107
1064
1070
1112
1222
1178
1139
1163
1111
1076
1065
1123
1192
1144
1159
1096
1039
995
1057
1058
1052
1019
1105
1090
1008
982
1009
1029
976
987
1033
1095
1061
1120
1169
1185
1192
1278
1294
1252
1169
1156
1219
1185
1236
1222
1129
1049
1182
1283
1221
1256
1251
1136
1058
1098
1116
1087
1035
1080
1110
1068
1103
1201
1137
1071
1091
1119
1057
1027
1056
1074
1030
986
923
896
871
874
942
1084
1063
1024
1041
1031
988
932
926
956
952
968
1018
1063
1040
1028
1033
1033
1022
987
1016
1044
1072
1048
1037
1132
1152
1137
1096
1117
1077
946
902
884
884
912
939
918
917
930
937
942
880
864
852
861
868
883
868
915
969
1026
1008
1041
1089
1161
1118