1349
1281
1367
1243
1319
1397
1265
1383
1341
1287
1328
1290
1185
1250
1281
1194
1344
1327
1262
1325
1280
1228
1268
1267
1173
1211
1327
1297
1237
1363
1291
1254
1353
1286
1218
1365
1310
1345
1308
1206
1251
1326
1233
1231
1297
1216
1168
1312
1301
1315
1289
1200
1271
1206
1114
1206
1277
1214
1163
1276
1273
1195
1255
1288
1263
1327
1254
1194
1313
1254
1197
1286
1234
1213
1303
1250
1240
1324
1249
1333
1322
1201
1319
1355
1238
1310
1330
1249
1297
1281
1239
1360
1322
1205
1043
1225
1193
1258
1284
1193
1102
1155
1160
1142
1261
1186
1166
1201
1206
1232
1272
1209
1168
1231
1247
1177
1265
1324
1266
1264
1268
1198
1270
1196
1116
1228
1233
1144
1201
1241
1202
1221
1249
1122
1175
1205
1132
1159
1197
1147
1165
1228
1197
1180
1243