999
948
914
922
906
905
849
869
899
999
1025
949
1003
1177
1025
1014
1167
1157
1076
1042
1032
1026
952
891
896
902
899
873
872
893
856
824
811
818
839
785
782
799
843
857
813
805
823
832
839
834
802
811
789
772
755
744
759
794
850
845
882
898
900
889
859
832
809
816
821
824
957
1145
1083
977
988
997
1007
966
954
1020
1000
948
938
982
963
921
925
953
954
928
911
918
953
921
909
1007
1004
945
919
919
936
891
863
905
945
967
895
938
977
971
884
868
896
953
916
875
879
909
975
985
1009
984
961
927
916
916
954
953
946
874
880
1004
1005
1005
956
1010
1032
940
901
886
890
862
826
854
909
963
952
938
964
997
983
918
850
837
841
865
814
809
838
885
944
897
854
858
893
891
856
919
952
944
910
924
939
893
895
910
908
855
893
928
969
910
894
931
956
926
1038
1023
994
918
914
933
959
974
961
1037
1006
919
880
890