1155
1134
1093
2415
1136
1347
1024
1050
1174
1173
1493
1247
1167
1160
1094
1029
1007
1017
1022
2021
1047
1079
1108
1095
1136
1218
1108
1124
2609
1119
1063
1075
1104
1128
1365
1344
1245
1207
1300
1289
1210
1134
1257
1230
1195
1252
1336
1276
1248
1379
1357
1209
1295
1248
1088
1109
1257
1185
1326
1395
1283
1192
1290
1299
1290
1178
1284
1305
1249
1107
1122
1281
1235
1132
1268
1274
1116
1153
1293
1247
1145
1210
1188
1039
1141
1271
1331
1256
1384
1274
1210
1353
1371
1236
1301
1246
1188
1333
1389
1336
1348
1337
1256
1210
1287
1341
1155
1101
1438
1398
1314
1287
1306
1257
1185
1202
1218
1265
1234
1262
1376
1329
1223
1323
1319
1211
1042
1097
1377
1384
1269
1171
1216
1290
1253
1134
1180
1200
1232
1335
1351
1190
1106
1115
1127
1187
1267
1104
1142
1290
1127
1220
1247
1203
1118
1066
1083
1141
1118
1052
1044
1047
995
969
1056
1298
1164
1017
1027
1127
1206
1119
1175
1185
1194
1052
1112
1111
1104
1002
940
944
1015
1027
1133
1196
1136
1093
1109
1130
1097
1030
1065
1068
1064
1006
1104
1481
1356
1225
1290
1354
1303
1206
1295
1314
1257
1130
1203
1357
1348
1240
1377
1414
1230
1337
1353
1220
1114
1253
1453
1338
1257
1251
1225
1134
1219
1199
1173
1156
1294
1305
1161
1168
1203
1174
1162
1321
1315
1181
1263
1239
1131
1174
1188
1125
1163
1220