1282
1301
1217
1257
1398
1315
1281
1292
1266
1219
1279
1257
1201
1250
1227
1190
1290
1244
1120
1187
1236
1110
1198
1177
1124
1175
1200
1112
1188
1175
1085
1171
1201
1097
1148
1221
1151
1102
1190
1172
1096
1126
1208
1183
1019
1129
1302
1260
1216
1125
1177
1230
1229
1146
1103
1184
1212
1168
1045
1089
1205
1146
1075
1214
1251
1155
1209
1316
1313
1169
1193
1220
1108
1060
1149
1190
1104
1108
1149
1160
1095
1179
1104
1110
1147
1139
1103
1162
1192
1107
1136
1177
1091
1056
1098
1156
1075
1238
1217
1109
1139
1209
1146
1062
1172
1225
1145
1082
1120
1143
1086
1111
1223
1193
1081
1087
1127
1088
1051
1189
1165
1095
1100
995
923
901
909
1105
1153
1041
1079
1184
1150
1063
1120
1173
1172
1112
1178
1207
1118
1143
1149
1092
1215
1239
1149
1119
1215
1235
1145
1076
1221
1253
1195