1125
1134
1117
1144
1142
1106
1102
1096
1168
1385
1328
1201
1054
1041
2099
1051
1023
972
979
972
924
897
892
934
1092
1100
1084
1037
1082
1076
1040
996
996
1063
1080
1060
1086
1137
1134
1073
1048
1120
1104
1032
1036
2249
1160
1081
1090
1106
1090
1057
1094
1189
1155
1091
1049
1114
1165
1112
1083
1110
1104
1044
1094
1226
1229
1153
1101
1197
1193
1131
1053
1077
1121
1135
1052
1052
1114
1125
1084
1107
1207
1143
1085
1092
1067
1042
1060
1114
1075
1018
1058
1091
1065
1054
1098
1092
1039
1082
1128
1106
1052
1092
1065
1039
1043
1099
1127
1077
1085
1096
1066
1055
1134
1174
1083
1169
1152
1082
1017
1070
1161
1136
1067
1074
1130
1096
1034
1076
1124
1104
1070
1134
1113
1077
1106
1120
1101
1116
1143
1079
1146
1206
1181
1062
1094
1096
1070
1025
1067
1068
1068
1095
1158
1166
1113
1136
1158
1132
1079
1125
1109
1022
988
995
1133
1179
1063
1115
1104
1075
1056
1066
1050
986
981
1002
1012
1034
1062
1229
1095
1062
1126
1147
1078
1083
1146
1109
1057
1142
1150
1071
1036
1027
1053
1028
1084
1169
1131
1035
1138
1190
1146
1098
1187
1188
1157
1121
1151
1168
1093
1094
1188
1258
1204
1164
1202
1160
1144
1137
1218
1329
1165
1086
1133
1201
1212
1175
1159
1153
1071
1084
1104
1143
1123
1208
1248
1168
1145
1118
1100
1050
1058
1064
1059
1064
1124
1138
1091
1181
1208
1124
1022
1076
1096
1024
998
1043
1088
1054
1011
1039
1068
998
946
970
1026
1061
1072
1051
1157