1059
1046
1038
958
993
950
915
946
950
929
868
827
798
833
855
961
994
1005
948
930
967
988
979
960
987
1063
1071
1017
1057
1151
1025
932
932
1042
1040
970
948
1044
1050
896
830
823
804
827
861
876
867
835
800
812
846
871
908
876
881
873
891
863
862
881
919
987
1018
1031
982
931
859
889
862
863
850
832
859
888
1090
1101
1060
1046
1062
1067
1100
1043
1098
1105
1071
1024
1058
1102
1092
1018
1064
1159
1108
944
935
932
936
856
847
869
954
880
875
919
957
997
952
765
73
325
80
1427
12494
1022
977
4269
1081
982
3023
951
916
1078
998
942
992
1148
1198
1191
1122
1018
1041
1229
1315
1229
1069
1090
1287
1279