1111
1076
4609
1283
1223
1196
1187
1199
1197
1052
966
4477
1281
1228
1192
1221
1229
1199
1118
1024
987
1078
1229
1282
1291
1300
1247
1195
1191
1180
1078
1001
1005
1074
1283
1297
1224
1234
1170
1111
1127
1137
1133
1057
1000
1019
1152
1348
1393
1341
1251
1160
1133
1158
1131
1062
1029
1061
1287
1322
1240
1132
1091
1043
1057
1071
1048
1048
1013
994
1052
1272
1314
1229
1213
1200
1182
1182
1133
1086
1024
982
1031
1303
1382
1317
1217
1127
1067
1064
1059
1091
1065
1042
1018
1090
1182
1182
1151
1043
1026
1032
1045
1068
1023
1006
935
938
1030
1162
1297
1273
1224
1116
1050
1026
1070
1081
1022
963
969
1043
1239
1309
1217
1084
1074
1037
1017
986
977
958
932
939
1037
1117
1177
1111