1230
1203
1128
1108
1081
1163
1205
1224
1177
1270
1281
1192
1182
1192
1107
1283
1276
1363
1265
1160
1266
1212
1136
1255
1236
1196
1312
1213
1173
1245
1247
1177
1153
1173
1210
1082
1154
1277
1177
1255
1165
1041
1064
1135
1153
1192
1187
1145
1195
1104
1147
1170
1095
1063
1054
1117
1094
953
963
1052
1317
1281
1112
1093
1063
1025
1013
1066
1051
1170
1236
1223
1150
1112
1179
1255
1229
1205
1298
1298
1123
1146
1316
1304
1170
1239
1316
1229
1181
1313
1271
1163
1278
1298
1305
1312
1233
1215
1245
1254
1146
1219
1295
1228
1264
1411
1322
1159
1270
1250
1182
1193
1311
1248
1171
1291
1397
1321
1319
1362
1233
1173
1242
1230
1139