951
1037
1067
1038
1056
1002
968
953
931
892
891
881
897
902
884
928
957
968
946
905
907
920
917
900
893
903
919
923
919
906
918
930
918
882
893
883
888
904
919
939
972
923
940
967
973
930
909
943
957
944
928
950
965
953
893
892
893
925
926
931
1020
1067
1031
1048
963
956
956
950
935
933
948
991
979
974
987
966
955
944
943
953
939
962
917
914
926
925
892
884
896
879
841
840
849
862
855
845
841
848
850
857
888
948
941
912
910
923
882
851
849
850
853
831
854
863
888
872
896
920
909
931
957
966
933
923
920
911
886
889
898
892
914
917
960
983
957
967
1018
1037
1026
1004
985
972
997
1077
1028
1004
1016
1020
1039
1027
1013
974
1016
1045
994
936
936
958
933
887
896
955
1005
942
934
964
956
959
1018
1023
1030
1048
1060
1060
1051
985
979
963
958
931
917
926
935
933
938
956
1007
1002
950
948
958
1011
953
903
901
920
953
962
950
942
950
962
931
920
932
945
941
944
961
964
932
926
923
914
879
873
875
903
953
952
968
989
971
940
884
869
871
860
850
863
888
925
916
888
938
1018
1039
1028
975
922
922
931
941
941
929
1004
1088
1093
1060
970
952
970
967
946
916
903
918
955
1033
1011
1031
1074
1050
1030
993
985
1008
955
945
972
1013
1101
1037
1091
1112
1100
1022
994
990
1000
978
957
986
1002
936
938
949
950
915
930
922
938
938
947
979
1021
992
999
983
1011
1002
969
941
948
979
1009
996
991
1065
1094
1034
993
970
957
974
952