1087
1084
1064
1037
943
924
908
922
1029
1198
1228
1100
1083
1082
1067
1006
1012
1101
1038
1033
1057
1030
1120
1111
1091
1096
1097
1030
1036
1067
1007
939
993
971
949
904
920
935
983
912
903
928
992
985
938
938
927
921
894
913
918
953
933
942
964
1059
1024
985
1064
1162
1120
1079
1064
1013
969
977
1005
1028
1057
1099
1120
1034
1020
1089
1069
1010
1043
1063
1080
1049
1126
1124
1049
1078
1045
1003
1021
1067
1089
1031
1009
1006
961
943
946
924
909
880
875
773
869
816
795
770
794
922
968
1031
997
967
937
931
941
912
906
932
931
963
929
929
915
973
1040
1022
1089
1244
1247
1160
1064
1077
1082
1062
1054
1118
1103
1056
997
997
1026
998
974
952
954
1022
1148
1121
1132
1153
1095
1063
995
946
936
959
972
945
1021
1050
982
946
951
1011
934
928
912
910
957
991
1036
1006
1001
1022
1069
1056
1050
1087
1116
1035
1036
1056
1038
1002
1030
1063
1067
1079
1119
1050
1048
1039
1105
1028
976
1014
1088
1134
1140
1262
1147
1074
1005
966
932
888
907
936
983
1002
1051
1043
972
990
1009
979
949
950
957
914
913
929
986
988
989
1030
1023
990
976
1004
1072
1111
1083
1101
1063
1033
995
1014
1055
1104
1104
1071
1066
1128
1105
1080
1130
1144
1084
1034
1033
1034
1024
1039
1093
1058
1062
1126
1118
1048
1044
1029
1053
1049
1071
1155
1104
1096
1071
1056
1009
945
938
963
1014
1013
1073
1120
1021
1012
1036
1068
1063
1082
1072
1025
1009
981
981
929
928
925
943
904
927
993
1037
979
1011