871
898
872
832
802
809
801
807
816
801
801
819
813
801
778
794
808
843
873
847
863
867
843
810
819
818
819
822
794
814
815
836
827
834
848
852
836
828
825
826
810
785
795
799
808
834
808
839
870
958
936
904
870
830
813
780
790
786
788
796
776
821
869
941
868
855
853
846
817
826
824
822
804
809
815
821
830
805
826
811
815
789
769
786
774
780
769
774
789
818
832
806
808
815
833
813
785
792
785
764
751
742
721
729
769
885
971
878
865
848
818
813
795
789
771
798
921
1127
1073
1015
966
961
932
906
907
926
974
1023
1016
967
961
983
996
896
869
907
960
918
928
951
1021
1059
1063
1045
1052
959
932
946
951
906
861
871
916
1039
1070
950
915
881
848
818
815
815
806
796
773
779
769
769
771
759
805
821
852
870
832
842
867
885
876
823
833
841
849
851
851
890
1011
1185
1091
946
923
880
851
820
824
835
854
967
940
1008
998
978
901
895
882
877
868
856
864
859
836
833
849
879
900
867
870
909
941
881
880
897
905
890
867
876
890
882
902
868
873
857
848
822
832
847
874
867
831
846
858
877
884
831
835
839
838
806
803
805
808
791
764
784
785
795
791
783
805
799
797
775
771
777
774
780
772
782
820
874
943
941
939
938
938
892
872
828
846
884
875
823
797
797
800
832
823
896
914
920
854
855
853
854
832
797
797
790
790
791
756
756
747
744
744
751
767
810
843
844
822
842
830
822
815
794
801
821
828
822
806
847
885
948
926
906
881
877
874
827
833
827
813
802
780
779
773
781
766
741
748
769
803
870
874
863
881
890
883
853
828
840
847
823