12884
2527
2396
1201
1116
1150
1196
1402
1247
1275
1184
1302
1242
1343
1184
1234
1241
1160
1216
1278
1222
1255
1229
1202
1332
1263
1227
1345
1107
1094
1372
1292
1194
1295
1296
1207
1307
1335
1288
1285
1340
1443
1446
1302
1343
1423
1377
1457
1389
1308
1381
1419
1416
1456
1384
1312
1388
1280
1335
1282
1279
1390
1301
1216
1301
1239
1221
1263
1204
1337
1382
1279
1386
1418
1297
1313
1258
1151
1156
1286
1211
1246
1207
1150
1194
1154
1108
1210
1369
1282
1301
1397
1298
1335
1309
1217
1324
1283
1247
1454
1345
1357
1425
1351
1429
1350
1227
1317
1322
1279
1332
1341
1331
1524
1381
1386
1404
1326
1397
1342
1260
1410
1318
1219
1377
1354
1397
1452
1347
1290
1386
1353
1346
1452
1354
1234
1327
1240
1341
1412
1298
1343
1371
1374
1359
1410
1361
1376
1475
1309
1318
1318
1339
1299
1175
1190
1313
1322
1194
1279
1321
1315
1310
1294
1169
1167
1186
1184
1215
1209
1155
1089
1244
1181
1085
1047
1047
1046
1106
1197