1068
1104
1170
1150
1100
1091
1224
1189
1243
1205
1180
1219
1031
1133
1148
1065
1083
1120
1090
1138
1111
1077
1054
1104
1131
1116
1061
1011
1008
1033
1054
1012
1104
1299
1283
1137
1287
1294
1313
1258
1164
1155
1121
1144
1176
1150
1143
1293
1173
1013
1020
1187
1254
1332
1375
1275
1164
1135
1034
1063
1128
1083
1088
1150
1117
1195
1249
1234
1257
1214
1081
1104
1157
1163
1316
1314
1086
1083
1068
1036
1117
1203
1135
1140
1079
1028
1061
1120
1071
1092
1192
1200
1122
1255
1271
1213
1193
1206
1145
1108
1200
1241
1281
1322
1243
1222
1229
1156
1221
1168
1126
1326
1333
1207
1230
1196
1109
1178
1191
1133
1174
1167
1126
1284
1292
1218
1267
1223
1123
1176
1231
1170
1255
1284
1209
1235
1193
1105
1143
1148
1134
1357
1285
1204
1257
1146
1171
1196
1140
1136
1206
1169
1164
1186
1117
1190
1169
1134
1220
1182
1182
1195
1157
1125
1162
1129
1128
1215
1230
1197
1298
1205
1254
1227
1151
1285
1193
1151
1234
1206
1176
1277
1290
1231
1258
1163
1204
1234
1134
1261
1218
1113
1092
1137
1069
1205
1231
1192
1086
1120
1289
1262
1159
1186
1196
1171
1148
1192
1159
1153
1213
1177
1188
1272
1219
1171
1268
1179
1251
1247
1203
1271
1149
1051
1165
1254
1101
1131
1153
1109
1282
1277
1231
1273
1316
1261
1225
1199
1120
1172
1175
1146
1213
1235
1205
1325
1204
1248
1216
1174
1281
1231
1193
1288
1265
1193