1076
1291
1228
1163
1135
1206
1106
1042
1052
1042
976
932
938
1040
1030
1086
1162
1147
1085
1022
1023
1037
1063
999
942
892
1848
1163
1143
1088
1084
1027
925
903
911
896
915
943
912
919
868
835
804
792
1542
769
764
761
751
756
782
792
814
819
837
839
855
881
911
929
938
1000
985
971
944
921
981
1003
969
892
900
974
1186
1106
1034
1045
995
956
935
932
960
949
971
947
896
880
899
928
1003
992
998
1044
1025
978
941
917
891
889
901
937
911
878
872
921
1038
1056
960
959
926
895
859
845
821
821
835
823
835
852
933
1061
1065
1115
1127
1095
987
925
898
900
881
889
928
987
985
1004
1028
1010
966
959
949
972
942
917
948
1005
1037
989
966
1011
1032
1032
979
969
955
930
910
896
876
865
869
885
942
951
955
971
992
967
969
956
931
912
895
900
921
962
947
951
1005
1023
1017
977
991
999
940
919
930
942
957
936
960
1008
992
1008
1033
1034
1016
1002
995
979
954
953
964
997
1029
1012
954
932
910
910
921
911
932
961
968
955
936
931
945
930
932
968
1001
1025
980
982
1015
987
953
965
949
941
962
1049
1019
1066
1103
1063
983
992
995
1042
984
909
911
979
956
916
958
978
954
985
1009
1005
1003
960
927
904
896
881
870
881
923
972
1022
1020
1058
1053
978
941
943
972
1021
1003
1005
996
941
901
906
932
954
911
954
967
954
938
947
909
894
873
855
860
903
910
873
842
845
847
840
842
854
922
986
1012
1004
961
943
929
930
914
887
854
854
871
908
920