1126
1244
1188
1120
1173
1217
1161
1149
1198
1166
1129
1241
1208
1159
1087
1096
1152
1103
1089
1165
1146
1123
1206
1182
1076
1136
1156
1093
1059
1103
1142
1110
1080
1129
1192
1164
1092
1104
1085
1057
1041
1100
1121
1105
1236
1252
1183
1063
1054
1045
1038
1003
1005
1097
1134
1088
1057
1072
1063
1005
975
1004
412
99
524
999
1049
1118
1058
1036
1065
1087
1032
1010
1028
1036
1008
1018
1096
1134
1085
1084
1146
1117
1074
1082
1107
1094
1023
1040
1070
1096
1028
1080
1188
1226
1081
1116
1138
1100
1037
1066
1047
1023
1032
1143
1162
1120
1065
1088
1083
1067
1042
1110
1116
1091
1042
1053
1087
1121
1055
1119
1124
1074
1014
1038
1028
990
1012
1129
1193
1176
1150
1153
1140
1076
1096
1116
1224
1137
1119
1156
1147
1100
1147
1172
1122
1167
1141
1040
1061
1121
1149
1068
1149
1202
1155
1069
1085
1079
1061
1027
1066
1081
1060
1050
1055