995
1018
973
954
928
946
981
2002
1059
1017
1016
1118
1161
1085
979
976
956
950
902
1808
951
931
962
1065
1125
1010
1006
1077
1100
2229
1187
1176
1122
1156
1251
1197
1121
1158
1177
1120
2343
1064
1079
1154
1213
1159
2236
1061
1011
1043
1154
1123
1099
1089
1120
1157
1162
1173
1200
1090
992
983
1006
1158
1140
2279
1123
1120
1102
1065
1007
1997
965
997
1033
957
925
956
964
919
963
1035
1028
1060
1069
984
1004
1021
1298
1070
1080
1142
1289
1128
1058
1413
1347
1339
1244
1229
1151
1196
1182
1072
1179
1060
1009
1188
1510
1348
1249
1468
1353
1200
1398
1357
1271
1213
1405
1436
1418
1364
1252
1175
1100
1119
1268
1201
1216
1157
1121
1249
1203
1104
1093
1123
1075
1101
1136
1099
1011
1001
1130
1189
1122
1145
1121
1081
1073
1121
1156
1171
1326
1224
1090
1025
1012
976
1017
1245
1350
1254
1203
1183
1113
1049
1132
1266
1126
1048
1109
1245
1248
1149
1211
1162
1162
1181
1229
1164
1147
1267
1209
1057
1110
1183
1336
1290
1321
1360
1282
1262
1216
1215
1219
1303
1322
1131
1150
1214
1062
1041
1088
1029
1114
1124
1175
1132
1085
1117
1146
1083
1030
988
1000
1035
1016
947
989
1142
1135
1089
1171
1230
1149
1147
1173
1150
1079
1088
1139
1136
1104
1178
1052
1011
1139
1377
1234
1258
1353
1253
1205
1277
1204
1062
968
956
995
983
1117
1291
1230
1309
1225
1156
1214
1271
1198
1080