1022
1002
979
973
965
966
968
970
978
971
938
926
987
1129
1245
1160
1082
1029
1050
1098
1112
1110
1107
1057
1005
1015
1050
1103
1188
1184
1169
1097
1057
995
995
1048
1095
1158
1070
1016
1015
1081
1193
1181
1125
1082
1014
974
986
941
915
900
917
954
985
1060
1066
1014
980
979
975
943
911
896
889
879
870
891
946
1026
1040
1066
1028
1013
1012
997
979
954
910
897
899
930
886
895
948
1146
1176
1110
987
983
985
948
920
918
913
891
897
896
901
898
969
1099
1060
997
986
1034
1039
1074
1024
1031
1011
984
954
920
901
934
975
1015
1032
1081
1158
1107
1085
1141
1151
1169
1037
1049
1118
1171
1084
1111
1165
1220
1212
1188
1120
1021
1091
1134
1140
1160
1226
1182
1062
1039
1106
1123
1061
1074
1125
1136
1068
1063
1203
1340
1234
1307
1239
1189
1188
1202
1147
1246
1316
1235
1231
1332
1285
1097
1091
1302
1413
1313
1184
1173
1171
1092
1117
1209
1275
1222
1229
1188
1174
1277
1224
1108
1146
1266
1130
1158
1153
1128
1208
1278
1175
1153
1206
1180
1192
1224
1168
1116
1194
1235
1201
1354
1249
1104
1140
1211
1222
1156
1311
1258
1200
1228
1182
1096
1028
1146
1248
1270
1196
1238
1268
1166
1062
1161
1350
1319
1262
1334
1354
1298
1217
1239
1196
1169
1281
1290
1170
1287
1208
1108
1173
1240
1102
1186
1326
1311
1096
1153
1259
1273
1201
1082
1119
1199
1211
1146
1049
1120
1301
1288
1195
1118
1229
1260
1261
1201