1229
1202
1155
1305
1176
1175
2730
1177
1211
1361
1288
1162
1058
2139
2138
1087
1156
1147
1087
1109
1147
1253
1122
1145
1288
1166
1056
1168
1141
1065
1031
2078
947
940
1917
992
1040
1014
1055
1128
1173
1105
1132
1104
1027
1063
1061
1050
1017
2189
1086
1048
1090
1090
1023
988
1012
1053
1033
999
1045
1112
1062
1043
1074
1118
1043
1054
1096
1086
1031
1068
1114
1089
1049
1060
1084
1058
1026
975
1009
1021
1120
1168
1121
1141
1166
1184
1122
1074
1133
1192
1149
1102
1171
1328
1170
1170
1290
1169
1154
1220
1207
1186
1199
1221
1222
1195
1089
1145
1288
1291
1203
1344
1378
1255
1121
1171
1274
1236
1243
1422
1325
1192
1109
1181
1317
1277
1207
1298
1305
1214
1239
1222
1149
1160
1291
1264
1122
1155
1366
1268
1162
1269
1295
1205
1253
1365
1308
1212
1230
1237
1184
1154
1311
1280
1145
1046
1071
1058
1013
1010
1074
1246
1132
1074
1115
1157
1102
1107
1132
1221
1234
1332
1232
1153
1199
1175
1106
1060
1123
1272
1203
1137
1162
1116
1054
1087
1241
1242
1194
1206
1293
1254
1116
1220
1229
1170
1188
1232
1173
1151
1305
1276
1188
1200
1215
1135
1159
1333
1396
1363
1266
1207
1166
1307
1265
1221
1279
1245
1220
1275
1173
1041
1059
1088
1193
1133
1172
1156
1059
1075
1116
1191
1269
1164
1228
1179
1132
1073
1258
1484
1407
1272
1195
1277
1257
1226
1215
1280
1252
1158
1277