1017
1028
1051
1066
1134
1077
975
940
955
949
916
869
851
871
894
886
862
876
966
1024
1009
918
893
876
887
895
893
885
913
928
939
903
889
879
890
884
882
872
906
949
932
929
942
935
907
876
898
924
952
949
953
980
964
973
945
908
893
916
952
945
899
896
919
956
996
963
921
932
971
998
947
945
944
951
930
957
961
947
949
904
934
915
888
888
905
941
893
876
881
926
989
979
990
1005
1011
965
938
930
908
913
933
980
971
970
1006
1033
1010
979
991
1008
985
961
988
1038
1019
933
925
927
932
949
969
1019
1042
991
984
998
946
879
878
885
853
859
887
924
899
855
852
870
896
890
902
977
986
931
882
906
979
909
869
860
909
933
927
892
871
919
919
923
898
908
908
914
962
960
925
912
936
1016
1002
1001
1020
997
968
980
970
938
954
1058
1008
922
930
939
890
883
911
962
972
1021
969
929
905
928
1036
1075
963
1001
1017
1001
966
961
983
991
940
919
953
947
922
1026
1046
999
943
962
1058
1034
990
1017
1031
1053
1165
1105
1086
1070
1109
1072
1093
1117
1102
1029
974
1004
1021
952
893
902
938
907
867
886
898
899
888
949
938
988
974
1036
1010
947
944
946
937
947
949
929
1068
1018
977
987
972
975
894
928
981
952
878
911
977
969
947
949
1062
1146
1071
1067
1113
1020
960
914
880
869
873
905
970
991
984
1045
936
930
935
941
932
932
941
953
914
902
915
923
894
874
920
983
944
920
934
918
917
911
966
1043
999
949
937
981
1098
1063