904
897
894
903
925
950
938
958
1070
1187
1125
1131
1179
1145
1076
1074
1162
1211
1122
1084
1160
1127
1109
1052
1132
1169
1115
1041
1111
1158
1083
1088
1063
1122
1098
1090
1071
1055
1007
1020
1016
1002
971
938
916
959
1021
1033
1008
1041
1080
1092
1057
1057
1050
1087
1031
1037
1070
1101
1068
1112
1090
1056
1032
1026
1041
966
942
909
909
858
894
967
1028
995
949
975
950
958
993
1024
1010
979
1060
1075
1038
1024
1081
1106
1103
1075
1031
1028
1065
1058
1047
1040
1104
1153
1115
1063
1077
1102
1060
1013
1053
1097
1038
1008
1033
1070
1102
1065
1138
1155
1125
1090
1072
1068
1038
1014
1007
1049
1065
1021
992
1052
999
984
1076
1112
1028
981
1028
1090
1059
1012
1001
998
998
966
963
1009
1021
1003
991
1033
1039
986
967
1040
1134
1128
1096
1012
1000
999
988
994
1023
1029
1005
1038
1031
1036
1009
1022
1050
1058
1017
1014
1070
1092
1066
1016
1020
1036
1023
991
992
1007
1035
1010
1001
1081
1118
1079
1017
1053
1071
1003
978
991
1017
981
969
965
958
938
973
1004
959
944
964
979
942
924
950
989
1019
1007
1002
999
1065
1142
1160
1128
1086
1040
1011
976
991
1047
1074
1091
1032
959
936
945
979
970
956
996
1180
1151