1227
1287
1210
1114
1208
1247
1230
1349
1291
1173
1213
1229
1157
1312
1291
1236
1365
1301
1236
1344
1320
1216
1277
1339
1256
1360
1391
1267
1241
1384
1346
1236
1322
1372
1224
1303
1416
1368
1281
1356
1283
1228
1332
1312
1270
1404
1393
1308
1350
1308
1175
1297
1354
1313
1373
1360
1212
1350
1323
1218
1260
1290
1261
1306
1323
1339
1207
1301
1330
1291
1164
1234
1319
1269
1250
1338
1256
1160
1289
1313
1237
1206
1317
1305
1182
1181
1286
1213
1259
1382
1316
1158
1084
1186
1328
1244
1156
1283
1331
1266
1212
1290
1328
1322
1255
1321
1319
1215
1231
1350
1295
1261
1356
1211
1186
1227
1216
1118
1255
1364
1365
1254
1179
1266
1334
1321
1186
1131
1345
1383
1326
1179
1343
1316
1282
1379
1414
1313
1263
1267
1334
1301
1172
1318
1458
1342
1256
1365
1324
1189
1327
1408
1313
1285
1416
1382
1251
1071
1101
1166
1261
1219
1114
1118
1209
1211
1157
1320
1351
1205
1063
1261
1467
1448
1335
1416
1399
1290
1229
1120
1056
1069
1359
1267
1154
1390
1362
1237
1216
1146
1145
1079
1280
1421
1314
1190
1224
1332
1383
1330
1277
1358
1305
1222
1321
1381
1317
1244
1384
1384
1285
1199
1416
1299
1266
1355
1342
1381
1333
1211
1207
1219
1138
1147
1225
1157
1049
1088
1467
1383
1172
1272
1273
1203
1278
1272
1133