937
979
1065
998
1028
1032
1049
998
953
918
892
878
878
985
1145
1197
1128
1155
1121
1051
1104
1061
1056
1054
1054
1077
1044
1053
1116
1141
1036
1082
1027
1009
966
924
960
1017
1098
1105
1127
1065
963
965
965
983
936
954
999
985
972
967
964
639
1015
1076
1077
1027
1060
1206
1309
1186
1007
985
982
965
982
1052
1118
994
949
999
975
911
924
957
987
950
957
990
1063
1021
1021
1062
1038
985
1028
1024
999
979
1045
1093
1105
1021
1049
1032
992
988
1080
1113
1011
1023
1050
1097
1060
1155
1223
1143
1063
1025
941
910
881
900
925
1047
943
999
1040
1015
964
1005
1021
970
905
915
962
1019
1036
999
1021
1095
1119
1025
1018
972
975
1005
1316
1322
1152
1065
1080
1061
1021
1027
1094
1045
1040
1043
1025
1007
1027
1063
1066
974
980
1045
1123
1154
1119
1160
1183
979
915
906
910
939
907
919
954
962
943
1008
1060
1071
994
989
981
969
926
965
1021
1077
1020
1125
1193
1104
1059
1168
1139
1020
985
1006
984
972
1009
1116
1063
1007
1053
1063
981
956
944
946
895
896
912
1015
1040
1020
1048
1108
1121
1072
1097
1152
1131
1084
1149
1152
1125
1087
1214
1175
1066
1047
1116
1079
1038
1072
1050
984
994
1047
1105
983
958
1006
1100
1145
1087
1078
1184
1196
1121
1134
1121
1053
1007
1001
1085
1307
1249
1133
1183
1128
1021
978
1000
1085
1271
1129
1010
1028
1216
1294
1350
1159
1115
1097
1014
938
928
954
1241
1188
1099
1131
1197
1123
1000
968
1026
1087
1083
1117