969
984
1058
1021
949
933
948
1017
1089
1099
1162
1099
994
985
989
989
984
1057
1097
1031
1027
1037
1162
1125
1122
1153
1146
1088
1119
1105
1129
1039
1027
1089
1071
1040
1100
1096
1042
1002
1085
1250
1179
1153
1150
1105
1019
1054
1097
1083
1055
1094
1110
1007
1021
989
1005
1012
1050
1289
1220
1167
1094
1110
1099
1025
1032
1053
1025
970
929
969
1132
1236
1141
1137
1121
1113
1096
1028
1016
1064
1010
988
971
989
982
940
971
1043
1079
1016
1044
1078
1034
981
991
1036
1038
983
979
983
985
1011
991
1010
1068
1024
985
982
1003
1023
980
969
1183
1141
1035
1048
1126
1032
979
998
1007
977
982
996
1045
1067
1008
972
979
1004
1079
1079
1164
1312
1235
1221
1143
1213
1134
1021
974
961
975
956
952
1010
980
921
933
990
1134
1010
981
1057
1121
1119
1059
1040
1042
1077
1088
1041
1020
1049
1139
1132
1131
1221
1180
1115
1212
1151
1085
1083
1169
1191
1155
1285
1246
1134
1012
1040
1107
1108
1066
1102
1273
1290
1192
1213
1179
1194
1120
1121
1104
1061
991
1028
1099
1037
995
1094
1284
1137
1031
1090
1194
1218
1135
1190
1176
1081
1093
1164
1143
1065
1041
1117
1162
1065
1089
1141
1090
966
964
1008
1021
946
1000
1041
1093
1083
997
943
966
979
961
957
972
914
946
958
1009
1005
983
922
887
911
999
1048
957
956
1000
984
1029
998
952
1009
1040
1173
1190
1153
1087
1087
1120
1134
1063
1012
942
959
1181
1196
1117
1156
1272
1209
1134
1142
1104
1039
996
999