922
903
907
925
912
955
917
921
927
950
979
935
922
948
1003
1043
999
974
957
954
889
869
884
889
896
960
1007
1071
964
938
939
937
891
852
847
865
901
944
946
1022
1042
965
951
904
903
896
944
925
881
876
910
981
997
945
908
913
918
936
948
913
926
952
950
910
933
983
1049
959
950
990
1013
965
950
947
913
883
858
874
889
901
926
988
1064
1090
1028
993
1021
1004
942
884
873
878
899
968
915
944
993
1008
953
908
934
980
964
950
886
899
896
913
893
943
955
977
970
930
930
950
986
926
945
946
927
888
868
915
980
1001
984
966
969
970
927
927
940
920
873
871
883
909
880
912
933
981
927
942
957
932
907
938
961
959
908
939
936
979
954
939
964
926
906
927
950
942
911
907
914
881
888
927
945
965
921
915
924
941
876
871
864
856
831
832
854
860
856
825
814
816
842
881
958
1010
1015
962
964
869
858
858
851
821
797
813
819
853
820
858
870
888
931
981
962
953
936
915
940
915
915
916
914
930
959
898
914
928
924
914
934
1022
1051
976
923
918
911
864
858
890
949
1028
957
957
998
1011
1012
1007
1069
1035
955
908
917
937
998
969
996
1071
1058
992
995
1014
1011
992
999
1004
1014
982
1006
1058
1072
1012
1004
1013
1035
1072
975
942
969
950
921
907
966
1055
1063
993
951
961
963
944
889
858
872
909
960
935
962
979
954
867
852
850
860
851
858
813
801
793
786
799
822
884
930
971
916
936
992
963
976
979
967
918
975
1005
1035
981
950
946
975