1179
1176
1115
1070
1208
1370
1332
1190
1255
1247
1224
1127
1143
1187
1154
1115
1174
1248
1212
1149
1190
1235
1149
1079
1112
1155
1140
1113
1167
1063
1096
1273
1279
1233
1218
1225
1286
1251
1187
1227
1325
1303
1219
1255
1335
1245
1157
1142
1189
1353
1451
1326
1234
1271
1300
1298
1255
1250
1306
1325
1321
1285
1253
1355
1292
1253
1315
1288
1189
1179
1069
1065
1159
1197
1097
1170
1177
1132
1063
1093
1143
1188
1138
1146
1272
1365
1278
1306
1319
1344
1224
1262
1389
1332
1243
1346
1373
1239
1149
1267
1390
1294
1246
1367
1310
1240
1199
1261
1313
1295
1194
1229
1326
1231
1270
1306
1226
1155
1250
1217
1287
1383
1232
1175
1248
1088
1042
1011
976
1000
999
968
948
926
931
930
921
906
886
872
867
870
887
898
929
967
961
1004
1037
1027
1076
990
965
943
964
965
986
1041
1044
1071
1040
1003
1068
1209
1133
1040
1021
1127
1258
1262
1369
1373
1300
1334
1348
1285
1183
1289
1330
1187
1107
1121
1177
1080
998
1024
1075
1189
1148
1045
1068
1135
1183
1180
1073
1064
1090
1142
1110
1076
1047
1066
1057
1107
1053
993
1003
1145
1253
1249