2313
1080
1067
1156
1169
1106
1021
988
930
960
949
943
970
1006
948
953
990
1006
1005
1002
961
990
1019
1006
1009
1104
1154
1064
1076
1055
1982
995
982
919
999
1025
1043
1027
1058
1087
1047
1010
1034
974
938
1010
1097
1063
1036
1132
1081
999
934
929
935
940
969
1016
967
963
988
998
1021
1095
1113
1074
1087
1130
1084
1093
1137
1107
1059
1071
1107
1104
1114
1143
1110
1050
1088
1068
1044
1054
1012
977
986
961
919
917
938
962
986
959
1021
988
967
946
937
919
892
945
988
977
994
1058
1175
1126
1096
1076
1102
1000
973
1013
1021
1007
1065
1055
1034
1086
1097
1067
1041
1098
1110
1070
1042
1047
1023
1072
1106
1063
1047
1023
1020
1006
1020
1051
1007
1044
1040
2142
1053
1062
1100
1039
1046
1106
1061
1067
1106
1058
1063
1057
1050
1038
1082
1072
1077
1109
1083
1027
1014
1030
992
1018
1014
1018
1045
1136
1124
1050
1068
1116
1081
1074
1108
1086
1073
1103
1067
1106
1137
1106
1063
1079
1052
1017
1054
1052
1037
987
972
1009
1043
1023
1004
1034
1057
1039
964
959
986
984
979
973
1013
1040
1012
955
969
1035
1052
1022
1066
1045
979
968
1004
961
953
1027
987
982
967
968
896
904
941
979
1001
936
938
2010
1023
996
940
952
1004
1049
1102
1073
1072
1123
1138
1141
1079
1073
1103
1072
1020
1041
1071
1020
1005
987
992
974
952
989
936
886
885
910
975
978
979