1062
1023
972
1086
1184
1166
1077
1045
1039
1015
1011
1009
1106
1102
1084
1070
1078
1093
1014
972
975
1079
1177
1116
1082
1143
1190
1183
1183
1204
1213
1235
1214
1215
1258
1298
1366
1282
1146
1177
1418
1176
1089
1386
1293
1227
1267
1132
1106
1130
1104
1112
1266
1196
1056
1095
1182
1141
1031
994
1046
1092
1044
965
977
1026
1113
1084
1015
1042
1070
1070
972
961
1046
1135
1135
1096
1082
1011
1039
1123
1141
1078
953
1009
1122
1169
1111
1050
1057
1180
1197
1145
1071
1111
1139
1133
1125
1051
1027
1070
1246
1223
1213
1179
1169
1117