1367
1271
1365
1405
1229
2707
1353
1261
2574
1185
1398
1302
2466
2786
1425
1326
1188
1356
1344
1219
1401
1376
1239
1293
1352
1206
1323
1325
1271
1417
1338
1250
1399
1436
1358
2823
1267
1323
1387
1384
1477
1400
1305
1384
1339
1146
1177
1287
2515
1115
1160
1291
1176
1129
1182
1150
1100
1137
1145
1061
1115
1233
1258
1140
1225
1193
1081
1072
1267
1248
1203
1097
1104
1115
1123
1298
1292
1182
1228
1212
1110
1130
1173
1112
1164
1229
1042
1133
1181
1130
2505
1245
1154
1146
1137
1050
1110
1199
1264
1166
1239
1105
1101
1174
1285
1249
1373
1318
1118
1050
1034
1022
1000
1018
1079
1250
1070
1022
1098
1119
1130
1076
1068
1095
1094
1037
1082
1107
1090
1019
1041
1007
996
1078
1210
1163
1103
1140
1070
1010
1057
1136
1085
1070
1095
1094
1148
1121
1197
1146
1066
1066
1083
1071
1075
1148
1267
1168
1159
1123
1071
1136
1139
983
1015
993
971
938
973
1043
978
956
983
1011
1067
1071
1006
992
974
931
931
952
1018
962
1010
1037
982
1001
1034
962
928
942
953
981
944
977
1025
1023
983
925
896
903
947
979
920
948
1020
1070
1014
1025
1021
1054
1019
988
1014
1046
1058
1146
1107
1080
979
927
944
1023
1019
1061
1155
1128
1056
1081
1075
1047
1004
1024
1028
1056
1039
1092
1128
1099
1072
1122
1134
1103
1084
1056
1096
1009
989
936
921
967
1057
1010
992
1026
1051
1033
1008
1061