1439
1360
1307
1465
1464
1346
1467
1339
1365
1436
1370
1220
1223
1396
1335
1295
1445
1420
1288
1409
1357
1180
1293
1322
1175
1259
1400
1233
1131
1352
1316
1215
1266
1283
1201
1254
1357
1325
1202
1159
1313
1419
1272
1130
1021
1215
1241
1394
1403
1269
1211
1264
1338
1291
1406
1392
1312
1410
1496
1408
1335
1450
1432
1354
1445
1355
1324
1416
1358
1320
1432
1398
1412
1382
1218
1276
1406
1348
1418
1427
1320
1203
1284
1324
1243
1258
1300
1242
1340
1332
1304
1372
1403
1285
1379
1386
1313
1412
1457
1365
1429
1381
1295
1402
1317
1361
1379
1297
1400
1398
1362
1441
1408
1305
1389
1386
1251
1372
1302
1278
1396
1408
1306
1334
1261
1130
1204
1353
1267
1153
1229
1363
1264
1252
1312
1264