1460
1388
1370
1275
1185
1405
1384
1197
1352
1334
1253
1238
1296
1217
1149
1285
1361
1198
1245
1335
1320
1196
1299
1367
1284
1360
1332
1277
1308
1344
1274
1207
1259
1258
1251
1205
1258
1225
1188
1245
1242
1169
1164
1211
1215
1091
1277
1395
1301
1297
1309
1250
1211
1261
1197
1118
1152
1252
1138
1108
1225
1260
1142
1162
1254
1209
1271
1327
1218
1188
1275
1303
1236
1162
1278
1368
1281
1266
1361
1353
1240
1300
1295
1197
1196
1229
1186
1099
1146
1204
1149
1155
1233
1237
1166
1222
1255
1202
1180
1221
1232
1169
1181
1231
1147
1143
1231
1271
1210
1155
1233
1299
1174
1247
1272
1202
1186
1241
1187
1170
1304
1321
1227
1288
1284
1242
1204
1229
1233
1176
1260
1253
1205
1173
1270
1211
1103
1144
1176
1142
1167
1291
1263
1214
1213
1188
1116
1122
1178
1155
1128
1141
1166
1179
1111
1186
1233
1174
1131
1200
1205
1146
1219
1250
1209
1173
1231
1235
1143
1072
1055
1078
1007
1123
1183
1225
1172
1273
1246
1170
1115
1166
1211
1184
1154
1177
1188
1164
1126
1181
1141
1073
1114
1255
1186
1080
1130
1215
1171
1120
1215
1221
1146
1179
1263
1243
1189
1232
1220
1163
1170
1331
1397
1268
1317
1327
1255
1186
1236
1241
1239
1209
1223
1271
1233
1146
1231
1290
1225
1146
1242
1220
1099
1077
1218
1269
1202
1263
1273
1175
1150
1153
1142
1093
1147
1219
1203
1157
1205