1250
1371
1375
1336
1242
1252
1390
1388
1344
1175
1254
1389
1348
1216
1014
975
1009
1017
1105
1234
1185
1104
1059
1089
1123
1107
1089
1192
1287
1175
1172
1236
1174
1139
1219
1187
1109
1139
1249
1243
1220
1268
1191
1097
1175
1190
1087
1110
1332
1225
1131
1136
1154
1059
982
995
961
1043
1157
1087
1058
1088
1077
1069
1023
1028
1033
1029
983
1020
1064
1043
1026
1068
1138
1091
1097
1103
1043
960
938
987
1128
1143
1116
1038
1070
1077
1041
1048
1020
966
931
944
974
1015
1047
1052
1037
956
912
903
926
959
991
1021
949
948
965
993
1055
1189
1271
1243
1179
1147
1142
1102
1056
1125
1313
1236
1130
1019
961
954
963
947
982
1047
1245
1209
1139
1036
1019
1089