872
884
935
1067
1159
1217
1185
1053
944
974
1033
1293
1144
1247
1255
1183
1178
1050
965
874
1014
1264
1124
1063
966
895
867
844
918
1103
1181
1207
1218
1220
1132
1147
1252
1299
1286
1297
1311
1320
1358
1228
1083
1134
1158
1119
1106
1149
1217
1125
1049
1015
1036
1086
1209
1261
1201
1100
1046
1055
966
987
1004
1116
1175
1239
1145
1140
1204
1146
1100
1035
944
978
1067
1116
1051
1183
1070
1074
1103
1173
1171
1109
1119
1079
1125
1038
946
997
1021
1002
1143
1189
1211
1106
1127
1063
1005
984
1045
1046
1063
1170
1046
1018
958
931
967
1028
1003
1027
1035
990
967
949
884
882
880
847
839
829
783
892
944
1083
1063
1022
960
909
889
854
884
882
903
918
952
969
966
976
979
982
1011
1060
999
974
987
975
975
987
954
991
984
977
969
928
908
920
923
948
946
868
837
870
894
931
951
971
967
905
924
924
951
961
966
994
1033
1051
1014
999
949
943
911
940
937
985
1004
971
934
917
901
870
856
872
884
872
862
848
836
917
958
979
937
915
895
901
883
907
924
961
910
888
874
919
934
934
929
919
880
895
922
939
1078
1041
933
958
926
933
921
877
925
988
1049
1029
953
929
913
975
1030
1025
992
947
923
965
1024
1074
1112
1083
1024
990
995
1026
1068
1125
1029
975
924
916
952
966
966
981
939
890
843
901
938
997
1021
1027
1032
988
945
926
935
927
995
1111
1146
1108
1126
1105
1038
1010
1061
1092
1092
1049
1003
982
1001
1085
1175
1091
1071