945
1109
1112
1052
1051
1179
1165
1127
1165
1153
1064
1026
1148
1251
1133
1138
1173
1116
1067
1137
1124
1048
1033
1117
1131
1067
1093
1163
1182
1139
1198
1149
1108
1060
1070
1132
1111
1163
1204
1148
1051
1130
1174
1117
1074
1111
1101
984
987
1023
1063
1023
1005
1066
1097
1011
999
1016
1016
984
962
988
1001
949
948
1013
1051
1010
1021
1072
1060
1006
1066
1148
1056
1038
1075
1106
1047
1074
1106
1074
1047
1080
1146
1141
1079
1188
1192
1171
1146
1151
1107
1040
1051
1085
1107
1091
1260
1186
1088
1075
1095
1078
1016
1059
1134
1129
1027
1053
1112
1067
1037
1090
1164
1083
1050
1092
1087
1040
1055
1075
1013
996
1067
1123
1050
1031
1081
1152
1057
1015
1041
1109
1036
985
996
1011
1005
970