1163
1247
1242
1258
1269
1298
1354
1369
1337
1326
1244
1138
1465
1457
1467
1446
1355
1451
1409
1303
1346
1394
1361
1420
1361
1313
1262
1366
1405
1349
1241
1353
1373
1251
1419
1346
1152
1236
1343
1222
1423
1298
1275
1283
1289
1257
1265
1254
1167
1179
1253
1224
1256
1344
1299
1248
1336
1283
1228
1361
1361
1227
1382
1282
1129
1234
1246
1112
1252
1321
1198
1271
1272
1219
1324
1373
1341
1210
1291
1330
1206
1313
1359
1318
1276
1341
1275
1196
1380
1375
1303
1394
1292
1155
1244
1260
1126
1196
1314
1310
1301
1319
1264
1203
1242
1225
1213
1302
1310
1260
1306
1310
1270
1347
1325
1266
1327
1263
1196
1254
1362
1291
1337
1344
1277
1214
1253
1249
1186
1365
1319
1250
1273
1259
1179
1242
1262
1243
1242
1228
1126
1195
1261
1176
1320
1308
1194
1282
1365
1275
1392
1370
1256
1331
1347
1265
1178
1188
1324
1247
1257
1321
1192
1227
1366
1285
1468
1416
1254
1295
1309
1197
1298
1318
1199
1244
1255
1197
1242
1379
1271
1331
1313
1233
1311
1278
1250
1341
1316
1235
1235
1279
1169
1256
1345
1308
1294
1391
1252
1189
1270
1204
1146
1384
1367
1241
1419
1403
1335
1328
1326
1198
1147
1225
1161
1193
1256
1158
1230
1295
1193
1345
1382
1180
1221
1395
1409
1338
1263
1216
1110
1142
1170
1136
1054