977
1012
1206
1014
1041
1007
911
934
1009
1075
1059
1105
1052
1071
1071
1003
1019
1029
1032
1066
1286
1244
1093
1176
1177
1068
1186
1299
1178
1247
1172
1088
1050
1201
1094
1128
1274
1246
1172
1279
1264
1147
1138
1284
1213
1146
1281
1213
1105
1060
1134
1052
1082
1145
1141
1126
1217
1109
1085
1154
1168
1169
1246
1312
1250
1227
1314
1384
1268
1288
1347
1272
1165
1269
1398
1267
1336
1313
1198
1268
1298
1295
1317
1359
1351
1226
1234
1335
1296
1296
1307
1280
1205
1321
1288
1180
1339
1311
1156
1194
1311
1256
1085
1119
1133
1174
1058
1028
1044
1018
970
1036
1113
1107
1008
1016
1056
1134
1095
1190
1245
1208
1081
1106
1138
1204
1105
1233
1219
1142
1191
1274
1278
1289
1382
1329
1314
1378
1300
1219
1229
1209
1189
1382
1303
1203
1282
1197
1101
1197
1240
1211
1130
1195
1201
1128
1210
1246
1236
1174
1209
1153
1078
1064
1229
1312
1243
1176
1226
1166
1143
1234
1230
1146
1186
1188
1159
1087
1081
1171
1106
1136
1312
1243
1291
1316
1154
1306
1288
1178
1138
1228
1292
1179
1206
1157
1092
1128
1323
1319
1203
1276
1177
1212
1300
1282
1160
1261
1329
1236
1187
1300
1330
1303
1405
1353
1296
1287
1347
1267
1204
1375
1395
1220
1248
1238
1178
1168
1260
1198
1235
1310
1313
1245
1279
1300
1207
1214
1187
1129
1118
1396
1221
1212
1354
1212
1101
1254
1249
1147
1136