786
765
749
733
727
702
726
728
756
793
841
916
987
1013
1050
1034
1006
975
938
945
946
948
927
930
972
1002
982
968
983
984
983
957
962
975
912
915
919
918
933
940
943
945
947
937
952
967
985
966
955
921
923
931
935
929
926
976
1028
1116
1126
1053
945
909
888
875
840
823
852
816
810
818
817
823
829
819
807
796
781
770
745
755
742
784
926
1136
1104
1004
911
866
854
870
895
912
935
1029
1108
1141
1104
978
922
894
897
923
1026
1019
938
962
979
952
919
913
903
890
869
838
838
856
878
882
875
871
859
902
976
1062
1009
965
970
957
972
940
876
884
850
802
814
824
832
866
865
851
849
839
828
820
821
826
834
841
850
867
879
896
921
962
961
950
954
894
891
904
1128
1045
979
1041
997
937
879
848
831
794
813
835
945
1083
1100
1024
967
954
957
924
931
929
950
971
950
957
1040
1065
1042
973
960
949
907
856
813
796
792
806
866
953
1015
978
957
953
938
867
843
830
837
910
940
911
928
1037
1184
1204
1126
1084
1126
1118
1015
959
977
1062
1156
1103
1021
1048
1101
1151
1140
1119
1132
1189
1211
1158
1228
1277
1278
1175
1161
1159
1133
1039
960
906
909
1004
1161
1195
1095
1074
1064
1050
1022
1001
987
984
992
999
1069
1124
1100
1056
1044
1015
977
966
1069
1168
1182
1235
1206
1210
1131
1094
1093
1074
1044
1091
1088
1075
996
966
1051
1164
1193
1099
1071
1025
978
937
961
947
951
963
1091
1104
1067
998
980
913
941
944
930
979
1010
1084
1085
1090
1162
1184
1068