864
941
958
989
1014
980
920
936
1069
1121
1049
970
964
929
904
944
977
986
917
957
999
993
973
971
1003
1010
997
949
955
1025
1053
1032
975
972
973
964
958
1002
1096
1118
1138
1170
1134
1069
1042
1051
1062
1050
1010
1016
1063
1063
1010
1004
1034
1060
1031
1029
1097
1109
1084
1018
1029
1044
1031
992
980
990
1041
1027
994
1026
1106
1042
981
1052
1068
1063
982
959
989
1040
979
946
979
1030
1023
977
1002
997
976
959
1015
1089
1052
1000
980
988
1024
987
974
1012
1046
989
986
1063
1111
1042
1028
1055
1029
996
991
1025
992
947
936
994
1016
977
962
997
1018
968
959
983
966
938
955
975
975
937
942
981
1005
958
999
1068
1058
1007
955
980
1020
972
1011
1039
994
930
925
940
964
918
953
1089
1125
1033
1071
1102
1063
974
982
995
986
979
944
975
1045
1013
974
1016
1090
1056
1062
1155
1153
1007
961
961
976