1005
1057
1058
1026
1026
991
992
966
944
981
1070
1097
1052
1014
1010
999
1021
1072
1070
1078
1105
1152
1149
1173
1078
1051
1121
1370
1344
1180
1118
1174
1304
1367
1357
1321
1205
1190
1213
1309
1207
1197
1143
1091
1136
1192
1147
1061
1029
1029
1063
1072
1087
1091
1066
1035
989
1008
1030
1036
1011
1050
1063
1106
1100
1123
1049
1107
1063
1009
979
986
1035
1067
1067
1061
1102
1095
1059
1036
1039
1022
999
981
1008
998
998
1039
1077
1026
1032
1078
1106
1106
1087
1136
1109
1087
1035
1034
1060
1063
1060
1147
1163
1095
1069
1079
1075
1034
1056
1186
1244
1176
1116
1173
1151
1104
1111
1065
999
957
955
911
891
930
926
904
954
1048
1135
1073
987
1004
1049
1032
1029
1093
1108
1048
1055
1076
1098
1046
1007
1028
1122
1225
1148
1073
1089
1231
1290
1253
1182
1090
1052
1082
1106
1220
1265
1215
1163
1193
1138
1121
1224
1184
1118
1121
1105
1170
1208
1179
1139
1212
1268
1226
1132
1040
1022
1015
937
904
914
930
982
1010
977
1002
1032
1110
1068
1093
1115
1080
1036
1026
1052
1112
1176
1080
1053
1121
1222
1244
1221
1107
1091
1109
1101
1071
1020
1042
1142
1212
1117
1095
1130
1225
1195
1113
1060
1080
1154
1167
1160
1068
1127
1144
1104
1063
1080
1179
1238
1138
1062
1042
1054
1103
1104
1060
1047
1079
1132
1090
1047
1071
1092
1085
1040
1067
1115
1064
1004
1017
1078
1117
1037
1071
1078
1068
1013
998
978
1000
1004
1032
1144
1228
1187
1058
1091
1101
1113
1080
1131