852
901
907
871
848
814
804
791
786
796
805
795
797
815
831
819
835
848
835
840
826
857
883
866
851
855
871
874
868
858
887
934
895
884
878
894
870
866
861
854
852
869
890
902
887
877
887
911
893
910
938
958
913
900
893
907
900
865
885
900
920
903
887
904
918
911
896
891
884
882
871
869
873
895
889
901
924
965
985
936
898
884
884
882
853
863
901
991
964
933
930
958
991
976
929
932
940
948
902
905
937
1032
1028
1026
979
1015
1018
981
939
977
965
956
924
948
947
930
899
910
921
950
917
896
909
934
935
926
925
903
883
892
895
936
936
931
948
964
963
905
904
902
912
936
896
930
919
896
880
889
867
840
813
811
807
802
812
821
822
826
848
868
875
857
846
818
798
772
755
748
752
784
876
866
875
844
882
890
843
820
791
769
758
755
779
808
845
869
870
867
851
870
881
900
900
892
858
854
869
894
926
911
898
950
963
951
946
910
895
900
912
958
984
958
955
924
920
901
896
899
920
934
883
896
900
917
914
997
1019
977
940
911
919
918
879
883
908
949
972
926
913
903
919
929
896
863
882
889
911
921
903
910
933
927
909
929
923
887
873
884
904
975
917
943
953
955
925
882
870
861
857
866
857
820
835
847
882
887
894
860
878
880
891
891
870
845
821
824
837
888
917
952
912
870
891
897
874
845
816
804
800
807
824
822
821
840
864
900
877
847
858
875
925
941
931
927
905
846
891
1019
1098
1110
1220
1156
1058
992
901
863
850
860
898
876
932
964
1063
1037
1037
1092