998
1194
1138
1255
1256
1111
1091
1162
1161
1126
1292
1327
1194
1146
1160
1220
1137
1199
1265
1230
1259
1234
1120
1127
1196
1117
1181
1277
1187
1104
1070
1070
1056
1117
1193
1171
1129
1145
1196
1138
1081
1104
1147
1153
1101
1206
1172
1088
1082
1149
1196
1111
1149
1107
1038
1040
1160
1200
1109
1151
1165
1145
1056
1079
1159
1176
1125
1158
1198
1112
1035
1050
1125
1098
1036
1082
1141
1074
1017
1049
1113
1090
1007
1021
1088
1115
1090
1147
1143
1148
1089
1088
1174
1128
1064
1192
1198
1102
1028
1089
1113
1066
979
1006
1075
1080
1035
1127
1146
1087
1021
1024
1038
1045
1002
992
1095
1151
1074
1046
1064
1127
1094
1034
1076
1123
1168
1134
1054
1022
1077
1158
1140
1073
1061
1109
1079
1023
1039
1138
1134
1055
1025
1052
1053
1021
993
1060
1092
1032
976
1020
1086
1092
1074
997
1027
1061
1086
1048
969
980
1021