784
804
1392
1252
1187
1191
1194
1223
1167
1172
1178
1184
1132
1093
1339
1202
967
1436
1360
1012
1187
1382
1075
1161
1279
1017
1062
1180
1086
1005
1088
1245
1098
987
1078
1211
1130
1030
1073
1194
1094
988
1021
1301
1207
1059
1090
1237
1196
1047
1028
1282
1245
1021
993
1202
1035
962
927
1159
1185
1070
999
1144
1140
1032
972
1088
1127
1095
1023
1094
1143
1111
1015
1018
1081
1065
1041
1017
1047
1149
1049
1058
1139
1146
1055
979
1045
1291
1146
1036
1110
1219
1201
1119
1149
1173
1086
1036
1089
1160
1061
1018
1097
1179
1086
1005
1169
1231
1251
1134
1099
1139
1100
1012
987
1251
1188
1038
957
1014
1231
1083
959
974
1032
1160
1034
997
988
1015
1010
896
893
980