1115
990
1060
1102
1183
1231
1132
1059
1078
1199
1246
1223
1351
1234
1074
1117
1107
1032
1187
1260
1119
1019
1029
1075
1074
1061
1113
1111
1094
1103
1090
1193
1165
1096
1103
1250
1219
1083
1093
1362
1247
1121
1299
1172
1015
940
988
1321
1283
1181
1159
1210
1071
1038
954
969
1110
1186
1137
1032
1046
1038
1038
949
976
1066
1176
1146
1091
1045
1037
1166
1195
1164
1103
1076
1126
1135
1092
1094
1146
1183
1125
1104
1113
1145
1136
1125
1177
1177
1082
1034
1192
1311
1250
1198
1223
1158
1108
1108
1219
1199
1137
1063
1056
1168
1224
1116
1111
1183
1107
1125
1119
1096
1059
1127
1080
1104
1060
1119
1194
1165
1183
1185
1158
1075
1138
1125
1064
1039
1188
1270
1189
1096
1027
1076
1207
1127
1078
1049
979
1049
1166
1164
1105
1072
1061
1075
1071
1062
1076
1180
1207
1177
1161
1221
1128
968
896
891
911
1452
1125
908
906
944
1058
1145
1162
1090
1026
980
967
973
985
1058
1148
1159
1116
1060
1201
1311
1174
1154
1400
1256
1181
1391
1321
1235
1337
1275
1169
1304
1248
1155
1237
1167
1154
1246
1231
1167
1271
1268
1195
1193
1169
1062
1021
1293
1320
1260
1155
1074
1066
1067
1052
1064
1162
1042
1030
996
1003
1113
1065
953
976
1086
1184
1123
1009
966
996
1044
1052
1060
1057
1009
1012
1023
1072
1085
1060
1145
1209
1087
986
994
1070
1244
1166
1139
1160
1164
1080
1029
1042
1027
1002
979
1018
1072
1066
962
985
992
894
871
872
854
839
868