1306
1311
1416
1359
1291
1385
1415
1371
1291
1420
1448
1434
1276
1350
1412
1480
1389
1438
1436
1335
1393
1465
1334
1312
1444
1441
1337
1356
1419
1355
1232
1373
1215
1359
1293
1346
1403
1365
1255
1347
1396
1414
1310
1306
1311
1288
1352
1284
1211
1433
1370
1257
1391
1286
1190
1342
1318
1180
1245
1298
1211
1178
1260
1260
1256
1347
1346
1201
1312
1183
1111
1229
1207
1143
1255
1344
1251
1156
1215
1237
1126
1217
1357
1298
1253
1356
1335
1222
1284
1340
1319
1250
1327
1317
1267
1280
1339
1252
1159
1268
1358
1222
1270
1243
1245
1305
1282
1178
1249
1252
1217
1282
1236
1350
1335