1251
1354
1280
1200
1136
1278
1341
1210
1225
1240
1201
1252
1265
1140
1188
1229
1212
1208
1254
1163
1255
1298
1151
1283
1217
1098
1124
1079
1076
1289
1343
1314
1228
1226
1184
1111
1184
1231
1187
1233
1290
1196
1355
1217
1178
1176
1132
1135
1307
1164
1276
1298
1207
1226
1167
1085
1141
1059
999
1047
1060
1212
1179
1122
1192
1149
1068
1104
1342
1385
1354
1435
1428
1307
1315
1233
1134
1316
1421
1193
1277
1228
1047
1156
1327
1196
1121
1184
1248
1198
1083
1016
957
982
1095
988
952
1001
1094
1201
1163
1029
980
955
913
903
883
881
892
914
895
954
979
1020
1016
969
1117
1207
1170
1275
1311
1191
1237
1233
1152
1352
1393
1313
1343
1108
1091
1155
1354
1196
1182
1250
1216
1182
1245
1130
1147
1337
1412
1299
1227
1340
1448
1391
1419
1371
1203
1240