814
821
809
823
840
863
813
803
782
772
787
794
827
912
874
896
993
979
1002
1072
1030
934
882
913
1027
939
949
952
940
966
1084
995
930
943
979
959
854
820
813
799
821
788
845
906
964
927
972
1162
1218
1077
1013
1059
1046
1046
1140
1170
1033
994
1000
990
964
1117
1356
1239
1061
1021
968
940
930
897
873
925
1111
1254
1238
1195
1153
1077
1050
1053
1036
1016
989
980
992
1017
997
943
984
993
940
997
1268
1082
1033
1013
959
935
960
1035
1022
1011
1000
980
955
932
966
1030
998
932
882
895
894
878
883
893
933
987
968
938
905
904
885
856
861
873
924
961
930
914
922
951
913
910
857
816
766
785
791
830
849
852
824
838
882
896
920
927
922
925
966
1005
1049
1021
1008
1056
1018
1028
979
1017
971
988
1017
1033
1083
1113
1070
1108
1223
1193
1058
1022
1085
1129
1086
1043
989
1063
1063
1114
1072
1065
1080
1027
1050
1191
1170
1076
1087
1112
1130
1062
1024
895
869
876
903
892
905
931
911
884
875
860
840
836
854
873
864
868
944
1015
1006
1008
1005
960
915
918
973
1149
1101
1031
932
906
900
896
900
895
895
921
955
995
997
993
994
960
938
947
945
905
886
914
1098
1112
1093
1060
992
996
1013
963
944
916
900
864
865
878
890
873
891
893
1019
1203
1077
1000
925
887
842
825
808
834
916
1041
1024
1009
953
926
932
945
919
903
882
368
119
1183
818
810
808
806
801
832
844
899
874
855
855
905
918
895
887
892
883
869
912
925
934
896
900
920
889
878
867
879
867
839
835
858