967
927
982
1013
934
906
896
933
1056
1274
1338
1360
1268
1227
1103
1127
1140
1136
1037
954
925
918
952
1080
1230
1301
1279
1226
1132
1246
1373
1399
1385
1336
1229
1211
1101
1105
1109
1065
967
934
916
917
941
998
1079
1145
1142
1125
1076
1060
1044
1074
1049
1019
965
957
1047
1351
1366
1287
1226
1141
1065
1053
1017
991
992
970
938
953
972
1144
1312
1336
1353
1332
1259
1185
1126
1077
1059
954
927
909
941
1017
1257
1295
1268
1184
1071
1035
1014
1004
996
956
929
934
967
1066
1260
1322
1270
1238
1172
1110
1078
1064
1062
1041
962
931
934
979
1114
1306
1315
1247
1218
1104
1063
1041
1002
995
922
895
860
892
961
1248
1366
1328
1251
1158
1113
1111
1093