1012
1250
1151
1032
1015
1003
940
878
852
857
942
1149
1105
1080
1060
1025
968
925
908
911
870
822
836
886
938
972
925
911
954
986
948
864
854
888
894
934
841
811
838
855
873
917
863
828
872
908
977
959
898
895
891
802
754
740
747
785
920
1030
1013
916
855
882
928
921
919
913
883
857
904
927
982
947
892
872
913
931
855
827
853
847
858
776
779
778
813
835
840
807
805
832
896
898
836
838
883
861
861
842
881
930
977
924
948
956
961
860
857
874
920
927
843
896
960
983
909
903
942
1022
997
939
992
985
998
910
911
952
1035
984
986
1057
1037
961
969
1029
1060
980
983
1004
952
873
895
930
959
951
1005
998
929
890
916
885
819
845
892
977
946
948
961
962
895
896
934
953
910
935