1415
1343
1301
1429
1419
1443
1375
1204
1177
1380
1406
1430
1271
1364
1392
1273
1209
1143
1327
1352
1313
1254
1345
1319
1320
1372
1356
1311
1305
1229
1324
1360
1349
1189
1288
1290
1274
1227
1202
1275
1226
1260
1281
1316
1300
1275
1223
1242
1250
1228
1280
1294
1315
1329
1328
1314
1305
1310
1308
1312
1300
1302
1296
1294
1297
1292
1278
1280
1284
1269
1266
1115
1247
1242
1240
1135
1207
1142
1021
1078
1207
1216
1229
1233
1235
1245
1194
1039
1093
1201
1225
1245
1121
1130
1214
1223
1223
1223
1188
1241
1235
1130
1197
1225
1228
1233
1229
1007
1195
1226
1223
1239
1244
1243
1239
1236
1236
1230
1228