1022
1081
1119
1103
1091
1017
1038
1049
989
954
938
900
880
862
879
962
1129
1126
1100
1098
1053
1075
1140
1197
1096
1062
1111
1092
1112
1045
1058
1056
1082
1023
1061
1127
1107
1095
1142
1043
1011
1058
1123
1155
1111
1183
1146
1054
980
984
986
1019
991
957
1032
1044
982
991
949
929
900
926
938
954
920
941
962
997
989
999
975
995
990
977
987
989
1021
1014
1064
1253
1241
1131
1143
1143
1162
1077
1086
1199
1108
1200
1164
1187
1134
1204
1134
1044
1031
1080
1105
1191
1201
1125
1083
1131
1150
1042
1059
1113
1189
1166
1225
1171
1073
1063
1070
1057
991
1021
1064
1134
1127
1287
1248
1178
1188
1156
1127
1048
1052
1072
1099
1105
1185
1134
1109
1246
1156
1087
1115
1126
1070
1155
1243
1134
1072
1080
1074
1048
1030
1070
1112
1095
1183
1200
1106
1075
1085
1061
1033
1027
1048
976
919
904
904
913
931
912
919
915
899
891
881
869
870
856
855
831
849
900
1035
1114
1040
1038
1048
1032
994
1071
1146
1071
1043
1112
1304
1265
1220
1302
1201
1167
1273
1229
1149
1216
1239
1109
1146
1240
1197
1069
1116
1186
1094
1184
1183
1066
1059
1129
1098
1075
1104
1096
1063
1185
1210
1066
1103
1065
1021
1024
1102
1146
1059
1140
1162
1078
1154
1210
1094
1112
1132
1057
1014
1085
1137
1090
1267
1331
1201
1191
1114
1055
1094
1131
1121
1196
1261
1088
1133
1155
1138
1140
1202
1176
1121
1097
1071
1070
1056
1009
969
951
992
1009
1011
938
932
978
999
992
969
952