5646
953
974
959
968
986
1033
1006
1043
1031
1017
1026
1026
1018
932
876
898
1026
1412
1146
1120
1153
1078
1015
998
933
915
907
878
872
884
889
885
907
904
942
938
923
948
941
931
1085
1122
1107
1030
963
938
940
938
897
894
896
891
902
927
936
926
973
1079
1039
1014
1036
1032
1047
1126
1063
945
923
966
929
949
978
980
970
1012
1029
990
1046
1063
1016
1028
1045
1019
1000
1015
1024
987
999
1033
1040
995
1017
995
985
999
1036
1000
952
937
967
959
954
915
863
886
913
942
1012
1051
1012
1048
1111
1108
1049
979
1003
1021
1042
1040
1053
992
909
922
954
990
989
979
1031
1045
978
983
992
965
943
959
958
940
979
1105
1220
1008
1073
1044
995
932
924
954
947
944
922
930
933
946
948
975
1063
1124
1155
1107
1172
1191
1171
1116
1111
1178
1182
1179
1233
1146
1139
1197
1111
1060
1077
1109
1111
1174
1222
1156
1032
1060
1070
1061
1161
1199
1121
1078
1175
1306
1234
1204
1231
1188
1130
1115
1114
1072
1066
1121
1132
1049
1068
1169
1239
1119
1104
1169
1129
1118
1182
1183
1099
1058
1037
1002
996
1007
998
1033
1042
1079
1056
1101
1181
1116
1076
1168
1235
1174
1142
1228
1286
1213
1176
1248
1258
1166
1142
1236
1233
1142
1126
1195
1185
1166
1115
1121
1063
1092
1055
1023
1006
1048
1082
1050
1115
1194
1174
1153
1168
1130
1053
1078
1110
1114
1078
1088
1141
1105
1044
1120
1202
1135
1139
1114
1049
1045
996
1006
1091
1147
1046
1077
1074
1016
983
1005