1167
1165
1275
1137
1307
1049
1271
1333
1301
1354
1208
1070
1060
917
949
981
1082
1069
1100
1121
1123
1032
1396
1303
1192
1254
1073
1114
1434
1301
1261
1326
1189
1079
1080
1065
1018
1157
1204
1163
1125
1177
1335
1241
1208
1210
1373
1432
1342
1166
1424
1370
1311
1475
1172
1236
1272
1064
1121
1248
1097
1062
1157
1254
1112
1095
1099
981
1008
942
968
1002
1220
1251
1131
1034
923
914
959
1215
1195
1169
1247
1160
1151
1182
1213
1180
1051
962
945
1199
1101
1211
1351
1263
1345
1368
1091
1188
1440
1228
1250
1245
1159
1136
1230
1361
1439
1415
1374
1395
1377
1438
1383
1289
1397
1470
1384
1459
1334
1350
1450
1299
1282
1406
1360
1266
1366
1349
1253
1287
1295
1222
1291
1243
1240
1296
1249
1337
1361
1232
1415
1491
1302
1364
1318
1212
1260
1222
1184
1310
1210
1136
1319
1289
1224
1247
1192
1229
1529
1398
1337
1327
1362
1282
1417
1359
1300
1310
1363
1270
1383
1389
1254
1371
1329
1292
1407
1335
1265
1450
1352
1412
1387
1309
1419
1345
1233
1346
1397
1217
1372
1443
1269
1441
1412
1314
1416
1302
1249
1374
1294
1183
1326
1342
1319
1400
1388
1320
1433
1412
1358
1339
1290
1333
1437
1356
1391
1366
1261
1366
1313
1280
1461
1337
1271
1326
1287
1328
1386
1297
1194
1300
1243
1257
1476
1401
1280
1360