1062
1124
1194
1167
1214
1184
1155
1230
1288
1308
1243
3707
1108
1223
1315
1228
1167
1273
1151
1114
1248
1199
1249
1369
1235
1169
1216
1178
2450
1319
1215
1248
1285
1177
1216
1253
1268
1307
1260
1225
2775
1370
1313
1352
1251
1339
1236
1142
1291
1255
1249
1305
1255
1234
1282
1220
1212
1267
1244
1173
2490
2413
1221
1193
1241
1182
1074
2376
1334
1185
1188
1104
1018
1024
1045
1085
1033
1073
1153
1175
1152
1127
1180
1064
1050
1169
1220
1165
1102
1181
1241
2516
1279
1206
1134
1187
1230
1230
1169
1215
1275
1162
1125
1180
1151
1080
1094
1099
1037
1014
1062
1088
1164
1329
1258
1170
1245
1185
1148
1146
1192
1248
1124
1167
1195
1124
1204
1297
1191
1202
1172
1095
1128
1165
1098
1132
1187
1161
1183
1200
1135
1105
1166
1153
1123
1192
1201
1127
1182
1248
1302
1269
1312
1275
1228
1281
1143
1148
1134
1053
1072
1088
1026
1066
1093
1066
1115
1122
1062
1079
1071
1055
1093
1101
1077
1031
1088
1178
1176
1160
1194
1199
1175
1221
1264
1232
1318
1282
1185
1219
1278
1215
1238
1277
1180
1256
1235
1233
1339
1286
1197
1259
1227
1115
1123
1191
1231
1238
1345
1234
1239
1222
1173
1274
1263
1161
1183
1250
1167
1168
1249
1193
1169
1262
1229
1193
1261
1255
1191
1227
1165
1075
1090
1152
1124
1082
1184
1175
1084
1149
1254
1222
1103
1099
1098
1037