833
898
877
838
867
939
994
938
931
883
863
852
819
795
789
831
895
1015
1009
1060
1004
1112
1203
1169
1072
993
959
967
976
1006
962
896
872
903
1111
1047
987
916
944
1063
1081
1061
973
893
886
933
1039
992
976
911
871
959
1013
987
988
961
939
950
977
1009
1001
1003
965
940
957
1017
973
901
880
852
835
889
1038
1022
981
979
907
837
814
831
833
817
800
802
811
828
853
859
904
984
957
914
874
836
827
848
888
923
909
937
917
883
864
927
1218
1123
1071
1024
972
938
993
987
1014
1030
989
938
882
887
1019
1109
1039
996
986
954
952
983
990