1295
1286
1204
1293
1284
1197
1271
1192
1192
1285
1248
1229
1284
1239
1178
1289
1253
1206
1245
1222
1191
1267
1245
1175
1238
1259
1178
1271
1238
1158
1273
1302
1188
1203
1182
1152
1227
1293
1206
1288
1253
1157
1177
1166
1153
1209
1245
1166
1264
1274
1228
1199
1266
1247
1124
1194
1221
1138
1232
1249
1154
1185
1187
1137
1156
1259
1323
1238
1287
1270
1209
1245
1237
1213
1298
1335
1323
1252
1216
1132
1294
1321
1336
1348
1344
1176
1175
1148
1035
1268
1311
1332
1361
1364
1341
1229
1221
1255
1197
1229
1288
1276
1237
1225
1289
1082
1016
1257
1269
1282
1323
1208
1210
1298
1307
1265
1273
1225
1312
1338
1354
1370
1374
1382
1378
1357
1234
1184
1307
1329
1339
1351
1346
1287
1289
1197
1142
1272
1294
1305
1332
1315
1216
1310