1050
1017
978
965
935
881
856
866
875
891
911
904
897
935
985
964
935
925
921
918
918
938
1012
1098
1000
944
945
926
932
906
887
869
864
863
873
877
863
885
915
892
882
880
883
902
927
954
965
916
899
900
935
973
968
917
894
899
906
935
955
915
946
1016
1058
1014
992
948
931
941
926
878
855
849
879
932
907
1039
1074
1054
1048
1026
1029
945
929
938
933
909
955
1020
1014
1008
1016
990
936
931
957
1026
1015
1026
1032
975
975
979
1013
991
932
968
1015
966
943
965
980
985
955
984
942
912
907
921
957
936
960
1018
1000
971
969
985
1031
1012
964
969
962
953
934
979
989
1029
983
1017
1083
1044
974
938
949
980
1006
983
1015
1096
1040
947
949
963
992
1001
972
1002
1048
1026
982
931
924
944
954
925
926
942
966
927
927
940
948
925
860
864
884
906
906
899
928
945
922
924
932
937
939
893
915
935
1074
1022
985
1021
1097
1095
1014
1003
1013
1023
1007
993
1022
983
954
962
1015
1052
985
1002
962
965
923
934
1011
1075
987
954
993
996
1013
959
973
1000
984
975
1001
1035
992
972
1001
1004
947
974
1010
967
943
944
981
965
937
978
1020
1023
986
981
972
911
887
863
848
818
841
858
882
893
886
915
922
911
922
929
912
904
890
896
880
908
925
923
903
917
922
899
943
1018
1038
1018
966
945
941
945
895
885
902
922
907
865
869
870
875
856
824
842
867
869
870
840
869
887
910
908
867
872
874
890
898
926
970
1024
1020
1009
1036
1028
1013
978
962
940
947