1073
1185
1191
1113
1252
1332
1248
1138
1428
1328
1251
1258
1368
1271
1271
1342
1215
1361
1338
1196
1234
1190
1249
1413
1367
1320
1399
1367
1278
1440
1264
1369
1403
1229
1427
1301
1274
1376
1217
1179
1319
1278
1157
1260
1218
1056
1073
1318
1214
1187
1273
1265
1159
1307
1225
1136
1207
1335
1171
999
979
969
969
1006
1078
1037
1052
1053
1154
1326
1193
1132
1294
1085
982
1487
1174
1283
1543
1400
1366
1415
1335
1278
1398
1347
1199
1321
1380
1297
1411
1378
1273
1381
1330
1321
1400
1283
1303
1387
1261
1086
1216
1344
1295
1256
1406
1302
1141
1162
1224
1127
1217
1425
1386
1344
1439
1401
1354
1320
1363
1370
1332
1331
1384
1311
1229
1462
1383
1198
1363
1367
1157
1389
1360
1267
1343
1298
1185
1237
1263
1219
1264
1331
1263
1213
1241
1213
1151
1321
1323
1185
1292
1245
1181
1281
1251
1103
1081
1135
1149
1127
1397
1370
1240
1234
1202
1123
1123
1225
1243
1193
1244
1257
1130
1163
1229
1119
1206
1345
1242
1248
1400
1293
1222
1300
1263
1141
1169
1183
1154
1256
1278
1173
1313
1296
1162
1205
1237
1142
1106
1266
1144
973
992
1095
1007
969
1015
1120
1138
1076
1027
1058
1059
1057
1024
1055
1144
1130
1146
1124
1182
1179
1130
1148
1200
1147
1216
1323
1197
1196
1266
1089
1169
1164
985
1032
1086
1132
1056
1093
1150
1126
1069
979
1003