723
733
708
718
728
740
724
724
716
711
709
708
714
699
715
714
729
727
724
710
704
686
679
654
645
642
642
665
720
763
818
771
810
799
774
744
723
708
696
688
679
670
672
675
682
679
705
729
729
764
745
719
744
718
722
723
745
742
717
722
718
720
708
691
697
693
692
692
677
672
671
675
678
698
721
765
771
757
729
723
703
698
693
682
674
678
698
729
753
780
792
799
735
726
710
701
703
698
689
698
700
715
705
721
715
720
718
707
712
714
711
706
696
681
681
700
729
745
734
750
756
786
814
767
773
773
775
762
735
762
750
756
732
720
712
710
714
716
715
735
730
763
779
774
732
737
727
724
698
700
701
716
762
842
863
837
817
779
758
733
713
694
688
678
675
715
746
804
781
778
783
765
737
742
733
719
728
733
738
740
713
729
717
729
713
734
753
754
770
726
740
720
715
706
715
719
734
737
718
731
748
780
805
781
768
738
745
740
732
752
756
735
757
772
794
813
781
760
752
744
737
706
718
718
724
748
739
735
738
721
705
689
685
671
677
680
686
695
699
688
707
718
726
737
737
721
729
730
729
736