1014
1025
1089
1091
1112
1206
1210
1131
1135
1124
1101
1054
1075
1190
1121
1193
1191
1101
1144
1269
1190
1147
1139
1065
1066
1087
1050
1058
1146
1202
1111
1179
1185
1156
1077
1081
1153
1183
1233
1159
1187
1271
1252
1175
1141
1153
1088
1163
1200
1060
1017
1148
1108
1025
1086
1150
1146
1076
1100
1117
1080
1097
1145
1125
1035
1054
1068
1069
1019
1057
1099
1110
1031
1084
1174
1102
1171
1158
1098
1088
1110
1134
1078
1095
1104
1107
1164
1111
1151
1124
1066
1112
1141
1081
1090
1182
1170
1084
1172
1188
1108
1046
1088
1120
1091
1084
1130
1148
1080
1229
1268
1129
1099
1128
1132
1063
1071
1100
1104
1072
1115
1131
1132
1073
1106
1097
1035
1066
1109
1075
1013
1061
1130
1049
1019
1094
1185
1167
1188
1161
1169
1096
1099
1098
1064
1001
1028
1095
1078
1036
1086
1117
1053
1046
1037
1041
983
930
939
976
993
982
1015