1359
1340
1382
1504
1401
1263
1333
1364
1353
1350
1345
1310
1419
1252
1284
1391
1285
1339
1295
2615
1285
1338
1444
1363
1381
1361
1253
1334
1285
1224
1232
1076
1166
1118
1340
1347
1225
1242
1257
1189
1231
1329
1367
1295
1388
1333
1310
1364
1307
1313
1376
1258
1293
1349
1291
1362
1330
1348
1383
1418
1326
1365
1321
1308
1357
1253
1320
1334
1214
1294
1348
1226
1287
1291
1256
2744
1288
1356
1265
1198
1285
1225
1224
1361
1303
1242
1329
1297
1230
1321
1323
1279
1332
1296
1247
1309
1279
1297
1347
1323
1048
110
1501
1333
1280
1278
1218
1186
1303
1263
1090
1127
1351
1347
1216
1298
1326
1205
1252
1264
1275
1246
1294
1251
1390
1387
1354
1372
1319
1219
1313
1293
1119
1087
1092
1122
1216