1039
1051
1053
1006
1007
1088
1226
1200
1201
1324
1355
1236
1117
1150
1229
1172
1189
1318
1282
1227
1293
1270
1199
1233
1216
1164
1247
1314
1209
1272
1234
1133
1188
1197
1060
1067
1141
1107
1160
1244
1203
1104
1120
1188
1168
1172
1296
1306
1251
1323
1288
1235
1232
1305
1310
1183
1206
1102
1009
983
954
1016
1139
1166
1313
1197
1089
1088
1113
1114
1048
1136
1154
1115
1060
1169
1209
1103
1178
1208
1104
1116
1249
1287
1217
1281
1263
1175
1112
1195
1232
1141
1230
1269
1201
1286
1303
1195
1109
1253
1315
1271
1358
1284
1189
1224
1275
1216
1162
1281
1285
1267
1345
1331
1222
1267
1245
1155
1143
1194
1288
1241
1353
1267
1173
1167
1253
1197
1228
1331
1305
1194
1205
1220
1188
1271
1321
1281
1246
1278
1262
1149
1219
1249
1205
1157
1252
1271
1146
1196