6431
1270
1265
1231
1113
1017
964
906
876
867
855
891
878
842
821
832
854
904
1921
924
885
854
855
850
870
905
914
899
914
914
915
896
902
893
902
912
909
924
931
932
894
904
929
956
931
901
929
951
964
953
941
978
947
913
918
904
890
890
931
922
884
866
889
923
896
861
867
888
924
969
947
901
910
916
885
880
894
888
897
902
878
889
898
896
890
892
905
912
894
911
944
964
967
960
957
984
1045
998
1015
1015
985
1022
962
891
943
955
891
874
884
896
897
861
873
870
859
840
837
865
885
896
872
869
865
856
831
844
862
916
927
940
996
966
927
916
905
883
864
865
864
847
868
883
881
848
856
883
893
885
903
920
933
892
904
911
904
872
876
881
877
887
926
968
1041
1060
999
959
919
920
949
961
956
1009
1063
979
989
1127
1171
1165
1106
1109
1164
1071
966
963
938
925
930
1118
1104
1067
990
983
1016
1036
1038
1047
1068
1081
1042
993
1042
1183
1236
1222
1195
1156
1053
1045
1046
988
1030
1232
1188
1131
1174
1098
1021
997
1004
1034
990
1004
1068
1033
1006
1023
1025
1012
955
960
961
947
957
973
1074
1119
1070
1022
1038
1057
1036
982
971
1049
1031
1004
964
1036
1275
1213
1059
995
1014
1040
1022
1040
1067
1033
986
979
1057
1041
1015
1041
1049
1005
993
1052
1049
980
1001
1031
990
928
884
866
865
845
855
868
868
865
847
885
895
898
859
842
835
821
809
813
855
958
1021
1007
934
995
1072
1050
1006
987
1044
1114
1098
1066
1053
1083
1102
1009
1015
1040