911
881
871
910
1010
1062
1008
1012
1063
1051
995
1005
1030
932
925
940
933
936
928
911
939
970
902
907
909
904
888
851
866
877
878
862
860
860
920
928
908
928
986
954
895
877
890
898
925
891
867
878
908
983
959
924
975
959
938
963
1012
954
910
943
1004
999
946
956
972
938
921
927
937
953
935
938
993
984
908
893
896
896
841
835
835
870
902
879
841
837
810
789
752
729
719
712
712
726
767
763
751
771
806
863
872
835
833
831
831
850
882
913
826
800
788
799
802
820
809
778
769
755
778
822
856
842
840
776
777
837
1105
1008
937
918
934
963
934
904
881
854
831
833
842
850
867
860
871
876
888
886
874
889
938
979
1039
990
908
941
971
884
853
866
909
915
854
882
917
882
868
906
890
862
837