1169
1222
1191
1154
1085
1114
1032
1029
1168
1083
1146
1405
1270
1368
1245
1193
1268
1207
1239
1297
1250
1183
1128
1185
1138
1101
1147
1166
1126
1265
1229
1254
1235
1157
1265
1124
1196
1249
1162
1252
1300
1187
1181
1170
1145
1194
1239
1229
1271
1330
1265
1204
1106
1173
1239
1161
1191
1321
1178
1236
1183
1079
1104
1081
1087
1203
1129
1205
1141
1066
1046
1083
1184
1166
1221
1256
1174
1153
1206
1198
1199
1217
1229
1150
1058
1081
1102
1123
1323
1208
1089
1160
1170
1111
1149
1136
1126
1179
1143
1106
1174
1229
1208
1137
1109
991
1003
1112
1258
1233
1304
1252
1135
1210
1147
1072
1112
1263
1195
1089
1223
1183
1075
1152
1204
1162
1068
1124
1282
1233
1148