1184
1275
1241
1298
1319
1176
1161
1340
1296
1410
1372
1278
1363
1326
1180
1217
1229
1150
1224
1266
1123
1208
1179
1119
1188
1232
1206
1138
1175
1233
1153
1175
1507
1385
1255
1267
1087
1435
1390
1425
1411
1328
1389
1403
1426
1395
1406
1355
1443
1410
1354
1439
1390
1360
1439
1355
1394
1368
1251
1318
1309
1255
1382
1372
1346
1372
1256
1340
1348
1259
1398
1356
1276
1272
1278
1277
1322
1267
1220
1080
1078
1145
1102
1275
1295
1243
1273
1269
1192
1234
1348
1353
1301
1226
1305
1271
1211
1293
1327
1273
1270
1231
1190
1327
1240
1064
1118
1191
1106
1157
1327
1336
1303
1302
1232
1252
1349
1235
1300
1271
1210
1128
1226
1132
1199
1233
1188
1068
1149
1192
1141
1239
1260
1064
1088
1227
1310
1299
1219
1054
1052
1174
1160
1183
1277
1329
1198
1204
1141
1082
1170
1234
1228
1437
1366
1305
1346
1234
1325
1400
1432
1413
1430
1289
1336
1366
1261
1313
1438
1287
1351
1370
1216
1225
1234
1199
1111
1172
1301
1251
1282
1297
1227
1264
1211
1220
1347
1202
1297
1304
1204
1234
1263
1114
1124
1091
1124
1252
1171
1171
1227
1253
1135
1141
1159
1092
1127
1155
1178
1114
1079
1121
1349
1321
1152
1086
1104
1137
1160
1159
1165
1168
1212
1190
1128
1220
1180
1101
1128
1330
1323
1188
1200
1293
1351
1300
1198
1226
1279
1282
1290
1219