1002
1058
1225
1131
1194
1025
994
955
937
930
966
1012
986
968
989
1025
1059
1048
1002
1065
1086
1084
957
954
1009
1192
1185
1104
1168
1162
1134
1099
1124
1188
1178
1040
1011
1048
1050
1041
952
997
2696
1146
1083
1080
1069
1013
1035
1036
1068
1054
1037
1197
1183
1167
1069
1222
1240
1121
1182
1214
1092
1076
1258
1330
1206
1283
1252
1111
3283
1057
1078
1116
1143
1096
1115
1157
1117
1039
1076
1160
1148
1107
1150
1190
1182
1204
1216
1223
1159
1116
1124
1089
1153
1370
1203
1093
1129
1313
1194
1175
1172
1099
1068
1064
1102
1038
1155
1201
1056
999
1033
1100
1098
1109
1173
1165
1093
1046
1005
1019
933
931
970
1003
1192
1098
1060
1170
1188
1093
1004
1018
1048
1088
1062
1047
1117
1168
1113
1047
1080
1130
1114
1094
1195
1237
1128
1145
1159
1137
1131
1298
1263
1185
1170
1202
1128
1145
1364
1236
1111
1129
1214
1113
1075
1156
1210
1101
1123
1162
1119
1114
1148
1167
1053
1096
1089
1065
1029
1035
1063
1006
974
990
1033
983
898
911
929
898
940
943
937
973
954
921
892
928
969
960
941
902
915
1003
1108
1098
980
960
1013
1049
1023
1013
1069
1120
1080
1087
1111
1137
1094
1043
996
960
972
930
961
1029
1053
991
1022
1034
1051
1075
1048
1036
1004
1030
1073
1020
997
1013
1098
1205
1233
1145
1070
1055
1056
1044
1017
1113
1218
1302
1249
1163
998
969
1001
1093
1108
1044
1033
1007
1056
1086
1019
932
918
937
954
956
977
937
930
944