1097
1093
1007
1005
973
934
918
937
915
916
1076
1069
1104
1185
1174
1156
1077
1100
1265
1239
1162
1265
1251
1119
1184
1229
1201
1305
1324
1261
1216
1266
1259
1229
1237
1274
1230
1200
1191
1164
1137
1122
1171
1267
1223
1142
1097
1151
1183
1112
1129
1170
1183
1140
1184
1213
1173
1115
1059
1128
1234
1212
1085
1179
1224
1180
1068
1157
1230
1183
1076
1078
1125
1123
1053
1007
1068
1128
1095
1041
1059
1071
1072
1026
1062
1076
1055
1000
1030
1120
1095
1097
1174
1095
1153
1204
1144
1076
1074
1076
1057
1022
1099
1329
1214
1072
1092
1104
1037
1041
1095
1127
1107
1176
1225
1146
1083
1138
1200
1171
1167
1218
1207
1106
1122
1188
1135
1075
1010
1065
1299
1339
1284
1216
1271
1229
1104
1053
1029
1092
1157
1091
1076
1138
1219
1148
1170
1225
1192
1156
1207
1155
1083
1089
1191
1183
1140
1216
1230
1141
1145
1100
980
937
931
932
968
965
920
910
967
1129
1118
1083
1004
983
991
1085
1143
1138
1087
1116
1264
1284
1169
1240
1235
1136
1168
1403
1381
1214
1138
1345
1362
1175
1210
1183
1094
1113
1173
1146
1111
1174
1068
960
922
949
932
897
885
926
1239
1244
1176
1152
1234
1267
1176
1069
1050
1058
1050
1003
1119
1297
1168
1127
1332
1313
1159
1334
1374
1245
1265
1226
1093
1193
1268
1248
1252
1366
1245
1132
1242
1341
1220
1249
1263
1143
1214
1314
1191
1206
1337
1290
1342
1419
1311
1176
1207
1165
1115