820
810
832
821
827
854
827
808
858
885
907
862
828
881
932
941
892
938
1008
984
974
937
924
900
870
891
919
910
952
916
979
1169
1195
1023
963
989
969
996
962
983
1137
1108
1040
1065
1180
1179
1079
1190
1169
1061
1019
1122
1053
1018
1174
1297
1237
1105
1170
1169
1063
1019
1124
1219
1175
1056
1069
1199
1174
1061
1055
1081
1162
1138
1004
1004
1062
1088
1021
1089
1147
1061
1107
1193
1134
1035
1087
1084
1041
1014
1118
1029
958
948
967
1049
985
933
977
1102
1125
1014
955
960
1005
1016
970
995
1088
1178
1098
1013
1059
1081
1082
1085
1138
1147
1057
1041
1065
1146
1110
1125
1141
1069
1037
1024
1090
1111
1028
984
945
984
1019
976
1025
1053
1012
973
978
958
930
886
897
919
979
1004
1030
1167
1177
1063
993
986
982
976
930
935
977
987
1008
1118
1174
1029
1024
1112
1077
987
950
986
1024
1020
990
1043
1028
1044
1059
1022
1039
1119
1201
1199
1147
1142
1138
1147
1074
1105
1307
1273
1197
1218
1195
1087
1172
1209
1170
1094
1096
1132
1047
992
1025
1066
1118
1064
1047
1081
1079
1059
983
987
1013
1034
1042
989
1024
1123
1091
999
932
929
954
972
933
958
995
1000
930
903
885
871
857
852
822
797
804
831
883
907
891
915
964
1037
1021
1053
990
925
894
886
876
893
904
937
988
1076
1147
1137
1156
1143
1130
1132
1071
1051
1113
1164
1066
1021
1093
1112
1088
1117
1189
1079
1006
1052
1008
1042
1006
1078
1123
1138
1028
1038
992
992
949
968
1106
1183
1121
1006