1142
1089
1044
1063
1099
1052
1043
993
960
1020
1214
1171
1099
1163
1184
1151
1263
1187
1182
1285
1192
1117
1229
1131
1167
1275
1136
1115
1213
1146
1123
1212
1186
1118
1176
1299
1193
1149
1377
1191
1180
1237
1147
1064
1240
1325
1183
1128
1267
1252
1129
1132
1161
1240
1150
1308
1380
1234
1131
1189
1163
1135
1247
1388
1239
1180
1201
1215
1168
1290
1248
1143
1170
1274
1185
1153
1323
1400
1362
1219
1337
1325
1241
1333
1302
1214
1299
1394
1262
1229
1427
1425
1223
1342
1432
1355
1213
1338
1328
1259
1184
1237
1215
1204
1295
1312
1165
1184
1157
1095
1042
1218
1378
1279
1242
1230
1148
1096
1153
1199
1173
1188
1264
1197
1141
1237
1344
1252
1183
1260
1168
1109
1104
1090
1088
1230
1274
1152
1249
1150
1138
1176
1219
1157
1178
1342
1306
1120
1101
1170
1216
1262
1118
1096
1267
1325
1159
1296
1389
1371
1241
1202
1310
1323
1226
1234
1232
1335
1312
1381
1394
1311
1332
1258
1190
1255
1373
1379
1266
1229
1276
1172
1221
1337
1357
1265
1160
1127
1055
1059
1128
1156
1169
1097
1155
1170
1067
1003
1024
1193
1325
1234
1188
1224
1171
1082
1104
1211
1221
1186
1268
1276
1058
1067
1227
1248
1104
1146
1314
1243
1103
1146
1230
1110
1156
1225
1232
1163
1190
1322
1215
1104
1142
1314
1303
1225
1227
1186
1148
1285
1357
1270
1291
1274
1147
1143
1299
1320
1232