1144
1268
1247
1423
1405
1313
1362
1396
1453
1447
1483
1439
1423
1379
1359
1380
1525
1423
1380
1374
1328
1366
1304
1303
1331
1301
1339
1390
1297
1278
1271
1204
1271
1335
1221
1256
1388
1208
1267
1277
1283
1286
1361
1350
1243
1165
1234
1246
1234
1294
1302
1210
1254
1277
1225
1290
1312
1211
1306
1219
1120
1162
1312
1203
1189
1231
1219
1230
1329
1297
1220
1281
1326
1303
1245
1237
1257
1208
1255
1347
1237
1201
1278
1240
1200
1267
1194
1156
1145
1187
1192
1306
1302
1235
1274
1289
1208
1227
1295
1319
1234
1285
1272
1181
1194
1183
1186
1461
1388
1351
1386
1339
1318
1412
1326
1256
1263
1252
1172
1198
1252
1207
1254
1277
1178
1180
1259
1187
1222
1225
1134
1116
1070
1046
1108
1201
1172
1172
1206
1156
1081
1122
1149
1132
1133
1234
1285
1204
1172
1262
1203
1140
1200
1260
1236
1299
1148
1151
1164
1091
1186
1419
1373
1427
1354
1227
1128
1139
1158
1105
1168
1206
1147
1198
1255
1171
1242
1269
1198
1224
1246
1217
1273
1320
1229
1270
1243
1125
1142
1156
1124
1170
1186
1118
1152
1169
1132
1101
1120
1158
1051
992
1019
1071
1129
1167
1144
1202
1187
1140
1147
1139
1134
1067
1096
1222
1249
1167
1212
1306
1251
1265
1333
1273
1280
1291
1225
1190
1155
1202
1346
1328
1243
1334
1268
1150
1270
1323
1303
1435
1395
1281
1304