1053
1074
1051
1070
1048
985
990
966
998
1006
976
946
959
1002
997
1063
1013
972
1010
997
960
974
1002
1038
984
985
1032
998
1018
999
975
1003
1017
995
990
1059
1089
1018
1005
1117
1155
1085
1056
1110
1101
1036
1036
1120
1159
1120
1051
1093
1105
1039
988
1040
1110
1095
1051
1082
1099
1069
1018
1026
1072
1027
1018
1038
1130
1093
1078
1127
1213
1140
1068
1087
1045
982
1002
1090
1111
1059
1148
1201
1118
1046
1031
1115
1163
1146
1095
1042
1074
1089
1072
1029
994
993
1086
1103
1079
1092
1128
1093
1048
1039
1099
1127
1079
1015
1005
1021
1055
1016
979
1012
1092
1072
1033
1119
1174
1154
1051
1036
1044
1061
1034
1021
1107
1066
998
974
964
985
1012
1100
1130
1073
1038
1061
1070
1032
972
1022
1011
1089
1022
970
1028
1121
1092
1021
987
1020
1070
1070
1020
1054
1032
984
913
927
963
1009
990
961
957
991
1006
1001
1026
1012
1005
995
1018
1060
1088
1029
991
981
977
939
914
921
943
960
921
914
930
976
1001
962
996
1007
1001
980
971
1065
1063
1023
1069
1060
1065
997
991
994
1049
1021
979
1016
1026
1018
980
999
1016
968
955
969
973
952
930
934
935
938
977
1003
986
951
966
977
984
955
929
937
956
949
882
911
899
911
927
941
929
931
966
938
931
945
910
899
898
922
952
975
973
960
973
920
898
907
936
1018
1087
1038
1024
1016
1019
988
993
1012
988
975
994
992
1022
986
957
973
989
978
965
989
1006
987
986
1020
1001
976
961
944
987
1003
970
940
969
1008