1174
1167
1202
1147
1083
1020
1045
1101
1074
1076
1164
1201
1176
1165
1111
1066
1067
1096
1109
1142
1122
1092
1133
1116
1056
1037
1024
1046
1059
1045
1078
1083
1059
1078
1080
1063
1046
1086
1090
1018
1045
1089
1076
2318
1233
1142
1145
1167
1104
1088
1118
1125
1156
1176
1268
1234
1164
1134
1201
1298
1204
1178
1175
1249
1129
1188
1254
1190
1129
1185
1200
1108
1093
1096
1073
1042
1079
1143
1125
1073
1126
1145
1082
1077
1089
1065
1031
1123
1188
1135
1045
1115
1123
1108
1082
1123
1161
1093
1179
1161
1119
1089
1125
1144
1088
1074
1096
1089
1051
1148
1207
1188
1200
1288
1251
1086
1056
1049
1033
1018
1104
1104
1049
1050
1041
1049
1048
1001
1021
1059
1021
958
935
978
938
1009
1070
1101
1108
1086
1152
1153
1093
1088
1148
1119
1035
1104
1020
964
953
1002
1264
1259
1139
1184
1148
1096
1054
1135
1203
1209
1158
1104
1145
1222
1209
1113
1137
1152
1097
1105
1149
1165
1126
1238
1233
1115
1062
1063
1063
1008
993
1062
1128
1031
1075
1125
1149
1088
1074
1076
1049
1053
1087
1136
1091
1116
1152
1251
1177
1216
1296
1189
1106
1115
1119
1059
1081
1125
1167
1058
1055
1092
1110
1076
1135
1148
1113
1055
1068
1045
1002
1003
985
976
965
975
1040
1091
1076
1127
1112
984
949
939
938
944
1017
1120
1197
1126
1096
1086
1060
1053
1104
1183
1121
1135
1166
1141
1156
1165
1115
1130
1200
1153
1057
1116
1233
1176
1104
1179
1159
1090
1099
1185
1214
1160
1194
1230