998
959
931
944
906
887
848
803
795
788
809
826
852
890
925
917
953
917
863
833
818
833
904
933
993
972
933
915
920
901
842
853
896
959
980
934
948
967
941
896
894
890
883
872
859
873
904
918
900
919
959
963
976
939
951
943
908
883
866
886
924
935
924
920
927
921
898
905
927
952
998
1025
967
955
934
939
917
902
889
953
1011
1012
977
1014
1038
961
927
932
921
896
873
873
878
928
928
917
894
906
936
952
932
948
1028
1111
1039
968
953
958
1014
1006
974
953
990
1022
1047
977
975
1031
1117
1131
1070
1077
1124
1043
995
952
979
994
986
971
983
1031
1074
987
994
1061
1074
1026
1020
1034
1088
1092
969
904
871
861
894
949
1003
986
987
1050
1055
1047
1042
1000
966
992
1011
1007
979
968
980
1023
1002
1008
1050
1025
956
959
1026
1025
986
901
874
854
850
826
834
832
848
850
855
875
916
930
889
876
869
871
845
827
839
843
866
898
899
895
920
935
972
939
890
857
852
837
838
853
846
839
849
879
890
921
993
1064
1066
1033
1060
1042
975
935
938
913
858
849
845
850
841
865
893
958
958
960
944
979
938
938
935
954
985
962
956
1100
1046
1053
1001
931
926
938
946
962
990
969
914
915
935
979
943
911
898
864
855
835
867
934
979
963
970
982
1016
999
991
963
967
975
940
938
955
971
1014
993
988
1005
955
916
904
948
1033
1035
1013
987
1009
1017
982
946
920
898
886
894
918
960
956
928
947
990
983
938
876
878
881
920
912
873
882
921
955
927
909
904