987
945
1015
1153
1146
1181
1146
1131
1102
993
971
978
1082
1270
1206
1113
1043
1022
1005
1008
1029
1067
1109
1088
1063
1117
1162
1098
1066
1133
1169
1138
1016
1062
1108
1073
1137
1141
1050
1029
1034
1003
984
971
1042
1093
1161
1086
1133
1186
1140
1031
1018
1078
1136
1108
1165
1221
1164
1091
1108
1078
1058
1124
1207
1206
1121
1138
1170
1129
1084
1099
1057
1031
1068
1107
1087
1075
1094
1068
1038
1021
1051
1037
1017
1049
1058
1021
1022
1069
1109
1080
1033
1062
1066
1058
1047
1077
1083
1090
1158
1211
1150
1085
1117
1158
1140
1102
1155
1158
1081
1041
1108
1113
1073
1052
1051
1068
1066
1054
1081
1090
1006
1043
1134
1170
1115
1080
1094
1100
1056
1059
1081
1033
1017
1078
1085
1066
1068
1104
1111
1078
1074
1085
1050
1047
1152
1096
1061
1061
1102
1080
1044
1035
1028
1000
978
1021
1174
1200
1136
1109
1088
1021
1060
1036
1013
981
1015
1035
985
998
1036
1085
1032
1083
1158
1099
1003
1004
1024
1048
1039
1146
1183
1125
1081
1143
1135
1079
1047
1020
1045
1034
1010
1021
1112
1059
1036
1103
1101
1064
1032
1054
1042
1050
1065
1062
1039
1021
1036
1041
1024
1033
1056
1110
1078
1053
998
957
950
966
974
1005
1030
1041
1029
1046
1034
1000
1003
1015
1010
991
1036
1071
1072
1033
1060
1125
1160
1145
1122
1092
1061
1004
996
1074
1166
1123
1080
1159
1150
1037
1056
1030
1031
1006
1084
1105
1063
1076
1125
1159
1072
1055
1014
1008
988
996
1052
1059
1052
1073
1040
945
970
1010
1055
998
1004
1050