1227
1169
1290
1312
1225
1335
1308
1213
1208
1233
1167
1336
1355
1198
1300
1268
1136
1209
1249
1213
1350
1291
1070
990
974
976
954
1130
1402
1337
1324
1355
1297
1222
1292
1295
1229
1227
1421
1476
1443
1529
1438
1376
1590
1494
1288
1356
1183
1063
1351
1358
1252
1275
1357
1366
1398
1407
1343
1245
1310
1421
1257
1242
1233
1172
1498
1515
1345
1422
1408
1425
1559
1432
1354
1531
1401
1285
1384
1497
1384
1415
1434
1368
1481
1383
1262
1432
1397
1364
1390
1264
1339
1238
1021
1046
1057
1062
989
1036
1079
1029
991
988
994
1002
982
976
1009
1041
1049
1047
1146
1217
1203
1190
1250
1237
1166
1253
1458
1416
1405
1541
1457
1410
1349
1405
1342
1413
1518
1449
1459
1420
1484
1520
1449
1427
1402
1269