1192
1114
1028
925
910
898
907
853
853
863
886
854
828
824
787
778
772
764
783
802
813
806
811
820
841
855
916
962
968
1046
1215
1073
975
1016
1239
1104
1194
1064
1027
1061
1059
1010
1127
1079
1009
1079
1063
1044
955
1018
1127
1155
1092
1160
1188
1137
1153
1104
1035
1049
1145
1100
1068
1179
1153
1109
1169
1155
1100
1100
1062
1052
1039
1093
1257
1140
1133
1091
1019
1002
1087
1108
1137
1116
1079
1046
1027
1105
1138
1056
1062
1110
1053
975
1004
1105
1120
1167
1102
1063
1057
1049
960
966
991
988
994
1105
1182
1122
1113
1107
935
891
880
854
841
861
967
1226
1077
1026
1119
1166
1092
1007
980
1021
1071
1062
1237
1189
1165
1068
1132
1251
1137
1178
1257
1134
1146
1149
1101
1106
1141
1147
1060
1144
1160
1112
1088
1200
1109
1115
1184
1198
1129
1271
1216
1107
1136
1175
1088
1036
1129
1228
1063
1099
1175
1188
1088
1117
1170
1184
1144
1289
1229
1135
1117
1210
1282
1198
1134
1183
1189
1182
1206
1176
1054
1076
1161
1298
1185
1198
1313
1219
1133
1100
1205
1294
1228
1279
1231
1113
1094
1097
1141
1177
1206
1310
1146
1129
1123
1113
1057
1155
1173
1226
1162
1131
1093
1021
1046
1056
1033
1005
1006
1022
1017
1042
1036
990
991
993
954
911
915
926
953
958
979
1066
1039
999
1021
1031
1064
1029
1086
1191
1217
1191
1213
1164
1097
1039
1100
1175
1141
1066
1129
1234
1196
1123
1230
1152
1070
1030
1112
1208
1132
1036
1111
1160
1099
1093
1134
1150
1081