813
876
876
911
962
959
932
901
854
806
787
772
756
735
723
710
700
698
687
690
709
745
771
795
820
832
871
901
910
893
883
891
859
825
815
787
796
807
845
837
872
922
890
906
856
833
826
807
792
778
771
770
789
807
834
865
884
883
888
887
870
840
823
822
823
826
792
804
811
889
964
915
933
927
896
877
860
844
824
801
812
838
815
805
780
783
780
790
818
861
855
867
853
848
848
830
801
802
796
797
817
829
847
836
842
867
866
871
882
875
835
826
829
851
847
808
817
824
834
822
804
813
810
807
790
800
797
874
909
967
971
934
879
862
854
847
856
903
1002
944
862
839
869
925
913
863
824
813
821
836
829
827
830
822
834
841
862
876
894
938
997
1067
993
896
862
838
813
792
803
819
837
892
925
942
898
864
834
812
792
807
909
898
882
888
895
874
863
855
898
923
934
977
1159
1182
1049
933
959
1010
1031
1036
1088
1113
1056
970
956
952
941
978
967
984
988
996
948
999
1037
1047
983
1029
999
1024
989
1048
1198
1105
1114
1075
1055
1001
1018
1002
951
893
924
989
1060
1171
1088
1132
1135
1057
1014
1006
1047
1046
1045
1115
1071
991
988
1006
1061
1065
1120
1171
1095
1015
1012
1069
1030
1120
1128
1222
1138
1108
1058
1029
1111
1321
1196
1193
1146
1107
1001
1028
1070
1083
1034
1066
1092
1110
1053
1104
1096
1044
1000
1065
1132
1064
970
889
868
876
965
976
922
936
952
942
880
872
870
872
858
856
863
879
869
851
867
887
926
946
934
983
1035
1007
945
905
923
999
974
963
992
983
960
973
946
911