1120
1102
1096
1049
1103
1111
1113
1224
1133
1059
1017
1075
1203
1075
1048
1184
1149
1071
1044
1133
1188
1112
1139
1312
1265
1175
1086
1221
1330
1309
1195
1237
1298
1182
1094
1212
1441
1276
1152
1197
1273
1186
1121
1134
1156
1079
1109
1180
1073
1063
1105
1098
1088
1224
1194
1111
1080
1183
1155
1113
1077
1119
1130
1085
1119
1179
1211
1144
1120
1197
1150
1072
1093
1202
1208
1166
1150
1220
1209
1087
1080
1129
1130
1081
1133
1195
1190
1111
1076
1124
1196
1163
1158
1148
1118
1074
1144
1283
1228
1186
1121
1170
1115
1053
1056
1214
1146
1077
1134
1060
1010
1039
1151
1104
1097
1150
1136
1047
1070
1106
1080
1049
1077
1143
1121
1079
1119
1146
1120
1178
1211
1201
1103
1108
1161
1231
1153
1209
1110
1028
1005
1113
1244
1188
1194
1184
1137
1084
1117
1074
1011
983
1044
1115
1058
1029
1089
1152
1118
1107
1115
1094
1013
1080
1164
1155
1060
1089
1195
1121
1028
1035
1052
1017
987
1086
1161
1163
1088
1097
1076
960
937
963
968
968
966
1079
1155
1050
954
969
994
1011
988
972
980
1005
950
971
978
1018
1003
983
1081
1101
1046
1123
1162
1131
1094
1091
1141
1037
1004
1039
1011
996
995
1027
1061
1039
1031
1051
1092
1042
1010
1063
1175
1144
1117
1206
1123
1043
1043
1134
1065
1021
1110
1171
1096
1060
1123
1103
1032
1080
1084
1084
1026
1024
1030
982
978
1009
1129
1056
1074
1156
1096
1038
1079
1121
1052
1048
1141
1104
1015
1042
1081
1044
1051
1075
1033