1155
1164
1138
1074
1121
1212
1147
1118
1099
1133
1262
1268
1141
1155
1114
1018
1051
1141
1133
1090
1222
1156
1071
1086
1061
1001
996
986
990
973
967
982
993
937
919
869
849
832
817
806
795
785
777
766
757
749
743
742
749
776
834
911
1003
1011
1010
961
912
882
850
838
838
860
888
886
957
1112
1179
1063
977
981
1033
1036
990
924
923
944
956
953
968
936
1002
1136
1132
1115
1061
1039
1003
1016
1004
1041
1092
1063
1092
1084
1056
1002
1061
1101
1031
1020
1035
1033
989
985
1023
1062
1022
1028
1039
1048
1019
984
995
1018
1015
982
985
975
946
926
934
922
924
960
968
940
937
931
940
941
928
954
984
995
979
990
972
956
949
922
937
991
1008
984
1053
1120
1100
1054
1100
1177
1090
1026
1001
1027
1029
997
959
992
1060
1019
1114
1197
1148
1080
1094
1099
1103
1135
1187
1186
1089
1054
1045
1005
1005
1017
996
969
957