1183
1146
1127
1111
1101
1111
1064
1199
1383
1271
1188
1387
1258
1167
1299
1171
1086
1137
1055
1009
1078
1116
1096
1056
1033
1027
1028
990
1005
1064
1059
989
981
1041
1164
1152
1093
1169
1222
1088
1070
1130
1074
1065
1111
1123
1048
1058
1113
1162
1124
1111
1122
1119
1063
1102
1181
1167
1049
1092
1128
1098
1011
1066
1138
1128
1050
1135
1085
1033
1044
1082
1101
1059
995
1024
1053
1022
987
1045
1076
1036
982
963
972
967
919
922
957
1014
1034
1035
1084
1096
1076
1015
966
944
940
949
959
937
940
972
949
948
925
916
931
957
986
935
905
915
936
897
885
880
884
898
876
901
936
948
941
969
976
979
934
920
944
1034
1105
1132
1067
1004
1040
1093
1083
1047
1005
1023
1027
999
979
1007
1084
1020
982
1015
1023
1015
979
981
904
858
838
875
1070
1084
1065
1009
963
981
1012
1046
1105
1110
1090
1046
994
962
996
1019
1035
1033
1036
1007
991
1032
1088
1006
1014
1025
1021
1019
1034
1018
996
922
916
926
989
977
1031
1125
1079
1013
1031
1033
1056
1057
1021
1012
1037
1098
1065
1000
1003
994
957
981
1073
1088
1011
1028
1038
1070
1016
1019
1076
1022
979
942
955
975
956
942
983
1019
1037
1007
1072
1101
1064
1063
1071
1085
1089
1020
1007
991
986
937
932
945
992
975
1047
1128
1054
1016
1041
1036
997
983
980
984
966
934
929
969
997
943
890
901
990
1067
1057
1059
1110
1087
1031
1034
1021
1006
987
973
1022
1098
1067
1062
1098
1077
1007
999
1021
1066
1022
1002
1063
1093