1109
1074
986
938
929
949
947
933
923
907
904
938
985
969
997
1029
1059
1070
1002
984
981
980
956
967
1066
1156
1212
1124
1151
1127
1018
971
964
995
973
963
1019
1063
1055
1131
1141
1069
1023
1085
1068
1070
1000
995
1001
1023
1028
1022
1030
954
951
969
976
1058
1100
1087
1048
1070
1090
1055
999
1087
1177
1209
1145
1067
1116
1082
1014
1009
1041
1123
1105
1141
1209
1247
1163
1139
1072
1005
970
960
961
973
979
1026
1077
1020
1024
1030
1062
1086
1116
1175
1251
1145
1062
1007
1025
1075
1050
1007
1043
1092
1074
1080
1087
1091
1073
1172
1135
1043
1009
1012
1040
1041
1011
1052
1085
1080
1024
1041
1086
1054
1058
1084
1067
1071
1098
1098
1089
1123
1188
1255
1190
1233
1237
1230
1100
1155
1210
1171
1188
1365
1337
1198
1319
1223
1104
1063
1128
1124
1052
1110
1134
1098
1041
1029
1003
931
962
999
1067
987
981
986