925
867
771
1687
1559
747
758
746
745
833
882
965
1046
1088
1106
1098
1087
1079
1083
1082
1083
1147
1162
1370
1338
1217
1269
1120
1208
1275
1243
1229
1186
1188
1083
1038
1026
1087
1104
1076
1050
1083
1079
1070
1072
1075
1069
1021
1015
1051
1043
1018
1062
1070
1062
1093
1086
1025
1060
1068
1072
1024
1054
1046
999
1046
1090
1052
1087
1078
1039
1024
1091
1067
1042
978
1004
1014
981
984
1043
1066
1016
1034
1116
1093
1037
1074
1119
1136
1028
1041
1060
1063
1038
1088
1047
1038
1053
1181
1163
1202
1260
1255
1113
1080
1076
1112
1099
1088
1130
1043
1070
1075
1034
1087
1144
1015
957
921
887
892
974
1175
1226
1193
1107
1111
1145
1170
1166
1130
1186
1157
1173
1184
1148
1243
1205
1349
1240
1146
1205
1086
1120
1159
1118
1110
1154
1188
1157
1135
1134
1138
1144
1107
1071
1130
1138
1115
1138
1276
1244
1194