1216
1185
1260
1220
1200
1188
1247
1237
1157
1151
1209
1198
1149
1207
1216
1203
1166
1299
1256
1193
1177
1119
1004
1088
1213
1187
1155
1247
1201
1146
1134
1111
1093
1113
1249
1272
1216
1292
1284
1196
1211
1328
1283
1204
1269
1236
1161
1154
1265
1218
1214
1271
1180
1127
1225
1211
1145
1181
1237
1179
1171
1237
1183
1129
1209
1236
1166
1285
1231
1120
1118
1198
1185
1118
1189
1296
1263
1163
1153
1142
1164
1104
1100
1192
1245
1179
1207
1231
1174
1104
1147
1221
1153
1152
1235
1221
1117
1116
1197
1235
1159
1063
1112
1205
1191
1110
1095
1202
1180
1076
1091
1134
1134
1062
1025
1071
1122
1108
1055
1021
1080
1188
1169
1078
1066
1115
1165
1111
1074