1282
1181
1137
1341
1479
1291
1249
1211
1135
1110
1104
1148
1141
1082
1109
1122
1137
1051
1146
1170
1094
1287
1423
1230
1295
1425
1253
1027
1039
1064
1104
1247
1141
1190
1415
1350
1218
1203
1389
1333
1350
1391
1229
1187
1358
1316
1203
1372
1361
1096
1060
1009
1104
1232
1281
1391
1274
1210
1264
1217
1081
1173
1255
1166
1291
1275
1208
1274
1130
1089
1165
1300
1252
1313
1199
1132
1278
1237
1197
1332
1299
1284
1261
1125
1152
1001
1006
1007
1040
1282
1184
1132
1307
1142
1059
1154
1227
1136
1177
1174
1125
1128
1102
1029
1063
1095
1140
1103
1183
1136
1084
1104
1064
1109
1090
1002
1007
1048
1127
1147
1021
1027
1053
968
973
983
1010
1084
1098
1042
1074
1076
1048
999
1078
1319
1155
1138
1234
1115
1099
1272
1239
1190
1236
1239
1125
1188
1199
1099
1120
1118
1054
1136
1146
1111
1219
1217
1159
1268
1206
1096
1100
1155
1109
1209
1198
1158
1235
1230
1155
1331
1226
1184
1244
1139
1160
1353
1162
993
985
981
984
1044
1065
1071
1153
1239
1208
1130
1115
1164
1050
1018
1054
1091
1075
977
940
960
1023
1211
1112
1005
964
973
1073
1165
1177
1146
1139
1129
1157
1114
1048
1104
1236
1257
1143
1066
1129
1438
1069
1076
1230
1128
1099
1306
1226
1101
1211
1155
1129
1194
1103
1094
1160
1151
1114
1157
1093
1042
1099
1055
1014
1070
1174
1070
1131
1099
1048
1172
1205
1079
1071
977
957
975
982
1070
1136
1038
1095