1416
1302
1502
1414
1494
1343
1480
1443
1343
1455
1480
1453
1488
1506
1449
1450
1528
1527
1510
1424
1519
1599
1488
1437
1528
1466
1420
1502
1471
1403
1490
1444
1406
1535
1446
1347
1452
1437
1400
1405
1412
1229
1355
1438
1380
1392
1399
1370
1295
1394
1416
1349
1399
1360
1278
1349
1481
1476
1373
1415
1377
1503
1501
1365
1419
1451
1290
1376
1438
1315
1418
1466
1392
1372
1434
1371
1257
1278
1378
1372
1473
1517
1402
1361
1408
1350
1287
1402
1352
1285
1436
1334
1403
1393
1285
1324
1323
1239
1324
1294
1189
1120
1385
1407
1297
1332
1416
1381
1314
1297
1371
1355
1216
1242
1317
1256
1402
1453
1382
1440
1316
1187
1368
1356
1276
1402
1441
1361
1358
1335
1333
1292
1383
1400
1291
1348
1392
1282
1375
1380
1299
1293
1376
1277
1259
1441
1370
1288
1362
1376
1273
1315
1255
1203
1270
1368
1368
1254
1333
1302
1378
1370
1455
1362
1255
1339
1372
1305
1435
1446
1321
1398
1375
1188
1349
1460
1367
1357
1372
1236
1344
1347
1253
1324
1396
1349
1254
1319
1333
1265
1282
1360
1255
1284
1420
1310
1311
1408
1421
1322
1396
1418
1358
1306
1457
1393
1397
1396
1349
1227
1316
1492
1362
1344
1499
1460
1367
1416
1396
1318