1178
1124
1104
1048
952
918
971
1027
945
990
928
950
1032
1040
1083
1087
1098
1062
1073
1063
1086
1093
1130
1186
1244
1173
1138
1113
1025
1148
1238
1159
1243
1192
1160
1193
1184
1096
1108
1129
1040
1091
1165
1200
1169
1206
1162
1095
1066
1014
1012
978
1085
1236
1242
1171
1150
1167
1082
1035
1078
1174
1175
1182
1230
1185
1102
1025
1085
1385
1270
1048
1012
1004
980
1003
972
902
895
938
957
960
1054
1100
1087
1063
1122
1217
1183
1028
1052
1188
1277
1300
1310
1208
1190
1235
1195
1126
1175
1215
1164
1108
1170
1176
1175
1170
1204
1206
1168
1179
1164
1113
1203
1265
1170
1129
1254
1317
1284
1272
1223
1129
1115
1137
1150
1104
1230
1181
1152
1259
1223
1178
1190
1181
1158
1082
1192
1157
1019
1019
1068
1043
979
1060
1094
1054
1000
1013
1020
1019
1001
1069
1076
1076
1135
1310
1306
1097
1086