1282
1325
1208
1292
1262
1189
1240
1245
1149
1193
1252
1185
1227
1238
1192
1236
1283
1237
1188
1265
1263
1261
1141
1204
1257
1228
1220
1364
1277
1201
1265
1188
1207
1331
1222
1170
1284
1153
1265
1273
1165
1236
1271
1175
1185
1219
1167
1240
1318
1195
1236
1284
1221
1158
1227
1332
1315
1219
1299
1282
1194
1271
1335
1202
1415
1363
1264
1310
1343
1241
1270
1303
1227
1252
1391
1311
1172
1280
1296
1174
1215
1280
1177
1205
1302
1275
1216
1278
1300
1169
1182
1241
1173
1146
1214
1317
1190
1181
1260
1208
1205
1271
1243
1173
1215
1294
1217
1189
1360
1342
1176
1224
1333
1184
1236
1284
1192
1327
1300
1173