1049
1081
1176
1231
1128
1127
1288
1276
1238
1187
1203
1085
1133
1163
1155
1072
1109
1114
1030
1059
1104
1111
1075
1035
1161
1193
1132
1027
1051
1062
1054
973
1012
1093
1097
1005
1104
1186
1092
1094
1113
1070
1033
1041
1107
1140
1104
1101
1186
1167
1063
1190
1233
1113
1114
1275
1194
1081
1169
1313
1153
1171
1209
1170
1114
1188
1236
1147
1135
1178
1189
1115
1147
1147
1087
1135
1203
1142
1105
1205
1167
1112
1188
1260
1171
1090
1129
1219
1169
1115
1241
1205
1105
1161
1224
1208
1157
1127
1196
1197
1152
1069
1130
1194
1146
1051
1091
1128
1081
1051
1132
1194
1122
1084
1154
1104
1052
1092
1176
1117
1061
1114
1101
1054
1098
1237
1135
1098
1174
1146
1060
1110
1116