1411
1312
1439
1342
1161
1363
1371
1271
1370
1363
1286
1397
1423
1322
1328
1363
1343
1284
1428
1372
1369
1303
1332
1341
1348
1297
1341
1294
1274
1322
1278
1214
1362
1245
1151
1431
1321
1300
1352
1298
1220
1320
1357
1310
1348
1276
1303
1365
1377
1421
1402
1292
1326
1215
1261
1459
1315
1289
1362
1364
1368
1420
1376
1365
1237
1159
1059
1098
1382
1326
1304
1300
1202
1207
1329
1311
1213
1261
1263
1187
1223
1324
1197
1223
1338
1292
1279
1255
1127
1304
1322
1164
1354
1272
1128
1368
1286
1243
1333
1244
1253
1338
1315
1248
1319
1271
1260
1351
1242
1235
1332
1159
1001
1373
1256