1170
1063
1006
1052
1099
1058
1101
1070
1050
1010
1063
1104
1045
1031
1033
1130
1113
1081
1173
1136
1073
978
935
887
882
890
891
940
1077
1241
1259
1153
1080
990
916
899
1037
1175
1155
1104
1080
1095
1148
1146
1129
1153
1130
1039
960
955
1191
1238
1175
1196
1191
1081
951
938
906
911
942
995
1247
1259
1151
1044
960
979
1049
1048
1010
996
999
983
995
932
909
944
1067
1084
1063
991
1000
988
972
967
939
983
973
962
991
1117
1156
1108
1141
1138
1156
1059
1061
1034
952
913
919
1087
1140
1047
979
1004
1058
1046
998
1022
1101
1070
1037
1026
1021
981
966
985
987
979
981
1048
1099
1081
1038
1068
1080
1063
1033
1068
1150
1195
1175
1084
1021
1063
1033
997
959
996
1030
1044
1007
979
976
1034
1034
1049
992
931
918
952
997
1003
991
930
906
937
1084
1092
1066
1078
1088
1088
1050
959
884
860
871
934
1038
1012
993
1053
1052
1021
971
951
932
928
893
857
862
895
925
906
887
937
1011
1029
912
861
870
871
833
802
770
771
764
769
783
796
804
811
862
896
923
884
883
857
848
827
831
852
872
901
928
908
937
1014
1090
1038
958
947
926
895
873
896
987
988
904
874
856
881
950
980
905
899
922
954
907
894
903
898
896
896
880
917
952
994
1003
956
927
931
934
883
895
855
836
829
798
820
829
845
846
843
853
867
871
863
834
809
805
804
833
900
902
906
921
945
1011
995
947
974
1097
1120
1020
979
961
971
1004
1013
959
1003
1123
1094
973
948
953
961
932
938
897
865
852