1330
1346
1350
1350
1360
1367
1354
1368
1369
1351
1353
1358
1358
1364
1354
1366
1368
1352
1362
1366
1356
1364
1365
1363
1384
1387
1369
1375
1376
1360
1273
1240
1243
1319
1354
1359
1378
1387
1380
1386
1368
1357
1363
1358
1355
1359
1359
1373
1383
1369
1378
1370
1342
1352
1349
1345
1351
1346
1354
1352
1332
1339
1341
1333
1346
1346
1348
1351
1345
1355
1353
1338
1351
1357
1342
1332
1310
1322
1251
1168
1286
1297
1307
1322
1323
1317
1334
1328
1307
1253
1310
1324
1346
1357
1352
1354
1361
1365
1365
1374
1365
1374
1381
1374
1377
1398
1395
1384
1396
1395
1377
1383
1390
1383
1386
1375
1359
1368
1371
1354
1369
1372
1369
1388
1394
1366
1320
1317
1253
1157
1290
1308
1322
1326