1107
1151
1149
1090
1055
1121
1116
1099
1173
1198
1121
1118
1213
1200
1138
1150
1184
1106
1075
1156
1146
1081
1119
1193
1124
1128
1125
1077
1030
1079
1130
1061
1070
1164
1185
1061
1084
1184
1213
1055
1075
1110
1078
1159
1182
1107
1107
1150
1239
1188
1200
1237
1211
1290
1299
1151
1203
1277
1195
1277
1286
1143
1114
1153
1103
1101
1226
1228
1136
1167
1198
1098
1030
1095
1108
1074
1068
1051
1050
1063
1146
1121
1044
1045
1016
597
377
927
278
652
1008
1090
1104
954
960
937
79
142
1752
1024
1096
1061
992
1051
1104
1157
1122
1036
1005
1008
1045
984
986
1114
1090
1118
1246
1144
1155
1196
1135
1116
1160
1155
1108
1029
1077
1259
1118
1163
1284
1206
1181
1243
1259
1214
834
167
178
33
954
977
1075
1057
166
376
59
174
353
67
131
1632
1064
1036
1004
1028
1001
972
958
987
1035
1021
1054
1049
1065
1108
763
114
94
47
1200
1178
1173
1125
1144
1173
1127