1381
1345
1198
1255
1206
1123
1221
1311
1186
1227
1284
1249
1186
1322
1180
1137
1071
1146
1253
1235
1305
1292
1274
1219
1322
1286
1188
1131
1222
1191
1128
1253
1251
1145
1185
1182
1092
1079
1161
1140
1120
1181
1213
1074
979
981
968
991
943
933
903
942
966
971
1113
1152
1073
1023
1028
1052
1005
1018
1194
1197
1054
1046
1104
1151
1127
1142
1155
1114
1114
1206
1122
1028
1033
1067
1129
1034
1105
1284
1200
1145
1234
1231
1177
1165
1237
1251
1250
1233
1186
1128
1051
1035
1081
1159
1188
1188
1067
1104
1172
1087
1048
1084
1058
1035
1076
1079
1103
1033
1031
1046
1011
1015
1073
1104
1146
1234
1239
1212
1145
1172
1171
1142
1182
1258
1155
1102
1176
1196
1124
1221
1191
1128
1147
1134
1139
1063
1089
1049
1011
986
1044
1078
1060
1111
1214
1172
1064
1038
1054
1062
1050
1112
1129
1114
1069
1061
1036
1016
1046
1040
1012
986
1015
1022
1009
992
1034
1012
975
988
1025
1004
993
1013
1093
1010
978
1015
1037
1059
1001
1010
1037
1016
1010
1038
1079
1062
1020
1047
1044
1005
1074
1085
1058
1008
1043
1038
1036
1017
1010
1040
1102
1027
1031
1041
1068
1065
1143
1301
1251
1206
1273
1223