675
664
646
639
634
625
617
622
646
1471
783
762
769
762
744
717
709
691
680
674
674
667
664
669
684
693
702
701
689
695
694
697
693
705
706
708
700
685
690
702
740
744
742
729
727
704
690
687
691
695
743
763
807
893
846
815
808
803
778
736
723
721
726
731
703
718
730
757
773
721
722
747
747
769
785
771
766
752
731
719
704
704
714
717
707
700
701
706
716
731
736
732
747
763
789
758
763
739
722
703
705
696
699
690
682
694
691
694
704
691
705
716
713
711
705
709
715
686
677
681
692
722
727
705
670
678
672
668
669
664
656
668
668
688
693
703
713
724
724
718
700
697
684
685
681
682
664
650
3311
685
672
2085
711
703
708
725
750
753
749
743
728
742
749
767
762
738
761
766
751
744
763
788
799
800
799
777
744
725
710
697
690
706
741
747
765
739
750
764
767
760
721
717
715
737
744
748
723
751
773
766
765