1083
1034
1065
982
980
998
1068
1177
1146
1122
1092
1211
1146
1007
982
1076
1251
1067
1027
1050
1062
1076
1053
1108
1073
1048
1049
975
949
923
938
938
928
970
1083
1138
1119
1078
1098
1060
1013
990
994
1065
1080
1058
1093
1112
1046
1024
1097
1121
1091
1141
1161
1080
1040
1053
1108
1063
1048
1115
1106
1078
1150
1120
1058
994
1026
1050
1063
1154
1210
1108
1093
1105
1110
1052
1146
1250
1121
1133
1191
1147
1110
1188
1204
1146
1090
1102
1114
1113
1115
1153
1105
1146
1146
1106
1091
1155
1104
1031
1052
1085
1072
1217
1248
1138
1070
1144
1154
1066
1066
1158
1104
1059
1077
1095
1074
1064
1123
1108
1049
1098
1131
1146
1121
1090
1046
1016
1042
1128
1105
1151
1239
1153
1132
1191
1240
1072
1047
1085
1182
1041
1010
1059
1081
1146
1265
1264
1125
1098
1112
1012
975
918
950
1070
1161
1171
1088
1146
1137
1054
1059
1091
1155
1154
1083
1073
1105
1086
1081
1188
1224
1143
1165
1159
1108
1086
1132
1134
1139
1256
1182
1105
1153
1197
1148
1132
1088
1112
1085
1193
1327
1269
1186
1224
1221
1160
1138
1146
1115
1050
1066
1127
1146
1123
1234
1192
1153
1228
1221
1109
1097
1135
1092
1051
1066
1154
1115
1121
1169
1130
1065
1027
1019
1087
1094
1123
1229
1183
1102
1079
1168
1174
1133
1056
1040
1079
1110
1078
1166
1188
1131
1117
1132
1115
1034
999
1062
1223
1143
1111
1112
1124
1054
1071
1129
1116
1060
1121
1120
1059
999
994
947
993
986
1014
1111
1046
1041
1208