1197
1137
1035
1027
985
914
892
915
1012
1112
1131
1183
1247
1264
1279
1341
1254
1277
1453
1411
1168
1069
1015
1043
1097
1195
1216
1068
1032
985
930
900
884
882
901
905
933
978
1021
1060
1058
1063
1092
1035
1007
1142
1268
1253
1346
1261
1112
1077
992
955
990
1019
964
1038
1133
1061
1055
1072
1139
1127
1095
1101
1101
1080
1077
1124
1182
1156
1078
1136
1104
1059
1143
1232
1108
1088
1279
1230
1180
1242
1240
1199
1272
1177
1126
1124
1165
1254
1207
1234
1115
1120
1108
1073
1143
1147
1114
1264
1225
1185
1202
1158
1124
1174
1218
1126
1139
1040
996
939
935
931
999
1023
1042
1005
1083
1020
994
962
967
1021
1035
1086
1032
1056
1097
1117
1059
1033
1089
1357
1386
1281
1212
1201
1129
1081
1074
1130
1173
1125
1171
1301
1185
1224
1150
1022
1036
1227
1253
1176
1309
1309
1180
1182
1160
1092
1099
1139
1132
1118
1171
1145
1130
1197
1182
1228
1240
1207
1111
1098
1132
1397
1242
1124
1160
1144
1098
1202
1199
1076
1131
1222
1195
1175
1193
1214
1157
1162
1293
1310
1272
1212
1190
1049
993
1034
1136
1139
1160
1219
1216
1233
1245
1158
1195
1184
1122
1113
1232
1294
1243
1349
1333
1240
1192
1207
1124
1062
1201
1329
1143
1182
1185
1188
1212
1179
1144
1180
1180
1126
1131
1160
1166
1144
1170
1215
1112
1112
1120
1076
1061
1215
1233
1083
1034
1070
1134
1150
1222
1217
1191
1247
1275
1183
1169
1165
1110
1119
1125
1188