1172
1163
1217
1295
1229
1208
1195
1244
1176
1219
1387
1277
1172
1220
1237
1191
1200
1214
1241
1155
1126
1160
1201
1144
1106
1188
1187
1135
1157
1202
1164
1171
1227
1203
1106
1169
1181
1119
1138
1171
1109
1116
1136
1125
1067
1047
1054
1152
1163
1140
1056
1015
1028
1092
1188
1171
1170
1090
1079
1095
1115
1090
1164
1195
1109
1060
1115
1268
1165
1167
1145
1101
1143
1166
1112
1091
1120
1126
1137
1160
1180
1104
1070
1088
1125
1100
1129
1170
1119
1063
1098
1132
1086
1084
1126
1131
1067
1038
1038
1068
1032
1035
1080
1114
1043
986
1012
999
1012
1017
1078
1033
1048
1104
1099
1240
1217
1122
1117
1150
1114
1096
1120
1167
1140
1119
1286
1331
1242
1112
1062
1083
1120
1129
1080
1130
1206
1177
1089
1091
1139
1105
1137
1184
1195
1181
1185
1176
1119
1130
1180
1297
1255
1208
1205
1236
1251
1179
1180
1200
1181
1149
1202
1255
1224
1262
1220
1154
1189
1239
1153
1196
1167
1118
1080
1165
1234
1244
1164
1122
1126
1069
1074
1106
1116
1102
1104
1113
1170
1151
1124
1170
1147
1109
1172
1111
1110
1208
1177
1143
1165
1199
1166
1125
1117
1084
1052
1083
1111
1230
1161
1146
1183
1186
1116
1104
1109
1082
1037
1050
1108
1158
1119
1137
1114
1075
1069
1093
1129
1130
1151
1163
1144
1113
1129
1146
1104
1048
1029
1050
1055
1023
1046
1093
1047
1034
1033
1054
1036
1030
1008
979
972
1045
1149
1157
1106
1055
1064
1095
1120
1099
1152
1165
1161
1115