1014
980
987
1058
1193
1043
1092
1141
1047
1088
1176
1168
1194
1026
1058
1131
1082
1046
1119
1156
1028
1078
1161
1116
1120
1208
1185
1088
1074
1107
1126
1104
1074
1124
1224
1209
1142
1244
1143
1103
984
1107
1062
1206
1404
1271
1126
1137
1155
1079
1058
1081
1162
1122
1139
1420
1482
1336
1212
1253
1254
1399
1319
1317
1259
1341
1400
1275
1279
1336
1287
1364
1372
1242
1283
1272
1193
1307
1353
1199
1196
1241
1164
1267
1343
1270
1297
1387
1301
1352
1424
1372
1300
1394
1410
1316
1355
1253
1110
1112
1287
1333
1250
1355
1272
1233
1280
1322
1191
1179
1190
1106
1044
1031
1101
1092
1102
1249
1173
1091
1180
1233
1190
1164
1249
1215
1146
1245
1238
1171
1242
1330
1249
1266
1453
1287
1252
1305
1201
1188
1297
1272
1223
1313
1300
1174
1169
1142
1092
1131
1421
1302
1253
1322
1281
1235
1164
1067
1008
984
970
983
938
935
984
1054
1047
1057
1094
1079
1035
985
989
1048
1055
1001
979
1175
1433
1277
1266
1321
1348
1176
1285
1350
1284
1175
1253
1248
1194
1399
1393
1253
1311
1298
1209
1187
1249
1178
1153
1254
1197
1124
1163
1127
1068
1006
1064
1382
1269
1116
1148
1158
1192
1151
1140
1214
1168
1117
1108
1146
1100
1070
1097
1090
1032
946
974
1416
1163
970
930
896
903
902
867
888
898
937
910
883
863
873
860
889
938
1028
1055
1051
1132
1083
989
998
997
991
957
1010
1034
1035