167
230
404
807
396
159
237
399
392
353
56
402
404
394
798
391
412
401
397
396
384
414
392
413
404
397
390
402
405
401
412
403
396
786
824
410
399
392
412
394
419
409
406
392
404
410
400
418
405
398
394
403
414
403
408
401
396
401
394
415
405
396
404
396
406
389
422
400
402
402
392
408
408
407
530
267
404
391
411
799
150
258
397
407
400
414
400
401
403
392
411
406
411
396
143
263
404
395
418
409
408
396
403
407
394
423
411
398
410
396
820
413
391
411
408
404
419
402
400
403
401
419
404
404
407
392
421
410
401
402
396
422
402
403
406
398
414
409
399
401
406
418
394
405
409
401
418
404
399
402
391
423
406
400
406
397
405
808
406
397
401
396
412
405
404
401
396
406
393
416
399
394
405
404
400
402
384
410
408
391
402
402
401
399
388
406
404
394
398
383
413
397
396
397
381
412
397
391
388
391
405
396
393
390
378
406
392
389
396
387
391
389
402
392
384
389
377
404
393
391
388
383
395
391
385
1155
393
397
382
387
389
376
398
392
385
387
381
385
381
397
392
380
379
386
389
383
395
759
387
373
397
386
380
382
375
384
375
396
380
377
379
367
391
372
394
383
376
749
386
369
390
382
377
379
373
377
370
386
381
381
745
381
366
383
379
381
742
379
368
382
366
277
110
368
373
376
364
381
366
388
369
375
734
377
361
765
371
733
378
367
374
376
377
366
373
370
362
745
756
367
369
366
374
359
384
370
375
358
376
369
351
386
361
380
373
230
135
377
363
732
378
362
377
374
363
510
218
374
356
371
365
381
368
366
364
354
1104
363
378
366
367
357
369
361
362
366
361
377
359
375
361
364
147
217
364
367
356
378
351
380
365
371
350
179
191
370
361
368
354
375
354
380
364
368
502
222
366
346
383
370
369
366
359
716
380
352
742
371
367
360
507
217
362
358
364
359
379
357
374
365
357
726
720
364
353
370
364
375
359
370
715
368
354
364
361
375
248
119
364
719
136
226
428
297
360
1105
363
368
358
142
588
355
375
737
371
364
145
580
364
354
373
359
379
1106
371
375
358
371
362
368
368
380
376
378
377
366
372
363
378
369
378
370
265
111
368
745
132
233
373
358
380
369
382
358
379
497
234
373
362
378
364
380
364
370
1093
365
370
362
371
372
359
367
354
367
356
369
352
367
355
372
293
59
373
367
359
496
218
355
362
362
352
360
351
375
354
373
354
358
360
356
355
361
357
346
371
350
364
367
726
355
344
369
714
358
354
361
352
364
354
362
367
358
346
366
349
145
220
711
360
716
360
364
356
363
346
368
499
214
710
364
349
366
1076
363
346
370
477
589
146
207
711
122
235
350
360
350
368
342
362
358
248
113
352
353
360
349
354
354
356
349
362
343
368
344
369
354
361
351
358
710
486
220
126
580
359
344
367
345
724
357
137
218
511
200
131
218
710
358
347
359
343
366
351
360
355
364
351
366
353
362
350
360
710
352
711
135
216
350
360
356
348
366
346
354
361
367
352
253
108
343
371
502
206
505
349
211
354
486
225
354
356
357
353
357
349
362
347
361
349
370
344
362
351
672
49
369
351
722
354
339
369
508
201
115
239
355
356
349
359
352
364
344
375
342
131
231
357
366
351
362
354
341
167
199
353
115
237
145
210
352
127
230
356
352
355
349
364
344
368
338
374
344
367
352
263
96
350
422
295
352
346
363
706
497
215
350
357
103
243
363
356
353
358
350
711
367
350
365
343
724
317
52
354
366
1066
141
212
348
148
216
347
361
362
348
359
350
372
346
364
354
347
377
368
354
357
361
711
141
210
358
355
357
714
352
362
351
371
345
728
359
254
103
367
346
366
330
149
231
361
351
360
346
376
353
322
39
356
365
359
222
145
356
352
346
368
355
131
654
281
366
342
376
355
367
356
360
361
129
225
420
289
370
348
321
402
272
98
354
367
344
503
224
354
362
354
359
367
364
364
713
354
714
355
357
359
352
361
393
321
352
371
363
355
215
501
708
514
199
354
352
357
351
704
366
711
354
353
357
360
331
378
361
342
715
351
354
137
356
208
476
228
356
346
359
336
369
346
362
351
362
349
363
708
340
365
697
354
701
351
134
218
705
124
227
468
232
330
370
357
344
356
346
357
346
352
349
366
1055
281
74
351
357
350
360
349
354
345
357
337
364
484
218
484
213
106
248
118
229
352
350
353
349
355
344
358
340
54
650
366
342
709
364
238
111
354
349
229
130
340
229
132
481
218
1054
351
341
361
701
350
350
354
346
356
348
355
346
843
233
325
370
346
369
343
320
43
298
54
357
359
261
92
350
244
118
506
203
705
705
142
564
344
149
211
1060
106
239
363
344
354
349
365
342
360
347
365
348
613
104
354
352
240
122
341
365
338
146
222
701
348
149
208
343
150
213
350
353
344
357
359
343
363
346
358
346
369
333
373
344
359
354
364
348
361
347
362
342
716
349
702
466
235
134
353
214
489
214
124
226
353
115
234
351
354
348
354
348
354
347
354
346
696
356
343
48
308
700
352
353
350
363
339
360
343
354
286
72
352
1060
345
364
342
360
702
471
227
474
229
698
346
124
361
217
131
570
473
227
350
349
350
349
413
274
364
385
324
336
369
345
360
339
264
98
343
359
342
358
698
696
701
1048
351
341
357
488
208
478
218
128
218
352
112
234
348
354
340
350
702
346
354
337
354
346
358
340
361
340
371
330
361
337
367
339
998
58
349
355
345
245
110
348
243
111
343
357
340
357
350
696
349
698
696
843
203
349
347
351
348
347
128
217
353
341
354
127
220
350
350
344
352
346
412
277
356
343
361
336
359
341
354
619
82
349
357
342
354
326
370
334
361
439
251
349
339
145
213
338
141
215
132
563
480
213
128
213
141
348
207
691
687
348
143
206
122
355
214
464
228
464
220
358
339
127
219
347
348
343
347
344
122
221
349
345
346
347
343
686
351
344
347
347
689
340
143
210
120
357
214
137
342
564
341
133
215
347
349
346
348
346
350
342
351
345
351
342
351
341
353
340
354
342
354
339
683
67
294
347
351
346
359
329
371
338
363
331
366
331
362
339
357
344
356
340
366
335
707
361
345
356
346
359
341
238
121
334
252
113
1052
344
339
356
692
696
692
346
479
220
341
137
558
350
339
1052
338
356
336
310
40
315
32
363
281
60
360
251
90
358
243
91
236
128
481
211
346
693
345
490
202
475
217
346
699
328
361
340
351
345
350
344
350
344
352
341
346
700
344
349
344
349
345
350
341
351
341
351
346
349
343
351
342
350
344
349
342
345
123
222
343
350
345
127
220
125
334
234
482
209
129
354
207
688
1043
342
339
351
345
350
340
353
343
350
341
352
340
355
335
302
206
551
343
348
351
349
342
353
343
356
333
137
225
565
125
696
343
575
124
343
236
118
340
356
344
354
341
244
111
343
358
345
696
340
355
332
364
334
362
335
355
558
356
131
344
344
354
334
357
338
355
336
358
336
355
337
354
330
360
338
355
1033
346
118
574
486
201
688
346
132
560
342
348
344
346
692
337
352
340
353
338
354
341
354
339
354
347
355
250
93
353
346
357
337
361
353
711
361
342
372
710
354
358
357
601
114
242
104
245
111
359
351
364
484
219
471
229
509
195
702
705
340
360
341
357
340
139
221
136
561
490
208
695
335
154
204
336
358
695
332
358
340
351
338
354
335
354
339
351
330
360
329
358
338
351
339
352
341
353
338
352
341
683
354
342
300
45
346
355
338
306
387
298
63
344
291
402
357
340
356
343
356
339
357
335
361
346
691
691
345
471
218
692
482
207
344
137
561
340
344
349
340
354
488
198
691
496
536
344
481
205
479
210
469
216
683
467
215
345
130
344
214
339
335
140
208
125
357
200
686
124
337
221
329
357
683
332
348
338
347
336
349
335
682
354
334
354
332
348
337
355
328
688
347
339
349
336
342
343
350
337
343
342
345
341
115
351
218
128
557
688
336
347
332
694
342
336
347
289
42
300
389
689
358
111
216
353
340
350
340
687
347
684
469
215
688
104
579
407
275
341
341
344
340
121
222
122
220
345
135
547
132
211
472
215
464
218
481
205
492
190
343
324
360
115
572
1027
341
682
333
348
332
351
330
354
335
346
340
347
338
347
340
691
347
347
342
348
344
338
352
267
73
347
344
281
71
341
353
340
301
396
270
75
344
260
91
343
354
342
355
693
336
356
340
354
342
355
339
701
346
328
157
203
331
365
329
361
694
341
352
340
354
339
241
112
342
354
237
94
357
348
688
343
688
692
691
688
345
689
690
342
688
689
686
686
329
506
194
339
335
351
336
347
334
348
332
351
331
353
334
938
84
338
347
336
344
339
349
334
350
340
351
335
355
278
408
340
347
343
294
50
335
347
131
200
365
330
350
332
357
394
295
335
352
687
341
687
685
688
461
224
465
224
1024
338
334
349
331
352
331
347
342
682
681
340
333
348
335
351
333
348
338
351
338
350
337
349
337
352
337
353
337
688
687
355
329
357
341
351
335
352
331
364
327
353
336
349
341
342
347
349
329
358
338
351
337
347
341
348
338
347
340
344
343
122
564
337
346
1032
342
337
345
343
347
337
352
334
354
335
352
331
360
1021
348
337
351
341
347
340
107
369
209
344
688
339
345
337
350
688
327
357
684
335
346
344
337
349
330
310
384
682
355
339
350
338
356
332
359
330
693
358
334
356
333
362
333
358
329
358
689
692
339
354
124
213
357
339
354
341
690
354
333
356
342
351
341
351
343
348
337
352
686
342
347
1030
346
336
350
338
348
337
349
332
352
340
347
338
347
343
342
343
336
354
326
356
691
684
686
335
348
342
347
337
349
340
344
339
348
336
134
211
688
687
339
337
349
330
355
330
696
336
338
350
338
352
336
352
335
351
339
353
338
351
339
343
350
337
352
340
352
341
341
355
339
354
335
354
341
353
343
346
348
346
340
355
335
356
342
693
355
338
355
342
355
344
354
340
359
340
695
360
338
699
351
347
354
344
694
359
338
359
335
359
330
367
332
360
336
353
344
353
338
359
333
350
344
346
342
686
356
331
359
336
351
338
352
341
344
340
349
342
345
339
349
338
345
339
347
339
347
327
356
470
213
340
683
330
351
684
333
349
338
345
334
348
336
343
339
1025
340
349
335
351
335
352
338
354
337
690
340
351
342
690
336
354
342
348
344
303
393
308
381
360
288
49
358
341
352
340
700
348
343
354
340
353
341
356
341
355
339
356
338
354
350
345
334
357
341
354
340
351
343
353
337
355
337
354
338
354
340
692
349
341
351
282
60
354
338
354
340
356
337
356
340
356
339
355
343
355
341
354
345
353
340
354
341
356
339
355
340
355
340
356
336
358
340
359
337
358
338
694
308
50
349
350
338
356
334
359
691
348
353
339
357
341
354
343
352
347
303
54
339
357
342
1002
48
346
351
345
358
336
362
342
348
344
354
341
697
696
353
343
352
346
353
692
349
694
359
339
356
339
354
341
359
341
355
341
356
347
353
343
354
338
359
336
358
335
361
335
360
343
358
339
347
350
354
343
356
341
356
343
357
336
699
359
339
356
341
354
342
354
341
354
342
353
342
354
343
352
341
353
341
346
344
354
341
352
343
351
339
351
338
345
345
350
339
349
334
354
1031
348
344
338
351
342
689
352
338
352
345
335
358
138
208
695
348
340
353
346
351
698
342
691
355
695
348
471
221
353
700
352
345
355
347
357
706
352
358
343
364
349
360
354
357
349
364
355
360
353
125
234
484
236
357
1082
360
721
720
364
722
347
376
359
352
370
344
377
364
351
369
363
349
367
362
358
364
362
354
727
363
359
369
360
371
358
370
363
365
343
388
371
370
365
372
367
377
362
380
359
384
365
383
364
381
373
374
375
1122
373
372
377
378
368
380
373
367
384
373
367
382
361
386
376
373
749
747
361
387
748
514
234
363
157
225
742
374
370
377
369
372
373
373
370
740
376
369
377
368
375
370
750
386
372
384
373
389
375
632
132
380
375
382
371
387
376
384
379
380
377
384
378
381
383
377
121
258
378
374
383
387
377
388
374
392
375
394
381
1167
387
394
388
394
389
387
390
388
386
390
384
388
392
385
393
388
397
382
398
392
398
389
400
385
398
385
401
783
398
391
405
390
404
398
396
401
396
396
396
1586
408
390
414
399
406
399
403
400
403
399
400
404
398
410
399
416
399
411
393
415
404
406
408
407
413
413
407
406
401
414
401
417
406
416
399
417
405
409
412
404
420
412
415
399
417
408
410
419
409
422
408
413
412
409
413
403
423
403
421
415
407
409
142
268
411
405
418
407
425
409
411
414
413
412
410
419
410
425
416
413
555
255
426
410
426
418
413
412
415
412
406
418
406
425
417
413
376
440
422
408
422
410
422
420
412
385
435
418
410
428
416
420
409
411
416
406
419
416
423
415
415
412
411
416
415
428
416
424
409
1247
424
416
427
419
411
423
411
424
414
432
417
421
413
417
423
422
422
416
417
423
415
426
418
411
420
416
431
402
425
420
424
415
414
408
431
414
414
417
412
426
408
407
429
407
416
409
408
422
396
417
412
413
407
402
401
414
409
399
404
396
414
405
398
403
391
414
400
397
403
394
408
399
401
394
394
403
394
401
394
391
397
392
406
391
392
394
381
403
390
396
377
393
392
379
396
387
396
382
386
386
379
398
379
388
391
379
380
382
386
378
396
380
382
382
375
392
374
393
384
385
377
379
380
372
391
377
387
375
385
374
377
378
372
381
373
389
380
380
369
379
372
748
370
386
378
378
370
376
372
371
379
365
381
367
385
372
376
376
363
373
374
377
367
381
371
377
387
377
377
373
380
365
388
372
385
382
383
370
378
378
367
383
371
380
384
372
376
366
376
365
374
366
381
363
381
365
373
362
371
366
362
367
358
377
360
375
365
364
355
368
364
357
365
356
370
356
375
357
373
357
369
357
364
355
365
360
357
363
351
368
354
370
351
374
358
367
357
362
716
356
359
128
229
355
361
350
364
351
366
352
365
354
366
360
240
117
353
362
346
150
215
354
357
357
354
357
349
367
353
356
722
354
361
354
363
352
358
342
152
215
359
711
350
356
354
357
351
362
350
367
359
354
363
351
362
356
349
358
351
152
206
831
233
351
361
343
360
349
356
350
362
349
359
351
365
351
361
347
362
345
360
348
356
352
353
134
218
352
359
345
359
344
363
348
361
344
364
348
362
348
360
348
358
346
354
343
361
348
353
353
350
353
349
351
351
347
353
354
344
354
338
362
345
357
346
359
344
361
344
363
346
359
347
709
350
339
359
351
351
350
350
352
344
354
345
354
345
361
343
361
344
360
348
355
354
229
114
359
349
338
362
347
352
1051
345
354
345
354
344
361
341
364
342
361
348
356
346
710
348
346
351
341
358
348
142
210
351
346
351
346
352
345
351
345
360
340
357
345
357
347
304
57
344
360
349
351
356
347
347
355
346
354
343
356
340
359
485
215
349
346
351
344
358
329
358
351
356
348
361
343
357
345
357
343
354
342
352
343
354
341
352
350
344
354
343
352
342
351
341
352
339
361
336
357
344
355
348
356
342
354
350
499
194
349
134
207
355
346
352
348
348
350
347
353
344
347
348
360
341
362
338
364
338
363
340
361
343
359
348
359
344
357
343
357
493
556
345
352
697
345
353
344
355
336
355
342
361
338
362
338
363
338
361
342
303
58
344
360
347
359
336
359
333
364
337
358
343
157
196
477
218
351
344
349
345
350
345
351
343
349
346
356
335
355
334
366
340
360
339
302
56
339
357
342
356
342
354
1044
347
694
345
352
345
349
348
344
350
342
354
342
352
341
354
342
364
331
349
353
353
346
354
135
214
354
347
355
342
355
342
355
1037
347
693
341
354
341
349
342
349
339
354
344
694
339
354
335
354
337
356
335
354
335
364
331
359
336
357
335
359
337
359
337
357
337
360
339
360
341
492
209
348
342
354
335
357
338
354
340
356
690
695
343
345
345
342
689
347
691
340
349
338
350
338
349
339
338
345
362
335
355
339
356
334
358
342
354
343
341
354
347
340
354
344
351
341
353
333
357
341
348
1035
345
342
347
343
347
347
342
350
336
349
337
688
356
334
354
343
354
339
356
338
356
342
355
341
353
341
348
354
343
341
349
343
348
337
355
483
210
343
349
134
335
222
692
349
339
353
337
349
691
333
359
334
357
335
356
338
693
300
400
355
340
354
344
352
345
352
338
356
349
339
356
346
693
692
697
694
341
145
209
345
354
347
130
219
693
348
340
353
342
351
700
337
357
343
354
348
357
345
262
94
342
354
351
351
346
357
344
355
344
355
344
354
1045
346
343
354
344
353
346
351
351
347
348
346
350
346
690
351
694
340
351
340
350
342
351
339
689
352
343
348
342
353
342
357
331
356
337
354
336
689
359
338
355
340
306
50
342
355
342
282
71
341
355
340
354
349
340
355
332
361
331
358
344
690
333
148
208
346
480
215
344
335
132
227
690
347
343
1042
341
348
342
348
342
348
342
348
340
352
341
349
342
349
340
351
344
356
337
356
336
358
340
306
45
351
359
343
356
346
344
356
340
354
337
357
334
356
691
340
350
487
205
346
693
343
347
343
348
343
347
348
343
347
341
348
339
684
354
339
348
341
347
343
347
341
348
338
351
341
350
338
351
339
352
338
345
336
358
340
350
341
354
336
347
344
361
332
360
335
360
337
693
354
342
352
338
690
371
341
353
350
1056
351
355
351
357
350
356
349
362
342
718
349
346
355
328
373
700
346
355
340
152
207
344
354
348
352
348
135
214
349
347
695
349
338
356
342
351
342
353
338
351
341
351
340
350
340
348
341
347
341
350
119
216
351
338
129
222
478
210
133
345
211
488
199
687
687
343
331
354
338
350
683
333
354
331
694
342
337
349
338
352
333
253
102
339
352
334
355
334
353
335
352
333
351
1030
344
689
334
354
336
352
332
356
836
197
343
341
350
337
354
343
346
344
342
347
340
348
339
688
351
336
348
337
350
339
347
340
346
339
346
339
347
337
349
686
338
347
339
349
337
347
337
342
345
346
337
344
348
352
332
356
335
357
330
359
335
357
334
360
335
354
337
357
339
350
344
357
339
358
335
351
336
358
343
354
340
356
342
355
340
352
350
336
359
342
353
344
347
344
349
355
336
355
341
352
347
1045
347
343
354
345
350
348
351
699
348
351
345
356
699
348
338
151
210
701
352
355
348
358
287
56
359
347
705
351
352
357
349
354
353
343
360
340
366
708
343
368
345
364
346
359
354
354
353
292
67
351
364
348
364
349
365
346
360
352
712
363
354
358
356
362
354
358
355
356
359
355
505
215
356
345
373
718
354
362
356
364
358
363
357
366
353
722
375
357
369
360
370
360
370
360
370
366
371
362
374
363
373
366
373
367
375
366
376
363
383
371
378
366
382
370
368
383
372
373
247
122
376
387
369
381
366
378
377
373
369
376
374
505
239
374
365
374
379
371
366
376
386
368
385
378
382
378
381
378
385
381
376
383
382
368
533
244
378
383
377
383
375
381
377
393
375
389
382
384
373
771
383
380
377
145
243
380
385
378
387
377
396
379
393
384
382
394
385
377
393
386
385
387
384
389
381
395
379
397
383
394
387
389
381
393
385
140
250
391
384
393
383
389
387
399
389
396
389
396
383
397
524
257
135
260
390
392
388
395
388
399
388
406
394
400
394
398
390
397
398
394
398
392
401
395
403
409
407
410
403
397
408
403
399
410
405
405
406
401
403
398
408
397
417
404
406
403
396
406
398
415
401
409
397
404
399
398
402
395
408
391
414
396
407
793
403
396
408
400
415
397
408
396
403
401
395
406
400
413
400
405
400
398
401
396
415
396
415
400
404
403
140
263
403
398
408
399
416
401
407
397
408
401
397
408
396
415
406
401
400
401
407
399
420
403
414
403
803
409
409
409
411
409
402
407
403
414
412
413
404
412
408
403
413
406
418
412
406
410
404
414
408
414
413
410
411
404
425
408
421
397
418
414
410
424
408
412
415
401
423
410
418
407
405
415
404
423
402
410
409
402
422
407
409
407
400
408
402
418
406
409
403
402
405
400
414
409
408
400
405
406
396
415
403
413
397
408
402
397
414
401
414
403
393
411
398
409
406
413
406
404
404
402
407
396
416
408
405
399
404
404
397
409
406
411
404
404
406
398
408
399
416
405
409
397
406
406
399
420
405
412
401
400
411
398
411
410
407
402
402
406
400
418
403
408
404
399
406
398
418
403
405
403
402
403
397
414
405
405
397
401
401
397
409
404
404
405
397
398
398
406
401
407
399
806
395
415
405
403
400
396
403
394
415
401
407
390
408
405
401
413
403
397
406
396
403
402
414
402
402
404
398
402
396
413
401
403
396
400
400
396
411
400
403
396
397
399
397
412
397
405
396
401
794
409
398
412
388
409
402
395
406
395
413
390
405
396
392
405
394
411
394
397
399
394
399
392
406
395
403
392
395
396
393
399
389
406
391
395
400
390
397
388
402
388
401
394
392
780
399
388
405
391
399
391
394
394
392
399
384
345
61
394
400
394
391
395
389
394
391
395
395
398
398
391
380
399
396
387
396
384
405
396
396
389
392
391
390
403
390
404
395
397
385
396
397
389
402
389
401
397
388
393
391
400
384
404
396
397
390
394
383
396
397
390
400
398
397
391
393
392
380
409
386
405
396
399
395
399
393
395
398
394
392
399
394
399
397
403
398
395
404
401
400
398
402
407
403
399
399
407
401
402
407
405
401
406
403
405
406
404
410
408
409
411
405
406
409
411
407
409
410
413
407
409
418
406
401
407
406
406
411
405
409
412
407
408
414
409
410
416
411
411
415
413
413
418
413
419
415
420
419
420
427
428
431
434
436
438
441
445
450
455
459
463
469
469
475
476
477
474
470
463
466
461
450
463
458
458
459
453
460
452
456
456
450
458
457
459
454
455
461
459
458
461
459
464
462
460
462
466
461
459
462
457
466
464
459
467
460
462
463
464
460
462
467
463
467
470
465
474
466
473
476
473
476
479
475
479
476
952
479
475
477
475
477
477
472
474
471
467
468
465
467
463
466
467
468
472
468
471
473
479
477
483
477
481
479
481
479
484
481
487
486
490
485
494
492
495
492
497
491
498
499
502
505
505
504
504
504
504