1175
1325
1165
1116
1310
1355
2461
1226
1078
1126
1194
1192
1136
1153
1138
1159
1178
1213
1158
1132
1185
1229
1177
1104
1156
1244
1230
1144
1195
1252
1271
1172
1177
1238
1266
1190
1143
1271
1319
1305
1175
1177
1210
1159
1134
1190
1229
1109
1131
1168
1143
1080
1108
1140
1157
1106
1145
1229
1183
1109
1140
1195
1139
1210
1282
1268
1275
1284
1197
1098
1120
1133
1099
1119
1178
1203
1135
1148
1157
1083
1099
1113
1158
1102
1144
1163
1201
1141
1164
1176
1118
1062
1092
1193
1132
1068
1101
1142
1140
1080
1146
1184
1144
1132
1104
1103
1061
1134
1167
1103
1100
1128
1133
1070
1099
1159
1116
1085
1145
1082
1054
1101
1132
1064
1055
1107
1186
1185
1124
1146
1111
1102
1075
1008
1070
1176
1139
1052
1034
1011
1035
998
1016
1033
1018
1002
1033
1091
1128
1032
1062
1081
1132
1096
1026
1006
1056
1063
1103
1080
1043
1084
1167
1219
1162
1047
1057
1061
1120
1217
1238
1255
1176
1104
1079
1132
1274
1305
1222
1108
1104
1142
1050
1020
1039
1166
1142
1150
1172
1117
1136
1217
1151
1124
1015
979
975
949
1004
1080
1104
1081
1324
1297
1162
1063
1057
1041
1069
1131
1201
1256
1206
1340
1283
1140
1188
1413
1414
1301
1116
1177
1320
1210
1257
1303
1175
1073
1224
1414
1271
1189
1176
1161
1082
966
932
926
900
888
943
1179
1226
1117
1060
1065
1048
1029
1002
972
937
919
948
1275
1314
1226
1259
1156
1027
1031
1086
1095
1077
1308
1307