895
884
912
1002
1048
1014
950
902
900
956
1006
1046
1036
987
1013
1024
976
912
919
950
922
907
922
917
862
854
875
937
978
944
1026
1037
972
1011
1040
1015
938
913
948
981
950
947
1104
1093
1053
1007
985
997
1002
984
913
808
771
810
768
748
731
715
723
786
846
855
868
888
847
787
776
787
793
830
892
969
1057
1065
980
877
115
78
645
862
925
867
827
838
857
950
1070
927
849
830
819
841
854
869
854
840
844
825
800
817
811
792
769
740
723
753
722
720
757
826
853
885
913
892
924
961
1000
1009
932
946
1042
1229
1195
1151
1110
1049
958
991
1234
1195
1146
998
956
1009
1051
1088
1082
1074
990
945
962
964
961
873
853
861
923
1037
1005
1078
1130
1098
1055
1041
1048
1046
1002
1011
1037
1054
1043
983
990