1294
1281
1227
1161
1221
1275
1237
1097
1081
1152
1311
1275
1174
1144
1147
1112
1015
1029
1130
1147
1177
1175
1185
1194
1105
1101
1176
1136
1150
1292
1274
1237
1301
1254
1133
1200
1273
1175
1183
1267
1261
1098
1069
1191
1384
1283
1192
1265
1211
1159
1180
1172
1166
1253
1263
1214
1250
1248
1124
1185
1170
1052
1094
1151
1109
1012
1026
1056
1154
1240
1188
1101
1210
1197
1157
1144
1114
1111
1231
1204
1114
1055
1053
977
973
1021
1107
1080
1121
1133
1073
1046
1051
1047
1039
1010
1064
1107
1149
1085
1258
1433
1354
1259
1192
1178
1142
1099
1091
1174
1313
1200
1154
1319
1362
1218
1400
1371
1262
1269
1285
1191
1308
1348
1319
1288
1205
1151
1326
1345
1258
1321
1325
1224
1304
1401
1354
1372
1366
1310
1283
1231
1146
1213
1272
1166
1226
1336
1267
1190
1217
1146
1098
1229
1282
1170
1218
1286
1269
1149
1281
1330
1354
1397
1391
1349
1294
1370
1303
1185
1365
1387
1238
1374
1260
1144
1254
1156
1252
1381
1188
1216
1276
1196
1270
1235
1242
1260
1282
1221
1190
1325
1242
1060
1168
1362
1199
1340
1399
1182
1302
1342
1303
1340
1383
1291
1301
1345
1279
1167
1180
1168
1020
1014
1045
1001
1002
1038
1151
1103
1104
1225
1247
1156
1072
1028
1042
1148
1197
1159
1343
1257
1174
1263
1255
1181
1262
1312
1295
1237
1320
1319
1217
1293
1338
1242
1271
1308
1174