931
879
879
890
908
912
898
867
881
898
897
914
1088
1321
1212
1185
1170
1123
1054
1014
1031
1073
1090
1164
1219
1187
1110
1107
1082
1065
1061
1045
1066
980
1021
1104
1080
1049
1058
1044
953
949
974
1021
1031
990
995
940
938
990
1038
1037
1044
1063
1029
977
1033
1084
1063
998
965
958
938
943
1035
1149
1146
1097
1068
998
995
1066
1093
1032
1006
1075
1092
1046
987
1017
1030
1023
986
1062
1145
1135
1128
1120
1128
1139
1039
1018
1046
968
963
968
1021
997
1011
985
973
941
923
895
861
837
822
792
801
813
840
880
901
917
931
945
951
935
921
911
898
915
901
880
892
904
926
926
925
946
959
946
926
932
917
902
882
884
898
928
906
903
916
1035
1065
980
960
954
953
889
883
890
943
982
935
971
967
950
930
898
889
884
909
899
875
844
837
829
852
921
942
940
898
909
914
933
949
896
896
932
1017
1041
1075
1113
1254
1123
1018
1067
1190
1166
1056
1146
1151
1090
1068
1103
1181
1179
1074
1089
1102
1065
997
1068
1220
1222
1126
1252
1164
1133
1038
1059
1052
1062
1073
1185
1086
1062
1086
1222
1175
1049
974
1013
1110
1257
1308
1151
1113
1053
1012
970
1005
1087
1062
965
994
1070
1162
1112
1007
1041
1071
1047
979
1027
1064
1073
1100
1105
1246
1273
1186
1121
1171
1151
1116
1179
1128
1063
1032
1113
1201
1095
1110
1163
1109
1006
1041
1066
1056
1041
1103
1098
1041
1064
1171
1179
1132
1006
973
941
919
907
934
992
996
1002
1012
1010
967
921
919
921
938