979
1209
1089
1059
990
1006
1021
983
987
957
952
940
965
1052
1115
1096
1026
998
1035
1201
1137
1062
1079
1152
1136
1098
1048
1088
1176
1157
1100
1047
1078
1151
1152
1065
1056
1120
1146
1099
1050
1048
1094
1133
1085
1099
1119
1097
1038
1022
1049
1089
1103
1087
1008
1042
1070
1086
1069
998
1028
1045
1138
1141
1043
1188
1301
1210
1093
1108
1136
1176
1079
1067
1144
1162
1073
1040
1067
1099
1075
1017
1057
1107
1154
1029
1039
1147
1261
1143
1034
1070
1173
1200
1090
1071
1138
1224
1146
1076
2234
1099
1040
2187
1162
1113
1023
1060
1098
1050
984
977
1026
1105
1057
1050
1109
1111
1061
1024
1040
1079
1063
1031
1066
1087
1060
1035
1019
1023
1085
1234
1222
1125
1177
1250
1185
1114
1086
1153
1230
1141
1048
1044
1106
1235
1201
1146
1133
1156
1131
1120
1065
1076
1068
1013
990
1021
1160
1354
1258
1117
1128
1153
1106
1050
1037
1064
1100
1133
1079
1042
1074
1181
1270
1115
1032
1055
1003
999
988
1015
1052
1125
1018
1035
1100
1120
1046
1005
1078
1120
977
999
984
1044
1008
1005
921
915
913
896
881
888
876
868
1896
1084
1074
1021
1027
1114
1120
1044
1025
1030
1083
1104
1098
1075
1035
1057
1080
1083
1038
1025
1062
1060
1035
995
970
1021
1113
1156
1035
1070
1094
1015
979
942
910
909
918
905
907
969
1059
1084
1052
980
981
991
967
971
942
910
896
858
850
845
842
841
869
927
987
929
974
961
914
932
955
943
1028
1063
1110
1043
1167
1229
1097
1063
1098