983
1120
1064
1004
911
951
1021
1067
982
1002
1212
1241
1219
1077
1135
1440
1331
1218
1645
1442
1278
1332
1309
1164
1094
1067
1312
1253
1088
964
1034
965
897
950
1401
1299
1106
1171
1289
1265
1245
1324
1179
1128
1273
1365
1265
1146
1175
1283
1181
1141
1353
1431
1428
1366
1253
1271
1377
1336
1246
1329
1337
1106
1168
1305
1181
1353
1022
951
1008
1152
1083
1165
1159
1093
1048
1113
1166
1091
1129
1222
1194
1207
1188
1104
1004
932
963
1066
1026
1164
1229
1228
1139
1157
1148
1009
935
910
882
887
888
941
966
944
919
946
939
915
938
991
1000
980
1003
1058
1067
1023
1087
1077
1063
930
895
880
900
958
985
1013
1007
1012
961
949
1007
1051
980
1031
1124
1130
1071
1120
1144
1158
1099
1135
1142
1124
1115
1170
1137
1115
1172
1109
1043
1061
1215
1154
1069
1095
1112
1078
1034
1099
1130
1088
969
914
902
924
990
1028
984
974
982
1002
990
1003
1047
1064
1021
1007
1056
1104
1076
1041
1075
1073
1064
1021
1083
1197
1094
1043
1077
1103
1059
1124
1137
1151
1138
1163
1092
1032
1073
1122
1112
1010
1106
1030
941
954
926
948
975
962
924
920
950
932
888
894
931
909
896
920
1009
1103
991
907
896
989
1044
1087
1200
1167
1041
1168
1276
1275
1184
1177
1190
1176
1049
1090
1300
1328
1227
1188
1172
1193
1151
1226
1242
1246
1195
1228
1175
1118
1091
1090
1058
1239
1229
1109
1148
1142
1118
1124
1207
1219
1199
1172
1136
1109