1399
1428
1405
1369
1514
1379
1188
1529
1406
1547
1398
1405
1371
1281
1429
1358
1312
1308
1308
1293
1529
1485
1395
1442
1358
1396
1521
1408
1414
1429
1424
1522
1333
1390
1437
1356
1390
1275
1412
1446
1330
1398
1370
1318
1378
1367
1385
1432
1333
1459
1431
1402
1469
1406
1380
1443
1451
1462
1547
1456
1280
1496
1476
1430
1488
1492
1411
1490
1474
1524
1525
1496
1412
1432
1378
1326
1525
1427
1323
1459
1327
1354
1438
1378
1429
1373
1347
1424
1378
1332
1393
1315
1112
1244
1417
1321
1228
1099
1371
1297
1364
1321
1272
1372
1305
1235
1281
1232
1190
1280
1257
1205
1442
1359
1387
1392
1322
1354
1337
1350
1357
1250
1367
1369
1327
1359
1301
1333
1403
1300