1128
1134
1029
1044
1096
1068
991
1023
1062
1063
1063
1145
1085
1021
971
993
1049
997
1031
1090
1064
996
1045
1081
1035
1024
1063
1066
1012
1073
1083
1031
949
969
975
998
964
976
1035
1103
1055
975
975
992
1012
954
986
990
1005
960
978
1027
985
1002
1018
1025
951
979
1056
1044
1001
1004
1051
1025
989
1034
1010
965
938
1001
1042
1011
1022
1057
994
955
987
1006
995
965
1017
1044
996
982
1039
1023
975
990
1017
982
994
1008
1074
1006
1074
1139
1135
1050
1149
1192
1157
1096
1140
1109
1021
1100
1180
1142
1108
1197
1101
1035
1114
1135
1036
1073
1201
1089
1110
1154
1067
1040
1164
1220
1092
1071
1138
1104
1039
1060
1181
1132
1025
1027
1083
1064
1058
1118
1143
1069
1072
1162
1118