1385
1334
1229
1263
1371
1241
1300
1387
1370
1273
1375
1408
1373
1366
1381
1327
1197
1320
1407
1321
1309
1449
1394
1391
1464
1388
1276
1332
1317
1295
1368
1295
1302
1335
1229
1344
1384
1261
1384
1426
1263
1284
1336
1269
1260
1319
1285
1233
1393
1332
1167
1259
1253
1229
1306
1287
1143
1164
1205
1138
1102
1243
1301
1183
1140
1257
1252
1174
1166
1256
1263
1229
1313
1298
1270
1306
1352
1214
1156
1263
1247
1285
1402
1323
1233
1353
1345
1283
1367
1284
1256
1277
1277
1200
1332
1280
1151
1195
1329
1223
1294
1377
1237
1260
1349
1304
1170
1241
1266
1153
1192
1282
1169
1178
1286
1288
1232
1247