1057
1018
1001
1004
977
922
914
969
970
978
1268
1095
1981
936
956
1026
1087
1042
994
999
1021
1069
936
950
1000
1271
1157
992
977
1127
1191
1086
1051
1073
1121
1146
1073
1080
1128
1124
1044
1015
1129
1311
1226
1117
1053
1177
1271
1204
1057
1050
1063
1074
1095
1132
1194
1168
1084
1021
967
1017
963
960
1035
1348
1282
1084
992
1022
1062
1064
1054
1037
1074
1085
1069
1021
1104
1192
1184
1180
1080
1221
1221
1093
1151
1248
1099
1054
1111
1279
1154
1260
1234
1116
1077
1165
1221
1191
1133
1134
1160
1087
997
1122
1305
1268
1128
1154
1218
1178
1092
1146
1168
1099
1146
1215
1177
1071
1074
1111
1148
1146
1169
1140
1065
1129
1210
1150
1029
1093
1231
1158
1125
1122
1123
1049
1023
1021
1008
950
1001
1104
1089
1024
1068
1115
1130
1053
1100
1194
1197
1099
1101
1165
1201
1082
1097
1117
1097
1058
1077
1119
1018
1045
1183
1096
1033
1126
1161
1053
1050
1091
1046
1016
1036
1032
1009
995
1069
1135
1090
1044
1116
1128
1097
1152
1155
1112
1034
1137
1185
1088
1077
1129
1095
1039
1071
1136
1062
1044
1222
1247
1076
1082
1052
1036
1040
1146
1165
1083
1128
1126
1055
1079
1050
1087
1024
1158
1181
1143
1217
1220
1153
1104
1167
1151
1056
1070
1129
1079
1161
1260
1188
1018
1013
977
944
923
918
953
1163
1101
1067
1043
996
909
916
937
967
950
991
1073
1119
1046
1109
1134
1088
1096
1239
1154
1156
1187
1047
1017
1085
1207
1127
1192
1184
1095
1142
1067
1040