1233
1162
1271
1331
1264
1249
1337
1300
1202
1258
1269
1290
1192
1201
1416
1290
1211
1202
1229
1161
1085
1158
1286
1200
1133
1232
1263
1154
1164
1254
1192
1102
1212
1328
1212
1272
1313
1210
1172
1322
1231
1139
1229
978
984
1021
1067
1322
1307
1174
1167
1269
1213
1137
1234
1255
1160
1244
1359
1188
1183
1307
1339
1218
1334
1327
1213
1193
1229
1213
1158
1375
1310
1176
1229
1303
1207
1196
1241
1241
1179
1270
1234
1146
1221
1235
1187
1235
1330
1268
1189
1327
1281
1195
1274
1255
1189
1360
1391
1244
1340
1290
1166
1277
1308
1227
1359
1326
1207
1292
1290
1212
1277
1293
1201
1279
1250
1133
1113
1207
1182