1045
1086
1190
1134
1311
1307
1243
1090
1084
1185
1188
1199
1112
1146
1130
1104
1148
1260
1242
1215
1233
1185
1149
1201
1208
1169
1103
1175
1176
1100
1064
1157
1245
1283
1157
1208
1177
1146
1053
1059
1107
1158
1095
1034
1090
1263
1196
1141
1149
1227
1262
1191
1188
1178
1148
1090
1145
1158
1167
1103
1185
1324
1228
1123
1206
1296
1248
1101
1131
1178
1128
1033
1018
1173
1136
1001
947
963
1055
1146
1118
1064
1062
1116
1104
1087
1062
1048
1151
1208
1191
1174
1229
1199
1138
1192
1278
1167
1077
1138
1295
1211
1104
1175
1278
1254
1108
1215
1242
1169
1315
1266
1235
1127
1250
1209
1173
1024
1078
1179
1240
1162
1317
1247
1163
1085
1116
1193
1111