1252
1168
1092
990
1032
1032
1002
1000
986
993
1034
1243
1171
1077
1050
1118
1079
1051
1027
1046
1041
1026
1096
990
932
866
841
875
978
1206
1085
1080
1050
993
981
943
941
942
930
913
936
1010
1037
1061
1010
985
1002
995
999
969
994
1013
995
888
843
815
793
796
831
868
888
848
831
869
869
887
852
840
841
854
867
860
848
837
846
875
870
799
769
777
793
873
930
963
1025
1020
943
872
857
874
899
937
936
901
896
945
1245
1259
1131
1081
1027
1007
1025
1014
1120
1182
1111
1053
960
866
822
804
828
900
920
864
903
939
958
960
925
938
950
938
919
882
873
897
918
916
879
906
957
952
928
862
883
913
938
909
896
873
852
861
872
853
849
834
860
887
878
868
832
833
857
932
952
913
932
971
972
923
932
929
917
889
896
923
925
921
906
934
977
973
961
888
888
965
1102
1065
1038
942
928
943
1016
971
933
946
946
929
891
894
883
866
860
845
844
839
862
879
893
898
891
869
859
900
925
921
893
857
860
857
854
851
824
836
845
903
928
913
880
878
911
937
919
904
908
945
964
990
931
887
888
902
920
901
894
899
927
950
916
903
909
950
934
853
852
854
847
813
815
831
828
839
826
830
849
870
871
864
868
885
861
843
861
889
947
975
954
909
905
926
934
917
915
896
861
868
868
851
856
915
1227
1093
1000
1005
989
951
914
842
825
830
824
802
780
770
775
780
806
851
907
901
873
908
881
837
831
843
854
932
983
1000
969
927
922
903
872
882
913
1042
1080
1026
1067
1025