939
933
902
904
896
885
871
907
975
1059
1086
1069
969
920
935
982
1088
1032
1069
1004
963
1023
1064
1067
1052
1014
963
1009
1002
1046
1029
1020
1080
1240
1270
1209
1087
1053
1069
1055
1071
2171
1301
1200
1158
1119
1122
1071
991
1017
1146
1228
1169
1204
1195
1048
1021
2108
1051
1081
1108
1072
1002
1010
1058
1089
1093
1080
1253
1174
1063
1041
1072
1113
1061
1038
1068
1086
1035
1006
1024
1063
1036
1010
997
1032
1158
1120
1015
1053
1057
989
1002
1040
1054
960
996
1053
1088
1093
1136
1109
1079
1098
1096
1076
1075
1080
1085
1051
998
991
1000
975
971
961
1017
1059
1024
938
961
949
987
945
973
1021
1032
974
939
958
976
982
963
955
954
971
940
916
925
960
955
929
953
961
932
884
877
871
858
907
943
926
928
941
933
927
903
922
938
971
1016
964
969
907
880
863
850
868
908
943
934
942
999
1056
1139
1104
1024
1046
1061
1063
1010
991
1076
1171
1153
1088
1044
1030
1119
1139
1076
1070
1089
1135
1112
1073
1060
1071
1099
1100
1044
1063
1156
1133
1042
1057
1049
1098
1054
1048
1063
1064
1073
1160
1151
1114
1083
1087
1047
1023
1030
1067
1086
1044
1050
1133
1133
1054
971
966
1013
1092
1044
1089
1106
1028
956
921
942
994
1049
1048
1052
1045
1063
997
963
979
1022
1023
1084
1082
1118
1148
1082
1031
997
1038
1045
1031
1018
982
938
912
902
1021
1119
1094
1100
1133
1081
1018
1023
1026
981
933
967
1056
1032
1010
985
1046
1061
1015
1008
1001
927
912
922
985
1064