985
953
931
904
887
860
843
839
865
943
1070
948
887
1753
902
906
865
832
822
828
829
834
833
813
843
918
965
947
963
994
1003
985
962
913
925
1835
909
875
899
907
904
874
870
883
928
909
941
1986
950
916
934
937
937
908
930
941
919
869
849
855
1769
924
908
886
903
917
914
883
852
816
3124
760
738
743
750
787
875
878
869
825
833
836
835
821
814
809
793
801
824
1771
932
936
995
994
958
897
857
845
833
812
814
797
794
815
886
949
988
935
940
919
907
889
876
860
835
843
837
825
830
838
1756
947
889
892
914
950
935
896
1784
879
867
864
854
846
863
872
888
909
910
917
925
933
898
1777
938
961
933
951
979
933
2652
866
1673
828
798
790
787
797
813
834
844
827
1703
991
1029
1000
924
903
874
854
842
816
819
837
876
841
815
841
908
1027
1048
989
954
986
986
983
949
924
939
2273
1199
1092
1092
1107
1047
975
962
942
924
896
3006
1021
2118
1086
1045
952
1908
984
986
959
957
904
1963
1111
1051
1032
1052
1106
1075
970
953
931
918
910
948
993
1090
1045
1021
1049
1096
1128
1078
1021
980
2084
1077
1035
1049
1090
1092
1098