919
1045
1009
1061
1314
1309
1228
1074
1048
1021
1008
1011
1229
970
1025
1220
1442
1278
1196
1305
1094
1150
1120
1106
1153
1143
1244
1446
1412
1398
1354
1319
1248
1137
994
980
1166
1259
1323
1358
1250
1231
1293
1139
1147
990
1014
1116
1244
1230
1093
1245
1317
1255
1049
1150
1173
1026
1029
989
1184
1285
1300
1298
1175
1145
1253
1279
1221
1255
1317
1239
1173
1299
1398
1328
1180
1215
1259
1213
1313
1236
1118
1250
1313
1176
1206
1282
1141
1079
1043
1273
1298
1360
1347
1269
1308
1275
1261
1290
1257
1241
1304
1183
1083
997
1045
1172
1218
1358
1363
1345
1363
1308
1262
1333
1328
1255
1332
1383
1335
1363
1301
1171
1191
1299
1312
1313
1370
1292
1222
1247
1267
1239
1326
1310
1278
1266
1166
1154
1206
1158
1175
1216
1172
1234
1275
1186
1252
1285
1235
1301
1280
1210
1280
1252
1171
1159
1236
1212
1231
1279
1263
1261
1259
1215
1145
1213
1135
1112
1135
987
1072
1111
1257
1242
1167
1251
1250
1142
1114
1058
1097
1263
1293
1222
1222
1314
1268
1213
1123
1081
1182
1203
1116
1183
1286
1219
1287
1304
1238
1207
1216
1213
1199
1247
1297
1207
1258
1277
1225
1191
1235
1203
1157
1243
1258
1228
1295
1247
1233
1274
1251
1221
1229
1168
1071
1058
1050
1102
1211
1284
1216
1223
1228
1128
1076
1145
1211
1142
1151
1146
1041
970
984
1012
998
1045
1065
1048