1116
1047
1066
1195
1191
1146
1070
1058
1071
1066
1053
1074
1104
1207
1201
1162
1214
1235
1131
1152
1163
1068
1082
1153
1166
1127
1236
1232
1213
1198
1287
1299
1221
1287
1276
1194
1177
1271
1292
1237
1300
1337
1242
1178
1234
1177
1179
1271
1245
1188
1301
1302
1244
1260
1311
1342
1205
1235
1256
1175
1167
1244
1210
1175
1292
1202
1100
1168
1223
1186
1186
1263
1246
1159
1234
1301
1242
1196
1319
1313
1227
1207
1280
1211
1155
1220
1233
1143
1138
1230
1204
1300
1314
1217
1250
1255
1138
1099
1248
1297
1242
1269
1340
1218
1141
1293
1306
1271
1272
1363
1281
1205
1139
1250
1290
1175
1225
1241
1157
1239
1213
1108
1210
1263
1229
1181
1244
1227
1164
1218
1175
1108
1151
1248
1240
1117
1123
1301
1239
1120
1138
1152
1092
1192
1237
1139
1174
1223
1187
1143
1208
1267
1184
1231
1255
1189
1204
1222
1143
1148
1405
1311
1244
1498
1372
1235
1235
1325
1338
1287
1350
1293
1241
1354
1336
1240
1034
990
967
963
1072
1367
1219
1267
1229
1182
1127
1150
1150
1246
1226
1294
1377
1354
1321
1292
1352
1399
1254
1284
1313
1286
1388
1388
1128
1096
1258
1226
1103
1269
1382
1219
1129
1163
1197
1211
1239
1270
1276
1191
1147
1294
1354
1279
1340
1249
1237
1364
1306
1143
1238
1247
1108
1226
1302
1250
1150
1253
1266
1132
1193
1252
1154
995
997
1088
1182
1081