1451
1475
1481
1438
1347
1441
1430
1412
1481
1349
1448
1439
1344
1518
1366
1409
1500
1325
1421
1421
1345
1412
1382
1353
1485
1422
1381
1510
1396
1518
1477
1364
1361
1455
1346
1409
1461
1426
1523
1376
1387
1386
1346
1467
1385
1450
1515
1430
1500
1439
1406
1505
1386
1442
1440
1434
1482
1384
1436
1511
1450
1400
1484
1339
1340
1452
1363
1402
1478
1360
1402
1402
1312
1413
1402
1359
1530
1457
1339
1375
1459
1377
1328
1402
1319
1427
1450
1301
1435
1375
1299
1409
1421
1359
1419
1325
1294
1348
1275
1231
1063
985
993
977
919
908
922
936
961
973
930
906
885
914
1000
1107
1062
1053
1189
1253
1077
1033
1030
1122
1106
1311
1341
1188
1199
1180
1116
1050
1082
1150
1270
1280
1211
1279
1282
1216
1296
1352
1273
1239
1411
1383
1303
1321
1198
1219
1339
1162
1271
1283
1260
1347
1164
1103
1281
1352
1339
1327
1281
1165
1246
1301
1252
1262
1354
1227
1210
1381
1342
1287
1517
1261
1381
1421
1321
1462
1453
1428
1354
1356
1419
1388
1455
1410
1409
1396
1495
1401
1389
1442
1349
1449
1397
1257
1479
1342
1438
1490
1371
1368
1365
1307
1343
1281
1282
1380
1351
1301
1422
1359
1271
1481
1460
1309
1366
1384
1333
1442
1421
1371
1393
1376
1375
1431