1146
1134
1109
1128
1103
1050
955
935
951
948
959
1009
949
940
979
1048
1043
978
982
976
953
917
946
917
928
926
951
1021
1040
1051
1019
968
970
965
976
986
1039
1064
1033
1067
1252
1313
1254
1176
1167
1170
1067
1042
1052
1107
1087
1070
1168
1256
1187
1147
1119
1034
1009
992
1013
1062
1105
1149
1142
1165
1166
1062
1049
1082
1015
1016
1021
1013
987
990
989
961
967
1010
1104
1085
1087
973
933
935
933
930
935
929
932
930
938
960
1006
1067
1045
1027
1066
1125
1113
1089
1071
1028
1007
1022
1041
1047
1029
1049
1048
1071
1097
1092
1080
1060
1069
1074
1101
1043
1068
1127
1130
1101
1117
1055
1007
998
1005
1063
1046
1152
1144
1025
981
970
962
967
936
996
1066
1124
1119
1180
1138
1094
1024
1021
1060
1109
1076
1085
1084
1094
1075
1132
1106
1082
1072
1070
1065
1076
1103
1024
1067
1131
1094
1110
1138
1094
1039
1052
1093
1129
1099
1111
1138
1069
1081
1141
1130
1073
1082
1110
1049
1083
1154
1140
1049
1021
1038
1058
1008
1021
1076
1062
1018
1024
1009
984
1025
1053
1047
1026
1088
1079
1048
1063
1012
1053
1132
1136
1067
1145
1100
1043
1072
1138
1090
1100
1155
1170
1116
1103
1058
1047
1099
1178
1146
1164
1197
1188
1142
1145
1184
1122
1079
1086
1141
1133
1064
1067
1096
1077
1131
1145
1047
1038
1031
1019
975
951
970
1006
1059
1022
1035
1068
1058
925
907
888
918
870
876
923
1071
1112
1094
1027
1062
1120
1103
1053
1033
1011
1052
1070
1052
1038
1155
1321
1264
1171
1111