1102
1083
1090
1014
1079
1250
1243
1169
1197
1209
1199
1196
1143
1124
1090
1154
1240
1180
1097
1135
1143
1083
1083
1198
1149
1156
1250
1137
1128
1189
1196
1159
1221
1192
1126
1135
1101
1064
1100
1134
1093
1125
1161
1103
1137
1213
1109
1208
1210
1207
1138
1264
1187
1063
1101
1072
1058
1081
1315
1144
1180
1198
1115
1038
1101
1142
1162
1138
1070
1098
1140
1180
1150
1123
1146
1114
1072
1118
1099
1048
1170
1140
1073
1170
1185
1108
1192
1217
1104
1120
1167
1207
1130
1186
1169
1174
1146
1200
1242
1137
1128
1202
1111
1095
1148
1160
1147
1206
1199
1055
1089
1078
1043
1027
1116
1200
1109
1169
1225
1138
1051
1058
1142
1152
1108
1147
1143
1086
1126
1153
1133
1119
1188
1178
1045
1060
1183
1149
1180
1271
1189
1147
1242
1284
1294
1266
1192
1130
1211
1190
1119
1158
1201
1186
1099
1204
1264
1156