1264
1106
1114
1160
1140
1128
1168
1193
1120
1188
1213
1077
1037
1109
1277
1159
1165
1068
1072
1122
1355
1284
1285
1175
1101
1108
1118
1208
1288
1252
1195
1141
1169
1329
1234
1226
1092
1036
1000
984
1030
992
1159
1206
1144
1088
1223
1281
1213
1132
1204
1271
1225
1107
1193
1216
1073
1083
1183
1172
1114
1096
1204
1177
1107
1123
1142
1097
1156
1250
1216
1156
1261
1269
1186
1238
1326
1274
1158
1300
1371
1228
1129
1373
1437
1282
1438
1355
1192
1217
1278
1287
1189
1287
1264
1202
1320
1343
1266
1195
1239
1325
1252
1387
1375
1391
1312
1289
1314
1302
1208
1304
1202
1185
1356
1264
1189
1323
1200
1096
1197
1338
1231
1160