1338
1457
1403
1279
1489
1469
1373
1179
1228
1313
1313
1410
1296
1173
1326
1415
1201
1387
1310
1244
1355
1235
1292
1326
1162
1289
1354
1218
1284
1275
1196
1255
1238
1164
1160
1089
1077
1191
1328
1311
1166
1144
1126
1105
1058
1146
1339
1320
1312
1428
1268
1198
1253
1221
1202
1411
1264
1319
1265
1183
1254
1289
1280
1344
1299
1355
1280
1139
1229
1260
1229
1357
1402
1271
1317
1269
1261
1193
1113
1116
1182
1156
1306
1332
1244
1282
1260
1162
1291
1302
1193
1201
1426
1389
1268
1490
1406
1215
1304
1281
1228
1304
1405
1346
1231
1371
1314
1243
1304
1434
1396
1336
1354
1282
1157
1388
1342
1227
1342
1395
1320
1237
1443
1386
1338
1296
1409
1430
1290
1250
1376
1315
1247
1347
1373
1330
1361
1419
1313
1205
1244
1479
1445
1335
1394
1367
1279
1397
1409
1393
1290
1206
1300
1360
1306
1328
1393
1377
1309
1349
1405
1218
1243
1376
1199
1223
1150
1149
1062
1036
1002
991
986
1031
1051
1007
974
963
1046
1211
1282
1225
1268
1341
1295
1236
1292
1441
1364
1333
1273
1458
1437
1328
1359
1293
1181
1208
1368
1395
1453
1414
1321
1220
1347
1354
1306
1252
1293
1314
1222
1260
1278
1195
1148
1328
1374
1337
1244
1324
1317
1214
1175
1249
1226
1154
1086
1186
1224
1147
1063
1067
1144
1197
1147
1039
1065