1233
1408
1299
1324
1442
1380
1252
1360
1328
1265
1328
1302
1237
1341
1390
1271
1435
1435
1340
1334
1277
1115
1243
1401
1273
1281
1306
1222
1331
1313
1181
1266
1316
1281
1305
1271
1217
1313
1275
1202
1253
1297
1197
1146
1192
1242
1154
1305
1306
1114
1128
1177
1107
1035
1239
1335
1259
1222
1318
1306
1294
1346
1369
1248
1282
1343
1239
1262
1423
1278
1297
1332
1170
1308
1248
1168
1248
1250
1109
1190
1228
1191
1178
1193
1206
1104
1182
1237
1165
1187
1224
1150
1160
1259
1118
1111
1319
1231
1121
1241
1229
1145
1093
1110
1131
1069
1188
1290
1323
1279
1308
1328
1294
1218
1280
1256
1164
1286
1305
1162
1371
1235
1254
1323
1218
1338
1281
1156
1279
1342
1201
1198
1228
1245
1399
1432
1347
1291
1404
1340
1236
1235
1271