1015
1002
936
942
907
896
979
1022
1052
1016
994
1033
1051
1000
1003
1049
1037
1003
1040
1053
1015
1051
1074
1053
1034
1055
1102
1031
1039
1055
1030
993
1032
1055
1024
1061
1093
1077
1028
1053
1108
1044
1094
1115
1078
1040
1060
1068
1018
1009
1021
1018
1014
1043
1090
1039
1022
1022
1026
974
990
1025
1042
990
999
1027
989
996
1047
1047
973
992
1086
1162
1167
1120
1170
1214
1216
1120
1145
1175
1189
1181
1270
1237
1142
1158
1182
1104
1125
1150
1077
1067
1177
1061
1029
1040
1008
1014
1058
987
1001
980
987
988
1074
1092
1072
1059
1118
1140
1144
1027
1063
1180
1148
1088
1168
1189
1156
1189
1187
1098
1049
993
979
915
956
1094
1037
1006
1043
1063
1014
1035
1120
1136
1144
1223
1134