1027
1984
2031
1049
1000
990
1007
1033
1048
1031
3155
1028
1050
1135
1074
1038
1028
1982
977
984
1012
981
995
1032
1131
996
981
984
999
975
977
957
900
881
853
865
894
929
990
1006
1005
975
966
1043
1028
1029
2277
1213
1108
1120
1133
1076
1176
1226
1162
1230
1266
1171
1089
1137
1180
1176
1129
1152
1126
1119
1117
1249
1221
1099
2314
1116
1164
1220
1156
1229
1212
1148
1099
1143
1092
1043
1116
1156
1139
1131
1184
1166
1182
1216
1144
1076
1080
1178
1257
1188
1270
1198
1149
1211
1143
1109
1151
1155
1102
1138
1198
1170
1071
1140
1189
1141
1151
1171
1162
1171
1237
1197
1138
1138
1218
1154
1230
1217
1140
1137
1106
1076
1127
1104
1038
1041
1091
1073
1072
1079
1066
1067
1117
1234
1135
1186
1207
1175
1142
1180
1111
1100
1086
1068
1020
1066
1112
1091
1004
956
993
1035
1086
1041
1099
1120
1088
1058
1016
1039
1102
1177
1253
1206
1165
1057
1052
1114
1107
1042
1231
1302
1161
1031
1003
1024
1048
1007
974
1022
1092
1101
1079
1147
1248
1196
1138
1136
1163
1117
1018
1002
1080
1222
1195
1044
1032
1014
999
953
971
982
1010
956
965
1011
1010
959
928
929
938
979
967
945
985
1004
1001
984
946
964
977
980
966
938
950
957
955
933
958
987
985
1010
1001
1047
999
995
1009
1046
1043
995
980
989
1021
1000
984
959
973
1010
1023
1025
1011
1064
1053
1025
985
945
973
1005
983
960
962
1015
1001
1019
1075
1074
1009