1380
1234
1306
1341
1190
1271
1268
1218
1387
1247
1319
1273
1231
1357
1248
1251
1390
1283
1283
1360
1281
1323
1361
1228
1308
1326
1174
1321
1373
1267
1393
1307
1230
1258
1247
1173
1217
1271
1155
1056
1114
1234
1120
1161
1217
1255
1178
1320
1287
1149
1187
1173
1087
1211
1277
1126
1112
1236
1222
1168
1075
1188
1345
1255
1128
1283
1286
1143
1274
1284
1229
1106
1219
1262
1149
1143
1217
1126
1168
1282
1233
1080
1215
1212
1146
1185
1095
999
1005
1268
1257
1172
1092
1196
1197
1121
1101
1077
1033
1017
1121
1233
1236
1181
1222
1194
1157
1210
1227
1161
1188
1324
1280
1182
1229
1337
1245
1109
1229
1398
1261
1138
1282