1111
1102
1243
1346
1240
1313
1180
1173
1349
1179
1165
1264
1203
1251
1278
1114
1229
1266
1141
1176
1268
1132
1154
1067
1123
1160
1348
1275
1188
1325
1309
1211
1272
1247
1188
1252
1317
1259
1282
1372
1318
1310
1331
1285
1386
1377
1241
1247
1324
1204
1267
1421
1334
1269
1287
1305
1353
1354
1391
1490
1424
1418
1354
1414
1480
1404
1420
1390
1428
1451
1253
1117
1315
1451
1095
1303
1333
1229
1274
1276
1221
1269
1313
1299
1355
1298
1319
1394
1352
1438
1314
1416
1350
1259
1527
1484
1325
1409
1316
1170
1351
1379
1216
1325
1368
1316
1210
1385
1440
1332
1374
1396
1272
1438
1436
1349
1438
1401
1368
1273
1371
1459
1444
1392
1348
1363
1304
1451
1443
1336
1324
1445
1407
1237
1466
1469
1390
1343
1303
1294
1397
1300
1251
1367
1259
1205
1447
1338
1261
1323
1209
1213
1351
1336
1217
1123
1091
1045
975
999
1081
1219
1205
1154
1194
1145
1143
1098
1182
1197
1094
1129
1182
1199
1169
1115
1192
1185
1085
1048
1151
1236
1282
1215
1260
1331
1318
1237
1334
1408
1396
1259
1347
1330
1200
1368
1334
1307
1521
1373
1389
1342
1244
1323
1218
1098
1143
1204
1143
1326
1285
1252
1323
1230
1153
1232
1262
1162
1179
1226
1097
1193
1244
1321
1293
1321
1178
1305
1400
1460
1408
1432
1419
1401
1405
1351