874
912
884
917
979
947
1072
1050
1074
1108
1133
1008
1071
1153
1104
1087
1196
1187
1121
1053
1060
1302
1146
999
1071
1241
1211
1219
1305
1207
1144
1236
1271
1205
1207
1205
1082
1010
1000
1188
1131
1214
1253
1155
1142
1146
1094
1099
1188
1118
1092
1221
1289
1119
1031
972
978
1065
1035
1188
1207
1118
1131
1153
1116
1188
1167
1092
1188
1308
1246
1181
1297
1273
1193
1315
1185
1115
1034
1011
1016
1099
1313
1358
1229
1215
1252
1273
1233
1221
1196
1251
1251
1390
1301
1238
1428
1205
1145
1323
1294
1223
1329
1241
1206
1188
1209
1145
1134
1125
1072
1167
1246
1203
1124
1302
1323
1225
1218
1221
1236
1269
1238
1190
1289
1276
1176
1104
1028
974
967
971
945
974
1007
971
1042
1023
1030
1081
1098
1018
1043
1052
1087
1059
1046
1058
1104
1082
1161
1190
1102
1165
1205
1153
1237
1252
1151
1198
1224
1169
1276
1377
1253
1267
1202
1108
1176
1317
1188
1256
1245
1142
1202
1198
1132
1244
1298
1189
1260
1287
1229
1279
1314
1225
1101
1102
1091
1085
1157
1320
1218
1214
1168
1067
1131
1189
1104
1142
1180
1101
1184
1190
1104
1097
1222
1214
1096
1203
1188
1126
1205
1278
1196
1226
1203
1112
1104
1120
1107
1194
1289
1123
1229
1230
1136
1154
1115
1129
1052
1154
1274
1227
1216
1191
1124
1143
1124
1075
1071
1165
1139
1118
1149
1174
1066
1097
1027
970
1020
988
1034
964
1038
1087
1001
984
1023
1111
1180
1034
981