1226
1312
1244
1158
1214
1315
1322
1237
1330
1273
1211
1154
1280
1403
1102
1119
1209
1276
1394
1121
1210
1274
1257
1148
1064
1059
1092
1019
983
1037
1058
1032
1123
1176
1124
1175
1206
1276
1219
1329
1185
1188
1185
1281
1194
1182
1071
1105
1274
1299
1244
1263
1351
1265
1129
1165
1230
1215
1075
1103
1135
1067
1080
1148
1204
1202
1170
1169
1248
1161
1111
1229
1300
1147
1103
1169
1161
1077
1118
1214
1139
1275
1325
1211
1204
1247
1219
1125
1075
1228
1245
1122
1206
1257
1170
1206
1243
1184
1213
1291
1193
1193
1319
1234
1154
1343
1323
1277
1301
1277
1226
1316
1273
1239
1243
1206
1099
1145
1463
1375
1181
1187
1284
1364
1255
1294
1342
1174
1084
1067
1120
1143
1126
1245
1318
1241
1112
1203
1330
1322
1249
1278
1224
1174
1380
1357
1271
1263
1313
1195
1139
1208
1410
1331
1256
1367
1273
1196
1249
1211
1124
1300
1240
1110
1123
1108
1063
1236
1365
1296
1291
1255
1192
1212
1312
1253
1172
1316
1344
1186
1218
1241
1208
1263
1226
1108
1161
1219
1235
1167
1229
1224
1181
1286
1289
1191
1237
1287
1186
1133
1263
1336
1210
1245
1325
1283
1206
1260
1293
1274
1238
1257
1191
1141
1183
1209
1119
1112
1283
1215
1079
1062
1070
1113
1084
1136
1246
1148
1091
1073
1071
1021
1025
1083
1111
1004
996
1029
1029
950
944
954
939
919
922
958
1022
1187
1204
1180
1139
1097
1100