1011
979
1025
1136
1059
1080
1016
1020
1073
1061
1015
1025
1071
1157
1098
1127
1230
1235
1144
1260
1324
1256
1160
1242
1177
1055
993
1025
1250
1116
1198
1204
1101
1038
1075
1093
1012
1044
1216
1242
1140
1200
1201
1137
1116
1143
1250
1205
1149
1301
1246
1218
1325
1348
1148
1127
1384
1355
1217
1294
1279
1188
1199
1289
1216
1098
1147
1325
1343
1214
1271
1247
1188
1128
1147
1085
1042
1072
1291
1306
1203
1225
1193
1109
1049
1058
1188
1254
1159
1109
1097
1067
978
1000
1072
1089
1084
1205
1138
1137
1058
1137
1312
1257
1151
1069
1102
1142
1118
1090
1263
1288
1226
1106
1088
967
895
879
893
1032
1152
1256
1243
1132
1098
1099
1067
1062
1050
1099
1114
1104
1048
1074
1123
1077
1091
1216
1096
1067
1127
1147
1042
1125
1151
1166
1114
1080
1048
983
974
1001
1009
965
943
941
960
1006
1003