885
896
885
849
868
916
1054
1060
1009
931
937
934
911
854
838
868
911
934
939
946
932
951
979
967
913
853
819
809
827
866
975
1052
1041
1017
972
947
937
894
867
850
836
826
845
899
979
998
1000
943
896
887
916
950
949
936
882
877
909
930
956
961
967
946
880
865
868
871
905
945
926
895
876
911
886
889
907
881
843
840
858
963
1032
1033
984
928
868
828
819
839
867
931
932
937
921
920
927
945
955
959
951
923
888
889
930
1039
1095
1079
1023
1040
1016
1006
959
951
955
890
894
946
1128
1087
1006
993
982
935
907
908
932
953
939
893
862
885
926
934
907
938
960
960
941
938
910
902
900
880
853
887
973
1138
1148
1087
1017
991
1006
1013
968
923
875
851
880
929
978
969
945
898
1023
990
899
835
799
778
769
780
820
904
914
895
903
890
890
825
788
788
806
845
927
959
935
908
934
972
1035
989
911
855
890
945
1096
1111
1057
991
964
955
931
899
886
903
870
874
884
831
860
860
841
783
792
805
873
1079
1161
1153
1143
1036
935
886
876
869
910
968
1025
1072
1039
972
921
936
987
1058
1099
1085
989
989
980
924
887
857
882
937
963
981
953
958
946
936
974
977
940
890
885
908
944
1003
1058
997
917
868
900
938
1024
1039
1009
982
897
855
853
882
925
1010
994
968
943
931
928
954
998
948
960
1006
1038
1046
996
979
1013
1064
1040
1025
1012
1112
1072
1042
977
971
1046
1034
1000
972
1042
1096
1061
1004
986
971
928
961
951
960
923
908
916
979
1089
1063
970
953