948
940
953
1021
1088
1078
990
953
947
949
892
860
853
845
853
920
934
978
982
959
938
956
953
910
884
879
889
931
930
908
900
911
901
868
869
873
867
875
861
847
867
864
907
923
914
933
954
917
866
873
904
909
878
905
939
953
925
970
990
1010
1008
1048
1060
985
945
958
970
936
935
988
998
947
1013
1060
1104
1056
1031
1043
1036
982
974
1004
1033
999
1003
1032
1061
1009
1034
1120
1075
1021
1002
979
996
1026
1038
1009
935
893
913
902
918
904
918
947
954
937
938
957
979
962
975
987
976
951
902
902
903
890
859
872
875
906
911
897
935
963
953
924
950
954
946
936
951
1027
1003
993
1024
998
934
936
945
945
903
922
939
973
977
1038
1073
998
1009
1049
1115
1062
970
970
964
949
926
962
1074
1072
1005
1086
1083
1008
988
989
978
954
913
957
978
994
946
929
897
865
852
851
867
876
843
847
862
906
968
960
964
988
948
941
938
939
942
882
860
859
859
882
894
879
938
956
938
901
917
920
963
977
911
934
938
940
880
859
867
871
909
877
865
854
860
884
903
902
863
834
817
798
783
759
748
747
753
784
844
898
888
905
993
1033
1040
1024
1004
971
990
1030
986
960
922
932
1040
1240
1097
999
1047
995
916
908
907
930
933
882
896
917
967
1008
1027
1039
1028
980
947
941
971
1002
983
1025
1026
1063
981
1019
1088
1029
966
958
975
972
1001
1064
1152
1113
1053
1006
988
936
952
969
981
984
959
962
995
1025
1010
1010
996
950
969
1019
996
917
914
919
964