1189
1074
1103
1244
1207
1147
1151
1234
1233
1195
1137
1161
1217
1176
1164
1265
1166
1125
1252
1286
1134
1105
1186
1245
1107
1137
1290
1168
1195
1409
1278
1160
1244
1282
1203
1112
1192
1245
1234
1331
1277
1161
1193
1269
1209
1221
1272
1287
1202
1274
1288
1200
1155
1238
1258
1162
1338
1276
1189
1237
1277
1209
1133
1141
1224
1211
1245
1248
1163
1188
1286
1259
1152
1175
1173
1119
1088
1325
1270
1141
1081
1130
1138
1105
1249
1270
1131
1188
1197
1158
1088
1146
1218
1155
1095
1205
1183
1038
1103
1193
1168
1134
1271
1216
1123
1177
1177
1154
1258
1263
1110
1045
1118
1194
1098
1154
1174
1079
1104
1150
1103
1063
1161
1198
1077
1116