982
1002
1042
1017
970
982
1089
1013
1066
1096
1114
1248
1231
1143
1050
1018
1094
1341
1224
1207
1207
1234
1134
1114
1117
1137
1226
1354
1199
1136
1137
1200
1213
1117
1104
1218
1226
1156
1096
1139
1191
1202
1158
1204
1198
1296
1158
1116
1137
1027
978
950
981
979
984
1080
1283
1230
1154
1203
1254
1133
1136
1227
1143
1200
1330
1303
1186
1265
1403
1309
1202
1271
1241
1120
1175
1271
1295
1234
1289
1315
1248
1142
1216
1358
1334
1231
1303
1320
1179
1263
1251
1156
1048
1098
1188
1273
1238
1165
1248
1315
1227
1156
1054
1027
1015
1003
1063
1112
1198
1285
1234
1134
1165
1152
1106
1149
1168
1095
1111
1189
1240
1167
1291
1323
1271
1221
1285
1362
1249
1185
1136
1094
1081
1146
1189
1109
1172
1164
1113
1149
1207
1151
1121
1156
1197
1146
1118
1165
1199
1180
1133
1192
1243
1195
1159
1243
1316
1258
1060
1083
1099
1153
1231
1203
1136
1176
1207
1199
1170
1245
1283
1188
1146
1244
1261
1165
1150
1199
1191
1159
1242
1236
1140
1100
1175
1291
1209
1219
1229
1254
1158
1145
1160
1206
1171
1227
1255
1234
1110
1062
974
969
1008
1031
1087
1211
1170
1138
1118
1063
1082
1148
1167
1131
1154
1284
1248
1216
1308
1224
1251
1249
1147
1108
1203
1250
1199
1149
1170
1131
1160
1191
1187
1102