1105
1214
1178
1042
1115
1089
1061
1005
1005
1006
948
977
1061
1092
1072
1057
1165
1123
1040
1022
1054
1062
1017
1092
1145
1098
1074
1195
1232
1111
1120
1020
956
970
1075
1158
1155
1228
1195
1128
1164
1197
1237
1157
1215
1209
1103
1234
1211
1163
1118
1247
1285
1195
1195
1252
1175
1127
1179
1212
1111
1154
1207
1107
1064
1130
1174
1104
1173
1185
1037
997
1059
1154
1096
1184
1203
1185
1156
1162
1142
1096
1123
1136
1085
1008
1010
1153
1153
1083
1117
1189
1086
1018
1060
1126
1027
1170
1238
1195
1124
1193
1110
1066
1037
1138
1231
1210
1074
1129
1238
1139
1031
1098
1172
1171
1158
1261
1249
1158
1076
1151
1202
1164
1058
1055
1200
1164
1082
1032
1038
984
903
875
894
925
953
938
882
916
979
1012
1006
1036
1054
1093
1093
1085
1127
1139
1129
1090
1090
1066
1263
1269
1021
1069
1333
1242
1188
1232
1162
1093
1176
1172
1155
1083
1115
1185
1182
1147
1216
1135
1057
1043
1133
1105
1081
1257
1263
1177
1216
1235
1126
1132
1119
1063
1159
1182
1170
1080
1069
1100
1094
1059
1083
1196
1130
961
950
955
985
1031
1217
1196
1121
1060
1073
1042
1016
988
984
1063
1106
1089
1179
1253
1173
1077
1113
1182
1177
1127
1182
1163
1080
1056
1094
1203
1138
1181
1175
1073
1079
1171
1163
1087
1122
1090
1021
1041
1078
1060
991
1009
1075
1057
1005
1061
1188
1219
1136
1125
1169
1155
1139
1135
1126
1121
1237
1249
1219
1131
1155
1130
1016
1103
1237
1188