1198
1237
1217
1173
1360
1356
1252
1372
1306
1266
1352
1413
1285
1296
1320
1266
1313
1200
1090
1088
1304
1254
1187
1283
1363
1223
1231
1264
1246
1203
1299
1336
1251
1237
1290
1264
1165
1225
1253
1108
1159
1226
1195
1149
1213
1196
1140
1271
1237
1149
1189
1186
1158
1223
1215
1138
1146
1265
1296
1237
1319
1271
1214
1376
1315
1284
1416
1271
1151
1185
1215
1103
1189
1219
1124
1182
1236
1155
1098
1113
1081
1077
1180
1205
1110
1122
1118
1078
1095
1170
1185
1145
1168
1161
1143
1138
1105
1049
1063
1164
1091
1195
1184
1076
1087
1128
1134
1101
1155
1175
1094
1135
1153
1100
1082
1121
1148
1099
1110
1146
1108
1109
1113
1064
1067
1099
1051
1109
1125
1060
1089
1081
1021
1033
1103
1090
1070
1084
1118
1063
1104
1109
1057
1036
1083
1112
1069
1153
1213
1128
1142
1157
1070
1084
1106
1092
1133
1120
1069
1113
1091
1055
1104
1270
1236
1162
1273
1271
1159
1252
1215
1120
1243
1249
1154
1205
1237
1167
1273
1213
1112
1188
1190
1073
1101
1266
1181
1211
1267
1192
1223
1248
1133
1167
1211
1205
1213
1291
1207
1234
1288
1175
1175
1249
1240
1165
1244
1231
1138
1202
1243
1152
1223
1195
1123
1179
1147
1096
1139
1216
1260
1223
1251
1210
1140
1186
1200
1147
1187
1246
1234
1140
1187
1216
1158
1226
1257
1156
1153
1210
1226
1220
1233
1102
1048
1140
1233
1240
1134
1152
1188
1126
1078
1130
1178
1181
1133