1176
1237
1253
1171
1184
1130
1100
1183
1345
1202
1113
1108
1147
1171
1135
1167
1399
1385
1128
1350
1430
1336
1266
1373
1384
1256
1385
1436
1373
1290
1373
1380
1304
1272
1331
1281
1250
1393
1353
1301
1328
1313
1171
1194
1321
1276
1296
1394
1141
1083
1028
1026
1168
1298
1075
1044
1137
1294
1186
1259
1295
1212
1238
1337
1268
1315
1303
1247
1207
1366
1298
1208
1278
1264
1210
1324
1319
1187
1206
1418
1338
1160
1160
1161
1098
1209
1311
1254
1239
1290
1256
1173
1163
1225
1210
1252
1281
1209
1177
1248
1220
1098
1150
1345
1124
1039
1072
1093
1209
1347
1212
1375
1265
1108
1041
1054
1072
1036
1024
1051
1236
1240
1117
1194
1265
1222
1166
1234
1246
1111
1128
1210
1249
1135
1278
1401
1416
1323
1321
1313
1160
1226
1367
1394
1217
1371
1415
1230
1392
1337
1185
1385
1383
1259
1238
1285
1143
1208
1334
1271
1364
1284
1160
1271
1361
1324
1293
1328
1260
1169
1289
1368
1290
1368
1385
1217
1243
1223
1098
999
970
996
998
1109
1365
923
195
1241
1241
1129
1145
1261
1204
1063
1127
1307
1085
1091
1196
1161
1038
1019
1043
1103
1253
1218
1202
1218
1219
1091
1107
1155
1214
1253
1229
1185
1123
1039
1130
1517
1258
1379
1388
1188
1340
1278
1267
1298
1309
1254
1379
1238
1142
1193
1255
1174
1468
1469
1354
1316
1280
1104
1063
1314
1506
1302