1358
1433
1433
1352
1394
1319
1441
1322
1393
1490
1376
1431
1336
1358
1433
1344
1450
1389
1460
1468
1386
1405
1376
1249
1356
1355
1371
1480
1343
1379
1416
1294
1365
1414
1314
1322
1272
1315
1364
1281
1426
1413
1324
1359
1367
1462
1410
1343
1439
1380
1323
1410
1363
1414
1399
1384
1442
1333
1306
1368
1302
1454
1463
1368
1396
1271
1348
1301
1250
1425
1354
1321
1419
1342
1256
1396
1347
1356
1375
1294
1349
1262
1266
1399
1362
1334
1370
1318
1334
1432
1356
1391
1376
1292
1360
1367
1297
1453
1361
1274
1302
1233
1375
1354
1244
1350
1339
1338
1378
1278
1291
1304
1264
1303
1327
1207
1238
1271
1310
1427
1377
1397
1356
1267
1348
1298
1305
1384
1277
1206
1338
1284
1335