981
985
1042
1100
1250
1265
1216
1228
1312
1058
1066
1459
1036
1174
1377
1143
1164
1092
1116
1146
1196
1171
1066
1074
1112
1162
1157
1171
1105
1110
1124
1128
1075
1243
1185
1048
1073
1131
997
1060
1378
1188
1125
1093
1085
1036
1078
1085
1039
1024
1019
1009
1011
1031
1105
1087
1032
1093
1087
1051
1156
1063
1071
1107
969
936
1177
1325
1210
1065
1149
1084
1034
1105
1180
1094
1019
1046
1107
1107
1078
1110
1063
1001
1045
1337
1185
1159
1129
998
991
1087
1170
1080
1161
1139
1061
1118
1145
1103
1169
1166
1153
1137
1227
1215
1166
1190
1136
1024
1006
1043
1077
1076
1304
1247
1081
1084
1029
985
1056
1115
1086
1081
1160
1182
1119
1142
1087
1067
974
1012
1033
1005
1002
1066
1065
997
1056
1022
946
961
971
938
924
996
1049
1019
987
1031
1008
942
956
958
977
977
984
1057
1065
1027
1007
1021
988
1005
1022
991
958
980
1011
1017
1076
1103
1076
1051
1055
1072
991
976
1038
1057
1012
1116
1212
1082
1085
1023
988
959
986
980
968
1054
1065
1069
1065
1059
998
999
1000
973
945
953
950
941
973
1037
1045
1007
1057
1042
976
932
930
987
1054
1099
1038
1066
1085
1072
1033
1061
1101
1025
1018
1028
1102
1026
1009
1075
1087
1023
1015
943
1018
947
938
985
1014
1006
1018
1045
998
984
1043
1126
1045
1072
1210
1112
1079
1128
1074
1054
1083
1035
1037
1066
1091
1041
1097
1071
994
993
972
933
885
913
962
974
956
1023
1065
976
995
1025
1022
997
1043
1128
1127
1045
1079