1328
1315
1311
1265
1234
1179
1154
1141
1188
1223
1237
1266
1269
1324
1356
1323
1382
1559
1362
1557
1531
1393
1428
1316
1289
1312
1180
1119
1106
1183
1239
1213
1143
1160
1217
1204
1118
1245
1173
1110
1113
1073
1087
1083
1024
1036
1037
990
1050
1099
1074
1105
1056
987
1008
1115
1134
1088
1103
1147
1131
1266
1128
1129
1129
1104
1302
1257
1172
1250
1191
1224
1235
1136
1184
1278
1219
1260
1294
1290
1313
1325
1231
1213
1137
1079
1203
1313
1241
1268
1180
1141
1108
1071
1184
1224
1137
1220
1207
1139
1163
1129
1063
1141
1162
1122
1138
1185
1108
1069
1141
1177
1161
1243
1248
1207
1202
1204
1154
1226
1222
1182
1216
1181
1111
1154
1318
1255
1127
1212
1239
1233
1285
1328
1262
1313
1313
1279
1277
1229
1131
1198
1232
1184
1345
1289
1303
1361
1313
1213
1222
1179
1280
1238
1228
1310
1320
1301
1290
1211
1265
1274
1210
1191
1284
1255
1204
1259
1169
1088
1221
1204
1163
1227
1219
1295
1320
1211
1218
1239
1145
1127
1209
1157
1213
1284
1233
1279
1276
1227
1339
1321
1318
1322
1202
1070
1058
1229
1160
1054
1268
1352
1328
1339
1272
1240
1141
1123
1104
1019
1103
1261
1251
1344
1357
1203
1272
1326
1183
1132
1172
1194
1344
1365
1326
1234
1161
1267
1270
1244
1333
1297
1234
1321
1274
1135
1224
1188
1150
1283
1283
1215
1266
1207
1119
1127
1136
1069
1125