1282
1230
1053
1040
1074
1073
1087
1038
1110
1205
1248
1149
1068
1096
1142
1065
1102
1150
1074
1183
1198
1067
1088
1134
1106
1089
1174
1207
1145
1082
1054
1100
1172
1122
1139
1062
1026
1014
1108
1232
1086
1134
1174
1072
1106
1105
1078
1030
1055
1121
1124
1063
1145
1127
1081
1035
1022
1061
1064
1003
995
1099
1188
1102
1017
1020
1000
955
939
990
1018
1033
973
962
984
983
949
945
971
1032
1042
1000
1033
1045
1019
986
971
958
980
1093
1168
1173
1085
1163
1261
1159
1122
1157
1159
1054
1161
1263
1239
1150
1187
1205
1186
1090
1134
1168
1165
1080
1173
1231
1185
1070
1087
1192
1145
1088
1202
1137
1069
1033
1003
987
935
975
1019
1073
1021
1081
1071
1037
991
1003
988
1003
971
980
1022
1051
1026
1089
1102
1180
1086
1158
1227
1104
963
883
868
886
1021
1141
1091
1102
1076
1013
970
1023
1027
1032
1000
990