1410
1467
1312
1338
1186
1116
1104
1364
1406
1262
1253
1228
1274
1317
1361
1217
1229
1180
1136
1105
988
967
1103
1075
1209
1281
1178
1057
1072
1162
1198
1327
1408
1321
1309
1435
1333
1311
1495
1347
1255
1396
1245
1313
1269
1342
1404
1282
1245
1398
1281
1229
1286
1315
1264
1365
1240
1207
1252
1210
1267
1307
1241
1336
1368
1244
1170
1241
1181
1210
1407
1347
1311
1291
1247
1234
1255
1150
1185
1251
1146
1295
1259
1166
1194
1192
1094
1179
1311
1263
1332
1223
1179
1347
1252
1154
1239
1260
1186
1271
1229
1141
1251
1175
1141
1190
1245
1268
1373
1277
1226
1269
1230
1162
1259
1197
1140
1341
1259
1197
1313
1238
1124
1138
1153
1126
1239
1229
1174
1183
984
948
934
922
998
1229
1088
1155
1195
1161
1137
1198
1286
1178
1329
1325
1264
1264
1268
1246
1188
1249
1270
1173
1234
1297
1236
1292
1298
1191
1303
1350
1204
1290
1270
1176
1269
1277
1163
1200
1159
1131
1290
1254
1182
1230
1287
1257
1253
1203
1130
1243
1191
1115
1188
1241
1207
1199
1193
1107
1186
1244
1155
1119
1226
1132
1139
1217
1159
1196
1224
1154
1154
1179
1112
1137
1139
1106
1174
1175
1119
1151
1253
1208
1136
1276
1242
1168
1191
1209
1078
1042
972
955
976
909
894
896
939
912
900
910
914
889
894
876
856
835
812
826
847
932
1082
1187
1114
1142
1133
1296
1268
1189
1370
1379
1330