846
3521
990
986
951
924
910
903
898
904
894
907
908
925
911
867
859
855
854
846
822
835
855
915
935
910
962
976
1001
965
986
943
910
880
851
846
848
844
815
836
843
856
892
877
905
923
938
916
922
913
885
864
866
878
919
886
858
890
898
900
874
879
914
887
875
865
879
896
878
858
862
867
868
864
854
910
938
933
936
917
928
938
914
926
932
943
878
881
848
830
836
850
834
839
857
896
927
937
874
840
819
814
794
807
841
981
1132
1154
1130
1060
1097
1087
1014
969
940
932
970
1021
961
945
974
978
956
948
975
962
926
890
904
913
933
933
992
982
981
966
958
961
922
867
884
905
995
1032
1050
1042
988
970
957
989
967
945
902
846
907
836
831
834
809
769
826
794
801
827
807
807
800
787
770
759
784
867
971
1009
1010
1008
987
969
1004
1036
999
1021
927
859
846
854
881
1007
995
954
988
1014
1099
1118
975
939
914
939
901
856
869
873
887
852
846
854
853
840
834
823
810
794
809
825
855
886
879
900
922
941
867
879
881
856
828
824
833
819
840
855
869
817
826
830
837
854
882
861
893
899
930
946
924
925
925
941
953
914
912
885
924
898
846
869
881
915
924
927
961
1002
970
947
950
973
989
996
968
992
970
940
929
979
1051
988
946
979
1017
995
925
942
971
957
932
979
1086
1090
1029
1003
1000
992
937
962
995
970
925
943
964
979
960
995
1044
1013
1038
1072
1042
1019
990
972
963
920
938
931
913
897
893
925
917
875
908
940
975
937
892
851
865
833
828