1447
1471
1417
1305
1403
1240
1221
1558
1521
1396
1434
1456
1365
1218
1414
1430
1390
1510
1455
1299
1238
1281
1359
1313
1182
1367
1511
1446
1429
1423
1326
1266
1538
1475
1476
1556
1382
1308
1465
1372
1384
1539
1476
1387
1483
1423
1317
1333
1303
1190
1248
1490
1403
1160
1202
1430
1491
1449
1422
1328
1135
1120
1304
1451
1420
1317
1450
1372
1345
1331
1333
1385
1271
1190
1354
1494
1423
1443
1497
1330
1279
1453
1433
1293
1425
1437
1361
1487
1447
1317
1179
1059
1006
972
949
918
1020
1228
1205
1186
1080
1094
1085
1124
1148
1284
1341
1247
1324
1300
1215
1338
1289
1284
1364
1180
1196
1475
1359
1285
1344
1391
1185
1365
1372
1276
1391
1438
1398
1347
1402
1409
1341
1355
1309
1277
1389
1521
1461
1363
1412
1441
1308
1254
1355
1409
1289
1306
1311
1140
1136
1486
1477
1407
1327
1354
1259
1199
1406
1509
1420
1296
1377
1374
1322
1310
1406
1481
1316
1284
1419
1528
1431
1343
1400
1349
1378
1475
1387
1277
1248
1368
1502
1254
1128
1136
1063
1024
1252
1360
1218
1235
1342
1241
1181
1222
1249
1259
1215
1390
1353
1276
1104
1146
1535
1499
1378
1397
1467
1389
1279
1381
1412
1308
1322
1451
1426
1337
1359
1379
1308
1276
1394
1338
1219
1313
1422