1386
1494
1452
1331
1406
1357
1205
1254
1525
1413
1455
1368
1366
1446
1301
1316
1422
1335
1367
1451
1283
1197
1267
1464
1435
1373
1424
1323
1324
1334
1335
1305
1432
1466
1477
1498
1404
1522
1475
1368
1529
1464
1446
1514
1405
1378
1465
1432
1407
1450
1369
1471
1519
1460
1356
1432
1410
1352
1444
1453
1414
1361
1451
1492
1406
1396
1434
1368
1438
1302
1355
1473
1390
1469
1480
1438
1489
1367
1430
1494
1360
1272
1466
1331
1379
1472
1386
1383
1392
1252
1359
1365
1368
1474
1325
1274
1387
1310
1353
1394
1290
1254
1386
1421
1342
1360
1357
1256
1516
1490
1393
1478
1423
1360
1412
1329
1299
1403
1420
1353
1482
1422
1464
1415
1400
1477
1441
1311
1400
1144
1178
1268
1279
1348
1311
1157
1267
1237
1144
1081
1164
1326
1148
1191
1229
1155
1095
1087
1287
1275
1212
1324
1428
1314
1272
1391
1430
1315
1455
1628
1470
1373
1399
1314
1405
1542
1477
1360
1133
1067
1168
1208
1171
1134
1056
1068
1090
1088
1145
1340
1396
1337
1204
1320
1434
1389
1404
1516
1480
1383
1508
1491
1399
1448
1484
1336
1402
1482
1380
1535
1414
1383
1416
1279
1315
1406
1295
1208
1493
1448
1309
1404
1359
1281
1357
1356
1220
1211
1363
1421
1157
1302