1079
1131
1059
1020
1036
1019
978
997
950
983
990
966
1023
1052
993
985
1032
1177
1283
1116
1178
1256
1163
1080
1157
1313
1226
1096
1138
1358
1217
1144
1080
1149
1279
1235
1154
1217
1145
1107
1083
1127
1214
1166
1210
1296
1252
1154
1154
1276
1295
1174
1160
1129
1110
1095
1214
1259
1158
1214
1179
1062
977
980
1023
1157
1171
1129
1246
1234
1151
1106
1120
1072
1043
1096
1138
1104
1054
1114
1219
1193
1097
1151
1304
1302
1264
1281
1207
1106
1139
1150
1148
1099
1163
1142
1069
1059
1149
1278
1233
1102
1093
1052
1036
1049
1139
1183
1144
1188
1203
1118
1038
1045
1069
1099
1071
1135
1214
1119
1052
1040
1069
1118
1070
1120
1180
1191
1121
1054
1097
1060
987
1014
1145
1237
1176
1185
1134
1047
964
969
1033
1194
1191
1107
1058
1086
1098
1093
1084
1078
1090
1095
1079
1143
1109
1053
1034
1063
1116
1076
1104
1207
1213
1094
1098
1064
1065
1003
1057
1082
1058
1025
1053
1100
1073
1060
1080
1038
1047
1040
1055
1069
1063
1104
1188
1142
1079
1031
1031
1039
956
955
950
941
947
951
900
877
869
860
896
977
1046
969
927
966
989
994
963
965
1035
1138
1143
1076
1085
1229
1211
1110
1104
1229
1246
1172
1185
1214
1179
1092
1070
1133
1133
1109
1163
1258
1226
1085
1084
1040
1063
1109
1232
1247
1192
1266
1184
1101
1001
968
968
1031
1062
1055
1096
1147
1123
1046
1071
1032
1003
974
994
1056
1080
1078
1206
1230
1133
1112
1114
1138
1068
1081
1170