899
1064
1102
1040
980
946
935
911
892
909
996
1020
1078
1170
1098
1129
1098
1038
1033
1050
970
1000
1030
1074
1005
994
1021
974
944
933
962
984
999
958
954
975
1006
950
912
938
983
980
1023
1054
1038
1009
978
985
963
930
903
910
955
976
947
988
1012
989
938
953
989
943
933
943
961
920
904
929
972
1028
1054
999
964
962
947
917
878
888
884
853
831
854
912
984
1024
1109
1125
1026
992
981
933
919
948
979
989
989
1021
1061
1003
999
1159
1176
1032
1041
1041
921
938
947
987
946
959
992
979
903
898
896
903
902
867
873
894
1005
972
938
963
969
948
926
908
909
927
926
884
893
922
938
934
909
974
1032
1014
964
962
939
942
913
917
966
967
915
938
951
949
912
917
938
979
970
911
917
951
963
950
966
944
983
967
989
1044
1040
1028
956
957
967
991
985
1021
999
1019
936
974
1013
1057
1021
977
1032
1037
998
1006
1021
1024
975
991
1009
956
947
977
1039
1051
982
963
965
971
945
910
861
849
832
842
882
962
1047
979
1033
1021
998
956
947
944
965
934
921
939
984
981
996
1040
1045
999
990
1021
999
957
941
896
876
838
856
920
1089
1042
921
866
844
852
913
963
946
938
917
916
931
926
932
923
939
945
1001
1020
1001
1054
1014
975
1042
1052
967
927
897
939
969
1100
1049
1128
1101
1020
1008
1007
980
956
955
946
928
917
977
1019
1020
1007
1063
1167
1092
1056
960
923
890
911
901
909
948
1019
1104
1070
1092
1050
967
1010
1195
1105
1023
996
1093