1083
1008
1086
1180
1058
1074
1196
1083
1102
1222
1174
1034
1101
1150
1057
1078
1217
1131
1114
1265
1117
1063
1212
1150
1052
1143
1234
1142
1063
1225
1180
1062
1141
1186
1073
1057
1278
1132
1060
1163
1171
1051
1082
1126
1096
1040
1148
1183
1038
1076
1165
1103
1100
1241
1117
1052
1185
1134
1104
1202
1161
1034
1104
1198
1103
1132
1185
1155
1071
1216
1128
1023
1110
1243
1094
1095
1207
1086
1067
1165
1059
1025
1091
1088
1001
1078
1186
1061
1065
1139
1032
981
1046
1084
1015
1032
1123
1041
978
1021
1104
1008
1052
1129
1041
1083
1114
1011
990
1061
1100
1023
1070
1100
1003
1051
1057
993
1013
1055
997
966
1009
1020
951
946
1021
982
928
998
1081
986
1026
1064
1002
992
1079
1093
969
990
1063
1033
1006
1050
1031
971
1019
1035
984
986
1052
1051
1000
996
1021
1085
1057
979
946
994
1027
960
915
1005
1041
1001
974