884
882
891
885
854
820
793
785
798
839
841
827
852
861
887
871
838
859
840
829
813
801
823
836
838
834
820
854
903
945
873
870
869
877
874
844
855
863
895
866
804
804
1591
879
925
884
939
1020
1009
1018
959
973
979
986
924
945
956
957
901
871
902
976
1003
1016
1004
1028
1061
1081
1031
990
995
1010
1026
1059
1053
1027
1068
1102
1056
974
1008
1040
1064
998
972
1034
1058
1087
1031
1009
1033
1043
978
921
931
938
1035
999
980
1036
1040
981
977
993
1002
990
963
978
1008
984
957
985
1050
1042
993
940
928
887
870
830
848
878
943
997
953
912
938
953
950
912
893
898
908
926
971
988
1030
1039
1043
994
1009
1032
1009
1007
999
975
901
896
923
991
1068
1036
1031
1058
1053
1009
951
939
953
973
981
953
976
1005
1022
1025
994
1031
1043
1016
984
985
998
996
946
949
1004
995
997
924
952
989
1015
1003
958
949
980
1024
1001
969
931
932
945
951
932
964
974
945
929
940
955
979
972
914
924
921
920
930
928
942
954
956
918
895
894
898
883
858
879
946
1021
1075
993
952
939
949
954
995
972
967
943
970
964
979
1047
1070
1043
961
957
991
994
962
931
968
1010
1016
970
1003
997
977
913
911
917
967
987
937
933
933
948
947
884
909
878
883
888
834
848
879
927
974
1021
1043
1058
1054
1007
1004
1028
1027
1032
958
960
958
1028
1047
1018
966
994
1052
1097
1050
1021
1034
1033
998
995
1025
991
965
970
995
1013
1009
1112
1093
1085
1021
1054
1007
984
965
1012
1031
1008