1396
1353
1411
1344
1260
1312
1358
1248
1271
1369
1304
1294
1400
1344
1201
1343
1441
1398
1358
1336
1281
1419
1401
1313
1386
1372
1382
1463
1331
1323
1424
1332
1409
1420
1341
1396
1355
1326
1396
1280
1389
1419
1295
1412
1427
1303
1393
1305
1210
1370
1313
1385
1378
1271
1327
1315
1247
1371
1357
1258
1363
1351
1259
1370
1392
1358
1386
1432
1333
1305
1389
1403
1256
1377
1308
1240
1361
1312
1055
1033
1221
1276
1241
1313
1334
1250
1177
1215
1310
1318
1343
1282
1214
1216
1346
1388
1397
1316
1368
1413
1325
1388
1398
1340
1396
1388
1229
1226
1340
1290
1271
1361
1368
1302
1286
1274
1196
1233
1323
1389
1405
1418
1427
659
231
1980
1415
1317
1377
1233
1322
1396
1318
1354
1388
1243
1268