1317
1168
1287
1303
1292
1264
1311
1244
1178
1217
1253
1249
1278
1244
1156
1178
1342
1235
1188
1265
1222
1182
1229
1109
1062
1100
1131
1091
1049
1097
1122
1102
1027
1077
1222
1148
1092
1145
1139
1095
1117
1166
1185
1172
1064
1062
1132
1193
1146
1076
1142
1218
1201
1089
1129
1268
1248
1138
1112
1194
1166
1069
1056
1278
1238
1132
1152
1227
1088
1091
1091
1062
1026
1053
1123
1155
1110
1131
1128
1110
1150
1214
1158
1082
1084
1122
1219
1265
1236
1177
1125
1178
1211
1187
1126
1234
1307
1233
1077
1084
1253
1196
1121
1204