985
1178
1022
979
1064
1161
1060
1187
1255
1196
1135
1216
1159
1145
1460
1282
1250
1110
1155
1496
1239
1284
1330
1197
1140
1261
1314
1255
1394
1403
1266
1298
1383
1407
1397
1331
1189
1452
1460
1307
1367
1322
1218
1415
1405
1436
1481
1371
1294
1417
1468
1346
1384
1386
1326
1421
1307
1204
1412
1325
1396
1369
1332
1310
1344
1204
1207
1455
1342
1210
1426
1367
1285
1464
1383
1167
1269
1444
1332
1214
1408
1322
1243
1229
1150
1104
1274
1130
1040
1015
1045
1188
1069
1078
1195
1107
1111
1327
1253
1128
1244
1319
1212
1096
1191
1436
1368
1298
1447
1348
1250
1377
1375
1290
1424
1379
1265
1381
1463
1376
1338
1456
1360
1303
1445
1382
1249
1413
1358
1354
1433
1402
1320
1406
1317
1291
1426
1298
1138
1308
1486
1427
1223
1291
1345
1321
1244
1346
1281
1189
1310
1338
1285
1355
1324
1253
1382
1312
1228
1341
1245
1200
1337
1268
1172
1320
1378
1349
1330
1369
1370
1258
1315
1318
1248
1323
1362
1276
1366
1387
1293
1307
1430
1364
1180
1294
1326
1235
1399
1412
1249
1353
1369
1297
1240
1390
1354
1299
1337
1344
1255
1256
1348
1406
1329
1364
1312
1206
1288
1364
1303
1368
1318
1199
1293
1286
1255
1297
1334
1224
1237
1280
1229
1230
1371
1303
1172
1266
1340
1229
1321
1409
1324