1479
1443
1464
1420
1404
1534
1608
1477
1569
1474
1396
1466
1406
1262
1306
1221
1097
1079
1090
1168
1311
1437
1318
1428
1443
1363
1472
1395
1482
1521
1450
1540
1628
1460
1510
1479
1354
1495
1440
1508
1538
1365
1402
1406
1365
1544
1510
1381
1432
1444
1447
1546
1458
1301
1300
1521
1465
1352
1441
1422
1271
1394
1334
1392
1538
1414
1344
1393
1197
1148
1089
1172
1289
1243
1271
1196
1264
1301
1372
1320
1559
1423
1253
1230
1571
1389
1248
1046
1031
1022
957
1148
101
478
296
1411
1018
1057
1113
1104
1078
1159
1260
1340
1349
1327
1353
1441
1363
1416
1509
1398
1498
1499
1493
1490
1332
1388
1337
1326
1474
1404
1326
1359
1382
1400
1379
1363
1417
1361
1398
1420
1364
1484
1456
1455
1558
1392
1353
1423
1362
1318
1407
1413
1305
1205
1400
1424
1339
1421
1434
1375
1446
1384
1342
1460
1745
1272
1186
1272
1092
1059
1175
1148
1084
1004
1060
1144
1214
1229
1255
1220
1198
1180
1165
1146
1267
1333
1182
1215
1236
1141
1483
1464
1419
1468
1464
1418
1391
1430
1364
1253
1303
1417
1426
1382
1334
1510
1418
1360
1356
1407
1344
1297
1344
1288
1228
1403
1302
1270
1369
1345
1323
1362
1401
1310
1268
1216
1183
1187
1229
1267
1204
1307
1283
1270
1338
1266