1167
1206
1186
1109
1107
1128
1117
1044
1061
1097
1134
1188
1266
1157
1221
1344
1187
1153
1292
1215
1205
1296
1260
1188
1368
1309
1222
1277
1220
1095
1046
1207
1376
1401
1401
1300
1264
1223
1148
1145
1357
1376
1298
1193
1312
1357
1336
1322
1388
1285
1098
1142
1344
1244
1116
1149
1148
1113
1187
1223
1112
1161
1189
1093
1006
1005
970
1024
978
964
1041
1252
1206
1096
1096
1123
1106
1063
1068
1102
1124
1089
1138
1173
1138
1127
1169
1187
1080
1075
1100
1067
1021
1266
1330
1200
1096
1136
1178
1126
1145
1173
1162
1099
1201
1283
1255
1148
1172
1172
1136
1122
1190
1196
1118
1202
1194
1122
1166
1152
1063
1145
1221
1147
1135
1212
1208
1168
1252
1219
1104
1167
1181
1203
1131
1219
1111
1084
1168
1327
1287
1123
1089
1089
1139
1076
1061
1035
1043
1011
1024
1082
1066
970
926
948
1026
1063
1125
1103
1073
1089
1070
1043
1032
1030
1038
1037
1050
1245
1307
1304
1379
1264
1071
1057
1144
1017
1183
1385
1262
1326
1227
1165
1258
1262
1137
1103
1160
1249
1163
1115
1078
1116
1230
1129
1090
1133
1171