995
988
1078
995
1011
1023
929
976
1022
990
933
941
912
904
854
878
897
870
839
867
885
939
957
940
953
998
949
934
961
966
965
1002
1034
1012
931
964
1002
997
965
990
984
936
924
920
916
902
895
952
988
938
1013
999
971
923
924
916
882
874
880
915
880
902
932
987
1019
974
942
940
973
1016
1024
1020
1106
1129
1116
1051
1021
941
923
896
856
862
887
905
901
881
888
879
872
843
837
842
850
854
854
840
854
880
916
878
875
927
935
947
914
938
961
929
927
940
928
886
905
905
908
876
896
902
977
977
957
921
926
918
941
915
909
858
875
896
962
927
880
899
906
908
902
903
910
936
962
946
915
899
910
896
870
875
898
927
889
893
896
894
867
883
911
894
927
950
950
938
900
916
893
888
864
846
843
854
873
896
860
895
938
937
973
917
949
1001
977
996
1009
1013
1047
956
909
938
1026
997
981
1060
1141
1060
1038
978
987
1039
1082
1214
1073
934
916
951
1046
1040
993
1026
1104
1132
1084
1014
925
921
951
995
1064
1057
1040
973
995
1082
1101
1076
1063
1126
1183
1146
1097
1021
1044
1075
1116
1120
1250
1223
1080
1126
1077
977
909
888
869
923
868
864
899
888
867
885
816
799
788
776
833
1069
1109
1077
1038
978
931
943
960
948
1070
1102
1095
1215
1188
1134
1098
1230
1292
1012
932
936
962
929
1037
1213
1116
1059
1027
1030
1010
968
931
950
1025
1138
1065
1147
1180
1199
1267
1212
1115
1104
1155
1198
1113
1050
1190
1297
1159
1134
1187
1124
1120