1828
1027
1009
1000
973
937
1947
1924
928
1825
1992
984
907
889
901
894
2643
901
878
1773
874
861
855
874
886
877
2697
956
924
928
931
902
877
904
2021
996
943
915
864
848
2604
884
876
900
952
958
974
1080
1075
1053
1074
4278
985
1026
1042
1009
973
979
1060
1179
2174
3241
1030
987
969
1042
2364
1132
3247
1007
1003
1013
1045
996
980
1031
2171
986
995
1035
1022
975
961
973
971
958
934
952
995
964
986
1084
1083
1066
2154
1047
987
1869
943
948
935
959
1013
1001
987
1873
1010
1063
2027
1020
1021
983
976
2097
1052
1041
993
951
1888
2046
999
1027
1981
907
904
890
924
908
879
857
878
910
951
950
926
916
916
914
917
908
917
921
1870
919
1975
1054
975
940
967
1056
1030
1867
929
1886
928
1938
984
958
1905
1916
919
916
971
1033
1063
1028
1086
1101
1053
998
1936
1083
1087
1081
1008
1003
1018
1031
1002
1026
4188
1011
1102
1137
1099
1028
966
942
954
941
909
889
899
920
936
921
924
947
967
931
912
1678
821
810
779
791
799
813
820
822
851
886
864
859
892
922
906
877
897
907
921
902
891
906
917
909
938
962
996
961
941
959
990
958
899
918
915
906
904
927
942
934
896
916
936
936
901
914
913
918
874
874
911
957
939
925
920
920
919
905
858
862
866
878
905