1071
1140
1160
1100
1153
1226
1265
1249
1354
1416
1359
1388
1384
1285
1221
1419
1407
1211
1285
1437
1403
1363
1371
1276
1289
1398
1325
1214
1233
1352
1380
1205
1192
1331
1422
1321
1298
1308
1222
1122
1274
1369
1302
1262
1308
1242
1286
1304
1219
1181
1302
1246
1283
1307
1226
1293
1255
1229
1272
1213
1298
1383
1264
1214
1231
1226
1274
1312
1220
1201
1295
1218
1188
1220
1189
1121
1212
1323
1164
1152
1149
1176
1180
1194
1139
1030
1077
1235
1243
1229
1278
1229
1141
1237
1261
1169
1190
1161
1065
1117
1243
1170
1240
1362
1289
1167
1221
1324
1216
1324
1332
1190
1165
1141
1011
978
1008
1014
1121
1001
1064
1205
1149
1079
1107
1122
1119
1070
1116
1201
1155
1298
1342
1289
1387
1407
1320
1333
1273
1297
1354
1250
1335
1392
1306
1329
1406