1067
1094
1119
1073
1065
1099
1075
1084
1139
1188
1233
1181
1105
1077
1021
1018
1029
1173
1235
1237
1273
1338
1293
1172
1118
1142
1165
1196
1149
1154
1168
1186
1172
1148
1121
1098
1092
1138
1237
1212
1095
1082
1123
1150
1187
1161
1110
1122
1153
1181
1169
1176
1193
1254
1231
1181
1083
1109
1099
1124
1115
1095
1149
1212
1187
1115
1104
1099
1089
1069
1101
1168
1222
1127
1079
1083
1117
1142
1113
1109
1117
1150
1085
1086
1170
1176
1119
1075
1086
1172
1130
1165
1144
1129
1156
1115
1061
1107
1287
1244
1197
1177
1121
1119
1125
1118
1185
1121
1090
1121
1139
1134
1193
1114
1086
1094
1139
1129
1082
1117
1191
1185
1126
1051
1004
985
1006
1090
1134
1103
1135
1170
1114
1153
1245
1234
1208
1199
1212
1178
1199
1248
1177
1133
1119
1104
1107
1179
1230
1185
1104
1104
1140
1146
1115
1089
1171
1135
1125
1244
1241
1151
1185
1237
1180
1072
1030
1050
1114
1097
1142
1207
1196
1115
1081
1074
1032
1020
1032
1099
1127
1149
1205
1231
1135
1139
1192
1215
1194
1151
1202
1197
1174
1154
1199
1174
1146
1213
1261
1150
1137
1177
1178
1152
1181
1147
1180
1216
1228
1128
1071
1108
1200
1234
1233
1173
1139
1174
1164
1136
1160
1225
1191
1239
1257
1205
1159
1172
1224
1241
1169
1130
1072
1054
1162
1207
1143
1070
1071
1178
1244
1229
1166
1182
1075
1087
1113
1171
1138
1204
1299
1187
1151
1161
1158
1110
1089
1105
1146
1118
1088
1138
1189