1021
1090
1185
1162
1123
1213
1147
1078
1097
1146
1004
1020
1016
1041
1072
1143
1095
1095
1102
1068
1062
1238
1205
1110
1082
1116
1132
1140
1372
1211
1201
1230
1121
1171
1164
1112
1180
1326
1240
1214
1318
1233
1205
1296
1278
1177
1114
1186
1214
1181
1369
1283
1205
1288
1270
1195
1150
1127
1056
1103
1237
1298
1264
1321
1240
1153
1187
1304
1215
1151
1260
1214
1190
1168
1261
1208
1092
1199
1289
1171
1070
1084
1155
1134
1157
1213
1179
1125
1192
1191
1137
1180
1174
1100
1042
1129
1275
1165
1063
1131
1215
1187
1248
1300
1184
1237
1203
1150
1172
1200
1188
1187
1202
1193
1118
1224
1324
1266
1174
1230
1283
1228
1292
1242
1146
1192
1195
1149
1232
1247
1185
1220
1301
1206
1134
1206
1313
1268
1343
1362
1277
1217
1278
1278
1178
1187
1156
1084
1018
1037
1105
1071
1097
1216
1158
1044
1023
1039
1046
1087
1029
1077
1115
1123
1076
1096
1211
1317
1344
1244
1098
1113
1164
1212
1222
1191
1240
1159
1180
1261
1226
1146
1261
1288
1135
1108
1175
1263
1190
1256
1300
1198
1082
1153
1303
1321
1162
1202
1310
1262
1228
1306
1263
1191
1220
1206
1135
1253
1253
1160
1116
1177
1134
1057
1126
1186
1100
1104
1150
1093
1073
1092
1102
1083
1006
1043
1034
1035
1034
1082
1104
1099
1165
1203
1149
1112
1152
1176
1143
1091
1157
1185
1127
1055
1078
1078
1039
1058
1188
1204
1141
1296
1236
1098
1067
1116
1096
1065