1152
1255
1173
1128
1189
1177
1118
1216
1244
1217
1188
1236
1131
1188
1284
1176
1187
1220
1139
1094
1178
1196
1141
1146
1167
1107
1085
1136
1117
1056
1102
1111
1068
1127
1076
1140
1113
1076
1130
1131
1083
1109
1139
1070
1070
1120
1126
1076
1110
1032
1073
1190
1095
1153
1091
1032
1069
999
975
1009
1066
1087
1077
1021
1011
1056
1078
1054
1120
1274
1277
1147
1158
1238
1143
1041
1181
1397
1249
1346
1239
1231
1230
1183
1126
1172
1192
1173
1146
1102
1065
1033
1127
1235
1079
1255
1308
1190
1347
1304
1207
1150
1118
1082
1145
1110
1004
1055
1258
1261
1067
1081
1015
991
1064
1078
1056
999
1048
1066
1077
1148
1184
1190
1104
999
1073
1083
1098
1370
1097
1220
1207
1111
1193
1187
1110
1171
1215
1120
1124
1200
1243
1172
1256
1303
1204
1250
1298
1162
1171
1257
1083
1156
1370
1223
1114
1167