1067
1194
1195
1146
1079
1163
1321
1408
1218
1118
1255
1293
1179
1272
1349
1129
1056
1191
1198
1123
1243
1347
1181
1260
1331
1305
1184
1270
1351
1335
1346
1466
1337
1286
1393
1295
1262
1457
1354
1360
1421
1222
1219
1445
1347
1359
1404
1291
1237
1242
1219
1142
1210
1259
1200
1181
1339
1324
1254
1238
1252
1196
1120
1232
1359
1265
1228
1278
1264
1239
1326
1243
1300
1301
1208
1127
1304
1286
1201
1290
1284
1156
1229
1324
1217
1148
1218
1235
1264
1344
1306
1175
1232
1260
1170
1271
1285
1188
1258
1304
1184
1241
1314
1263
1292
1296
1201
1240
1354
1269
1166
1194
1206
1144
1251
1353
1283
1213
1271
1179
1127
1161
1343
1314
1257
1288
1178
1115
1243
1235
1129
1169
1208
1141
1207
1339
1300
1224
1323
1279
1187
1164
1254
1262
1170
1326
1301
1200
1159
1215
1238
1146
1250
1177
1130
1119
1131
1079
1061
1119
988
959
996
1032
1063
1261
1347
1254
1110
1137
1143
1081
1054
1147
1256
1266
1140
1210
1234
1183
1104
1216
1130
1189
1316
1243
1177
1363
1290
1123
1222
1248
1151
1290
1343
1284
1173
1192
1275
1199
1263
1296
1239
1239
1361
1295
1217
1283
1212
1111
1154
1241
1229
1131
1159
1035
1026
1135
1142
1108
1227
1246
1190
1123
1142
1187
1122
1180
1210
1115
1122
1199
1217
1221
1349
1254
1218
1269
1256
1102
1164
1161
1092
1147
1288
1133
1168