1362
1403
1346
1387
1418
1298
1340
1454
1335
1363
1400
1373
1456
1291
1387
1383
1323
1419
1253
1376
1345
1302
1375
1354
1333
1402
1264
1249
1418
1342
1342
1389
1299
1311
1340
1295
1361
1255
1291
1352
1255
1386
1324
1301
1371
1360
1229
1339
1315
1288
1393
1354
1289
1332
1307
1269
1384
1284
1296
1348
1220
1325
1315
1276
1378
1259
1272
1330
1262
1343
1356
1254
1343
1293
1295
1393
1269
1322
1335
1260
1351
1243
1306
1323
1294
1322
1273
1311
1316
1303
1366
1319
1275
1358
1263
1259
1364
1245
1247
1354
1205
1272
1278
1280
1310
1258
1179
1338
1278
1299
1320
1182
1256