879
822
832
840
909
896
953
1123
1143
1038
1036
1006
999
965
950
962
1002
969
946
972
990
1045
1075
1229
1179
1115
1042
1008
1008
1061
965
938
940
927
915
956
1079
1228
1100
983
950
933
930
906
859
918
1035
1204
1142
1181
1270
1224
1088
1001
991
998
911
958
1019
1165
1099
1034
1113
1164
1071
1029
990
995
997
1002
1071
1041
996
1034
1079
1019
1021
1027
999
984
995
1074
1060
977
977
1036
1068
998
993
1025
1031
1060
1029
1056
1124
1078
1101
1048
1079
1136
1138
1161
1193
1237
1128
1154
1107
1032
942
928
939
1012
967
1072
1112
1085
1094
1079
989
927
904
909
911
907
888
983
1117
1102
1075
1136
1173
1083
1001
941
944
997
1140
1113
1071
1104
1053
978
982
1004
981
952
995
1158
1142
1035
999
1024
1004
996
1058
1130
1111
1054
1051
1073
1130
1173
1193
1264
1266
1207
1160
1141
1166
1150
1156
1143
1085
1147
1190
1088
942
966
1041
1112
1122
1180
1077
1084
1092
1137
1057
1021
1005
1027
1014
1019
1066
1024
1155
1213
1149
1026
1018
1000
961
920
930
1019
1137
1073
1181
1201
1077
1025
977
969
989
1053
1015
935
957
969
1015
941
968
1068
1059
989
1027
997
991
931
974
1013
1114
1083
1126
1219
1209
1106
1087
1130
1092
1113
979
926
988
1035
987
1063
1209
1185
1110
1039
1035
1077
1035
989
1044
1095
1091
966
952
1017
1084
1101
1020
1087
1094
1104
1068
1038
1019
980
965
1037
1188
1113
1096
1054
1016
973
981
1105
1149
1086
1032
1080
1104
1101
1040
1103