952
972
972
936
903
941
936
902
947
992
1356
1292
1220
1231
1205
1071
1264
1385
1320
1457
1400
1278
1258
1245
1149
1406
1182
1275
1497
1462
1332
1442
1428
1306
1153
1084
1297
1391
1128
1187
1451
1335
1237
1211
1151
1152
1255
1264
1228
1336
1348
1164
1337
1481
1392
1237
1429
1307
1185
1322
1423
1349
1193
1277
1454
1405
1302
1269
1107
1238
1382
1312
1328
1361
1290
1269
1315
1334
1416
1380
1321
1427
1368
1373
1319
1191
1294
1357
1237
1327
1430
1338
1198
1206
1205
1184
1214
1305
1350
1250
1186
1125
1104
1114
1350
1363
1277
1365
1312
1255
1328
1243
1239
1271
1207
1279
1321
1251
1232
1223
1130
1217
1146
1091
1179
1141
1106
1166
1215
1133
1145
1138
1144
1166
1268
1233
1127
1138
1176
1140
1203
1268
1143
1199
1240
1139
1173
1243
1184
1195
1153
1080
1107
1186
1160
1188
1193
1152
1190
1232
1176
1076
1135
1176
1156
1063
1111
1150
1101
1140
1207
1205
1177
1146
1136
1140
1186
1250
1107
1113
1203
1254
1135
1178
1204
1146
1203
1227
1226
1159
1158
1154
1074
1041
1101
1202
1141
1109
1231
1253
1210
1181
1203
1201
1155
1212
1207
1101
1136
1145
1180
1146
1271
1205
1137
1150
1249
1214
1110
1173
1167
1133
1141
1197
1137
1154
1190
1150
1107
1156
1104
1046
1051
1123
1149
1132
1204
1242
1153
1119
1063
1015
1054
1066
1017
969
982
1027
1010
968
979