1032
1024
1043
1049
1283
1272
1268
1371
1229
1252
1414
1362
1352
1464
1339
1430
1398
1207
1253
1434
1263
1342
1409
1286
1357
1356
1294
1357
1367
1255
1276
1312
1200
1143
1202
1103
1136
1178
1140
1158
1146
1166
1194
1205
1147
1290
1350
1341
1266
1189
1235
1307
1259
1218
1260
1315
1201
1306
1258
1238
1282
1209
1232
1230
1152
1188
1210
1108
1118
1121
1088
1151
1110
1145
1180
1170
1177
1165
1174
1146
1237
1188
1136
1190
1173
1153
1180
1160
1082
1160
1170
1075
1102
1122
1069
1114
1107
1088
1130
1140
1094
1141
1121
1071
1125
1098
1073
1193
1084
1028
1009
1030
1015
1079
1157
1119
1137
1105
992
995
1012
1012
974
996
1141
1183
1076
1120
1222
1247
1173
1165
1259
1267
1201
1292
1223
1210
1276
1237
1150
1343
1254
1192
1362
1304
1258
1356
1218
1250
1288
1216
1184
1278
1177
1150
1094
1037
1091
1148
1122
1189
1207
1142
1159
1242
1163
1144
1165
1204
1367
1416
1332
1303
1336
1232
1116
1246
1258
1174
1256
1410
1191
1158
1261
1175
1349
1248
1152
1293
1197
1065
1180
1252
1211
1235
1247
1219
1314
1320
1248
1228
1263
1242
1176
1224
1360
1244
1299
1356
1247
1312
1256
1197
1343
1378
1285
1434
1367
1288
1317
1217
1125
1254
1345
1225
1354
1321
1255
1431
1427
1314
1335
1291
1105
1121
1394
1311
1191
1417
1353
1259
1355
1253
1113
1132
1269
1240