1177
1169
1151
1403
1345
1251
1409
1287
1261
1508
1317
1213
1431
1342
1303
1526
1431
1462
1449
1326
1417
1309
1191
1271
1466
1328
1392
1322
1307
1419
1338
1297
1217
1105
1136
1162
1104
1144
1259
1067
1182
1335
1258
1262
1450
1461
1284
1328
1459
1450
1510
1425
1358
1446
1372
1424
1577
1457
1408
1389
1342
1396
1328
1405
1475
1435
1445
1348
1236
1413
1411
1323
1424
1281
1195
1381
1348
1243
1336
1285
1292
1330
1257
1288
1406
1378
1366
1384
1380
1264
1337
1316
1159
1357
1326
1105
1156
1441
1299
1204
1313
1299
1230
1339
1351
1327
1388
1326
1246
1366
1352
1294
1404
1370
1342
1396
1240
1317
1347
1243
1341
1304
1247
1379
1311
1206
1273
1247
1248
1366
1296
1240
1328
1271
1303
1372
1282
1284
1382
1350
1313
1396
1316
1262
1384
1332
1325
1220
1104
1131
1362
1351
1183
1297
1350
1305
1276
1326
1299
1284
1188
1247
1242
1271
1401
1302
1209
1296
1210
1146
1379
1400
1310
1219
1391
1361
1343
1400
1295
1191
1361
1336
1256
1368
1297
1249
1412
1343
1325
1374
1231
1242
1348
1336
1291
1399
1357
1199
1259
1222
1154
1322
1370
1295
1396
1329
1260
1305
1283
1217
1254
1274
1251
1451
1403
1271
1318
1260
1200
1336
1358
1268
1397
1383
1282
1312
1317
1186
1299