938
903
879
901
908
911
886
863
857
863
854
854
850
853
854
838
835
845
852
844
868
859
851
864
925
949
961
936
965
965
961
919
883
892
932
919
905
873
893
930
930
921
887
883
908
880
888
883
920
925
901
842
819
821
830
851
851
831
812
822
843
894
915
904
919
926
935
921
930
938
934
926
896
896
922
948
953
926
873
864
887
915
902
896
956
1000
979
951
955
1002
996
951
915
925
929
912
908
919
946
965
979
1011
1080
1006
1021
1042
1046
1021
1036
1047
1063
1032
1005
1036
1080
1070
996
938
951
972
988
943
925
959
1000
994
942
927
933
935