933
878
844
868
913
976
988
973
908
837
826
887
991
1033
986
988
895
865
877
895
960
949
897
885
894
940
958
928
937
936
860
883
905
943
926
884
918
966
993
962
966
984
933
874
857
878
974
986
946
964
983
963
923
911
904
916
893
870
904
971
986
951
988
991
993
920
934
922
859
880
900
963
896
928
982
1009
987
979
1072
970
944
928
942
981
969
903
878
915
948
948
875
867
851
852
842
804
828
853
929
938
896
875
910
972
987
926
920
921
897
904
935
940
938
895
909
939
946
897
933
972
929
872
823
822
861
858
801
831
837
824
833
887
933
946
888
883
951
994
1008
975
906
887
925
959
984
947
947
951
928
853
717
57
771
802
916
1070
1034
1007
974
922
836
805
821
857
902
911
925
908
897
872
865
877
896
889
839
884
900
878
881
907
919
873
924
965
938
886
911
908
920
885
897
896
906
860
896
984
1048
998