1039
1072
1043
1051
1144
1186
1166
1225
1201
1110
1119
1119
1066
1044
1206
1212
1151
1207
1256
1120
1095
1179
1183
1136
1105
1184
1088
1113
1195
1096
1082
1139
1102
1156
1188
1174
1101
1126
1208
1231
1188
1015
997
1018
1063
1056
1002
994
1122
1227
1265
1214
1275
1108
1123
1198
1232
1118
1146
1282
1274
1199
1246
1244
1214
1179
1111
1020
1016
1088
1106
1006
1003
1078
1050
1012
1063
1078
1003
1026
1083
1040
1040
1084
1107
1108
1141
1119
1133
1117
1027
1027
1036
1039
991
1029
1222
1096
1100
1215
1078
1044
1128
1200
1122
1158
1129
1022
997
1010
1097
1096
1089
1113
1129
1079
1100
1091
1007
1023
1062
1092
1041
1104
1173
1154
1073
1106
1106
1076
1135
1126
1080
1047
1142
1123
1101
1191
1192
1049
1035
1157
1192
1152
1166
1204
1174
1152
1142
1146
1069
1104
1133
1097
1068
1153
1187
1128
1091
1147
1138