1003
1219
1114
1287
1299
1201
1107
1197
1196
1104
1050
1090
1118
1103
1128
1188
1162
1105
1142
1147
1111
1088
1214
1208
1132
1215
1229
1121
1110
1204
1188
1176
1295
1229
1201
1260
1247
1202
1305
1255
1148
1232
1209
1120
1209
1182
1077
1149
1219
1147
1159
1228
1191
1152
1201
1165
1104
1190
1159
1115
1161
1156
1126
1215
1214
1063
1110
1255
1190
1184
1294
1162
1114
1128
1069
1091
1228
1138
1063
1153
1178
1088
1148
1125
1096
1210
1162
1069
1090
1158
1051
1066
1109
1135
1097
1188
1262
1121
1085
1112
1148
1113
1168
1205
1148
1137
1184
1190
1171
1112
1167
1189
1151
1152
1231
1185
1127
1195
1225
1160
1130
1204
1143
1150
1236
1211
1164
1240
1071
1022
1019