1228
1283
1296
1144
1096
1220
1277
1232
1320
1259
1173
1126
1157
1149
117
1024
1138
1210
1197
1234
1242
1194
1156
1212
1210
1146
1197
1179
1078
1121
1146
1113
1246
1249
1188
1273
1288
1166
1279
1310
1276
1256
1247
1224
1189
1354
1333
1218
1343
1347
1194
1250
1265
1187
1277
1275
1184
1249
1320
1229
1315
1423
1314
1280
1317
1279
1227
1211
1253
1162
1184
1271
1204
1118
1184
1237
1186
1265
1321
1226
1167
1247
1234
1193
1232
1332
1264
1268
1280
1243
1209
1250
1276
1204
1257
1318
1183
1168
1212
1186
1304
1253
1149
1207
1262
1122
1157
1268
1231
1182
1277
1301
1199
1290
1218
1129
1187
1221
1222
1241
1278
1161
1128