1873
2852
1882
1788
885
911
957
2382
1121
1096
1047
991
1051
3313
2532
992
972
962
992
1099
1076
1024
2001
2655
2476
1286
1245
1107
1083
1340
1392
1297
1326
2349
1319
1371
2611
1201
1190
1235
1222
1304
1195
1328
1351
1221
2602
1279
1314
1372
1266
1277
1307
1209
1238
1295
1283
1397
1340
1210
2526
1229
1269
1268
1168
1170
1119
1162
1228
1157
1361
1373
2435
1265
1203
1360
1325
1229
1222
1123
1153
1283
1245
1308
1333
1174
1154
1294
1363
1259
1261
1203
1172
1222
1213
1132
1271
1342
1272
1249
1183
1175
1299
1318
1209
1229
1280
1228
1154
1236
1211
1181
1219
1200
1104
1176
1271
1134
1164
1178
1120
1099
1187
1194
1181
1193
1117
1106
1118
1078
1111
1221
1149
1169
1184
1106
1080
1090
1086
1062
1205
1165
1072
1113
1108
1047
1053
1026
992
1050
1122
1132
1241
1083
984
967
982
1041
1163
1280
1132
1158
1217
1142
1207
1238
1198
1143
1190
1199
1078
1087
1248
1144
1163
1169
1265
1389
1260
1199
1183
1143
1063
1123
1239
1142
1114
1192
1257
1146
1157
1211
1140
1194
1376
1323
1265
1265
1137
1151
1191
1191
1307
1274
1160
1273
1296
1285
1313
1268
1204
1263
1243
1122
1147
1253
1280
1305
1192
1139
1222
1159
1124
1166
1133
1102
1239
1144
1137
1133
1045
988
1037
1474
1399
1209
1168
1139