1340
1345
1298
1464
1414
1247
1267
1273
1177
1205
1297
1192
1133
1232
1195
1066
1145
1220
1216
1113
1141
1141
1092
1081
1223
1206
1069
1091
1188
1145
1072
1086
1097
1130
1051
1054
1091
1022
965
1024
1217
1175
1085
1104
1132
1022
984
1079
1132
1149
1063
1180
1271
1223
1124
1184
1182
1122
1116
1186
1098
1008
979
1060
1110
1080
1026
1108
1099
1078
1069
1130
1122
1037
1070
1229
1246
1180
1244
1232
1149
1110
1228
1243
1177
1251
1208
1192
1235
1268
1302
1223
1265
1229
1155
1130
1180
1196
1124
1222
1223
1101
1133
1128
1065
1062
1102
960
940
935
953
908
939
931
976
1061
1046
1037
997
982
1016
1030