1053
1060
1146
1044
982
935
861
833
858
891
982
1379
1315
1135
995
1006
1022
1053
991
947
979
1047
1144
1194
1101
1053
961
957
1037
1181
1181
1196
1187
1036
971
979
1028
1102
1088
1093
1097
1085
1102
1080
1049
979
979
1020
1041
1028
1071
1180
1113
1024
995
970
951
919
951
972
974
967
1009
1018
1017
966
968
990
983
984
1037
1042
1000
961
957
938
936
995
1033
983
939
951
979
975
927
969
974
981
986
972
987
987
972
960
944
917
914
935
951
943
940
976
976
945
934
943
949
952
951
972
1007
993
1019
1045
1067
1072
1050
1064
1028
966
938
938
939
913
896
923
949
970
935
965
962
986
1036
1061
1095
969
944
947
963
984
1010
1074
990
952
950
964
970
936
924
918
906
891
898
897
924
924
940
946
958
933
931
940
949
940
960
971
953
923
943
951
939
902
916
916
918
904
909
959
967
965
938
933
962
973
952
943
921
914
926
924
952
1033
1032
1018
1025
977
943
938
956
915
908
906
897
886
932
979
1010
948
952
963
945
910
902
906
938
943
931
937
946
935
918
931
945
920
908
945
999
982
987
1010
1019
1007
975
982
1020
995
978
1036
1063
1067
1026
1062
1051
995
958
952
935
914
938
983
975
954
1012
1050
999
974
1005
1011
935
930
910
930
923
928
954
974
966
1032
1061
1034
973
959
962
950
901
896
885
890
874
909
987
997
934
972
965
933
901
949
979
944
910
908
900
901
906
937
1005
1050
1020
1003
989
998
974
969
966
972
923
920
935
931