792
796
845
951
942
930
971
921
930
897
887
841
848
913
1316
1227
1140
1114
1337
1177
988
936
996
1147
1271
1119
1048
1049
1168
1147
1102
1121
941
926
976
1078
1032
1146
1169
1041
1021
1043
973
1024
1234
1147
1015
1020
1401
1255
1195
1149
1088
1047
1168
1182
1103
1008
974
971
948
964
910
906
998
899
976
1113
1050
958
981
1081
1127
1058
991
980
1036
1120
1265
1122
1108
1229
1292
1213
1196
1320
1333
1094
1010
1035
1168
1072
997
1100
1242
1226
1303
1290
1187
966
958
1017
997
1008
937
1036
1288
1216
1243
1244
1078
1181
1258
1195
1024
1187
1368
1301
1126
1057
1197
1236
1194
1161
1236
1069
998
917
965
1103
1077
1106
1155
1099
1125
1104
1066
1050
1141
1156
1171
1238
1181
1124
1125
1089
1071
1138
1104
1103
1144
1126
1109
1231
1185
1043
1089
1228
1167
1138
1195
1170
1036
1025
960
978
1009
1036
1070
1101
1075
1065
1067
1027
1038
1028
1050
990
981
1175
1126
1013
1044
1091
1064
960
942
909
865
843
893
897
845
845
824
817
813
926
1036
970
932
962
1020
1106
1010
947
990
916
936
992
906
933
969
964
948
902
871
859
902
968
892
896
866
892
945
891
924
970
1012
933
871
842
821
822
869
889
889
845
846
851
827
847
975
1077
967
976
958
1022
1014
929
890
904
922
937
919
864
843
831
846
893
867
877
844
832
862
828
813
816
808
824
979
994
943
1022
1072
944
930
905
906
870
827
845
853
846
859
1107
1142
1171
1132
1008
1064
1100
1135
1005