2455
1073
2298
1171
1072
1018
993
937
926
856
794
7060
1098
1042
1022
1000
950
831
775
6931
1055
1004
991
967
935
831
778
768
4994
1153
1086
1037
1012
980
979
979
855
797
5031
1068
1035
961
904
810
750
5620
1052
979
912
888
880
849
782
761
5733
1098
992
950
908
860
829
778
727
730
726
5803
1047
1003
963
921
844
782
162
662
11916
1606
618
8790
891
801
9448
952
935
848
778
8642
945
852
813
850
890
924
930
847
782
5405
1004
931
826
813
777
713
7420
944
889
846
815
814
771
756
743
5773
994
930
862
818
785
751
730
717
5292
1094
1003
921
877
798
771
758
4696
1072
1023
964
935
845
796
747
5623
988
922
873
842
790
764
748
741
4701
1027
981
928
890
832
794
780
778
808
3245
1057
992
933
898
878
838
807
783
775
780
2864
1084
1023
971
920
879
859
827
800
797
779
796
852
3213
1061
1026
958
934
913
903
870
831
802
792
4951
1106
1011
964
911
884
870
850
845
828
811
788
784
801
2915
1054
1023
977