1058
1078
1102
1021
1040
972
924
945
884
870
888
899
891
906
955
947
998
1070
1001
1058
1083
1068
1070
1059
1039
1015
947
927
902
889
913
1035
1070
1071
1126
1098
1059
1100
1225
1221
1102
1224
1124
1069
1188
1175
1113
1171
1114
974
988
1014
1008
951
960
1021
1092
1066
1094
1107
1132
1145
1114
1170
1090
1040
1074
1113
1152
1135
1206
1038
1026
1051
1074
1076
1129
1161
1075
1054
1053
1008
981
997
1083
1135
1081
1069
1124
1119
1047
1015
1030
1039
1025
1100
1089
1013
1027
1015
987
957
929
893
877
915
926
945
1046
1075
1003
1012
993
987
967
1052
1122
1060
1092
1155
1156
1115
1162
1103
1053
1080
1098
1038
1030
1043
1051
1013
1063
1136
1083
1040
1080
1051
1002
953
939
925
943
991
1027
986
1019
1079
1029
1002
1019
997
946
1004
1050
1037
990
1022
1021
984
984
998
1033
984
977
974
1019
1039
973
1020
1087
1112
1104
1079
1045
1037
1067
1064
1031
1021
1060
1118
1046
1115
1152
1059
1112
1088
1064
1099
1127
1144
1075
1142
1159
1118
1022
977
976
997
982
1045
1124
1100
1050
1097
1104
1098
1107
1161
1107
1103
1139
1145
1051
1095
1115
1089
1070
1096
1107
1041
1103
1159
1093
1074
1124
1083
1056
1099
1101
1091
1108
1143
1075
1110
1147
1120
1141
1164
1093
1089
1171
1137
1221
1156
1118
1141
1177
1097
1093
1201
1123
1074
1146
1202
1094
1071
1104
968
934
983
962
1014
1030
978
968
983
997
967
984
1069
1067
1036
1146
1171
1104
1073
1038
1022
1001
935
960
1068
1280
1152