1354
1284
1540
2633
1314
1139
1194
1243
1186
1278
1340
1256
1156
1127
1243
1296
1272
1404
1394
1273
1318
1325
1350
1277
1441
1424
1283
1376
1421
1273
1246
1501
1430
1245
1276
1360
1345
1212
1337
1195
1204
1375
1177
1173
1298
1247
1117
1334
1304
1157
1302
1393
1298
1252
1324
1316
1208
1170
1401
1433
1290
1468
1430
1293
1244
1462
1391
1424
1385
1195
1271
1288
1151
1438
1309
1071
1081
1391
1364
1195
1271
1357
1319
1220
1275
1434
1312
1186
1354
1446
1350
1480
1385
1166
1194
1306
1205
1427
1428
1282
1167
1254
1393
1355
1296
1335
1273
1179
1238
1263
1152
1263
1302
1233
1299
1473
1434
1290
1370
1347
1240
1415
1366
1198
1164
1311
1419
1247
1206
1334
1300
1188
1269
1438
1362
1199
1292
1360
1239
1236
1412
1373
1271
1373
1354
1244
1242
1329
1146
1040
981
1070
1145
1165
1167
1292
1250
1169
1078
1076
1074
1073
1049
1109
1218
1162
1106
1037
996
1142
1053
1170
1115
1033
1066
1063
1017
1085
1182
1123
1024
1020
1051
1204
1244
1194
1106
1086
1068
1146
1263
1239
1243
1180
1462
1340
1161
1297
1309
1130
1128
1419
1373
1220
1394
1433
1370
1281
1395
1389
1272
1354
1315
1235
1217
1202
1139
1475
1397
1194
1338
1334
1146
1198
1277
1174
1349
1273
1239
1212
1210
1191
1318
1401
1292
1226
1260
1197