1253
1246
1193
1218
1241
1153
1143
1240
1284
1177
1168
1239
1274
1129
1087
1243
1394
1240
1243
1276
1231
1172
1085
1119
1154
1236
1180
1110
1091
1127
1101
1056
1047
1098
1191
1154
1081
1089
1119
1131
1114
1050
1053
1036
995
1025
1110
1123
1122
1132
1143
1082
1063
1099
1077
1028
1042
1209
1301
1233
1081
1075
1113
1104
1113
1128
1093
1054
1136
1174
1124
1093
1145
1269
1260
1190
1188
1243
1226
1215
1277
1260
1226
1184
1232
1305
1303
1349
1267
1291
1317
1218
1151
1208
1315
1273
1175
1179
1236
1182
1129
1168
1169
1269
1198
1125
1166
1197
1148
1114
1104
1120
1083
1056
1107
1179
1096
1064
1048
1087
1132
1078
1009
1019
1077
1193
1210
1166
1153
1212
1209
1137
1113
1140
1242
1308
1285
1190
1204
1312
1332
1253
1170
1227
1279
1288
1222
1168
1201
1257
1207
1184
1196
1263
1277
1239
1205
1190
1218
1251
1203
1133
1198
1323
1195
1128
1127
1188
1236
1233
1218
1188
1118
1084
1106
1124
1096
1131
1193
1266
1123
1129
1216
1216
1138
1116
1171
1187
1106
1061
1107
1195
1128
1130
1106
1033
1045
1120
1172
1128
1066
1048
1110
1234
1219
1137
1153
1301
1289
1199
1149
1261
1237
1104
1035
1033
1103
1256
1249
1187
1120
1157
1164
1203
1165
1165
1178
1214
1219
1278
1266
1184
1139
1216
1334
1131
1063
1225
1155
1066
1099
1177
1176
1179
1106
1111
1175
1198
1113
1112
1122
1133
1100
1108
1192
1205
1161
1086
1104