1160
1145
1066
1014
1035
1050
1021
988
1027
1144
1129
1084
1087
1091
1088
1063
1087
1093
1104
1066
1078
1080
1081
1058
1101
1043
1007
1016
1077
1061
1006
968
1001
1085
1024
995
1019
1061
1052
1008
983
988
1000
998
968
944
955
947
969
938
929
956
1015
1017
989
945
980
1015
1040
1048
984
1006
1023
1051
1033
1003
1023
1069
1024
1028
1025
1044
999
1024
1077
1094
1024
1040
1050
1078
1033
1019
1049
1064
1067
1032
1041
1091
1112
1078
1036
1060
1097
1099
1043
1041
1112
1110
1032
1021
1035
1070
1050
991
1038
1062
1027
1000
1016
1046
1025
1016
1068
1031
1089
1129
1064
1035
1026
1029
985
938
976
1139
1100
1016
1017
1074
1097
1063
1004
987
986
999
1009
1007
991
970
937
939
971
1029
1046
1047
1053