1166
1223
1213
1174
1163
1182
1175
1141
1188
1178
1146
1163
1313
1221
1225
1273
1235
1222
1281
1278
1197
1139
1215
1296
1221
1231
1275
1271
1209
1231
1255
1194
1247
1424
1370
1256
1258
1238
1177
1238
1391
1312
1209
1268
1267
1166
1173
1234
1190
1144
1215
1236
1184
1210
1265
1282
1202
1225
1368
1295
1205
1142
1203
1246
1247
1165
1209
1265
1174
1218
1364
1296
1293
1330
1276
1200
1234
1271
1250
1162
1164
1268
1269
1226
1293
1334
1346
1293
1331
1285
1176
1022
1022
1049
1013
1008
1122
1163
1161
1129
1143
1148
1126
1060
1084
1137
1174
1177
1236
1388
1295
1165
1138
1190
1222
1069
1094
1222
1225
1149
1190
1202
1193
1117
1132
1203
1164
1139
1206
1241
1195
1153
1208
1275
1251
1165
1150
1317
1362
1337
1204
1246
1280
1271
1253
1208
1299
1358