854
841
815
800
785
779
794
810
817
823
829
845
863
885
886
889
876
863
850
840
862
868
914
1023
993
1020
1042
994
981
1003
1005
942
953
1008
1056
1006
983
979
972
975
986
1005
1008
1028
1018
998
960
975
968
979
931
943
944
928
938
961
1011
987
1020
994
961
939
939
935
926
930
947
950
961
957
979
979
989
977
961
987
992
942
951
959
981
989
990
1028
1025
1000
1006
1021
1006
969
979
955
914
941
976
1028
1033
979
1003
1057
1031
1013
1021
1026
986
933
917
892
876
900
947
1012
945
954
986
1022
1007
1004
998
1008
965
966
934
903
897
938
1019
1024
996
993
993
1029
972
968
983
989
960
976
1039
1092
1035
1042
1031
1031
1020
1031
1036
1034
979
968
954
953
1000
1059
1099
1048
1025
1037
1021
978
978
1006
981
948
968
1047
1008
1006
1028
1020
1034
993
1037
1047
1054
1006
1016
1029
919
892
874
851
822
843
886
928
936
934
931
921
905
898
874
837
842
847
854
867
855
884
931
967
947
938
943
942
946
912
926
936
943
910
888
897
930
984
966
975
1009
1023
981
1003
1091
1070
1031
1027
1025
1040
1040
1083
1014
1024
1034
1207
1108
1168
1252
1195
1104
1102
1177
1226
1122
1197
1242
1198
1089
1226
1218
1104
1016
976
999
951
1030
1161
1109
1092
1100
1111
1044
1024
1078
1117
1140
1168
1237
1178
1054
1021
1073
1213
1123
1133
1146
1098
1149
1187
1137
1127
1130
1087
1058
1092
1065
1020
1053
1229
1180
1063
1058
1065
1092
1089
1128
1101
1046
1058
1066
1066
1036
1103