1115
1104
1118
1067
1030
1162
1169
1082
989
1081
1089
1073
1026
1136
1243
1193
1117
1163
1207
1067
1001
1103
1253
1144
1069
1195
1223
1120
1061
1113
1076
1042
1156
1109
1032
1027
1176
1110
1060
1100
1049
1047
1041
1142
1102
1086
1168
1185
1140
1049
1208
1167
1047
990
1058
1101
993
930
984
1163
1115
1042
1047
1063
1038
983
1037
1125
1097
1026
1014
1113
1161
1067
998
1121
1191
1135
1024
1105
1180
1165
1034
1051
1171
1067
1019
1102
1254
1133
1040
1151
1124
1053
1044
1135
1043
1013
1126
1117
1027
1070
1188
1123
1019
992
1125
1220
1192
1067
1091
1092
1046
1000
1000
1054
1039
998
938
1033
1109
1038
968
1013
1053
1034
976
1050
1147
1143
1036
1094
1115
1047
977
1026
1091
1049