1545
1445
1508
1440
1540
1517
1470
1482
1381
1468
1527
1454
1463
1423
1344
1381
1396
1360
1308
1470
1406
1491
1480
1356
1390
1482
1362
1462
1443
1415
1438
1359
1429
1333
1457
1407
1449
1464
1388
1416
1374
1398
1409
1383
1423
1322
1396
1410
1297
1371
1334
1332
1390
1299
1223
1355
1191
1377
1335
1347
1314
1293
1386
1387
1316
1393
1328
1465
1434
1427
1459
1423
1470
1436
1332
1413
1408
1442
1458
1439
1495
1431
1507
1333
1400
1443
1407
1489
1389
1451
1431
1363
1456
1342
1489
1412
1355
1460
1325
1418
1392
1384
1443
1367
1438
1385
1396