1311
1164
1076
1225
1155
1121
1373
1295
1114
1201
1200
1132
1302
1293
1165
1273
1328
1188
1325
1312
1229
1341
1246
1198
1311
1259
1185
1241
1185
1134
1252
1157
1087
1247
1240
1129
1191
1231
1166
1214
1189
1135
1262
1142
1200
1265
1171
1177
1229
1148
1302
1346
1320
1163
1229
1301
1272
1129
1238
1248
1174
1317
1228
1126
1217
1145
1184
1320
1174
1128
1198
1161
1238
1232
1196
1292
1199
1222
1283
1199
1246
1247
1156
1209
1224
1136
1258
1205
1084
1158
1181
1111
1179
1176
1136
1177
1124
1155
1191
1126
1192
1212
1173
1299
1299
1232
1116
1162
1147
1097
1130
1263
1108
1108
1092
1045
1052
1214
1160
1094
1092
1113
1053
1037
1169
1183