1322
1272
1187
1097
1123
1244
1274
1244
1082
1082
1205
1206
1166
1107
1080
1154
1154
1157
1260
1224
1112
1044
1026
1188
1333
1309
1247
1176
1194
1278
1186
1098
1069
1110
1163
1191
1160
1150
1057
1029
1069
1118
1159
1098
1065
1091
1148
1153
1069
991
1012
1096
1063
1068
1176
1135
1076
1086
1080
1063
1027
1050
1061
1070
1102
1104
1040
985
958
1007
1122
1223
1105
1098
1169
1104
1102
1180
1212
1185
1139
1200
1186
1168
1187
1193
1129
1085
1146
1167
1101
1135
1142
1122
1069
1050
1088
1043
1036
1086
1117
1052
1033
1037
1076
1074
1006
1030
1114
1132
1048
1025
1001
1037
994
1051
1158
1147
1056
1063
1114
1068
1053
1051
1072
1033
1045
1157
1149
1097
1112
1167
1153
1072
1091
1101
1058
1051
1122
1113
1058
1050
1143
1132
972
938
919
1032
1181
1085
1016
1057
1094
1076
1064
1000
975
991
971
971
976
954
961
1026
1128
1152
1096
1120
1203
1229
1143
1170
1201
1176
1089
1179
1265
1123
1165
1163
1139
1084
1183
1293
1148
1065
1112
1126
1137
1070
1094
1139
1077
1080
1142
1131
1058
1036
1094
1118
1058
1045
1089
1132
1094
1035
1048
1076
1017
1048
1094
1098
1036
1041
1141
1137
1082
1022
1023
1063
1042
962
909
906
947
1007
1039
971
950
984
1019
992
981
1000
1074
1090
1063
994
1017
1030
1062
1072
1128
1138
1077
1081
1112
1145
1103
1100
1200
1147
1069
1157
1186
1103
1072
1097
1070
1055
1133
1152
1093
1078
1117
1125
1022
986
1040
1104
1047
1050
1188
1209
1099