1450
1431
1226
1346
1259
1304
1378
1355
1289
1338
1453
1292
1387
1329
1278
1330
1296
1158
1084
1088
1084
1233
1320
1324
1132
1139
1168
1240
1388
1298
1317
1278
1164
1116
1131
1084
1158
1063
1142
1264
1254
1350
1193
1084
1133
1132
1074
1185
1171
1135
1274
1119
1130
1188
1110
1109
1098
1029
1147
1148
1075
1230
1110
1178
1201
1085
1120
1030
1093
1154
1090
1156
1193
1135
1194
1126
1161
1188
1079
1157
1245
1187
1357
1269
1130
1170
1121
1150
1266
1187
1073
1188
1209
1390
1423
1339
1308
1462
1391
1293
1437
1410
1285
1127
1247
1525
1482
1515
1462
1486
1430
1327
1390
1415
1316
1473
1394
1385
1474
1438
1391
1415
1414
1286
1438
1376
1300
1402
1376
1299
1414
1400
1335
1420
1330
1338
1391
1225
1287
1329
1152
1198
1247
1144