1176
1102
1091
1209
1194
1128
1105
1197
1188
1065
1077
1192
1181
1065
1151
1297
1228
1063
1142
1188
1110
1059
1131
1168
1124
1166
1170
1075
1018
1160
1258
1189
1146
1283
1225
1108
1103
1020
940
934
939
995
1105
998
985
1097
1112
1098
1022
923
963
1021
1008
941
936
905
938
944
977
919
929
938
987
1035
1016
1020
1017
1026
991
1039
1245
1221
1071
1013
1193
1351
1174
1096
1241
1217
1130
1229
1314
1217
1125
1197
1285
1191
1100
1321
1282
1139
1142
1242
1168
1107
1220
1313
1267
1145
1150
1229
1205
1121
1134
1200
1125
1086
1213
1247
1132
1185
1222
1159
1132
1313
1285
1121
1205
1199
1135
1218
1295
1141
1102
1180
1215
1115
1150
1256
1243
1170
1232