965
1072
1256
1223
1172
1221
1486
1394
1462
1594
1540
1438
1394
1550
1455
1264
1285
1229
1284
1059
1187
1057
1181
1315
1324
1232
1268
1214
1241
1161
1241
1278
1395
1337
1217
1300
1393
1324
1317
1112
1253
1210
1151
1464
1253
1164
1278
1292
1192
1369
1397
1277
1237
1339
1246
1277
1525
1428
1345
1331
1087
1042
1104
1457
1371
1541
1421
1379
1296
1210
1244
1353
1299
1252
1449
1368
1470
1460
1280
1479
1418
1489
1462
1271
1326
1216
1281
1452
1382
1363
1357
1269
1320
1212
1266
1307
1379
1291
1451
1364
1422
1418
1437
1354
1370
1446
1406
1340
1312
1215
1070
1419
1397
1252
1293
1212
1317
1334
1167
1219
1276
1158
1199
1303
1254
1388
1266
1203
1340
1188
1076
1102
1386
1395
1354
1154
1056
1221
1271
1147
1046
1087
1345
1314
1325
1299
1192
1188
1181
1188
1270
1290
1355
1365
1255
1279
1398
1305
1453
1250
1213
1400
1208
1207
1256
1258
1344
1404
1297
1346
1312
1254
1349
1300
1183
1229
1174
1078
1439
1199
1365
1310
1222
1243
1260
1315
1331
1444
1304
1213
1110
1226
1451
1495
1384
1402
1264
1312
1373
1271
1261
1141
1102
1506
1440
1343
1479
1366
1215
1413
1400
1257
1378
1379
1324
1261
1249
1218
1431
1416
1339
1500
1393
1216
1276
1237
1187
1323
1329
1229
1333
1315