1252
1374
1522
1308
1485
1242
1117
1378
1139
1053
1211
1098
1041
1031
1177
1241
1173
1175
1216
1264
1247
1271
1553
1561
1499
1395
1544
1433
1523
1481
1547
1531
1441
1595
1520
1375
1413
1521
1529
1473
1470
1501
1479
1357
1299
1363
1441
1445
1375
1523
1513
1399
1467
1369
1267
1351
1337
1278
1360
1316
1186
1261
1352
1221
1300
1320
1223
1265
1414
1375
1301
1333
1340
1276
1281
1399
1460
1419
1416
1457
1329
1310
1458
1397
1406
1498
1455
1487
1355
1234
1188
1219
1055
1433
1460
1311
1262
1337
1280
1239
1311
1303
1179
1245
1313
1187
1048
1184
1380
1384
1314
1309
1317
1351
1278
1212
1180
1354
1469
1440
1345
1503
1482
1387
1558
1463
1428
1563
1528
1420
1467
1402
1283
1376
1443
1386
1379
1445
1370
1273
1354
1275
1337
1417
1257
1335
1401
1248
1210
1220
1209
1140
1268
1357
1284
1324
1320
1305
1225
1306
1357
1296
1376
1379
1273
1296
1305
1204
1324
1426
1350
1359
1338
1258
1210
1226
1260
1207
1325
1419
1371
1327
1452
1324
1232
1355
1382
1334
1342
1377
1250
1282
1221
1115
1161
1271
1176
1167
1309
1259
1217
1274
1218
1124
1173
1220
1155
1155
1173
1207
1100
1093
1158
1168
1100
1036
984
973
960
963
1095
1140
1166
1072
1107
1111
1120
1243
1339
1312