1092
1155
1190
1278
1039
2433
1217
1185
1340
1270
1268
1181
1208
1238
1186
1156
1225
1249
1325
1286
1073
1092
1286
1268
1189
1378
1215
1130
1159
1278
1340
1294
1081
1146
1152
1098
1075
1180
1160
1071
1114
1152
1131
1120
1128
1163
1095
1330
1369
1283
1231
1367
1286
1343
1325
1230
1309
1315
1197
1418
1331
1197
1464
1426
1278
1276
1378
1302
1375
1390
1267
1361
1292
1151
1218
1373
1197
1354
1297
1146
1192
1180
1073
1161
1266
1272
1243
1403
1305
1197
1242
1222
1139
1113
1200
1144
1063
1127
1163
1059
1085
1220
1240
1404
1274
1172
1176
1150
1091
1107
1345
1282
1258
1341
1182
1273
1368
1190
1326
1409
1304
1351
1242
1181
1377
1336
1292
1336
1193
1073
1152
1346
1217
1281
1316
1225
1248
1382
1331
1239
1229
1257
1186
1204
1362
1296
1192
1295
1308
1153
1241
1462
1324
1189
1258
1312
1144
1219
1236
1145
1243
1265
1239
1232
1308
1285
1182
1224
1322
1229
1180
1319
1286
1112
1054
1207
1229
1124
1180
1331
1127
1062
1127
1171
1198
1112
1135
1198
1192
1063
1114
1274
1266
1180
1241
1318
1255
1229
1349
1271
1200
1300
1283
1199
1265
1280
1236
1163
1273
1265
1177
1207
1291
1180
1203
1190
1127
1165
1292
1225
1129
1179
1214
1156
1146
1169
1182
1138
1185
1191
1124
1092
1123
1145
1113
1209
1180
1106
1114
1176
1164
1075
1056
1166
1248