1191
1122
990
1203
1148
1203
1236
1221
1159
1087
1141
1218
1193
1066
1077
1174
1204
1141
1036
1149
1014
1093
1021
985
1076
1165
1081
1024
1117
1148
1110
1014
1000
993
1049
1099
1087
1103
1104
1146
1094
1099
1055
1106
1178
1063
1138
1167
990
1196
1262
1177
1252
1176
1093
1119
1092
1043
1048
1106
1026
1005
959
915
1049
1054
1006
1118
1147
1063
995
1014
1064
1063
1037
1023
1080
1104
1063
1022
1022
1054
1009
947
938
928
946
919
885
927
972
979
974
970
1028
1035
968
979
1043
1096
1098
1088
1055
1047
1101
1112
1092
1060
1099
1160
1110
1051
1103
1169
1114
1053
1112
1104
1049
1072
1090
1076
1009
1002
1051
1033
979
993
1021
1040
979
1004
1037
1027
988
1007
1033
996
975
1017
1036