1216
1160
1106
1127
1234
1148
1085
1026
1157
1157
1079
1219
1209
1102
1114
1123
1073
997
1019
1026
1049
1050
1151
1235
1179
1141
1077
1080
1120
1146
1113
1253
1335
1234
1122
1190
1250
1128
1195
1106
1031
1074
1100
1037
1032
1129
1102
1047
1131
1110
1102
1042
1025
1063
1111
1068
1086
1118
1155
1074
1084
1144
1061
1070
1165
1119
1066
1150
1132
1045
1090
1127
1078
1001
1003
1024
1000
1001
1068
1134
1108
1080
1099
1133
1057
1021
1019
1003
969
943
969
1055
1104
1034
1028
1071
1013
1009
969
976
995
1037
1022
955
946
960
1016
999
996
1061
1088
1021
1027
1129
1083
1014
1061
1096
1080
1010
1036
1047
1041
992
984
1046
1138
1052
992
1036
1062
1028
976
983
1028
1053
986
1000
1105
1150
1087
1055
1047
1071
1064
1017
992
1030
1161
1187
1157
1161
1199
1121
1136
1188
1152
1156
1076
1149
1174
1050
1034
1064
1058
1014