1016
954
1025
1071
1154
1101
1151
1135
1135
1108
1013
1122
1252
1426
1269
1105
1165
1228
1246
1491
1358
1446
1333
1299
1358
1391
1337
1481
1402
1293
1347
1374
1334
1497
1450
1323
1468
1475
1312
1639
1488
1369
1522
1550
1397
1408
1301
1279
1335
1377
1270
1380
1366
1442
1551
1447
1352
1319
1359
1292
1349
1475
1411
1385
1356
1240
1324
1341
1181
1372
1404
1353
1259
1411
1361
1337
1374
1374
1245
1266
1409
1456
1581
1482
1374
1323
1226
1207
1456
1438
1268
1294
1215
1278
1417
1438
1504
1400
1281
1252
1284
1234
1456
1429
1372
1328
1374
1355
1305
1396
1345
1283
1404
1352
1226
1290
1303
1220
1332
1416
1371
1412
1374
1378
1374
1359
1335
1300
1306
1400
1262
1311
1401
1277
1299
1246
1130
1226
1434
1345
1216
1286
1284
1242
1301
1280
1182
1215
1278
1222
1293
1284
1225
1120
1179
1309
1265
1272
1367
1303
1313
1430
1485
1417
1422
1359
1350
1376
1301
1238
1384
1335
1369
1468
1341
1285
1330
1320
1240
1351
1318
1211
1232
1295
1203
1309
1354
1291
1251
1312
1347
1224
1313
1313
1218
1257
1379
1321
1297
1312
1300
1263
1348
1329
1187
1298
1281
1182
1266
1354
1291
1207
1351
1294
1201
1295
1262
1140
1296
1425
1304
1404
1293
1169
1185
1225
1237
1275
1395