897
886
879
871
864
852
858
871
938
970
953
972
1060
1048
955
915
872
851
878
912
964
933
940
987
1042
1005
991
1033
1131
1186
1100
1064
1074
1083
1030
1008
1046
1157
1093
1045
1077
1192
1178
1144
1158
1172
1153
1139
1130
1089
1117
1117
1082
1183
1120
1098
1146
1242
1224
1080
1097
1106
1082
1068
1084
1081
1046
1083
1145
1120
1088
1081
1061
1069
1117
1136
1139
1192
1147
1023
1028
994
1008
1059
1158
1085
1085
1106
1078
1127
1145
1092
1088
1099
1063
1044
1159
1162
1050
1063
1170
1173
1124
1125
1042
1014
979
1015
1005
923
943
976
1032
1022
987
1077
1128
1058
995
1008
1076
1099
1042
1063
1069
1057
1021
957
999
1251
1282
1186
1060
1133
1254
1222
1136
1108
1131
1136
1108
1161
1160
1089
1057
1145
1099
1048
1156
1203
1080
1104
1151
1136
1153
1145
1075
995
914
942
1010
1102
1097
1072
1104
1115
1087
1064
1057
1029
1038
1010
1003
1079
1136
1092
1128
1062
1037
1048
1076
1059
1021
1011
980
929
910
895
861
848
834
845
854
860
860
840
808
804
812
855
862
855
837
847
891
972
1066
1022
996
976
937
923
915
926
880
871
894
928
975
945
964
1022
1063
1020
1025
1014
992
964
947
897
866
905
991
1177
1088
1025
1034
1015
1000
990
976
960
919
900
919
1029
1239
1178
1070
1132
1113
1035
1013
1046
1079
1036
994
1005
986
980
1006
1089
1110
1108
1061
1075
1185
1127
1063
973
928
979
1055
1219
1254
1140
1098
1049
996
976
940
892
915
972
1067
1074
1022
959
980
1031
1087