1176
1272
1299
1253
1232
1396
1304
1128
1248
1257
1142
1168
1213
1196
1142
1123
1159
1159
1137
1100
1176
1274
1195
1142
1201
1209
1125
1242
1200
1079
1124
1191
1133
1233
1228
1104
1047
1077
1082
1106
1083
1185
1201
1156
1292
1305
1019
1021
1164
1084
1322
1306
1147
1174
1099
1041
1023
1146
1233
1187
1114
1132
1160
1107
1087
1134
1431
1380
1314
1324
1232
1116
1030
999
959
1002
1063
1115
996
984
1087
1165
1096
1069
1039
1069
1047
1084
1097
1048
1035
1075
1133
1244
1221
1297
1316
1148
1112
1528
1435
1207
1357
1364
1306
1411
1322
1209
1286
1284
1254
1291
1246
1143
1291
1435
1247
1296
1212
1210
1385
1338
1216
1432
1373
1302
1240
1317
1340
1357
1421
1349
1278
1353
1275
1176
1236
1269
1210
1395
1429
1322
1390
1346
1218
1290
1374
1341
1295
1317
1227
1154
1223
1271
1233
1293
1283
1204
1267
1313
1177
1215
1218
1146
1167
1353
1310
1234
1280
1210
1153
1174
1178
1149
1187
1161
1104
1159
1214
1110
1152
1222
1204
1155
1289
1284
1205
1190
1271
1170
1205
1331
1260
1132
1078
1190
1340
1272
1159
1142
1146
1109
1080
1142
1095
1078
1032
1033
1066
1108
1088
1099
1149
1134
1111
1215
1168
1094
1147
1235
1106
1061
1156
1194
1123
1103
1120
1071
1093
1149
1187
1146
1210
1204
1146
1231
1228
1146
1172
1275
1224
1236
1403
1348
1253
1249
1315
1337
1300
1438
1417