1042
965
960
974
978
922
904
958
923
855
804
794
780
774
767
761
779
786
807
814
811
775
768
754
752
746
738
743
756
785
776
771
771
798
829
842
839
840
835
827
805
795
782
788
792
777
785
784
788
767
775
796
871
941
911
945
868
808
790
767
712
1399
693
683
683
693
729
747
748
743
739
742
735
734
737
738
744
755
765
813
890
1042
1139
1038
993
875
831
827
829
831
827
785
782
811
830
833
792
770
745
754
778
836
842
807
789
810
850
885
872
842
835
829
837
831
838
851
849
858
835
865
855
852
825
840
873
872
877
896
918
923
844
813
818
811
822
803
827
843
855
827
805
797
789
785
762
771
791
850
908
885
924
995
966
909
913
950
933
896
901
932
881
874
873
882
835
862
882
917
916
950
947
903
895
904
912
942
905
950
952
924
864
884
905
963
940
923
935
953
941
950
995
956
953
955
972
937
915
900
896
843
850
878
963
953
939
988
1024
980
959
942
911
871
872
914
942
875
910
947
955
924
945
955
969
962
1006
1043
1039
943
874
840
818
807
789
768
773
769
828
907
854
901
936
929
873
869
900
921
854
858
893
933
973
973
910
920
962
969
910
908
897
904
929
912
947
1051
1066
1021
1002
1030
1063
1012
945
917
905
903
925
854
858
870
881
905
878
904
984
1008
952
942
971
956
865
851
846
883
898
882
921
1004
1021
946
923
969
1026
972
907
900
896
826
836
841
873
827
841
863
868
822
838
864
918
924
873
879
901
928
910
928
924
897
870
870
881
897
884
912
947
933
907
922
991
941
881
864
852
856
875
869