1213
1138
1099
1115
1188
1158
1121
1029
1014
1011
1071
1049
1015
1095
1189
1142
1095
1053
1085
1146
1209
1232
1197
1255
1211
1157
1063
1059
1130
1354
1281
1235
1262
1254
1164
1152
1199
1165
1107
1125
1236
1213
1110
1125
1202
1292
1228
1170
1193
1291
1258
1182
1145
1137
1076
998
988
1042
1174
1191
1104
1097
1099
1099
1059
1062
1078
1091
1050
1065
1147
1134
1057
1096
1153
1220
1173
1205
1176
1111
1070
1080
1128
1176
1109
1136
1123
1102
1050
1076
1112
1141
1088
1092
1100
1087
1028
1063
1083
1082
1006
1018
1088
1125
1053
1036
1063
1055
1021
1047
1111
1053
1011
997
1032
1093
1176
1160
1154
1162
1107
1112
1151
1113
1044
1095
1185
1147
1105
1188
1201
1130
1137
1146
1089
1097
1090
1048
1021
1065
1135
1110
1088
1161
1119
1055
1095
1090
1047
1057
1102
1079
1077
1108
1154
1127
1070
1122
1134
1088
1068
1166
1123
1076
1000
1013
1065
1116
1068
1061
1061
1073
1070
1015
1052
1124
1162
1120
1072
1110
1152
1139
1079
1114
1211
1146
1090
1177
1174
1087
1033
1042
1111
1135
1156
1130
1160
1074
991
966
955
951
974
978
986
978
991
991
973
953
936
938
969
1043
1079
1080
1090
1129
1184
1114
1059
1105
1205
1151
1114
1104
1133
1154
1052
995
987
982
967
947
979
1028
1080
1025
1021
1025
1034
1047
1058
1047
1036
1014
984
979
979
955
913
891
892
913
948
988
961
940
938
951
932
933
919
922
935
958
985
954
954
1003
1047
992
971
974
976
961
925
937
946