874
1089
1229
1277
1088
1002
959
967
1102
1174
1224
1151
1056
1052
1147
1087
1519
1466
1329
1402
1247
1425
1168
1159
1112
1133
1084
1157
1230
1159
1119
1130
1203
1274
1137
1103
979
908
923
994
987
1283
1221
1052
1165
1190
1134
1200
1213
1157
1320
1354
1330
1298
1255
1254
1198
1261
1283
1150
1224
1275
1208
1399
1402
1281
1258
1129
1198
1274
1236
1297
1272
1195
1306
1339
1265
1320
1302
1256
1160
1313
1266
1235
1401
1306
1331
1222
1166
1268
1197
1155
1236
1249
1215
1347
1238
1174
1291
1292
1229
1329
1378
1312
1333
1287
1311
1396
1244
1216
1278
1130
1167
1342
1267
1297
1189
1075
1081
1112
996
927
912
1057
1134
1253
1242
1234
1283
1211
1160
1209
1175
1131
1281
1271
1290
1349
1275
1215
1379
1332
1318
1375
1314
1183
1318
1355
1292
1404
1298
1305
1310
1169
1127
1312
1214
1288
1302
1127
1223
1255
1251
1250
1417
1370
1301
1327
1373
1281
1169
1221
1280
1149
1240
1404
1254
1312
1273
1271
1149
1175
1160
1162
1072
1193
1267
1169
1175
1113
1050
1029
1068
1091
1068
1143
1136
1126
1104
1096
1081
1064
1080
1043
1001
1060
1230
1215
1151
1054
1169
1308
1200
1078
1169
1325
1292
1236
1283
1211
1124
1139
1188
1201
1294
1294
1222
1249
1315
1224
1281
1348
1215
1267
1201
1070
1147
1425
1330
1212
1298
1253
1173
1235
1221
1248
1185
1248
1227