1303
1293
1217
1231
1336
1328
1290
1211
1258
1220
1212
1374
1369
1293
1200
1361
1293
1218
1363
1296
1162
1209
1265
1153
1157
1253
1198
1221
1231
1260
1197
1248
1275
1260
1220
1186
1292
1343
1231
1239
1333
1300
1207
1378
1312
1236
1289
1307
1258
1341
1309
1163
1272
1242
1079
1060
1133
1142
1079
1249
1252
1109
1135
1183
1106
1018
1038
1112
1134
1104
1140
1173
1146
1104
1138
1146
990
1016
1146
1244
1178
1038
1181
1277
1206
1168
1159
1146
1104
1132
1187
1168
1197
1134
1042
990
988
1021
1042
1176
1127
978
976
1021
1127
1077
1005
1061
1279
1324
1276
1204
1118
1208
1342
1312
1309
1293
1211
1158
1239
1416
1347
1204
1194
1370