1206
1186
1166
1077
1068
1115
1198
1294
1148
1107
1179
1247
1217
1132
1190
1309
1215
1133
1139
1213
1207
1114
1115
1209
1188
1096
1104
1134
1085
1109
1257
1329
1190
1188
1174
1186
1157
1224
1251
1386
1293
1214
1226
1246
1207
1180
1292
1275
1232
1229
1307
1207
1129
1171
1346
1251
1146
1324
1274
1185
1100
1159
1200
1190
1240
1264
1268
1155
1115
1175
1201
1157
1145
1283
1258
1157
1193
1234
1217
1146
1200
1297
1271
1214
1257
1346
1253
1126
1126
1214
1282
1165
1186
1260
1177
1131
1209
1229
1199
1134
1145
1192
1158
1104
1122
1221
1195
1192
1241
1215
1139
1154
1248
1251
1149
1158
1252
1213
1160
1144
1155
1151
1118
1151
1243
1292
1218
1179
1257
1289
1176
1133
1183
1254
1221
1204
1223
1181
1119
1193
1386
1290
1194
1215
1237
1227
1210
1229
1201
1188
1332
1304
1199
1081
1081
1197
1225
1088
1101
1034
1063
1081
1058
1071
1057
1035
1015
1036
1107
1181
1137
1038
1051
1081
1178
1166
1151
1130
1201
1325
1293
1206
1273
1227
1163
1166
1197
1164
1116
1193
1307
1293
1232
1263
1217
1110
1058
1102
1174
1187
1149
1292
1241
1161
1146
1181
1207
1125
1170
1246
1204
1153
1205
1235
1205
1207
1311
1257
1167
1209
1225
1123
1238
1337
1198
1220
1233
1135
1153
1218
1186
1133
1110
1223
1223
1111
1161
1222
1177
1050
1063
1099
1168
1188
1141
1188
1267
1302
1146
1211
1208
1188
1143
1143