970
973
975
964
950
912
866
846
823
807
788
830
874
964
1085
1129
1113
1090
1084
1023
989
976
982
1019
998
1057
1079
1071
988
972
1011
1231
1223
1063
1081
1044
1004
1010
1011
1039
948
934
924
917
918
922
910
917
944
962
931
926
956
917
894
892
905
934
928
921
928
899
887
886
896
918
959
909
892
918
946
952
943
922
938
949
952
929
936
938
942
956
934
938
934
957
897
889
892
901
941
934
913
930
959
1037
1032
962
965
975
970
979
979
999
998
985
1009
1010
1011
1047
1015
991
1022
1019
988
964
944
973
996
975
954
979
1006
979
952
923
912
918
947
970
975
1010
983
981
941
919
903
890
939
951
923
877
889
910
914
881
905
973
966
909
903
899
906
931
931
937
926
929
903
938
938
917
894
924
955
1046
1048
1041
1047
1042
1005
1034
990
966
968
983
963
986
1024
1109
1084
1022
996
991
974
909
915
934
951
928
926
925
901
855
845
857
898
939
947
935
926
927
927
903
901
903
896
905
927
960
949
922
922
939
968
961
924
909
904
868
852
879
880
892
896
863
870
877
883
891
900
936
947
947
947
992
1023
1072
1050
1011
982
941
949
976
968
938
895
904
877
861
860
853
831
816
817
825
832
856
832
843
850
862
855
846
849
862
868
854
854
875
913
1026
1038
1020
952
961
972
991
952
918
871
864
891
959
1077
1054
1018
1024
1053
1038
974
995
966
936
887
887
913
971
983
947
947
949
986
1010
1000
985
965
946
965
944
927
886
875
882
906
947
942
986
982