1117
1195
1139
1059
1082
1172
1226
1207
1121
1125
1157
1157
1116
1120
1196
1170
1091
1051
1151
1241
1143
1162
1156
1123
1241
1369
1306
1201
1186
1181
1081
1159
1196
1183
1143
1264
1237
1147
1209
1221
1179
1145
1205
1253
1146
1081
1113
1150
1041
1013
1169
1196
1139
1127
1139
1220
1129
1181
1243
1200
1141
1180
1232
1175
1330
1264
1132
1204
1257
1152
1092
1118
1121
1054
1148
1129
1009
1007
1021
1054
950
921
922
937
950
947
1018
1082
1088
1032
1043
1027
1020
978
977
984
991
965
1001
1021
1018
1016
1040
1118
1071
1001
1001
1043
1069
1036
1088
1185
1091
1044
1081
1076
1057
1052
1123
1172
1126
1193
1179
1118
1065
1096
1108
1080
1236
1263
1172
1236
1231
1127