1418
1260
1393
1438
1334
1259
1374
1278
1191
1375
1406
1263
1382
1345
1264
1281
1346
1253
1249
1392
1437
1265
1168
1333
1256
1021
1047
1314
1381
1401
1269
1260
1244
1221
1327
1411
1396
1386
1352
1192
1065
1348
1442
1479
1497
1382
1438
1426
1279
1343
1357
1271
1379
1414
1449
1449
1426
1342
1292
1322
1363
1293
1387
1410
1233
1362
1388
1188
1351
1385
1314
1372
1342
1160
1325
1367
1292
1364
1341
1295
1299
1341
1307
1106
1084
1273
1296
1365
1357
1211
1317
1302
1300
1364
1343
1156
1310
1237
1170
1324
1311
1205
1193
1307
1327
1329
1388
1407
1400
1251
1349
1369
1391
1403
1345
1282
1377
1392
1393
1321
1377
1378
1344
1389
1385
1373
1403
1389
1407
1410
1436
1436
1404
1223
1297
1317
1271