191
17908
7111
6116
1652
855
1730
879
2880
873
1717
1798
864
831
819
815
818
813
1696
907
915
870
859
823
800
815
864
903
914
1013
1005
984
948
956
966
963
948
1900
985
912
902
909
4060
1479
822
875
832
844
841
792
765
759
787
817
1741
928
949
953
933
1061
1157
1016
1064
1089
1044
1039
1062
1073
1048
1073
1057
1014
967
930
851
856
875
884
886
820
808
808
832
830
838
884
1025
1050
949
941
900
964
897
882
888
923
1001
942
902
868
859
886
1109
1094
1080
1021
1066
1043
993
963
950
964
903
870
898
1082
1154
1020
987
996
1210
1167
1042
1045
1113
1090
1082
1132
1123
1074
1001
922
877
921
1004
1242
1126
1040
1097
1073
1027
986
994
1016
1032
978
923
897
896
942
1066
1061
1077
1066
1076
1024
1123
1128
1080
1027
964
936
1180
1250
1137
1035
1010
1051
1074
1108
1070
1044
1015
1023
1002
1010
940
925
1007
1168
1173
1131
1214
1186
1082
1029
1093
1063
1044
998
1004
1071
1051
1058
1140
1162
1137
1094
1051
1013
944
921
964
1018
992
996
958
990
1040
1009
1025
1039
1050
1025
1021
1018
959
917
873
943
1135
1085
1103
1051
1026
995
1022
965
901
907
974
1031
990
944
954
952
956
906
905
945
1038
1002
985
1004
972
912
947
1098
1158
1135
1039
1081
1022
1019
1040
1050
1073
1042
1055
1083
1049
1007
1022
1089
1206
1009
1043
1171
1153
1060
1089
1113
1117
1151
1176
1131