1413
1374
1386
1413
1354
1443
1288
1386
1319
1411
1385
1253
1324
1376
1303
1348
1377
1282
1259
1392
1295
1338
1337
1188
1076
1145
1399
1316
1266
1373
1295
1257
1352
1312
1255
1300
1313
1251
1315
1446
1426
1277
1368
1440
1404
1256
1331
1445
1414
1310
1436
1429
1361
1233
1296
1366
1333
1205
1319
1379
1281
1311
1329
1300
1200
1259
1364
1354
1307
1155
1202
1302
1283
1142
1139
1372
1414
1271
1331
1416
1400
1296
1382
1391
1265
1261
1375
1389
1312
1402
1422
1375
1426
1424
1325
1396
1446
1407
1452
1382
1295
1422
1437
1428
1455
1449
1464
1425
1332
1419
1422
1320
1229