1164
1135
1208
1282
1146
1117
1217
1256
1144
1137
1208
1253
1123
1108
1223
1162
1160
1248
1200
1078
1079
1135
1183
1104
1146
1214
1116
1075
1151
1190
1106
1133
1192
1143
1147
1160
1159
1178
1130
1157
1173
1115
1035
1120
1235
1053
1009
1056
1096
1045
1070
1175
1212
1148
1114
1103
1068
1074
1126
1148
1104
1079
1109
1148
1185
1154
1050
1048
1123
1175
1225
1172
1027
1037
1104
1150
1127
1035
992
1022
1106
1134
1122
1066
1084
1074
1025
1015
1128
1221
1174
1119
1030
1084
1141
1100
1083
1097
1045
965
975
1096
1129
1165
1109
1049
1104
1233
1189
1171
1075
1105
1199
1285
1233
1169
1200
1300
1297
1229
1201
1293
1338
1288
1089
1061
1373
1360
1157
1068
1108