1265
1127
1085
1186
985
1091
1489
1158
1309
1388
1201
1142
1276
1297
1130
1237
1367
1413
1329
1245
1351
1302
1286
1386
1398
1357
1470
1354
1404
1338
1194
1261
1295
1168
1371
1386
1340
1261
1356
1303
1298
1430
1421
1382
1392
1482
1430
1531
1531
1479
1413
1391
1399
1415
1418
1331
1492
1417
1344
1496
1360
1354
1429
1339
1494
1457
1418
1416
1533
1420
1391
1465
1397
1397
1528
1398
1363
1442
1314
1366
1351
1252
1262
1389
1369
1415
1430
1269
1268
1314
1315
1305
1490
1411
1335
1435
1470
1384
1510
1435
1283
1413
1285
1420
1470
1294
1354
1216
1320
1369
1282
1443
1380
1283
1412
1363
1375
1383
1379
1451
1458
1422
1392
1463
1383
1309
1234
1329
1342
1265
1369
1407
1259
1368
1359
1238
1408
1404
1212
1428
1459
1329
1473
1390
1236
1294
1295
1199
1358
1430
1285
1375
1278
1061
1212
1342
1162
1255
1319
1276
1167
1308
1395
1358
1353
1438
1372
1210
1328
1338
1235
1387
1404
1292
1474
1384
1267
1364
1268