1299
1262
1146
1223
1290
1185
1245
1318
1285
1226
1171
1149
1246
1361
1238
1289
1403
1292
1220
1415
1503
1357
1268
1475
1398
1314
1395
1387
1397
1469
1413
1301
1371
1232
1284
1415
1308
1433
1332
1317
1349
1159
1245
1275
1085
1067
1204
1179
1098
1109
1140
1232
1280
1175
1146
1257
1258
1148
1332
1390
1464
1481
1273
1299
1271
1149
1247
1436
1319
1396
1405
1299
1226
1315
1224
1178
1299
1313
1305
1390
1349
1249
1340
1271
1289
1463
1482
1446
1422
1313
1231
1254
1244
1250
1337
1322
1391
1268
1051
1056
1063
1260
1197
1157
1249
1201
1088
1158
1228
1090
1050
1152
1264
1247
1313
1342
1367
1350
1194
1221
1292
1344
1170
1283
1367
1356
1201
1393
1412
1348
1368
1398
1255
1177
1338
1408
1396
1309
1408
1416
1425
1396
1406
1405
1325
1397
1340
1262
1277
1412
1401
1332
1400
1395
1299
1330
1253
1215
1349
1347
1311
1389
1368
1267
1276
1374
1373
1389
1398
1326
1421
1425
1354
1426
1420
1334
1254
1383
1375
1282
1293
1258
1149
1106
1167
1255
1188
1106
1182
1305
1230
1287
1298
1190
1216
1208
1163
1153
1329
1269
1186
1177
1324
1261
1143
1238
1273
1214
1303
1330
1253
1308
1380
1346
1250
1370
1340
1193
1276
1359
1350
1363
1377
1368
1204
1250
1309
1250
1313
1360
1271
1268
1297
1246
1214