1112
1044
1145
1266
1272
1388
1269
1173
1126
1092
1077
1136
1112
1087
1085
1312
1367
1315
1201
1218
1240
1144
1036
1047
1088
1059
1103
1156
1092
1128
1246
1169
1182
1217
1134
1168
1182
1131
1177
1310
1283
1257
1331
1319
1168
1308
1377
1308
1272
1343
1242
1243
1325
1293
1163
1184
1164
1205
1319
1213
1139
1276
1280
1174
1155
1279
1275
1180
1189
1176
1137
1267
1225
1122
1188
1299
1206
1269
1286
1199
1229
1200
1136
1152
1250
1267
1187
1251
1250
1130
1171
1252
1187
1270
1280
1159
1207
1189
1105
1078
1147
1224
1177
1229
1259
1209
1205
1289
1268
1186
1248
1181
1104
1170
1331
1169
1140
1142
1088
1056
1095
1031
1045
1132
1130
1105
1149
1148
1043
1098
1177
1181
1076
1098
1127
1115
1120
1182
1240
1171
1125
1153
1149
1182
1238
1271
1156
1186
1256
1250
1253
1303
1265
1185
1178
1252
1240
1191
1277
1260
1176
1222
1210
1168
1175
1264
1231
1248
1251
1151
1160
1206
1157
1148
1254
1240
1119
1109
1210
1203
1130
1142
1198
1129
1076
1140
1193
1138
1207
1225
1156
1089
1120
1113
1078
1112
1177
1126
1080
1130
1170
1151
1143
1184
1229
1092
1119
1217
1229
1169
1092
1174
1152
1073
1041
1146
1198
1178
1123
1144
1197
1206
1187
1283
1341
1278
1116
1150
1240
1165
1147
1119
1109
1146
1242
1180
1212
1287
1212
1116
1156
1146
1091
1164
1263
1225
1210
1250
1218
1169
1191
1251
1244
1354