989
1009
1025
1026
1034
1029
1048
1029
943
940
972
1039
1033
1056
999
1161
1167
1101
1021
1069
1090
1027
992
950
992
994
950
939
941
955
971
938
945
995
1027
1000
978
1007
1033
963
950
952
943
906
933
965
985
946
941
986
1015
1013
1021
1143
1130
1060
1063
1034
993
1008
1075
1018
990
997
1064
1016
985
1062
1104
1027
1036
1146
1041
1021
1055
1129
1083
1100
1084
1075
1056
1086
1096
949
941
951
970
953
984
1018
1033
1020
1060
1090
1074
988
982
1017
1017
990
1010
1054
1005
959
962
976
1012
1018
971
969
979
994
999
989
978
979
1020
977
930
954
950
930
995
1032
953
940
998
1011
950
949
994
1051
1038
1027
1058
1077
1034
1013
1033
1024
1010
1045
1085
1062
1058
1077
1082
972
970
1000
1019
997
943
944
988
946
937
968
1006
986
1003
1085
1067
1068
992
973
998
1059
998
970
1031
1146
1067
1021
1012
1009
985
976
1031
1071
1038
1028
1051
1066
1030
1000
1014
983
909
927
956
975
966
982
940
940
945
923
934
936
898
893
933
974
945
972
983
971
923
982
1029
1072
1015
979
965
1005
961
928
920
893
895
887
876
908
949
990
955
986
990
974
946
974
984
929
877
884
898
923
889
930
1028
1059
1019
989
972
976
951
971
1017
1067
1021
1035
1079
1015
961
1009
1086
1043
1034
1123
1133
1057
1021
1030
1045
1006
1021
1005
1010
1063
1084
1081
1045
1035
1072
1062
998
1005
1054
1104
1031
940
999
1093
1093
1101
1149
1123
1064
1155
1191
1212
1135
1065
1132
1184
1196
1135
1224