972
965
987
1006
953
930
953
997
1072
1062
1023
973
978
995
3162
1010
1006
3197
1034
1008
1072
1165
2357
1090
1059
1059
1025
1033
1003
999
1035
1067
1024
1019
1048
1059
1033
1023
1007
1074
2292
1178
1067
1034
1002
970
1867
2017
984
957
955
1062
2403
1075
1007
1018
990
975
954
906
905
1899
1195
1135
1034
1000
1010
1050
1112
1104
1118
1084
1028
961
967
1112
1245
1217
1132
1146
1085
1041
994
980
1020
1101
1093
1043
999
1035
1086
1113
1101
1043
2061
1017
992
988
1023
1000
995
974
1019
1087
1043
1023
1077
1072
1004
954
958
999
1025
1004
2000
1062
1131
1041
1005
940
922
932
916
902
906
971
1054
1044
991
953
940
935
920
927
960
968
961
890
882
884
907
924
914
977
971
933
947
938
903
862
850
871
861
860
836
1662
1888
1049
1026
981
951
958
963
937
941
915
901
896
854
836
836
826
829
842
877
954
931
884
883
950
1045
1048
1120
1046
965
1879
931
940
971
964
932
977
1062
1092
1041
1035
1068
1074
1073
1154
1171
1088
1066
1103
1271
1226
1151
1202
1219
1100
1032
1013
1095
1063
1032
1081
1188
1179
1097
1112
1099
1088
1092
1103
1055
1014
1023
1013
1011
984
1041
1063
1140
1161
1196
1153
1140
1122
1057
1004
931
919
964
1257
1238
1096
1065
1068
1029
982
955
973
1063
1119
1136
1105
984
996
1053
1118
1086
1031
1064
1109
1088
1039
1055
1069
1092
1040
1072
1068
1014
981
954
975
1028
1219
1165
1075
1047