1346
1369
1323
1488
1408
1298
1294
1428
1331
1313
1331
1362
1204
1405
1372
1263
1312
1357
1281
1354
1400
1394
1358
1404
1330
1283
1340
1353
1239
1451
1312
1198
1239
1191
1073
1048
1417
1265
1177
1276
1294
1187
1169
1189
1197
1153
1294
1257
1194
1309
1425
1276
1183
1306
1374
1180
1315
1412
1331
1291
1351
1286
1188
1324
1424
1261
1333
1369
1299
1382
1336
1188
1204
1464
1497
1347
1423
1336
1313
1346
1334
1278
1380
1448
1391
1329
1399
1315
1238
1402
1393
1240
1308
1424
1368
1419
1397
1251
1412
1382
1293
1161
1176
1429
1341
1418
1434
1340
1249
1268
1266
1368
1224
1179
1357
1475
1345
1185
1445
1473
1377
1282
1281
1250
1152
1192
1310
1374
1343
1222
1339
1423
1389
1269
1240
1278
1088