1271
1244
1344
1406
1407
1228
1180
1310
1333
1352
1416
1271
1354
1284
1207
1515
1503
1381
1400
1375
1365
1357
1291
1330
1404
1322
1226
1248
1260
1206
1390
1282
1150
1270
1340
1269
1302
1261
1218
1335
1247
1202
1240
1220
1176
1334
1316
1264
1274
1233
1174
1188
1247
1167
1216
1282
1223
1324
1270
1175
1307
1263
1143
1161
1210
1177
1185
1213
1191
1157
1239
1208
1188
1238
1235
1154
1249
1213
1215
1286
1210
1202
1275
1317
1225
1222
1244
1117
1169
1183
1137
1143
1241
1269
1155
1176
1208
1138
1145
1198
1170
1144
1203
1187
1114
1188
1137
1096
1104
1174
1240
1167
1307
1223
1166
1144
1269
1212
1184
1250
1203
1158
1254
1244
1149
1176
1130
1075
1145
1259
1129
1151
1202
1188
1126
1186
1256
1172
1207
1255
1185
1113
1221
1305
1209
1245
1250
1206
1137
1130
1165
1155
1204
1212
1155
1154
1114
1070
1078
1188
1164
1082
1130
1237
1222
1228
1242
1254
1190
1260
1259
1228
1283
1294
1239
1177
1182
1193
1154
1151
1256
1212
1112
1161
1153
1069
1087
1157
1139
1201
1248
1182
1134
1191
1174
1161
1146
1175
1174
1174
1248
1275
1156
1183
1183
1120
1104
1124
1063
1071
1164
1168
1173
1195
1155
1046
1063
1100
1009
967
959
951
951
1004
1023
983
997
1054
1029
1017
1031
1065
1034
1026
1050
1040
1015
992
1037
1090
1072
1044
1110
1149
1111
1061
1089
1094
1050
1021
1042
1073
1034
1044
1096