1328
1301
1387
1407
1317
1192
1460
1522
1423
1282
1263
1451
1488
1384
1413
1548
1598
1495
1548
1656
1568
1463
1603
1691
1548
1628
1563
1435
1530
1544
1439
1398
1578
1473
1544
1511
1462
1388
1467
1517
1365
1441
1448
1392
1536
1476
1438
1480
1460
1407
1449
1506
1429
1445
1602
1583
1408
1544
1532
1499
1453
1436
1393
1485
1396
1387
1581
1568
1527
1478
1427
1428
1375
1440
1507
1412
1425
1524
1395
1464
1538
1451
1350
1456
1438
1402
1438
1375
1414
1440
1396
1406
1415
1374
1452
1519
1398
1369
1433
1431
1344
1383
1459
1352
1409
1445
1349
1289
1408
1386
1396
1423
1380
1374
1483
1493
1470
1432
1419
1357
1513
1509
1393
1406
1431
1319
1454
1262
1325
1452
1260
1243
1381
1355
1223
1258
1321
1336
1279
1354
1310
1295
1250
1304
1343
1332
1353
1353
1220
1268
1459
1334
1415
1331
1392
1288
1340
1328
1198
1287
1318
1241
1293
1279
1238
1294
1313
1239
1335
1363
1329
1321
1334
1317
1401
1366
1229
1308
1113
1057
1055
1178
1028
1190
1288
1369
1373
1303
1219
1202
1228
1248
1245
1235
1420
1388
1246
1390
1418
1226
1323
1506
1365
1540
1594
1536
1392
1411
1465
1466
1426
1402
1475
1497
1428
1502