1313
1345
1267
1241
1197
1150
1177
1287
1354
1271
1339
1259
1063
1185
1187
1133
1277
1103
49
60
94
104
130
76
62
2075
821
807
866
947
1031
1054
1053
1034
864
156
962
1008
1009
1063
1131
1148
1230
1311
1215
1188
1298
1427
1155
1075
1295
1179
1027
1245
1259
1198
1104
1003
1021
1121
1130
1146
1167
1117
1051
1088
1154
1260
1174
1095
1148
1095
1155
1332
1226
1232
1234
1208
1168
1250
1231
1151
1164
1151
1072
1048
1127
1249
1218
1157
1206
1154
1019
1104
1214
1094
1093
1153
1063
1060
1110
1104
1124
1206
1165
1146
1203
1112
1040
1059
1098
1013
1054
1076
1045
1148
1032
1047
1135
1099
1128
1144
1082
1013
1088
1109
1066
943
981
1106
1119
1060
367
86
544
1048
1099
1127
1175
1105
1148
1083
1021
1031
1069
1055
1097
1198
1089
1109
1107
1009
1094
1087
1005
1056
1079
1011
1102
1066
1023
1065
1119
1018
1020
1013
964
963
972
958