1096
1104
1144
1120
1068
1049
1063
1088
1097
1084
1040
1077
1111
1171
1164
1146
1155
1104
1125
1191
1230
1254
1239
1194
1146
1102
1097
1138
1188
1223
1187
1109
1166
1205
1249
1152
1093
1104
1111
1173
1165
1136
1111
1137
1134
1152
1132
1103
1123
1132
1112
1083
1120
1121
1128
1099
1145
1179
1210
1167
1121
1055
1048
1072
1100
1069
1092
1170
1239
1149
1092
1130
1114
1076
1083
1077
1079
1122
1145
1118
1035
1020
1035
1019
974
926
906
873
872
873
896
888
905
907
922
951
936
897
909
951
981
985
981
957
941
964
1044
1083
1187
1138
1063
1055
1133
1249
1300
1174
1108
1145
1173
1193
1086
1087
1190
1285
1231
1155
1130
1174
1217
1124
1104
1096
1153
1118
1130
1114
1316
1318
1244
1268
1136
1155
1238
1224
1113
1095
1148
1124
1056
1062
1067
1101
1066
994
1008
1046
1102
1062
1030
1063
1078
1077
1035
1102
1219
1188
1128
1106
1175
1171
1181
1120
1136
1138
1134
1124
1153
1222
1240
1170
1111
1103
1136
1152
1092
1091
1132
1131
1099
1124
1137
1071
1038
1081
1166
1211
1105
1130
1147
1095
1055
1021
1011
1011
990
1000
1040
1063
1041
1008
1007
1048
1096
1075
1009
1027
1040
1056
1055
1050
1030
1050
1036
1032
1002
982
1020
1031
1031
1018
979
1004
1025
1034
992
1003
1039
1070
993
1000
1060
1194
1112
1082
1113
1165
1199
1095
1034
1069
1077
1105
1122
1091
1125
1117
1064
1058
1074
1055
1059
993
988
1020
1159
1214
1105
1063
1123
1143
1064
1006
988
996
1027
1035