1013
1048
1012
987
934
913
910
969
942
929
1013
1060
1015
1062
1119
1090
1057
1043
1017
1003
1021
1016
1031
994
938
935
919
909
918
950
937
922
1001
1058
993
940
931
939
910
917
984
1065
1055
999
999
1050
1118
1072
1006
934
963
993
1102
1098
1085
1079
1104
1005
958
993
1037
1076
979
967
1140
1123
1158
1077
1117
1128
1108
1198
1150
1224
1188
1240
1142
1190
1192
1086
991
942
1010
1104
1043
1074
1258
1121
1066
1099
1105
1076
1066
1048
986
983
1039
1095
1049
1061
1154
1153
1069
1084
1063
1048
1036
1115
1107
1054
1119
1196
1087
1021
1024
1032
1012
1067
1251
1258
1139
1145
1088
1059
1068
1076
1037
976
1035
1089
1005
1007
1048
1003
938
979
1081
1058
989
1068
1031
1003
990
1021
1027
1014
1031
1193
1235
1130
1080
1095
1167
1085
1083
1104
1115
1084
1160
1133
1056
1051
1104
1042
980
979
1061
1115
1077
1177
1200
1133
1130
1131
1068
1047
1062
1081
1078
1059
1075
1040
992
1111
1208
1153
1118
1196
1105
1081
1041
936
950
975
996
1008
1119
1106
1076
1070
1114
1053
1001
1019
1026
978
979
1007
964
933
1085
1175
1023
974
1023
1027
983
1027
1115
1124
1086
1110
1087
984
1019
1074
1022
1004
1089
1094
1013
1015
1016
942
973
996
952
925
1010
1045
928
941
968
970
967
1036
1039
998
1013
1063
1097
1026
1032
1066
1065
1012
1049
1040
983
938
960
1017
1016
1013
1096
1087
1037
1042
1063
1000
996
1061
1070
967
1013
1001
972
1022
1071
1029
1000
1050
1026
1017
1014
1059
1063
986