1090
1081
1018
1028
1027
1033
984
1020
1061
1103
1030
1013
1029
1086
1035
1020
1041
1062
1024
1007
1009
1027
1005
1003
1010
1049
1055
1045
1098
1125
1088
1075
1097
1118
1084
1102
1061
1026
1008
1047
1080
1036
1007
1033
996
962
959
982
1012
982
993
990
886
867
821
815
826
847
897
862
852
882
913
936
902
860
868
881
903
938
931
904
942
1029
1074
1053
1117
1229
1189
1058
1026
1037
1011
959
961
974
1038
1073
1021
1021
1062
1067
1004
969
969
1020
1019
1027
1068
1080
1043
990
1004
1044
1048
1060
1119
1118
1129
1075
1104
1139
1142
1026
1002
1039
1158
1143
1120
1063
1106
1115
1055
1033
1076
1084
1043
1018
1069
1133
1162
1093
1144
1118
1092
1029
1071
1146
1206
1113
1144
1136
1107
1060
1070
1070
1066
1122
1154
1150
1045
1017
1030
1039
981
944
953
1064
1111
1021
1019
1055
1067
994
975
998
1056
1021
1009
1024
1037
1019
944
962
1005
1048
1043
1055
1122
1113
1086
1050
1046
1062
992
977
1015
1061
1062
1040
1112
1099
1035
980
1003
1068
1092
1069
1037
1020
1010
952
951
1002
1131
1130
1055
1143
1148
1158
1080
1076
1068
1030
1003
1010
1000
922
920
963
997
1045
1005
949
1008
1137
1115
960
915
879
848
849
873
966
1118
1032
985
979
1000
996
928
934
951
915
905
916
949
1006
969
998
951
920
916
911
883
875
904
926
943
989
981
1056
1131
1157
1117
1164
1163
1171
1142
1179
1178
1124
1058
1101
1130
1059
1109
1203
1117
1034
1000
1010
976
940
967
1053
1061
1037
1052
1040
1025
1012
1022
1072