903
951
1258
1308
1210
1231
1558
1458
1589
1409
1614
1386
1423
1561
1452
1354
1375
1310
1382
1490
1421
1303
1382
1420
1405
1439
1427
1379
1449
1426
1341
1530
1573
1415
1521
1390
1282
1353
1303
1278
1492
1442
1413
1451
1463
1362
1420
1518
1465
1332
1460
1452
1390
1499
1432
1355
1450
1281
1232
1309
1238
1286
1565
1494
1365
1258
1319
1336
1211
1258
1299
1226
1412
1391
1492
1391
1387
1474
1418
1421
1457
1450
1535
1486
1442
1489
1446
1386
1458
1416
1365
1399
1349
1431
1485
1372
1476
1444
1414
1518
1354
1354
1412
1270
1368
1366
1294
1398
1320
1277
1384
1385
1251
1238
1219
1167
1309
1295
1232
1333
1242
1250
1285
1216
1278
1339
1289
1288
1293
1228
1319
1433