1335
1116
1125
1164
1109
1131
1171
1023
1054
1173
1173
1231
1413
1309
1196
1261
1276
1101
1149
1258
1354
1378
1359
1289
1421
1358
1257
1189
1448
1205
1131
1111
1073
1083
1096
1171
1196
1200
1367
1361
1227
1507
1459
1310
1334
1408
1376
1419
1453
1382
1397
1431
1480
1544
1412
1453
1393
1315
1241
1466
1345
1158
1225
1395
1225
1265
1321
1223
1292
1298
1221
1330
1313
1230
1280
1368
1307
1286
1334
1267
1229
1381
1315
1262
1312
1201
1192
1307
1286
1253
1310
1184
1302
1427
1204
1208
1233
1104
1136
1208
1180
1114
1206
1245
1136
1217
1315
1389
1291
1362
1377
1233
1242
1435
1395
1364
1340
1197
1278
1339
1397
1429
1353
1429
1456
1372
1286
1333
1282
1266
1357
1330
1298
1408
1269
1284
1237
1287
1375
1337
1278
1228
1109
1171
1273
1215
1301
1319
1249
1295
1264
1232
1323
1280
1281
1329
1295
1334
1254
1228
1349
1276
1286
1414
1284
1303
1169
1112
1225
1392
1264
1322
1331
1229
1363
1401
1391
1449
1324
1242
1227
1176
1309
1465
1444
1531
1396
1296
1249
1238
1287
1479
1442
1333
1468
1305
1254
1359
1290
1404
1447
1340
1269
1305
1201
1276
1395
1336
1415
1317
1174
1236
1323
1282
1300
1304
1135
1239
1254
1116
1219
1390
1283
1318
1284
1212
1308
1314
1246
1389
1360
1305
1303
1252