1069
1150
1152
1115
993
1016
1068
1048
1063
1088
1109
1129
1048
994
1037
1059
1297
1245
1213
1217
1145
1067
986
937
902
913
941
1066
1143
1049
994
1013
1086
1155
1066
1087
1136
1120
1050
1039
1043
1106
1069
1025
1044
1134
1120
1041
1099
1265
1244
1137
1039
1048
1115
1146
1130
1052
1076
1223
1242
1175
1219
1225
1156
1099
1256
1289
1173
1166
1181
1161
1059
1046
1134
1311
1298
1143
1167
1194
1192
1151
1259
1261
1263
1224
1280
1286
1182
1063
1094
1188
1176
1124
1265
1359
1249
1262
1238
1144
1080
1192
1242
1181
1059
1053
1084
1196
1195
1094
1075
1150
1158
1171
1224
1256
1188
1067
1058
1071
1018
1012
1104
1222
1116
1156
1180
1109
1093
1108
1104
1052
1099
1105
1069
1005
999
1026
1081
1074
1061
1147
1192
1158
1097
1160
1219
1181
1199
1238
1248
1252
1211
1220
1300
1165
1113
1271
1391
1281
1237
1244
1254
1140
1124
1238
1283
1260
1285
1293
1248
1168
1158
1168
1178
1198
1310
1230
1059
1076
1172
1323
1217
1117
1224
1283
1238
1190
1219
1170
1098
994
1005
1082
1280
1186
1220
1297
1169
1075
1069
1134
1160
1184
1132
1116
1171
1147
1052
1020
1043
1122
1137
1071
1066
1188
1243
1170
1108
1166
1220
1176
1063
1008
1052
1140
1313
1202
1187
1223
1215
1140
1133
1208
1267
1180
1150
1138
1063
1024
1021
1141
1392
1390
1190
1200
1183
1201
1116
1090
1181
1161
1101
1022
1021
1281
1307
1204
1192
1210
1175
1140