1083
1036
1008
1155
1122
1099
980
990
1031
979
913
935
940
903
895
899
901
865
855
856
865
884
869
865
851
839
835
812
836
872
953
976
969
896
908
931
987
1040
924
909
913
936
914
927
915
940
934
926
959
961
957
918
916
911
903
890
870
871
895
911
942
990
999
1051
1108
1150
1054
947
932
908
912
892
868
875
937
964
977
940
973
987
979
923
927
969
994
935
893
899
916
942
930
893
899
894
913
897
869
890
906
937
873
897
918
954
855
870
869
858
836
840
854
858
907
854
858
893
910
869
878
906
970
882
887
910
961
1017
944
1003
1005
958
921
944
962
928
962
999
1035
959
1036
1016
951
965
973
941
978
979
919
947
965
969
1021
1034
990
973
948
969
950
952
906
906
907
903
878
938
1080
1021
961
1018
1020
993
880
868
842
832
910
975
934
1076
1206
1159
1088
995
988
976
972
929
936
1007
1204
1129
1193
1159
1137
1103
1080
975
933
1020
1142
1157
1194
1306
1256
1122
1000
962
1013
1026
1024
1028
1053
1160
1064
1026
1052
1070
1041
1087
1160
1135
1091
1071
1121
1083
1029
972
911
925
1031
1090
1049
1097
1023
945
953
992
1041
982
1099
1166
1293
1252
1377
1378
1254
1274
1184
1201
1390
1252
1407
1430
1275
1151
1292
1262
1195
1301
1228
1061
1116
1101
930
939
988
1143
1199
1234
1081
1123
1234
1116
1103
1066
1062
1019
963
1002
1082
1182
1119
1236
1319
1251
1082
1226
1439
1302
1231
1413
1323
1217
1283
1307
1173
1156
1211
1093