1313
1208
1121
1095
1131
1206
1155
1064
1071
1372
1310
1198
1138
1191
1190
1150
1260
1312
1261
1189
1303
1365
1191
1255
1306
1254
1307
1331
1203
1369
1452
1307
1417
1282
1170
1299
1282
1216
1231
1156
1076
1064
1029
1034
988
997
1078
1090
1060
1087
1103
1063
1037
1062
980
944
949
1075
1218
1256
1272
1161
1998
1069
1070
1269
1249
1195
1319
1257
1176
1196
1302
1361
1271
1264
1188
1276
1318
1221
1296
1301
1204
1291
1366
1236
1313
1349
1275
1301
1326
1229
1355
1380
1287
1287
1294
1233
1313
1288
1178
1322
1315
1196
1214
1244
1160
1240
1271
1169
1229
1209
1133
1195
1255
1129
1113
1168
1101
1021
1081
1148
1119
1094
1101
1079
998
1008
1037
1024
1036
1079
1072
1084
1115
1060
1025
1032
1133
1098
1126
1186
1143
1120
1214
1266
1229
1200
1280
1242
1259