919
868
897
985
1018
1004
1104
1053
1069
1121
1055
1009
994
974
933
953
947
961
969
1014
1075
1127
999
990
983
997
974
994
1062
1118
1039
1022
1069
1090
1027
986
990
984
939
906
890
928
941
907
919
932
993
920
881
868
871
855
868
904
958
987
904
909
900
902
875
856
814
815
823
836
857
878
972
1053
991
1007
1021
1020
951
932
926
944
923
910
934
984
1010
1008
1029
1036
999
992
1054
1078
1049
1015
1006
983
1026
959
953
1025
1147
1041
962
978
1065
1095
1008
1004
1012
990
926
911
931
976
1003
970
934
980
1041
1091
1049
1041
985
930
968
1044
1117
1073
987
921
929
993
1129
1165
1125
1069
1015
978
950
947
931
925
914
840
854
912
1025
1021
961
986
983
999
988
1077
986
938
900
932
974
1002
968
1018
1032
1065
981
917
897
953
1024
1019
1002
1012
1038
971
960
978
973
974
924
901
937
997
1035
1014
968
959
935
911
954
974
982
1018
1020
969
922
940
958
905
932
984
993
970
1023
965
909
855
851
834
823
826
823
827
798
774
786
824
868
981
957
950
911
902
856
849
852
879
896
959
978
1007
1030
1038
1006
954
921
852
843
843
883
942
950
893
881
1060
985
1040
1071
1059
973
970
965
1013
1033
1043
1014
1008
1030
1026
984
990
981
901
878
941
1025
1076
1009
971
986
978
967
977
1001
984
941
964
997
1009
990
980
966
930
910
920
881
858
876
902
929
887
919
935
912
890
902
884
822
822
851
880
906
894
830
818
856
880
970
977
905
855
870
905
935
949
948
956