1118
1102
1076
1088
1087
1088
1054
1098
1115
1120
1061
1052
1053
1089
1104
1038
1056
1016
1029
1001
976
991
1088
1044
973
938
921
913
893
884
873
878
875
866
876
891
898
868
895
952
950
1001
1015
925
904
913
902
917
886
873
896
918
960
1013
979
941
891
883
880
929
903
917
956
967
906
855
864
871
914
933
919
907
961
1066
1132
1070
996
1002
1063
1075
1037
1038
1041
1022
990
1021
1034
1072
1080
1031
1061
1178
1168
1107
1072
1092
1115
1105
1074
1104
1167
1140
1135
1150
1161
1127
1100
1150
1269
1222
1196
1215
1222
1241
1186
1147
1217
1217
1166
1105
1137
1172
1176
1139
1193
1224
1174
1163
1172
1147
1117
1113
1081
1100
1129
1176
1171
1168
1131
1175
1217
1202
1166
1088