1350
1260
1306
1370
1366
1239
1087
1320
1356
1333
1150
1169
1312
1310
1279
1182
1204
1107
1047
999
1026
1217
1172
1056
1036
1063
1067
1034
1040
1065
1086
1108
1054
1068
1104
1157
1087
1086
1107
1138
1091
1103
1186
1205
1205
1191
1145
1152
1167
1142
1104
1111
1186
1199
1172
1172
1141
1047
1069
1105
1066
956
943
1050
1140
1105
1060
984
989
953
924
894
901
928
885
878
876
923
989
982
938
976
961
948
976
1051
1192
1217
1146
1160
1120
1083
1194
1107
1136
1268
1071
1019
1082
1194
1260
1245
1278
1306
1194
1094
1108
1035
970
1038
1007
1014
1003
1006
916
913
944
1100
1090
1283
1347
1330
1148
1253
1409
1290
1298
1141
1170
1410
1337
1144
1260
1255
1106
1200
1262
1191
1140
1329
1319
1109
1183
1280
1231
1132
1370
1367
1338
1237
1321
1313
1174
1417
1411
1187
1283
1346
1277
1140
1372
1372
1197
1354
1445
1323
1172
1318
1432
1405
1317
1348
1243
1115
1190
1391
1257
1211
1347
1357
1229
1303
1323
1233
1154
1224
1304
1221
1315
1325
1150
1108
1345
1416
1194
1277
1396
1377
1259
1321
1271
1169
1266
1290
1185
1263
1276
1153
1296
1387
1244
1279
1312
1230
1192
1279
1315
1258
1297
1239
1158
1230
1281
1153
1331
1313
1188
1284
1291
1139
1107
1176
1116
1202
1305
1188
1117
1212
1240
1159
1251
1198
1077
1184
1445
1372
1228
1265
1327
1351
1286
1355
1335
1193