928
938
892
879
892
938
931
1003
1007
1064
991
905
885
1008
964
1001
1336
1264
1021
933
922
932
921
912
951
971
1070
1026
1082
1071
1042
1040
954
929
981
1084
1200
1163
1095
1080
1088
1141
1123
1099
1058
1073
1073
1045
1048
1034
1063
1060
1016
986
1055
1284
1064
1010
981
973
952
984
1075
1116
1082
1085
1073
1145
1062
1046
1047
1063
1050
1027
1035
1049
989
969
1031
1097
1176
1077
932
858
863
834
794
807
911
1033
1009
1009
947
909
964
975
991
1021
1008
998
1021
1000
963
918
927
993
1209
1220
1366
1302
1290
1181
1130
1062
1098
1145
1130
1043
1009
992
944
895
842
865
829
889
951
907
1007
937
886
861
855
894
958
1031
1060
1083
1093
1084
1042
978
1146
1295
1119
1165
1282
1272
1190
1071
1045
1093
1201
1082
1046
1132
1200
1072
979
978
1006
1145
1065
1118
1195
1314
1185
1146
1182
1181
1143
1181
1257
1270
1203
1234
1259
1216
1217
1346
1338
1261
1401
1520
1352
1288
1400
1293
1278
1239
1191
1283
1408
1295
1237
1257
1216
1139
1351
1341
1189
1263
1164
1076
1089
1132
1184
1207
1157
1052
1021
1044
1079
1069
1066
1115
1149
1153
1138
1175
1160
1108
1032
1002
1013
1022
1044
943
954
996
1085
1423
1107
1107
1420
1402
1112
1028
1010
997
997
991
989
960
1098
1147
1236
1356
1143
1084
1194
1329
1203
1152
1269
1174
1208
1113
1141
1044
1093
1346
1361
1230
1239
1217
1146
1341
1450
1340
1276
1460
1437
1269
1250