1255
1345
1294
1184
1290
1252
1215
1279
1224
1151
1240
1191
1123
1208
1132
1174
1222
1233
1167
1223
1212
1160
1138
1279
1347
1231
1293
1314
1281
1314
1297
1224
1213
1345
1240
1334
1304
1169
1296
1280
1138
1251
1283
1243
1226
1239
1215
1190
1386
1354
1268
1377
1362
1285
1205
1365
1305
1233
1355
1395
1234
1348
1325
1210
1308
1235
1140
1283
1241
1175
1308
1279
1165
1337
1300
1188
1296
1308
1192
1345
1361
1255
1308
1339
1282
1249
1354
1240
1227
1208
1097
1146
1269
1157
1126
1214
1190
1097
1226
1249
1172
1179
1225
1131
1082
1187
1225
1115
1171
1250
1150
1146
1239
1181
1121
1258
1183
1111
1238
1289
1150
1210