1233
1367
1329
1215
1313
1201
1165
1272
1269
1163
1204
1188
1053
1059
1201
1051
1307
1423
1277
1321
1345
1372
1255
1347
1373
1406
1338
1472
1588
1389
1430
1563
1484
1588
1564
1526
1432
1315
1514
1532
1472
1360
1252
1251
1241
1229
1354
1379
1386
1490
1431
1335
1427
1417
1162
1229
1534
1476
1390
1420
1326
1203
1344
1385
1352
1373
1353
1421
1466
1475
1345
1275
1302
1320
1494
1444
1477
1423
1123
1092
1475
1306
1156
1483
1469
1374
1246
1085
1275
1488
1434
1440
1377
1318
1504
1409
1438
1370
1247
1281
1512
1586
1564
1397
1294
1496
1543
1471
1430
1380
1285
1436
1462
1437
1405
1288
1296
1565
1560
1487
1434
1438
1317
1325
1286
1177
1477
1365
1254
1322
1286
1225
1348
1296
1392
1400
1387
1376
1512
1417
1314
1231
1486
1426
1354
1230
1298
1359
1344
1264
1396
1360
1226
1283
1383
1251
1360
1475
1319
1360
1389
1331
1254
1234
1200
1236
1312
1342
1307
1399
1330
1405
1441
1391
1169
1206
1190
1080
1191
1404
1388
1213
1190
1142
1126
1165
1230
1229
1147
1080
1012
1097
1386
1415
1366
1340
1261
1415
1326
1307
1311
1283
1285
1145
1334
1340
1096
1212
1295
1258
1153
1179
1254
1369
1309
1244
1422
1369
1268
1366
1455
1422
1346
1267
1445
1467