1001
948
975
1006
965
943
940
921
893
908
896
913
852
849
903
974
938
866
848
839
812
811
806
834
892
967
972
1030
972
895
900
896
892
841
840
852
861
874
861
894
890
890
832
848
883
915
913
886
917
960
1000
962
931
1001
1008
991
975
1016
1075
1017
977
991
1010
952
945
990
1009
955
940
943
932
886
903
903
903
887
926
982
963
931
946
970
956
941
947
1005
969
946
958
1010
924
875
871
898
909
896
900
844
801
815
820
810
794
807
816
805
848
872
909
962
977
945
996
984
1005
986
989
1013
1034
1014
1170
1051
987
1105
1015
961
964
987
947
943
987
979
965
979
991
962
930
938
966
943
940
979
1039
975
973
1002
974
944
949
947
922
900
943
1056
1035
981
1020
1054
1025
993
958
1001
1016
952
935
961
1024
995
958
1016
1058
1007
976
1029
1055
962
948
972
957
928
938
952
927
886
877
885
906
874
831
835
831
839