1236
1287
1219
1218
1045
1028
1249
1164
1302
1197
1271
1188
1290
1264
1063
1023
1369
1222
1287
1308
1211
1267
1259
1206
1211
1391
1364
1152
1013
1352
979
1088
1371
1150
1164
1015
1106
1158
1086
1109
1130
1197
1239
1340
1239
1188
1196
1174
1101
1034
1126
1228
1165
1070
1205
1432
1297
1226
1366
1386
1292
1153
1037
1086
1172
986
981
1027
1155
951
953
959
912
918
853
855
854
854
845
822
814
834
823
835
853
850
841
867
918
920
913
891
839
811
805
833
889
902
949
1004
957
938
976
967
944
981
1027
969
981
962
892
871
859
833
783
797
791
777
794
839
896
920
1070
1095
1082
1118
1065
1001
960
934
918
898
869
837
850
895
1092
1305
1153
1035
1037
1263
1184
1163
1166
1105
1061
1138
1121
1097
1051
1079
1137
1180
1065
1098
1289
1232
1106
1150
1117
1030
1040
1224
1151
1040
1042
1080
1011
1015
984
948
975
1077
1128
1109
1038
1061
1049
1042
991
954
948
980
957
963
982
1039
1063
1098
1121
1059
979
927
990
1108
1227
1232
1195
1214
1221
1187
1145
1122
1063
1012
1064
1254
1222
1090
1052
1128
1155
1273
1181
1113
1066
1034
1002
987
1120
1229
1138
1054
1049
1105
1122
1097
1096
1105
1121
1069
982
1013
1104
1173
1082
1058
1101
1093
1037
983
989
1020
1026
1061
1101
1108
1033
999
1021
1160
1166
1082
1003
979
1032
1108
1053
1033
1167
1152
1095
994
1012
1035
988
985
1012
1124
1140
1057
1044
1145
1162
1104
1129
1058
1009
1040
1160
1139
1093