1044
1063
1065
1015
941
943
956
1037
1093
1044
999
980
921
885
890
901
926
885
904
922
939
959
998
1036
1060
1014
976
939
1002
989
976
955
989
1002
1042
994
988
1000
1051
1002
1004
1046
1038
973
992
1062
1114
1099
1084
1113
1162
1064
1108
1113
1053
987
979
1011
1085
1095
1083
1186
1101
1029
1020
1100
1071
1019
1048
1044
1046
1061
1104
1040
1011
1011
1047
1023
1044
1060
1144
1130
1124
1137
1093
1109
1092
1079
1070
1075
1093
1044
1011
1025
1075
1055
1004
1021
1140
1158
1100
1159
1114
1084
1124
1093
1046
1031
1050
1146
1161
1154
1169
1124
1099
1154
1143
1122
1024
991
982
1047
1049
1052
1125
1134
1037
1046
1101
1089
1021
974
972
956
972
983
947
971
1029
1039
1012
1070
1096
1094
1063
1096
1051
1020
1046
1055
1093
993
981
1044
1278
1148
1076
1113
1138
1080
1048
1034
993
960
972
981
998
992
998
1015
1076
1023
1021
1076
1083
1037
1012
1025
1047
1086
1059
994
1002
999
999
969
987
1030
1092
1092
1089
1103
1153
1182
1112
1056
1010
1016
1093
1121
1089
1061
1062
1088
1028
1030
1021
1013
968
959
936
933
953
934
931
950
1021
1028
1001
957
980
1010
991
962
966
987
1054
1055
996
1000
1019
1008
979
942
947
976
1021
1030
964
983
1002
1020
1005
1015
1042
1028
1003
1001
1009
973
932
915
921
913
921
946
912
899
927
907
909
936
928
923
938
926
872
864
876
899
950
1007
1050
1091
1100
1042
1034
1021
944
936
937
960
964
946
983
1034
1113
1154
1028
1000
999
1000
1036