1169
1126
1401
1392
1199
1096
1104
1145
1153
1235
1168
1179
1224
1232
1188
1217
1195
1145
1165
1308
1260
1135
1168
1227
1168
1165
1304
1315
1289
1346
1285
1198
1240
1216
1210
1281
1410
1280
1326
1293
1296
1263
1315
1243
1175
1290
1319
1184
1245
1328
1278
1187
1241
1195
1085
1060
1096
1145
1201
1158
1261
1204
1155
1167
1144
1098
1144
1172
1090
1029
1083
1091
1055
1099
1150
1191
1157
1174
1204
1121
1118
1068
1039
1038
1085
1194
1161
1101
1071
1086
1050
1041
1093
1080
1051
1033
1115
1133
1106
1039
1097
1139
1096
1084
1198
1178
1205
1146
1190
1225
1222
1133
1177
1195
1204
1159
1212
1186
1091
1130
1146
1127
1096
1167
1170
1170
1174
1163
1098
1132
1215
1240
1172
1253
1240
1172
1198
1178
1111
1146
1310
1242
1185
1298
1317
1218
1138
1130
1194
1253
1201
1187
1246
1200