887
1028
902
1017
959
864
942
793
940
855
988
975
848
884
923
925
759
815
1043
970
839
982
1039
1030
979
1021
1039
1020
961
1071
1105
1034
934
1041
1050
979
837
752
810
866
865
1035
1049
948
836
993
1013
917
790
914
960
902
937
1013
937
844
979
985
885
759
843
874
729
790
1030
888
782
860
878
787
741
874
925
784
800
900
924
813
890
1007
942
771
822
898
779
822
1041
886
896
946
836
841
860
718
688
1032
913
886
979
915
849
983
956
847
930
847
714
824
1003
900
873
1041
961
921
998
897
807
950
925
918
1004
914
901
946
836
777
991
871
798
746
646
689
1008
845
969
928
794
858
967
862
831
976
1017
954
918
1022
1058
932
867
995
946
821
1003
1028
905
991
1023
917
928
1070
1038
910
1005
1035
924
865
1043
1042
928
1060
1072
978
863
1000
1068
973
879
991
885
693
656
725
1021
726
676
647
639
608
604
609
610
627
691
872
835
844
913
962
898
867
907
936
882
980
1007
901
913
986
961
945
1051
974
911
1063
1005
847
979
1054
1039
973
923
750
669
682
652
669
1188
1081
973
1105
1110
997
925
1076
1049
1047
946
746
729
775
1147
950
746
774
1126
1041
996
895
1031
1090
946
857
1022
1093
1013
915
1060
1042
1077
1001
938
758
670
685
884
881
751
872
967
923
976
1023
912
806
888
967
910
812
934
990
966
845
948
1009
948
931
1008
903
997
973
847
1013
1057
911
923
863
688
637
604
625
1032
740
625
580
579
579
569
559
553
546
534
528
531
528
527
536
538
563
560
558
551
544
541
553
587
638
631
591
572
574
625
970
930
931
907
853
907
973
931
800
914
943
862
733
812
994
973
877
913
967
948
864
965
1009
967
874
1021
1066
1011
896
942
968
893
800
986
990
917
1020
1065
992
952
1039
968
833
1048
1048
971
990
1095
1050
972
1030
1043
973
1059
1044
929
848
1064
1032
940
963
922
807
818
1025
931
906
1015
936
848
985
960
901
832
957
1046
945
900
985
1011
912
944
1023
983
850
993
1084
918
729
668