1167
1403
1358
1318
1250
1148
1189
1334
1348
1284
1161
1271
1445
1462
1381
1235
1354
1407
1373
1241
1192
1406
1430
1425
1264
1207
1395
1419
1415
1329
1332
1421
1425
1344
1252
1347
1396
1320
1230
1361
1414
1370
1306
1387
1337
1220
1296
1390
1394
1345
1349
1319
1207
1236
1355
1366
1312
1203
1341
1358
1300
1122
1300
1366
1346
1267
1190
1334
1357
1358
1345
1361
1324
1221
1176
1191
1339
1347
1348
1282
1321
1323
1188
1239
1333
1331
1328
1334
1325
1258
1268
1245
1148
1092
1285
1309
1304
1319
1303
1271
1146
1183
1271
1309
1261
1327
1323
1253
1138
1155
1295
1310
1309
1318
1316
1240
1194
1303
1308
1291
1228
1311
1322
1303
1271
1301
1348
1353
1349
1350
1308
1199
1110
1114
1286
1300
1288
1305
1307
1293
1124