1314
1231
1259
1274
1281
1205
1152
1150
1228
1246
1239
1171
1237
1354
1373
1333
1325
1246
1241
1350
1400
1308
1299
1349
1409
1307
1409
1405
1394
1406
1412
1418
1333
1314
1358
1319
1251
1366
1397
1309
1289
1406
1365
1262
1314
1385
1367
1316
1425
1351
1235
1286
1341
1304
1295
1345
1322
1221
1290
1390
1343
1311
1362
1296
1169
1169
1256
1411
1333
1437
1410
1345
1393
1354
1302
1297
1447
1482
1266
1287
1381
1393
1378
1440
1356
1219
1210
1259
1206
1127
1254
1280
1167
1204
1289
1319
1271
1369
1358
1320
1306
1443
1426
1330
1296
1367
1354
1242
1344
1401
1246
1268
1409
1392
1290
1484
1429
1328
1337
1416
1346
1246
1342
1398
1379
1386
1507
1342
1192
1237
1431
1371
1198
1268
1309
1186
1112
1134