1014
1010
994
1054
1091
1126
1092
1073
1048
1084
1117
1118
1125
1033
983
972
950
990
1025
1041
989
1045
1165
1190
1141
1080
1063
1125
1255
1200
1170
1120
1185
1210
1295
1270
1162
1144
1188
1214
1152
1062
1050
1083
1146
1161
1062
1078
1219
1317
1265
1135
1098
1164
1221
1227
1093
1041
1060
1146
1174
1144
1071
1083
1132
1177
1166
1075
1091
1157
1229
1143
1068
1111
1186
1223
1124
1119
1142
1129
1180
1204
1122
1041
1055
1159
1140
1117
1071
1122
1210
1197
1163
1124
1137
1217
1275
1202
1092
1050
1137
1271
1277
1130
1054
1106
1216
1215
1081
1148
1090
955
920
929
953
1082
1077
1041
1112
1144
1132
1050
1078
1228
1232
1192
1167
1233
1271
1137
1156
1282
1246
1179
1226
1342
1299
1186
1222
1329
1362
1244
1120
1154
1229
1188
1141
1217
1215
1098
1105
1124
1066
1067
1128
1151
1050
1020
1085
1178