969
980
1008
1049
1062
1076
1085
1114
1083
1089
1171
1213
1156
1133
1195
1301
1214
1112
1145
1152
1396
1173
1146
1199
1218
1138
1169
1161
1181
1156
592
482
368
764
1331
1208
1261
1211
1177
1317
1336
1411
1477
1417
1412
1358
1288
1255
1326
1517
1458
1316
1171
1196
1392
1489
1402
1296
1328
1306
1200
1141
1205
1317
1299
1184
1188
1204
1196
1205
1249
1236
1158
1195
1280
1244
1252
1309
1272
1183
1158
1222
1209
1183
1306
1354
1235
1188
1196
1133
1086
1128
1195
1215
1158
1205
1219
1129
1089
1100
1130
1152