1250
1188
1201
1263
1256
1192
1097
1110
1235
1288
1267
1216
1267
1319
1353
1392
1324
1246
1215
1325
1365
1359
1330
1475
1473
1435
1379
1299
1272
1317
1344
1347
1293
1164
1210
1274
1328
1328
1270
1186
1305
1367
1325
1226
1246
1244
1190
1177
1163
1241
1387
1250
1162
1222
1259
1303
1248
1204
1236
1293
1290
1213
1143
1227
1301
1267
1248
1235
1281
1251
1142
1107
1125
1256
1334
1272
1280
1331
1259
1176
1164
1188
1236
1176
1114
1192
1304
1307
1219
1257
1258
1210
1179
1202
1267
1308
1241
1107
1106
1261
1355
1190
1174
1211
1284
1346
1314
1298
1301
1209
1198
1220
1205
1111
1059
1060
1118
1250
1278
1188
1176
1206
1223
1180
1116
1126
1217
1282
1216
1148
1163
1296
1326
1306
1254
1304
1310
1257
1164
1191
1300
1288
1195
1181
1254