944
998
1011
1000
966
926
899
905
914
924
939
901
870
872
889
911
887
853
888
906
992
947
932
926
959
949
936
883
869
880
885
866
831
847
863
881
859
842
871
924
973
978
975
915
892
899
910
898
883
884
906
938
952
931
909
904
901
915
910
911
949
956
950
895
886
924
956
902
885
904
922
896
869
865
907
933
923
886
888
883
886
889
860
899
917
955
949
909
909
914
929
890
862
864
866
893
915
890
894
896
903
883
849
849
849
874
930
927
910
890
907
918
905
908
907
938
991
1028
1030
965
974
981
1000
1003
932
905
913
967
1024
1020
953
953
988
1001
976
924
891
885
900
917
897
907
920
916
882
866
859
876
907
947
928
889
876
886
887
882
847
865
881
898
873
864
886
907
911
882
856