1161
1208
1096
1086
1175
1269
1117
1089
1183
1226
1196
1193
1222
1180
1112
1102
1205
1290
1277
1165
1245
1319
1279
1183
1276
1260
1205
1112
1219
1302
1283
1157
1074
1126
1151
1200
1144
1174
1242
1220
1159
1136
1155
1171
1081
1054
1110
1208
1215
1122
1115
1252
1217
1185
1226
1271
1230
1112
1132
1284
1289
1193
1132
1189
1178
1153
1217
1256
1181
1104
1076
1183
1311
1188
1075
1077
1274
1238
1133
1174
1256
1194
1085
1163
1143
1117
1034
1089
1180
1105
1027
1048
1349
1286
1161
1173
1197
1135
1047
1063
1159
1281
1227
1116
1193
1179
1120
1126
1347
1270
1162
1178
1120
1092
1093
1309
1371
1223
1095
1084
1204
1288
1276
1222
1201
1224
1176
1106
1043
1042
1199
1300
1295
1141
1146
1239
1231
1133
1076
1160
1265
1256
1164
1225
1245
1148
1167
1249
1238
1160
1161
1186
1112
1156