940
1050
1135
1172
1186
1154
1104
1056
1070
1214
1217
1249
1286
1202
1146
1188
1283
1409
1325
1272
1406
1473
1407
1320
1194
1233
1396
1407
1350
1214
1307
1344
1375
1308
1191
1161
1263
1393
1410
1288
1203
1258
1254
1263
1211
1125
1152
1235
1222
1229
1139
1073
1082
1171
1194
1227
1223
1130
1061
1059
1124
1172
1202
1178
1144
1094
1195
1289
1249
1226
1154
1069
1098
1152
1291
1283
1212
1137
1139
1259
1287
1294
1272
1251
1164
1165
1207
1179
1244
1249
1230
1211
1164
1146
1144
1226
1231
1044
934
902
878
868
862
858
865
891
928
938
941
981
983
958
1012
1009
998
1008
1057
1105
1178
1103
1116
1048
992
977
1042
1085
1044
1099
1078
1054
1046
1024
1067
1037
1013
1004
1014
937
906
907
911
921
931
927
956
1012
1054
1160
1239
1260