974
943
929
945
988
1025
1064
1059
1059
1026
962
943
978
1172
1378
1112
990
968
994
1107
1103
1078
1035
1013
999
1000
972
994
1028
999
972
964
1087
1391
1259
1073
1082
1175
1358
1283
1160
1163
1123
1077
1093
1093
1047
982
1011
1312
1372
1239
1141
1165
1121
1094
1035
1081
1138
1160
1179
1080
1027
1176
1259
1239
1129
1067
1080
1076
1049
1042
1104
1190
1109
1051
1053
1076
1055
1000
1013
1086
1112
1115
1175
1220
1100
1115
1175
1125
1009
1016
1049
1230
1246
1191
1248
1184
1032
987
1009
1061
1102
1105
1108
1201
1231
1155
1106
1134
1180
1125
1060
1065
1091
1102
1066
1141
1112
1113
1156
1154
1094
1100
1079
1011
994
1045
1109
1111
1076
1099
1198
1125
1104
1085
1071
1002
980
1039
1339
1240
1197
1188
1230
1256
1165
1110
1106
1053
1015
1030
1194
1244
1178
1196
1201
1133
1104
1176
1156
1106
1076
1060