1014
948
936
940
946
920
917
942
947
922
889
876
879
897
1003
990
1000
1029
1040
1032
1083
1069
1020
1030
1049
970
1012
1078
998
1005
1011
1061
1039
1145
1208
1115
1068
1083
1157
1099
1110
1155
1186
1113
1160
1160
1061
1080
1149
1131
1104
1121
1051
1015
1001
989
1013
1097
1163
1105
1130
1177
1098
1103
1070
1037
1003
1072
1153
1112
1184
1128
1088
1093
1148
1149
1271
1284
1231
1162
1194
1189
1130
1176
1194
1104
1160
1189
1138
1180
1239
1130
1107
1094
1081
1112
1195
1118
1099
1154
1143
1079
1091
1078
1016
1024
1085
1146
1170
1206
1192
1073
1078
1069
1027
1056
1115
1074
1086
1073
1084
1120
1140
1058
1043
1059
1094
1051
1121
1099
1035
1068
1032
1024
1065
1148
1130
1093
1080
1092
1037
1133
1249
1179
1160
1208
1187
1185
1228
1188
1150
1202
1190
1117
1155
1265
1194
1142
1273
1241
1183
1177
1136
1076
1138
1148