960
960
938
949
979
1067
1015
1086
1133
1082
1195
1227
1207
1235
1113
1123
1104
1108
1235
1131
1115
1219
1139
1127
1214
1170
1153
1180
1094
1100
1240
1153
1118
1141
1091
1087
1195
1127
1112
1152
1135
1073
1076
1114
1061
1061
1100
1062
1088
1124
1073
1072
1089
1036
1041
1088
1057
1083
1089
1059
1100
1031
1046
1098
1050
1116
1121
1073
1132
1117
1043
1033
993
951
940
973
1009
1014
1037
1046
1058
997
964
911
876
876
851
872
902
1015
1062
1076
1135
1092
1076
1093
1091
1028
1047
1141
1086
1095
1178
1115
1150
1192
1101
1105
1119
1084
1041
1038
1054
1051
1097
1097
1090
1104
1058
1047
1065
1072
1023
1020
995
979
977
1013
1018
1022
1053
1072
1015
1024
1046
1041
1131
1173
1034
1007
986
946
975
1039
1048
1018
1047
1042
998
993
1003
959
968
974
941
974
1002
965
976
1008
977
1001
1031
997
1012
1033
989
991
1014
969
984
1020
1002
1063
1144
1029
1030
1028
955
957
978
947
969
1033
1020
1077
1084
1035
1070
1063
1021
1048
1017
1012
1024
1022
1021
1071
1062
1104
1153
1086
1110
1155
1091
1169
1156
1081
1092
1132
1082
1107
1105
1037
1061
1127
1071
1078
1146
1069
1082
1096
1057
1091
1093
1087
1115
1063
1036
1071
1044
1041
1083
1062
1064
1059
1011
1020
1043
1051
1016
1040
1110
1071
1131
1129
1073
1092
1096
1094
1153
1102
1104
1104
1077
1119
1138
1120
1160
1154
1153
1191
1118
1090
1070
1007
1015
1085
1044
1050
1082
1021
1039
1113
1103
1089
1112
1061
1083
1175
1131
1158
1153
1063
1081
1124
1090
1160
1154
1081
1130
1133
1101
1216
1214
1146
1180