966
957
976
1021
991
995
1009
954
965
961
961
1025
1069
1013
966
982
1018
973
865
881
912
969
1032
968
1017
1033
982
964
999
988
978
1018
1007
979
961
1047
1100
1046
958
955
979
978
967
880
921
1019
1060
1012
1044
1020
976
981
987
932
968
958
971
1052
1013
936
946
949
977
950
882
967
919
882
939
982
1138
1084
1022
1005
1033
1049
1023
1039
989
959
972
987
987
998
1077
1081
1001
1031
1021
1030
1031
980
1012
1006
954
984
1034
1098
1062
1119
1083
1065
1065
1034
1052
1096
1072
1006
962
974
1013
1085
1071
979
951
958
956
918
978
971
892
978
976
1041
1005
972
986
963
894
965
923
929
1010
1010
1076
1074
1055
1064
996
968
1015
984
998
1002
966
1008
1023
996
1074
1068
1026
1057
1025
926
897
910
979
1010
1046
1060
977
915
1003
1021
944
948
974
1017
1021
936
982
987
913
923
957
988
1031
1004
1019
1000
998
914
962
853
837
812
793
766
741
719
714
688
686
668
663
646
641
624
622
606
597
592
588
578
567
564
551
548
550
539
538
528
531
535
523
524
513
517
509
510
503
507
499
498
501
497
498
490
495
487
490
488
488
488
484
487
482
481
485
480
481
476
480
478
479
481
473
475
479
475
476
468
474
476
471
474
472
472
475
466
469
473
470
471
466
473
471
463
467
468
465
469
466
468
932
464
470
464
929
465
464
462
460
466
460
463
462
456
461
465
456
462
917
464
463
455
463
463
457
462
465
456
463
467
458
465
466
460
466
465
464
467
464
465
465
463
464
470
461
464
471
462
463
470
463
464
467
465
465
465
465
465
461
466
467
461
466
466
459
464
464
456
460
460
454
458
460
452
454
459
902
454
456
453
451
457
452
450
460
450
452
456
450
451
452
449
450
452
453
447
453
454
447
451
453
446
453
452
451
452
451
454
453
451
455
452
451
458
453
450
459
449
452
457
450
451
452
450
452
454
454
451
456
455
450
456
458
450
455
457
449
453
455
449
454
450
456
451
449
455
450
450
458
452
453
457
453
454
443
469
458
464
455
459
463
454
458
462
453
457
461
453
458
459
456
457
458
452
454
463
456
459
463
459
462
469
467
468
468
473
472
471
473
467
468
467
471
470
463
470
470
463
469
468
462
467
467
460
465
462
456
460
460
456
461
456
453
457
456
451
453
454
447
453
452
445
449
448
447
446
444
453
446
445
451
447
445
448
449
441
445
447
442
444
447
450
442
446
446
445
445
447
447
443
450
450
446
449
452
449
453
450
453
450
447
454
448
449
456
448
450
452
452
448
453
454
447
452
454
447
455
453
450
452
449
452
451
448
457
448
453
457
450
453
456
453
455
458
457
455
458
457
451
458
459
451
456
458
450
458
460
451
458
460
454
458
460
455
457
457
453
458
456
458
457
456
462
458
457
461
456
454
462
455
453
460
453
453
461
455
458
462
457
460
462
457
460
463
456
458
460
457
456
462
458
457
459
455
454
459
457
454
458
456
453
457
456
454
458
457
448
454
457
447
454
455
449
450
449
458
451
452
457
453
452
461
453
450
462
452
454
455
453
452
456
455
452
455
455
452
457
456
449
456
458
451
455
455
455
454
457
458
456
454
461
456
453
466
453
457
461
453
453
461
455
452
460
454
457
459
454
455
456
454
451
454
454
447
451
454
446
452
451
450
450
447
455
447
450
455
446
447
454
451
447
455
453
445
451
450
450
449
449
455
449
448
452
448
447
453
451
446
450
453
443
449
449
444
448
446
452
446
445
455
447
448
451
451
447
454
453
448
454
454
445
451
452
447
446
446
451
447
445
452
447
449
450
450
444
449
453
443
452
449
453
449
449
457
451
452
458
449
451
458
453
452
457
456
447
452
454
446
453
452
450
448
447
452
449
450
455
446
451
453
450
445
451
452
442
449
446
447
444
441
450
441
441
446
443
442
444
447
441
446
447
442
448
449
441
449
449
440
445
445
440
447
445
438
440
441
439
441
438
440
438
437
441
433
436
439
434
433
437
435
428
434
432
430
430
429
436
427
427
431
430
424
427
425
430
424
424
432
430
421
431
428
426
423
424
430
423
423
427
425
422
422
422
427
423
418
420
424
420
419
420
425
421
420
424
423
422
419
420
426
426
417
425
418
424
418
421
426
423
419
420
419
427
421
418
427
426
419
422
420
426
422
421
428
847
423
422
426
424
418
423
420
426
417
420
422
424
415
419
417
425
419
414
423
421
416
417
416
423
421
412
418
416
422
417
410
420
413
420
413
417
419
415
414
411
414
419
403
419
394
430
415
413
411
418
411
417
411
410
416
415
417
410
412
414
418
414
405
417
418
416
409
414
413
416
413
411
416
411
418
411
409
418
415
413
412
414
421
414
415
412
413
418
418
409
418
413
420
415
413
418
418
421
414
414
422
418
416
416
416
424
420
414
394
439
422
417
413
422
419
420
415
417
416
418
417
415
414
418
421
410
416
414
422
419
412
419
415
424
415
413
421
417
420
415
414
419
422
414
416
417
421
419
413
304
478
442
423
415
423
416
422
416
417
422
422
415
417
417
422
423
414
424
417
425
417
419
420
427
415
417
418
422
423
414
422
416
422
418
417
421
419
418
417
418
423
419
415
416
417
423
421
415
421
417
427
419
416
423
423
422
417
420
424
423
416
420
417
425
419
413
423
418
420
418
417
422
423
416
419
418
423
422
415
425
417
423
417
416
426
425
417
421
419
430
423
418
427
427
424
422
425
429
425
422
426
423
425
423
424
427
425
418
426
420
428
421
422
426
424
421
419
421
426
426
416
424
417
425
418
419
424
419
419
417
420
423
423
418
421
422
426
422
424
426
423
419
419
422
425
422
417
424
418
425
419
419
426
424
421
422
421
429
424
418
425
421
426
420
423
427
424
424
422
425
428
424
420
303
486
450
427
420
430
423
424
418
422
425
422
415
421
417
426
418
413
422
417
422
414
416
420
419
417
414
415
419
421
412
416
417
422
419
412
417
416
423
418
413
422
419
422
418
416
422
420
418
419
417
423
423
413
419
414
423
418
414
419
415
423
418
414
425
418
421
414
417
422
418
416
414
418
419
416
416
413
415
417
419
412
413
415
421
415
410
412
412
418
417
410
411
411
414
416
407
412
409
415
414
407
409
410
417
414
406
413
411
415
413
406
407
410
416
414
407
410
410
415
417
407
411
414
416
418
408
415
417
418
420
412
417
419
424
419
419
424
422
427
419
424
422
428
422
423
422
428
426
420
427
425
427
422
422
427
426
418
422
421
428
422
417
424
419
426
418
418
423
420
420
417
416
421
422
416
416
418
420
421
413
417
416
423
419
413
422
416
422
416
413
289
295
562
439
415
414
413
417
418
407
410
411
417
414
408
411
411
416
417
406
413
412
417
414
408
413
410
416
414
405
412
410
417
413
407
409
410
416
416
407
411
408
414
415
406
410
410
415
414
405
407
409
412
413
405
407
409
408
413
407
405
407
411
409
410
408
407
412
412
410
408
410
417
412
413
410
409
416
413
414
411
408
416
412
417
412
410
417
415
414
410
413
414
413
410
409
408
414
415
403
412
408
411
412
403
411
403
411
409
404
413
409
408
406
401
416
412
410
409
405
415
414
402
416
414
414
410
408
415
416
409
410
412
417
418
408
417
410
416
411
410
415
413
412
409
408
412
415
404
408
408
411
411
402
407
405
409
395
412
405
403
407
407
402
404
402
409
407
396
406
400
407
404
399
400
401
404
408
396
401
403
403
406
400
398
397
405
402
404
400
397
410
399
408
402
398
408
401
408
798
408
403
407
406
399
406
402
408
406
399
402
403
407
407
397
404
403
408
406
400
403
404
409
408
399
404
405
409
406
402
401
403
406
409
401
403
402
412
404
406
403
404
407
407
407
403
406
410
402
405
402
402
409
406
406
401
403
405
402
405
399
398
407
400
403
400
397
400
399
401
402
393
399
398
400
398
396
396
398
401
395
398
397
392
394
396
399
398
398
394
395
397
396
399
400
396
396
396
401
399
400
396
399
401
397
403
400
395
402
398
404
400
394
400
399
402
398
398
397
396
404
399
401
398
397
401
399
401
401
396
399
397
405
402
396
400
333
466
403
402
397
396
404
397
402
399
396
401
397
403
399
394
398
399
401
397
401
397
394
403
397
401
399
394
397
396
398
398
399
396
395
397
395
400
398
395
396
395
399
396
398
394
394
396
396
399
398
391
396
396
396
399
396
392
393
398
393
398
395
393
394
396
398
394
401
396
392
397
353
438
405
403
396
396
404
397
405
402
395
397
400
402
403
399
397
397
404
401
405
399
396
403
397
404
402
396
398
397
401
402
401
396
398
401
397
403
400
396
399
396
404
399
395
396
397
402
397
401
396
394
402
395
403
397
393
398
399
402
404
396
398
400
402
402
402
396
397
394
404
404
401
394
399
399
402
397
395
396
394
401
397
399
396
393
396
395
398
399
395
395
396
398
396
401
397
391
398
396
399
396
396
394
396
398
393
398
396
389
396
396
400
393
398
394
392
397
394
398
395
392
392
391
399
392
399
395
390
393
393
396
396
396
393
391
396
393
396
397
390
394
393
396
392
396
394
390
392
394
394
395
396
392
391
395
393
397
397
391
393
389
397
395
398
397
389
395
394
400
392
398
395
394
394
394
405
396
391
393
391
404
396
399
790
403
396
402
402
393
403
402
404
408
401
401
405
405
406
407
402
403
409
403
409
404
402
410
402
410
404
400
402
404
406
407
398
403
403
404
401
402
399
396
403
399
404
398
396
398
398
401
401
392
397
397
397
398
399
395
393
401
394
401
397
393
396
396
398
397
402
395
396
401
396
399
400
395
397
395
402
398
400
396
396
398
397
399
401
396
396
398
402
396
401
399
393
398
274
456
417
406
399
396
398
396
402
394
399
396
392
402
395
402
400
392
396
284
450
417
405
399
395
396
395
399
396
398
395
392
398
393
400
399
393
393
394
400
394
398
396
391
394
393
396
395
397
394
390
396
393
395
391
396
392
388
397
392
396
391
395
390
389
396
392
396
391
393
390
386
396
391
396
389
393
390
386
395
387
394
396
390
390
386
396
388
396
394
391
389
391
396
389
396
393
393
390
391
393
392
395
395
394
392
392
396
394
396
397
394
392
393
399
392
397
396
391
392
392
399
393
398
396
390
394
394
395
394
397
394
390
393
394
396
396
396
392
392
395
394
396
396
392
393
394
396
395
396
396
392
393
393
396
395
396
396
389
396
393
399
397
394
394
392
401
394
401
396
392
396
396
401
396
396
396
393
405
395
402
399
396
396
396
411
403
398
400
400
409
409
400
409
404
407
404
406
411
413
417
416
418
420
425
423
429
430
437
428
436
428
426
423
423
425
370
349
365
539
432
422
417
424
414
415
419
421
411
410
413
418
408
407
415
411
405
409
405
410
404
401
404
403
410
401
401
407
405
403
398
398
402
403
396
399
398
403
400
395
396
396
399
396
396
396
396
401
396
396
395
392
400
394
396
393
391
394
393
399
394
390
390
393
396
392
391
392
391
393
394
395
391
387
396
390
393
393
385
396
387
394
390
390
391
390
396
392
392
392
390
397
390
393
396
388
393
396
401
397
391
398
395
400
400
393
398
397
404
399
394
400
395
404
398
394
397
396
404
402
395
397
399
404
399
394
397
397
398
401
395
396
394
400
396
398
395
392
399
396
396
395
395
397
393
398
394
389
399
392
396
394
388
391
392
396
392
388
389
387
396
388
394
389
386
387
389
392
389
387
387
383
396
388
390
389
381
389
386
393
389
389
384
384
388
387
393
389
381
389
385
392
388
392
389
383
390
390
394
392
388
389
389
393
390
395
391
386
389
391
395
389
392
390
386
396
388
395
391
384
388
387
393
389
389
387
387
391
385
392
390
380
387
387
391
385
391
388
382
389
385
391
384
388
384
382
389
384
388
383
388
383
380
390
382
389
386
384
384
385
387
384
387
389
382
384
381
389
385
388
387
383
383
385
389
384
389
389
380
384
383
390
384
390
385
380
383
386
385
386
386
383
383
382
385
386
387
385
382
381
383
383
387
383
381
382
379
389
379
387
384
379
378
383
383
382
382
385
379
378
382
381
381
384
385
378
377
378
380
381
382
381
382
381
376
379
376
387
378
384
383
329
422
382
383
379
382
381
376
378
378
379
382
383
379
381
381
375
385
381
383
381
381
379
376
385
376
384
379
385
1131
380
382
382
384
380
377
380
380
384
379
387
381
377
380
381
384
381
383
384
374
383
382
386
380
386
383
375
383
381
387
379
389
383
376
380
380
385
380
385
382
376
381
380
386
378
386
378
379
380
374
384
378
385
380
382
379
375
379
378
382
378
385
380
375
379
374
386
378
382
381
375
379
375
385
377
382
381
378
376
378
379
379
380
380
380
379
374
377
379
383
377
384
381
372
379
379
383
377
382
383
377
377
378
382
377
382
383
754
373
378
379
382
377
381
383
373
380
381
383
379
383
383
378
378
375
383
379
385
381
381
379
375
383
381
385
381
383
379
378
380
382
382
381
383
382
377
380
382
386
379
387
383
376
383
381
382
380
385
382
379
383
380
386
380
386
385
378
381
383
386
380
387
386
381
380
383
385
381
388
384
379
382
378
389
380
385
387
379
381
383
384
382
385
389
375
384
380
389
382
385
385
376
385
384
387
380
386
382
375
388
381
383
384
379
381
376
386
378
385
383
378
381
381
387
377
384
384
374
383
379
387
383
383
381
379
381
382
383
383
383
382
376
384
381
385
383
381
378
378
381
382
382
386
377
381
376
386
377
387
382
375
380
376
387
378
383
382
377
378
376
386
378
383
382
376
377
378
382
378
386
379
379
379
374
386
378
382
379
376
379
374
385
376
383
379
379
378
376
377
377
381
379
377
376
374
376
377
378
379
379
377
374
375
377
378
376
379
379
371
376
375
380
374
379
378
372
375
372
381
374
380
376
373
374
373
380
373
379
374
377
375
369
374
374
380
372
379
376
371
371
375
373
374
377
373
375
374
368
374
373
375
367
380
372
373
371
373
374
372
377
375
375
375
371
373
372
378
373
379
378
371
374
372
380
372
379
377
376
376
370
378
377
379
375
380
376
370
377
377
380
374
381
379
371
375
375
379
373
380
379
373
372
375
375
375
378
377
376
373
372
374
374
376
374
369
387
370
372
374
377
371
381
373
379
375
368
376
376
378
372
380
378
373
373
375
376
375
377
377
377
374
373
374
376
377
375
380
377
371
374
372
380
374
378
378
370
375
371
381
374
378
375
375
373
370
378
372
378
375
376
375
372
374
372
379
374
379
376
372
374
371
382
374
379
375
376
373
372
377
310
436
385
380
376
370
373
376
380
372
380
377
371
375
377
378
377
378
375
373
375
376
379
374
378
375
369
378
372
379
375
375
373
374
372
374
375
375
376
372
369
372
374
372
373
377
372
368
370
370
377
370
376
372
366
372
371
375
370
380
372
370
372
368
377
372
374
371
373
370
369
371
371
373
372
374
373
368
370
371
377
369
376
373
366
371
370
373
370
373
373
371
369
367
371
372
371
369
371
371
366
370
366
371
369
374
370
371
368
366
368
369
373
369
374
371
365
370
365
376
368
372
372
367
368
368
374
370
372
366
370
371
366
370
370
374
370
377
372
367
370
368
374
369
375
372
369
369
367
376
371
372
370
373
371
364
374
368
374
369
378
372
367
370
367
376
370
374
371
369
371
367
369
371
373
369
374
373
364
371
371
372
369
376
371
372
371
366
369
372
376
372
372
375
368
342
396
377
371
375
373
370
370
368
374
370
375
373
372
370
333
401
373
376
372
375
372
337
396
373
375
368
376
372
367
370
370
371
370
372
371
371
371
365
370
369
374
368
375
371
366
369
369
370
369
373
372
371
370
365
372
370
354
386
375
371
366
368
367
374
368
373
371
370
369
367
368
368
373
369
374
370
367
368
367
373
366
373
370
371
372
366
369
369
374
367
372
369
368
366
366
368
368
370
369
372
371
365
367
366
374
366
371
369
368
369
366
367
369
372
366
372
372
365
367
364
367
368
370
369
369
370
362
368
362
374
367
375
369
366
368
324
412
368
372
367
371
369
364
365
375
371
367
372
371
318
415
364
372
367
371
319
417
367
364
373
367
372
737
369
363
366
738
367
370
370
324
770
368
367
370
368
369
368
363
364
368
372
363
369
368
362
364
365
364
366
367
366
366
369
724
362
369
364
367
366
364
364
361
367
364
369
363
370
366
360
365
363
364
365
365
365
365
366
360
364
364
365
364
367
367
366
725
363
364
367
363
367
365
364
365
359
365
367
367
361
368
368
360
365
364
364
366
368
364
369
367
315
409
366
369
365
367
367
367
728
364
365
368
365
369
368
324
403
361
368
365
368
370
367
366
360
366
362
369
365
368
369
728
319
410
366
366
366
369
368
361
365
361
372
364
366
364
369
365
360
367
364
365
364
369
364
368
365
358
368
364
369
362
370
366
362
365
363
363
364
367
362
369
365
359
365
364
366
363
367
366
365
365
725
360
368
362
366
365
362
364
359
367
363
366
361
368
364
357
364
357
365
362
364
363
366
364
356
363
362
363
362
364
363
364
365
359
362
364
368
360
366
361
363
364
358
363
360
369
362
366
363
367
363
358
363
362
366
297
419
368
367
365
359
363
363
364
364
365
365
366
366
361
362
365
364
364
282
441
374
365
360
364
360
368
362
365
363
366
363
357
364
364
365
363
366
365
365
363
361
361
359
367
362
366
360
363
362
354
360
361
361
362
363
360
365
362
358
361
361
359
359
365
360
364
361
364
360
357
360
356
366
359
364
358
362
362
357
359
356
365
358
364
360
363
363
357
360
357
363
359
364
357
366
359
361
361
354
363
360
363
359
365
358
363
361
354
363
355
364
360
365
361
366
362
360
361
359
361
358
365
360
363
361
365
362
357
361
357
367
360
364
361
364
363
356
362
357
366
361
364
359
365
361
359
359
359
359
357
364
358
363
359
362
361
356
360
361
360
361
365
359
366
361
361
363
360
359
365
365
361
369
363
363
363
358
364
362
367
361
370
363
365
365
357
366
359
367
363
368
365
366
365
358
365
363
367
362
370
363
364
365
359
366
363
367
361
367
366
365
367
359
365
364
366
363
369
361
367
365
358
365
365
367
364
368
364
368
365
360
366
365
367
363
368
366
367
367
361
365
361
371
363
368
365
366
367
362
364
360
370
362
368
366
365
367
360
364
365
368
362
368
365
364
363
361
363
362
368
362
369
367
365
365
359
364
362
370
364
369
368
365
366
361
367
364
369
363
369
368
364
363
360
366
364
368
363
369
364
359
362
363
363
362
364
362
366
366
360
362
359
366
361
365
359
366
363
361
360
359
360
359
365
360
364
361
362
361
355
361
361
362
358
364
361
363
362
358
359
357
362
361
364
358
365
362
359
360
358
360
357
365
360
362
361
364
360
356
361
356
363
360
365
361
366
363
358
361
360
366
356
365
359
364
364
360
361
360
367
362
366
360
369
363
359
362
361
363
361
365
359
366
364
358
361
361
361
361
364
360
365
364
359
362
356
363
359
365
359
368
361
359
362
357
364
361
364
358
365
362
360
362
358
360
361
362
358
366
358
363
361
354
361
361
360
359
362
358
362
360
357
361
355
361
359
364
358
365
362
360
361
356
360
359
363
358
364
361
362
361
356
360
359
359
359
361
359
363
361
358
361
354
361
359
361
359
362
357
363
361
355
362
354
362
360
365
359
366
362
357
360
357
361
361
363
359
363
358
363
361
354
363
356
362
361
365
360
367
361
357
362
357
364
360
366
360
367
363
358
360
361
360
360
363
360
363
361
361
363
357
361
356
366
359
363
361
265
277
420
381
369
365
357
362
361
363
358
366
358
362
360
355
360
359
359
358
361
355
362
360
358
360
357
359
354
364
358
362
355
361
358
354
359
354
359
357
361
356
363
359
358
358
355
357
354
362
355
360
358
359
360
356
357
354
358
356
360
356
364
355
357
361
355
355
356
360
357
361
358
363
359
360
360
359
359
356
365
359
364
361
361
363
358
359
360
361
358
362
360
362
362
356
359
357
362
357
362
356
363
359
360
358
354
360
354
362
357
362
358
361
360
357
360
352
359
354
359
357
362
356
363
358
357
358
354
357
357
358
357
359
354
360
359
355
355
357
358
357
357
355
358
355
361
358
354
356
354
355
354
360
354
358
357
357
360
354
356
353
360
356
359
355
357
356
359
358
354
356
354
357
353
361
357
361
354
361
357
355
360
354
356
356
356
356
359
354
359
356
357
358
356
354
354
361
357
359
354
360
354
358
357
352
357
353
355
356
359
354
360
357
358
358
353
356
356
355
355
358
355
359
357
356
358
356
354
354
360
357
360
354
362
354
358
357
353
358
352
359
354
360
354
361
357
358
358
354
357
357
357
356
359
354
359
358
355
358
354
359
354
357
357
360
355
363
357
356
358
354
360
356
359
356
364
359
360
358
353
358
349
367
356
360
357
360
358
355
358
354
360
357
360
356
361
354
360
360
354
361
357
357
354
363
358
361
355
364
359
361
358
354
359
354
361
357
361
356
365
358
360
714
357
721
358
362
356
363
359
354
359
352
360
358
361
355
359
361
358
358
354
355
354
355
716
353
359
356
356
358
354
354
350
358
352
358
355
358
353
359
355
353
355
350
354
354
355
354
354
354
358
352
355
354
352
353
346
363
354
357
351
358
350
356
354
347
356
352
352
347
362
353
354
353
354
355
354
354
347
356
352
354
707
355
357
351
360
353
354
354
342
362
348
356
354
357
352
356
355
356
356
351
354
352
354
348
361
354
355
353
358
355
355
356
346
359
349
357
354
358
353
361
352
357
355
351
354
355
353
352
359
354
356
354
355
356
351
355
353
354
351
357
355
356
353
356
354
354
355
353
354
352
359
355
358
354
359
354
357
355
352
354
352
359
354
358
354
359
352
357
356
351
358
351
354
355
356
354
359
350
358
355
354
356
354
354
351
361
355
357
350
359
354
356
355
354
354
351
359
354
357
354
359
357
355
355
345
362
350
359
355
360
354
363
354
355
357
351
357
352
359
356
359
355
363
356
357
357
352
357
357
357
355
358
354
360
359
355
356
351
357
355
357
353
361
354
358
357
354
357
350
356
354
355
356
358
353
358
355
357
355
350
355
353
358
354
359
353
357
358
355
354
354
354
351
358
354
357
354
358
354
356
356
351
355
348
360
355
356
354
357
354
355
356
353
355
349
358
351
358
354
360
353
361
357
354
357
351
355
356
358
355
360
354
360
356
353
357
354
355
354
361
355
359
356
358
357
354
355
353
355
715
356
359
352
361
355
354
356
351
356
356
359
354
358
354
359
357
354
359
352
358
354
362
354
361
354
363
354
357
357
351
358
353
359
356
361
355
363
358
355
356
351
358
355
358
355
359
355
358
357
354
356
354
354
354
362
356
359
355
362
356
354
357
353
360
356
359
355
360
357
358
358
354
356
354
356
357
360
354
359
357
356
359
355
354
354
359
357
360
356
362
355
355
359
351
358
352
360
355
361
355
362
357
357
357
353
354
356
355
355
359
355
359
354
358
357
354
355
353
359
356
359
354
357
355
359
356
353
357
351
358
355
356
356
359
354
358
357
356
357
354
355
353
359
357
359
355
358
357
355
356
351
356
352
360
355
357
355
359
354
355
358
349
359
351
359
355
361
354
363
354
359
357
352
359
352
359
355
361
355
364
355
357
358
350
359
352
359
355
360
355
363
356
357
358
351
357
352
359
354
358
354
361
356
356
358
353
354
354
355
354
360
354
357
355
358
356
354
357
353
355
353
360
355
357
354
356
353
359
354
356
357
352
355
352
358
356
357
355
358
354
359
355
353
356
351
355
354
357
354
358
353
358
354
356
357
352
355
353
360
354
359
355
359
354
358
354
354
356
350
356
355
357
355
357
354
358
356
355
358
353
355
353
357
352
357
355
360
354
362
354
356
356
349
358
354
355
355
358
354
357
354
358
356
354
356
352
357
355
356
356
359
353
358
356
355
358
353
356
353
358
354
358
355
358
353
357
355
354
358
352
357
354
355
357
357
353
361
354
354
358
352
356
354
357
354
361
354
360
355
359
358
355
358
351
358
352
359
355
361
354
364
355
359
358
351
358
352
359
354
361
354
363
354
358
357
353
357
352
358
356
358
354
359
354
358
355
357
357
351
356
354
355
356
357
354
356
354
359
356
352
356
351
358
352
358
355
359
353
361
354
355
356
349
354
353
354
354
356
354
356
354
356
355
354
354
351
354
351
357
353
355
354
357
352
360
354
354
354
351
354
351
356
354
356
354
357
353
358
353
354
355
348
356
349
358
354
358
354
359
354
357
355
353
355
350
356
351
358
355
359
354
362
355
359
358
352
356
351
357
354
361
356
360
354
361
357
354
358
352
357
358
358
357
359
356
359
358
357
356
354
358
354
361
357
361
355
361
356
358
359
354
356
354
362
358
359
353
359
354
359
359
353
357
354
360
357
361
356
360
355
360
357
354
356
352
360
356
360
356
360
355
360
357
354
356
353
360
356
360
355
356
357
358
358
353
355
353
359
355
356
355
357
354
358
355
354
357
350
356
354
357
354
358
354
356
354
354
358
352
354
352
357
353
358
353
357
352
267
269
458
379
357
357
349
356
350
357
354
358
352
356
355
357
354
352
354
352
358
351
359
354
359
354
362
356
358
356
353
356
355
357
356
358
355
358
356
357
359
353
356
353
356
354
359
355
359
355
358
357
354
357
351
357
354
357
355
357
354
357
355
354
358
351
355
354
355
354
359
354
358
354
360
355
354
356
349
359
352
359
355
360
306
404
359
355
356
350
359
352
359
355
360
354
363
354
357
356
349
357
354
355
354
359
354
357
355
356
355
354
356
351
355
351
357
355
359
354
358
354
358
355
352
356
349
354
354
355
355
355
353
356
354
355
354
354
354
351
354
351
357
350
356
354
357
351
357
356
353
353
350
354
348
354
353
354
354
356
353
354
354
355
354
353
354
348
355
349
355
356
356
355
359
356
355
358
354
356
354
361
356
360
354
363
355
358
358
351
359
352
359
355
360
354
362
354
358
357
353
357
352
356
356
358
354
358
354
358
355
356
357
352
354
352
359
354
358
354
358
354
358
354
354
355
349
354
354
354
354
356
353
355
354
354
355
352
353
348
354
348
355
352
355
353
355
352
354
352
354
355
349
353
350
353
349
356
353
356
351
355
351
357
352
353
354
348
354
351
353
350
355
352
356
351
354
351
355
353
350
353
349
354
351
353
352
355
352
354
354
354
354
352
353
307
396
350
356
352
356
352
355
351
355
353
353
356
349
354
352
354
353
357
354
355
352
360
351
354
354
350
354
348
355
354
357
354
354
351
358
350
354
354
352
354
350
354
350
358
354
357
353
356
353
358
354
353
354
348
356
353
354
354
355
354
357
354
354
356
350
354
352
354
351
358
354
357
354
356
354
355
355
351
355
351
358
353
356
354
358
354
360
354
356
356
350
355
353
354
354
357
354
356
354
355
355
354
354
351
354
352
360
354
356
354
355
352
355
354
354
355
350
354
350
357
353
357
353
357
353
360
354
355
356
350
353
351
353
353
357
354
357
354
355
354
355
355
350
354
349
354
354
358
353
359
352
356
354
352
357
349
355
354
356
354
357
352
358
353
356
355
351
356
352
359
354
359
354
360
353
357
355
355
357
353
355
353
361
355
358
355
358
355
357
356
353
354
352
355
354
360
356
356
352
356
354
354
357
350
355
354
356
355
358
355
356
354
356
356
354
354
352
355
353
363
354
357
354
362
353
358
355
351
356
354
354
352
357
355
358
354
357
354
355
356
352
354
349
359
355
356
354
354
354
355
354
355
356
351
354
350
354
350
360
354
358
354
356
354
356
355
352
356
349
357
353
355
354
356
354
357
354
354
357
352
354
303
402
273
417
363
360
353
357
353
358
354
355
356
348
357
350
356
354
358
354
357
353
356
354
354
355
350
354
352
354
351
333
378
358
353
359
352
356
354
348
355
349
708
356
354
354
353
355
354
354
356
351
353
350
357
354
354
354
356
352
355
352
358
354
354
355
350
355
353
355
353
361
353
356
354
359
354
354
356
348
357
350
357
354
357
354
358
353
357
357
353
354
350
354
352
356
354
358
353
356
354
359
352
354
355
348
357
351
354
354
357
353
356
354
355
355
353
354
350
355
352
360
354
357
353
355
353
356
355
354
354
351
354
350
359
354
359
354
358
354
356
356
351
354
351
358
352
356
355
356
353
357
354
357
356
352
355
351
359
352
360
354
357
354
361
353
355
355
350
356
354
354
355
357
354
356
355
356
357
353
355
352
354
351
361
354
357
354
357
354
356
356
352
355
349
356
350
358
355
358
354
359
354
359
355
353
356
350
355
355
358
355
357
354
357
354
355
358
353
354
352
359
353
359
354
358
354
361
354
356
356
349
357
350
358
354
360
354
358
356
358
354
354
356
350
358
353
359
354
359
354
359
354
355
356
348
358
354
356
354
355
353
356
354
355
354
353
354
351
354
352
359
354
355
351
360
352
356
354
348
355
349
354
354
355
354
355
352
356
351
355
354
350
354
348
356
353
354
354
356
353
355
353
359
352
355
354
348
355
349
356
353
358
353
356
353
358
354
354
357
350
354
354
354
354
355
354
355
354
354
357
352
354
349
356
350
357
352
357
352
355
354
356
354
353
353
351
354
350
360
355
354
352
354
354
354
355
349
354
351
354
350
361
354
356
353
360
353
355
355
348
356
350
356
354
357
354
356
353
357
353
354
357
351
354
353
354
353
359
352
356
352
359
352
357
354
349
354
350
354
354
356
354
355
353
355
354
354
357
350
354
349
356
349
356
353
357
352
357
351
355
353
352
354
350
354
351
353
351
359
352
354
351
355
352
355
354
350
354
350
354
353
354
354
355
353
354
352
358
352
355
354
347
357
350
356
353
359
354
358
353
358
356
358
354
351
358
353
360
356
360
353
361
357
358
361
354
355
354
361
354
360
355
361
354
358
358
354
358
351
355
354
362
354
359
354
360
352
357
354
351
356
354
354
351
358
352
357
352
359
350
355
353
349
354
347
354
353
354
353
355
352
354
350
357
352
354
354
347
354
352
353
349
355
354
355
352
354
352
355
352
350
354
348
354
352
354
352
356
351
354
352
357
351
354
354
347
354
348
354
353
354
354
354
350
354
352
355
352
351
354
346
354
351
354
350
356
353
356
351
356
350
354
354
350
353
349
354
351
359
354
355
352
355
353
355
354
351
354
350
355
351
357
354
358
353
357
354
359
354
356
355
351
353
351
354
352
360
354
355
351
356
354
353
355
350
354
351
354
354
356
354
355
354
355
355
354
354
349
355
349
356
353
358
354
356
352
356
354
354
357
352
354
352
357
355
358
354
358
354
358
355
354
357
349
359
355
357
355
359
354
358
356
354
357
351
356
355
356
354
362
354
358
355
354
359
353
355
352
358
354
361
354
358
350
356
355
354
358
350
356
353
356
355
356
354
356
354
355
356
352
354
349
355
350
357
353
357
353
356
353
355
354
351
352
349
352
352
354
352
355
352
354
353
353
352
349
353
350
353
350
358
352
355
351
357
350
355
353
348
354
348
353
352
354
354
354
351
354
352
356
352
352
354
345
356
348
356
351
357
353
357
353
354
356
350
354
351
354
351
357
354
358
353
356
353
355
355
350
355
349
358
354
354
354
354
353
355
353
355
355
351
354
350
354
351
360
353
356
352
359
352
356
353
349
355
349
355
354
357
354
355
352
357
352
356
355
350
354
350
356
350
357
352
358
352
358
354
356
354
351
352
351
354
351
357
353
356
352
355
351
355
352
352
354
347
355
351
353
353
354
353
354
353
354
352
352
354
349
352
349
358
352
354
352
355
350
356
352
352
354
348
354
352
354
354
354
353
354
353
354
356
351
354
350
354
352
354
354
355
354
357
354
354
356
350
354
350
354
350
361
353
356
353
359
351
356
355
349
355
350
357
354
357
354
356
352
357
354
354
356
351
354
351
356
353
355
354
354
353
356
354
354
355
352
354
349
354
351
361
354
357
352
355
353
355
355
351
702
354
350
360
354
355
350
353
354
354
354
350
360
347
358
349
360
357
360
355
359
355
355
359
355
357
354
362
357
360
358
360
360
356
358
354
359
355
363
359
361
358
359
362
354
360
354
356
356
363
356
362
356
360
357
353
360
354
358
355
362
356
361
355
359
358
353
358
354
356
356
360
355
360
357
356
360
355
354
354
356
355
360
355
360
356
359
359
356
356
354
356
354
360
356
361
355
360
355
359
356
351
357
352
358
354
361
357
359
354
360
355
358
360
354
356
353
359
356
358
354
360
354
362
355
362
357
361
356
366
360
362
359
365
359
366
359
365
360
364
362
366
360
367
363
364
361
365
363
366
361
369
363
367
364
372
365
367
369
364
367
365
733
371
367
368
366
375
370
368
371
367
370
374
372
375
370
370
372
369
375
369
374
375
372
371
381
371
380
374
376
376
373
374
373
377
374
382
373
379
376
379
373
381
376
379
375
376
376
372
381
373
379
377
385
379
383
377
384
379
377
345
412
385
380
384
376
383
380
384
387
377
380
376
384
379
385
383
387
386
384
382
377
388
375
382
385
383
383
390
380
387
382
378
382
378
388
379
382
381
383
380
383
382
377
380
373
379
375
383
384
384
381
385
383
379
383
376
383
384
385
383
386
385
389
386
379
388
385
389
385
396
383
393
393
381
390
387
390
383
391
388
392
390
386
385
382
389
386
390
384
391
389
384
389
381
387
386
390
385
390
385
391
387
383
387
383
387
384
393
390
390
387
378
388
388
387
384
393
387
392
389
381
387
380
391
390
393
388
390
390
385
388
385
396
391
395
393
390
390
388
391
392
394
391
398
396
389
392
392
396
394
391
393
396
396
389
367
413
398
393
396
394
391
392
391
395
387
388
390
396
391
387
395
384
395
392
398
393
386
393
392
394
384
396
393
393
393
386
393
389
395
391
394
396
389
391
385
390
389
395
391
396
394
388
389
387
397
392
398
393
389
393
388
393
387
396
394
396
395
386
396
395
397
392
396
396
389
396
393
397
394
398
394
392
392
390
395
390
397
388
398
393
387
391
388
398
391
395
398
388
392
388
397
387
396
392
399
394
390
363
414
399
390
395
396
388
391
388
392
388
395
388
396
395
387
392
390
390
389
396
392
390
392
384
392
384
394
387
394
388
391
390
383
390
387
394
384
395
389
393
387
388
391
386
394
390
398
391
396
391
387
399
388
397
392
396
396
388
396
391
399
394
397
398
390
394
392
398
389
397
393
399
393
389
397
394
399
396
397
399
387
396
393
399
392
401
394
390
392
391
398
395
398
398
390
392
387
398
390
399
397
394
395
389
397
396
400
394
403
395
392
396
392
400
389
400
402
391
394
396
396
393
395
388
397
396
387
394
392
393
391
396
393
387
389
386
392
389
392
388
393
392
387
388
383
393
385
390
392
393
390
391
393
384
392
388
393
390
394
389
391
776
392
387
396
388
396
392
393
393
388
392
388
396
390
397
389
392
394
387
393
390
396
392
396
390
396
391
385
395
386
396
389
396
391
396
391
388
392
389
394
392
394
391
396
391
384
392
385
394
388
393
389
395
390
389
389
384
394
388
391
391
394
387
392
391
385
390
386
396
390
396
387
394
392
387
390
388
393
391
395
391
393
393
389
391
388
393
390
394
390
396
391
387
393
388
390
389
395
388
394
395
389
391
387
392
390
397
390
395
395
390
392
389
393
391
396
389
397
392
391
392
386
395
390
396
389
394
395
774
391
392
388
394
388
394
391
388
393
331
446
386
392
388
393
388
393
392
387
393
389
394
391
397
390
396
392
386
396
386
396
392
396
394
394
392
389
393
387
397
390
396
395
391
394
382
396
394
397
391
397
395
389
397
393
398
394
399
398
395
399
393
401
397
402
401
398
398
394
402
399
403
399
402
400
395
405
397
403
396
401
400
393
401
397
401
397
400
402
391
402
396
399
396
399
398
396
397
391
398
394
399
394
401
397
393
395
391
399
393
396
394
395
399
389
396
397
396
393
399
396
391
397
394
398
394
398
396
394
399
390
400
396
405
398
393
398
395
403
397
406
399
394
400
392
404
396
405
402
399
398
394
405
397
406
403
396
401
401
404
402
404
402
399
404
397
406
405
396
405
398
406
400
808
800
398
402
401
404
404
395
402
398
408
406
396
399
396
404
400
404
405
397
397
396
403
401
403
401
393
400
396
403
395
402
397
390
400
394
397
394
397
399
389
395
391
397
393
396
396
390
396
388
395
392
397
395
391
393
389
396
388
397
392
397
393
386
395
395
394
392
395
782
392
386
398
388
393
393
396
395
387
395
390
285
445
410
397
399
395
385
393
388
395
392
393
390
393
395
386
395
388
395
396
396
392
385
396
386
396
391
395
395
387
391
385
395
391
395
394
392
390
385
394
391
395
390
393
394
777
776
391
394
389
393
393
387
393
388
395
390
394
399
388
393
387
395
390
395
398
391
391
388
396
388
395
390
395
394
352
817
394
393
396
396
392
392
386
400
388
397
392
395
392
395
390
391
398
392
396
395
386
394
392
396
389
396
396
390
395
388
395
392
396
395
393
392
393
393
394
396
396
391
394
391
395
391
393
393
396
394
387
391
385
394
386
395
390
392
392
385
391
390
396
389
395
395
390
391
388
397
388
398
395
786
390
393
393
396
396
396
396
389
397
395
401
396
397
396
391
396
393
396
392
397
396
393
393
388
396
390
397
391
397
393
388
393
391
396
392
396
392
388
389
388
396
390
397
392
392
393
390
391
393
391
396
397
393
388
393
388
395
391
396
391
390
391
388
396
391
394
390
787
348
434
392
389
391
396
389
395
396
332
448
392
394
392
396
398
391
393
389
394
392
396
394
394
395
389
391
389
397
389
394
396
391
390
389
390
392
392
390
397
389
387
390
389
391
391
390
394
390
390
387
390
387
391
386
394
387
385
389
386
392
389
393
393
388
389
385
395
385
395
390
394
393
390
396
390
396
392
397
396
391
397
395
397
395
401
396
395
395
391
397
392
397
396
394
395
389
396
394
399
395
392
396
394
398
390
397
395
394
396
395
396
393
399
396
396
396
394
394
394
400
395
397
395
394
400
390
397
396
398
396
393
396
395
399
396
401
396
390
397
392
401
395
401
396
392
398
393
400
394
399
400
390
396
393
402
394
399
789
399
392
399
392
399
397
390
397
392
396
396
401
396
392
396
393
393
395
397
401
390
396
393
394
396
398
394
394
395
386
399
391
396
396
393
395
391
395
393
399
396
395
393
391
401
390
399
393
395
396
390
394
391
399
393
399
398
391
395
392
396
392
396
397
391
392
392
395
388
400
393
392
390
389
396
390
396
391
392
394
387
394
391
396
394
399
392
388
395
392
393
392
397
395
389
391
387
399
386
397
393
391
392
389
398
389
396
392
396
395
782
392
397
394
397
397
392
396
392
398
394
401
399
394
395
391
396
296
463
409
399
396
393
394
392
396
391
399
396
391
397
391
396
392
398
395
354
433
390
392
392
397
396
395
393
388
396
390
399
390
398
392
387
393
388
395
392
398
393
390
393
384
392
392
397
393
397
393
387
391
304
451
403
397
393
396
391
386
391
394
395
391
391
394
321
344
452
406
392
396
395
388
394
393
388
391
392
394
388
395
388
392
391
394
396
391
393
386
392
394
396
391
396
396
387
395
392
402
391
396
396
391
396
396
396
397
395
401
392
396
395
401
398
396
396
390
398
389
400
394
395
393
396
397
395
399
397
394
394
392
397
392
397
396
395
393
393
396
392
399
392
401
395
394
396
393
400
396
398
395
393
396
394
397
393
397
396
390
396
392
401
395
400
394
391
398
396
395
395
394
399
394
398
392
402
396
398
397
392
398
396
396
395
398
397
393
396
389
397
395
398
394
399
782
396
392
396
390
396
399
391
393
392
391
396
395
392
399
396
386
396
393
397
396
398
404
391
398
396
399
396
407
399
398
402
398
402
402
405
406
397
403
398
406
404
409
404
401
406
401
408
410
400
392
413
406
402
405
406
398
402
396
404
398
403
403
392
399
395
401
395
404
396
393
397
395
398
394
401
396
393
396
396
396
396
397
400
391
398
394
397
395
403
397
391
396
393
398
393
405
397
393
396
395
400
395
405
399
394
308
449
414
401
403
404
393
400
396
404
401
401
399
396
403
400
405
399
400
401
396
402
402
407
403
397
400
397
405
399
407
403
396
400
400
403
401
403
405
398
397
401
402
399
406
400
396
402
400
399
398
401
398
395
401
392
403
397
399
396
394
397
399
400
398
396
397
393
399
394
401
400
395
400
396
401
395
403
400
393
400
398
402
396
407
398
395
399
397
403
396
404
399
395
399
397
402
398
404
400
396
397
399
399
398
400
403
393
400
397
398
397
399
400
398
396
392
401
394
403
396
397
396
393
396
393
398
396
396
396
393
394
393
394
394
396
398
392
394
391
395
391
396
389
400
394
387
394
391
395
386
397
389
394
396
390
393
391
398
392
397
398
394
398
394
398
396
403
401
398
400
396
398
398
403
398
402
401
396
401
398
407
405
398
400
402
404
399
407
405
397
401
398
403
397
405
402
396
401
400
403
399
405
403
400
399
398
403
399
405
404
396
399
396
406
400
403
404
396
406
398
405
405
400
404
397
406
398
404
407
397
402
396
406
401
401
409
400
403
402
406
406
396
405
396
406
399
405
406
398
398
399
401
400
406
398
397
400
396
401
400
400
397
393
401
396
401
397
396
398
392
396
396
397
396
400
396
393
395
395
396
395
399
398
392
396
392
397
392
401
399
395
396
393
397
395
403
396
400
397
396
399
396
400
402
396
399
396
397
398
399
398
399
396
395
398
395
400
396
396
395
395
400
392
398
396
397
398
392
397
394
397
396
401
396
395
395
392
401
392
396
398
395
395
393
396
390
397
395
395
397
393
398
393
400
396
396
397
392
399
394
398
394
398
399
395
397
393
398
394
403
398
392
397
396
401
395
402
400
394
397
396
401
395
400
400
396
398
396
397
399
402
397
399
396
394
403
394
401
397
396
398
394
401
393
401
395
401
395
395
400
396
401
399
394
398
396
401
395
401
400
396
395
398
400
401
396
398
395
404
396
402
399
395
399
398
403
401
399
402
396
407
400
406
404
396
406
399
412
409
408
408
406
414
411
413
417
416