1311
1182
1140
1161
1219
1200
1149
1090
1104
1188
1188
1207
1141
1087
1117
1218
1319
1236
1134
1093
1127
1216
1397
1271
1107
1107
1142
1214
1165
1133
1057
1042
1222
1343
1299
1268
1145
1064
1125
1285
1390
1321
1302
1256
1164
1180
1324
1475
1372
1298
1252
1310
1447
1370
1271
1221
1365
1378
1366
1241
1267
1356
1313
1212
1146
1304
1469
1370
1228
1364
1359
1329
1251
1394
1419
1264
1147
1189
1445
1428
1281
1354
1375
1294
1184
1305
1305
1281
1169
1176
1267
1466
1367
1263
1217
1233
1119
1064
1169
1420
1303
1202
1182
1128
1062
1097
1182
1215
1177
1161
1154
1291
1302
1257
1222
1252
1196
1108
1156
1229
1229
1110
1235
1352
1229
1161
1267
1362
1209
1108
1066
1114
1235
1184
1067
1054
1155
1229
1227
1164
1083
1066
1133
1175
1125
1095
1042
1031
1130