1123
1167
1332
1272
1280
1215
1167
1073
1019
967
986
1060
1021
1048
958
981
1127
1142
1118
1131
1123
1135
1196
1259
1282
1201
1183
1381
1492
1401
1157
1297
1437
1341
1219
1403
1435
1368
1194
1388
1354
1368
1242
1315
1359
1252
1103
1184
1260
1265
1273
1271
1086
1069
1059
1080
1071
1075
1174
1268
1178
1095
1129
1182
1097
1094
1097
1117
1047
1123
1270
1188
1117
1179
1151
1038
1052
1101
1300
1345
1269
1299
1306
1229
1399
1363
1315
1173
1201
1275
1185
1155
1451
1432
1347
1379
1338
1251
1121
1214
1271
1264
1181
1295
1269
1229
1119
1113
1306
1413
1212
1271
1314
1260
1100
1177
1252
1238
1165
1231
1375
1320
1283
1208
1195
1164
1132
1120
1237
1306
1274
1176
1260
1214
1185
1244
1248
1175
1129
1236
1220
1126
1191
1256
1190
1105
1136
1292
1279
1202