1156
1078
1003
998
1126
1228
1191
1086
1037
1099
1228
1236
1193
1148
1241
1257
1262
1165
1171
1281
1298
1260
1316
1304
1267
1298
1375
1363
1279
1150
1286
1354
1338
1203
1299
1355
1329
1203
1230
1331
1283
1192
1098
1189
1313
1325
1249
1164
1225
1231
1145
1104
1181
1232
1177
1118
1176
1243
1233
1159
1185
1258
1172
1153
1203
1197
1041
982
973
986
995
1013
1090
1138
1159
1105
1057
1101
1158
1200
1113
1065
1080
1206
1302
1343
1374
1210
1218
1265
1169
1146
1284
1271
1146
1134
1167
1146
1118
1219
1201
1144
1176
1312
1320
1309
1198
1305
1337
1277
1199
1121
1151
1289
1292
1205
1105
1215
1313
1330
1254
1205
1277
1275
1183
1214
1309
1326
1309
1322
1282
1224
1236
1283
1233
1159
1175
1284
1128
1079
1207
1299
1281
1131
1188
1219
1201
1094
1110
1186
1199