1327
1370
1440
1447
1423
1354
1457
1459
1377
1347
1418
1464
1321
1378
1541
1478
1348
1411
1547
1481
1370
1493
1639
1586
1484
1537
1489
1500
1422
1438
1515
1569
1504
1431
1537
1633
1533
1447
1564
1496
1384
1419
1672
1558
1438
1639
1627
1494
1412
1469
1533
1504
1503
1653
1553
1613
1661
1567
1483
1540
1521
1442
1604
1636
1480
1449
1595
1579
1508
1556
1509
1482
1625
1560
1561
1570
1462
1503
1619
1604
1427
1495
1535
1534
1514
1612
1510
1399
1484
1516
1367
1422
1571
1562
1538
1592
1435
1460
1527
1415
1496
1574
1462
1295
1440
1414
1253
1456
1513
1297
1338
1462
1457
1356
1438
1437
1367
1236
1365
1497
1405
1330