929
928
957
980
991
980
967
954
951
990
1015
1024
986
980
983
1005
1026
1039
1076
1192
1145
1109
1063
1059
1049
1037
1041
1028
1027
1054
1028
1024
1044
1019
1016
1041
1051
1078
1074
1071
1092
1102
1054
994
990
1029
1033
1014
997
1007
1021
1024
1034
1020
978
986
991
1037
993
992
1054
1088
1039
1046
1081
1040
1009
1005
1005
992
965
980
995
1009
969
962
991
999
940
931
938
964
945
930
964
998
1006
1032
1073
1047
1012
1030
1062
1068
1004
996
1013
1028
995
1015
1065
1059
1063
1023
1037
1044
1025
1001
1027
1041
1065
1031
1031
1057
1060
1033
1045
1045