918
965
977
949
938
940
979
978
942
953
1004
1010
970
982
1010
987
981
985
1022
1000
992
1025
1012
1007
1048
1056
993
978
1002
1004
945
1912
1010
995
984
1020
1073
1056
1038
1017
1033
1028
1046
1030
1034
997
986
968
975
976
984
995
979
1007
1038
1005
1051
1089
1066
1006
1012
1040
1032
986
1042
1102
1049
1008
1002
1042
1122
1093
1105
1077
1026
1002
1013
1035
989
997
1021
1031
998
1035
1044
1021
1023
1044
1018
1004
1011
1025
1053
1018
1032
1055
1061
1009
1045
1093
1128
1029
1037
1012
1002
972
989
2107
1026
1035
1051
1014
988
977
983
957
956
997
1043
1014
1022
1020
1043
1000
1057
1037
1001
995
994
966
944
934
936
960
959
1024
1098
1124
1100
1084
1093
1054
1011
1017
1013
983
976
992
1028
986
1022
1023
1010
978
986
1021
1035
1033
1013
1054
1031
999
1033
1006
994
987
1000
979
996
983
1011
1015
996
1042
1007
969
990
1021