2074
1039
1029
1081
1089
1125
1132
1136
1198
1103
1136
1129
1111
1084
2425
1288
2264
1328
1146
2252
1066
979
949
916
911
928
959
930
920
933
928
878
876
857
854
818
840
873
915
1886
981
946
934
928
930
924
925
945
971
1000
1026
973
986
1014
1004
987
1009
1015
1028
1103
1140
1049
1065
1104
1083
1055
1229
1300
1271
1210
1305
1255
1132
1124
1138
1124
2675
1110
1094
1113
1127
2322
1064
2074
1123
1142
1146
1143
1123
1065
1097
1056
1022
1000
1010
978
985
1030
1140
1104
1119
1187
1122
1075
1025
992
1012
1046
1081
1064
1166
1175
1127
1158
1207
1165
1185
1240
1165
1178
1142
1112
1153
1180
1096
1124
1174
1115
1157
1129
1126
1208
1159
1089
1146
1139
1149
1217
1163
1123
1136
1131
1087
1199
1210
1153
1119
1174
1144
1104
1103
1115
1079
1052
1090
1113
1102
1114
1169
1103
1097