1204
1354
1307
1290
1343
1319
1159
1227
1398
1355
1221
1193
1284
1336
1320
1230
1260
1243
1188
1255
1275
1222
1198
1308
1266
1180
1200
1305
1259
1196
1193
1308
1296
1187
1188
1251
1196
1274
1318
1192
1215
1296
1213
1229
1303
1258
1152
1224
1320
1210
1219
1351
1301
1187
1236
1331
1258
1241
1278
1203
1179
1308
1369
1281
1292
1336
1325
1240
1303
1196
1184
1155
1272
1222
1229
1341
1228
1113
1167
1219
1233
1170
1276
1380
1290
1302
1348
1271
1268
1424
1418
1262
1293
1383
1423
1316
1375
1283
1211
1359
1303
1185
1292
1441
1298
1342
1335
1243
1250
1188
1222
1248
1328
1290
1152
1196
1343
1282
1236
1098
1068
1176
1288
1285
1236
1141
1159
1220
1257
1163
1088
1103
1184
1188
1104
1167
1316
1338
1179
1181
1202
1182
1149
1339
1253