1090
1198
1268
1213
1109
1041
963
944
1218
1244
1318
2646
1257
1249
1279
1195
1128
1458
1321
1163
1300
1341
1211
1187
1213
1235
1257
1269
1192
1084
1117
1157
1173
1096
1212
1279
1219
1171
1249
1317
1285
1238
1311
1284
2697
1270
1168
1265
1100
1042
1063
1259
1077
1084
1392
1360
1172
1193
1151
1086
1122
1200
1202
1168
1290
1251
1108
1188
1387
1387
1135
1043
1092
1364
1348
1501
1328
1129
1163
1201
1229
1157
1210
1170
1069
1071
1290
1377
1233
1192
1158
1107
1131
1424
1354
1236
1297
1225
1144
1084
1188
1454
1356
1211
1304
1278
1175
1157
1288
1264
1220
1366
1290
1260
1306
1271
1184
1235
1242
1172
1255
1256
1108
1285
1282
1142
1158
1207
1127
1101
1197
1200
1096
1094
1100
1085
1104
1181
1196
1131
1199
1181
1115
1093
1093
1070
1085
2167