649
658
727
723
704
691
688
692
698
695
685
669
664
657
658
659
654
643
637
643
657
662
647
635
630
627
607
600
593
589
580
576
572
572
573
572
563
564
559
556
552
548
544
540
535
531
533
536
535
536
532
528
526
523
520
515
517
514
513
515
511
511
509
510
508
507
511
514
511
515
515
516
520
521
521
525
527
532
542
544
542
545
545
542
545
542
542
541
537
538
538
539
540
539
539
538
539
545
549
544
545
548
549
550
558
563
562
562
563
566
563
561
560
559
559
553
545
536
537
536
535
545
555
553
553
560
556
561
559
562
562
559
553
555
563
575
577
567
565
560
564
563
563
561
555
553
550
543
536
535
549
554
562
558
556
562
563
578
579
588
576
570
566
564
562
563
560
553
551
547
551
554
558
553
549
552
554
559
556
550
550
547
545
545
546
553
551
548
544
545
547
544
544
542
543
545
544
539
538
542
552
555
547
544
543
542
542
539
539
537
531
530
528
531
533
533
526
529
526
530
530
536
538
530
521
515
519
518
521
532
544
548
541
536
534
537
548
547
540
539
537
540
543
540
539
535
534
533
536
537
536
532
533
534
531
526
525
531
536
535
528
527
528
532
532
527
529
526
523
519
521
518
516
517
518
516
515
515
518
525
521
526
526
529
530
532
533
527
523
523
529
532
531
525
528
526
526
523
527
524
525
522
522
526
527
524
522
523
528
533
528
530
530
530
533
543
547
543
538
534
535
536
538
530
531
532
528
530
534
537
535
533
529
531
533
538
533
536
540
539
547
552
557
563
564
566
563
555
554
553
556
553
553
557
566
573
570
570
582
569
565
560
548
547
544
546
545
540
542
537
534
528
524
520
519
518
521
523
521
523
519
517
514
514
516
514
513
513
511
512
511
510
513
513
512
507
504
506
499
497
496
491
490
490
488
487
492
495
494
492
492
488
496
495
501
500
499
497
499
502
498
500
497
499
495
499
502
499
499
497
492
491
491
495
492
492
489
487
490
492
497
493
494
492
490
494
493
495
492
494
492
492
493
491
491
485
490
493
492
490
488
488
486
485
486
481
480
478
473
480
475
476
475
474
473
471
471
466
465
470
466
464
457
458
463
461
462
466
469
469
461
462
464
464
468
471
473
479
480
484
485
484
482
483
487
487
496
491
491
492
496
501
504
501
497
497
498
495
498
502
506
504
501
503
500
501
502
504
507
502
506
504
506
503
511
511
513
512
511
510
507
507
509
512
508
509
507
502
502
503
501
503
504
502
500
499
491
493
492
489
488
485
485
485
484
481
478
481
481
482
479
479
479
482
481
480
481
480
486
482
482
480
479
482
480
479
478
477
474
473
473
469
470
472
469
469
473
475
472
474
473
481
482
481
482
481
485
490
491
490
495
491
491
494
494
493
491
491
495
495
494
490
491
488
491
494
489
489
485
483
489
485
486
484
480
479
480
476
472
467
469
469
470
463
468
473
475
476
472
473
477
471
474
469
474
475
473
476
474
472
472
471
469
473
475
481
478
479
481
477
474
473
475
473
477
485
485
489
494
498
500
492
499
501
503
493
487
490
480
482
479
482
486
484
487
487
486
495
500
508
503
503
503
500
503
501
499
497
495
500
501
504
499
497
498
499
501
502
500
495
493
494
496
494
491
490
483
484
484
483
481
479
480
478
477
476
477
471
475
476
475
479
478
479
480
480
479
480
479
482
478
477
471
475
477
471
473
469
467
466
466
464
462
466
462
463
461
460
456
456
459
457
461
460
460
455
456
458
457
457
454
452
452
456
451
454
452
455
454
449
453
447
450
454
452
450
451
453
449
450
453
448
450
447
445
447
444
445
442
446
447
443
440
438
443
438
439
436
439
434
433
433
427
430
426
424
422
421
428
422
424
418
423
425
421
421
418
422
422
419
418
418
418
422
419
419
418
418
420
421
424
420
422
416
421
421
418
420
419
418
419
418
420
417
417
418
420
419
417
414
416
417
417
414
409
411
412
410
408
406
407
401
404
404
399
401
400
400
401
400
402
399
405
400
402
406
406
408
400
404
407
405
409
404
406
412
411
411
406
408
411
411
409
414
410
413
414
416
413
415
417
419
418
413
418
421
419
423
421
417
421
418
421
420
423
421
422
423
421
423
423
425
424
424
424
421
420
420
420
423
423
421
421
420
423
420
421
422
420
422
420
420
421
419
420
419
421
413
418
416
415
419
418
418
415
414
417
416
418
418
416
417
413
417
413
414
414
414
415
411
417
415
416
416
415
419
416
414
413
417
416
417
418
416
416
416
416
418
417
420
419
417
417
419
419
419
420
420
417
416
415
412
415
414
411
411
408
409
409
409
406
408
408
405
401
401
403
405
406
407
408
408
407
408
407
407
408
409
406
402
406
407
404
405
405
407
404
403
406
404
406
407
410
407
400
409
406
407
406
408
408
405
407
408
406
409
406
410
406
404
411
409
408
410
407
409
406
408
410
408
410
409
408
412
408
411
411
412
404
406
408
407
408
407
405
404
402
404
404
403
405
402
404
400
399
407
403
405
403
405
408
408
409
408
408
409
407
411
410
409
409
408
411
410
407
408
405
409
407
405
409
405
407
406
405
405
405
408
405
405
398
403
406
401
400
405
406
400
401
400
401
396
399
398
400
401
396
397
400
399
396
394
395
397
392
392
389
390
394
388
387
389
390
386
385
387
388
383
381
380
382
382
377
378
381
381
381
382
378
381
378
378
379
380
377
379
380
379
377
372
372
373
378
370
374
373
374
372
373
373
371
369
368
372
369
363
366
371
363
370
366
367
368
369
368
366
371
358
368
368
367
366
367
367
370
364
369
368
369
362
360
365
365
368
365
364
367
364
369
370
364
365
359
360
365
357
365
360
362
363
364
359
361
354
356
361
354
361
355
356
361
358
356
350
354
354
355
354
354
353
354
354
353
347
351
354
346
353
352
353
352
354
343
349
350
348
351
349
351
348
350
345
345
354
347
349
350
350
354
351
341
347
347
350
350
346
353
351
351
344
348
351
349
353
349
353
353
354
350
349
351
350
353
349
354
352
355
351
354
354
349
351
354
354
352
354
353
354
354
358
353
354
348
351
355
352
354
352
356
356
353
354
355
351
351
354
352
353
352
354
357
354
350
348
354
349
354
350
352
356
352
353
355
347
351
352
351
352
354
352
353
356
346
699
351
350
352
349
352
354
345
348
346
350
351
351
347
352
347
348
347
351
345
353
348
349
342
347
349
345
347
347
353
348
342
346
344
348
343
345
345
349
349
341
345
342
348
342
346
341
349
340
340
347
340
344
348
346
339
343
346
342
345
343
347
348
337
346
341
345
342
345
341
344
345
335
345
339
343
343
348
344
341
341
342
341
340
343
341
344
339
341
339
341
344
345
339
344
337
342
341
344
339
345
338
339
337
336
342
342
341
338
336
339
334
337
343
341
337
337
337
335
337
342
340
332
333
338
335
338
339
335
336
335
337
337
339
340
330
339
335
335
339
341
337
336
339
333
340
342
339
335
336
338
335
339
339
340
332
337
340
331
339
336
340
334
337
334
336
338
339
336
337
333
335
338
340
337
332
336
334
334
336
337
338
336
336
333
335
334
339
335
335
335
332
334
333
337
341
338
331
336
336
331
336
337
335
336
336
335
331
334
339
338
338
334
334
331
336
336
334
335
332
336
329
335
340
336
330
331
336
330
333
335
336
337
327
335
330
335
337
339
331
333
338
330
334
338
338
333
333
339
329
333
339
339
329
335
337
330
334
333
338
333
338
331
330
333
334
334
331
337
332
329
332
330
334
336
333
332
328
333
327
331
336
333
327
330
332
326
331
331
333
329
331
328
328
328
329
331
328
333
327
325
330
328
332
328
329
328
326
327
327
331
328
330
326
324
327
328
330
326
333
327
327
331
325
329
327
330
326
325
327
325
328
327
329
327
324
327
323
326
328
327
327
323
328
321
326
326
326
324
324
326
316
328
323
323
325
322
326
317
324
326
326
320
319
324
317
324
327
326
319
319
322
316
325
326
325
318
323
320
317
323
325
324
317
320
323
317
321
327
326
316
321
326
318
323
324
327
319
320
324
320
324
323
326
320
322
326
319
323
325
327
320
321
325
321
324
324
325
328
320
324
321
325
323
327
328
319
329
323
324
322
330
325
323
323
321
325
320
323
326
329
318
323
324
321
325
323
326
320
320
323
317
322
324
325
317
321
323
318
322
325
325
319
320
324
315
324
321
322
324
314
320
320
320
320
324
320
319
323
317
319
322
324
316
319
320
316
321
323
322
319
313
320
316
321
319
322
317
315
320
317
264
370
327
313
318
317
316
323
325
313
319
314
319
317
322
320
316
314
318
317
322
320
316
313
319
313
320
318
319
317
315
316
314
318
319
317
318
316
316
313
321
318
313
319
311
314
318
318
313
313
316
303
321
317
313
316
313
313
319
316
313
312
315
312
319
317
630
313
315
316
317
318
313
314
313
316
314
318
316
314
319
312
315
316
320
313
315
315
313
316
317
317
315
624
313
317
315
314
313
312
314
317
318
313
312
313
313
317
315
314
314
310
316
313
315
317
313
313
310
316
315
316
313
313
317
310
315
317
313
314
314
313
315
319
311
313
314
311
316
321
310
317
313
312
318
318
311
314
313
313
316
315
318
314
312
320
312
315
320
314
318
313
315
317
321
314
313
317
313
319
315
320
313
311
318
313
315
320
311
313
313
314
318
319
313
314
314
313
321
313
313
313
313
317
314
312
316
310
312
317
317
313
310
312
313
313
315
315
315
314
313
311
317
314
314
312
311
312
314
314
313
312
314
311
313
317
307
311
312
312
314
315
311
313
313
311
317
313
313
311
310
310
314
316
312
311
313
311
316
318
310
314
310
313
316
315
314
310
313
312
319
313
315
313
312
315
315
315
313
310
316
312
313
318
308
313
312
313
319
312
313
313
313
312
320
308
313
312
310
315
313
312
313
309
313
312
313
316
307
312
311
313
314
313
312
312
313
313
317
308
309
310
313
316
313
311
312
311
315
310
313
317
307
314
305
313
313
313
313
305
313
309
311
312
313
313
307
311
310
308
311
317
308
308
308
308
314
311
310
308
308
309
313
309
311
305
311
307
309
313
312
307
310
308
307
313
310
313
307
310
308
313
305
314
312
308
307
309
312
306
309
306
307
311
313
312
308
312
314
308
313
313
313
314
312
316
311
315
314
313
315
314
319
313
319
317
313
317
318
319
318
324
317
320
327
319
323
325
322
323
328
327
325
326
329
326
326
333
325
327
336
325
329
335
327
330
335
329
332
335
332
332
339
333
335
338
334
334
340
330
339
340
334
339
342
335
340
338
335
342
337
336
343
338
340
342
339
339
344
339
341
345
338
343
345
337
343
344
339
344
345
342
347
338
342
348
342
340
346
341
341
349
343
343
347
345
345
349
341
345
351
339
346
352
348
346
351
340
352
349
346
352
354
345
352
349
347
350
349
357
351
355
348
354
351
352
355
350
351
351
354
355
360
352
358
352
354
360
351
354
361
354
355
361
353
359
356
354
360
357
358
355
356
361
361
354
363
358
360
363
358
359
367
356
363
363
359
363
362
360
365
361
363
367
364
362
369
365
365
370
363
367
371
365
371
365
368
372
368
368