1025
996
984
989
993
988
951
920
965
993
1015
977
948
955
947
962
925
923
938
987
1018
981
967
992
1008
1015
977
982
1012
1027
969
997
1031
1010
971
1003
1032
996
949
981
988
1001
946
954
1016
1048
1028
1003
1054
1046
992
949
968
968
967
928
955
987
977
950
964
1026
1024
981
955
971
991
963
926
961
1007
994
948
970
1006
1039
1005
975
995
1002
1005
970
980
1024
1014
991
975
1023
1063
1033
1016
1068
1078
1019
1006
1024
1044
1001
1008
1015
991
975
1025
1030
985
996
1001
973
933
923
922
940
934
979
1025
1074
1026
1025