1331
1403
1546
1536
1491
1388
1444
1522
1535
1468
1435
1508
1550
1483
1600
1615
1527
1581
1582
1578
1454
1582
1598
1518
1484
1574
1533
1419
1410
1658
1682
1619
1620
1644
1530
1603
1589
1507
1461
1467
1581
1570
1497
1569
1597
1533
1554
1574
1521
1377
1414
1565
1533
1428
1567
1589
1556
1465
1574
1546
1495
1451
1407
1533
1557
1438
1542
1743
1642
1489
1444
1521
1579
1492
1492
1581
1546
1459
1513
1541
1461
1509
1461
1342
1474
1576
1556
1452
1510
1570
1491
1346
1386
1396
1372
1329
1475
1491
1474
1555
1481
1381
1513
1530
1427
1445
1557
1510
1366
1494
1503
1382
1227
1310
1532
1544
1464
1383
1424
1427
1400