973
992
1013
980
1011
1048
1060
1039
991
1006
1011
1036
1031
1016
984
1004
1017
996
995
997
1031
1057
1020
998
991
992
995
960
978
1063
1128
1122
1104
1168
1149
1070
1063
1130
1155
1122
1129
1164
1152
1096
1087
1046
1021
989
1033
1147
1134
1050
1063
1095
1054
1004
976
985
1011
971
951
914
912
952
991
1039
996
998
1068
1021
997
1021
1053
1056
1006
1011
1043
1014
1010
1006
1033
1071
1000
988
1027
1092
1068
998
1032
1077
1040
1002
931
932
974
1090
1076
1001
1059
1114
1096
1032
1013
1037
1041
1027
980
996
1037
1088
1044
980
982
1047
1105
1095
1033
1062
1066
1066
1022
988
1016
1063
1054
1058
1053
1079
1064
1042
1064
1042
990
968
979
1000
995
956
957
961
960
923
887
909
949
991
972
945
966
1006
998
960
943
944
932
939
910
934
931
926
888
885
906
952
953
930
930
958
959
915
903
933
940
962
928
929
938
966
969
941
937
932
949
955
898
933
984
1055
1023
988
991
946
958
912
927
958
984
968
913
912
951
946
957
941
966
972
980
940
946
960
991
968
924
917
933
920
877
914
969
1040
974
974
975
992
934
943
934
927
906
863
854
879
899
938
967
939
893
904
898
900
899
887