1080
1077
1065
1023
1017
964
938
936
949
966
963
988
1066
1141
1078
1042
1094
1126
1074
1111
1142
1131
1110
1084
1008
960
931
935
946
929
955
991
1003
944
924
951
946
932
929
931
935
946
960
1008
984
965
986
988
1000
979
1021
1059
1044
1035
1021
1070
1089
1048
1030
1038
1051
1036
1031
1086
1024
1064
1075
1052
1019
1021
1008
992
1008
1030
1021
991
931
914
892
889
940
1013
1075
1014
986
1011
1021
1014
979
982
978
974
961
991
1012
1010
1001
1044
1046
1012
1051
1030
1003
1941
957
948
965
1000
974
981
976
1000
1002
1049
1105
1126
1106
1080
1070
1049
1022
971
981
1062
1045
1034
1039
1098
1146
1125
1156
1146
1129
1035
1033
1112
1101
1183
1266
1117
1100
1070
1064
1034
1104
1134
1123
1113
1105
1059
1050
1082
1089
1043
1024
1099
1110
1092
1047
1078
1194
1160
1102
1154
1104
1046
1079
1050
1044
1036
1097
1273
1165
1187
1157