1036
1020
988
1022
1044
1044
1008
973
986
1031
1072
1016
988
1003
1063
1136
1066
987
979
987
1085
1178
1105
1035
1054
1127
1125
1134
1094
1061
1095
1153
1169
1108
1062
1002
1031
1067
1170
1192
1064
1025
1029
1066
1114
1082
1021
1108
1110
1162
1102
1029
1030
1031
1064
1099
1062
1118
1164
1138
1167
1057
1046
1074
1113
1097
1019
1030
1028
1059
1146
1048
1045
1176
1209
1157
1054
1068
1104
1132
1063
1019
989
1048
1102
1039
992
1030
1088
1110
1078
1106
1150
1100
1035
1028
1066
1117
1049
1006
1048
1146
1200
1106
1149
1215
1214
1088
1087
1122
1127
1095