990
978
960
956
923
919
906
919
928
902
909
961
1174
1381
1135
1086
1084
1074
1010
977
983
993
970
979
1009
1024
985
960
950
971
1014
986
972
983
1063
1075
970
946
940
922
924
983
994
982
971
988
979
959
994
999
978
952
1036
1016
1042
1047
1113
1087
1032
1058
1233
1197
1098
1093
1061
1029
1104
1200
1155
1083
1189
1265
1187
1086
1120
1174
1119
1079
1161
1162
1078
1006
988
981
964
964
989
1094
1067
1145
1188
1106
1018
957
960
969
931
938
962
1009
1047
1102
1107
1080
1047
1026
1047
1012
1049
1050
1013
1077
1018
1002
1005
1021
1036
1024
1078
1182
1131
1063
1038
1028
982
1007
1115
1271
1198
1209
1278
1177
1079
1072
1106
1128
1081
1065
1182
1146
1114
1250
1222
1146
1059
1079
1088
1104
1098
1109
1141
1103
1005
983
999
1010
980
977
992
1047
1059
1016
1034
1038
1000
1020
1069
1053
1005
1018
1032
1007
972
1003
1045
1025
1007
1054
1111
1072
987
1031
1039
986
965
1004
1040
1019
1016
1086
1124
1082
1044
1146
1162
1090
1006
987
1024
1112
1054
1025
1035
1050
977
1008
1068
1073
1034
1089
1160
1151
1063
1029
1055
1072
1033
1036
1064
1071
1029
1039
1059
1026
991
1021
1057
1067
1046
1103
1131
1052
994
999
1028
981
968
972
938
940
958
940
903
897
879
884
905
947
984
929
930
955
1004
975
954
984
994
969
931
930
967
1026
1065
1034
1016
1032
1045
987
945
966
995
1008
982
1021
1059
1048
1006
1029
1083
1056
998
985
954
941
917
937
960
971
935
917
924