891
907
915
915
916
958
1032
1182
1232
1233
1229
1167
1060
1017
1071
1213
1373
1266
1219
1102
1000
1008
1046
1092
1116
1063
1068
1103
1166
1164
1080
1035
1037
1103
1126
1137
1098
1081
1118
1139
1172
1193
1168
1083
1057
1076
1132
1160
1159
1077
1066
1052
1155
1189
1082
1063
1065
1073
1032
986
996
1018
988
964
962
979
964
944
932
925
951
1012
1055
1057
1037
1052
1095
1130
1109
1043
1034
1031
1087
1097
1073
1267
1252
1150
1152
1241
1198
1108
1126
1235
1201
1109
1028
1034
1116
1154
1101
1072
1078
1051
1081
1029
968
955
1016
1063
1070
1008
1040