1276
1332
1267
1204
1078
1063
1108
1105
1123
1091
3824
1147
1196
1225
1156
1071
1161
1415
1354
1172
1215
1199
1104
3732
1171
1259
1277
1179
1233
2655
1279
1313
1358
1225
1240
1184
1143
1248
2422
3569
1137
1237
1233
1176
1186
1241
1120
1123
1184
1095
1134
1192
1136
1143
1221
1166
1190
1258
1147
1134
1187
1191
1165
1221
1228
1151
1053
1142
1223
1167
1136
1287
2560
1174
1310
1250
1192
1145
2680
1273
1319
1314
3498
1074
1138
1183
1183
1198
1326
1252
1221
1133
1063
1063
1034
1059
2487
1211
1156
1155
1096
1039
3525
1075
1151
2548
1150
1226
1177
1148
2482
1202
1156
1199
1153
1112
2615
1219
1186
1265
1163
1122
1196
1183
1114
1193
1214
1157
1176
1248
1168
1100
1192
1262
1144