580
673
853
796
715
691
719
800
834
798
814
817
806
736
753
830
850
794
799
823
829
747
763
793
758
648
631
691
765
790
723
705
739
791
800
744
725
777
809
732
643
584
563
547
571
864
694
709
725
791
733
677
607
584
582
588
558
573
592
567
596
604
583
569
552
525
529
530
530
528
527
527
512
513
513
514
502
494
492
490
493
482
479
477
478
476
477
476
473
470
472
468
465
464
467
466
461
461
456
458
455
448
453
448
449
447
442
442
439
445
446
440
444
445
442
446
438
435
437
432
430
438
443
441
439
436
434
436
436
436
448
446
441
441
436
442
449
439
441
441
438
443
448
439
437
438
436
438
437
432
429
430
429
433
426
427
426
427
428
426
424
422
422
431
424
425
428
423
422
429
428
428
428
425
420
427
428
429
434
431
425
425
425
430
423
426
428
420
418
423
422
420
429
431
420
423
421
425
429
433
431
425
425
429
423
428
432
427
424
423
420
418
424
425
418
419
415
414
414
418
422
413
412
417
417
412
416
415
411
407
409
414
413
407
409
409
409
408
407
408
402
401
406
406
406
400
400
405
403
400
398
398
400
397
395
396
395
400
395
394
395
396
398
399
396
396
396
402
397
398
396
403
398
400
399
400
395
401
404
405
402
397
401
405
405
402
405
401
403
404
403
407
404
405
400
403
408
407
401
400
402
406
407
402
406
403
404
402
404
410
409
406
402
404
410
411
406
408
406
407
404
405
409
408
409
402
402
409
407
406
409
406
407
401
403
407
407
410
400
402
407
406
407
410
412
413
406
405
407
407
410
400
399
404
403
403
402
404
411
409
401
403
404
408
409
407
408
406
404
400
399
405
403
399
394
396
400
403
406
406
409
410
404
401
402
405
411
411
413
412
408
406
405
406
409
407
401
401
405
407
408
397
400
400
402
401
396
398
395
398
396
395
397
396
394
393
392
396
394
393
388
389
393
391
393
392
387
390
392
396
397
394
396
396
402
404
401
408
405
407
405
406
413
407
406
407
407
412
412
406
408
409
412
405
405
406
406
403
405
404
408
404
399
406
402
406
402
405
406
406
401
406
407
413
409
405
409
404
406
404
400
408
404
399
396
397
401
400
399
394
393
398
396
398
397
400
406
402
397
398
397
403
403
395
396
396
397
400
396
399
396
401
397
393
393
393
398
396
395
391
390
396
394
400
396
397
405
400
397
395
394
402
399
405
396
395
398
396
398
396
396
401
398
396
392
395
399
402
406
406
399
402
401
399
400
396
396
400
394
398
395
397
395
394
395
394
399
397
394
392
391
397
396
396
390
392
396
396
399
395
391
397
396
399
397
391
394
394
396
397
393
393
392
396
393
389
391
387
390
391
387
388
386
390
386
388
386
387
389
388
389
390
387
389
387
392
388
389
385
386
387
383
387
385
377
378
377
383
379
383
387
383
383
383
385
386
390
386
385
390
385
391
390
386
388
386
388
389
389
385
385
391
384
388
385
383
386
384
390
388
387
383
382
385
385
389
384
382
383
382
390
389
388
383
384
389
387
394
395
387
390
389
395
394
396
396
394
397
395
398
395
394
400
395
394
388
388
392
393
398
399
395
396
394
397
398
395
397
394
398
396
395
395
394
398
396
393
391
389
396
392
397
389
390
389
390
393
394
392
392
389
393
388
391
387
387
390
389
391
388
386
385
382
390
386
389
383
380
381
379
386
384
384
381
378
380
378
386
381
384
378
378
379
380
385
384
384
381
379
383
382
386
385
381
379
379
386
384
386
385
379
381
380
387
383
384
378
379
380
378
385
383
379
377
375
379
378
384
383
384
381
381
380
382
381
382
382
381
381
380
379
376
375
378
375
376
373
374
373
375
374
376
377
379
380
384
382
383
385
386
386
387
389
392
389
391
391
392
394
396
396
398
400
398
398
401
399
400
402
401
401
404
404
405
405
403
406
409
408
410
413
418
418
418
419
425
432
436
435
432
432
434
430
428
430
430
433
436
431
431
432
432
435
428
423
429
426
425
425
419
417
419
416
414
414
419
427
422
421
421
420
423
430
427
425
428
437
438
434
437
446
463
468
459
456
462
468
474
469
460
454
455
461
462
457
463
472
485
492
499
489
475
474
473
478
475
470
475
480
473
473
471
470
468
468
467
466
461
460
458
457
458
457
455
462
453
453
448
445
447
447
443
451
446
452
454
452
450
457
455
453
457
465
476
488
498
511
526
524
530
541
548
546
516
508
508
506
494
500
507
512
506
505
515
533
539
534
521
521
505
489
476
468
464
463
466
480
502
529
525
526
540
547
539
524
523
523
513
497
496
500
507
516
512
511
520
533
544
534
517
508
513
516
502
495
504
520
521
498
487
476
467
464
463
467
468
468
469
472
471
471
470
473
466
466
472
472
476
471
468
471
469
476
480
476
478
478
475
479
481
479
477
481
488
483
484
495
511
524
527
518
511
510
507
502
506
513
517
516
521
532
529
523
523
513
510
505
506
504
497
490
490
495
501
508
510
503
499
508
520
515
525
537
550
543
525
506
492
479
472
467
463
464
474
491
511
511
536
582
569
549
563
570
548
520
510
513
520
529
521
515
510
512
505
500
502
501
497
502
509
521
517
509
502
507
500
505
512
503
496
494
495
491
482
483
492
497
487
496
517
543
570
586
552
515
506
496
483
478
475
474
473
468
469
471
479
479
475
479
494
505
503
495
495
487
478
477
479
482
486
483
480
478
477
474
463
463
467
478
491
488
493
506
529
563
559
557
562
555
540
540
526
517
523
533
513
495
487
483
485
481
478
477
476
474
467
463
460
458
459
461
466
472
474
478
467
469
471
472
475
476
475
472
471
474
481
490
481
490
490
506
529
543
553
546
562
586
592
567
561
557
555
551
551
545
545
556
556
558
609
638
648
668
669
630
602
577
563
548
549
549
547
561
569
572
586
610
579
561
540
528
525
527
521
522
517
515
506
496
495
496
494
500
512
533
533
562
609
601
582
571
562
546
530
525
521
511
502
491
485
488
479
473
479
499
510
511
513
516
523
527
537
533
529
525
528
545
549
546
538
529
528
521
515
515
519
536
570
599
630
617
729
692
614
598
585
577
579
610
615
594
605
621
591
584
590
584
551
531
530
534
536
542
559
582
579
574
595
626
634
611
605
610
597
583
572
571
579
568
569
574
584
577
568
563
574
619
644
646
599
566
560
536
520
509
501
498
501
499
489
491
505
510
510
540
614
647
647
663
680
620
587
585
570
567
560
542
547
560
571
571
556
562
557
541
536
552
584
608
616
667
716
698
638
613
597
594
602
587
585
598
603
566
534
521
534
548
568
582
574
548
543
543
524
517
515
511
498
485
479
472
473
472
473
467
475
479
482
475
476
484
492
484
479
479
481
482
470
469
464
465
461
457
453
450
448
450
446
445
443
442
444
446
444
442
440
446
447
449
444
445
443
451
456
454
448
448
443
447
446
444
440
442
439
440
436
436
431
432
428
431
428
431
434
445
442
441
440
440
443
457
466
472
464
461
458
462
466
472
465
458
454
456
459
458
449
445
440
441
435
434
429
430
427
431
429
437
445
451
441
442
440
444
446
442
446
446
450
458
452
454
455
458
456
456
454
456
457
456
453
457
454
463
462
462
460
462
465
467
459
464
467
479
479
481
479
487
493
489
485
484
493
497
496
490
492
493
500
492
487
482
475
473
469
464
460
465
476
491
484
493
504
542
524
517
512
523
520
505
504
507
515
501
498
493
494
494
484
480
479
483
488
491
478
476
474
478
488
484
485
486
504
503
496
498
502
512
500
489
483
481
480
478
470
471
472
483
482
475
476
483
487
485
482
481
493
492
483
469
466
462
467
471
474
469
472
473
479
477
472
471
471
477
471
471
466
478
476
476
469
475
483
500
484
474
471
474
468
458
450
444
442
438
438
442
442
441
438
438
440
442
437
436
431
439
448
459
450
446
444
450
453
451
443
443
439
445
445
446
439
442
438
442
439
438
436
432
435
438
439
443
448
453
449
441
438
435
437
436
437
431
435
439
448
446
444
446
462
490
505
484
482
487
498
496
478
476
473
482
477
473
472
478
480
472
464
464
465
466
454
450
445
448
447
441
436
436
433
441
438
438
435
441
450
454
446
450
450
460
456
453
449
452
456
458
449
449
452
457
449
447
444
450
451
447
439
440
438
443
436
437
433
437
433
436
434
438
437
438
433
436
427
432
429
428
424
424
425
430
426
424
421
427
432
428
430
427
434
435
437
435
438
439
439
449
456
446
447
448
455
448
447
446
442
443
442
439
438
438
436
444
441
440
435
437
440
431
428
429
429
419
425
421
425
418
423
425
425
420
427
432
431
425
426
433
430
423
426
427
432
422
423
427
432
420
424
422
421
415
414
418
412
409
413
410
417
404
407
410
410
407
409
407
407
407
404
409
408
410
405
406
413
416
416
411
411
417
419
412
420
416
422
417
421
418
418
418
423
418
415
412
410
415
416
411
415
412
414
413
419
417
413
413
420
421
421
417
419
422
420
425
425
425
424
434
425
426
432
430
428
429
423
427
420
423
416
422
414
415
415
416
412
418
420
418
413
416
426
419
422
425
427
423
430
427
424
428
430
425
424
423
428
421
421
418
421
415
420
419
415
415
417
425
416
417
419
418
409
415
410
411
406
409
418
416
411
410
410
411
403
403
408
407
409
403
405
408
409
409
406
403
407
407
405
411
408
411
409
413
419
416
411
415
416
418
412
414
418
419
412
416
412
413
412
412
416
410
408
415
414
413
409
411
415
416
413
419
414
417
415
418
419
414
415
420
421
417
418
416
419
416
420
421
419
417
423
423
420
418
420
419
416
417
424
420
417
422
419
420
421
422
421
416
417
425
421
418
421
419
420
419
418
422
413
414
418
418
412
418
414
415
412
417
424
422
416
419
418
419
418
413
414
408
411
417
410
407
413
413
409
408
409
413
407
406
406
406
404
410
405
404
399
402
407
406
404
408
408
406
400
398
407
404
403
404
405
411
412
409
411
411
409
411
407
408
406
406
411
408
404
404
405
409
400
402
406
406
401
401
399
402
398
399
402
398
396
396
392
395
391
387
386
386
391
389
386
381
381
387
386
385
379
382
387
385
384
381
379
384
384
388
390
381
384
384
389
387
384
382
380
385
380
383
379
374
377
377
381
379
382
373
372
377
375
377
380
376
372
371
377
374
378
377
372
370
373
378
376
375
374
368
373
371
378
372
374
369
373
371
371
375
371
372
367
367
372
366
371
370
368
368
368
370
368
371
371
364
369
367
371
367
371
369
366
368
366
368
367
373
364
363
368
366
369
365
363
363
363
369
367
368
370
364
368
366
369
370
364
364
366
368
366
367
363
358
363
358
367
360
361
361
359
360
358
360
359
360
365
355
360
357
364
360
365
362
357
363
360
367
365
367
363
364
365
362
369
364
366
364
362
365
362
367
362
365
364
361
366
362
366
364
367
367
364
365
363
367
365
366
369
361
364
362
368
364
369
364
364
364
364
371
367
365
363
363
368
366
368
362
363
365
363
366
361
361
359
356
364
357
359
356
356
357
355
357
354
358
357
354
357
354
358
354
359
358
355
354
355
359
356
359
354
354
355
352
358
354
356
354
353
352
352
355
351
353
353
353
354
347
353
351
355
352
355
351
352
353
352
356
355
353
352
349
351
350
354
351
358
354
354
353
354
355
352
354
353
354
357
349
352
353
355
353
356
352
353
351
352
354
350
354
352
353
355
348
351
349
354
352
354
356
352
351
350
353
352
358
354
354
354
351
355
351
356
351
354
352
354
350
351
352
347
352
348
352
350
353
346
347
347
345
351
348
352
347
348
348
347
349
346
350
347
349
351
344
343
344
346
342
348
343
348
342
343
343
340
344
340
343
342
343
342
343
341
339
340
341
343
340
345
339
344
342
344
344
341
343
338
344
341
345
342
342
340
339
341
338
342
338
342
340
343
342
340
338
340
345
338
346
340
345
344
346
341
340
344
342
348
345
345
345
343
344
341
344
340
344
342
343
344
341
340
338
342
338
345
341
347
342
346
342
344
343
343
345
343
346
345
347
348
347
347
343
345
341
346
345
347
343
344
344
343
344
341
343
341
343
341
342
338
338
339
337
342
339
343
338
343
340
336
341
336
341
339
342
340
339
337
335
337
336
341
334
339
337
340
338
336
335
333
335
333
338
336
336
335
338
335
334
334
333
336
334
336
334
335
330
334
332
332
335
331
335
334
334
335
336
331
335
331
332
333
331
334
333
333
337
331
332
334
334
332
338
333
337
332
337
336
334
334
331
334
329
335
331
335
333
332
332
333
329
328
329
328
331
329
332
329
335
328
332
333
329
328
328
327
327
331
327
334
327
331
332
331
331
328
329
327
329
327
332
327
331
329
332
330
329
328
328
328
327
331
330
332
330
331
332
326
329
325
329
327
329
330
328
327
326
326
321
327
322
326
323
328
325
326
323
328
324
324
323
324
322
323
326
322
329
323
327
326
327
325
322
323
323
325
323
328
322
325
325
324
321
322
325
323
326
324
326
323
323
324
320
325
321
325
321
327
323
324
327
323
323
324
324
322
325
321
324
323
325
322
326
325
323
323
324
322
320
321
319
325
322
323
323
322
322
323
322
319
322
318
321
321
322
319
325
320
322
320
325
319
321
319
317
320
318
319
316
319
319
321
317
321
320
321
320
322
319
321
319
317
322
319
320
317
321
320
321
320
323
320
323
323
321
320
318
318
318
321
318
322
320
320
321
323
321
320
317
317
317
316
320
317
322
316
323
320
318
320
315
320
315
318
316
320
316
319
318
319
318
318
315
320
314
318
316
314
317
317
317
316
321
315
318
319
318
315
314
314
316
316
313
319
313
317
316
317
316
317
314
318
318
318
314
313
313
315
316
313
317
313
315
317
318
316
318
313
316
315
313
316
311
317
313
316
313
319
313
318
314
314
315
313
314
314
315
310
315
312
315
314
315
313
315
313
316
317
313
313
311
314
312
313
312
315
311
315
311
318
315
318
314
318
315
313
317
316
314
313
313
313
315
314
317
313
315
315
315
313
317
315
311
313
311
311
310
316
310
313
313
313
312
314
312
314
314
304
313
313
311
310
310
310
312
311
314
310
313
314
312
314
307
309
315
312
309
311
305
313
308
312
309
313
311
312
311
312
309
313
313
308
307
312
310
307
308
310
311
310
313
308
313
310
308
311
309
312
305
311
306
308
306
306
308
309
309
312
306
309
308
309
306
311
309
306
308
304
301
310
306
305
309
305
308
308
308
307
310
306
313
309
306
304
310
308
308
302
307
309
304
307
307
310
306
310
308
308
308
307
304
313
310
297
313
302
305
304
308
302
308
307
307
307
308
309
307
305
308
309
302
307
303
305
303
309
303
307
306
308
307
303
311
306
302
308
310
298
306
305
304
303
303
299
305
302
306
300
309
302
306
307
305
306
302
305
310
303
305
305
303
306
302
305
304
304
302
305
304
309
301
308
307
305
308
300
306
309
306
301
298
307
302
302
306
299
305
303
308
300
309
303
304
303
307
304
301
306
300
302
301
603
306
303
302
305
304
302
305
307
301
299
306
305
299
303
298
301
300
304
297
303
301
303
301
306
299
307
305
304
304
299
307
303
299
302
301
301
304
297
304
300
306
299
306
303
302
302
306
305
300
299
303
304
298
301
301
299
300
303
300
302
303
303
298
305
305
299
603
303
296
301
603
296
303
295
299
301
304
298
303
301
303
602
306
299
294
307
304
298
296
298
301
296
299
298
303
298
301
299
303
300
300
303
302
295
305
301
298
292
300
297
300
296
298
302
296
299
299
302
297
301
299
303
300
298
303
299
304
295
302
306
300
295
300
588
302
301
297
297
298
303
296
301
298
301
299
300
302
300
297
303
302
299
594
301
593
295
302
295
299
298
301
300
300
299
895
303
298
300
294
304
298
295
299
301
296
297
302
298
301
298
296
300
299
300
299
299
299
302
298
304
298
301
298
304
299
303
302
302
305
303
304
304
305
306
307
305
306
310
307
308
307
311
308
309
311
307
312
310
310
311
313
312
312
313
314
313
315
314
315
315
315
318
318
316
320
318
318
320
320
321
319
321
320
322
320
321
321
322
322
320
323
321
322
323
322
323
323
323
323
324
324
324
324
323
324
323
325
325
324
328
324
326
325
326
325
326
326
327
324
328
324
326
325
327
324
325
327
324
327
326
327
326
329
329
328
330
330
329
330
329
332
328
331
330
331
332
332
333
333
335
337
336
339
341
340
342
341
342
342
344
345
342
345
345
345
347
347