858
912
917
923
896
869
849
824
826
843
874
896
916
927
919
903
888
893
869
857
861
894
942
997
1000
938
894
864
860
851
850
861
872
877
858
877
888
899
898
879
854
861
843
883
905
904
900
905
934
921
900
887
886
892
878
857
873
898
921
961
902
915
912
917
879
887
907
899
878
825
802
789
778
781
774
760
758
754
703
718
782
798
835
844
824
804
804
789
774
766
770
767
762
765
776
786
798
799
812
835
836
796
775
758
729
746
742
766
781
807
811
831
829
852
871
890
866
854
858
877
877
877
883
880
865
850
832
798
786
791
817
861
906
948
931
910
901
924
933
932
896
865
824
814
823
836
880
881
895
937
900
881
869
869
901
938
962
955
953
927
886
873
861
836
864
910
927
897
862
855
842
847
864
831
834
856
881
888
876
833
839
833
823
826
819
833
843
851
828
813
831
838
854
892
923
927
954
944
943
910
886
871
857
837
832
854
866
888
900
923