1143
1314
1504
1458
1321
1327
1243
1155
1148
1192
1323
1358
1261
1169
1086
1157
1321
1397
1244
1153
1227
1356
1270
1187
1294
1400
1260
1146
1273
1450
1319
1295
1354
1266
1163
1252
1334
1255
1159
1156
1263
1376
1229
1129
1246
1408
1272
1119
1242
1371
1317
1148
1239
1312
1242
1152
1188
1231
1289
1233
1160
1193
1312
1362
1258
1272
1381
1383
1339
1244
1395
1480
1413
1264
1297
1411
1373
1268
1281
1370
1398
1271
1189
1305
1426
1381
1281
1241
1336
1462
1400
1265
1165
1259
1498
1423
1283
1208
1318
1390
1338
1245
1214
1326
1387
1309
1222
1250
1342
1410
1354
1284
1253
1251
1333
1245
1158
1289
1473
1448
1292
1267
1352
1352
1373
1239
1276
1378
1406
1339
1322
1396
1407
1345
1291
1372
1445
1382
1295
1397
1388
1286
1314
1400
1415
1354
1276
1308
1396
1331
1310
1336
1400
1364
1263
1270
1435
1396
1265
1321
1332
1325
1233
1244
1309
2604
1186
1179
1310
1412
1369
1267
1189
1277
1289
1205
1207
1282
1349
1284
1217
1343
1354
1281
1251