934
929
930
952
992
1000
1036
996
960
950
994
1032
1045
1043
1015
1001
1100
1182
1248
1204
1182
1141
1111
1130
1165
1189
1223
1279
1317
1271
1287
1189
1062
1055
1173
1304
1236
1134
1132
1227
1244
1247
1201
1185
1130
1127
1177
1194
1113
1077
1136
1253
1197
1113
1070
1091
1168
1127
1104
1077
1173
1245
1255
1221
1186
1118
1101
1129
1165
1210
1135
1104
1076
1178
1266
1188
1090
1091
1093
1051
1027
1044
1121
1122
1051
1087
1160
1181
1152
1102
1103
1094
1072
1070
1121
1148
1114
1066
1141
1171
1127
1217
1261
1217
1134
1190
1261
1168
1211
1196
1103
1078
1146
1212
1156
1093
1144
1111
1068
1086
1109
1061
1021
1044
1059
1070
1108
1213
1206
1161
1199
1172
1090
1094
1154
1156
1039
1064
1136
1097
1112
1146
1158
1087
1138
1094
1030
1043
1074
1031
1053
1111
1168
1111
1134
1142
1109
1064
1036
1078
1117
1058
1009
1032
1071
1099
1096
1075
1097
1125
1112
1051
1074
1149
1158
1061
1012
1056
1152
1180
1104
1225
1199
1122
1115
1150
1127
1110
1162
1144
1040
1066
1237
1264
1146
1136
1155
1078
1079
1196
1155
1062
1103
1127
1114
1115
1160
1158
1052
1075
1084
1083
1078
1107
1109