1369
1208
1139
1348
1379
1229
1140
1173
1247
1255
1158
1132
1138
1134
1240
1271
1298
1257
1202
1124
1150
1290
1408
1380
1326
1266
1408
1366
1262
1291
1310
1295
1214
1114
1175
1306
1339
1327
1215
1361
1372
1267
1156
1271
1374
1330
1249
1159
1275
1364
1284
1219
1270
1276
1299
1216
1100
1138
1203
1212
1155
1261
1204
1286
1375
1311
1260
1269
1327
1236
1162
1115
1177
1295
1234
1258
1203
1105
1084
1197
1207
1137
1112
1156
1325
1219
1134
1230
1142
1088
1114
1285
1296
1154
1151
1292
1330
1256
1148
1195
1227
1183
1253
1250
1170
1249
1282
1216
1196
1264
1354
1238
1309
1369
1351
1317
1295
1185
1223
1272
1332
1255
1175
1177
1370
1382
1312
1193
1271
1360
1198
1126
1204
1364
1383
1295
1324
1306
1245
1166
1180
1194
1162
1207
1298
1270
1276