1383
1237
1196
1132
1209
1270
1270
1193
1162
1250
1403
1380
1312
1226
1299
1366
1345
1265
1250
1492
1520
1427
1428
1450
1446
1431
1389
1474
1488
1434
1479
1502
1394
1442
1563
1510
1463
1545
1492
1473
1429
1459
1392
1409
1456
1367
1343
1460
1406
1329
1406
1479
1376
1393
1475
1407
1358
1433
1416
1354
1306
1368
1364
1342
1338
1421
1457
1376
1392
1393
1269
1239
1372
1451
1354
1391
1393
1325
1262
1307
1341
1276
1304
1382
1385
1251
1320
1435
1455
1357
1383
1389
1277
1251
1326
1319
1201
1111
1177
1383
1380
1250
1344
1378
1308
1260
1344
1386
1353
1407
1430
1339
1277
1420
1370
1375
1496
1441
1359
1411
1403
1290
1307
1484
1480
1388
1432
1501
1390
1232
1191
1266
1241