912
934
936
936
917
905
873
854
855
887
967
990
953
979
1003
1103
1080
1013
979
934
879
879
888
896
876
868
885
914
937
923
892
892
923
959
930
883
876
893
906
947
912
902
906
908
890
858
868
891
918
928
901
899
947
935
899
861
874
895
935
883
859
861
896
940
995
963
927
890
887
902
922
909
878
900
897
907
886
866
890
892
896
874
892
930
952
911
920
951
977
930
896
874
873
876
870
843
863
888
884
881
853
865
860
859
845
860
882
890
901
899
936
936
891
886
920
938
897
901
918
979
968
917
881
896
901
949
931
905
876
879
879
880
868
856
847
848
871
878
879
875
888
936
1028
960
918
943
964
910
877
884
909
922
905
880
907
927
917
875
880
888
930
954
929
885
877
869