919
864
869
813
769
750
732
748
751
711
713
736
753
723
696
665
689
683
680
666
671
770
854
911
934
864
807
751
728
707
699
667
635
613
609
599
603
621
642
680
702
791
897
781
771
759
758
733
704
694
709
704
695
667
678
698
679
661
624
619
630
641
662
666
635
628
631
641
630
618
598
603
603
592
584
583
578
573
568
563
561
561
553
545
540
540
539
537
539
538
530
528
526
521
521
524
526
522
512
511
510
505
513
521
538
539
540
534
524
525
533
546
547
563
571
563
561
561
564
572
559
554
550
556
561
558
561
550
542
540
538
538
541
536
532
534
533
538
531
529
548
559
565
567
563
556
549
548
561
565
571
572
564
558
564
577
589
602
589
585
573
574
576
578
585
578
572
569
566
556
551
549
551
550
551
548
546
539
538
532
530
524
519
523
524
526
527
521
523
518
522
520
521
515
512
510
506
508
508
509
501
502
497
499
497
503
504
505
502
502
496
497
497
504
501
505
498
496
493
496
490
494
488
492
486
493
487
488
487
492
491
491
481
488
486
487
490
490
491
489
491
490
494
498
509
508
504
496
491
487
486
482
486
483
482
480
477
479
478
484
483
487
483
482
971
492
493
499
492
490
490
493
491
501
501
508
502
504
502
510
507
514
508
505
502
505
506
507
506
502
495
494
491
493
490
487
483
483
490
489
487
424
552
488
482
483
478
475
475
471
475
471
472
464
465
461
463
463
467
464
467
462
462
461
464
465
467
466
464
467
465
464
461
468
468
471
468
470
465
467
465
468
461
460
454
454
453
460
455
458
451
455
454
462
457
461
454
457
455
463
458
461
451
452
449
453
450
457
454
453
449
453
358
512
464
454
447
443
439
440
440
441
445
442
442
444
440
440
442
447
450
455
460
457
457
454
458
459
461
463
464
460
460
456
455
454
453
454
451
450
445
444
441
439
440
444
444
448
451
444
443
441
445
445
445
440
438
438
439
442
441
441
438
437
437
438
437
437
436
434
432
435
434
435
434
434
434
434
433
434
438
431
381
504
442
874
443
440
439
442
440
437
439
441
394
479
438
434
435
435
437
432
433
428
427
432
432
436
431
434
432
432
438
437
439
440
441
439
438
440
435
437
433
429
428
432
434
433
434
434
431
427
428
435
435
438
437
437
430
430
433
432
434
432
430
426
425
429
429
433
433
433
421
431
430
427
430
425
426
419
417
414
416
412
421
426
422
424
420
418
417
419
418
422
423
420
421
421
415
414
415
417
420
419
417
419
416
415
415
416
418
421
419
418
421
417
418
420
417
411
413
416
413
417
413
416
411
408
405
406
410
409
411
407
411
408
409
410
406
409
411
414
414
414
415
415
417
411
403
415
415
411
412
410
412
407
407
403
403
402
404
406
406
405
412
413
411
413
408
405
813
412
409
410
406
410
407
408
406
405
407
404
403
405
404
404
404
402
404
402
403
399
397
396
396
396
396
395
396
396
396
397
397
399
395
397
396
396
396
396
396
398
396
396
386
395
395
394
395
396
394
396
391
401
400
397
400
396
398
396
396
396
396
396
393
396
396
394
394
392
393
390
396
398
396
396
397
398
397
397
396
397
394
397
394
394
393
396
394
394
394
392
386
395
394
393
393
392
394
394
395
393
396
391
393
391
392
392
391
391
389
390
387
382
391
390
388
390
390
389
389
387
392
391
387
390
387
387
385
385
386
381
385
384
379
381
380
381
382
382
381
381
380
383
379
381
383
383
382
380
382
381
381
380
383
378
379
379
380
381
379
379
381
380
384
379
380
381
381
383
384
380
379
378
378
379
377
378
378
375
377
377
377
377
378
376
375
374
378
376
375
377
377
372
375
374
374
374
375
372
372
374
373
372
375
371
372
370
372
373
372
372
372
372
369
369
371
370
370
371
372
367
372
369
373
370
372
373
371
370
373
372
371
374
372
371
370
369
372
372
370
370
367
368
371
369
368
369
367
367
367
369
367
369
369
367
365
368
366
367
368
367
367
364
366
365
366
367
370
365
366
365
368
369
369
371
372
369
369
368
371
370
369
370
371
368
369
368
368
368
371
368
371
366
368
368
367
366
370
365
370
367
368
368
367
366
369
366
369
368
367
366
367
365
368
363
366
365
366
365
366
365
366
362
363
363
364
363
363
363
361
362
358
360
359
362
360
361
360
361
361
361
362
363
363
361
365
366
364
366
364
366
365
370
366
370
367
369
367
367
366
366
364
368
363
365
367
366
366
366
366
366
362
363
362
365
364
362
364
363
359
357
361
359
359
357
358
358
356
355
355
355
356
354
357
358
361
356
358
359
358
356
360
355
358
357
357
356
358
355
354
355
354
354
355
354
350
351
352
352
350
352
351
354
348
352
351
351
350
352
349
349
352
350
351
351
348
347
349
347
349
347
346
345
346
343
347
347
347
265
411
354
345
351
346
350
346
347
344
343
344
347
341
345
344
348
345
347
345
347
344
346
347
344
344
345
345
344
344
341
344
344
344
343
346
342
346
344
343
343
346
347
344
345
346
343
343
345
340
345
344
344
344
345
342
343
346
345
347
344
346
342
342
342
343
340
342
344
345
341
346
344
345
345
347
345
340
343
341
343
343
339
341
343
341
343
343
343
341
341
344
341
341
340
341
342
341
339
341
341
345
342
341
343
345
341
345
345
339
341
341
343
344
341
339
344
342
345
343
344
344
343
344
345
343
341
345
342
345
343
341
342
344
338
343
343
343
341
343
341
340
344
342
344
337
342
337
342
339
338
336
340
333
337
338
335
337
340
335
337
339
337
339
338
337
333
334
335
334
332
337
333
337
335
334
336
337
338
335
336
334
332
335
337
329
337
335
337
335
337
337
339
335
340
337
333
337
336
338
338
335
335
338
335
338
337
338
334
342
337
336
338
339
339
338
339
337
335
335
337
336
334
337
339
337
337
338
337
337
337
335
336
338
338
336
338
335
333
335
333
335
332
339
334
337
335
336
335
338
336
333
333
333
335
329
335
332
336
332
334
331
334
332
335
332
330
334
331
333
331
331
329
331
331
333
328
335
329
330
333
330
331
333
330
328
332
326
331
328
334
330
328
333
332
332
333
330
328
330
326
332
326
335
327
329
331
331
331
332
330
326
328
326
327
330
330
326
327
331
328
330
329
325
327
328
325
327
326
327
325
327
328
324
330
326
324
325
327
321
325
324
328
324
326
328
326
327
328
324
326
326
325
324
325
327
325
325
328
325
327
326
325
323
326
325
323
325
326
325
324
328
325
328
327
324
323
326
323
322
325
326
324
324
327
327
325
327
325
322
325
322
321
325
326
323
324
327
325
324
325
322
323
325
320
320
325
324
323
321
327
323
325
324
321
322
323
319
319
324
324
322
321
326
324
324
324
322
320
321
321
320
323
324
321
322
636
333
319
325
318
324
322
323
322
324
322
322
323
326
319
320
323
321
322
322
322
326
320
320
323
323
323
321
320
323
322
321
326
321
325
325
321
321
324
323
319
322
324
322
323
326
322
323
325
322
321
322
321
318
324
323
321
323
327
322
326
320
323
318
322
317
327
320
321
326
321
323
323
321
320
322
319
321
321
320
320
323
318
322
321
322
322
322
319
319
322
315
320
317
321
319
319
318
322
320
320
323
314
318
322
315
316
321
319
320
318
318
322
316
322
320
320
322
318
317
317
313
317
321
321
318
320
318
319
318
315
316
319
312
317
319
317
318
319
317
317
317
317
320
315
315
318
314
318
315
321
313
318
322
316
285
347
316
315
313
314
318
315
316
316
315
317
315
315
315
316
313
315
315
317
312
317
316
314
318
314
316
313
316
313
316
618
320
314
318
314
314
311
313
313
313
314
313
317
316
315
316
314
311
313
312
318
313
313
317
314
317
313
313
314
311
312
315
312
313
315
314
315
313
313
313
313
308
315
311
313
316
313
315
312
313
311
455
385
340
312
317
313
315
310
314
313
313
315
314
317
315
317
313
313
312
312
316
314
313
314
313
316
315
316
313
313
313
313
314
312
313
312
315
313
311
314
314
311
315
312
311
312
312
308
314
312
313
309
314
313
311
314
306
311
311
310
312
311
310
312
313
263
354
312
309
308
313
310
312
309
314
309
312
314
310
311
311
310
306
314
311
310
310
312
311
310
312
305
312
311
308
313
310
309
313
312
605
318
604
314
311
311
306
313
310
309
311
307
308
309
307
309
312
310
312
311
309
308
307
310
307
311
309
309
307
313
305
313
310
311
307
311
305
307
310
310
312
306
312
309
307
311
306
310
308
308
308
312
308
312
310
311
309
306
305
305
312
307
311
306
309
309
308
307
307
307
307
303
311
307
306
307
311
306
305
306
306
307
303
307
308
308
306
305
305
305
305
303
308
613
599
313
302
306
596
315
302
307
307
307
566
336
305
303
306
305
302
300
305
305
301
306
290
314
305
302
305
284
323
305
305