896
906
901
891
911
910
878
854
855
867
882
906
906
953
1003
995
980
1085
1117
1114
1012
974
960
945
963
949
916
903
967
1029
1061
1004
944
927
934
919
865
873
871
925
967
1002
994
1007
1044
1017
1059
1063
1061
1049
1042
1021
988
968
979
982
992
1008
1118
1157
1136
1079
1094
1088
1065
1037
985
1002
1023
1048
1051
1014
977
969
947
983
945
968
971
968
949
951
960
924
919
925
909
889
912
933
911
909
922
923
920
905
897
883
881
879
875
839
848
887
934
953
965
978
959
932
953
966
950
934
924
896
879
904
926
966
979
1084
1060
1006
1014
1012
998
959
966
921
916
903
912
902
902
919
962
1093
1074
996
919
917
921
942
942
958
953
911
901
906
925
935
905
960
967
943
947
967
966
983
963
1015
1080
1047
992
1005
1002
977
990
1047
1137
1092
1086
1082
1131
1052
999
980
1045
1137
1100
1155
1126