1531
1413
1504
1589
1498
1361
1419
1468
1367
1303
1490
1333
1180
1131
1291
1470
1491
1282
1345
1396
1385
1442
1482
1446
1351
1422
1526
1442
1344
1385
1494
1502
1332
1418
1487
1520
1467
1432
1501
1416
1420
1442
1284
1174
1389
1368
1197
1404
1438
1458
1416
1275
1224
1376
1436
1458
1446
1463
1356
1438
1409
1378
1450
1438
1383
1460
1446
1374
1445
1438
1378
1431
1352
1160
1327
1417
1453
1447
1293
1310
1383
1430
1332
1308
1364
1420
1360
1275
1346
1333
1214
1327
1401
1347
1279
1382
1393
1205
1275
1307
1144
1173
1347
1331
1190
1325
1207
1060
1168
1343
1373
1245
1332
1255
1153
1236
1255
1219
1157
1241
1286
1201
1202
1204
1234
1009
965
991
1290
1389
1295
1123
1238
1251
1105
1131
1337