1232
1135
1093
1035
1018
1078
1218
1192
1092
1014
997
1061
1252
1201
1075
1050
1063
1070
1370
1330
1110
1063
1054
1006
1014
1091
1236
1133
1163
1257
1182
1039
1083
1169
1171
1062
1135
1207
1207
1152
1194
1140
1153
1325
1204
1126
1231
1333
1227
1116
1108
1121
995
1021
1072
1135
1119
1108
1126
1153
1092
1054
1086
1092
1025
1002
1049
1216
1247
1133
1175
1298
1337
1233
1150
1255
1274
1178
1296
1300
1217
1131
1183
1174
1066
1069
1162
1301
1189
1097
1115
1072
1023
1053
1161
1095
1094
1141
1109
1024
1038
1094
1185
1125
1021
1072
1105
1091
1057
1135
1132
1108
1028
1065
1114
1066
1017
1115
1177
1131
1128
1166
1185
1149
1124
1146
1134
1123
1128
1114
1034
1072
1127
1234
1175
1122
1158
1171
1115
1116
1128
1119
1067
997
541
440
896
880
866
840
823
812
801
785
782
792
826
868
929
987
969
1003
1046
1028
988
942