1273
1215
1194
1328
1436
1446
1468
1422
1438
1538
1567
1497
1437
1581
1521
1396
1534
1499
1402
1370
1547
1495
1422
1403
1519
1517
1461
1380
1447
1487
1485
1351
1398
1592
1564
1521
1443
1503
1477
1383
1334
1415
1509
1443
1293
1265
1482
1532
1365
1340
1428
1350
1287
1296
1338
1362
1328
1241
1391
1452
1334
1304
1414
1481
1399
1343
1443
1490
1463
1338
1404
1554
1501
1449
1337
1488
1472
1348
1464
1527
1385
1273
1397
1428
1267
1341
1492
1386
1438
1525
1402
1313
1287
1359
1404
1277
1340
1467
1441
1353
1329
1365
1336
1227
1332
1533
1437
1333
1408
1387
1347
1428
1515
1452
1363
1509
1469
1356
1233
1464
1485
1349
1341
1519
1454
1329
1435
1393