717
726
794
715
707
829
913
889
757
731
660
642
615
600
652
688
712
748
658
621
633
640
615
628
673
824
773
857
838
799
813
771
745
792
791
850
886
820
874
933
856
886
854
749
773
974
845
869
776
801
805
710
757
779
708
677
697
738
690
672
720
664
684
742
761
699
723
743
752
708
717
747
896
900
861
881
742
738
1082
858
933
899
842
859
786
822
854
806
974
918
947
938
807
847
807
729
877
1020
883
801
856
942
779
832
875
812
876
916
908
818
936
950
902
983
937
877
915
871
886
757
880
858
756
1030
1005
959
895
856
771
805
757
688
755
1096
884
975
867
880
749
681
625
646
660
686
727
714
1049
904
803
750
679
673
833
888
875
922
729
670
633
614
650
658
662
731
809
729
771
744
669
686
681
717
1093
914
838
913
879
790
836
915
820
726
764
997
854
896
955
803
839
813
741
866
1016
823
930
886
849
843
795
936
900
964
790
875
1056
840
981
986
739
719
749
806
716
1032
785
819
728
641
605
602
626
715
838
846
785
742
730
771
771
743
719
791
788
714
776
717
676
667
644
608
619
621
641
687
699
659
629
606
586
587
584
574
563
564
568
596
653
775
723
782
827
755
716
732
847
716
774
891
728
789
972
738
754
843
750
722
769
757
751
721
730
645
619
613
618
600
580
575
581
582
609
688
643
603
600
651
700
715
660
641
633
616
622
636
648
660
691
724
692
677
685
751
763
674
682
729
662
679
992
747
762
788
696
722
868
803
741
748
818
910
888
903
802
755
765
766
729
846
917
787
869
880
763
816
854
757
806
815
744
812
877
815
917
821
783
804
821
668
618
593
627
810
807
782
711
628
593
562
554
542
535
530
538
553
569
619
737
816
678
609
590
603
666
782
664
766
836
700
741
796
704
679
624
595
621
636
746
974
759
804
806
713
750
784
729
829
883
826
968
776
810
923
757
785
866
754
890
940
772
887
920
799
925
938
766
808
870
739
792
915
786
951
934
775
868
897
738
766
807
738
839
914
809
906
898
787
868
811
729
755
854
783
936
880
759
804
846
730
757
814
740
727
755
759
703
776
955
793
829
761
714
755
772
693
740
763
688
728
851
767
815
709
689
635
683
691
627
641
701
655
639
675
745
669
694
685
651
680
697
661
678
704
696
656
697
1031
798
860
917
769
778
773
693
678
728
830
752
1027
714
629
585
595
590
615
622
612
586
569
561
554
546
541
537
546
548
554
558
566
593
580
582
561
560
557
555
575
584
579
566
556
555
555
551
540
545
556
587
645
659
657
648
639
637
604
583
577
576
572
587
617
617
622
616
608
598
583
567
560
551
546
547
559
577
573
576
591
600
577
568
573
604
600
578
570
572
562
571
583
602
619
626
629
626
601
595
581
572
565
587
602
603
665
846
738
650
639
635
610
605
608
614
599
604
682
1059
810
817
888
892
816
735
661
615
586
582
607
635
600
646
701
634
668
630
640
612
634
688
677
680
676
651
658
668
683
701
653
673
676
628
626
625
594
587
605
654
627
672
815
671
683
621
652
635
647
600
608
609
621
613
608
603
612
603
605
610
617
604
618
664
628
632
634
625
600
597
607
595
586
589
598
574
581
567
580
607
616
592
592
599
584
585
591
580
573
575
603
610
607
628
618
622
655
685
640
667
686
640
633
620
624
646
594
600
591
576
575
579
575
568
569
583
601
592
601
614
625
676
652
655
664
660
618
612
612
607
602
587
569
570
603
654
611
645
749
635
660
660
630
603
598
598
582
579
580
594
585
596
640
631
704
812
775
778
769
680
614
603
603
619
636
657
624
620
627
596
590
602
662
915
852
763
739
715
657
609
589
569
579
1104
735
820
803
749
806
763
669
613
637
768
675
1024
803
770
804
740
752
813
771
714
737
700
687
732
739
747
695
625
598
579
563
553
552
555
585
742
649
734
820
715
685
660
708
632
604
599
591
600
677
1034
896
955
957
886
875
763
680
635
611
633
756
740
748
686
1121
1089
923
873
728
683
646
624
644
694
698
917
895
832
887
813
973
923
825
897
917
919
1001
863
729
745
1134
875
936
998
822
857
959
826
791
885
859
914
973
808
902
918
762
837
870
768
866
779
835
894
787
885
952
805
944
881
871
994
848
838
856
781
968
977
806
953
820
991
849
1061
820
1038
810
724
741
769
685
651
618
601
581
578
587
573
569
581
567
556
565
565
569
563
561
563
563
552
548
543
543
548
549
561
585
641
686
729
693
701
710
690
739
654
688
726
666
724
957
753
875
787
783
878
769
899
940
771
860
873
801
975
833
1005
858
887
934
787
958
843
927
1018
853
1038
891
869
1082
969
921
1027
874
1077
1053
900
1029
1026
826
1066
979
858
1053
974
856
949
781
860
879
778
832
719
725
659
622
610
598
591
587
612
670
660
702
783
800
784
804
763
752
818
1011
755
804
940
809
1109
794
912
893
854
953
780
878
912
743
775
691
696
1167
881
925
998
870
921
934
788
885
894
772
840
974
823
1017
930
989
1039
916
1066
912
927
1083
871
1011
1025
834
1111
1002
894
1113
948
912
1060
887
1009
935
791
915
884
1047
982
896
1017
928
829
954
924
833
898
761
860
892
900
750
904
779
905
825
782
855
787
756
792
826
733
806
716
691
714
717
706
779
813
715
740
701
662
667
681
645
689
631
585
591
592
628
631
635
639
635
613
606
605
599
590
578
572
562
550
542
535
530
528
527
538
562
609
657
670
679
663
682
674
653
633
602
575
564
563
558
562
574
607
606
602
610
610
596
604
624
634
603
599
591
581
572
566
561
555
549
553
557
567
573
575
566
565
572
563
562
559
553
555
556
560
551
550
552
552
574
591
658
628
665
674
679
636
618
624
632
617
615
612
634
678
669
675
664
638
624
593
585
581
576
578
583
600
591
594
610
615
614
617
636
654
641
617
595
591
588
567
561
557
555
554
563
593
587
582
572
561
543
538
537
541
590
600
585
593
661
628
711
711
623
608
594
568
571
576
566
556
548
540
536
523
523
527
556
575
590
626
582
575
587
612
592
604
640
622
622
621
600
597
604
584
586
590
574
564
562
557
549
547
545
553
580
590
601
627
610
603
613
599
593
601
608
587
591
613
594
584
574
568
568
578
586
573
569
583
615
642
656
717
688
735
821
819
832
846
734
722
740
760
773
861
754
836
776
697
709
729
699
899
775
777
889
782
775
881
773
761
946
924
967
949
884
955
803
814
935
820
780
921
846
784
1037
880
821
930
777
777
842
821
918
991
806
928
979
897
1004
840
806
926
793
1098
865
854
1009
783
855
917
775
882
960
825
973
978
811
1043
953
851
1050
876
929
1017
896
1088
939
975
967
865
1029
852
893
1020
843
988
965
854
975
874
847
974
793
811
851
805
749
895
974
854
896
783
795
870
772
810
825
729
751
821
725
855
755
750
1045
834
878
826
754
835
799
774
1071
906
920
950
774
898
987
855
1104
997
897
1110
984
876
1027
836
935
1075
810
1079
977
876
1051
899
855
990
851
831
905
775
854
1025
864
1011
845
771
843
878
763
812
899
798
853
952
793
957
941
778
812
894
793
987
948
799
870
846
757
870
919
789
951
919
811
925
904
798
960
916
854
986
876
769
876
921
798
1071
913
773
845
854
817
989
893
817
967
920
817
913
900
830
961
734
707
688
640
605
596
587
577
609
1039
784
855
793
812
938
824
776
805
889
804
905
962
837
955
931
774
1006
877
798
956
818
813
997
804
779
829
742
901
952
764
907
1009
877
1002
975
806
952
920
844
1011
860
898
1059
901
928
952
844
791
1000
944
789
901
849
798
942
896
769
896
969
853
980
888
849
925
922
788
847
876
789
909
1002
821
876
813
736
802
822
726
896
857
709
783
886
759
849
908
767
838
885
821
909
1074
900
718
644
626
626
604
609
639
647
616
593
579
596
642
688
695
636
611
588
572
569
568
579
605
646
672
682
710
719
744
800
676
678
677
732
898
893
828
988
795
865
827
746
1018
905
821
979
900
804
985
981
878
1038
889
875
949
806
892
981
813
1055
927
838
986
987
938
969
877
830
954
878
915
1006
894
911
1014
850
829
1006
869
874
1080
868
863
1006
967
886
1063
958
863
946
820
730
763
1114
842
866
935
816
886
935
771
867
876
759
889
925
767
943
973
782
831
909
766
845
939
787
942
944
795
930
859
710
697
705
694
760
1104
966
882
948
844
755
775
821
752
858
835
798
967
823
817
914
865
918
912
952
1081
789
970
947
810
906
799
772
843
757
776
851
843
744
816
882
731
806
925
784
920
876
773
896
834
813
1002
803
900
865
782
926
859
778
901
902
770
890
905
758
865
899
778
938
907
823
987
885
793
910
825
829
923
812
817
921
882
777
919
919
811
908
857
772
850
915
805
1011
1025
854
1008
896
816
969
955
869
1010
1049
893
1072
980
931
1038
928
850
1086
944
1011
1037
861
1102
1052
958
1061
970
917
979
858
908
1095
967
1033
1070
938
1047
1074
953
1094
979
945
1081
975
833
1122
909
855
965
818
967
970
849
1064
931
826
938
952
837
955
954
882
1021
912
947
1042
875
954
832
818
1066
850
957
980
794
876
845
773
871
921
805
921
881
798
909
846
821
1014
881
803
867
781
965
1028
849
915
757
813
853
713
723
731
777
1072
835
904
968
773
833
923
809
973
926
825
966
828
777
936
889
909
1007
870
936
960
795
853
1052
866
975
837
860
981
761
877
991
811
1062
937
900
940
759
783
850
826
843
968
831
842
920
793
768
772
711
804
817
728
936
781
858
857
769
847
813
700
718
654
627
595
582
625
627
685
928
743
647
618
612
637
643
614
590
574
582
580
584
586
575
568
572
587
609
607
617
626
634
646
654
627
633
616
604
628
677
670
694
759
941
774
728
684
737
818
729
798
886
838
813
793
740
785
824
820
808
875
789
760
864
855
840
870
759
824
933
771
867
888
785
959
950
811
928
867
951
997
937
989
892
880
893
766
854
940
800
1000
972
874
960
903
878
940
968
1060
876
1020
1009
881
963
903
865
1057
847
1038
862
928
1011
808
867
873
760
948
883
889
973
799
1022
867
841
1060
840
940
1106
921
1012
1000
952
879
944
830
792
932
972
835
1021
974
866
1067
958
884
1028
902
940
953
826
992
953
926
1058
1001
981
905
796
896
906
880
1146
1007
957
1025
840
938
970
852
955
893
834
1079
868
973
964
807
905
935
831
978
960
863
956
820
782
864
945
841
994
791
850
777
741
781
694
629
644
851
662
644
602
582
574
585
591
607
607
609
605
587
572
563
555
545
535
529
527
521
522
531
539
541
535
533
530
529
545
541
560
565
550
538
540
538
538
547
560
569
580
582
587
586
570
576
591
583
577
589
615
604
593
593
568
558
549
556
579
628
623
662
729
661
767
801
705
742
776
720
728
941
804
844
838
740
826
844
733
841
830
825
1007
785
809
902
815
896
1002
823
826
994
1009
947
1068
979
918
1083
981
941
1040
1005
1030
1100
833
954
920
860
1106
827
957
929
884
919
780
821
885
835
786
890
972
867
1047
902
891
978
878
841
943
894
859
1090
885
934
1013
916
980
1076
872
1055
969
806
1007
934
927
1084
939
1022
986
920
1002
923
907
994
898
865
1039
858
829
958
898
1018
944
832
962
930
879
1026
989
922
975
904
901
1095
979
978
1040
854
903
1025
919
1034
896
901
1027
905
877
966
886
807
1013
949
777
904
970
802
968
970
837
876
691
635
596
579
577
610
624
991
822
750
773
719
807
836
758
796
808
734
747
674
624
625
721
993
804
898
821
815
846
846
770
828
786
780
884
892
776
944
870
757
903
881
774
707
648
615
610
634
646
613
629
661
646
629
605
626
611
603
641
873
882
960
952
880
954
1001
875
927
1039
882
860
1124
918
996
1084
848
970
1017
849
1125
963
920
1032
926
999
1022
906
1063
990
926
1133
958
1007
1017
979
1105
835
1018
1074
860
1059
982
813
927
942
849
981
953
893
976
929
846
858
754
783
877
955
894
958
857
826
967
832
809
1020
789
878
772
733
822
810
825
931
964
781
815
824
801
715
770
930
779
894
921
860
737
958
943
806
898
949
920
976
977
821
934
962
781
1098
1017
814
1018
1017
764
794
669
607
592
614
720
688
1076
892
746
774
836
827
720
763
813
832
815
782
820
826
723
742
821
876
754
874
942
750
778
810
708
784
872
783
940
930
806
874
866
743
788
873
761
785
873
777
807
877
768
788
796
684
688
712
639
745
1021
733
698
628
591
584
589
578
567
556
557
560
549
535
525
521
523
529
530
536
541
544
541
540
540
539
534
525
526
520
513
508
502
501
502
503
515
538
546
580
623
777
721
611
572
561
554
553
554
555
543
540
539
545
546
544
542
542
553
592
629
634
656
721
672
729
930
747
688
677
670
716
883
789
968
1022
773
877
1012
818
777
906
1071
815
944
853
748
811
862
821
952
779
775
719
642
632
705
779
747
949
842
813
825
805
713
688
628
601
584
586
607
594
605
642
1047
831
747
766
761
712
762
813
729
790
817
729
763
747
756
965
893
716
732
817
739
808
953
802
907
951
811
787
865
840
727
763
716
646
606
591
576
574
579
590
596
587
599
604
584
579
585
586
578
588
593
596
587
597
615
651
647
686
759
916
763
843
853
754
892
832
811
960
810
808
936
876
828
825
718
736
774
716
821
891
748
781
706
732
692
673
639
631
626
609
593
583
596
605
664
916
733
829
848
838
750
832
849
729
824
873
777
806
936
820
843
993
807
802
852
810
758
924
930
870
755
644
603
592
629
655
1062
953
842
885
898
754
789
870
824
874
870
836
914
815
710
688
690
685
640
690
921
753
646
605
598
585
578
573
560
556
553
546
545
571
600
618
669
630
596
577
576
580
588
577
569
564
575
622
680
708
818
904
909
886
808
830
937
870
929
1043
857
882
922
782
1140
834
1089
738
676
699
1145
785
805
751
687
657
631
589
586
570
567
563
558
578
637
688
744
696
771
829
862
836
835
753
793
846
861
762
876
878
735
859
781
817
918
734
933
913
750
835
757
723
774
739
796
918
775
915
936
769
840
795
759
887
904
845
966
812
810
878
828
762
783
845
787
945
929
785
803
927
900
771
851
965
842
944
929
783
916
958
848
921
914
771
859
945
774
814
1015
791
979
934
816
921
813
728
726
707
655
667
641
618
600
598
589
611
601
584
583
599
587
595
612
598
575
560
549
546
541
546
566
573
582
596
637
682
729
658
686
605
592
575
563
563
605
914
807
830
863
872
838
787
892
957
735
782
965
712
681
684
736
753
1122
994
753
753
714
795
814
937
929
862
835
867
827
754
810
779
775
890
837
860
883
799
768
765
706
766
846
839
841
924
822
795
776
750
749
874
931
796
859
851
816
756
791
836
685
636
593
598
631
1101
762
847
906
881
875
924
809
833
889
860
792
873
770
717
756
1065
957
950
968
926
794
838
896
904
756
836
922
959
853
852
975
998
828
911
929
794
878
955
788
855
925
771
809
889
764
736
885
801
813
907
862
798
871
837
708
746
774
761
685
881
925
839
849
929
905
773
881
952
802
888
870
700
706
840
710
696
897
977
819
796
889
948
813
878
906
849
769
900
884
757
860
938
813
851
979
891
854
915
775
678
650
646
614
634
640
623
608
613
653
762
704
624
599
597
609
658
680
730
921
925
917
855
689
644
626
654
927
931
920
757
752
839
860
702
643
620
620
660
633
755
1027
885
988
995
975
922
849
962
988
929
824
1004
968
936
993
777
1106
1035
844
1069
933
898
1064
925
1008
1014
908
1017
1011
834
1024
1073
970
1104
967
986
1047
804
956
1090
881
1030
992
896
992
937
908
915
839
956
825
902
912
793
894
892
812
983
892
840
1010
867
809
960
829
850
978
891
840
961
902
869
910
883
843
935
899
811
994
942
840
964
926
874
975
893
885
953
856
1011
948
859
979
920
868
916
826
919
949
851
1041
1034
911
977
1030
860
943
879
862
1114
909
824
933
797
921
901
764
875
791
840
883
766
885
817
772
794
729
725
1052
899
868
987
938
781
862
845
762
906
1005
780
894
1021
824
1022
904
773
896
902
723
694
702
641
635
625
628
610
663
642
693
972
815
884
948
946
937
918
833
735
762
817
713
734
760
791
651
644
678
1058
791
690
690
673
617
604
626
713
1001
925
924
907
711
688
680
746
876
859
767
745
795
822
705
718
725
818
729
788
807
732
720
801
847
730
798
829
732
797
846
716
798
922
759
831
826
717
766
860
735
759
848
734
809
896
778
842
962
813
769
852
730
715
738
742
766
1218
892
890
902
742
826
792
690
753
836
775
704
795
873
740
735
746
707
647
683
699
649
625
676
722
613
585
578
574
561
547
542
539
534
530
526
521
521
521
518
515
517
513
520
513
506
503
502
505
512
520
534
541
534
536
540
539
538
536
533
531
525
527
526
518
514
512
516
535
527
529
563
763
835
834
836
806
666
657
706
762
664
749
962
812
924
822
856
956
894
844
1004
917
874
998
937
877
1004
878
902
1039
903
836
1032
956
904
979
959
1012
933
929
756
728
756
637
655
687
725
645
652
640
634
630
606
594
591
644
606
620
626
659
731
676
690
688
638
622
611
604
599
590
602
637
651
642
632
679
710
926
829
834
689
654
702
654
656
625
608
646
637
759
746
656
697
947
912
791
782
794
705
705
681
629
619
627
625
599
637
1019
903
823
728
746
812
841