1174
1032
972
953
1026
1127
1127
1119
1066
1022
1009
1072
1219
1292
1178
1186
1188
1150
1124
1107
1188
1258
1323
1419
1455
1396
1172
1198
1316
1343
1312
1129
1215
1169
1148
1107
1014
1062
1317
1373
1207
1099
1120
1139
1065
1089
1105
1197
1174
1102
1071
1141
1362
1138
1107
1105
1146
1230
1252
1161
1116
1194
1312
1299
1192
1180
1281
1192
1146
1210
1231
1191
1143
1158
1054
1117
1073
1165
1160
1111
1105
1217
1145
1122
1184
1235
1194
1139
1204
1269
1196
1134
1224
1212
1126
1180
1398
1385
1247
1313
1307
1211
1128