626
633
668
677
743
928
981
919
802
803
801
829
859
840
818
755
767
748
776
761
752
809
814
849
820
788
815
799
786
732
733
731
771
804
814
788
783
753
760
734
696
681
660
666
667
639
628
651
656
696
712
706
693
702
733
752
774
749
729
699
747
780
809
840
852
787
766
740
764
775
791
777
770
745
732
771
832
844
854
837
836
806
775
751
729
701
681
704
779
1258
1082
976
914
859
837
806
784
736
732
739
788
834
812
854
883
860
857
801
814
823
849
803
789
807
820
844
808
831
820
826
846
825
789
771
796
823
898
894
885
887
858
813
827
839
849
824
804
803
789
765
757
777
791
785
835
869
852
834
837
869
868
831
836
857
833
810
779
804
869
926
916
932
925
886
879
861
820
814
817
775
828
842
883
846
853
889
896
854
839
810
821
794
819
838
836
800
829
816
869
820
861
883
877
845
862
834
801
809
794
767
735
700
736
783
903
993
998
929
851
763
763
730
742
715
729
706
726
736
772
797
797
784
783
795
787
778
818
819
803
813
787
760
782
774
730
746
729
774
842
839
773
752
748
745
747
706
743
757
876
882
883
885
860
871
864
857
854
823
859
872
955
853
804
813
767
750
782
745
760
750
710
726
719
313
400
713
681
662
647
655
654
638
1373
763
786
892
881
880
865
841
814
785
805
806
818
816
827
784
780
759
771
766
782
798
779
800
729
727
798
834
991
931
924
866
876
843
863
845
817
804
807
854
863
825
847
837
780
813
778
771
751
747
765
781
807
832
879
864
889
863
858
853
806
824
826
839
848
878
837
851
823
849
826
824
800
763
757
751
769
806
824
813
855
847
841
815
795
765
786
794
866
858
894
900
921