1108
1118
1099
1090
1055
1051
1146
1079
1113
1058
1041
1143
1052
953
1032
1171
1257
1159
1039
1081
1053
1010
959
972
981
947
934
963
977
967
978
1055
1099
1014
989
990
1015
984
981
1051
1031
1035
1127
1240
1125
1046
1065
1057
987
978
1040
1004
964
1045
1236
1096
1003
1068
1036
988
1010
1032
1046
989
1122
1104
1027
1005
1013
979
946
961
979
993
933
974
1048
1022
964
1011
1025
999
980
1002
995
972
983
994
997
947
964
970
963
927
959
976
969
983
1023
1014
972
968
985
968
925
961
983
1014
1004
1030
1016
1010
999
1014
989
947
961
986
988
925
946
962
974
937
979
1012
1057
1017
1036
1116
1075
1072
1063
990
961
958
963
1005
1030
1034
1079
1066
1003
980
997
1017
1014
983
1049
1031
987
972
1033
1024
979
973
978
976
970
1022
1056
1069
978
989
1054
1035
1065
1068
1004
988
1036
1021
971
979
1038
1090
1124
1042
1080
1017
991
978
997
973
957
1010
1118
1120
1039
1051
1012
976
967
986
971
979
1041
1082
1046
1035
1078
1055
1000
1011
1014
977
952
1011
976
949
972
1080
1055
962
957
1016
995
969
976
973
1007
955
948
1030
1151
1161
1120
1088
1068
1031
962
954
919
968
989
922
965
1020
987