1055
1171
1172
1096
1086
1196
1195
1132
1146
1349
1205
1153
1143
1419
1469
1359
1247
1268
1327
1333
1189
1114
1070
999
1000
1021
1180
1175
1129
1120
1178
1142
1096
1141
1193
1191
1178
1229
1214
1193
1288
1261
1265
1322
1239
1169
1197
1172
1090
1169
1157
1300
1269
1188
1247
1271
1184
1137
1033
975
1062
1290
1253
1118
1196
1219
1132
1109
1131
1104
1022
1053
1066
1071
1178
1270
1105
1132
1153
1104
1104
1139
1135
1158
1119
1128
1204
1084
1090
1092
1063
1178
1238
1097
1105
1126
1074
1106
1147
1096
1153
1223
1127
1124
1113
1089
1139
1247
1178
1217
1159
1131
1152
1141
1141
1209
1184
1150
1169
1117
1123
1146
1128
1112
1211
1187
1145
1199
1143
1093
1116
1108
1045
1056
1102
1077
1110
1154
1147
1139
1106
1034
1093
1174
1166
1157
1101
1045
1067
1084
1058
1095
1130
1140
1143
1185
1165
1079