1018
1022
994
899
878
885
848
899
1199
1114
1012
984
1007
1016
1041
1030
1109
1324
1190
1231
1099
1078
1118
1104
1176
1148
1087
1089
1038
953
908
906
983
1060
1074
1029
961
951
943
929
938
978
1026
989
1015
971
1046
1090
1062
1055
1053
1004
1010
1032
1030
993
989
985
1028
1027
963
979
930
925
926
901
853
850
848
874
911
910
928
931
962
983
970
1015
1066
1076
1083
1054
997
949
1003
1033
938
983
1028
992
954
974
998
982
965
982
1038
990
999
993
1032
1031
1016
1046
1070
992
973
975
1062
1329
1149
1066
1052
1045
1017
983
913
887
888
985
1021
1019
975
958
938
895
882
884
881
900
863
896
938
1080
1088
1154
1154
1038
1014
993
952
990
976
952
993
1006
998
1037
1079
1095
1152
1204
1070
1071
1096
1034
1103
1061
937
947
945
973
993
935
952
1001
1050
979
982
975
983
947
957
976
1026
996
960
981
1013
1083
1072
1095
1104
1034
1034
1029
981
989
997
979
951
937
929
950
901
915
910
942
913
896
899
956
957
921
925
920
1791
847
808
816
822
884
990
989
1011
1108
1142
1033
1017
1013
915
870
832
849
928
934
926
973
980
947
938
971
1067
1081
1104
1186
1101
1005
1001
1018
973
977
1019
1039
1023
1160
1271
1125
1059
1078
1037
993
984
1027
998
1028
1084
1110
1063
1074
1100
1026
964
977
992
1234
1064
1082
1042
955
947
944
1026
987
982
1029
1088
988
1005
1062
1017
1033
1062
989
967
1023
1088
992
984
987
1025
973
979
988
1021
955
978
981
979
938
975
1011
1005
1007
957
952
979
1030
1009
962
963
965
870
889
930
945
952
1000
1000
943
956
966
985
950
985
1005
1052
1006
991
984
997
1016
1036
1026
949
970
1012
1034
986
1020
1199
1099
1061
1031
909
886
891
1063
1006
975
1010
1093
1019
1028
1090
1109
1037
1014
1032
1093
1078
1053
1013
1004
983
959
872
854
844
911
1458
1290
1173
935
870
875
875
930
959
1006
1024
1093
1141
1080
1044
1032
1029
937
935
972
945
995
1209
1274
1191
1116
974
919
870
895
923
938
917
926
950
1007
1001
986
929
873
854
870
929
985
994
994
988
950
933
894
979
1054
1045
1097
1037
1028
1053
1033
1057
1102
1047
1043
1072
1029
1053
1083
995
1026
1157
1066
1089
1091
1071
1131
1166
1124
1016
975
977
912
921
951
997
1065
1021
1005
994
960
895
867
824
784
796
768
917
1032
982
941
945
945
940
905
871
818
800
780
769
775
757
779
799
846
1330
1240
1156
1063
987
934
922
950
932
942
966
936
944
960
887
876
860
887
863
918
1171
992
991
1222
1256
1205
1220
1266
1208
1293
1132
1131
1029
1116
1556
1352
1304
1248
1143
1184
1281
1317
1414
1354
1429
1329
1409
1195
1377
1378
1299
1313
1039
928
882
931
1119
1164
1085
1033
945
896
864
854
851
852
872
879
914
872
897
977
1014
966
968
1000
985
895
897
890
934
942
963
957
913
878
856
886
955
994
942
951
1070
1083
997
953
927
893
893
902
921
859
876
862
953
1029
934
884
876
862
908
975
956
954
938
976
977
938
938
913
882
817
828
789
807
815
960
951
935
906
919
929
931
954
1006
928
912
968
958
994
1003
968
1009
1100
1047
1083
1084
986
1009
1019
1061
976
936
972
1000
1089
1069
1002
972
939
895
894
871
899
942
974
1024
1031
1111
1058
1048
1076
1017
986
976
986
1015
1044
1114
1123
1063
915
905
906
894
915
912
919
950
965
1014
1015
1124
1103
941
941
926
984
991
976
894
874
869
908
1097
1010
1058
957
941
950
1035
1042
1068
1093
1097
1037
1003
1015
959
978
1083
1214
1058
966
881
855
850
927
1002
994
1050
1074
1146
1142
1120
1049
1082
983
985
1054
995
1042
1015
932
887
876
984
926
953
945
918
945
1922
989
996
984
944
935
1795
830
838
855
915
1149
1042
1110
1231
1048
873
872
836
831
831
820
815
813
827
832
832
837
843
845
968
923
969
1085
1023
1016
1018
984
985
993
1105
1124
1051
1050
1077
1122
1181
1130
1242
1343
1220
1133
1033
955
891
914
1037
1008
941
888
941
937
906
907
913
917
882
896
873
889
910
998
1283
1192
1204
1263
1104
1011
977
952
945
985
1048
1169
1010
1007
990
957
985
1009
954
965
995
1019
989
1041
1134
1038
1103
1086
1016
989
993
1040
991
1051
1190
994
1016
964
916
1010
931
897
871
900
1041
1164
1159
1132
1013
992
995
938
954
933
965
1002
1009
957
946
908
864
828
825
799
775
767
741
725
718
699
688
675
656
643
636
630
624
616
606
618
619
622
648
668
659
666
664
668
678
686
681
685
687
689
689
696
691
694
696
686
682
680
663
652
650
639
629
639
637
637
645
671
679
683
684
679
689
680
665
660
644
635
624
615
613
608
607
603
601
598
595
592
590
587
586
587
597
614
642
666
707
724
766
794
779
760
735
724
718
712
714
726
734
729
768
835
885
885
937
926
918
896
896
891
843
839
819
814
802
829
860
883
943
955
948
922
848
846
840
824
798
796
769
770
771
809
817
806
811
803
816
818
822
819
829
845
815
788
779
782
799
829
860
853
844
840
845
857
827
815
792
771
770
766
747
745
770
774
785
834
796
809
816
820
791
780
745
732
734
704
705
707
748
892
1281
1170
1053
1027
967
998
989
955
926
973
1014
1043
1007
923
869
849
809
793
764
750
743
739
744
738
735
753
833
875
803
812
870
916
917
913
934
863
861
842
819
832
783
798
775
798
848
913
922
861
847
825
795
794
782
771
795
779
777
757
754
775
811
794
798
813
782
789
782
772
767
789
787
786
813
804
798
818
816
799
818
812
816
790
793
788
775
779
769
772
782
815
849
814
834
851
803
804
790
771
763
747
748
749
763
794
830
808
820
860
821
834
813
783
782
778
786
787
829
845
845
843
807
821
828
832
825
809
805
794
792
798
827
829
814
790
816
785
811
796
801
781
784
788
777
758
748
759
734
723
711
716
704
701
681
688
673
664
657
648
643
621
620
615
601
587
579
569
560
553
547
553
557
560
563
562
577
595
611
612
606
613
613
609
604
593
586
584
588
592
594
603
600
602
606
623
646
656
653
652
645
647
660
664
668
660
656
654
656
653
643
641
642
646
645
644
659
675
693
703
717
721
717
701
696
696
691
685
675
679
687
685
689
705
774
786
764
771
797
777
754
743
738
727
726
720
722
711
727
762
783
793
826
846
834
850
810
821
803
782
808
819
789
829
898
961
880
869
877
944
914
815
796
779
771
779
802
765
795
800
886
913
853
822
773
753
728
726
705
690
694
671
666
664
673
663
657
657
682
703
712
689
698
695
692
688
681
689
705
721
741
767
821
848
836
789
762
745
741
734
749
757
759
744
743
733
730
754
827
887
868
816
811
799
782
765
755
738
728
721
729
729
758
799
898
978
955
920
848
810
780
757
734
725
710
703
716
752
797
921
1002
926
887
836
871
872
842
844
845
838
830
822
819
835
873
859
859
891
925
897
879
887
909
919
939
934
876
859
859
837
816
773
740
751
738
746
757
732
729
710
704
698
697
700
707
715
743
768
775
804
825
862
848
844
826
798
764
759
748
744
731
736
716
715
731
731
735
739
732
725
727
719
704
704
704
694
690
701
693
704
708
707
707
700
695
699
688
692
696
701
695
706
729
745
752
771
771
761
742
729
725
718
711
727
751
782
776
781
801
762
747
731
723
714
719
735
745
741
742
715
717
715
706
719
778
817
835
847
822
792
794
797
770
779
783
753
756
769
770
781
766
771
772
742
752
748
733
733
724
717
721
738
753
787
775
778
815
800
796
792
774
762
738
728
728
749
747
760
773
781
806
809
798
780
743
741
707
706
707
730
768
790
798
781
795
764
762
757
745
735
725
723
735
730
762
791
805
810
783
757
771
763
764
744
732
715
701
696
704
711
705
707
725
743
754
792
805
780
751
729
722
718
706
706
714
716
739
788
780
838
821
805
816
782
792
784
775
770
773
781
771
790
802
813
803
798
810
778
780
771
749
756
762
811
820
828
863
829
798
786
780
757
742
735
739
727
742
755
762
757
761
769
765
747
747
743
739
729
734
736
741
744
739
745
758
776
756
767
778
771
760
758
750
754
739
739
760
776
770
762
745
733
743
739
736
734
735
726
730
736
737
746
768
777
798
787
790
782
772
777
775
770
768
765
765
758
750
760
784
758
774
764
759
748
750
742
743
736
741
748
769
767
789
811
806
791
799
800
776
784
793
782
784
790
787
785
775
778
762
753
740
734
733
743
735
747
772
801
782
772
753
748
762
746
749
757
728
746
776
822
827
798
812
822
805
804
789
783
768
771
777
770
784
803
835
822
831
842
820
780
752
741
744
754
1617
749
748
731
712
705
729
744
753
826
836
857
854
805
780
753
729
714
701
701
692
696
698
700
688
690
674
664
657
635
634
610
597
590
587
572
561
562
544
544
523
537
512
513
506
501
498
485
491
473
480
478
463
466
467
455
459
458
447
451
460
440
443
449
446
436
448
443
440
436
443
445
431
433
444
438
430
440
441
437
429
433
441
434
428
438
438
435
428
434
442
431
424
435
437
436
426
430
438
433
428
427
435
438
429
423
433
436
431
423
428
436
435
424
429
434
438
428
860
438
427
426
429
438
433
425
433
436
436
427
429
438
437
428
425
427
437
433
424
430
431
435
430
423
432
431
438
425
421
431
434
433
424
424
435
432
430
423
426
435
435
427
424
427
434
432
423
422
428
438
422
421
423
426
432
421
418
422
423
428
421
415
419
421
425
423
414
416
416
423
423
415
411
413
421
423
419
410
411
414
418
427
415
411
412
412
425
421
415
413
410
421
419
424
414
416
416
418
425
422
415
414
414
423
423
418
412
412
419
419
429
416
414
417
419
428
421
416
416
419
427
427
418
417
415
428
428
421
417
417
425
429
425
417
414
426
425
428
417
415
422
426
431
419
416
421
419
429
424
418
416
418
427
428
418
417
420
424
426
422
416
417
422
425
430
419
418
421
423
426
413
301
1991
666
418
850
422
417
416
420
419
425
424
415
414
416
423
421
423
412
415
422
418
427
424
416
412
420
420
423
426
413
412
417
417
427
424
414
411
415
419
419
425
415
411
413
414
423
420
419
410
410
417
417
422
421
414
412
414
417
416
422
415
412
411
415
417
414
420
409
410
410
411
417
416
419
409
410
412
409
423
420
416
410
410
413
414
421
421
411
410
409
415
416
425
412
412
408
411
417
417
417
409
409
410
410
420
419
413
408
409
413
417
425
419
414
410
409
419
421
422
411
411
411
412
422
423
417
413
413
419
421
425
418
418
418
416
432
428
423
420
421
429
427
430
417
420
425
425
431
424
423
422
421
431
425
418
417
418
425
423
421
416
416
421
422
426
415
417
416
416
426
422
417
415
414
422
423
425
414
413
417
414
422
420
413
411
412
413
417
422
412
410
409
410
417
417
419
410
410
409
411
420
421
416
409
408
413
415
424
417
411
406
408
415
412
420
414
407
404
404
412
412
416
414
408
402
404
408
404
415
409
411
402
404
404
404
410
409
413
405
403
403
402
413
411
418
409
407
403
406
415
413
418
414
409
410
408
419
415
419
408
410
409
410
413
415
417
409
408
410
408
420
419
418
411
412
415
414
425
426
419
417
417
422
422
429
416
414
418
414
426
422
415
412
410
416
416
428
421
414
411
416
424
424
424
412
416
423
422
429
424
418
420
422
430
429
419
417
419
430
431
421
417
416
423
424
425
416
416
417
420
427
425
417
416
418
422
428
431
421
420
421
424
434
431
422
420
419
425
426
428
417
417
418
417
428
424
425
416
415
418
416
428
426
421
412
415
420
419
424
419
415
412
414
421
418
424
414
411
412
411
419
419
417
409
411
411
411
424
422
415
409
410
416
419
428
425
415
416
416
421
419
424
419
411
413
413
420
417
422
412
411
412
413
421
418
422
409
409
412
412
416
415
419
409
407
409
410
415
416
418
410
407
403
406
415
411
416
410
403
403
403
408
405
409
410
405
399
400
400
399
410
409
413
411
401
397
398
404
400
408
403
408
403
401
398
398
402
400
409
407
412
409
401
399
404
405
405
410
407
406
399
401
401
399
408
405
414
409
402
398
397
405
403
410
407
410
402
397
400
402
408
406
411
409
402
400
402
403
404
407
407
411
402
399
398
399
401
403
409
407
409
399
398
400
403
405
403
408
409
401
398
398
399
399
407
405
410
405
400
399
399
401
404
409
405
412
412
407
403
402
403
405
413
410
415
410
403
403
407
411
408
415
413
409
403
405
410
409
414
412
419
410
411
408
407
417
416
422
413
410
407
410
421
417
425
419
411
410
413
417
415
420
417
410
409
410
412
414
427
424
414
407
412
417
417
423
419
413
408
410
415
411
419
420
414
409
411
413
416
428
426
422
413
411
419
420
426
422
416
407
410
417
415
424
419
416
410
410
415
411
417
416
419
412
405
406
411
414
408
416
414
408
403
403
406
403
408
408
417
413
405
400
398
404
405
411
407
411
406
400
401
399
406
400
409
407
413
401
401
400
401
409
408
416
411
409
401
403
406
407
410
410
418
407
405
405
408
412
413
424
418
412
408
412
422
422
426
419
411
411
418
426
423
423
412
413
421
419
426
420
413
413
416
421
420
421
417
409
414
416
420
421
423
415
409
414
416
425
422
419
410
411
416
415
424
419
419
408
411
414
416
420
419
414
409
410
419
414
422
421
413
409
410
414
419
428
419
411
407
409
422
418
422
415
406
410
412
420
417
420
411
409
415
414
420
420
418
410
409
415
411
419
418
412
406
406
414
409
419
417
416
407
407
409
409
417
418
422
413
408
407
409
418
416
422
414
406
410
413
418
415
418
408
405
406
407
415
414
418
408
406
402
405
412
411
420
416
406
404
404
412
412
419
416
409
402
404
409
412
417
418
411
407
406
414
412
421
420
417
408
408
414
412
418
417
415
410
409
414
416
420
422
421
411
410
416
416
426
423
423
412
412
421
419
428
424
414
416
420
424
423
424
413
412
416
415
421
418
419
409
406
408
410
411
412
418
413
403
401
400
405
406
414
410
412
407
399
399
402
405
402
407
405
406
398
396
396
396
403
401
407
402
404
403
396
396
394
394
397
400
395
406
403
400
398
393
391
392
396
396
401
396
400
399
403
396
394
394
393
397
398
403
401
407
404
400
397
396
402
399
407
404
416
410
403
399
399
408
405
415
410
411
403
403
405
405
411
410
416
412
405
402
404
408
410
422
418
416
407
407
416
416
423
419
415
410
411
416
417
422
417
411
412
412
420
418
421
418
411
412
413
423
420
421
412
411
413
414
419
417
420
407
407
413
412
419
421
423
415
411
415
415
422
419
421
411
411
413
415
418
422
422
413
410
415
413
420
421
416
408
409
413
412
422
422
415
410
406
413
414
424
420
417
408
406
412
414
423
418
413
407
407
412
407
415
412
414
408
403
405
408
412
410
414
410
406
404
402
411
409
419
416
407
404
404
406
413
418
416
417
411
405
409
408
414
409
415
410
406
403
403
407
408
417
413
409
401
402
406
405
407
406
415
411
404
401
400
402
401
408
407
414
410
406
401
400
401
402
405
404
414
410
414
407
403
401
400
403
404
411
406
412
410
407
399
398
397
399
406
403
409
404
407
404
402
397
396
397
398
404
404
410
405
408
403
399
399
398
403
402
405
403
411
409
405
400
401
401
402
406
408
414
409
416
413
410
403
404
403
403
405
404
412
411
413
404
402
399
402
409
407
414
409
412
409
404
401
401
403
404
411
406
413
409
409
401
400
404
404
406
406
410
401
398
398
400
404
403
413
410
404
399
398
399
401
408
410
413
414
409
405
405
407
408
415
414
423
415
409
406
407
413
417
421
419
415
407
409
415
413
421
416
417
408
409
411
412
419
416
417
412
408
410
412
418
416
418
408
407
412
412
415
416
414
408
404
409
408
415
414
418
407
405
406
407
417
416
417
413
405
405
409
414
410
414
415
408
403
404
410
411
419
412
413
404
405
407
407
415
410
415
409
406
403
403
408
406
415
414
408
403
403
404
405
415
413
419
416
409
407
405
412
412
418
418
423
413
409
408
409
419
419
424
417
411
407
409
416
415
422
414
412
406
404
410
407
412
409
414
405
402
400
401
408
408
415
409
411
404
403
402
402
407
406
415
414
411
406
402
403
409
410
408
414
413
409
404
403
407
405
415
414
417
410
406
404
407
412
414
421
419
410
406
404
407
411
416
413
413
406
405
402
402
407
403
413
413
409
402
399
399
404
409
407
412
410
407
402
402
405
404
413
410
416
409
404
405
407
414
410
418
412
410
404
403
408
405
412
411
417
408
404
403
406
414
410
416
411
406
402
402
405
403
410
407
414
407
399
399
398
403
400
408
405
410
408
401
397
399
403
402
406
407
413
408
402
400
400
407
408
415
413
411
403
401
405
406
411
404
413
411
404
401
400
401
404
412
410
414
410
407
402
402
407
403
411
412
416
407
401
402
402
409
411
416
417
410
404
402
409
410
415
411
414
410
406
404
403
407
405
415
413
411
404
400
400
404
407
404
413
408
412
408
400
399
403
404
402
409
406
412
406
400
399
397
401
405
409
406
410
406
402
397
397
398
398
401
397
406
400
408
405
400
392
393
393
397
395
395
397
395
403
399
405
402
398
392
394
393
392
396
394
401
396
406
396
404
399
396
392
393
392
393
399
396
402
397
402
401
398
396
395
394
394
397
398
402
398
406
402
404
396
396
394
394
397
398
402
399
405
400
404
398
395
393
394
394
396
400
396
403
397
404
400
396
393
393
391
395
399
396
403
399
404
405
400
397
396
396
396
402
399
410
406
412
408
400
400
403
406
405
411
409
416
408
404
402
401
407
403
413
409
418
411
404
403
403
410
410
418
416
416
408
406
409
409
414
412
419
417
410
406
408
411
411
417
414
411
406
405
409
408
415
413
415
405
403
403
406
412
413
418
410
404
403
403
410
410
419
412
415
407
404
404
404
407
406
415
413
408
403
400
402
402
408
405
414
412
412
407
400
402
405
410
407
417
412
412
407
405
409
408
415
412
422
415
409
407
407
415
414
427
419
420
409
408
411
411
415
412
416
411
405
403
405
408
409
416
413
413
404
401
405
405
411
404
413
411
404
400
400
403
454
354
405
412
410
402
399
400
406
404
413
408
410
408
403
400
403
407
406
415
411
412
409
401
402
399
405
401
408
404
413
404
398
398
397
400
398
404
404
409
405
406
402
398
396
396
399
398
403
400
409
409
405
400
397
397
400
406
407
408
409
410
406
402
403
404
413
409
410
399
399
404
398
411
408
401
397
396
400
401
411
405
409
400
397
396
396
402
397
403
400
410
407
399
395
396
401
397
407
400
406
406
400
397
396
400
401
408
405
411
408
401
402
402
407
407
410
403
399
403
402
411
413
409
401
400
409
407
414
409
406
404
403
408
410
417
410
407
402
405
407
399
409
407
408
405
397
399
398
399
396
400
399
400
396
390
389
390
390
389
394
389
395
391
393
395
393
393
389
386
385
381
382
386
385
388
388
386
383
393
389
396
394
392
394
391
385
388
385
384
386
388
391
387
395
389
398
391
397
394
393
392
391
388
392
395
394
307
489
405
403
405
402
401
398
396
402
399
404
402
411
409
409
401
401
399
400
403
402
412
405
412
407
403
400
398
401
400
408
405
407
404
400
396
397
397
398
403
398
407
402
405
403
400
396
396
396
396
404
402
408
402
404
403
397
394
396
398
398
399
397
406
403
403
399
395
396
394
397
395
403
400
406
400
402
396
396
395
395
396
400
404
399
405
403
401
395
396
396
395
401
399
406
403
403
403
402
397
398
400
403
405
399
410
405
411
407
400
397
399
404
403
405
405
410
410
405
397
398
402
404
407
400
412
410
411
404
400
401
402
407
404
410
404
415
406
404
398
400
405
406
410
406
411
407
404
400
399
398
400
405
405
413
405
411
406
404
400
402
406
404
413
409
415
411
404
401
402
407
404
408
409
411
408
405
401
401
403
407
412
408
413
410
406
402
401
404
402
410
410
416
411
404
401
403
407
406
410
408
414
408
404
402
401
408
409
412
408
415
410
405
400
400
405
407
412
406
411
410
404
401
400
403
404
407
407
415
412
410
401
404
403
404
408
407
416
413
410
401
403
405
406
410
405
413
412
408
402
399
400
404
406
403
407
403
411
405
400
397
399
400
403
407
401
406
402
411
406
403
396
398
401
401
405
399
409
406
409
404
399
397
397
398
401
405
403
408
403
406
399
398
397
399
405
402
407
405
407
406
401
396
397
398
397
400
402
410
401
408
401
398
396
396
400
399
401
397
405
400
402
398
396
395
393
399
397
402
400
408
405
405
398
397
398
405
404
402
409
408
412
407
404
402
400
408
407
415
409
412
407
402
401
400
405
405
415
408
413
406
402
401
401
407
400
411
408
412
409
402
398
401
403
401
404
403
407
404
401
398
396
396
395
399
401
405
399
404
400
402
396
395
393
393
398
399
401
397
404
400
403
397
396
394
394
401
397
403
396
405
405
399
396
394
393
396
401
397
403
396
406
404
400
396
393
396
396
403
396
406
400
410
404
400
397
395
402
401
405
400
408
405
399
396
396
396
401
402
396
407
402
406
401
397
394
397
404
398
407
402
409
405
399
397
396
398
402
405
402
408
404
407
401
399
397
399
407
404
411
404
412
407
401
400
398
405
404
410
405
409
407
402
399
398
403
402
408
400
408
408
401
399
396
399
399
404
405
411
408
409
406
400
399
399
403
399
408
404
414
409
402
397
400
403
403
408
407
414
410
404
400
398
405
405
410
404
412
412
403
401
400
400
405
409
402
410
405
407
401
398
396
396
403
399
404
400
406
407
402
397
396
397
396
401
396
403
403
407
400
405
403
398
396
395
396
398
402
396
403
399
403
403
399
396
393
393
395
398
394
400
396
405
398
406
403
397
396
395
393
396
403
396
402
398
406
403
400
396
394
392
393
399
396
401
396
403
402
401
396
394
395
395
399
396
399
399
407
403
404
397
395
397
396
401
396
402
399
407
404
400
395
396
395
392
398
396
403
400
406
398
404
399
395
396
393
395
396
400
396
400
399
402
399
402
397
395
394
395
398
397
404
399
405
397
405
399
396
392
393
393
391
396
393
396
395
401
396
399
396
399
394
393
393
394
396
395
399
398
401
400
407
405
405
401
396
397
396
400
396
400
401
408
403
406
403
399
397
396
399
398
402
398
409
403
407
400
396
395
392
396
396
398
395
399
396
404
403
400
396
391
391
395
399
395
399
396
390
389
386
392
394
395
390
397
391
398
396
390
389
387
387
390
395
391
396
393
398
397
398
396
392
388
393
393
394
396
396
402
399
403
400
396
393
394
397
398
401
396
406
403
404
400
395
396
396
398
396
401
397
408
401
403
396
396
395
396
401
397
405
402
408
402
398
396
396
400
402
406
405
409
406
402
398
397
398
398
402
401
411
405
409
402
398
400
399
403
399
405
402
409
406
396
397
396
398
399
407
402
409
401
406
404
399
396
396
399
403
406
402
406
404
404
398
398
396
399
405
402
410
401
407
401
398
396
395
400
400
405
399
406
404
399
396
396
397
396
400
395
405
403
405
402
396
392
394
396
396
398
395
404
402
400
399
394
393
394
396
396
397
396
404
399
404
400
396
394
393
394
394
402
393
405
395
400
398
394
392
392
392
394
398
397
403
395
402
401
395
395
391
392
395
398
394
400
395
401
400
396
395
391
390
391
396
396
398
396
402
397
406
402
397
394
392
396
394
396
394
400
397
405
401
399
396
394
394
395
399
398
401
395
407
400
403
399
397
394
392
394
396
400
397
404
397
401
397
394
391
392
392
395
399
395
401
396
400
400
393
394
390
391
393
396
394
396
396
402
401
398
395
391
392
391
396
393
396
392
404
397
400
398
394
390
390
388
391
396
394
397
392
396
393
396
391
390
388
388
389
392
395
392
396
395
400
397
399
396
391
391
393
395
394
398
396
408
401
408
404
398
397
396
400
402
403
404
410
407
402
398
396
400
400
405
398
407
403
406
399
397
396
394
398
394
398
399
403
398
401
399
394
392
391
392
390
393
394
398
393
398
393
398
395
391
388
386
388
387
392
387
392
389
396
391
394
391
389
385
385
385
383
385
386
389
386
388
384
394
389
395
391
395
391
389
386
385
385
384
388
389
393
389
395
387
395
394
396
396
390
388
387
387
387
389
388
395
389
395
389
396
394
396
393
391
387
386
387
385
389
391
396
394
397
393
399
397
396
393
392
390
389
392
391
396
393
401
394
397
397
395
392
392
390
391
396
395
397
394
402
396
404
398
395
393
393
396
396
402
398
407
401
404
402
399
396
395
397
398
404
401
407
405
401
396
396
396
394
399
395
404
399
404
401
402
393
394
391
391
393
392
398
395
401
395
398
394
390
389
388
389
391
396
390
397
387
399
397
395
392
389
388
386
391
392
394
390
392
393
398
396
395
394
389
388
388
391
389
392
391
397
393
400
395
398
393
392
387
387
389
389
395
392
397
392
397
396
394
392
388
388
389
394
390
395
391
396
391
399
397
396
394
390
389
388
388
387
391
392
394
390
396
391
396
396
392
390
386
386
385
390
390
388
389
394
392
401
396
401
398
393
389
389
390
389
392
391
393
393
401
396
400
398
396
392
391
392
394
398
394
400
396
401
399
397
394
390
390
390
393
391
393
391
399
394
397
395
396
390
389
387
388
390
388
392
390
396
391
399
393
397
393
389
386
386
385
385
390
389
393
387
393
390
397
393
395
396
389
387
386
386
384
390
390
391
388
391
387
397
393
393
390
386
385
385
383
382
385
387
389
386
389
385
393
390
391
391
391
387
386
383
382
383
381
387
386
388
384
389
387
395
388
394
390
391
388
385
384
384
384
383
390
389
390
386
393
390
396
395
392
392
387
386
385
386
384
389
389
392
389
396
390
396
396
393
391
387
387
389
392
392
393
393
399
396
400
398
395
391
392
393
392
396
396
402
399
400
399
396
392
394
392
391
397
395
400
398
405
399
401
394
393
392
389
396
394
397
393
399
395
402
397
394
391
390
391
392
396
390
397
395
401
395
398
394
391
389
387
389
391
394
391
396
390
398
393
401
396
393
389
387
390
388
392
390
392
391
396
393
398
395
396
393
390
388
390
389
389
390
390
395
389
396
389
396
394
392
390
388
386
385
388
386
390
387
392
390
394
390
396
389
395
396
393
392
387
385
388
387
387
389
388
394
390
395
389
395
393
394
392
387
386
386
387
386
389
389
394
389
397
393
395
392
389
386
385
385
386
391
390
393
386
396
390
396
392
395
394
389
388
389
387
386
390
392
395
391
397
389
396
395
394
391
389
390
390
391
391
396
396
398
392
403
396
404
401
396
395
392
394
396
397
395
401
400
406
399
403
398
396
394
393
397
393
399
397
405
396
403
401
396
395
393
394
396
397
396
397
395
403
399
397
394
391
391
389
393
389
395
393
397
391
396
790
396
393
390
387
387
385
388
389
393
388
393
386
396
393
396
394
391
387
385
387
383
389
386
391
386
394
386
396
387
396
394
391
388
388
385
385
388
385
388
386
391
391
391
389
395
388
394
395
392
394
389
386
388
386
384
388
389
394
388
394
389
396
394
394
393
389
388
387
389
386
389
387
393
391
393
385
397
393
397
395
390
388
388
392
391
395
391
401
396
400
398
396
392
390
392
393
397
396
403
396
401
399
394
391
391
393
391
396
396
401
396
397
397
395
391
390
389
390
394
391
395
388
398
394
398
395
390
388
389
389
388
394
390
399
396
399
396
396
392
392
391
389
393
393
397
397
403
401
399
396
392
392
394
398
395
399
397
404
402
401
397
393
394
395
397
393
399
400
405
402
396
396
394
394
394
400
396
401
396
402
400
396
396
392
390
390
394
392
396
390
396
393
400
396
396
396
393
391
390
389
388
392
394
396
392
397
389
396
396
391
389
387
386
385
391
389
393
391
394
391
396
396
396
395
388
388
390
390
388
392
391
397
396
400
398
398
397
393
390
392
393
391
395
392
398
394
396
395
396
393
390
389
388
389
391
396
392
396
389
398
393
399
395
394
391
387
389
388
392
389
392
391
396
393
398
395
394
390
389
387
386
389
387
394
390
396
388
394
390
396
393
389
389
385
386
387
389
388
391
387
395
392
396
396
394
395
390
391
390
393
392
396
391
398
394
401
399
396
392
392
391
390
393
393
397
391
400
395
400
396
393
392
388
389
390
393
390
393
391
400
395
396
395
392
391
389
389
389
394
391
393
390
398
396
398
398
393
392
390
389
390
393
392
394
394
401
396
400
397
396
393
391
391
389
396
395
396
392
401
396
397
395
391
390
390
394
392
396
391
399
394
401
397
398
393
393
390
390
394
391
397
395
399
396
396
396
393
390
389
390
392
397
394
398
393
399
397
394
391
388
389
390
394
390
395
393
399
394
397
396
393
389
389
388
387
394
392
393
386
396
390
397
394
391
390
387
388
387
390
389
392
389
396
391
395
391
396
392
390
388
386
388
387
392
389
395
391
396
389
397
393
397
394
390
389
388
390
388
391
777
393
397
393
399
398
393
391
388
388
388
394
393
395
388
399
393
401
398
396
392
388
392
391
395
391
396
395
401
398
399
396
391
390
392
394
392
395
391
398
394
398
395
396
392
391
389
386
389
392
394
388
394
389
397
393
396
393
389
387
386
385
384
388
390
393
387
394
388
393
390
392
390
386
384
383
383
381
384
386
388
385
387
383
392
387
392
385
389
388
386
384
383
381
382
382
381
382
381
384
387
387
384
388
380
391
385
390
384
388
388
383
383
382
381
381
384
380
385
383
385
387
389
384
392
383
391
384
393
391
389
387
385
382
384
384
389
385
386
391
388
395
391
396
391
393
391
387
385
385
383
383
387
385
387
384
390
385
391
384
389
387
391
386
390
390
388
388
386
387
385
385
386
391
387
391
387
396
391
396
395
392
388
390
386
386
389
393
395
390
396
391
399
397
396
393
388
390
391
395
392
396
393
399
397
396
392
392
390
388
393
395
397
395
400
395
399
394
390
394
391
397
393
397
394
395
389
388
388
387
392
393
394
391
398
390
397
396
395
392
389
390
389
395
394
396
391
400
395
404
401
398
394
393
396
394
398
395
401
399
406
401
403
399
396
395
394
397
396
401
397
405
403
403
401
397
396
395
398
398
403
400
404
400
403
396
396
395
393
397
397
404
399
405
401
399
396
395
394
394
401
396
400
396
403
397
396
394
391
391
391
396
394
397
392
401
396
402
399
392
391
392
392
392
394
394
401
396
400
397
396
392
390
389
388
393
394
396
391
400
395
399
396
391
391
389
394
394
397
392
399
395
404
401
396
393
394
396
396
798
408
403
402
402
396
396
395
399
395
403
398
405
402
400
397
395
393
395
397
395
397
398
402
403
399
396
393
392
393
397
396
398
395
402
398
401
397
393
391
389
392
389
396
392
397
391
395
394
396
393
388
386
386
385
383
388
385
389
387
391
387
395
386
394
392
390
388
387
386
384
387
386
391
387
391
389
396
394
396
392
395
391
387
387
386
388
391
392
389
393
389
398
395
396
394
393
389
387
389
387
392
393
393
390
398
393
398
396
393
392
387
390
389
394
393
395
390
397
391
401
398
395
392
389
392
391
398
393
399
396
405
399
401
396
395
395
394
399
398
404
398
407
406
406
400
401
400
400
405
406
413
408
406
400
398
401
399
407
401
411
407
407
400
399
400
399
403
401
410
407
407
400
397
398
395
401
398
406
401
407
404
398
396
396
398
396
399
399
408
402
403
401
396
397
393
396
396
402
397
404
399
402
401
394
394
394
395
392
396
397
404
399
402
398
399
395
393
394
393
398
396
403
395
398
398
396
392
390
389
386
392
393
393
387
391
390
397
392
393
391
389
385
384
384
383
387
384
387
385
389
389
393
388
392
388
393
391
387
386
384
385
383
384
382
389
387
389
384
392
387
395
391
390
388
387
383
383
384
386
391
386
390
386
396
392
394
392
389
385
386
386
384
388
388
391
388
393
388
394
393
391
393
388
387
385
386
385
389
392
393
390
396
392
396
393
388
388
385
389
389
392
388
392
390
396
396
395
392
388
389
387
777
535
640
390
399
396
396
392
392
388
386
391
393
396
390
399
393
396
396
390
389
387
388
390
394
391
394
391
398
394
397
395
393
390
388
388
386
393
391
392
387
396
392
395
391
396
391
387
388
386
387
387
391
387
391
388
394
389
396
389
395
394
389
388
386
387
387
391
388
391
390
394
391
396
390
395
395
390
388
386
385
386
386
384
389
390
391
387
394
386
392
392
391
386
385
384
384
384
384
389
387
390
386
391
390
396
391
394
390
393
390
388
385
385
386
387
392
390
391
388
392
391
396
395
394
393
387
387
389
387
386
390
388
393
393
397
392
397
396
396
392
392
390
391
395
393
395
393
399
395
401
398
397
395
392
392
390
395
391
396
395
399
392
397
397
396
393
392
389
390
392
388
391
390
396
391
397
389
396
395
392
391
388
385
387
388
386
390
390
394
390
395
390
396
395
392
391
387
386
388
387
386
390
387
392
392
396
387
392
387
395
392
389
386
387
383
383
383
381
388
385
388
384
391
386
392
388
390
387
390
388
384
386
382
382
384
383
380
383
384
391
386
389
383
394
388
395
391
390
389
387
386
384
385
384
388
391
391
387
392
390
396
393
395
392
389
388
387
388
386
390
388
394
389
392
393
398
393
397
394
391
391
388
389
391
391
390
393
392
395
390
397
389
395
395
395
393
391
388
387
390
387
392
389
394
391
394
387
396
390
396
395
393
391
389
387
389
389
387
391
391
394
396
396
393
397
396
398
396
394
393
393
399
396
400
396
403
401
396
394
393
396
394
398
395
399
397
403
402
396
396
391
392
394
396
394
396
393
402
397
399
396
393
393
389
394
391
396
394
401
394
398
395
395
393
390
389
386
390
391
393
392
393
391
398
393
397
395
393
390
387
387
385
388
389
393
389
394
386
396
391
396
393
389
387
386
387
385
390
386
392
390
394
391
393
391
393
389
386
386
384
388
391
392
389
394
390
396
395
392
389
385
387
386
388
386
391
391
395
389
393
388
395
392
389
386
385
388
385
388
385
392
389
394
388
395
391
392
390
387
386
386
389
385
391
386
394
389
396
389
392
392
387
386
385
383
384
388
386
389
386
393
386
392
389
392
388
386
385
383
385
383
310
458
396
388
391
389
392
390
394
391
388
387
385
328
439
396
390
391
387
395
392
398
394
390
389
388
387
387
390
392
393
387
396
390
398
394
390
388
390
389
389
394
391
396
394
396
394
395
392
390
390
390
396
396
400
396
400
396
396
393
391
390
390
396
394
396
392
401
398
398
396
391
392
392
396
394
398
396
402
398
398
394
392
392
391
395
393
398
396
401
401
398
395
393
394
392
398
398
400
397
401
398
399
395
393
392
393
397
396
399
396
402
400
394
394
390
395
396
398
394
402
396
401
397
392
391
391
396
395
398
391
399
396
399
398
396
393
390
391
392
397
392
400
393
398
397
394
394
390
391
391
393
392
395
393
399
393
397
395
391
391
388
389
391
395
393
396
389
398
396
396
394
388
388
390
389
389
392
394
396
392
396
393
396
392
390
386
387
389
388
392
388
395
384
395
391
396
394
389
389
385
386
385
388
385
390
389
392
385
393
388
393
391
388
386
386
383
383
382
384
386
384
388
387
390
384
390
384
394
389
390
386
386
383
383
385
386
390
386
390
387
394
391
394
392
390
388
387
386
384
393
390
394
387
395
390
398
394
392
386
389
389
386
390
389
395
390
398
389
395
396
391
392
388
387
388
393
390
394
392
396
395
400
395
393
393
391
395
392
396
394
400
396
401
396
399
396
393
392
390
395
394
398
393
400
395
402
398
395
390
391
388
391
392
387
392
395
400
396
398
395
397
397
393
390
390
389
388
392
388
395
391
396
388
392
393
392
389
386
385
385
385
386
392
389
391
385
394
388
395
392
391
391
388
384
384
385
382
388
389
391
389
394
390
396
392
396
394
391
388
388
388
388
392
389
391
389
396
393
396
395
395
389
389
388
387
390
388
396
392
398
388
395
394
392
388
387
386
386
392
389
392
387
394
392
396
392
395
391
390
386
385
387
386
395
389
395
387
394
388
396
392
387
387
385
386
387
392
390
391
388
393
389
396
393
393
392
388
386
387
387
384
387
388
389
388
394
389
395
388
393
391
390
387
385
386
385
387
390
390
388
391
389
395
391
396
389
393
389
387
386
384
386
387
389
388
390
387
394
389
395
388
395
391
389
388
386
386
387
389
387
392
391
396
392
395
393
394
390
389
389
386
394
392
395
390
397
392
399
397
395
393
391
391
391
392
395
397
395
398
396
399
400
398
396
391
391
392
395
394
396
394
400
397
399
397
393
391
392
393
391
395
395
397
395
400
396
400
397
396
393
391
393
395
396
393
396
394
400
396
398
395
393
389
389
392
394
397
394
400
393
398
397
392
390
389
390
392
395
391
394
391
399
394
397
396
394
391
387
388
387
393
393
395
388
396
390
397
395
392
388
388
388
387
389
386
391
391
392
389
396
391
395
395
395
393
390
390
388
389
388
390
389
396
391
400
390
396
395
390
390
386
388
388
390
388
392
390
396
390
395
391
395
390
389
387
386
387
387
391
388
390
390
396
390
395
390
395
393
389
387
386
388
389
393
390
395
391
399
394
396
396
394
390
389
389
387
395
393
395
391
399
396
398
398
392
391
391
393
390
394
394
401
396
397
396
395
392
389
390
390
396
394
397
395
402
402
398
396
394
395
394
398
394
403
398
406
402
404
397
397
396
394
404
400
400
401
410
406
403
398
396
397
402
403
399
407
400
405
397
396
394
392
399
398
399
396
404
400
401
396
390
393
390
392
394
397
394
397
391
397
396
396
392
391
389
390
391
390
396
396
398
396
402
396
399
395
394
391
389
395
395
397
391
397
394
401
397
394
389
392
388
387
391
395
396
391
397
392
398
395
391
388
388
387
385
389
389
394
390
395
389
395
393
394
391
386
384
385
384
381
386
388
389
384
388
385
393
387
391
386
390
386
383
383
382
383
381
386
385
387
383
389
387
393
387
392
388
395
387
388
382
385
387
384
389
385
392
390
394
388
394
393
392
391
386
385
385
386
384
390
389
392
386
394
387
396
391
390
387
388
385
385
385
389
390
388
391
387
394
390
393
391
389
386
385
383
383
389
388
390
384
391
385
393
387
394
390
390
386
385
384
384
387
387
390
386
393
389
395
389
392
392
391
389
385
387
385
389
388
392
387
396
392
396
393
395
393
390
386
387
387
388
393
389
393
388
396
393
396
395
391
388
389
387
386
390
390
396
392
397
390
396
396
392
389
389
388
386
392
393
393
391
397
390
396
396
388
388
387
386
390
395
394
396
393
398
397
396
392
391
391
390
395
394
400
395
398
396
396
393
391
392
389
392
394
397
392
398
394
400
396
396
396
391
391
391
393
391
396
395
400
391
396
394
396
393
391
389
389
392
389
396
391
398
394
398
394
398
394
391
389
388
390
394
396
392
395
395
400
398
397
391
391
392
390
396
392
398
397
403
396
399
398
395
394
392
392
391
399
396
398
393
399
402
393
394
389
388
390
392
390
393
389
396
392
396
391
394
392
390
387
386
386
386
390
390
392
389
395
392
396
390
395
392
392
388
387
388
384
386
386
390
385
392
387
394
387
394
389
394
389
388
388
385
387
389
392
388
393
390
395
392
394
394
386
388
388
386
383
389
391
393
388
396
389
398
394
393
391
388
388
389
390
388
392
392
396
392
396
393
398
394
391
389
388
393
389
395
391
399
393
400
394
397
394
391
390
388
392
393
397
392
398
390
398
396
393
391
387
389
389
394
394
394
388
396
389
396
396
392
390
389
386
389
389
388
390
391
395
392
396
390
396
395
390
390
386
387
388
389
388
392
391
397
389
395
390
396
391
389
388
385
390
391
393
389
395
393
398
392
396
394
395
392
390
389
387
392
394
396
390
395
391
400
394
396
391
393
391
387
393
391
398
396
400
392
397
396
391
390
388
388
389
393
389
393
388
396
392
395
390
394
390
388
386
384
384
385
389
386
389
384
389
387
394
387
392
389
390
387
384
385
382
385
387
390
387
389
386
395
389
395
392
390
389
388
389
389
392
393
395
391
397
394
400
396
400
397
395
392
392
396
394
398
394
401
397
402
400
396
394
394
395
395
398
401
404
400
406
401
403
398
396
396
393
397
396
399
395
403
396
403
399
398
394
394
392
392
396
394
401
396
400
399
396
393
393
391
389
393
393
397
393
399
392
396
396
393
391
388
387
389
390
389
392
389
395
391
397
389
395
395
391
391
387
385
388
387
385
389
388
392
388
395
387
392
390
395
393
391
387
389
385
385
385
384
390
388
390
386
393
390
396
389
394
391
393
391
390
388
387
387
389
394
389
396
391
398
396
399
396
396
391
390
390
388
396
394
396
392
396
393
397
397
395
391
390
390
392
396
392
396
396
397
396
397
396
390
389
388
393
391
394
395
396
389
396
395
399
398
396
394
390
390
389
390
390
396
392
396
395
397
397
394
397
396
397
395
401
402
407
400
407
405
404
401
397
398
399
407
403
401
404
405
406
401
397
394
398
399
402
402
404
403
399
396
394
391
388
394
388
397
398
402
394
398
395
394
391
389
386
386
394
391
392
392
398
391
396
393
393
392
391
392
388
391
391
395
391
398
396
400
395
395
394
392
389
388
391
393
393
391
395
393
399
398
395
393
388
388
389
390
393
392
391
399
396
400
398
396
390
389
388
390
396
394
400
395
399
401
396
392
391
395
397
398
392
401
399
404
403
399
395
393
393
394
398
396
398
398
401
400
399
396
394
394
393
397
395
399
397
403
396
398
399
396
395
392
393
391
394
396
398
400
402
399
402
403
397
394
393
395
395
399
396
400
394
403
399
399
393
392
393
391
394
394
396
392
399
398
402
395
399
396
393
395
390
396
395
398
395
398
397
403
401
399
396
393
394
392
396
393
398
396
401
395
399
397
394
394
391
392
392
396
393
396
394
400
395
399
397
396
392
391
391
389
394
396
397
392
397
395
400
399
395
395
390
392
391
396
393
396
396
402
396
400
398
396
394
392
392
394
399
396
396
394
402
402
403
396
396
393
393
397
392
399
396
405
397
400
398
396
395
392
393
391
396
392
396
396
401
396
399
396
400
395
392
392
389
395
394
391
393
396
398
403
400
400
396
395
393
392
394
393
398
396
401
396
396
398
396
393
392
392
391
397
396
398
392
400
397
399
397
393
392
392
394
393
399
396
401
395
400
402
397
394
393
391
390
398
396
404
399
404
398
401
396
394
394
390
396
398
400
394
400
397
400
397
394
393
392
395
393
396
395
401
397
400
397
398
394
392
392
393
398
394
397
396
402
398
399
398
393
393
394
396
393
400
396
403
397
401
402
399
397
396
397
397
405
402
407
402
406
401
397
397
396
406
405
408
402
406
404
403
400
398
404
406
409
405
407
407
402
400
398
402
401
408
404
408
403
404
400
398
398
396
404
398
404
401
405
402
403
399
398
396
395
397
396
402
399
404
396
404
402
398
396
395
395
396
398
397
401
396
405
400
407
404
400
397
399
401
401
407
403
412
407
411
408
404
401
400
407
406
410
405
412
411
405
403
400
403
406
409
404
412
410
406
400
399
400
403
406
405
411
408
407
402
399
402
398
404
398
409
405
409
406
400
399
399
401
399
406
403
408
405
401
400
398
400
398
405
399
409
402
406
404
401
398
396
397
401
403
401
404
401
409
406
401
398
400
399
398
403
402
409
400
405
404
402
399
397
398
402
406
401
410
402
410
404
400
400
398
407
404
410
404
413
406
403
401
401
409
405
412
406
412
406
402
402
399
409
406
411
404
410
408
405
401
401
405
404
410
408
414
412
412
405
406
407
408
413
413
421
419
411
411
408
413
415
415
415
421
415
410
407
407
412
410
417
411
422
413
409
408
411
415
412
419
418
411
408
406
413
414
420
412
416
413
410
408
409
416
415
422
418
409
409
410
419
417
422
420
413
412
413
420
420
428
424
417
415
413
422
419
424
420
415
413
410
418
412
423
420
415
408
409
416
411
417
414
418
408
406
405
408
413
411
415
413
408
405
401
405
405
412
408
412
409
404
402
400
404
405
405
400
409
406
407
403
399
399
396
401
402
406
402
407
403
407
400
398
398
396
401
401
405
395
400
405
407
403
398
398
396
400
402
402
397
405
400
408
404
400
398
398
399
399
402
400
407
401
404
404
400
398
396
402
399
399
396
409
404
409
400
400
397
398
403
404
405
400
408
405
408
402
399
399
399
408
404
410
404
409
402
400
400
399
407
403
408
405
415
408
404
799
411
405
406
404
412
411
406
403
403
406
403
408
406
415
412
409
404
403
404
405
408
404
414
410
412
405
401
403
404
408
404
412
407
417
411
405
405
406
412
406
415
410
415
411
409
407
405
415
408
414
416
419
412
408
408
405
414
413
420
415
412
408
405
406
404
410
408
415
410
413
406
403
403
401
406
403
409
407
412
409
401
398
398
400
398
404
401
409
402
406
400
400
397
396
401
403
403
400
409
406
407
403
399
397
396
402
400
407
405
410
405
406
402
400
402
403
409
408
415
410
408
406
401
405
407
415
411
415
409
410
405
403
406
411
413
408
414
413
407
404
400
406
407
412
411
418
413
408
403
405
412
408
414
411
418
411
406
406
409
416
411
420
418
412
409
407
414
414
418
415
422
416
409
409
415
419
416
424
420
413
410
412
419
415
422
420
414
410
408
418
413
422
417
419
413
410
415
419
424
419
422
416
413
414
422
425
420
424
416
414
415
417
424
421
422
418
411
415
420
423
420
423
417
413
413
416
422
419
424
418
410
413
415
419
416
422
416
411
409
410
418
415
421
415
414
407
406
413
413
420
415
417
409
407
408
410
413
412
417
415
410
407
406
412
409
415
413
415
411
409
408
409
416
412
420
416
411
406
406
412
411
416
411
419
412
407
406
404
413
412
418
413
415
409
405
408
407
414
411
417
412
405
403
404
411
406
412
409
410
404
401
402
406
408
406
414
410
408
404
400
401
404
408
404
410
406
413
407
401
401
398
406
406
409
404
411
410
405
405
401
405
409
412
408
412
411
407
404
400
405
407
411
405
408
408
404
401
399
400
404
406
401
407
403
407
403
397
397
396
401
398
402
399
408
401
403
401
400
396
396
400
403
404
399
406
402
406
400
396
396
397
399
398
402
400
408
402
406
403
401
398
398
402
401
407
402
408
403
405
401
396
397
396
402
402
403
398
406
403
407
406
400
399
399
399
400
405
404
409
403
406
407
402
400
400
401
403
406
399
408
403
409
407
401
399
399
402
401
408
404
411
406
410
404
402
402
400
409
405
411
404
413
409
404
402
400
406
406
409
405
412
411
405
402
402
406
406
412
410
417
411
406
405
403
412
409
416
409
414
407
404
405
408
414
411
417
411
411
405
403
407
411
413
410
414
413
408
404
402
409
407
414
412
417
409
406
405
403
409
408
417
414
415
408
406
408
407
414
408
417
416
410
405
406
408
405
410
408
416
414
410
407
407
407
405
411
411
416
411
415
408
405
406
407
414
411
417
414
412
405
407
412
410
415
410
418
413
408
409
409
416
414
416
415
413
411
408
415
412
421
418
417
408
408
411
412
419
414
417
411
409
409
407
414
411
419
416
410
406
407
413
410
415
413
411
407
404
409
413
416
414
420
417
413
411
410
416
417
423
422
415
412
413
416
414
419
414
418
413
420
415
411
417
416
421
420
416
420
423
425
430
427
433
427
428
417
424
423
424
424
425
428
433
436
427
427
428
434
434
432
430
432
434
431
438
433
432
438
438
441
444
452
453
455
461
471
469
466
471
478
476
471
465
464
467
468
480
478
473
459
461
472
479
478
483
492
504
518
519
511
507
508
512
515
523
527
517
521
524
530
523
523
532
542
529
542
551
531
549
551
536
530
526
536
531
527
530
544
563
562
568
582
577
566
565
565
573
574
573
557
549
552
552
577
588
576
591
611
622
605
600
609
589
581
590
575
574
581
578
572
579
576
569
568
566
559
549
555
560
573
571
572
595
591
594
579
582
577
579
571
563
569
577
575
571
581
595
614
607
622
629
615
606
604
609
616
628
612
624
625
622
614
630
656
664
659
656
653
642
646
640
635
627
640
645
652
668
661
657
661
659
644
633
630
628
624
633
654
701
737
734
1412
669
657
646
636
638
635
636
663
685
701
688
676
655
643
639
644
661
673
678
682
692
673
663
665
668
676
669
663
671
666
664
665
663
677
683
686
694
710
708
696
682
675
679
684
684
691
709
717
714
713
709
689
669
660
655
647
645
646
669
680
683
685
692
691
681
674
677
681
675
673
673
686
693
700
720
735
729
735
733
725
718
699
695
682
676
672
689
726
766
805
812
782
764
732
714
704
688
683
680
707
716
724
725
732
741
735
721
711
707
702
689
688
691
713
726
724
723
716
717
695
690
686
688
688
683
679
674
682
699
688
673
660
649
645
644
662
677
696
717
718
705
693
684
678
676
1335
658
639
637
640
643
675
802
838
828
759
749
730
713
696
690
681
679
675
677
673
655
678
669
666
660
659
660
661
672
679
696
702
690
699
687
679
670
666
669
671
682
699
703
703
694
688
674
660
656
649
646
639
639
632
648
669
696
779
736
751
724
710
681
662
651
652
642
639
632
636
654
667
704
746
732
750
736
726
710
701
683
681
664
661
654
660
667
677
690
695
705
704
704
707
699
694
699
686
680
676
675
671
677
666
670
666
662
655
652
644
644
637
634
646
658
674
687
686
695
696
686
667
662
655
641
636
637
629
626
625
632
637
645
656
654
651
637
639
633
627
640
640
637
637
671
697
735
771
775
748
716
693
680
674
675
671
681
677
679
679
696
715
714
714
712
715
701
694
688
686
703
741
771
797
790
769
755
734
717
706
692
692
704
722
744
774
790
774
771
754
736
722
703
698
685
685
694
732
751
808
855
839
791
780
763
749
735
717
719
735
768
786
808
776
776
781
761
742
726
714
713
707
744
759
762
761
784
812
795
771
751
735
732
737
756
771
843
859
842
819
799
788
751
737
738
742
768
785
799
791
783
804
823
883
877
830
796
773
759
744
750
745
767
770
786
780
761
757
765
755
746
729
728
726
732
744
771
827
821
822
818
776
792
820
843
843
825
820
832
827
853
854
884
892
901
876
820
803
782
800
805
833
848
879
890
888
877
846
810
783
771
763
780
800
847
874
856
867
850
823
788
787
774
766
780
804
817
813
826
822
811
808
819
787
781
765
759
789
821
907
873
938
890
834
817
791
777
763
789
516
1118
780
803
818
918
1024
1128
989
896
859
830
822
807
799
815
834
885
881
905
869
849
821
803
776
753
1511
768
821
802
796
803
815
798
799
780
780
755
756
730
715
706
702
700
689
690
683
677
677
688
678
676
679
670
665
662
654
653
660
670
687
694
708
734
768
771
759
742
729
707
701
702
688
681
720
799
852
856
817
817
790
766
753
744
759
800
842
939
955
905
889
861
830
811
811
825
833
856
848
845
822
842
830
825
850
843
844
822
879
897
905
849
845
847
826
824
815
817
812
845
890
1223
1184
1008
889
886
851
821
832
855
963
981
1071
1077
1000
951
893
879
886
929
989
967
975
972
917
900
853
826
791
799
782
776
804
842
860
844
859
849
853
806
795
775
759
752
760
785
843
855
867
875
853
853
834
820
793
781
779
790
830
826
834
828
845
842
850
849
841
840
837
860
837
863
902
894
891
879
869
811
805
786
788
794
812
828
841
857
861
877
881
838
839
834
830
821
803
799
812
802
813
810
803
805
798
788
777
780
778
770
778
771
856
820
789
765
735
738
729
739
764
795
848
834
856
933
866
873
836
804
797
780
791
800
796
814
824
858
883
876
869
874
827
806
793
795
811
866
926
875
884
866
853
844
835
840
833
816
829
858
907
927
936
898
866
856
842
819
848
870
910
982
976
960
925
888
863
840
858
868
915
893
899
885
841
813
797
772
784
795
808
829
868
919
951
898
875
834
800
783
777
784
814
828
895
944
926
919
899
880
852
819
828
836
829
857
888
922
888
932
938
923
889
876
881
871
893
921
955
888
854
811
797
806
840
853
838
816
780
765
742
739
743
780
1120
1073
1069
1001
991
929
878
876
846
813
812
812
823
877
964
1032
1015
1003
897
850
833
818
784
791
780
782
829
928
993
938
889
869
856
869
898
903
948
946
1091
1119
1052
1034
1048
977
945
999
1054
917
903
890
893
906
985
1043
993
943
920
936
929
918
943
987
899
908
897
854
862
860
899
929
914
898
938
921
884
940
966
926
939
935
901
868
855
868
847
868
861
828
842
813
805
793
799
789
808
787
813
818
821
825
817
824
799
806
811
807
826
835
828
833
847
880
864
904
904
843
838
826
835
819
834
830
846
814
837
843
846
855
863
923
865
913
894
881
857
851
871
862
890
885
893
860
858
856
892
855
892
881
871
931
973
1095
1024
958
895
896
894
876
910
852
822
850
872
888
916
872
855
855
849
907
945
947
1009
1096
971
996
923
922
910
955
935
956
953
919
902
895
867
876
858
862
858
823
819
829
846
882
879
827
821
807
815
813
846
900
934
912
956
915
933
934
909
896
914
956
930
971
589
1222
812
803
790
864
1022
1100
1087
951
918
898
872
862
833
813
792
775
766
755
749
743
782
820
847
853
863
885
908
953
967
900
894
887
893
902
842
854
862
912
991
908
922
935
902
873
853
838
865
882
889
925
890
893
891
926
906
884
907
922
854
867
876
848
868
849
845
968
951
939
924
888
855
867
866
881
936
954
1018
966
942
929
925
878
898
920
973
891
910
885
884
839
852
831
856
848
857
874
916
939
938
954
941
875
875
926
957
950
962
985
1013
967
939
917
914
906
909
878
879
897
936
964
983
969
871
853
830
804
808
798
816
850
854
911
990
1024
933
925
912
860
833
825
830
880
868
903
918
1002
981
1020
962
944
911
901
879
911
947
1025
987
987
960
906
913
929
965
890
891
879
896
885
943
979
990
901
887
890
885
885
864
880
887
895
869
874
858
849
824
815
818
800
814
813
814
772
798
809
778
780
795
801
791
770
767
748
750
761
795
860
1071
1057
1004
977
921
885
870
854
853
872
914
943
890
861
867
893
872
867
842
859
837
836
826
839
851
901
935
929
928
956
996
952
974
975
940
1019
1011
961
973
949
945
873
919
962
1007
907
915
910
871
895
888
919
890
902
905
890
862
865
862
854
893
854
836
899
891
871
901
902
886
872
865
865
852
872
882
959
946
953
962
953
880
889
918
869
839
854
889
926
935
985
1004
920
910
896
897
863
869
871
905
902
925
945
984
950
958
955
892
907
889
848
865
885
953
928
957
959
887
881
847
814
826
505
1151
780
799
843
1205
1552
1373
1110
1006
966
915
908
889
876
851
889
924
1065
1001
1015
971
915
890
885
887
975
1057
983
906
911
911
929
925
939
886
841
855
885
953
1028
1203
1231
975
933
893
852
888
901
948
1063
1320
1022
941
882
862
827
834
803
796
837
813
797
780
756
753
759
733
729
722
717
710
708
700
711
749
782
810
861
924
931
996
991
970
893
868
839
831
842
871
985
960
950
940
934
870
868
847
840
807
809
825
854
852
871
876
892
881
889
843
823
808
809
821
986
1015
1046
1076
1007
960
924
883
885
895
971
1033
1010
980
996
1045
972
939
989
1000
908
938
988
938
994
964
909
934
958
1042
903
880
890
880
929
1063
1025
973
933
923
863
869
873
851
876
950
1057
960
988
992
917
922
882
851
873
865
881
878
910
936
886
910
906
860
875
857
844
861
847
822
809
816
823
822
874
904
926
877
870
828
825
833
846
880
975
968
940
924
899
872
836
856
870
990
1044
949
927
876
840
856
858
846
881
902
968
922
926
923
915
902
944
938
895
942
938
959
865
879
868
858
830
864
866
896
826
814
788
773
803
871
834
846
854
860
833
846
853
860
867
864
898
927
951
920
908
904
855
871
865
864
901
931
945
937
970
957
886
881
867
847
875
868
863
864
889
888
906
880
871
854
826
816
813
812
847
876
847
863
880
861
877
854
831
806
804
816
877
958
988
1026
986
1002
936
889
919
910
949
886
903
903
943
914
932
908
918
854
857
869
902
886
918
919
873
854
851
858
865
853
874
875
879
863
902
914
964
914
901
897
858
870
870
883
859
859
863
862
865
820
813
785
779
759
760
740
727
721
715
710
722
739
741
738
745
755
801
848
864
833
835
842
861
854
831
820
804
830
823
820
822
849
908
852
844
822
801
775
493
1039
738
729
739
749
782
1081
983
934
893
967
897
848
833
826
815
796
788
774
783
794
824
868
940
951
920
968
936
884
903
896
865
841
862
908
957
908
916
895
842
814
803
790
805
820
823
846
892
907
869
888
885
865
824
822
813
812
826
899
1141
1198
1058
1028
995
908
895
873
871
872
931
1125
1039
1065
1147
978
955
918
863
853
867
909
930
1011
1145
995
945
932
897
879
898
938
987
952
1011
1038
912
891
884
937
904
928
912
884
864
893
927
912
938
955
976
875
928
871
825
821
808
809
792
825
820
499
1117
792
779
758
771
769
538
259
827
825
857
921
926
902
911
913
927
922
962
991
1002
920
910
934
910
890
899
898
854
843
847
826
808
786
779
761
749
732
732
714
704
688
682
671
663
647
649
647
641
654
683
673
684
684
684
720
728
757
694
697
692
676
665
676
678
703
669
676
671
663
655
656
654
667
688
731
723
694
703
704
704
725
681
684
681
664
665
658
688
698
705
693
729
704
734
814
802
838
895
860
827
753
788
731
704
684
684
673
681
654
668
668
673
691
675
695
688
676
666
647
638
626
612
605
593
580
575
570
563
559
573
566
574
610
676
1046
981
909
1021
1046
983
856
807
777
765
799
838
828
797
792
797
819
797
795
819
854
859
872
887
909
896
834
858
869
893
895
895
912
916
855
838
857
938
953
966
1134
1120
849
840
804
806
896
876
866
915
940
894
951
979
905
894
916
920
894
926
961
952
958
1504
1120
992
1014
1054
1068
1492
1063
1041
1068
962
984
1050
1078
1037
1135
1254
1077
1136
1188
1108
1272
1119
1015
1066
1060
1016
1091
1067
930
966
1018
965
980
1004
977
973
972
958
927
944
1047
963
969
952
922
875
882
883
878
885
985
1085
1142
1089
1096
1067
1035
964
880
887
926
1042
549
1309
917
889
870
917
1466
1136
1202
1188
1031
1059
1006
941
950
968
937
955
994
1015
974
1070
1047
947
959
983
998
994
999
1001
940
969
915
861
896
920
944
931
923
936
898
910
916
872
857
841
850
851
834
851
858
879
848
855
847
854
847
870
872
894
851
881
868
878
859
887
902
927
878
898
927
900
920
954
893
849
851
856
916
913
1004
1104
978
972
912
863
870
881
881
871
911
918
876
868
864
892
860
866
852
853
838
850
868
855
856
876
865
861
900
921
913
890
903
910
879
877
891
906
889
859
876
979
996
948
945
938
877
923
897
865
895
877
932
877
890
917
1001
909
919
884
838
827
822
844
859
901
909
883
814
1597
767
742
723
719
706
697
693
695
706
713
743
768
757
761
752
756
753
751
1550
755
791
817
962
1237
1188
1208
1025
979
995
946
925
886
891
885
850
848
841
879
933
1032
990
906
906
900
876
890
875
849
819
820
831
883
867
906
900
868
898
890
915
900
905
951
934
998
974
948
939
950
881
888
906
925
923
926
921
882
878
864
840
845
865
950
959
997
998
966
992
963
862
867
878
962
1015
1182
1133
1054
1076
1002
1002
965
925
946
986
988
969
1025
1027
948
943
935
880
913
947
935
937
906
849
835
816
813
835
842
926
947
895
926
940
939
885
899
916
888
923
939
940
981
1015
933
943
913
864
878
898
885
839
829
801
781
771
764
767
765
790
871
854
858
835
824
841
878
966
974
959
935
1029
923
912
947
1003
947
1038
1060
974
1007
1002
948
924
935
946
901
915
989
1063
1006
1015
999
957
931
938
917
929
947
968
907
915
955
936
922
990
1108
1039
1082
1109
955
977
991
918
946
961
986
951
946
893
862
886
911
910
932
927
895
885
841
814
782
776
747
742
773
789
764
749
781
749
731
718
706
693
691
684
683
677
673
669
670
683
706
722
736
462
1063
734
742
771
862
866
839
869
975
997
1021
1010
955
877
831
804
778
763
749
759
777
869
1310
1150
1112
1108
972
981
988
916
965
1152
1195
1046
1082
1007
928
927
957
910
927
898
840
833
820
843
887
964
926
866
832
813
800
801
831
809
817
822
830
814
812
836
861
947
904
973
1011
1024
933
979
1034
975
988
928
861
893
957
1182
988
989
934
881
869
860
828
832
822
833
821
831
816
828
821
828
832
853
829
824
806
800
781
788
769
770
784
814
834
916
895
937
877
855
823
816
796
787
776
776
772
822
850
852
862
912
909
951
976
893
875
857
823
813
800
821
857
858
958
1047
1009
1044
1016
933
922
911
875
878
882
900
831
821
783
769
750
750
749
765
767
771
773
759
749
765
738
715
698
707
687
688
752
884
885
852
822
838
994
1103
1207
1309
1313
1268
1306
1297
1133
916
998
1226
1418
1269
1104
1047
964
909
889
835
817
806
826
883
879
862
893
910
904
849
847
830
818
797
795
775
760
742
746
757
761
771
817
968
1008
989
1008
948
897
883
872
857
911
952
984
986
1001
939
951
926
871
866
835
825
797
799
788
817
812
833
823
818
802
800
801
836
823
838
873
919
945
957
962
949
978
979
934
911
903
930
940
950
940
965
951
903
885
870
828
820
823
862
859
890
926
938
905
891
866
827
828
813
815
804
830
842
901
889
923
903
855
851
833
817
807
830
881
906
863
899
859
811
804
781
782
781
793
813
853
880
905
896
964
950
907
861
875
911
948
933
967
906
854
838
845
885
835
831
815
813
784
777
763
761
789
793
784
793
795
779
760
748
725
719
780
896
845
897
965
945
879
873
857
819
809
796
790
788
813
866
1003
1013
1055
1058
947
960
901
853
857
874
900
944
1099
1011
1021
1006
962
942
951
945
887
893
959
955
956
950
919
875
873
900
866
858
885
933
934
951
958
920
870
886
911
939
922
979
1025
966
984
1001
978
929
979
1013
1040
1058
998
941
887
896
908
897
864
892
940
899
889
889
871
868
872
889
878
885
926
858
840
831
828
793
773
772
770
785
778
788
783
806
810
807
821
825
819
804
789
780
458
1087
777
813
935
1367
1539
1323
1267
1011
974
962
910
836
829
828
832
854
919
1211
1037
998
906
849
859
880
921
870
892
898
858
880
881
892
907
1047
1223
1096
1149
1201
1121
1109
978
988
987
945
962
989
975
901
912
882
850
832
812
835
839
850
862
828
827
821
843
873
893
893
888
900
938
979
985
1042
1022
953
925
885
875
848
861
894
858
898
967
963
928
926
859
825
823
839
812
853
871
875
830
838
860
834
807
803
790
793
772
771
758
756
758
758
749
741
743
759
758
770
762
758
761
772
759
774
779
781
779
813
828
860
832
853
851
853
828
846
832
833
896
984
998
1102
1046
951
893
833
798
776
768
798
1304
1028
1021
1044
953
986
929
882
877
857
869
845
898
936
932
924
954
943
849
840
801
786
760
769
749
748
759
886
968
867
890
894
832
832
816
820
805
841
863
926
944
1014
943
917
879
836
807
803
797
778
764
754
770
762
814
930
893
891
846
835
820
803
780
766
757
763
810
872
1054
1188
1083
1059
1076
987
982
952
905
922
922
917
976
991
920
920
887
848
848
832
842
849
850
859
834
825
823
820
815
800
819
820
813
835
844
849
827
837
836
822
831
815
809
797
785
762
750
758
748
757
759
764
758
760
748
747
735
734
734
746
782
853
903
969
959
978
991
938
926
894
853
849
865
861
851
910
1026
963
948
941
926
877
919
951
954
965
1096
1070
1071
1044
887
884
863
894
847
873
933
947
961
1015
993
953
1050
1073
997
1038
1071
1064
992
1121
1074
1024
1106
1120
1074
1070
972
917
927
944
887
896
909
849
833
810
809
823
836
910
885
830
809
788
786
848
884
893
842
835
810
794
776
770
756
757
760
747
749
748
746
759
777
777
792
803
821
882
886
865
871
885
896
878
845
882
866
846
854
823
816
782
779
771
742
727
723
713
697
682
682
671
669
668
666
654
660
670
683
685
715
815
1167
1069
1195
1123
1035
1064
1092
990
963
889
866
881
953
1031
884
906
905
907
889
870
893
929
994
912
953
969
902
934
979
1098
1099
1204
1040
981
967
951
960
1001
1006
997
1037
920
865
826
798
777
781
809
815
799
773
787
813
841
843
862
882
882
842
842
850
887
941
987
1069
1109
1068
1053
952
929
884
842
859
908
979
939
1010
974
925
924
906
858
856
858
897
884
936
973
873
869
865
866
851
852
856
877
843
829
800
783
794
799
781
791
802
818
811
871
973
1008
961
1013
1019
963
953
992
1014
988
1027
1008
938
950
897
841
829
829
862
873
854
860
854
848
817
819
818
851
892
871
902
923
971
949
998
991
938
924
872
841
844
863
990
912
930
933
900
884
869
863
851
888
903
855
845
831
854
839
845
847
868
848
875
904
904
884
889
867
838
845
846
842
824
846
864
904
862
855
834
815
794
793
778
779
804
801
777
779
779
821
870
838
837
837
811
809
819
829
811
810
774
778
822
859
829
838
861
871
866
854
868
838
854
894
937
933
956
971
903
940
929
891
864
871
893
849
874
891
892
901
922
945
866
852
857
912
894
918
983
1023
934
958
958
918
945
967
961
969
1029
941
954
997
1146
1034
1017
952
896
895
907
896
944
1055
910
881
885
873
852
882
840
819
809
794
800
790
799
784
771
768
759
752
736
723
708
698
679
662
651
646
644
648
668
703
732
753
987
1119
1234
1154
950
994
973
987
1042
926
973
1151
1354
987
957
985
1012
927
997
1061
938
1082
1127
978
1020
1066
897
871
838
959
852
850
833
829
1017
968
890
960
1002
970
949
1055
1189
1081
1185
1157
1019
1046
1009
942
958
1031
1190
948
893
895
916
869
857
887
1064
993
1047
1013
920
924
922
860
835
847
900
995
897
887
924
953
872
896
885
851
832
845
860
888
862
877
938
929
995
1034
955
986
1050
985
1001
1006
953
932
912
918
855
871
881
861
834
841
834
829
813
481
1144
807
822
852
920
1070
942
876
840
814
798
817
822
830
829
822
826
816
805
788
793
813
844
934
924
993
941
890
858
859
872
875
872
880
836
863
851
860
899
954
948
990
1001
946
887
873
881
857
872
876
898
838
818
813
809
808
799
789
789
786
795
831
867
843
808
811
819
852
871
868
854
860
869
873
889
938
1029
951
952
918
889
918
928
908
894
890
911
855
877
856
854
833
838
843
833
828
830
809
785
776
767
755
768
769
796
833
866
863
815
797
785
768
761
780
854
855
932
975
954
965
987
909
929
950
891
939
1044
991
967
959
896
862
872
873
867
853
864
897
888
836
838
836
867
900
990
1036
917
958
928
898
897
897
897
893
912
988
944
996
1032
962
983
1025
925
879
898
1000
973
970
947
912
901
902
884
834
847
848
844
883
936
1071
1076
1099
1106
1005
992
963
893
858
819
789
779
756
754
770
820
916
880
942
910
847
822
810
794
788
788
804
855
891
984
957
921
1008
1022
931
936
922
954
877
861
841
859
884
878
849
836
797
763
738
727
721
699
688
685
719
739
757
771
902
976
996
950
862
888