881
806
734
703
709
865
1025
1044
1013
977
953
929
880
897
935
928
854
805
707
694
705
687
687
730
724
707
732
736
683
700
702
691
669
644
627
628
646
688
712
717
725
746
775
865
901
913
890
840
806
780
780
774
771
759
762
740
710
684
672
690
763
846
888
874
834
829
824
815
801
809
819
817
801
783
781
764
723
702
701
719
757
711
729
723
717
737
745
727
700
664
659
688
715
720
720
732
744
744
787
812
810
794
778
741
693
648
617
619
665
763
833
834
824
845
808
757
705
708
706
701
680
639
627
598
593
578
558
555
540
548
539
524
528
523
516
514
508
506
508
501
497
494
497
482
482
483
476
473
474
474
470
460
460
463
459
447
446
449
449
448
440
438
438
440
437
438
432
438
436
438
437
438
434
437
442
448
449
447
440
446
449
451
450
442
446
449
453
453
446
449
450
450
453
443
451
452
451
451
447
452
457
455
447
448
453
454
453
451
456
453
457
447
446
449
448
450
440
443
447
443
445
441
450
458
458
453
464
472
474
463
464
472
468
462
463
468
467
459
460
466
465
457
458
457
461
450
452
455
451
447
450
454
455
452
450
454
458
460
449
453
455
455
456
448
455
459
458
450
453
455
457
457
450
452
451
453
441
443
446
450
452
444
445
449
447
450
447
453
464
466
462
464
461
459
448
455
455
452
444
448
449
450
448
441
442
446
443
443
438
438
439
443
441
436
439
440
438
441
432
438
436
438
436
433
427
430
433
434
434
433
427
427
429
435
429
429
425
426
432
433
432
429
429
432
435
438
436
426
429
428
430
428
426
421
425
427
430
431
435
432
438
447
454
452
443
451
453
455
443
447
448
445
443
437
440
440
436
438
428
432
432
430
430
427
420
424
422
424
421
423
417
414
415
415
420
419
422
420
418
416
419
422
429
434
434
429
430
431
435
437
437
432
429
428
432
432
431
421
423
422
426
427
425
428
424
424
424
429
427
430
425
422
423
426
428
426
426
419
423
424
421
423
420
415
413
417
418
419
421
421
421
417
421
426
426
430
429
428
423
424
426
427
428
425
417
421
422
422
422
420
421
415
412
415
415
416
418
417
420
416
419
420
422
426
429
428
423
426
429
427
428
427
423
422
424
429
423
424
415
417
417
418
421
416
418
410
414
416
416
422
416
417
415
415
420
421
422
419
415
414
417
417
415
414
418
410
406
410
411
409
411
410
411
407
405
407
409
412
410
411
413
408
407
407
411
410
413
409
412
408
406
407
410
413
413
411
413
406
410
409
413
413
416
410
412
404
408
407
409
411
409
408
405
401
406
405
406
407
406
407
405
400
400
403
403
404
405
403
404
404
401
397
396
397
399
400
401
398
398
398
396
396
396
398
400
400
400
401
402
403
399
397
400
399
402
402
403
399
397
397
392
394
394
395
396
395
394
394
394
394
394
393
387
386
389
389
389
392
394
391
394
394
396
393
392
394
396
395
397
402
399
396
392
395
393
394
395
396
396
396
393
393
386
386
389
389
388
390
391
389
390
390
388
391
385
384
387
388
387
387
391
385
391
385
388
385
382
381
382
380
381
381
380
380
382
381
382
382
380
382
381
383
381
383
382
383
379
378
379
380
383
381
381
380
379
380
382
380
382
382
381
379
380
379
379
377
378
379
380
380
380
381
384
385
386
386
386
388
384
388
382
387
384
383
380
380
379
380
381
382
381
383
383
382
383
382
380
380
380
378
377
377
377
376
377
374
378
379
380
380
382
383
383
384
385
384
387
384
383
382
382
383
384
383
383
386
388
380
383
384
385
383
377
377
378
378
381
378
378
379
382
383
379
380
378
379
380
378
381
382
385
384
386
383
382
382
381
379
379
373
377
378
378
379
380
381
378
378
381
380
380
378
376
372
373
375
374
374
375
375
376
377
378
376
373
374
374
371
372
371
370
368
369
368
369
368
368
368
369
371
372
373
372
375
373
376
376
378
374
377
375
376
376
376
375
371
371
371
373
373
374
372
375
374
377
376
377
374
373
373
371
370
369
368
370
365
370
371
373
371
373
374
374
379
376
377
377
376
376
376
373
372
372
372
369
373
371
373
375
374
374
373
375
371
372
372
371
370
367
364
366
366
367
363
367
368
368
367
368
366
368
370
370
369
369
367
365
370
370
367
365
365
367
368
368
368
368
368
371
368
371
368
370
368
369
367
367
367
367
362
364
366
366
367
367
369
368
371
367
366
368
368
369
367
365
362
363
352
373
360
361
361
362
360
360
359
359
360
361
359
359
358
357
357
357
356
355
357
357
358
356
359
357
357
354
355
355
356
359
356
355
357
356
357
357
355
354
357
356
356
356
352
354
354
354
356
354
355
354
352
354
354
354
353
354
353
351
354
353
354
352
354
354
354
354
354
354
355
354
354
354
355
354
354
355
357
354
353
354
354
354
356
354
353
353
354
355
356
354
354
354
356
356
357
356
356
357
355
357
356
355
354
356
355
357
355
356
355
354
353
352
354
353
352
353
354
351
350
354
352
352
351
349
352
354
352
351
354
354
352
353
352
350
354
354
354
354
351
353
353
352
352
352
351
353
351
352
350
352
351
352
351
350
352
351
351
351
350
351
352
351
354
354
350
697
350
350
349
348
350
349
348
347
347
345
350
347
344
346
346
347
346
346
343
346
344
344
347
343
343
343
342
345
347
344
343
344
343
346
348
345
343
344
343
347
348
347
345
344
344
347
349
346
345
344
344
348
349
346
345
345
345
349
349
349
347
345
347
345
349
348
349
346
345
345
348
347
348
345
347
345
346
348
308
385
351
344
348
347
349
348
349
348
348
348
349
349
348
346
348
350
348
348
349
349
349
347
347
348
347
345
348
346
349
346
348
345
346
346
344
343
346
348
344
344
344
344
345
343
344
343
346
344
347
344
341
347
344
345
344
345
345
345
343
344
343
343
346
345
257
414
349
341
344
344
341
342
342
342
346
341
344
342
343
343
342
343
342
342
343
343
342
343
343
342
341
339
342
342
342
341
341
339
340
339
342
341
340
338
339
339
339
342
341
341
341
340
338
341
344
340
1012
348
345
341
338
340
338
341
343
339
676
338
339
340
338
1008
346
342
337
336
337
335
340
340
338
1000
344
340
336
334
336
333
338
338
335
667
334
337
338
334
335
335
333
338
336
336
334
336
332
336
337
334
335
336
334
337
335
338
336
336
335
336
334
338
336
338
335
337
335
338
336
338
336
338
336
338
337
338
337
339
337
338
338
337
336
339
338
338
338
337
334
339
339
337
338
336
334
340
340
335
335
334
329
338
336
340
336
335
332
336
339
334
335
333
337
338
335
334
333
335
338
334
333
335
334
334
336
333
333
334
331
335
333
335
331
321
348
333
331
333
333
339
331
333
332
333
332
335
332
333
332
333
336
332
333
331
333
335
332
332
331
333
335
333
334
333
335
332
334
335
334
333
333
332
334
333
333
332
332
333
333
332
331
333
332
332
333
333
330
333
331
332
331
331
331
331
332
331
331
330
333
330
332
331
333
332
331
332
333
332
332
330
332
332
330
330
333
332
329
330
332
331
332
330
331
330
332
332
330
331
331
331
328
330
331
332
644
335
327
330
329
327
328
328
326
328
327
328
327
328
326
326
327
328
325
326
326
329
325
324
324
326
326
325
324
325
325
319
330
327
966
329
332
314
336
325
326
326
326
328
326
328
324
328
327
327
327
325
325
327
328
328
325
328
327
327
328
327
328
328
326
329
328
327
327
326
329
327
327
325
329
327
326
325
329
325
327
327
327
326
326
327
326
326
327
327
324
326
326
326
322
327
325
325
322
326
324
325
323
325
322
323
323
325
323
323
323
324
322
322
324
322
320
323
320
323
322
323
319
324
323
323
319
326
324
323
322
325
324
325
322
326
323
325
324
324
324
325
323
325
324
325
325
324
324
324
324
325
325
325
324
326
325
324
323
325
324
323
323
324
325
323
324
325
323
324
324
325
323
324
325
323
323
325
325
322
322
325
324
322
321
325
324
321
322
323
323
321
323
321
321
322
323
320
321
324
320
318
322
320
321
318
321
318
322
319
321
317
324
320
321
318
325
320
322
320
326
322
323
318
327
322
323
320
326
322
324
320
326
325
326
322
326
325
324
322
327
325
326
322
328
326
325
322
329
325
326
321
329
324
326
321
329
324
325
321
328
323
325
320
328
323
325
320
328
323
324
319
328
323
324
320
328
322
325
319
327
322
325
322
326
323
324
319
327
322
323
319
326
322
323
320
326
321
323
319
325
321
322
319
325
320
323
318
326
320
322
318
325
320
322
319
325
319
321
319
325
321
322
319
323
320
321
318
324
319
321
318
324
319
321
319
324
319
323
318
324
318
323
319
324
318
324
319
323
318
323
319
324
317
323
319
325
319
322
320
323
318
321
319
323
318
322
319
323
320
321
319
322
318
322
319
323
319
321
317
323
318
320
317
323
318
320
315
324
316
320
316
323
317
321
316
320
318
321
316
320
317
321
316
319
318
319
318
320
315
320
319
317
317
320
321
316
319
320
320
318
317
322
318
319
318
320
318
322
319
320
320
318
267
374
317
322
316
320
316
318
317
317
322
316
320
319
319
314
316
318
319
314
318
322
320
320
319
321
321
324
319
324
324
326
323
324
327
322
326
323
326
325
324
323
326
327
324
326
325
326
326
324
328
324
325
322
325
323
324
327
324
327
328
328
326
322
325
327
327
323
327
329
327
328
326
327
330
328
334
329
335
338
336
338
335
339
341
341
341
342
344
342
343
346
346
342
346
346
351
346
345
344
346
343
345
341
345
348
346
348
345
350
352
352
352
354
357
355
358
358
360
359
363
360
361
358
363
362
361
364
361
367
366
370
364
364
360
361
360
363
363
363
364
365
366
367
367
368
372
371
373
374
372
373
373
373
373
374
372
374
376
374