1109
1291
1415
1289
1215
1171
1261
1327
1210
1198
1144
1207
1246
1332
1317
1146
1086
1124
1397
1428
1330
1168
1180
1256
1274
1252
1202
1183
1232
1317
1352
1261
1144
1215
1303
1378
1222
1260
1338
1171
1211
1301
1328
1179
1260
1369
1232
1126
1217
1267
1251
1229
1280
1295
1170
1120
1225
1305
1234
1153
1207
1206
1158
1100
1145
1293
1324
1185
1129
1198
1243
1254
1164
1164
1234
1226
1126
1123
1232
1251
1225
1214
1291
1229
1099
1186
1250
1265
1145
1210
1311
1320
1095
1035
1024
1050
1017
1090
1288
1253
1177
1082