804
795
807
812
802
800
781
780
769
766
748
743
750
765
780
781
786
785
777
751
736
737
731
738
739
733
728
728
721
727
771
789
786
788
785
787
758
756
754
759
753
756
732
715
704
695
707
732
763
761
770
755
787
813
825
834
814
789
761
741
730
725
717
716
709
696
695
699
718
749
801
824
852
865
883
917
897
844
794
782
773
801
818
827
841
837
835
844
862
865
844
822
819
825
846
879
864
847
824
815
839
838
860
856
820
788
773
771
775
769
771
783
799
817
838
812
813
818
832
863
834
812
792
783
770
757
744
747
753
784
811
822
830
819
820
830
818
785
767
748
740
746
756
747
751
768
843
901
895
856
847
850