1099
1073
1062
1014
1041
1017
1065
1086
1121
1126
1067
1056
1071
1200
1239
1136
1232
1249
1099
1115
1099
1029
1052
1091
1125
1058
1127
1138
1062
1078
1139
1105
1077
1212
1178
1104
1111
1179
1099
1156
1058
1057
1182
1084
1091
1166
1210
1106
1186
1186
1139
1091
1090
1104
1034
1035
1106
1104
1049
1081
1191
1140
1049
1067
1110
1057
1049
1080
1077
1008
1064
1100
1021
1069
1097
1049
1035
1122
1117
1063
1081
1118
1076
1129
1163
1141
1131
1123
1104
1056
1106
1121
1071
1066
1163
1139
1054
1114
1117
1084
1187
1183
1115
1100
1130
1024
1038
1060
1060
1015
1148
1186
1125
1050
1000
956
990
1059
1100
1087
1104
1127
1030
1007
1015
978
957
972
1048
1102
1032
1048
1042
1003
1000
1024
1022
1012
1024
1123
1155
1085
1136
1188
1164
1064
1143
1078
1008
1065
1510
1281
1244
1279
1250
1198
1271
1197
1136
1224
1231
1101
1138
1123
1045
1091
1191
1095
1058
1166
1168
1088
1069
1057
992
972
1016
1123
1136
1104
1123
1088
1000
1030
1100
1132
1082
1159
1136
1084
1116
1103
1063
1092
1057
1054
1053
1103
1071
1070
1115
1078
1067
1078
1078
1073
1114
1129
1084
1138
1196
1139
1031
1078
1084
1059
1095
1175
1158
1093