613
634
674
847
851
758
733
707
668
651
665
661
669
698
790
834
781
735
692
666
652
641
631
601
617
611
638
688
692
658
643
647
639
638
584
624
608
611
614
621
626
646
652
670
680
696
681
647
665
652
662
666
691
693
668
657
645
637
624
638
657
664
706
715
700
676
659
663
674
661
663
674
712
694
698
691
699
692
673
703
718
753
769
724
690
681
671
657
618
643
625
594
618
605
628
670
702
678
664
691
739
758
720
709
705
691
683
632
629
617
643
627
612
623
642
642
662
652
657
623
660
692
714
711
696
737
769
841
804
736
701
688
675
660
614
648
627
604
593
629
587
641
642
648
636
625
628
591
604
1220
703
722
760
707
694
683
675
635
665
649
614
606
627
585
609
623
614
619
618
622
590
629
590
583
581
604
595
642
706
679
664
695
736
732
688
665
653
634
630
624
641
655
661
668
661
658
662
665
670
666
664
658
665
681
688
693
685
690
682
708
712
698
678
670
663
651
651
655
665
679
670
688
711
721
711
708
705
700
699
687
683
700
740
732
760
758
772
765
727
716
741
768
779
765
726
704
693
695
696
690
671
669
664
664
648
1311
752
814
747
680
734
675
664
671
670
652
645
678
685
712
697
692
696
685
680
703
688
707
706
690
707
694
692
698
669
670
666
648
609
646
661
657
681
679
674
644
602
657
622
600
592
1188
621
619
640
653
643
654
648
655
658
629
659
650
616
664
635
608
609
588
571
584
583
568
578
612
613
618
590
639
616
626
635
622
631
636
634
620
590
627
564
583
591
615
578
612
604
604
604
604
606
583
620
600
582
623
602
584
641
622
583
596
601
588
587
582
580
602
583
565
568
562
549
571
543
552
549
554
552
535
550
526
550
514
533
525
545
518
534
509
526
522
537
512
547
514
535
513
545
514
543
517
532
522
531
509
531
515
517
523
518
525
495
520
508
512
505
519
514
496
527
494
507
505
511
509
491
520
487
496
496
492
503
479
492
496
483
495
965
512
480
487
508
484
504
492
499
510
481
505
501
492
511
495
505
489
505
994
509
500
495
507
496
505
486
511
497
496
499
508
507
486
524
494
513
494
515
500
505
500
510
501
490
509
496
509
483
513
487
498
503
495
510
485
505
494
488
515
484
497
486
1005
473
507
973
990
495
496
511
503
495
520
492
517
485
512
504
489
512
482
514
487
509
497
502
519
502
511
501
523
500
512
500
510
499
496
492
508
485
489
505
979
477
494
493
478
508
486
501
478
504
490
489
506
479
503
488
499
499
475
505
479
483
502
480
489
480
482
499
479
493
491
480
504
493
478
511
473
485
495
475
492
471
970
464
481
485
467
485
482
467
493
479
471
498
473
483
480
484
487
462
478
476
468
488
463
460
475
459
461
466
457
462
457
453
458
451
454
456
454
452
451
459
446
445
465
438
437
454
449
438
453
450
428
458
456
444
444
896
439
438
456
440
441
452
448
434
450
449
439
439
437
451
441
428
446
446
429
879
442
426
430
446
433
1311
434
431
421
445
437
424
436
426
1305
437
441
430
437
427
452
432
1324
438
432
437
452
441
434
449
457
438
443
440
456
438
444
450
452
436
453
455
446
447
441
466
451
433
466
458
438
454
458
437
895
452
874
457
442
440
457
451
435
449
452
432
445
453
432
894
439
434
443
443
429
434
452
432
430
452
437
432
441
444
423
438
435
445
431
426
439
436
426
434
430
438
430
420
434
434
418
424
424
437
416
420
427
425
417
423
412
428
430
414
419
412
430
425
412
426
417
427
420
410
840
421
816
417
416
415
410
406
819
415
407
403
402
396
417
410
400
405
397
402
398
409
402
395
403
396
804
406
396
396
402
392
414
402
407
401
1205
415
1211
402
830
405
412
812
401
424
422
401
409
410
423
422
416
1643
418
1239
413
430
426
408
417
418
430
420
414
426
417
434
420
411
421
427
426
411
843
424
424
420
411
430
429
410
413
420
427
821
848
413
413
402
432
422
406
412
411
422
408
406
417
414
1634
414
409
408
403
412
413
410
398
405
412
407
411
405
402
402
411
411
396
401
409
398
415
408
392
402
389
412
407
795
395
806
400
391
393
398
392
408
404
392
391
391
796
405
401
387
396
384
409
395
400
396
389
787
402
402
785
390
792
801
387
393
384
1198
395
382
400
383
803
398
384
390
398
383
806
396
385
784
380
804
393
1159
380
797
393
1158
1153
396
390
769
380
385
387
389
383
765
375
775
383
382
759
374
760
384
383
376
381
373
750
380
371
390
379
367
364
752
368
377
367
387
378
371
366
370
373
367
372
363
376
366
757
369
371
365
369
359
381
362
734
375
371
374
375
364
1100
362
367
734
361
524
953
372
378
366
362
737
365
366
363
373
1087
1120
360
387
367
372
372
363
359
741
362
368
357
375
360
743
370
368
369
369
360
359
365
368
363
726
367
361
721
378
360
743
748
373
369
364
369
354
382
1091
378
365
756
371
373
736
369
1107
365
1118
374
374
375
362
358
367
374
362
737
374
373
367
368
361
1091
356
734
369
363
370
369
355
366
356
1080
357
358
356
367
355
728
364
361
365
362
355
351
362
359
1068
366
712
349
1082
355
1092
724
360
718
356
359
714
354
352
719
1071
360
709
353
360
354
366
352
729
359
356
729
354
358
716
354
348
714
355
351
347
370
353
350
712
354
351
712
353
347
710
353
347
711
350
346
710
350
343
709
347
348
350
358
346
348
706
346
695
356
343
352
344
359
343
354
343
357
344
354
344
354
343
351
346
355
343
351
347
354
346
700
356
343
361
342
697
358
343
367
334
713
353
352
355
352
340
348
342
363
346
345
351
347
348
350
347
353
342
351
342
355
346
700
354
358
336
361
695
335
356
335
356
696
691
340
351
689
340
351
341
348
340
351
337
351
341
349
344
349
344
345
689
356
333
354
332
359
334
1046
336
356
336
355
686
685
685
684
681
686
684
687
685
679
683
684
684
685
1358
680
680
678
680
681
675
677
678
677
681
683
329
349
688
325
355
329
354
328
357
324
357
689
326
359
327
357
331
358
329
354
334
356
683
335
351
335
349
338
346
676
351
343
343
348
341
351
336
354
336
350
335
354
333
354
338
353
332
357
331
355
336
354
332
357
334
355
687
682
328
349
329
353
683
684
678
679
324
354
676
328
347
672
665
679
332
340
332
338
332
338
329
338
328
338
329
336
664
331
335
330
337
328
337
328
336
328
337
330
333
329
336
328
337
330
335
330
335
330
334
328
336
329
333
327
336
664
664
662
325
340
662
323
339
306
358
321
342
323
341
664
322
339
323
341
663
320
345
316
346
320
345
321
345
323
342
666
326
338
325
340
662
664
319
348
666
319
344
324
337
332
670
403
262
665
669
336
332
334
330
336
332
332
335
333
336
334
336
670
673
332
339
331
335
336
334
336
335
332
336
333
335
333
335
335
667
332
335
331
335
340
336
320
340
321
337
319
344
318
350
316
342
323
336
660
322
332
323
334
322
336
324
334
326
334
329
662
661
337
333
325
341
315
658
349
316
341
317
339
325
1393
910
990
1657
664
342
325
339
332
334
329
670
328
668
330
331
1009
332
337
334
340
334
333
340
339
334
333
341
339
335
339
343
342
342
340
342
344
336
343
343
343
342
335
354
344
340
344
347
343
345
353
353
348
349
354
350
346
354
354
354
345
357
356
350
351
360
359
346
356
362
356
353
362
363
354
361
363
361
355
364
364
358
361
366
363
360
363
378
363
371
368
359
371
369
732
369
370
374
376
385
374
379
379
378
765
375
386
391
391
382
389
393
383
396
396
390
397
396
395
396
400
419
406
407
415
402
410
407
410
404
408
415
403
407
414
408
411
405
412
411
417
431
847
413
429
427
426
428
420
418
425
422
420
389
457
861
430
871
429
430
433
437
436
438
432
434
429
441
430
436
432
440
448
434
445
445
437
449
439
444
442
438
448
447
443
452
454
448
452
451
902
450
461
468
487
479
496
484
483
480
479
479
481
489
466
472
463
475
470
478
483
496
495
496
497
503
501
501
495
512
495
503
501
502
500
502
504
506
507
509
514
520
521
519
521
504
502
1038
529
541
537
531
535
561
662
650