1170
1584
1609
1682
1453
1433
1507
1452
1319
1390
1618
1646
1540
1437
1376
1549
1640
1611
1568
1449
1531
1585
1538
1501
1481
1694
1663
1568
1397
1417
1582
1604
1510
1449
1586
1548
1479
1354
1431
1553
1540
1469
1465
1603
1590
1467
1386
1419
1428
1494
1495
1479
1394
1402
1576
1547
1452
1388
1500
1536
1501
1429
1497
1500
1439
1528
1569
1503
1423
1506
1564
1548
1495
1558
1452
1371
1500
1557
1579
1493
1459
1432
1440
1573
1577
1514
1412
1485
1452
1378
1286
1477
1557
1440
1463
1528
1411
1444
1410
1303
1378
1427
1355
1360
1498
1541
1441
1462
1527
1465
1447
1489
1418
1401
1504
1575
1424
1457
1456
1329
1271
1402
1449