1134
1084
1126
1217
1344
1179
1037
1009
1007
944
1050
1002
927
924
936
1054
1120
1160
1138
1125
1109
1086
1097
1104
1015
1021
1169
1361
1295
1268
1172
1118
1221
1342
1356
1285
1227
1106
1131
1305
1326
1322
1221
1122
1126
1293
1335
1288
1307
1327
1313
1245
1262
1259
1320
1265
1213
1261
1287
1154
1098
1246
1388
1429
1252
1291
1268
1230
1188
1191
1268
1221
1186
1057
1014
1065
1267
1271
1216
1119
1152
1271
1280
1243
1214
1110
1073
1106
1241
1393
1266
1149
1074
1149
1274
1247
1211
1150
1217
1342
1333
1253