1173
1196
1165
1269
1328
1235
1067
1086
1212
1188
1147
1110
1004
1037
1073
984
1034
1052
1008
999
965
1138
1336
1225
1087
1116
1194
1216
1180
1130
1097
1149
1226
1165
1101
1131
1159
1141
1082
1067
1127
1030
1009
939
968
1074
1104
1127
1160
1153
1047
1055
1037
1034
1028
1210
1264
1210
1210
1291
1240
1129
1186
1186
1141
1089
1192
1297
1209
1033
1046
1134
1096
1033
1044
1132
1149
1080
1059
1005
963
946
936
902
917
992
988
1089
1068
984
1006
1032
1002
908
870
900
971
918
887
910
1071
1225
1171
1043
1040
1043
1047
1025
1004
1032
1065
1074
1021
985
960
992
943
936
901
811
840
817
798
768
807
848
876
922
942
959
944
998
1042
1079
1049
1069
1075
1020
973
911
939
1090
1397
1138
1053
1369
1376
1296
1157
1069
1150
1254
1258
1145
1029
1016
1074
1310
1192
1075
1040
1087
1077
1036
991