930
946
956
966
996
1001
996
985
955
954
939
951
929
912
924
990
1032
992
943
954
999
1046
1085
1045
987
969
965
957
977
940
972
987
1024
1020
1021
1047
1088
1082
1006
986
1016
1067
1046
988
962
978
978
966
930
954
969
999
993
954
1003
1044
1051
1022
1010
1022
1041
1033
992
951
968
1007
1059
1019
1013
951
969
969
931
929
882
875
884
926
896
879
887
895
900
930
881
893
907
958
985
1007
1014
1042
1026
1016
1027
998
988
1004
1068
1058
1032
1022
1078
1163
1205
1102
1080
1063
1044
1012
1041
1100
1121
1048
1048
1088
1037
986
963
1006
1026
1061
1066
1050
1068
1085
1072
1021
1048
1038
1042
1009
1004
1024
1081
1056
1004
1041
1062
1035
993
1046
1071
999
942
879
872
877
911
926
913
874
885
904
900
886
864
871
873
852
830
822
828
828
846
799
815
843
897
878
870
911
908
856
827
824
783
789
782
789
804
790
772
787
802
819
855