853
874
920
968
1000
985
979
1001
1007
999
1013
993
975
1002
988
1007
1014
1042
1102
1090
1214
1162
1099
1190
1046
1050
1225
1272
1096
1152
1161
1166
1024
1067
1103
1164
1111
1048
1111
1149
1146
1091
1086
1141
1103
1043
1102
1225
1176
1054
1082
1110
1148
1111
1195
1181
1122
1087
1066
1043
973
968
984
1062
1058
979
1013
1118
1097
1061
1140
1106
1078
1056
1082
1138
1156
1055
1064
1072
1088
1067
1111
1118
1064
1066
1091
1066
1003
1003
1065
1202
1131
1056
1034
1034
956
911
929
970
980
980
949
971
1034
980
970
1025
1077
1086
1027
1032
1062
1060
1006
1057
1018
972
932
951
1060
1188
1054
1087
1152
1126
1023
993
1004
1057
1006
1010
1057
1102
1057
1119
1141
1110
1037
1094
1129
1070
984
1021
1080
1074
1036
1049
1052
990
1033
1058
1012
1002
1053
1093
1018
1067
1021
1020
986
1081
1125
1120
1072
1144
1179
1079
1033
993
979
916
892
926
992
1110
1102
1039
1084
1100
1035
964
1000
999
1073
1097
1119
1102
1022
943
989
1117
1137
1056
995
982
976
917
905
907
975
987
902
933
962
995
956
908
948
982
992
972
894
896
914
925
904
900
918
962
971
912
940
965
969
937
932
974
977
945
900
925
898
878