904
954
997
999
1045
1037
1047
1036
1022
1028
983
1001
1060
1061
1036
1085
1286
1346
1240
1084
1067
1124
1204
1199
1154
1082
1078
1101
1157
1142
1123
1058
1049
1097
1172
1154
1124
1058
1036
1072
1184
1179
1158
1135
1177
1116
1029
979
1018
1191
1225
1105
1072
1070
1112
1102
1033
1011
996
1076
1112
1085
1106
1184
1105
1069
1017
1007
1060
1127
1116
1076
1077
1119
1183
1195
1122
1099
1203
1211
1102
1013
972
929
944
1032
1183
1050
1013
1021
1019
1020
999
988
1003
1021
1045
1064
1082
1118
1146
1096
1025
1037
1063
1060
1039
1009
1047
1105
1123