987
1032
1128
1158
1154
1165
1092
1056
1015
1006
1024
1017
1046
1015
937
950
950
983
980
971
1008
1066
1109
1063
1029
964
949
1000
1050
1058
1007
995
1023
1018
973
931
923
921
935
907
907
885
888
908
945
979
1060
1091
1034
1004
974
979
987
993
983
988
986
1007
1011
1049
1115
1081
1050
1029
1049
1059
1039
1042
996
962
963
1021
1079
1077
1020
1044
1080
1083
1055
1025
999
1053
1148
1136
1081
1045
1017
1068
1138
1190
1183
1131
1068
1114
1214
1253
1248
1167
1128
1175
1232
1196
1145
1141
1239
1217
1218
1106
1123
1141
1123
1100
1061
1073
1121
1157
1189
1120
1135
1120
1099
1128
1103
1180
1163
1201
1255
1226
1126
1139
1100
1103
1026
1041
1055
1036
996
984
988
960
935
932
936
939
932
929
903
917
961
1000
1088
1068
1036
1018
1090
1230
1212
1183
1110
1132
1156
1158
1082
1069
1157
1188
1121
1076
1083
1206