1133
1163
1133
1096
1046
1007
1032
1129
1093
1032
1043
990
952
973
930
942
1010
1201
1100
1047
1136
1166
1204
1160
1178
1118
1091
1081
1131
1165
1152
1119
1226
1329
1244
1204
1261
1313
1270
1187
1300
1403
1330
1176
1201
1248
1244
1209
1351
1317
1214
1248
1307
1313
1171
1230
1214
1180
1108
1177
1315
1166
1125
1186
1221
1162
1104
1058
1000
991
1060
1098
1053
1157
1218
1271
1271
1146
1124
1105
1083
1048
1086
1289
1279
1195
1291
1271
1173
1154
1236
1288
1196
1186
1240
1234
1181
1288
1315
1278
1222
1232