1087
958
942
1043
1174
1157
1102
1066
1012
1007
1024
1096
1103
1111
1066
1084
1153
1221
1123
1092
1216
1171
1073
1112
1157
1253
1235
1183
1246
1196
1134
1145
1261
1263
1164
1203
1176
1122
1095
1183
1279
1176
1143
1176
1191
1100
1107
1091
1074
1025
1087
1227
1195
1126
1176
1181
1150
1124
1220
1257
1236
1189
1166
1156
1156
1172
1180
1106
1053
1146
1264
1225
1104
1142
1143
1084
1035
1136
1219
1245
1220
1219
1164
1120
1117
1158
1167
1100
1077
1148
1173
1131
1221
1220
1146
1074
1149
1171
1107
1032
1059
1107
1060
1115
1201
1131
1086
1179
1115
1071
1075
1158
1181
1152
1104
1168
1252
1233
1130
1120
1103
1034
1086
1174
1120
1054
1103
1116
1124
1172
1129
1147
1189
1182
1116
1098
1174
1138
1146
1226
1158
1110
1168
1182
1110
1093
1193
1195
1121
1104
1113
1097
1119
1160
1114
1069
1162
1218
1207
1121