627
637
675
787
674
695
851
808
691
674
703
696
625
599
594
622
610
586
576
586
593
563
558
571
573
563
562
585
675
697
690
771
817
779
739
740
715
673
632
631
1031
824
707
734
897
853
771
829
871
794
752
808
823
735
800
891
789
795
747
809
868
795
888
841
881
769
753
882
752
773
879
844
792
798
864
778
655
595
573
560
563
599
559
548
550
559
579
582
559
542
542
538
531
530
538
559
596
629
618
591
596
656
816
731
668
670
725
734
763
878
780
805
725
694
803
664
683
824
788
826
726
649
658
879
851
757
800
733
639
605
625
665
712
670
612
588
582
592
594
575
555
548
553
562
577
559
550
546
564
607
604
566
560
569
592
603
586
550
549
554
561
565
550
555
558
548
562
554
562
558
549
545
545
557
563
559
569
576
555
557
555
562
564
557
543
537
529
532
534
549
543
555
573
594
555
558
565
591
634
645
633
577
562
558
572
598
604
583
571
587
623
663
610
577
566
575
583
591
562
554
555
546
533
537
549
553
544
541
555
564
552
536
528
523
524
532
529
519
520
530
550
569
553
532
532
537
547
552
526
530
532
537
551
553
531
528
525
535
533
520
524
534
555
564
539
524
511
515
515
520
535
544
532
523
527
537
545
522
523
523
530
534
524
525
539
569
569
549
544
561
587
572
535
531
527
529
520
504
496
502
506
517
530
536
508
507
503
494
492
489
487
492
507
526
546
542
518
516
525
532
519
516
511
519
522
528
523
509
516
520
534
546
538
521
503
509
508
519
539
531
517
520
527
546
542
521
520
528
540
548
536
526
526
526
539
534
517
520
535
562
575
544
539
525
520
523
532
528
518
514
510
518
535
544
540
536
554
595
627
627
572
545
537
549
555
546
527
527
538
557
547
537
541
558
588
566
555
535
522
519
518
518
514
513
523
543
580
563
541
543
556
583
582
546
540
549
564
585
574
547
530
529
533
539
544
526
518
523
543
547
538
531
518
515
522
540
531
521
520
525
545
556
547
520
520
523
531
526
522
528
543
565
559
529
528
531
549
563
552
522
519
521
530
544
555
543
539
551
553
558
576
590
584
598
615
570
561
570
578
585
557
541
540
555
580
563
531
516
518
522
531
552
547
528
525
533
543
550
537
528
531
538
547
538
526
530
539
562
594
562
546
545
558
557
541
549
561
544
543
549
538
523
518
524
530
525
528
543
560
540
539
554
568
583
568
535
512
506
502
510
524
534
512
511
513
525
548
529
530
542
562
576
555
545
546
562
544
530
531
539
537
521
526
532
554
589
583
579
582
555
536
527
518
508
505
510
516
504
506
512
533
556
543
523
525
536
546
526
523
521
523
539
549
521
521
521
524
539
525
524
524
542
580
629
591
562
558
555
539
527
528
525
514
514
521
536
565
571
539
532
541
559
602
609
588
577
580
581
560
531
525
526
547
576
563
534
539
563
591
608
561
544
544
554
539
538
540
537
527
527
531
521
516
514
519
528
537
526
521
519
533
555
577
561
527
517
509
509
508
521
541
537
518
512
516
531
552
562
552
544
546
539
522
520
528
524
521
504
505
512
502
496
488
486
490
478
479
470
473
464
465
458
463
454
455
451
451
451
442
443
435
438
437
434
436
428
429
432
428
426
425
420
423
427
419
421
420
415
420
421
415
416
420
419
413
416
414
415
418
413
410
416
417
410
411
413
409
411
405
410
408
404
407
401
403
408
401
400
404
405
403
398
399
402
396
400
405
403
399
402
398
400
397
397
399
398
396
397
396
396
398
392
395
396
394
395
393
396
392
391
392
393
391
391
388
391
393
386
389
391
389
386
383
392
386
388
386
386
389
388
387
386
384
388
385
388
378
382
386
381
382
383
377
385
381
383
379
376
379
378
379
380
374
375
374
382
372
374
373
374
378
375
375
374
374
377
378
380
379
375
378
380
382
377
376
379
381
381
378
378
378
374
379
380
377
375
375
380
378
380
374
375
379
380
377
376
374
377
378
382
376
376
376
378
382
381
381
377
375
380
379
380
376
377
380
376
380
382
382
377
376
382
382
376
375
376
380
376
378
379
376
374
371
381
372
372
371
370
375
371
376
374
370
371
370
376
369
374
369
372
370
370
374
370
369
369
369
371
369
373
373
370
368
369
375
369
370
370
371
371
370
376
369
368
369
370
370
371
371
372
365
369
369
368
368
369
368
366
368
368
374
365
364
366
366
369
367
370
366
367
366
367
372
366
367
367
364
367
365
370
362
364
362
363
364
362
365
365
366
359
358
363
358
363
361
364
357
358
357
358
362
358
360
363
364
357
358
361
358
362
362
364
357
359
359
360
363
359
362
364
361
358
358
361
358
363
361
362
362
359
357
361
362
359
362
363
361
356
358
364
358
360
364
364
357
357
362
358
360
363
359
359
357
359
354
359
356
360
356
356
354
355
358
356
358
356
360
355
355
357
355
359
355
361
358
359
358
360
358
360
357
358
362
361
362
360
359
360
358
362
361
363
358
362
358
362
359
358
362
361
361
361
359
360
357
362
359
363
363
359
358
361
360
360
363
361
363
360
357
362
358
361
360
365
358
361
359
362
361
361
362
364
363
358
357
360
360
364
358
360
359
359
361
359
362
362
365
365
357
363
361
365
362
365
362
362
360
361
365
364
363
366
362
364
361
367
364
366
364
367
363
364
366
366
367
365
364
365
361
366
362
367
362
362
362
361
363
362
365
360
358
363
359
361
360
365
361
358
357
357
362
357
359
358
355
357
357
360
358
359
358
359
359
356
360
360
361
359
358
361
357
359
357
364
356
360
357
359
356
357
362
360
357
355
357
360
356
360
359
358
360
360
359
358
361
360
360
361
361
363
357
361
360
362
359
359
360
356
358
359
363
357
359
358
358
361
358
362
361
360
360
359
363
359
362
362
361
359
358
361
358
361
358
363
357
360
359
357
359
358
361
361
356
357
355
363
356
360
357
363
356
357
357
356
356
355
361
355
356
355
355
356
351
358
354
355
356
355
352
354
354
351
354
353
356
352
353
354
350
353
351
355
349
352
351
351
351
347
352
350
351
349
350
353
345
345
345
350
346
349
347
349
347
349
349
346
346
346
350
347
348
346
349
345
347
346
345
346
341
347
342
349
344
348
345
349
344
346
346
345
345
343
347
345
350
347
348
349
351
349
345
349
345
352
347
350
351
347
349
351
350
347
349
350
353
350
353
352
354
353
348
350
350
354
350
354
353
355
349
351
354
350
353
351
355
352
352
349
353
353
349
354
350
354
351
352
351
350
351
348
353
351
357
353
355
356
355
353
351
357
354
358
355
358
358
354
355
352
355
352
356
353
354
353
352
353
354
353
351
355
353
354
354
354
355
352
350
354
356
353
354
355
351
352
349
353
353
354
353
355
351
354
354
351
351
350
354
353
353
354
353
354
351
351
350
356
351
354
354
355
350
351
353
351
354
352
354
351
350
350
349
351
348
354
349
352
351
351
352
347
349
349
352
349
351
350
350
347
344
350
347
351
347
351
347
349
348
348
346
346
349
348
352
349
350
353
347
349
348
350
347
353
349
354
349
353
354
351
351
350
353
351
355
350
353
355
348
350
349
354
350
354
353
353
348
352
351
349
353
351
352
352
351
348
351
352
349
352
350
355
351
353
352
352
351
350
354
352
354
353
354
355
351
353
348
355
351
354
353
354
351
351
352
349
353
349
354
351
353
353
352
352
348
352
349
354
350
353
354
349
349
349
352
350
353
353
352
351
349
352
348
352
350
354
352
351
350
349
351
348
351
349
354
351
352
352
350
351
348
351
350
354
350
354
355
351
351
350
354
351
355
354
354
352
351
352
350
353
349
354
351
355
351
353
351
352
353
350
354
353
354
352
353
353
352
353
349
355
351
354
351
354
354
349
347
351
353
350
354
353
355
352
350
354
350
353
350
355
352
353
353
353
354
351
354
354
357
354
355
355
354
354
352
359
354
356
356
359
353
352
355
354
355
354
357
354
350
354
350
354
351
358
352
354
354
354
351
349
353
352
354
352
354
354
354
352
348
353
350
355
351
355
351
352
352
349
354
350
355
354
352
353
351
353
351
354
352
355
352
354
354
353
350
350
356
353
354
355
354
351
349
354
352
354
351
355
354
353
352
352
353
350
354
350
354
351
353
351
350
352
350
351
347
354
350
354
351
354
353
352
349
348
351
349
352
349
352
354
354
350
350
352
351
356
352
354
357
353
352
350
354
352
354
353
354
354
353
354
353
352
348
354
351
354
351
354
356
348
350
348
351
349
352
350
354
350
352
353
348
351
347
352
349
352
350
354
348
348
352
346
351
348
353
351
350
351
353
349
347
350
349
354
349
352
353
349
351
347
354
353
353
352
354
353
352
354
352
356
353
359
354
354
356
353
355
353
359
354
354
354
352
355
349
355
352
355
353
351
352
350
352
351
354
352
354
353
354
350
348
352
350
354
350
354
350
350
350
349
351
348
353
350
353
351
351
350
349
353
348
353
351
354
351
352
354
348
349
349
354
350
353
353
354
348
349
351
348
353
349
354
349
351
351
349
351
348
351
350
354
349
352
353
350
347
345
352
347
354
350
353
353
351
349
350
353
349
354
352
353
352
351
354
347
351
349
354
351
354
352
354
350
349
351
349
354
351
353
354
349
349
350
353
348
352
350
353
351
353
353
352
350
348
352
351
354
350
353
352
348
352
348
352
349
354
349
355
351
352
351
349
348
348
351
349
354
350
352
355
346
350
348
353
348
355
348
352
353
351
349
348
352
350
354
351
353
355
349
350
349
354
349
355
353
354
353
350
353
352
355
353
355
354
351
354
349
355
353
355
354
353
355
351
351
353
356
354
354
355
354
353
349
355
352
355
353
356
351
352
352
351
354
352
354
352
348
353
348
352
348
354
350
352
352
349
349
348
351
350
351
349
350
349
345
350
344
349
347
350
347
348
347
349
349
347
345
346
348
346
350
347
349
347
348
348
345
345
342
348
345
347
345
347
344
342
345
344
343
341
346
343
346
343
348
344
345
346
344
347
343
347
345
351
346
350
349
349
347
347
349
345
348
346
350
349
349
348
351
347
346
348
345
348
345
352
346
350
348
352
347
347
347
347
348
348
349
347
350
349
346
348
348
348
343
352
346
350
348
351
347
346
348
346
350
347
351
352
352
353
353
350
349
353
350
354
352
353
355
350
351
349
352
351
355
353
354
354
350
352
349
354
353
355
353
354
356
349
354
349
352
353
352
354
354
352
348
352
350
355
352
354
354
353
350
352
354
351
354
354
352
352
351
354
350
353
350
356
351
354
353
354
353
350
353
353
356
354
354
357
351
351
350
356
350
356
354
356
351
352
353
351
354
353
354
354
354
354
349
353
349
355
351
354
353
355
349
349
353
350
353
351
353
351
349
350
348
351
346
352
348
353
348
351
353
347
348
346
352
349
352
351
350
349
346
350
345
350
348
350
347
349
349
348
345
344
347
345
349
347
349
346
347
347
347
347
342
350
345
349
345
349
345
343
346
345
346
345
348
347
349
346
349
351
347
347
346
351
346
349
346
354
346
351
348
351
351
350
351
347
354
352
354
354
354
352
350
354
350
354
351
356
352
352
354
352
350
348
352
350
353
351
352
356
346
349
347
354
349
354
350
354
350
348
351
348
352
349
354
350
350
352
352
348
346
353
349
354
349
354
351
348
350
351
352
349
355
351
354
354
351
350
350
352
347
352
349
353
350
350
349
351
348
348
354
349
352
349
354
349
346
350
347
352
346
352
350
351
349
351
351
350
349
349
354
352
353
354
351
352
350
353
350
354
353
353
353
354
353
350
354
354
354
353
354
354
354
354
351
358
354
356
354
354
354
352
355
354
355
353
355
356
351
353
353
356
353
355
354
352
354
350
355
354
354
354
355
351
349
354
352
356
353
357
354
351
354
352
354
353
357
353
354
354
354
354
353
358
354
354
354
353
356
353
355
355
356
355
354
355
353
357
355
357
355
354
355
354
356
355
359
354
355
355
353
356
354
358
353
353
352
351
354
353
355
353
352
352
351
354
350
357
353
354
354
353
353
352
358
354
357
358
358
354
351
356
354
357
355
358
355
351
356
353
356
355
357
355
354
354
353
355
353
357
357
354
352
352
353
353
354
353
355
352
350
354
347
354
351
355
351
353
353
353
349
349
354
352
353
352
354
352
349
352
348
353
350
354
350
353
350
350
351
349
354
352
354
351
353
355
351
354
352
357
353
357
354
354
354
353
358
355
357
355
354
357
353
356
355
358
357
359
354
354
356
354
358
355
359
356
354
358
354
359
355
360
355
353
357
353
358
356
357
359
352
355
352
358
354
358
357
355
354
353
358
354
356
355
352
354
350
355
352
354
354
353
351
349
352
350
354
352
354
352
348
351
347
354
350
354
352
355
351
352
351
350
353
352
356
353
354
354
354
351
349
355
353
355
354
356
352
353
353
351
354
352
354
352
353
353
352
350
347
354
351
354
351
354
349
349
350
350
353
351
353
351
354
351
348
351
350
352
350
354
351
353
353
351
350
349
352
350
352
350
353
350
348
350
347
350
347
354
349
352
351
353
350
348
351
348
350
349
353
350
351
351
350
347
345
350
347
353
347
352
352
347
350
349
350
348
351
352
351
349
349
351
348
352
350
353
349
352
353
348
348
348
353
350
353
352
354
351
348
352
349
351
350
354
350
353
351
351
348
349
353
349
354
350
354
351
350
350
349
352
349
354
350
352
352
354
350
347
352
351
354
352
354
350
349
351
348
354
350
353
354
348
349
348
351
350
353
351
354
352
349
352
349
353
349
354
350
353
351
351
353
349
353
352
354
352
354
354
349
352
351
356
353
355
357
351
354
352
354
353
355
355
354
354
352
353
350
355
352
355
352
353
352
350
354
352
355
354
355
354
350
352
349
354
352
355
354
354
352
351
354
352
356
354
355
354
353
354
352
354
352
358
353
355
354
354
352
351
355
353
355
353
354
353
349
355
349
353
350
355
351
353
351
350
353
349
353
350
354
350
352
355
347
352
346
354
349
352
351
352
349
348
350
345
350
348
353
349
351
351
350
348
345
350
347
351
349
351
349
351
347
347
349
345
350
347
351
348
350
351
349
346
346
352
344
350
346
351
346
348
351
346
345
344
349
343
348
346
350
345
347
348
347
345
342
345
342
349
343
349
347
350
346
349
349
351
346
345
348
347
349
347
351
348
349
348
349
351
349
347
345
351
348
353
349
353
351
354
352
350
354
351
354
353
355
354
351
354
352
354
353
357
352
352
351
352
354
355
351
353
349
354
350
355
350
353
348
350
349
348
353
352
353
350
347
350
346
348
346
353
346
350
350
349
347
343
351
347
348
348
348
345
342
348
346
347
346
349
341
342
345
344
346
344
345
341
343
343
340
345
340
342
343
341
342
337
338
337
342
338
341
339
338
338
336
339
337
343
338
339
339
339
339
334
339
336
339
337
340
337
337
338
336
337
335
340
336
339
337
339
336
333
338
335
338
337
339
336
336
338
333
337
331
338
336
339
335
336
336
332
336
332
335
332
338
333
335
335
336
334
333
335
331
336
332
337
334
333
333
332
335
330
334
333
336
332
335
336
336
335
333
334
332
336
332
341
334
338
337
336
341
335
338
336
343
340
342
340
343
339
335
342
338
341
339
342
338
340
338
339
338
334
340
338
340
338
339
336
336
337
337
334
333
338
334
338
335
338
335
334
336
332
334
331
337
333
336
334
335
333
332
334
332
334
330
336
332
336
332
335
334
333
334
331
334
331
334
331
335
332
334
333
332
334
332
332
330
331
331
335
330
335
331
334
334
333
330
329
332
330
334
331
333
332
332
332
329
334
328
331
329
333
329
333
331
331
332
331
332
330
331
328
330
329
331
331
332
331
331
332
332
329
330
330
328
330
326
332
329
331
329
331
330
331
331
329
328
327
331
327
329
329
331
330
332
329
331
330
330
332
331
329
329
331
329
334
330
334
330
333
332
332
330
327
333
327
331
329
334
330
332
330
333
331
330
331
331
331
328
332
329
333
329
333
329
332
331
331
327
327
330
328
330
329
332
328
332
331
331
330
327
330
327
329
327
332
329
332
328
331
329
329
329
327
330
328
329
325
332
327
334
328
332
330
331
327
330
329
327
332
327
332
326
335
330
332
331
331
334
330
329
328
332
328
332
332
333
331
332
331
332
332
327
333
328
333
329
332
329
333
329
332
332
329
328
330
331
326
331
328
332
329
332
328
331
329
329
332
329
329
327
330
327
330
326
334
329
329
330
331
329
330
328
327
331
327
330
328
332
328
331
330
329
328
325
330
326
328
326
331
327
330
328
328
328
326
328
325
328
324
327
326
329
327
330
327
329
327
329
329
327
326
326
331
323
329
326
329
327
329
329
330
328
329
327
328
329
327
328
326
330
327
330
327
330
327
330
330
327
327
323
331
324
326
325
329
326
330
326
328
328
326
326
328
328
324
329
326
330
326
329
329
329
329
327
326
323
329
326
327
324
329
325
331
327
330
327
328
327
327
327
326
330
326
328
328
330
328
331
328
330
331
329
329
326
330
327
328
326
331
329
331
328
331
328
331
330
329
328
326
330
326
329
327
330
329
330
329
330
329
329
329
328
329
327
330
328
330
328
330
328
332
330
330
329
327
331
326
329
327
327
327
330
328
330
329
328
330
329
329
330
328
327
329
328
327
326
331
326
333
326
331
328
331
330
331
327
327
330
328
329
328
332
329
331
328
330
329
330
331
329
328
327
330
326
331
327
333
328
332
328
332
329
329
329
330
331
326
331
328
332
329
332
330
331
331
329
331
328
331
326
331
327
332
329
331
329
332
331
331
331
332
330
329
332
330
331
328
334
330
333
330
332
332
331
329
329
330
329
331
328
329
329
331
329
333
329
333
331
332
330
329
331
329
329
328
331
327
331
329
332
329
331
331
330
330
328
329
327
328
326
329
326
331
327
329
329
330
327
328
330
328
327
326
330
326
329
327
331
328
331
329
330
329
329
331
327
331
325
330
326
330
327
331
329
330
329
330
329
328
329
327
329
326
330
327
330
329
330
330
331
330
329
330
328
329
326
331
325
332
327
331
329
332
328
331
332
329
329
330
327
326
330
327
329
326
331
328
330
327
331
329
331
330
330
328
327
331
327
330
325
332
327
331
328
331
330
332
330
332
330
327
332
328
330
328
329
328
330
329
331
329
331
329
332
328
330
331
327
329
328
329
327
332
330
331
328
331
331
330
332
329
328
327
332
326
331
328
332
330
332
329
332
330
332
332
330
330
328
331
328
332
330
333
330
333
331
332
335
327
336
327
332
330
333
332
335
333
336
333
335
339
331
335
334
333
330
335
332
336
333
336
332
335
335
333
332
329
334
330
331
331
334
331
334
331
332
334
329
330
330
331
326
332
327
332
327
332
328
331
328
331
328
328
331
329
328
325
330
325
329
327
331
326
331
327
330
329
330
330
330
328
326
333
326
329
326
331
327
332
327
332
328
330
330
330
327
327
330
326
330
328
332
329
331
329
329
330
330
333
327
328
325
332
325
329
325
332
326
330
330
330
328
331
327
331
330
330
328
326
330
328
327
326
331
327
330
328
330
329
330
330
328
330
327
329
327
330
324
328
328
328
327
330
328
331
327
329
328
330
329
328
326
326
328
327
328
324
328
326
328
327
329
327
330
327
329
328
328
330
327
327
325
331
326
328
327
331
328
331
327
331
328
330
330
328
329
327
328
329
328
326
328
325
330
327
330
327
332
327
329
328
328
331
328
327
326
329
327
329
326
330
328
331
327
331
328
331
329
330
328
326
331
327
329
327
331
331
331
328
331
329
331
332
331
329
329
331
328
330
328
332
329
332
330
332
331
333
330
332
334
329
327
329
330
327
331
328
332
329
333
331
332
331
332
332
329
331
330
331
327
332
328
332
329
333
330
333
330
331
331
329
331
329
331
327
332
327
331
328
332
330
331
331
331
332
328
330
329
331
328
331
329
333
329
335
330
333
331
334
331
330
333
331
332
329
333
331
333
330
334
331
333
332
332
332
328
331
330
331
327
333
329
333
329
334
331
333
331
334
331
332
332
331
332
328
333
332
333
331
333
332
332
331
333
331
329
331
330
329
327
333
329
332
328
333
330
331
329
331
331
328
329
330
329
327
331
328
330
328
332
329
332
327
332
330
327
329
327
330
326
330
326
331
328
331
329
331
330
329
329
328
330
326
330
325
328
325
328
325
331
328
330
328
329
328
328
330
328
326
325
331
325
328
325
330
328
330
328
331
329
332
330
330
331
329
331
329
331
325
332
327
331
328
333
330
333
329
332
332
332
333
329
329
329
333
329
331
328
332
330
332
329
331
330
330
331
328
330
326
330
327
330
327
331
329
330
329
330
330
327
329
326
329
326
330
326
330
325
331
328
330
326
332
329
328
332
326
330
328
329
326
331
326
330
327
332
329
331
329
331
330
330
332
330
329
326
331
327
330
328
332
330
332
329
331
330
332
332
331
330
326
332
330
329
327
333
329
333
329
332
331
332
331
331
332
328
332
330
332
329
332
330
334
330
335
332
335
332
335
334
333
338
331
334
332
333
332
336
333
334
332
334
333
333
333
331
333
328
333
329
333
330
333
330
332
331
331
331
328
330
329
329
326
331
327
330
328
331
329
331
329
331
329
328
332
327
327
328
329
324
331
327
331
327
330
328
330
328
330
326
326
326
328
330
323
330
326
329
329
330
329
329
329
330
329
330
329
328
330
328
329
325
331
326
330
327
332
327
331
328
331
328
330
331
329
328
327
330
328
329
326
331
329
332
329
332
329
330
332
331
330
327
332
327
331
327
332
328
331
330
332
330
332
330
332
332
328
331
330
333
330
332
330
333
330
332
331
332
331
333
331
329
332
330
330
327
333
329
332
329
332
330
331
331
331
330
328
328
326
331
326
333
328
329
330
330
328
328
329
330
328
329
327
325
330
328
330
325
334
327
334
329
333
330
332
333
331
336
331
333
330
335
331
333
332
336
333
337
333
335
335
336
333
331
334
331
334
329
334
331
335
331
334
331
334
332
333
329
329
333
329
333
327
333
331
333
331
333
332
310
353
334
332
330
332
330
331
329
332
330
332
331
333
330
335
331
335
333
332
333
331
333
330
332
331
332
330
335
332
335
333
335
333
334
332
333
336
332
333
330
335
329
334
330
335
333
335
332
335
334
334
334
332
332
329
336
330
332
330
334
332
334
331
335
334
334
335
334
335
333
334
332
334
331
338
331
337
334
336
334
335
335
332
335
331
335
330
336
333
336
331
335
333
333
335
334
331
331
334
331
333
331
337
331
337
333
336
335
336
333
332
336
332
335
333
337
334
336
333
335
334
332
333
333
337
330
334
334
335
332
337
334
335
335
334
336
333
335
332
334
333
335
335
335
332
335
334
333
335
334
333
329
334
332
334
331
336
332
335
332
335
334
336
334
334
332
332
337
330
335
332
336
335
336
331
334
334
335
338
333
332
332
336
329
335
330
337
332
336
333
337
333
337
334
315
349
336
334
330
335
332
335
334
334
332
335
333
334
335
333
332
330
333
330
334
330
335
333
335
331
336
334
332
333
331
336
330
334
331
335
332
335
333
335
332
334
334
333
335
334
332
331
335
330
334
332
337
330
335
332
334
333
333
332
330
334
330
332
330
335
333
334
332
334
332
334
335
331
332
330
332
331
331
329
334
330
334
330
334
333
332
332
333
331
330
332
329
331
329
333
330
333
331
333
332
333
332
333
333
334
331
330
333
330
333
328
336
330
334
332
334
332
335
337
330
333
332
332
330
334
331
334
332
334
334
331
333
332
332
331
332
330
331
330
335
329
335
332
333
333
335
333
333
330
330
335
329
332
328
335
329
334
330
335
333
333
334
329
333
332
331
328
333
329
332
330
334
331
332
331
332
332
331
333
332
332
329
332
328
332
329
334
329
335
331
333
332
333
336
331
332
329
337
329
335
334
336
332
336
335
334
336
333
332
334
333
330
335
330
333
330
334
332
331
332
332
332
329
330
328
332
328
331
326
335
328
332
330
332
330
333
331
330
332
329
329
331
331
328
331
330
332
331
332
331
332
330
332
331
330
331
331
328
329
331
327
332
329
333
329
334
331
334
332
332
332
330
332
329
334
327
333
329
332
330
334
332
336
331
333
334
333
333
332
331
331
333
330
334
330
334
333
335
331
336
334
333
336
333
332
330
335
332
333
331
336
333
336
332
334
334
333
336
333
331
331
335
331
335
333
335
331
335
332
334
334
333
330
330
333
331
332
330
334
331
334
330
333
332
332
333
332
331
328
333
330
334
330
334
331
336
330
333
335
330
333
331
332
330
334
332
334
331
335
333
333
333
335
334
331
334
331
333
330
336
331
335
333
334
333
332
336
329
333
331
331
328
333
330
332
330
331
331
330
330
330
330
327
330
327
329
325
331
325
329
329
331
326
330
327
330
329
327
332
327
327
324
331
326
329
327
329
328
330
329
329
328
330
329
327
330
327
329
324
328
324
328
325
331
326
327
328
327
326
328
324
327
325
326
327
325
327
325
328
327
329
328
330
326
330
329
329
331
327
327
326
332
327
329
327
332
329
331
331
332
329
333
331
329
332
330
332
328
331
330
333
328
336
328
333
332
331
331
330
334
328
335
330
335
330
336
330
334
333
334
336
332
331
331
333
331
335
332
336
331
335
335
333
334
330
336
329
336
331
336
332
334
332
334
333
333
336
331
333
330
334
334
335
332
336
334
336
336
335
334
333
337
333
334
333
337
333
338
335
337
334
338
338
333
337
335
338
333
340
335
340
337
338
338
338
338
333
339
336
337
335
340
336
339
336
336
340
336
337
332
336
336
338
334
336
336
335
336
334
336
330
334
332
336
333
334
332
334
334
332
331
328
334
328
333
332
334
331
334
333
331
331
331
333
330
332
330
335
331
334
334
333
333
334
330
330
334
332
334
331
335
332
334
336
332
331
331
334
330
335
330
336
333
336
334
334
335
332
335
332
334
331
335
334
335
333
337
335
334
334
332
335
332
334
331
337
331
339
333
336
334
336
335
333
334
332
333
333
335
333
336
333
335
333
334
336
333
334
329
334
332
335
331
337
333
336
332
336
333
329
334
331
334
329
335
332
335
331
334
332
335
334
334
330
332
335
329
333
329
337
330
334
332
334
330
336
333
333
334
329
333
331
333
331
334
332
332
334
332
334
333
331
328
335
328
334
332
335
331
335
333
334
333
333
334
328
333
331
335
332
335
333
333
333
335
332
333
335
331
333
333
336
333
337
333
335
335
334
338
331
334
333
335
332
336
334
336
334
335
334
336
334
334
333
331
336
330
336
331
336
334
335
334
334
325
342
332
330
336
329
334
331
335
331
334
332
333
332
331
332
330
332
329
337
329
334
331
333
332
330
330
329
331
329
332
329
333
330
331
330
330
333
327
328
330
330
327
333
328
333
328
333
330
331
329
332
330
329
329
326
330
325
331
329
330
329
333
330
330
331
327
331
327
331
326
331
325
334
326
332
328
334
328
330
332
326
330
327
329
327
330
328
332
328
332
329
331
330
328
330
328
329
328
332
327
331
328
332
329
333
329
333
329
331
331
329
331
330
330
327
332
330
333
329
333
331
332
332
329
330
327
332
327
333
328
333
330
332
330
332
332
330
332
331
331
328
334
330
335
331
332
333
332
333
331
331
328
333
330
334
330
331
332
332
332
332
330
329
330
328
330
325
330
328
332
329
332
329
330
330
331
328
328
330
326
330
326
331
328
331
326
330
329
330
329
328
328
327
328
326
329
323
330
327
331
326
330
329
329
329
330
329
327
330
328
328
325
331
326
330
325
331
328
331
328
332
329
330
331
330
332
329
327
328
330
331
331
328
332
328
335
331
333
331
335
332
337
331
332
335
330
333
332
333
330
334
332
337
333
338
334
338
338
335
335
331
338
331
336
335
337
333
338
334
336
335
334
334
330
336
329
334
331
335
331
335
332
334
333
332
333
330
334
331
332
328
333
331
333
331
333
330
332
331
332
333
329
332
330
329
327
332
326
330
327
333
328
331
330
333
330
332
331
332
332
331
333
331
331
328
333
329
332
330
334
330
335
329
333
332
333
333
332
332
331
333
331
333
329
334
332
335
331
334
331
333
333
333
331
331
333
331
331
328
334
329
333
330
333
331
332
329
332
332
329
332
327
331
328
329
330
331
328
332
328
333
328
328
328
328
330
329
331
328
330
327
328
325
330
327
329
326
330
327
331
328
330
329
331
326
326
331
329
329
328
329
328
326
325
329
328
330
324
330
325
330
327
330
328
330
327
331
329
330
328
331
330
331
331
330
330
327
330
329
329
326
330
328
330
327
332
329
331
327
331
330
330
330
331
329
328
332
328
332
325
332
327
331
327
333
329
333
328
332
329
332
332
332
331
328
334
328
332
327
332
328
331
329
333
330
331
328
331
331
330
331
330
332
327
332
329
330
328
332
328
332
328
333
329
333
329
332
331
332
330
331
334
329
330
329
329
330
332
330
330
327
334
329
332
330
334
330
334
330
332
332
331
332
331
329
328
332
329
331
327
332
329
333
329
333
330
333
329
330
330
331
329
331
328
327
332
327
331
327
332
328
332
328
332
330
332
328
332
330
332
332
332
333
327
332
329
333
328
333
329
333
329
333
331
334
328
334
332
333
333
331
332
331
331
330
332
329
333
331
334
330
333
333
333
333
332
332
331
333
330
333
331
332
332
334
332
332
332
333
332
333
330
330
330
330
331
327
333
328
332
331
333
329
332
332
332
332
331
329
327
332
329
331
327
334
327
334
330
334
329
332
332
330
335
329
332
331
330
328
335
329
335
332
335
331
334
333
333
333
331
333
329
335
331
334
331
335
333
334
333
333
334
332
335
331
332
331
334
331
334
333
334
330
334
334
332
333
330
331
327
333
328
332
328
333
330
334
330
333
332
333
332
331
336
329
330
329
331
329
331
328
333
328
334
331
333
330
333
330
333
332
328
332
329
331
327
332
327
331
329
332
328
331
329
331
328
330
330
330
332
328
329
327
331
328
329
327
331
328
332
328
332
330
331
329
329
330
327
329
330
329
326
331
327
331
327
332
329
331
329
331
329
332
330
330
329
327
332
329
329
326
330
328
331
327
331
329
332
328
330
330
331
331
330
329
326
332
329
331
326
331
328
332
328
332
330
331
330
330
330
329
332
329
330
326
332
329
332
329
332
331
331
330
331
328
327
331
328
331
327
332
329
332
328
330
332
330
330
329
328
326
331
327
332
326
332
330
332
330
333
331
332
330
332
333
328
333
329
332
328
337
330
333
330
333
331
333
333
329
331
330
331
327
332
329
334
330
331
331
331
330
331
333
328
333
328
331
327
333
327
331
330
332
328
332
330
331
329
331
329
328
331
327
330
324
329
326
328
326
331
326
329
327
330
328
329
328
329
328
325
327
325
326
323
329
322
326
325
327
323
331
324
328
326
327
326
328
326
326
327
327
326
323
331
325
328
326
329
327
331
329
331
327
331
331
332
331
332
329
325
334
329
331
326
332
329
333
327
333
330
333
331
331
331
329
331
330
330
327
332
330
333
329
333
330
333
332
330
330
327
332
329
332
330
333
331
314
348
336
330
329
331
332
331
328
334
331
334
331
334
332
333
334
331
330
328
331
328
333
328
333
331
336
332
334
333
333
336
333
335
332
336
333
337
332
339
333
337
335
337
336
334
337
333
336
333
339
333
338
335
336
335
335
335
334
336
335
335
332
337
334
337
334
334
335
334
334
334
334
330
334
331
335
332
335
332
334
331
333
333
332
334
330
333
329
334
329
334
330
334
332
334
331
332
332
333
331
333
332
328
334
329
333
328
334
330
336
330
336
331
335
333
333
335
331
335
332
332
330
337
331
335
334
335
332
334
334
333
335
333
332
331
336
329
334
332
335
332
336
332
334
332
335
333
330
332
330
333
328
334
329
332
330
333
331
333
330
331
335
329
334
329
332
327
334
327
332
329
332
331
333
329
333
330
332
332
331
333
329
332
328
331
328
333
330
333
330
334
331
333
332
331
335
331
332
329
332
329
331
328
331
330
332
329
332
330
332
330
330
332
327
330
327
332
326
330
325
331
329
331
329
333
328
334
329
330
335
330
333
334
331
328
333
330
332
329
337
331
334
332
335
332
335
334
331
333
331
333
328
334
331
335
328
335
331
334
332
332
332
330
333
327
331
328
332
328
332
329
332
329
332
329
331
331
329
332
328
331
326
332
327
331
328
333
330
331
328
332
330
333
332
331
333
331
329
328
332
328
332
329
332
328
334
328
331
330
331
329
330
332
329
331
328
331
330
330
327
333
329
332
329
334
331
333
333
332
333
332
330
330
332
330
331
327
332
328
333
329
334
330
333
330
333
333
332
333
331
331
328
333
329
332
329
335
331
332
331
334
331
333
333
329
334
331
332
328
332
330
334
329
334
331
334
331
333
333
332
333
332
332
328
333
328
332
330
333
332
333
330
333
332
333
333
331
336
331
332
331
332
329
334
332
335
330
335
332
334
334
332
332
329
333
330
332
329
336
329
335
331
334
331
332
334
330
332
329
333
328
333
329
333
330
334
331
333
329
334
333
332
333
332
332
328
331
330
332
329
333
330
333
330
333
333
331
333
331
330
327
334
328
331
329
332
330
332
330
335
329
333
333
329
332
328
333
327
333
330
333
330
332
332
331
332
330
332
328
334
327
332
327
332
329
332
329
332
331
331
330
331
331
329
330
329
331
327
332
329
333
329
332
331
331
331
331
330
328
332
328
329
327
332
329
333
328
331
330
331
331
329
329
328
327
329
330
326
330
327
331
327
330
329
329
330
330
329
331
327
328
327
326
328
324
330
323
330
326
329
324
330
327
330
326
328
328
328
328
327
327
323
330
326
326
323
328
325
328
325
330
327
329
325
332
326
329
330
327
330
329
327
324
330
326
328
325
330
326
329
326
329
327
329
328
328
329
327
328
328
326
327
328
324
328
325
328
327
330
325
330
328
328
328
329
327
326
329
326
328
324
330
325
329
326
331
327
330
328
330
329
330
329
330
329
325
329
329
328
325
332
326
331
327
332
326
329
329
327
329
327
327
324
330
328
328
325
330
327
331
327
331
328
329
328
329
328
327
329
328
329
324
329
325
329
326
330
328
330
325
329
329
329
329
327
328
324
330
325
328
323
331
324
329
328
330
326
327
328
327
329
326
326
325
329
325
328
324
329
325
331
325
329
327
330
328
327
328
324
329
326
326
324
328
326
329
326
329
327
328
326
327
329
327
329
326
328
323
330
327
328
324
328
326
329
327
329
327
330
327
328
329
328
331
327
329
326
329
327
329
324
330
326
331
327
331
328
331
326
331
330
330
330
330
329
328
330
328
332
326
331
326
332
328
331
328
332
328
331
330
330
331
330
328
328
328
327
333
326
332
327
330
328
332
330
332
328
334
329
332
332
333
332
331
330
329
334
330
332
329
333
329
333
331
333
329
334
332
333
334
331
331
328
334
329
333
328
333
330
334
329
335
332
333
333
331
331
329
333
329
333
329
334
333
334
331
333
333
330
332
329
333
328
332
329
333
329
334
329
333
330
332
332
332
334
329
333
329
333
328
333
331
333
331
333
331
334
333
330
333
328
332
330
333
329
334
331
333
329
332
330
332
331
328
330
326
333
327
329
327
331
328
332
327
331
329
330
329
330
329
326
330
327
329
326
329
327
331
326
334
326
330
328
331
330
332
330
329
330
328
333
329
332
330
332
329
338
330
334
331
333
332
332
331
330
335
329
332
330
334
331
334
331
334
329
334
333
329
332
330
333
328
332
329
333
329
332
332
333
330
332
331
332
332
330
335
328
332
328
333
326
333
328
333
330
333
330
332
328
331
332
330
330
330
329
326
330
326
330
326
333
327
330
331
332
326
331
327
331
331
328
328
328
329
326
330
326
330
326
331
329
330
328
330
329
329
328
328
329
325
328
327
329
327
330
327
329
326
329
329
327
329
326
327
325
329
326
326
324
329
326
328
325
329
327
329
327
330
326
327
330
324
327
327
326
324
327
325
329
325
328
325
332
324
331
327
330
326
330
328
330
330
328
327
326
331
325
332
326
331
326
332
330
330
330
331
329
333
331
328
331
330
330
327
333
327
331
330
333
328
333
330
332
330
331
333
328
333
329
330
329
333
328
333
331
333
330
334
331
334
333
332
331
330
333
330
331
329
332
328
336
329
333
332
333
333
331
333
330
331
331
333
328
334
329
332
332
334
330
333
331
333
331
332
330
328
331
330
332
325
332
331
332
329
333
331
332
331
331
332
327
331
328
332
327
332
326
335
329
332
332
333
329
333
332
332
333
333
331
331
332
330
331
328
332
332
333
331
333
332
332
333
330
334
328
332
329
331
328
332
331
333
328
333
332
332
331
331
333
328
331
330
332
328
333
330
333
330
333
331
331
332
331
333
327
332
328
331
327
331
328
332
328
333
329
333
326
332
331
328
330
328
328
327
330
326
331
325
330
328
331
328
331
329
331
328
330
330
330
332
329
331
328
331
328
331
327
331
328
335
328
334
332
334
330
333
333
331
333
332
331
328
333
329
334
329
333
332
332
330
331
331
330
332
330
330
326
330
328
329
326
331
327
329
326
334
327
330
330
330
328
328
327
326
330
326
327
324
328
327
330
327
330
328
330
327
328
329
327
325
328
328
326
330
327
328
326
331
326
330
329
330
326
334
328
330
332
327
331
327
329
326
330
327
331
326
332
329
330
326
329
329
328
329
327
327
323
329
325
328
323
329
326
328
325
329
327
330
325
327
327
328
328
327
326
326
328
326
329
322
328
326
328
326
329
327
328
324
328
326
327
327
326
327
325
324
323
325
324
325
320
327
323
326
323
326
323
326
322
327
323
326
324
324
324
325
325
324
323
323
323
322
324
321
326
322
326
322
327
324
326
323
326
326
327
323
327
326
327
326
325
326
324
328
323
326
323
328
325
327
325
329
325
329
327
330
325
330
327
330
329
329
330
328
329
327
329
327
329
327
330
325
330
328
330
328
330
329
331
326
331
330
330
330
329
331
326
331
328
329
326
330
328
330
326
333
327
332
327
331
331
329
331
330
329
328
332
329
332
324
335
327
333
330
332
329
336
328
334
331
333
332
331
331
330
333
329
333
330
333
331
334
331
334
330
333
333
331
331
331
330
328
333
329
332
328
334
329
332
332
334
329
332
332
333
332
332
331
329
332
331
332
325
337
328
334
331
335
329
330
333
331
330
327
331
329
332
327
332
327
330
326
334
328
332
330
331
330
330
335
331
332
332
331
328
334
327
332
332
333
331
333
332
332
332
331
332
329
333
330
331
327
335
329
333
330
332
328
330
331
332
332
329
330
330
330
325
332
327
331
329
332
330
333
328
331
330
331
332
327
331
328
330
328
331
329
329
327
335
328
333
330
332
329
332
331
331
329
328
330
331
329
326
334
328
332
331
334
328
334
331
331
335
330
331
331
333
327
335
330
334
331
335
330
334
333
332
334
330
334
331
332
332
334
330
333
332
334
330
335
332
336
333
331
335
330
334
331
336
331
336
332
334
335
334
335
333
332
329
334
330
334
331
334
332
334
331
333
334
330
329
328
331
329
332
327
332
330
333
328
331
331
329
330
328
329
327
330
327
331
327
331
330
331
328
329
329
330
330
328
328
326
328
328
329
325
330
328
331
327
330
328
330
329
328
329
326
330
326
329
328
332
327
331
328
333
330
330
330
330
330
329
332
328
331
328
332
329
332
330
333
328
331
331
330
331
330
329
327
331
327
331
327
331
329
331
327
330
330
329
329
328
326
325
329
327
329
326
332
327
334
328
333
331
333
332
331
333
329
334
331
332
328
336
329
335
332
334
329
336
331
335
330
334
334
336
332
331
333
332
335
330
333
331
336
333
336
332
335
335
335
334
331
334
331
332
332
331
330
331
330
333
330
332
333
334
331
331
333
334
333
333
331
332
333
330
330
329
332
328
330
329
335
330
333
331
331
332
332
331
334
328
329
332
329
333
331
327
331
331
326
329
328
329
327
328
326
330
327
332
326
332
327
336
330
333
330
333
330
333
332
332
331
331
330
330
330
329
329
329
330
327
330
326
332
328
332
328
332
329
335
329
333
332
330
333
329
329
330
331
329
333
329
331
329
330
329
331
329
333
331
333
329
335
332
334
333
333
333
330
333
330
335
330
333
329
337
331
334
331
332
333
333
334
333
334
328
334
332
330
329
333
330
331
331
333
331
334
332
335
334
337
332
335
337
335
335
332
335
333
338
336
338
334
340
336
337
337
336
337
335
333
332
336
335
335
333
337
335
337
335
339
337
339
337
339
341
334
336
334
339
336
342
337
342
337
340
338
343
339
338
338
336
338
337
339
335
340
336
341
338
341
338
342
340
343
340
340
341
341
341
339
345
341
345
346
344
343
339
343
341
343
339
344
339
344
340
342
340
342
342
338
341
338
341
338
341
340
344
339
342
342
342
339
343
342
336
340
337
341
336
341
339
344
339
342
340
339
338
336
339
335
343
339
342
339
341
338
341
340
340
341
338
339
336
340
340
343
339
343
342
344
342
337
341
339
340
344
344
341
344
340
345
345
339
342
338
344
340
343
340
349
343
347
343
347
346
341
343
341
346
346
346
343
346
344
342
342
338
343
340
345
341
346
342
345
342
340
343
338
343
343
345
342
345
343
345
344
341
343
343
346
342
346
342
348
343
344
346
341
344
343
345
341
345
345
346
342
345
343
344
344
343
341
340
343
342
344
340
344
341
343
341
339
343
339
340
336
340
337
341
338
340
340
342
338
340
341
340
341
339
339
336
341
339
341
339
342
340
343
340
344
344
343
340
339
342
340
343
341
345
343
344
343
343
343
341
343
341
343
338
345
344
345
340
344
345
342
343
343
344
339
344
345
347
341
345
343
345
344
341
344
339
344
343
345
342
344
344
344
343
345
342
340
344
342
345
342
345
345
346
340
344
345
344
344
343
343
341
344
343
346
342
346
343
347
341
346
345
342
342
344
344
342
345
344
346
342
344
343
345
343
339
342
340
344
341
344
338
348
341
342
344
344
345
343
342
341
346
342
346
342
349
343
346
345
345
347
341
346
344
347
342
353
345
349
346
348
347
345
348
342
351
345
350
349
349
348
349
349
348
349
343
354
347
352
349
349
351
346
348
343
353
347
351
348
351
349
346
346
345
351
346
351
349
350
348
351
347
346
350
349
349
351
349
349
348
347
345
350
347
352
346
350
348
350
349
346
347
343
347
347
350
347
350
349
347
349
346
348
344
349
347
348
349
350
346
349
349
344
348
344
350
344
349
347
348
345
349
347
349
346
344
349
344
349
345
349
346
349
344
347
347
344
345
346
344
340
349
343
346
345
347
343
349
341
346
346
346
348
343
344
347
346
342
350
346
349
348
351
345
349
350
348
350
346
347
347
348
346
349
345
353
346
347
346
346
349
342
344
342
344
340
349
344
345
345
347
347
346
345
342
346
344
346
342
348
345
344
346
348
347
347
345
343
350
344
349
348
349
347
349
350
347
346
343
352
346
350
349
350
347
351
350
346
351
344
350
349
352
346
352
349
347
348
348
351
346
353
350
351
350
350
348
347
350
350
353
349
352
352
348
349
350
350
347
353
350
352
349
352
349
348
352
348
351
352
354
348
352
352
351
351
350
353
350
354
352
354
352
354
352
350
352
347
358
351
355
353
355
355
353
354
352
357
354
359
354
360
357
355
358
356
359
358
360
358
357
358
355
356
352
360
354
358
356
355
360
354
356
354
358
354
359
355
357
359
354
355
354
358
354
358
355
355
355
354
354
354
357
353
355
355
352
355
352
355
353
358
353
355
354
352
355
349
360
354
356
355
356
354
355
356
354
359
354
356
356
355
354
352
355
354
358
354
357
355
354
355
353
355
351
357
354
354
358
352
354
353
355
350
359
354
354
356
352
356
353
355
355
358
354
357
355
354
358
354
357
356
358
356
357
356
354
358
358
359
357
360
361
357
359
356
362
358
360
363
355
359
358
362
358
360
362
356
358
356
361
356
361
360
357
360
356
358
358
359
354
360
358
354
359
354
359
354
358
354
357
357
354
356
351
354
355
356
354
355
356
355
354
350
354
354
357
351
355
354
354
353
353
354
351
355
354
354
351
354
353
350
352
349
353
349
354
350
352
351
350
351
347
349
347
346
345
352
347
351
348
349
348
350
351
347
346
344
347
344
347
344
349
343
346
345
345
346
344
345
342
340
339
341
340
342
338
342
340
343
338
347
340
344
341
343
342
341
344
338
344
342
342
338
346
341
344
344
345
341
346
344
346
345
344
345
341
347
342
347
343
348
346
347
344
349
349
346
349
346
348
346
349
345
353
347
350
347
350
350
345
349
346
348
343
354
347
350
348
349
350
349
347
345
349
347
350
350
351
346
351
348
350
351
345
348
344
346
343
352
345
349
344
348
346
345
346
344
347
343
345
345
349
344
349
346
348
347
350
347
345
348
346
350
347
350
349
349
348
349
351
343
350
346
351
346
350
347
349
348
348
347
346
349
345
351
346
353
348
349
350
349
350
348
349
344
351
346
352
349
351
346
350
350
350
351
348
349
348
351
348
353
347
350
347
349
349
347
348
346
348
344
349
343
349
343
352
344
350
345
346
346
345
348
342
345
343
346
339
345
342
344
340
348
342
345
343
345
343
344
346
342
347
344
345
344
345
341
347
341
350
342
347
346
347
347
346
345
345
347
345
347
348
350
344
350
347
348
351
345
348
346
347
343
350
345
348
347
349
346
346
349
345
348
346
348
343
350
347
349
349
349
346
351
351
347
353
348
353
349
354
352
353
351
351
352
347
351
345
350
349
352
350
354
351
354
354
352
354
354
354
353
361
354
359
359
358
360
356
359
362
362
360
362
364
361
362
359
363
364
365
367
365
364
363
369
365
368
367
367
366
364
368
363
369
364
365
365
362
363
358
365
363
365
365
363
362
360
363
363
364
362
364
362
360
359
361
364
358
361
361
356
360
355
362
358
359
359
358
357
356
357
354
361
357
359
358
357
356
354
356
356
360
357
359
359
356
357
355
360
356
364
357
361
359
357
359
357
363
359
361
360
358
359
356
358
355
360
355
356
358
353
354
354
355
351
359
354
356
353
355
354
354
352
349
354
349
353
352
354
350
353
352
351
356
349
351
349
352
348
355
349
352
350
352
350
349
352
348
348
348
351
346
353
346
350
349
350
351
348
350
348
350
348
352
348
356
348
353
352
351
351
350
353
349
350
351
353
349
351
350
349
350
349
350
345
348
346
349
344
348
346
350
346
347
346
348
346
347
343
344
345
342
349
345
348
347
348
344
347
351
343
348
346
349
343
352
349
353
345
351
349
350
347
347
348
345
347
345
350
347
350
348
350
348
350
351
348
347
345
350
346
351
346
354
347
351
349
350
350
350
349
347
352
349
353
349
353
351
351
350
350
350
350
348
346
350
348
347
346
354
348
352
348
352
349
349
350
350
349
348
351
349
351
351
354
349
355
350
353
353
347
351
348
354
346
352
350
354
351
353
352
353
354
353
352
349
354
349
354
349
355
351
354
352
354
352
350
354
349
353
354
354
353
354
353
354
350
349
353
349
351
351
354
350
354
352
354
354
349
352
351
352
349
357
353
356
354
354
354
354
354
351
356
353
361
354
357
357
354
359
354
358
356
364
360
359
366
357
363
359
365
360
365
362
358
361
359
362
359
364
360
360
360
359
357
355
361
357
359
357
359
358
357
357
354
360
358
360
355
359
357
354
357
354
357
354
358
354
356
354
352
353
351
354
351
354
352
352
352
349
350
347
352
350
354
349
351
355
349
354
351
354
352
357
353
361
354
359
358
355
359
356
361
358
363
361
361
361
362
359
357
361
360
363
359
363
362
359
363
356
363
358
367
361
365
362
360
365
359
364
358
365
359
361
357
356
358
354
362
358
360
358
359
363
356
359
353
365
357
363
359
362
367
360
363
361
363
359
367
363
365
366
361
365
359
363
359
369
362
367
364
370
365
370
367
370
370
366
367
371
368
366
369
369
366
371
369
369
370
372
370
374
372
373
375
373
374
375
373
375
374
376
377
379
378
379
376
377
377
374
375
375
377
375
376
378
377
374
378
376
373
377
377
371
376
374
374
375
377
377
376
380
380
379
382
382
379
385
384
384
386
385
385
387
387
389
386
389
390
388
390
386
385
386
384
385
383
383
384
382
388
388
387
390
391
395
398
399
401
399
398
397
396
394
394
393
393
395
394
396
398
402
404
413
414
421
421
421
423
418
418
417
415
417
416
417
418
420
424
431
431
429
431
436
439
437
437
437
442
436
433
432
435
436
437
438
443
440
438
438
440
445
446
448
454
464
464
469
474
474
469
468
464
462
458
455
454
459
461
465
467
476
483
481
484
493
503
507
501
501
504
511
499
492
496
487
471
465
462
456
461
465
462
465
468
469
466
463
455
453
452
449
449
451
455
452
467
473
478
500
494
492
503
504
493
489
480
477
473
476
473
476
479
493
504
507
515
514
515
510
508
505
482
474
466
457
453
452
457
462
465
473
492
509
510
509
527
559
543
523
527
534
521
516
522
537
538
543
564
574
548
524
527
515
495
499
503
506
497
492
490
493
492
490
491
492
483
481
488
505
515
526
547
568
546
535
543
538
521
519
524
542
532
525
532
531
519
510
490
485
487
487
489
488
496
500
500
506
528
560
559
561
555
531
521
534
526
523
526
551
541
542
550
545
531
524
515
496
487
484
483
483
493
507
513
520
537
587
616
603
583
587
550
535
532
518
511
498
486
484
490
516
522
533
555
624
604
604
604
579
557
548
535
528
525
548
562
575
603
726
637
641
647
613
610
641
615
596
590
599
578
569
551
528
527
527
534
535
553
548
550
558
573
554
552
563
563
559
568
607
617
588
580
593
596
582
587
617
603
577
569
577
551
527
519
509
505
508
512
521
525
537
526
516
503
500
498
495
494
502
513
515
520
534
561
561
563
568
594
577
575
574
590
571
570
585
621
600
602
616
596
579
575
595
583
587
613
566
534
532
521
510
505
498
491
493
504
511
517
537
564
560
556
563
565
553
553
566
590
580
595
616
622
594
587
601
584
567
563
577
576
567
571
603
655
635
632
670
641
625
612
622
606
597
621
609
604
604
639
615
610
607
636
605
597
600
624
598
589
594
614
596
592
621
636
601
589
598
611
599
567
549
537
524
523
534
535
541
559
608
639
667
736
707
621
598
590
583
566
561
574
591
583
605
783
755
721
684
653
607
596
603
596
571
562
584
610
596
594
630
633
613
614
649
655
630
625
613
582
573
577
593
609
649
852
702
674
620
571
551
541
539
543
559
563
578
607
652
614
604
628
630
605
597
622
609
599
599
626
607
601
613
635
625
615
635
621
615
617
633
616
614
632
634
621
639
727
666
655
647
652
615
608
621
654
622
634
760
788
681
668
665
631
636
660
649
638
652
740
696
661
657
672
638
634
669
689
645
654
703
856
701
656
630
626
606
613
656
835
722
717
700
637
639
668
665
635
633
651
643
633
657
714
687
672
668
660
632
646
729
708
687
707
746
665
662
662
654
636
652
695
650
659
688
671
613
598
601
594
577
577
608
628
608
606
644
649
613
607
615
625
604
607
646
636
649
689
736
654
646
645
612
609
621
614
605
618
674
640
644
660
691
636
628
639
624
605
605
639
643
624
650
797
710
689
257
410
653
634
646
682
650
661
682
625
618
638
632
613
614
635
606
612
631
605
596
598
638
632
617
614
607
576
559
540
537
528
527
524
522
518
516
515
521
543
572
590
641
669
626
634
655
623
618
623
660
653
666
800
824
703
713
721
662
677
723
775
718
839
927
786
776
774
701
718
786
764
870
848
768
779
733
686
690
790
752
953
824
767
804
748
854
964
823
863
879
773
822
814
789
925
882
838
882
842
739
774
894
820
884
865
807
788
717
747
822
780
794
887
739
722
640
606
582
571
585
614
639
705
713
670
671
668
622
616
628
622
613
635
716
706
825
831
704
718
743
675
692
751
800
725
809
789
723
828
803
700
713
750
692
725
953
788
827
840
747
769
768
695
706
735
712
805
937
825
911
895
749
756
776
732
817
910
781
830
937
827
779
780
808
738
796
874
781
880
879
780
838
837
749
795
837
821
903
818
751
736
723
670
720
911
822
970
895
790
798
799
729
781
871
794
918
914
842
907
855
759
794
873
785
866
868
777
824
818
736
740
686
717
796
769
884
925
798
864
794
719
740
733
689
725
722
739
877
780
786
795
720
798
694
689
633
587
569
561
552
558
575
579
564
580
576
555
548
549
543
547
563
588
612
634
647
593
559
542
530
522
521
517
518
519
526
530
526
541
563
594
622
609
622
628
617
591
568
555
547
539
533
527
537
569
614
591
563
557
542
527
527
536
539
537
546
564
570
560
566
580
570
568
579
602
605
593
600
599
577
569
579
578
576
563
549
541
534
537
548
560
553
557
565
573
577
575
592
628
680
632
634
653
683
653
685
688
650
660
686
635
629
643
657
640
683
855
706
708
712
658
638
660
693
642
612
593
563
555
550
538
535
547
552
548
535
537
531
533
531
543
559
571
563
562
566
574
579
580
592
585
572
561
541
527
521
515
510
518
521
529
553
575
653
697
655
717
742
698
701
670
720
903
712
646
600
604
735
755
853
781
788
756
697
706
726
705
709
745
744
828
869
768
810
787
695
708
726
709
804
883
771
815
793
765
751
672
614
585
592
655
680
702
676
677
709
725
666
643
642
604
583
593
635
655
679
718
752
758
711
760
733
722
722
789
772
844
813
821
780
774
748
813
860
869
836
787
768
757
1018
813
899
868
852
798
784
723
709
771
797
828
835
891
858
789
735
806
913
750
738
666
685
830
870
860
735
766
761
670
686
779
780
857
834
835
839
756
808
792
851
1008
828
844
784
768
874
885
788
821
793
692
672
693
688
754
849
751
821
814
766
828
784
795
833
810
805
799
762
741
745
757
723
798
783
762
799
791
735
739
688
689
713
742
744
763
677
644
617
611
676
675
711
754
678
708
695
631
606
622
672
666
691
668
706
650
672
653
670
661
662
697
675
701
782
682
656
618
582
576
610
679
664
596
572
569
566
574
574
572
574
565
556
548
549
585
1043
858
881
868
808
828
809
772
809
742
856
800
856
921
771
838
752
793
910
783
816
878
720
682
633
599
574
560
562
589
595
638
661
665
677
627
620
609
599
590
592
584
576
570
572
575
601
609
640
818
717
671
627
601
588
586
582
578
585
585
579
598
601
635
665
640
662
640
629
638
598
581
579
573
609
674
658
658
638
645
628
617
594
590
601
606
588
585
591
599
578
580
583
564
562
565
579
574
559
556
556
569
587
570
576
575
559
563
576
590
581
598
582
597
628
683
653
694
766
737
729
733
651
628
612
600
569
576
630
660
688
637
609
590
573
557
549
543
547
563
579
574
592
600
577
582
593
588
604
615
627
634
633
647
617
627
636
604
599
614
583
598
631
604
604
650
623
623
653
619
629
652
649
637
636
634
625
642
607
614
621
622
599
611
600
600
606
586
591
595
585
579
575
579
577
577
583
582
598
620
616
643
670
634
634
615
595
596
601
578
575
591
585
584
591
614
596
603
614
603
599
605
592
583
587
593
582
574
573
561
567
562
563
578
565
565
578
578
581
597
616
610
639
643
626
629
618
611
613
613
590
586
602
586
586
605
582
581
590
570
571
592
576
587
598
598
601
602
584
586
590
578
577
593
640
605
617
652
669
678
688
669
632
629
639
601
599
614
628
626
655
671
649
638
602
587
604
589
581
591
592
577
565
582
582
575
592
634
604
614
638
600
607
638
708
641
645
646
612
617
644
652
619
639
701
645
609
583
562
551
538
534
538
543
532
522
534
553
599
778
736
700
657
605
588
577
577
607
676
677
620
623
668
941
686
677
642
594
586
590
607
629
633
593
572
564
556
545
537
538
536
534
541
554
542
557
549
544
544
552
568
573
562
562
560
551
564
610
611
613
582
562
555
540
536
531
535
528
525
531
536
538
552
568
593
670
616
609
614
599
584
599
590
579
585
610
592
591
611
644
611
624
665
627
632
634
597
595
623
603
601
643
704
631
612
584
563
550
541
538
535
545
568
549
557
574
569
542
548
561
607
765
645
657
666
638
640
638
636
638
682
747
706
817
730
768
776
684
735
752
690
851
792
805
873
731
770
766
693
771
911
795
907
781
877
797
771
827
799
808
830
749
819
867
778
955
955
820
902
802
860
802
681
657
709
841
825
730
661
615
580
572
588
582
607
639
662
788
826
851
868
811
804
879
819
757
897
886
912
970
801
918
802
867
893
802
974
837
854
976
820
932
969
837
982
842
1052
940
905
969
882
980
855
920
908
923
942
831
953
931
855
989
865
867
952
800
924
938
798
954
945
818
1019
956
894
999
924
900
1004
940
934
1001
852
903
983
814
1030
953
839
1054
963
823
923
833
772
831
838
750
839
772
746
879
1004
913
769
716
650
615
701
690
1000
979
850
868
876
789
844
1003
1035
998
1045
901
1090
1056
896
1102
882
1136
1041
915
1123
991
944
1029
814
955
1073
940
1101
926
1174
983
1093
1021
856
1054
1038
931
1060
915
1090
1032
854
1013
996
820
1024
1023
873
1047
973
852
999
813
922
967
815
975
960
837
1010
995
830
1036
972
855
972
926
821
792
699
763
1109
862
1006
984
896
973
808
777
847
887
837
1021
871
888
938
791
912
895
888
1002
903
873
973
857
904
1008
925
849
971
830
1004
961
943
1061
934
960
1017
857
980
997
848
965
747
709
640
615
730
848
1130
962
849
916
899
751
783
758
696
771
915
806
919
918
810
873
887
770
847
882
788
867
817
766
915
979
809
895
896
773
859
847
849
971
826
921
819
786
856
804
767
824
818
726
694
619
588
582
584
585
615
651
593
577
581
593
619
669
725
676
639
646
656
668
626
649
708
767
797
855
790
801
809
806
733
784
801
685
722
771
698
789
774
904
904
822
740
833
796
671
649
682
738
762
853
733
701
697
634
604
601
640
658
685
792
679
714
775
731
952
889
778
802
872
835
730
784
902
871
959
893
943
938
777
885
907
739
857
978
766
785
707
1038
934
819
875
866
724
741
676
760
1133
1029
955
992
960
905
942
944
793
968
1040
824
977
991
765
867
729
675
617
644
1110
889
1002
854
869
896
868
755
859
970
779
916
940
807
934
861
799
890
909
798
882
901
775
858
940
866
985
1008
873
962
941
850
933
984
800
997
984
832
981
1008
821
894
895
772
923
1019
838
964
992
900
1010
936
917
964
898
958
1007
932
935
935
765
815
826
762
1013
905
892
927
810
815
831
715
688
680
733
678
804
905
768
849
854
744
810
840
742
866
863
787
941
840
855
907
816
864
874
769
869
909
813
969
858
819
883
800
918
959
847
934
860
856
963
931
853
949
937
804
918
952
840
1031
972
858
835
972
923
905
1085
962
1035
904
989
928
839
938
813
874
706
722
696
645
628
597
599
587
571
566
574
603
654
625
646
674
713
670
634
629
619
604
596
590
588
587
570
573
569
547
552
564
583
654
794
768
731
670
664
687
704
763
779
801
763
802
777
776
771
812
764
839
733
777
758
696
773
784
720
792
754
725
758
688
740
776
718
801
795
773
839
854
854
894
828
776
885
838
782
826
757
906
928
831
916
935
901
947
840
950
960
815
859
708
665
634
627
762
662
1018
816
848
838
791
812
808
802
876
824
802
887
929
814
916
841
729
762
730
673
741
1004
864
955
874
850
880
835
791
816
733
715
700
678
837
872
797
862
763
834
899
779
862
861
728
761
828
899
747
729
682
606
597
598
614
657
613
635
924
706
748
772
782
733
781
811
801
726
804
846
880
804
903
792
760
790
809
706
693
699
816
783
729
724
706
660
650
622
635
718
846
818
826
672
691
793
759
646
614
608
633
746
805
698
643
680
730
711
779
795
805
771
780
762
825
759
857
909
762
863
793
697
662
640
631
692
708
688
722
637
611
595
582
584
648
939
791
783
815
839
778
806
694
649
616
606
651
818
834
856
816
745
791
809
729
661
611
627
688
711
657
748
726
712
835
857
758
804
808
735
699
767
884
828
789
856
884
767
827
854
865
737
803
926
857
782
829
772
838
896
806
884
882
750
796
846
747
825
909
789
904
920
872
947
861
881
909
767
741
692
630
618
679
767
665
658
635
662
1026
790
836
855
802
797
794
797
747
817
871
891
764
847
830
789
870
831
788
850
857
766
864
870
802
861
771
774
871
831
782
865
908
816
839
703
725
746
728
846
898
794
825
896
912
819
910
913
805
918
871
790
889
882
979
915
849
801
906
920
783
873
897
784
888
923
770
863
820
705
781
767
686
690
633
604
608
696
653
738
928
740
782
782
706
737
811
767
853
945
816
907
965
907
899
898
752
809
934
825
974
1066
979
993
948
812
930
936
774
936
842
748
684
1175
858
933
956
824
854
898
877
776
854
952
832
1052
1016
925
1025
1000
907
1016
908
1011
961
933
1040
872
938
992
893
1027
859
788
688
611
596
601
661
717
699
792
772
712
635
616
598
590
582
581
562
558
558
560
563
563
552
554
561
584
620
613
678
816
875
904
905
933
963
914
932
984
764
783
998
858
1032
892
943
976
868
930
794
862
846
821
979
878
982
921
959
888
891
938
859
922
941
829
891
842
903
875
923
906
713
671
654
721
757
937
762
794
703
644
606
586
604
1014
828
813
848
858
799
786
836
862
801
877
919
843
943
834
915
971
835
902
901
760
901
936
766
943
918
775
879
843
733
806
667
614
601
601
622
594
602
722
736
703
732
795
778
712
751
795
767
668
679
671
682
653
732
919
768
819
883
792
849
861
724
773
724
647
612
586
600
1013
797
756
869
920
917
854
724
769
874
827
739
877
994
993
988
1039
1036
964
986
934
864
950
889
812
931
907
895
1019
942
932
977
923
946
954
828
902
956
811
934
861
792
829
785
1042
923
1015
1019
911
971
948
803
900
922
848
1034
961
919
1098
1061
927
1055
1051
963
1066
944
937
1082
923
989
1068
851
1066
1001
872
1025
956
1008
996
816
936
979
840
1024
985
887
1004
943
948
970
889
852
945
920
916
984
868
996
1012
896
966
770
665
610
587
588
625
617
1048
823
923
929
793
766
686
600
583
563
546
541
536
531
544
622
731
616
631
646
681
630
663
671
644
586
561
557
567
573
569
554
571
605
679
646
854
922
897
835
899
903
883
791
921
1007
880
1014
832
981
938
942
1032
862
878
799
757
1063
930
881
906
860
758
781
731
748
694
696
688
632
634
659
689
660
655
662
642
633
628
681
694
650
647
623
623
619
614
596
598
604
623
644
707
678
640
618
604
587
596
618
640
656
636
608
597
588
571
568
575
588
617
635
620
583
570
569
569
556
556
570
611
613
630
629
639
611
622
661
615
604
621
619
593
607
644
602
605
639
679
680
681
679
681
635
604
604
594
581
580
615
685
812
849
896
905
911
749
791
878
947
775
771
959
966
832
994
818
866
821
716
795
938
807
968
1022
854
1032
1037
823
971
878
881
986
842
979
867
782
932
870
826
908
884
811
893
830
809
941
888
977
1033
939
1065
927
917
952
779
915
949
853
1049
935
998
860
824
918
827
888
1007
866
1001
1014
959
1039
906
1036
964
916
1031
947
986
1045
929
1075
906
998
987
897
975
841
1033
914
927
943
828
938
853
849
884
790
932
862
872
947
784
888
848
824
954
924
938
908
809
922
921
901
954
871
964
847
874
849
820
954
830
950
960
859
938
868
825
932
906
932
999
837
979
926
926
990
873
1003
967
878
996
977
954
1055
940
1015
1032
944
1037
998
960
1045
951
886
710
667
644
655
1107
967
882
990
978
820
955
1002
883
992
1015
933
1081
1027
961
1041
915
908
999
955
973
1009
881
935
812
835
863
766
921
977
859
965
940
979
994
873
922
986
826
931
947
871
982
925
875
980
910
912
984
925
957
996
892
926
936
775
922
979
857
1009
1007
861
943
943
789
893
939
854
966
971
833
961
938
800
899
861
803
929
887
879
950
906
877
894
746
787
823
772
896
938
842
939
813
732
626
581
561
570
614
989
699
682
833
734
770
820
817
823
713
724
728
756
722
836
795
900
855
787
807
700
715
740
653
663
647
653
816
742
744
812
788
855
921
877
798
881
899
745
820
892
813
998
1007
847
915
915
788
854
890
805
931
938
830
909
922
812
911
919
830
969
1006
934
1009
933
881
972
896
935
993
857
937
987
899
926
988
865
970
1010
860
963
858
947
1005
875
973
994
888
969
862
921
969
871
945
1029
922
1025
893
930
869
871
847
974
1026
867
905
955
849
953
891
892
940
852
871
934
909
869
958
922
897
961
861
922
809
824
931
887
751
843
919
726
660
615
593
633
620
849
860
736
828
835
790
819
794
783
858
821
851
919
799
857
770
649
621
632
675
865
715
805
901
933
957
971
916
928
948
945
851
932
811
881
900
887
987
824
933
859
812
886
812
834
918
829
868
878
798
962
777
703
684
605
579
563
546
576
954
865
759
788
758
749
759
691
734
733
722
784
725
611
562
549
559
577
598
595
567
600
591
574
562
549
536
533
537
589
716
619
575
553
539
530
529
531
541
563
604
675
771
684
696
703
828
773
793
803
774
793
732
868
893
760
896
910
743
749
648
633
684
727
1060
958
887
963
964
891
976
955
869
805
688
644
622
688
1009
747
701
653
630
632
606
610
620
625
638
593
598
576
574
569
557
547
543
542
537
535
532
535
530
537
576
577
563
610
934
855
862
881
866
892
871
832
908
901
881
925
852
977
885
940
853
833
928
761
736
739
854
921
804
762
787
758
777
769
696
692
695
613
610
631
788
713
657
618
587
582
579
601
694
740
834
805
787
816
809
781
821
743
684
653
607
657
883
805
844
778
795
823
736
803
781
726
821
842
826
949
883
776
847
905
797
929
948
848
953
966
876
971
976
812
915
937
835
918
898
902
954
858
728
787
825
664
597
588
590
676
745
730
669
640
574
564
560
551
538
526
517
508
507
513
529
545
550
544
525
520
516
518
512
508
510
520
547
576
617
597
593
609
647
703
776
815
835
832
836
829
833
835
888
885
836
708
806
921
853
835
868
900
765
856
921
889
873
938
935
872
946
957
791
874
932
921
802
964
987
907
959
888
801
905
874
865
1018
1031
1016
1042
953
836
857
793
757
884
916
826
1000
979
906
927
871
850
964
926
930
894
925
977
887
836
818
682
651
649
714
625
581
580
572
561
585
723
788
763
717
754
787
747
678
697
747
790
786
710
741
773
836
785
737
813
855
761
907
893
768
832
869
799
817
860
733
883
868
792
919
861
895
850
761
812
797
800
878
783
798
876
785
840
886
809
905
861
852
901
820
894
932
816
930
987
969
1025
1040
863
998
1017
902
1093
1064
948
1063
1009
968
1023
905
906
1002
875
1064
953
1052
1002
983
989
920
965
1028
896
1023
1005
990
901
885
933
836
1044
1123
985
1097
1038
935
982
929
879
965
971
993
1053
959
972
1060
930
1039
1025
876
1050
989
925
1071
976
907
783
682
646
654
669
992
754
960
875
958
971
860
912
937
845
911
841
847
901
905
907
969
957
852
966
922
889
934
800
919
850
809
933
831
780
937
859
869
862
750
819
836
739
815
845
696
784
914
807
938
992
897
959
937
805
958
996
887
994
988
865
967
994
940
968
851
891
954
843
936
978
881
988
914
850
984
982
894
993
967
824
944
969
848
1021
1070
930
1019
996
834
933
879
813
950
934
795
940
931
779
904
838
770
942
920
789
852
934
761
824
863
781
790
854
778
755
789
729
757
850
737
798
832
761
858
868
833
946
930
833
921
951
794
901
908
823
1007
1003
861
1002
921
932
1009
853
965
939
856
976
927
872
1013
892
926
1000
861
962
1037
915
1003
1028
895
1047
1063
931
1081
1022
1004
1044
924
1045
1017
906
1060
1039
995
1118
1069
955
1019
1011
1026
1107
1000
1037
1047
898
1016
993
843
1124
1067
927
916
755
660
620
598
595
599
622
625
580
576
583
575
585
568
558
560
564
571
575
553
549
556
566
583
602
648
679
628
676
875
815
769
793
689
604
583
584
589
562
559
561
566
595
623
580
613
649
785
880
884
825
868
856
773
803
830
727
704
819
689
755
784
705
875
974
861
895
911
866
849
930
960
874
929
903
779
907
909
774
886
787
692
653
605
602
594
584
799
973
789
837
891
851
852
873
813
902
957
885
946
947
839
1027
961
947
1027
913
979
1010
924
1031
896
836
944
872
926
1071
971
1062
945
938
958
900
1039
964
981
1010
899
1058
1021
949
992
909
972
851
908
1013
946
1053
963
725
666
648
630
583
569
570
604
1027
716
673
636
616
599
570
562
567
562
553
541
546
553
563
558
548
550
557
567
569
596
623
633
688
862
882
891
856
780
873
830
842
945
869
1036
929
827
911
778
906
943
924
938
803
938
866
912
982
831
924
875
833
953
939
869
891
856
944
971
842
964
998
886
989
1022
902
996
1007
951
1014
943
773
888
810
794
898
872
862
862
682
609
579
569
562
554
555
542
533
533
537
552
580
631
682
733
673
631
659
727
816
748
897
905
790
850
771
850
921
737
859
902
796
943
1006
859
858
701
658
654
717
719
1054
897
886
966
924
798
826
785
697
913
995
847
960
861
897
880
794
902
833
697
651
603
593
565
588
1106
910
1020
995
900
1005
997
875
927
863
872
979
894
941
1064
953
988
991
863
1001
960
895
980
833
798
903
810
1133
943
981
1029
909
734
717
950
988
949
991
1063
937
936
948
987
907
1028
1040
923
1008
988
852
938
949
780
821
674
614
614
1108
747
765
799
747
863
861
798
879
893
817
862
900
796
835
798
668
606
581
585
622
649
687
983
921
877
872
693
620
577
565
573
588
576
550
541
569
577
572
554
563
614
719
790
805
815
761
791
810
826
778
827
878
816
886
879
726
756
814
739
649
628
639
804
753
646
584
567
560
550
532
534
541
530
521
517
528
566
559
540
554
585
588
629
769
840
870
794
811
841
877
856
893
929
875
852
839
769
885
873
765
847
907
882
769
836
853
876
771
822
842
802
745
812
830
805
829
849
745
776
846
794
796
879
868
774
880
962
871
985
925
815
880
924
841
1004
942
940
1018
931
996
992
880
987
968
865
1011
989
995
1095
977
1003
1003
890
1039
976
901
1021
942
903
994
920
901
1017
931
836
837
700
652
633
670
886
685
656
652
643
613
575
563
552
556
564
572
577
573
548
532
535
535
530
521
516
510
503
497
498
510
543
537
521
523
545
570
557
586
846
844
742
634
626
910
896
796
899
944
893
790
870
791
759
874
853
791
919
960
911
769
752
884
929
898
739
729
790
1054
860
1034
1008
1002
881
944
968
872
878
904
873
839
1014
1014
958
938
898
831
819
758
728
739
763
750
658
625
603
585
615
832
699
810
888
822
812
866
869
772
871
895
801
934
936
837
973
978
858
1004
973
799
910
978
832
979
954
862
988
978
824
914
911
786
889
979
885
1012
1010
926
1033
969
920
1013
979
880
1053
995
885
1023
994
897
1038
1017
924
1048
759
693
736
644
620
602
601
586
568
561
559
568
574