760
768
770
780
828
911
937
952
965
994
990
1005
997
1018
1022
1042
1084
1062
1028
997
1350
1453
1258
1283
1403
1253
1238
1085
1065
1262
1251
1232
1171
1148
1135
1192
1264
1220
1148
1117
1145
1325
1218
1074
1068
1205
1274
1185
1117
1202
1300
1210
1123
1145
1119
1100
1087
1152
1158
1087
1012
993
1082
1292
1246
1141
1082
1102
1138
1112
1076
1037
1016
1070
1181
1141
1075
1028
1074
1105
1074
1024
981
1013
1093
1088
1052
1087
1212
1172
1110
1105
1141
1153
1109
1094
1176
1188
1122
1163
1124
1094
1056
1170
1185
1085
1157
1253