749
777
828
815
732
747
799
841
748
755
831
891
884
933
743
704
705
737
786
808
676
638
625
678
789
786
815
776
689
650
647
656
701
638
643
650
692
736
671
749
787
785
665
641
663
623
604
612
641
672
640
615
615
630
630
592
594
603
620
582
564
560
546
542
551
579
631
624
570
557
549
558
579
611
654
618
603
616
661
666
617
633
612
567
547
532
524
523
519
521
554
720
808
813
714
710
780
852
773
758
796
778
649
607
599
612
613
578
572
577
646
761
776
757
733
745
706
690
715
655
619
635
668
745
739
671
709
901
795
688
660
670
690
757
779
749
665
675
694
669
632
656
725
773
683
660
681
726
749
763
780
769
714
614
589
568
558
582
756
770
729
764
784
804
711
646
611
616
587
588
586
576
584
580
571
566
548
536
532
535
527
530
523
522
516
523
519
515
509
497
498
494
492
487
487
485
479
481
476
474
473
476
469
467
463
470
464
463
467
463
459
459
461
458
458
454
456
451
451
451
450
448
444
448
441
441
443
438
439
441
439
438
434
439
438
439
440
438
444
439
438
439
441
441
439
435
441
440
438
444
440
438
441
437
437
439
432
436
438
432
435
438
432
429
434
432
426
427
422
424
432
426
425
425
419
421
424
417
416
423
414
411
415
418
411
415
412
413
411
413
413
409
410
419
410
408
412
415
410
415
412
412
410
414
416
412
409
418
417
410
412
415
416
410
409
414
412
408
412
413
407
411
406
410
405
407
408
407
399
410
407
408
406
405
407
403
403
409
404
404
400
398
400
399
402
397
397
401
397
397
398
398
394
398
394
396
395
395
398
396
396
397
396
400
398
399
399
397
401
401
399
400
401
403
401
397
400
401
399
399
397
404
399
399
402
401
401
400
397
400
399
398
396
398
398
396
393
397
396
396
395
393
396
397
396
395
395
399
392
392
396
396
393
392
392
398
397
396
393
396
400
397
394
396
397
400
394
392
398
396
394
390
392
397
393
389
390
392
395
391
389
389
390
393
391
391
390
389
393
390
390
392
389
394
391
390
392
393
394
391
387
395
392
393
387
388
394
389
388
387
386
392
387
389
387
387
389
390
388
388
384
389
387
389
381
382
386
386
383
381
378
385
383
386
382
382
382
382
385
382
380
381
382
385
383
384
383
382
383
383
385
381
379
382
381
386
379
377
380
379
382
381
383
379
375
383
377
380
380
378
378
377
383
378
377
378
377
381
378
385
377
379
380
379
380
381
380
381
380
386
382
381
383
382
384
387
383
381
381
389
385
382
381
382
386
381
382
383
382
385
381
386
382
383
384
382
385
383
378
381
379
382
381
382
374
375
380
381
383
383
377
380
381
386
386
378
383
381
390
382
382
384
383
386
385
389
380
380
384
380
382
385
378
379
376
383
380
383
378
376
382
378
380
381
378
378
376
383
381
381
377
374
381
379
384
377
375
379
375
379
379
381
371
373
378
375
374
376
373
373
372
377
376
378
376
372
377
377
380
376
375
376
376
383
375
379
377
376
377
377
381
377
372
378
376
380
379
379
377
373
379
378
380
382
378
381
377
386
381
381
381
381
381
380
383
380
376
377
375
378
376
382
374
376
375
375
378
376
379
379
372
375
376
380
377
377
378
377
379
379
383
376
375
383
376
380
379
378
380
376
380
379
382
374
372
380
375
378
379
377
375
375
381
376
377
375
375
379
375
383
375
375
377
374
378
376
380
375
371
376
372
379
372
375
375
375
372
373
378
374
372
375
373
372
370
378
369
373
370
372
371
370
377
368
373
372
369
371
369
378
369
373
369
372
371
370
373
374
370
368
366
373
367
371
369
375
374
372
373
371
380
375
376
377
377
377
374
383
374
376
376
376
379
375
378
378
378
376
373
380
376
381
375
375
375
374
378
375
379
374
369
377
373
380
379
381
382
378
383
384
387
383
381
384
382
386
385
388
379
379
386
384
377
379
379
381
378
383
382
381
376
376
382
376
377
376
376
375
373
378
375
379
374
372
376
374
376
375
379
371
369
375
371
374
374
375
372
370
373
373
377
376
373
370
374
374
372
376
373
377
373
372
370
370
376
371
373
373
368
373
377
366
373
374
366
368
368
370
364
365
367
361
367
364
360
364
363
358
356
356
359
357
359
354
352
355
354
352
351
351
352
349
352
354
346
348
346
351
345
350
350
344
344
345
348
343
347
347
341
345
344
346
342
341
345
342
343
344
343
342
340
343
339
342
342
341
340
337
342
337
341
339
340
342
343
333
335
340
338
340
339
342
337
334
339
338
341
340
340
339
335
341
336
340
338
341
337
336
336
336
338
336
339
336
338
337
334
335
334
340
334
338
336
333
333
332
337
334
336
335
334
334
329
336
332
334
333
337
329
334
335
332
330
330
333
332
333
334
332
332
327
332
328
331
330
335
326
332
333
332
327
328
329
329
331
329
332
333
327
329
326
335
325
330
328
332
329
330
330
330
332
328
325
327
332
328
334
327
332
332
332
327
327
330
328
331
329
333
327
329
332
325
329
328
329
327
330
329
330
328
327
330
328
327
325
332
326
331
327
332
329
332
328
327
330
327
330
328
332
326
330
331
330
327
327
327
326
329
327
331
324
329
329
328
323
325
326
325
327
326
328
323
327
327
324
325
322
328
321
324
323
326
324
327
326
326
323
325
328
324
323
324
325
321
325
326
325
321
327
327
324
326
325
323
323
326
321
326
324
326
322
328
325
321
325
323
326
321
325
325
325
321
328
325
322
324
326
322
320
323
322
324
322
325
323
321
323
323
325
322
321
319
324
319
324
323
323
320
325
324
320
323
324
322
319
322
319
324
319
324
323
323
321
323
324
323
320
322
322
318
323
321
323
319
325
321
322
320
323
322
319
321
318
322
317
322
320
324
319
322
323
322
318
320
324
320
319
320
321
319
321
320
323
320
323
321
322
319
322
324
320
321
320
319
319
320
319
323
320
326
317
326
321
324
319
323
322
320
320
319
321
320
322
321
324
320
323
323
323
320
324
325
322
318
319
321
321
320
318
323
320
323
320
322
322
322
323
321
322
320
323
318
322
320
321
320
323
319
322
324
322
324
323
320
321
324
322
319
320
324
319
322
322
323
321
322
322
321
319
320
321
319
320
318
322
319
321
321
322
319
322
322
320
317
319
320
316
318
318
322
317
320
320
320
317
320
322
320
316
315
319
317
317
317
320
317
319
317
321
316
319
322
318
319
317
318
316
318
315
317
316
317
316
320
315
319
318
319
316
319
319
318
316
317
319
314
317
317
316
317
314
316
319
316
318
316
321
314
318
322
318
316
317
320
316
315
316
317
314
315
315
317
316
318
315
316
316
319
317
316
317
319
319
318
322
318
322
318
321
324
320
321
325
322
323
326
326
325
328
326
327
328
328
330
331
331
332
333
332
333
333
334
333
338
335
336
337
337
336
338
338
338
340
339
339
340
341
341
345
341
342
345
343
344
345
344
345
349
345
348
349
348
350
350
348
351
350
353
351
352
354
353
354
353
353
354
355
358
354
357
359
358
361
360
360
362
362
360
362
358
359
359
355
359
359
361
360
361
364
366
366
369
370
371
374
377
378
375
379
378
382
375
378
379
380
377
377
379
381
376
376
379
377
381
377
379
381
380
380
378
378
374
371
376
374
377
372
378
378
383
379
382
385
387
387
386
390
392
392
388
390
391
390
391
387
390
390
391
389
388
391
392
393
389
392
386
386
389
387
392
391
389
396
398
397
398
400
403
398
400
404
406
408
403
408
407
407
405
403
403
397
403
401
401
401
405
408
408
408
413
413
414
410
417
416
419
419
415
420
421
423
418
420
420
419
420
414
422
422
421
420
424
428
423
421
425
424
421
418
420
411
411
414
415
417
411
417
421
426
427
424
433
432
436
429
438
436
435
433
434
436
433
435
430
427
423
422
424
424
428
426
432
435
443
449
445
447
446
448
445
444
438
433
430
432
432
429
430
434
440
445
451
452
456
461
462
455
458
459
459
451
451
455
453
452
447
449
451
452
450
443
454
453
449
453
459
459
454
455
460
457
451
454
453
452
443
445
441
437
438
444
444
443
443
448
454
451
448
452
457
454
450
453
458
457
461
457
457
464
464
461
455
464
465
466
460
467
468
472
461
469
469
469
459
458
462
462
463
459
455
464
468
464
458
463
467
463
458
460
464
465
465
460
467
468
469
462
464
465
458
454
453
453
443
449
450
452
448
445
455
456
460
453
464
466
472
463
464
469
471
468
463
461
458
467
467
469
474
471
479
481
483
492
484
485
493
493
479
483
478
480
474
469
471
476
478
477
479
481
489
494
480
492
484
469
479
468
459
464
456
447
451
440
444
446
434
439
433
426
433
425
428
424
415
420
414
409
408
411
400
400
405
392
396
398
390
390
396
385
386
392
383
381
389
383
379
385
380
376
382
375
379
375
377
374
375
373
377
376
373
374
374
376
369
369
376
366
367
371
372
367
364
363
372
365
363
363
364
364
363
361
364
362
365
359
356
364
357
361
356
354
361
355
361
355
353
357
355
354
352
352
355
353
354
354
351
352
353
354
351
349
353
350
351
350
349
349
347
351
349
345
348
346
349
347
349
343
343
349
344
345
345
344
341
341
347
341
343
339
339
342
341
342
339
335
341
336
339
338
338
336
333
336
335
336
334
336
334
334
332
332
332
331
337
328
332
333
332
328
328
332
330
331
330
332
332
323
330
326
331
327
330
327
329
329
328
327
326
330
327
328
329
330
327
327
326
326
325
324
330
325
329
328
330
326
325
327
325
326
326
330
325
327
329
327
324
323
325
324
326
325
329
323
326
327
326
322
323
323
323
323
324
327
324
326
323
324
324
324
322
320
327
321
325
325
326
322
322
323
322
322
319
326
322
324
324
324
322
323
322
321
324
318
323
321
325
322
326
323
324
322
327
325
320
324
323
324
321
325
325
324
324
325
323
321
323
322
319
322
325
321
324
323
325
320
323
324
320
322
320
324
320
322
321
324
320
322
324
324
322
320
323
320
319
319
323
320
325
317
324
323
318
321
324
318
318
321
319
321
318
321
321
322
316
322
322
318
321
320
322
317
318
319
320
318
322
320
322
319
322
322
317
321
319
320
319
319
319
321
317
322
321
321
319
322
322
318
320
323
314
316
319
318
318
316
320
317
319
319
322
316
322
320
320
319
318
318
321
314
318
319
317
318
318
320
316
320
321
320
317
318
321
318
317
317
319
316
316
319
322
315
320
319
319
317
317
320
313
318
317
319
315
318
317
321
315
320
318
319
317
318
322
318
315
316
318
317
316
316
319
315
318
317
319
319
319
318
316
317
318
320
315
316
317
319
314
318
318
321
315
321
318
317
317
318
320
319
315
319
316
315
319
318
319
316
321
319
319
317
320
319
318
317
317
318
317
313
317
319
316
317
316
320
315
320
318
317
320
317
316
316
319
313
315
315
318
313
315
317
318
315
318
317
318
314
317
319
316
313
313
315
314
313
313
317
313
314
315
316
314
315
316
316
313
317
317
313
313
316
314
314
313
313
316
313
315
316
314
316
315
317
316
318
318
316
321
320
318
320
322
321
323
325
323
325
326
326
326
328
327
329
332
329
329
335
330
332
333
335
332
334
333
336
334
334
335
337
333
336
338
336
338
338
338
338
341
337
340
340
341
340
342
341
344
342
342
345
345
344
345
346
347
349
346
347
350
348
347
349
346
347
347
347
345
345
345
345
347
345
349
351
353
354
354
354
359
356
356
360
358
357
358
357
359
358
357
359
358
361
361
360
362
365
364
364
366
368
366
366
367
368
367
366
368
368
369
370
368
370
374
374
378
377
377
379
380
380
376
376
375
370
375
375
375
374
379
380
384
385
388
389
392
391
388
393
394
394
391
392
393
394
389
394
391
396
396
392
398
397
403
401
404
405
403
399
404
402
403
396
402
400
401
403
404
407
404
403
403
399
396
396
397
397
393
398
396
400
401
403
405
406
408
409
409
411
410
406
410
410
410
404
408
408
410
412
406
412
413
417
418
413
420
419
416
412
419
415
413
409
413
413
409
409
413
411
413
406
411
409
406
411
409
412
409
407
413
411
415
412
413
418
420
420
415
422
420
421
418
420
422
417
414
418
420
420
418
421
424
428
430
427
434
432
430
423
425
416
416
419
417
416
413
420
419
423
421
429
431
432
431
437
436
434
427
434
429
426
422
428
427
427
423
429
432
430
434
438
440
440
434
441
438
435
429
436
432
432
431
426
432
434
441
442
441
436
434
430
433
432
427
426
431
431
433
430
437
436
441
439
441
447
450
449
442
451
447
449
440
444
444
445
443
443
440
436
431
424
425
434
436
438
443
439
444
445
441
438
442
442
441
436
443
441
443
437
446
447
450
443
449
448
447
441
439
445
443
438
441
443
441
438
443
440
438
435
437
427
431
431
432
429
426
434
435
434
438
442
444
446
445
439
434
435
438
434
435
433
438
439
441
448
449
452
443
451
453
457
447
454
454
452
450
444
448
446
442
446
452
446
446
451
452
453
447
453
451
448
442
447
446
448
436
435
441
430
434
436
424
428
428
421
423
412
419
413
410
413
407
406
402
403
398
395
398
396
391
394
395
387
389
390
385
386
388
379
385
383
381
378
379
378
380
378
375
377
378
373
374
373
376
368
371
375
368
363
376
363
363
369
366
365
365
363
366
363
369
357
360
367
358
357
361
358
360
357
357
354
357
360
354
353
355
353
353
354
352
350
349
355
348
349
347
347
350
345
350
350
341
345
343
348
346
343
343
342
338
338
345
337
340
339
336
337
332
339
337
336
338
338
333
335
335
331
336
332
337
334
333
331
331
333
331
337
331
333
333
330
333
327
336
330
333
332
332
330
328
329
329
329
329
332
325
330
333
328
328
327
330
323
330
328
331
326
329
327
325
325
327
326
326
330
326
326
328
325
326
323
326
325
326
325
330
324
327
326
326
325
322
328
325
324
324
328
324
325
328
327
324
321
327
323
324
323
328
322
325
326
326
322
322
324
323
322
323
327
323
324
325
324
324
323
324
322
322
321
325
322
324
322
324
322
322
325
321
319
320
324
318
321
321
325
319
321
324
322
319
319
321
321
319
317
322
319
320
319
324
319
321
322
318
320
319
320
320
317
318
322
318
319
320
323
320
320
318
320
318
321
321
318
321
317
322
322
323
320
325
320
322
325
321
321
320
323
323
323
322
325
319
324
323
322
318
323
323
320
322
322
324
322
323
323
324
319
318
323
319
320
321
324
319
322
322
322
319
320
318
319
324
314
322
320
322
318
323
320
322
317
320
321
318
318
318
319
320
319
320
323
318
320
320
320
318
319
320
320
315
317
322
318
320
318
322
317
321
320
322
315
316
319
315
319
315
322
316
323
318
318
317
317
319
317
319
318
319
313
319
317
321
315
320
319
318
317
318
321
316
317
319
317
313
319
317
320
316
319
318
320
316
318
320
319
315
314
319
316
315
317
319
315
318
318
318
313
317
318
316
316
315
317
313
315
315
318
314
316
315
318
313
317
317
316
313
314
317
316
312
315
317
314
316
315
318
314
316
316
316
313
315
316
314
312
313
314
315
313
314
318
313
317
313
318
313
316
316
314
314
313
317
312
314
313
314
313
315
312
313
313
317
313
315
313
317
314
316
315
315
314
314
313
315
312
312
316
311
313
313
316
313
314
314
316
313
314
316
315
313
312
317
314
313
311
315
312
312
312
315
312
316
312
315
313
315
313
314
317
310
315
316
313
311
315
628
310
314
313
315
314
311
313
315
316
313
316
313
319
315
316
315
317
317
320
319
324
318
321
320
321
321
324
322
322
321
327
320
323
321
324
323
324
320
325
321
323
320
326
320
323
320
324
320
323
319
323
322
321
318
322
318
324
318
320
318
322
318
320
318
321
318
318
319
323
318
320
321
324
318
321
319
325
322
320
323
319
319
323
326
325
324
323
324
326
326
323
325
328
325
323
327
327
328
323
327
328
328
324
329
328
330
326
330
326
333
327
330
329
331
329
329
330
331
328
330
327
329
333
329
328
329
334
328
330
331
333
328
330
330
333
330
328
329
333
328
330
328
333
329
329
328
332
330
328
329
333
329
328
328
332
327
330
327
332
328
330
327
332
328
330
329
331
329
331
328
333
329
333
329
333
331
334
329
334
330
337
330
335
332
338
331
336
330
338
333
334
332
335
332
333
332
333
332
329
334
332
329
331
334
330
332
329
334
330
331
330
333
328
331
329
333
329
332
328
332
329
334
327
332
330
335
331
332
330
334
335
331
332
333
339
332
334
335
338
334
335
335
337
332
336
333
337
332
337
334
337
334
336
331
338
335
336
334
339
335
337
338
338
337
336
338
337
339
334
338
334
336
334
339
334
340
334
337
336
339
334
337
339
336
335
336
337
337
336
335
338
337
336
334
340
336
335
335
339
334
338
334
339
336
338
334
340
336
338
337
337
338
339
339
337
341
340
339
338
343
340
340
339
344
341
343
339
344
339
344
339
343
343
344
341
343
342
343
342
340
343
340
342
338
343
339
343
339
345
339
343
340
344
340
342
339
344
341
342
342
344
340
341
343
342
343
340
342
342
343
341
344
343
344
339
343
340
344
342
342
343
344
344
341
344
343
343
343
344
341
342
340
342
338
343
337
343
339
343
337
342
341
340
337
341
342
337
336
337
340
337
336
334
339
333
337
335
337
333
337
333
338
336
338
334
340
336
338
334
340
337
339
336
339
338
340
339
340
339
337
340
339
340
335
341
337
339
336
339
336
340
336
339
336
342
336
339
337
341
334
339
339
337
336
338
340
335
336
336
341
335
338
335
340
336
339
336
340
337
341
336
341
338
342
338
341
341
340
338
341
343
339
339
339
341
339
342
336
341
337
341
337
343
339
341
339
342
340
340
339
341
339
339
339
337
341
337
338
339
341
339
341
338
344
339
342
338
340
338
340
338
340
339
338
340
338
337
335
340
335
339
335
338
334
339
334
339
334
341
335
337
336
339
333
337
335
338
338
336
337
334
337
336
334
334
336
333
336
335
337
335
340
333
336
333
340
332
337
336
336
333
336
337
334
336
335
338
334
337
334
339
337
341
339
342
341
345
340
344
346
343
345
343
349
346
346
346
350
346
351
348
352
347
348
347
351
348
344
348
347
348
343
348
345
350
345
349
346
349
345
348
347
347
344
343
349
345
348
344
351
347
350
346
350
348
347
347
348
349
344
348
346
351
346
352
346
349
344
346
343
345
346
346
342
343
345
343
343
341
346
343
345
342
344
343
341
344
342
342
339
342
339
344
340
342
340
345
341
347
343
347
344
348
343
347
346
348
349
344
346
344
349
347
351
348
352
351
349
348
349
350
348
348
344
349
347
351
348
353
347
349
349
350
346
346
348
345
347
344
349
346
348
344
348
346
348
347
347
345
344
347
344
349
345
350
346
350
349
348
347
348
351
347
346
347
352
347
350
348
350
345
349
347
346
346
343
348
344
347
343
349
344
350
341
347
346
347
349
345
344
344
348
343
346
343
348
343
345
344
346
340
344
345
343
342
340
342
340
341
336
343
339
342
339
344
339
345
339
342
341
343
338
341
344
339
338
339
342
338
338
338
342
337
340
338
342
338
341
340
341
339
341
340
342
341
340
341
340
338
337
341
339
339
335
342
337
341
336
343
337
343
337
341
340
340
339
340
344
338
338
339
340
337
338
337
341
337
340
336
342
339
341
338
343
338
342
339
340
342
342