1063
1160
1067
1000
1002
1205
1335
1146
997
1051
1203
1344
1243
1251
1304
1290
1163
1199
1279
1244
1199
1229
1355
1332
1257
1097
1147
1436
1371
1294
1218
1287
1368
1316
1229
1235
1344
1281
1188
1222
1366
1369
1235
1129
1307
1374
1296
1208
1222
1328
1341
1274
1180
1220
1243
1180
1177
1271
1362
1266
1237
1336
1287
1202
1210
1236
1216
1150
1240
1235
1172
1088
1130
1269
1256
1186
1180
1318
1316
1230
1077
1045
1116
1354
1276
1153
1213
1246
1197
1119
1041
1094
1339
1334
1196
1158
1198
1161
1106
1122
1182
1166
1088
1056
1156
1144
1105
1026
1055
1144
1214
1157
1044
1084
1096
1064
1038
1096
1160
1189
1131
1069
1086
1210
1190
1110
1190
1187
1133
1132
1152
1134
1134
1110
1049
1070
1115
1146
1090
1108
1214
1139
1029
1005
1099
1233
1220
1100
1108
1094
1142
1102
1260