754
755
745
729
712
701
689
690
701
727
737
752
749
755
746
735
728
722
720
716
729
736
741
748
749
741
751
749
753
743
742
753
758
764
771
782
788
774
753
732
722
718
705
693
680
672
663
662
668
687
747
921
945
885
882
871
817
783
754
727
704
686
670
656
646
635
598
642
630
621
617
633
671
710
730
736
728
729
736
718
716
703
690
680
681
679
688
707
740
770
773
774
769
758
742
740
736
728
723
730
726
738
741
750
744
729
734
743
775
803
840
823
813
790
763
736
728
724
709
710
711
700
693
704
715
741
791
803
788
769
766
759
744
734
720
705
703
704
701
708
716
729
731
722
723
729
750
745
739
727
718
721
712
713
717
706
720
733
763
809
793
771
777
774
770
757
734
724
724
723
739
759
769
750
757
771
798
827
827
845
854
841
804
790
789
799
820
802
801
835
830
784
771
776
791
823
808
797
811
845
874
848
832
798
786
786
792
773
751
748
753
756
766
756
794
797
818
808
790
815
824
804
787
762
761
780
798
810
796
790
771
774
770
759
749
722
723
722
728
754
818
837
824