1075
1303
1272
1252
1143
1018
967
911
923
1028
1014
1036
1150
1193
1070
1002
1018
3271
1002
1063
1235
1185
2279
1152
1071
1036
1086
1125
1021
1061
1282
1168
1088
1276
1243
1102
1167
1172
1083
1125
1144
1098
1106
1265
1106
1055
1276
1232
1208
1106
1195
1048
1066
1282
1290
1146
1111
1261
1233
1115
1101
1123
1086
1126
1172
1093
1103
1350
1294
1209
1280
1204
1054
1040
1034
1053
1271
1330
1160
1089
1076
1063
998
1056
1188
1087
1065
1196
1245
1092
1137
1135
1061
1047
1085
1124
1050
1066
1134
1074
982
983
1052
1143
1218
2360
1213
1176
1078
1079
1196
1179
1162
2543
1239
1137
1166
1267
1199
1081
1149
1185
1137
1260
1328
1161
1104
1139
1199
1204
2636
1168
1121
1193
1073
1095
2493
1214
1292
1218
1145
1164
1147
1135
1271
1288
1150
1222
1265
1211
1285