994
1029
1129
1173
1104
1068
1115
1100
1063
998
934
913
915
921
954
962
950
1008
1113
1166
1186
1088
1098
1117
1129
1134
1082
1112
1133
1160
1065
1003
1008
1066
1061
999
1023
1012
1000
969
937
959
980
973
983
980
968
998
1040
1092
1061
1043
1075
1136
1176
1151
1118
1124
1146
1152
1089
1156
1202
1206
1144
1169
1168
1178
1084
1129
1156
1175
1082
1115
1166
1177
1127
1083
1097
1072
1049
1042
1112
1172
1117
1076
1113
1147
1122
1054
1065
1093
1047
1023
1016
1049
1061
1043
1030
1070
1171
1119
1088
1106
1141
1097
1078
1090
1094
1038
1041
1109