894
950
974
964
956
943
945
934
915
886
881
870
883
949
1011
1023
1024
1055
1055
1053
1104
1073
1049
1028
1038
1046
1093
1081
1021
1033
1112
1117
1061
1080
1189
1201
1100
1047
1029
1079
1108
1102
1055
1115
1134
1111
1076
1057
1086
1126
1054
1047
1101
1097
1052
1084
1091
1042
975
973
991
1020
1058
1027
1099
1125
1114
1079
1070
1060
1042
1009
1023
1026
1007
966
995
1057
1075
1025
1032
1019
963
962
979
992
982
966
973
994
969
973
1025
1055
1040
1019
1007
970
957
939
971
1005
1054
1016
1030
1058
1082
1042
1044
1068
1040
1024
1017
1027
990
956
981
1042
1098
1027
1025
1078
1069
1036
991
1013
1022
1030
1024
1033
1070
1078
1032
1023
1031
1000
957
961
977
1045
1003
969
1009
1038
1029
971
986
990
997
963
980
1011
1000
941
956
1001
1032
997
976
986
1027
1011
1011
1034
1054
1068
993
988
1004
1003
950
973
1002
1009
966
998
1021
1027
954
1001
1065
1086
1030
993
1004
1006
1014
979
992
980
950
943
955
1001
979
983
971
992
995
977
938
931
955
965
978
951
997
1063
1106
1003
996
1042
1075
1041
1034
1042
1015
999
940
960
1031
1069
1019
1007
1032
1011
997
999
991
979
972
993
1043
1039
1007
1032
1103