1140
1165
1111
1031
958
972
1061
1137
1199
1124
1071
1093
1189
1255
1260
1146
1162
1233
1195
1101
1161
1321
1299
1136
1263
1291
1218
1130
1211
1199
1134
1132
1245
1313
1197
1265
1297
1153
1149
1229
1209
1111
1175
1272
1234
1269
1233
1158
1126
1218
1241
1124
1134
1250
1210
1153
1171
1226
1183
1135
1178
1182
1141
1189
1283
1252
1187
1119
1154
1213
1205
1252
1198
1123
1201
1310
1280
1134
1132
1156
1126
1145
1322
1208
1069
1042
1068
1101
1122
1180
1291
1205
1091
2333
1167
1188
1170
1076
1103
1264
1279
1194
1211
1225
1111
1052
1077
1146
1152
1196
1277
1236
1107
1046
1174
1235
1188
1091
1158
1245
1146
1088
1156
1187
1153
1090
1200
1284
1206
1111
1138
1189
1166
1136
1218
1265
1220
1111
1155
1257
1230
1110
1145
1188
1132
1200
1283
1254
1161
1175
1164
1076
1089
1106