1401
1459
1500
1448
1432
1375
1396
1495
1443
1419
1395
1530
1512
1519
1492
1492
1484
1354
1422
1528
1526
1342
1345
1445
1504
1471
1386
1411
1393
1370
1355
1459
1320
1233
1373
1466
1437
1363
1434
1360
1338
1407
1367
1264
1328
1446
1476
1347
1197
1258
1217
1236
1203
1164
1295
1202
1305
1362
1300
1286
1405
1300
1306
1424
1383
1376
1432
1363
1274
1381
1556
1446
1443
1468
1436
1431
1427
1386
1391
1440
1388
1342
1453
1387
1370
1438
1326
1399
1466
1302
1395
1298
1327
1415
1271
1325
1397
1307
1339
1393
1302
1396
1396
1276
1244
1343
1357
1257
1212
1394
1375
1340
1333
1342
1291
1323
1459
1410
1377
1393
1320
1267
1396
1412
1330
1363
1363
1266
1333
1412
1305
1311
1355
1296
1340
1360
1304
1301
1326
1245
1104
1211
1366
1237
1372
1347
1296
1275
1228
1185
1257
1333
1218
1233
1268
1175
1171
1359
1277
1260
1390
1307
1236
1289
1270
1278
1375
1380
1397
1361
1353
1276
1277
1442
1475
1373
1391
1452
1317
1373
1452
1308
1409
1451
1273
1412
1437
1427
1427
1391
1271
1400
1477
1377
1263
1320
1398
1401
1344
1369
1348
1300
1372
1349
1284
1182
1337
1443
1418
1348
1322
1228
1112
1009
1086
1162
1214
1211
1323
1282
1259
1251
1139
1271