923
860
791
843
685
627
607
618
833
1008
964
1000
932
975
950
868
980
1012
879
769
858
1018
1033
1074
927
896
1042
927
974
1088
1027
931
1090
1025
861
1047
968
945
1046
917
864
1060
937
937
1044
910
969
1048
897
1030
1017
870
979
889
756
950
992
862
1043
1032
855
1010
1009
849
986
983
878
1019
884
762
1006
1026
831
976
964
796
920
897
777
759
824
683
682
701
670
759
1044
824
906
936
820
815
892
795
888
967
854
940
962
824
913
1062
945
836
1046
969
834
986
1017
901
1072
1022
841
979
1010
950
1048
1095
959
1021
1064
1034
818
844
1168
1062
881
1022
1055
860
1030
1002
886
1095
1002
882
1001
997
885
983
960
872
1042
1018
804
1007
1023
895
768
974
1039
880
984
1056
936
839
995
1016
889
989
1001
850
902
1023
890
981
1068
936
955
1054
1063
888
1016
1073
964
1012
1077
954
912
994
1035
846
990
1087
969
969
1006
849
794
1106
1070
831
899
933
756
736
656
667
1079
867
1063
940
876
976
894
840
929
900
791
1007
1073
967
953
1052
998
873
1084
1059
895
945
936
717
655
675
1094
829
1088
1032
973
1062
950
818
814
745
759
977
1012
840
957
1015
926
894
962
837
803
1018
938
850
1030
971
840
977
967
843
948
900
803
1019
1029
916
1007
1058
927
960
1028
921
1058
1073
926
1039
1006
811
1008
1031
874
1027
1075
918
971
1088
957
799
1000
1054
898
895
1095
1036
880
1001
1054
894
1007
1026
957
1128
1022
952
1071
900
940
997
877
940
1073
959
1007
1021
874
930
1068
929
981
995
873
1012
1055
865
971
771
708
688
646
696
808
726
1127
1001
903
1003
982
832
853
921
869
781
988
1017
913
905
1024
996
858
970
947
924
1043
902
889
1061
1020
867
1005
1086
939
1064
1098
978
824
1090
1113
1015
846
1011
1117
1040
849
974
1015
857
842
1052
979
803
921
986
801
764
935
951
809
661
624
598
613
751
699
703
996
973
864
851
919
886
732
793
995
881
784
927
939
761
755
851
972
796
901
1024
946
783
888
1050
865
862
1035
1000
849
916
1082
913
820
977
1006
938
847
1030
1057
930
978
1021
984
841
985
1068
962
858
952
1039
944
894
1045
1057
912
956
1055
1030
860
955
1029
900
907
1049
995
910
1030
1052
892
894
974
938
798
954
1001
893
813
970
1064
930
982
1004
842
1003
1074
1011
864
1024
1060
942
1026