989
1009
964
877
803
831
1004
1218
1161
1070
979
976
925
896
798
759
757
777
999
1285
1280
1217
1187
1083
1032
959
880
811
792
801
842
1172
1414
1277
1205
1096
1021
963
917
896
832
802
777
789
884
1207
1268
1206
1131
1035
964
909
895
836
807
821
850
904
1204
1289
1188
1103
1021
961
925
879
834
791
766
761
770
852
1193
1219
1190
1120
1050
971
935
913
868
820
788
785
813
996
1269
1209
1127
1053
987
1008
957
903
846
817
789
794
1040
1175
1199
1170
1053
999
948
922
857
818
783
778
790
874
1138
1240
1165
1077
1005
944
904
858
822
781
756
748
761
841
1082
1265
1203
1161
1048
967
924
875
829
786
762
755
764
830
1045
1172
1107
1028
968
921
865
833
797
768
751
741
752
790
893
1071
1124
1109
1049
978
934
883
846
790
757
752
756
792
872
1207
1293
1190
1104
1023
974
934
885
825
786
768
763
781
838
953
1093
1069
1031
978
924