1069
1104
1097
1064
1090
1143
1146
1066
1081
1079
1067
1064
1119
1168
1030
1030
1069
1054
1008
1025
1036
1013
1025
1041
998
982
994
1016
1019
1019
1060
1071
1073
1167
1188
1119
1161
1143
1086
1104
1260
1312
1208
1187
1189
1168
1110
1217
1269
1208
1157
1185
1184
1224
1135
1188
1257
1260
1152
1174
1176
1152
1092
1123
1140
1090
1054
1131
1195
1148
1144
1210
1194
1133
1156
1174
1132
1093
1143
1209
1252
1167
1161
1295
1320
1279
1177
1173
1183
1168
1141
1149
1158
1123
1146
1146
1091
1055
1068
1133
1122
1081
1115
1154
1146
1121
1150
1100
1091
1128
1125
1111
1097
1135
1150
1061
994
1003
1050
1063
1075
1132
1193
1162
1101
1091
1083
1058
1012
1017
1032
1083
1040
1066
1114
1118
1078
1090
1126
1122
1100
1160
1138
1070
1056
1057
1062
1033
1081
1165
1139
1079
1132
1120
1064
1140
1166
1064
1038
975
987
978
983