988
956
960
1007
1077
1140
1111
1059
1024
1033
1071
1143
1117
1030
1006
988
994
1047
1153
1156
1097
1090
1141
1203
1247
1244
1165
1090
1113
1253
1330
1297
1217
1282
1284
1209
1156
1189
1452
1319
1259
1161
1295
1328
1269
1191
1196
1251
1226
1160
1162
1266
1274
1242
1134
1157
1200
1230
1170
1091
1114
1160
1211
1210
1177
1198
1155
1130
1160
1249
1219
1188
1188
1253
1278
1217
1145
1224
1241
1173
1102
1169
1273
1225
1162
1236
1302
1213
1184
1228
1198
1212
1231
1186
1171
1154
1233
1272
1157
1110
1141
1233
1220