1104
1160
1222
1224
1156
1171
1107
1003
968
972
997
1055
1102
1194
1166
1112
1156
1229
1186
1122
1258
1299
1183
1218
1309
1171
1203
1340
1325
1242
1289
1254
1192
1265
1201
1198
1330
1275
1217
1258
1225
1163
1241
1266
1204
1283
1286
1200
1300
1280
1147
1167
1213
1199
1316
1279
1147
1228
1189
1133
1187
1195
1230
1287
1225
1245
1308
1216
1213
1226
1160
1096
1208
1229
1099
1163
1185
1098
1150
1236
1180
1287
1260
1209
1209
1277
1188
1116
1175
1284
1126
1088
1157
1154
1224
1387
1346
1197
1183
1181
1128
1065
1082
1256
1258
1167
1222
1205
1115
1063
1115
1199
1160
1163
1260
1171
1137
1185
1131
1056
1062
1120
1064
1108
1214
1157
1144
1241
1199
1113
1146
1167
1098
1177
1288
1260
1258
1258
1168
1141
1231
1253
1126
1171
1202
1108
1145
1166
1151
1149
1232
1183
1097