1167
1123
1173
1226
1077
1062
1215
1282
1182
1356
1353
1286
1114
1108
1196
1154
1164
1111
1173
1108
1106
1205
1236
1171
1256
1173
1118
1213
1190
1097
1184
1190
1188
1250
1232
1143
1203
1163
1106
1162
1190
1118
1201
1278
1175
1188
1221
1124
1143
1210
1096
1173
1295
1308
1170
1261
1313
1243
1189
1319
1247
1195
1305
1181
1141
1239
1187
1113
1239
1136
1060
1113
1244
1279
1137
1121
1215
1265
1262
1222
1307
1259
1191
1136
1229
1223
1210
1315
1305
1160
1284
1274
1192
1218
1299
1215
1188
1324
1222
1127
1259
1358
1270
1281
1241
1128
1181
1228
1138
1158
1294
1188
1122
1236
1272
1161
1209
1291
1205
1161
1268
1247
1220
1292
1292
1184
1231
1255
1153
1186
1312
1232
1183
1256
1187
1169
1263
1222
1175
1251
1198
1182
1218
1172
1181
1198
1196
1199
1254
1229
1174