682
685
677
670
667
663
666
676
663
813
733
743
768
820
816
767
764
746
729
703
688
674
675
685
692
714
731
739
744
749
767
759
779
784
773
737
730
725
718
714
709
720
712
697
1352
698
686
687
700
679
675
669
663
657
655
654
640
634
628
632
624
648
675
765
776
789
795
799
813
755
722
699
683
675
685
714
724
687
670
651
636
637
672
815
779
794
784
796
739
699
681
679
667
664
689
718
793
771
792
838
857
854
836
818
777
747
731
708
695
686
681
709
742
760
796
785
779
761
741
725
717
700
713
747
774
762
766
772
796
813
791
794
791
780
770
746
737
729
726
743
773
805
911
902
903
864
830
776
743
713
692
673
673
693
706
736
813
850
846
846
850
778
769
732
714
682
663
644
638
702
738
695
716
695
669
650
629
623
607
592
593
577
566
553
556
549
542
538
530
522
526
528
520
516
505
506
498
503
500
492
491
490
483
491
494
488
486
492
483
491
490
491
493
491
487
491
493
492
488
485
483
486
489
492
488
488
487
488
486
491
482
483
483
473
479
473
476
472
470
476
463
469
471
474
469
470
466
471
467
466
472
466
461
466
462
460
462
461
468
456
461
466
462
463
456
457
459
453
456
458
455
456
453
452
454
448
445
443
447
449
446
442
446
441
445
441
438
440
439
443
439
434
436
434
444
436
439
428
432
436
433
435
432
426
429
427
431
428
432
423
427
430
424
428
422
425
426
428
429
423
425
421
424
425
424
428
425
425
417
419
424
423
426
421
426
413
417
420
418
424
419
422
413
414
415
419
421
416
423
417
415
412
416
420
415
422
418
422
413
416
418
419
423
417
422
414
413
415
419
420
415
421
414
416
414
416
418
414
419
413
420
411
414
415
416
417
413
415
414
414
415
410
407
412
414
409
415
409
417
409
406
404
409
410
409
411
406
410
406
405
408
407
407
406
410
409
410
410
413
411
407
404
409
411
412
412
409
414
408
812
407
413
409
411
407
414
409
411
405
408
406
408
406
408
410
409
409
406
413
408
403
404
406
408
406
409
403
408
404
408
403
405
403
402
400
406
401
407
408
402
409
403
403
400
399
399
402
403
401
403
400
402
398
400
399
404
399
398
395
398
393
397
399
399
396
395
397
396
398
396
402
396
396
393
395
395
396
396
397
393
396
399
396
397
394
401
395
401
394
398
396
395
341
443
396
395
393
398
398
396
396
392
397
394
396
393
396
397
399
394
394
391
396
394
396
396
394
397
393
396
395
400
392
399
395
398
394
395
396
397
396
396
396
398
399
399
398
398
401
398
402
397
400
396
397
398
398
395
399
398
401
400
400
402
396
405
400
404
399
403
403
401
397
403
401
403
402
403
404
399
404
400
403
400
402
403
403
395
398
399
398
398
402
402
396
403
399
401
399
402
403
401
397
401
400
402
401
402
403
399
402
398
400
398
398
399
401
396
396
395
400
398
398
397
394
399
396
396
396
397
396
403
400
399
396
396
396
396
396
396
396
396
397
394
396
393
396
393
397
392
392
390
391
394
391
387
394
393
393
392
395
395
390
394
393
394
393
396
393
396
395
392
392
392
393
393
393
394
388
394
392
394
395
390
395
386
394
388
392
389
392
391
394
388
389
385
392
388
390
391
390
392
390
394
389
395
388
394
388
392
389
391
386
391
391
390
386
388
384
389
389
388
390
391
388
391
392
388
391
388
390
385
390
387
388
387
389
386
393
389
390
385
389
388
389
388
389
384
391
388
390
387
391
389
386
389
386
387
384
392
385
389
386
390
386
387
385
385
386
391
390
392
385
385
386
387
389
389
385
387
385
386
387
389
389
390
384
389
390
389
386
388
389
384
385
384
388
383
385
383
389
385
389
386
388
387
385
385
393
388
393
388
387
386
387
391
389
388
385
386
387
386
386
389
387
380
387
385
384
386
386
386
385
384
385
387
386
382
386
385
383
384
382
385
385
386
384
388
384
387
388
389
386
385
384
393
384
398
389
390
387
387
391
391
387
383
387
387
384
386
385
386
380
385
385
384
382
384
384
379
384
382
383
380
384
380
381
379
382
381
383
379
385
379
385
381
384
381
381
380
386
380
387
381
384
380
383
378
385
380
385
377
381
377
382
379
384
377
379
375
376
376
375
380
382
380
381
376
378
376
377
379
382
377
378
374
379
373
378
382
379
377
377
378
377
376
377
381
380
374
378
376
378
378
375
381
382
380
379
379
379
381
378
380
380
373
378
376
382
379
379
378
377
373
375
377
377
375
376
378
376
374
374
376
375
378
374
377
377
373
377
375
379
379
376
380
379
375
376
377
379
376
376
379
377
374
376
374
379
376
376
377
377
373
373
375
373
376
375
376
377
376
376
376
379
376
375
381
379
375
377
377
377
377
377
378
379
376
376
377
375
378
375
375
375
372
375
376
375
376
375
378
376
375
374
375
376
376
376
375
378
374
376
375
377
376
377
377
378
376
374
375
377
374
378
376
376
372
373
376
376
375
374
375
376
371
373
376
378
375
376
377
374
370
376
373
374
374
378
373
374
369
371
368
374
373
370
372
373
368
371
369
373
367
373
373
374
375
375
369
374
368
375
372
377
374
377
372
374
371
374
373
378
373
378
371
375
370
374
372
379
372
382
373
378
373
374
374
377
374
379
374
375
373
372
371
376
372
372
371
373
372
370
371
370
367
369
370
370
373
366
371
371
367
366
371
370
372
370
373
375
379
378
379
375
378
375
382
380
383
378
382
380
379
384
385
382
382
380
382
379
380
383
384
379
379
381
383
377
378
380
376
373
375
377
378
375
376
377
376
372
374
375
376
374
372
377
376
376
373
377
373
372
375
375
377
373
375
371
374
370
372
372
378
373
379
372
373
370
373
372
378
374
374
372
375
370
374
369
379
372
374
371
374
370
370
371
376
373
374
372
371
369
375
368
373
366
372
369
371
370
370
369
369
362
370
367
370
369
366
368
365
364
364
368
363
368
366
365
365
363
362
361
361
364
358
366
365
368
366
368
365
368
364
368
364
370
363
369
368
367
368
365
368
366
364
363
366
368
365
365
364
364
364
358
727
366
362
362
364
364
363
364
360
367
361
365
364
368
363
368
365
365
363
364
363
366
361
361
364
366
366
363
364
361
361
360
363
361
366
364
365
364
364
363
364
363
365
363
366
366
370
366
371
366
371
366
367
366
377
367
372
370
370
368
368
367
371
365
371
369
369
366
368
369
370
365
366
366
369
369
365
366
367
364
361
367
367
368
365
367
366
364
360
365
367
366
364
364
366
366
364
369
364
370
365
367
369
373
370
371
369
371
366
373
367
370
366
371
367
369
368
368
367
371
366
364
367
369
368
367
368
367
363
363
364
366
367
366
366
364
363
362
364
361
365
356
369
367
372
368
371
368
369
368
368
370
372
368
369
371
372
373
366
371
368
365
366
368
365
369
366
366
365
364
362
365
361
365
360
368
364
372
366
370
367
368
366
365
367
367
364
364
366
366
366
363
364
365
363
361
362
362
365
358
369
365
370
366
370
367
368
365
368
368
367
364
367
368
369
368
363
366
368
366
364
364
366
365
363
365
364
373
369
371
369
371
369
370
369
374
369
371
370
373
373
368
371
371
368
369
370
371
370
369
372
367
368
368
365
369
367
364
370
368
371
370
377
371
374
371
372
371
376
371
376
372
374
374
370
373
371
367
371
371
372
371
369
369
369
368
365
369
369
369
367
368
368
370
369
372
366
372
367
371
368
375
369
374
372
372
370
369
370
371
363
371
368
369
369
366
370
368
367
365
364
369
368
368
367
365
365
364
367
364
367
365
374
366
367
365
370
363
370
365
368
362
369
364
365
364
368
361
367
362
362
362
367
361
364
362
359
363
362
362
361
360
355
359
361
361
362
357
358
355
358
356
356
357
356
363
356
362
354
359
354
361
355
361
356
359
358
357
358
358
354
359
357
361
355
357
355
352
355
354
358
350
355
354
357
350
356
351
362
352
358
354
357
352
357
353
353
355
357
355
354
355
352
351
353
351
348
354
352
354
349
353
348
354
350
346
351
352
350
349
353
347
347
346
346
344
354
347
350
348
348
351
352
348
346
349
349
350
344
350
348
350
349
350
347
352
349
345
351
350
348
351
349
346
349
341
350
343
352
346
347
348
346
351
351
348
347
348
347
348
344
351
347
350
346
351
347
348
349
341
691
351
348
345
343
350
342
348
343
350
345
342
348
349
345
349
346
342
348
339
347
341
349
344
340
346
484
434
367
343
346
343
347
341
345
345
339
1013
346
346
341
347
343
345
344
348
342
341
344
344
345
335
346
344
346
341
346
348
345
349
344
344
341
344
339
351
343
346
344
346
350
345
346
343
345
344
343
339
348
344
345
343
343
346
346
342
341
342
343
341
335
345
342
345
341
343
342
344
342
336
342
344
340
333
347
338
343
342
342
342
344
341
339
342
338
340
335
349
337
342
341
478
436
365
341
345
341
344
340
346
341
339
342
341
341
334
344
341
339
339
344
344
342
343
338
341
337
342
339
345
338
339
344
343
345
342
299
375
347
340
342
340
343
345
341
341
341
343
337
339
342
345
339
345
345
345
346
345
345
340
345
344
343
344
280
392
353
348
346
346
345
345
343
346
345
345
344
345
341
346
347
344
348
345
344
340
345
343
344
345
345
339
346
690
347
342
344
340
344
342
343
344
342
339
345
346
343
343
344
343
342
344
343
345
342
343
338
346
345
344
342
341
344
339
344
341
344
341
342
340
340
346
341
340
339
344
340
343
343
341
346
342
344
339
342
339
340
344
345
337
344
347
345
347
344
345
343
343
344
345
343
344
343
344
345
345
341
341
346
345
345
345
344
347
344
343
345
345
343
343
340
348
342
345
346
347
346
345
344
341
343
339
339
343
346
339
344
343
346
342
342
342
341
341
336
341
339
347
338
341
343
344
342
342
340
338
341
335
339
341
343
336
344
344
341
344
342
341
338
341
340
341
342
341
339
343
346
342
342
341
344
340
344
342
345
341
342
340
349
346
343
344
343
343
340
343
343
342
344
342
338
344
690
342
341
343
340
343
341
344
341
342
682
689
343
341
343
340
344
341
347
343
344
342
342
672
352
342
345
344
345
344
345
345
345
342
346
346
346
344
343
345
341
343
344
344
344
343
339
345
348
342
348
344
343
341
342
341
348
342
345
341
347
348
345
347
345
344
339
344
340
345
344
346
340
345
346
345
348
344
346
342
348
343
347
342
346
343
342
350
344
347
347
345
343
346
340
346
346
347
345
347
340
347
350
346
346
348
345
342
344
343
342
344
347
340
347
346
346
345
345
344
341
343
339
341
342
347
341
344
347
345
346
345
343
342
344
339
346
342
346
338
344
348
344
346
345
344
340
342
342
341
342
348
340
345
348
346
345
346
343
341
344
342
341
343
350
345
343
349
349
344
350
345
344
348
343
348
343
351
347
345
349
349
351
350
348
346
349
343
350
345
351
346
345
347
351
347
351
348
345
349
343
348
342
352
345
343
346
347
352
346
349
345
347
341
345
340
353
342
346
346
347
348
346
346
341
344
343
341
341
350
343
342
345
348
346
346
348
344
346
340
343
339
350
343
689
348
348
346
347
342
345
342
343
340
349
342
343
345
350
344
346
346
342
344
337
346
338
348
343
339
688
345
345
342
341
346
343
346
340
345
343
337
344
343
345
339
343
339
346
342
344
340
345
341
339
343
342
340
335
345
341
341
341
344
345
343
346
339
341
339
342
340
346
340
339
346
343
345
345
342
340
343
342
345
341
344
341
345
344
346
343
343
344
342
345
327
360
345
342
341
347
345
346
344
339
347
342
347
345
344
348
344
344
344
347
340
345
341
349
344
344
344
346
347
342
344
343
342
338
343
341
345
339
343
347
341
345
341
483
431
383
347
345
342
338
341
341
336
342
337
344
336
341
341
343
343
341
340
337
339
339
341
339
341
337
339
342
340
337
335
345
338
340
342
344
342
342
340
339
339
339
340
341
342
336
344
344
344
339
339
343
340
341
343
342
344
343
341
342
345
338
345
338
346
343
345
343
346
345
344
345
343
344
339
344
344
344
339
346
348
345
344
344
344
342
345
343
344
346
342
341
341
690
342
337
344
342
344
343
342
343
345
344
346
343
339
342
341
342
340
343
341
339
344
342
344
335
342
341
344
343
341
345
344
345
344
343
340
343
338
347
343
340
347
345
690
344
341
346
343
347
342
345
344
339
690
343
338
346
341
345
344
345
342
346
344
343
341
342
342
337
347
340
341
344
346
345
344
346
341
343
339
343
339
347
342
339
345
343
347
341
340
341
345
341
344
341
343
344
339
341
343
338
336
343
340
340
340
342
346
341
344
338
340
336
342
337
343
340
337
683
342
337
341
339
313
365
342
340
343
342
339
339
335
339
334
345
338
336
340
343
342
340
338
336
344
340
340
344
344
343
342
341
340
340
340
342
340
344
342
340
343
344
340
336
346
341
343
339
344
348
342
344
342
342
341
343
342
343
341
343
340
339
343
342
338
337
346
339
341
337
342
346
341
342
340
341
338
343
340
343
339
342
343
338
339
341
341
337
338
341
342
338
339
345
341
344
340
342
340
342
341
345
342
341
342
346
344
349
343
339
342
341
344
341
346
341
347
345
346
346
342
344
684
342
348
343
346
343
345
341
344
346
345
344
342
343
340
344
340
346
342
342
341
347
344
346
344
341
342
335
345
342
345
343
342
345
342
687
346
342
345
341
344
344
339
342
345
341
345
346
343
344
342
343
335
341
336
343
342
342
340
341
340
343
340
337
340
338
340
339
340
339
338
675
341
330
342
334
340
338
337
342
339
338
340
338
332
337
335
340
337
336
676
337
337
339
332
342
337
338
339
341
340
340
339
335
337
337
340
337
338
336
338
342
342
335
336
342
338
339
340
340
341
341
340
335
338
339
338
338
339
338
335
338
340
335
333
342
336
338
337
340
340
340
337
335
338
335
337
335
339
338
334
336
340
337
329
338
335
339
336
338
339
338
340
336
336
332
336
333
340
336
332
590
406
341
334
334
338
335
336
339
337
340
335
336
332
339
331
341
334
334
339
337
340
334
335
333
339
334
335
337
336
336
331
335
335
331
328
342
331
331
338
337
335
336
333
330
336
332
334
333
335
335
331
334
331
332
329
337
333
330
668
336
331
332
329
335
332
333
333
333
335
332
332
329
331
329
335
331
329
666
333
326
332
330
334
332
334
335
335
332
329
334
331
334
332
334
334
331
331
330
333
326
337
332
329
667
336
334
330
329
334
333
331
336
335
334
336
333
330
333
331
333
331
333
330
330
337
331
328
325
337
329
328
653
341
329
330
330
334
332
331
331
333
333
329
331
327
331
325
336
327
330
334
331
333
329
332
332
330
331
332
332
332
330
330
329
329
329
331
330
659
333
332
326
327
335
328
655
335
333
332
329
328
331
328
332
331
330
657
333
328
326
326
333
325
330
335
330
331
330
330
327
329
330
327
332
329
329
328
329
326
328
328
331
329
327
661
334
324
332
329
333
331
333
332
332
334
331
332
328
331
327
337
327
331
334
335
336
332
331
330
333
331
330
331
329
665
333
330
333
328
332
328
334
332
329
334
333
332
330
332
331
333
333
333
333
332
334
331
331
327
330
331
334
328
332
336
332
334
330
331
332
333
331
331
330
334
331
335
332
326
331
327
333
331
330
329
330
335
332
326
327
333
329
330
333
334
328
334
330
326
330
328
330
329
328
327
329
332
330
324
326
331
326
327
333
329
331
328
329
326
329
328
328
330
328
327
333
330
323
328
329
329
325
332
333
332
329
326
330
330
329
328
330
332
330
328
327
328
325
325
328
329
322
331
331
328
325
323
329
327
327
327
327
328
328
326
325
325
323
324
326
326
320
331
330
325
323
322
327
322
325
329
327
328
325
324
323
326
324
325
327
326
322
326
326
322
325
326
324
324
329
328
328
318
328
329
324
328
329
328
331
328
327
324
329
327
327
328
329
323
331
329
324
323
327
330
323
328
330
329
330
327
329
322
327
327
326
327
327
327
326
328
321
323
328
327
322
328
330
328
326
325
327
324
327
327
325
329
325
325
323
323
323
326
325
323
649
653
323
321
328
323
325
327
326
327
326
324
321
325
322
326
327
324
324
329
326
319
325
325
325
321
328
329
326
326
325
326
322
326
327
324
328
326
325
323
325
323
324
326
325
323
326
329
327
323
321
326
325
325
326
326
325
326
324
320
324
321
325
325
322
646
328
321
321
319
328
319
324
328
324
324
322
324
322
323
325
322
326
323
324
320
321
322
324
323
323
645
326
319
321
322
325
318
324
328
323
322
319
322
323
323
322
324
323
327
322
317
322
319
324
325
323
319
325
327
319
319
322
325
643
652
320
319
326
323
324
325
325
327
325
323
320
323
322
322
325
322
321
324
324
319
320
324
323
321
323
325
324
319
318
327
321
323
326
325
326
324
324
321
324
323
322
326
324
323
324
326
319
322
324
323
321
326
327
322
323
320
327
321
326
326
327
327
325
325
320
324
323
324
327
325
321
329
327
318
324
323
326
321
327
328
326
321
320
328
321
324
326
324
325
325
324
317
322
321
324
324
323
320
324
325
319
319
323
322
644
327
321
319
320
325
318
637
329
321
322
322
319
324
323
323
321
320
324
317
319
320
324
319
325
322
325
322
317
318
317
327
319
325
327
323
323
319
323
320
325
322
635
330
323
317
322
320
325
323
319
649
322
315
325
322
323
324
325
324
326
322
317
323
322
324
322
323
323
320
323
320
320
322
323
318
325
325
323
319
320
325
318
322
323
326
324
322
321
321
320
322
320
324
322
321
320
321
317
323
322
318
321
323
326
317
317
319
325
317
321
324
323
319
317
323
318
320
324
322
322
321
320
316
320
321
320
320
323
321
313
320
319
318
322
320
318
320
318
316
321
320
319
640
324
313
320
319
319
644
324
320
318
317
324
318
323
325
323
322
317
325
321
320
326
322
325
321
322
317
322
322
321
324
322
322
318
321
320
320
323
320
320
322
321
317
320
322
319
641
324
318
317
321
321
639
324
321
315
317
324
315
322
645
316
315
324
316
323
323
319
322
315
323
318
321
322
322
322
318
320
319
322
319
322
323
324
319
317
321
320
320
321
321
324
317
320
319
323
318
322
323
319
321
317
320
318
320
322
318
321
320
317
315
324
318
317
645
631
325
319
316
646
321
312
324
320
315
646
640
320
317
321
318
320
323
320
319
316
320
318
319
320
320
322
317
319
315
320
315
320
318
318
319
314
320
314
322
319
313
322
321
315
312
323
316
317
319
323
318
312
324
319
315
644
322
312
323
317
317
321
321
322
317
318
315
321
317
320
323
320
319
315
321
319
320
322
322
320
314
321
316
321
319
320
323
317
319
317
320
317
319
320
317
320
316
319
313
319
319
319
321
317
318
317
320
319
318
318
320
319
314
320
318
318
319
320
322
313
319
321
319
636
324
317
317
318
320
316
320
322
318
313
317
321
314
320
322
318
314
314
323
314
317
323
318
316
314
319
314
318
322
317
317
313
319
314
317
319
318
321
314
318
314
317
319
317
318
318
318
313
317
317
316
319
317
315
315
315
314
316
318
315
314
635
311
318
317
316
314
635
307
318
314
313
634
319
307
316
316
313
633
320
259
359
321
314
633
319
309
315
316
313
315
317
321
308
317
314
315
633
320
312
313
315
316
313
320
320
315
314
313
319
314
320
638
319
315
317
320
319
322
315
320
316
319
320
320
322
315
319
319
322
320
324
320
317
321
323
324
323
318
320
320
319
325
323
327
313
323
323
317
649
321
315
327
320
320
646
317
316
325
320
318
324
318
321
318
323
320
321
321
319
321
320
322
324
318
321
318
322
321
323
324
318
322
321
322
322
325
321
318
322
322
325
323
322
321
320
321
322
328
322
321
322
320
321
325
326
324
321
321
320
322
325
325
325
316
324
321
320
325
326
324
317
326
321
320
325
326
323
316
325
322
320
326
326
319
316
327
321
321
651
318
267
368
327
318
324
324
319
316
326
320
319
326
321
319
322
321
643
326
316
321
322
318
649
317
316
326
320
320
323
323
318
319
324
322
320
326
320
320
321
323
323
321
324
320
322
321
326
323
322
323
322
323
321
325
322
324
323
320
322
321
324
324
320
320
320
323
321
322
325
318
321
321
322
323
323
323
318
323
319
324
324
324
322
317
323
321
323
321
326
320
318
628
335
322
323
320
319
323
321
326
323
321
321
318
321
323
325
325
318
322
320
320
324
324
324
317
324
320
320
326
323
323
318
322
321
321
325
325
324
317
323
320
321
324
326
322
318
324
322
321
326
322
325
318
324
320
322
327
323
324
320
323
319
323
325
324
323
319
301
343
323
324
323
325
316
324
318
323
321
323
324
313
323
321
319
646
322
315
325
318
324
321
326
321
320
320
323
323
321
323
323
316
320
320
324
319
321
320
319
320
320
321
323
317
319
317
321
321
318
320
318
318
319
320
321
319
321
316
320
319
323
321
319
321
316
321
320
321
323
318
319
318
321
321
321
323
316
320
320
264
370
331
319
318
323
321
323
326
318
320
322
258
381
328
320
322
321
327
326
327
317
327
325
320
328
327
320
322
328
324
325
326
324
324
323
327
326
326
286
359
329
324
328
328
324
325
324
325
324
328
326
327
324
322
325
326
324
326
324
322
319
327
325
325
326
324
322
325
326
325
326
328
324
322
327
326
327
325
328
324
325
326
327
328
328
329
322
323
326
329
326
331
326
324
328
325
329
328
326
326
323
327
325
328
326
326
324
321
329
326
325
326
326
322
322
328
325
324
329
319
326
323
323
654
328
323
325
324
326
327
328
325
323
324
327
328
328
326
327
321
326
326
327
330
324
324
325
325
328
326
328
324
323
323
328
328
326
329
322
327
325
327
326
328
329
320
328
325
329
331
327
329
325
329
328
328
330
330
330
322
329
327
330
331
327
331
323
329
330
327
661
334
324
331
328
329
329
331
333
328
329
328
329
330
329
332
329
327
324
334
325
330
332
332
325
327
332
325
333
334
328
329
329
331
662
334
330
330
330
333
330
333
647
343
328
334
328
336
336
331
330
328
334
329
336
337
333
332
329
333
332
334
339
335
333
333
333
333
333
338
334
338
331
333
335
333
337
336
337
335
337
333
333
336
333
338
335
336
330
333
333
333
336
335
335
330
333
333
332
333
335
335
332
331
330
332
333
333
335
330
331
331
331
334
332
333
332
330
327
333
333
330
333
331
330
327
333
332
332
332
332
330
330
331
332
333
331
331
331
331
329
331
332
336
327
330
331
330
334
333
333
328
332
333
331
332
334
334
327
334
332
333
336
334
330
325
338
332
331
336
337
331
327
337
331
332
339
336
333
326
339
331
334
337
336
335
333
334
331
334
332
336
336
332
332
331
333
331
314
354
334
332
329
334
331
335
334
332
331
331
332
331
336
334
332
331
331
332
331
335
335
332
331
331
332
334
335
334
333
332
332
334
334
335
334
335
334
327
337
334
332
670
334
325
337
332
333
651
342
328
336
331
332
337
335
335
328
268
385
339
336
335
337
332
331
333
333
333
336
333
336
334
330
336
334
336
336
337
336
332
334
335
333
337
336
339
333
333
334
335
335
337
337
335
336
332
334
333
335
336
334
336
331
331
335
334
332
334
338
330
333
332
333
670
336
335
333
331
335
334
337
337
336
336
331
336
333
334
336
336
339
332
304
360
340
335
335
334
338
332
330
339
333
337
339
337
337
333
339
335
336
336
339
339
336
338
336
338
338
340
339
339
337
335
341
339
338
342
343
341
265
398
344
341
345
339
343
342
342
338
343
339
343
338
341
339
340
341
333
338
340
336
340
341
342
339
338
334
339
340
336
683
340
338
340
337
340
341
338
342
342
338
337
342
338
341
337
345
339
340
339
334
338
340
341
342
341
342
256
405
348
342
335
346
341
343
342
346
342
342
341
339
337
342
343
339
343
344
344
339
337
344
341
340
344
343
344
339
339
337
340
337
341
340
337
339
335
335
337
338
333
340
337
334
336
332
339
333
338
339
335
335
332
335
334
335
337
335
259
393
342
334
332
337
334
335
330
333
331
335
335
333
336
332
333
329
335
334
332
334
332
331
331
334
332
332
337
327
333
334
331
338
673
334
336
335
335
339
339
338
336
337
336
333
338
337
339
338
338
334
334
338
336
336
338
341
336
335
334
338
335
341
341
338
339
335
340
338
339
339
341
342
338
341
336
339
342
339
342
343
344
334
341
340
340
340
346
341
345
343
337
337
342
343
340
346
343
343
343
337
343
342
339
342
341
345
343
341
338
344
338
342
342
342
344
337
338
337
341
340
338
681
341
332
340
338
337
339
340
342
337
339
336
335
338
339
338
336
339
330
336
337
334
675
338
331
336
333
334
335
341
337
334
336
332
336
334
339
338
335
334
331
336
335
335
336
337
335
329
333
334
333
335
336
333
330
333
333
331
336
334
334
330
331
333
333
335
334
335
329
333
332
335
336
335
335
329
334
332
334
337
334
337
329
333
333
335
335
333
336
332
333
334
334
335
335
338
330
336
332
334
338
339
338
337
336
332
336
335
337
339
333
331
339
339
337
336
333
339
339
339
337
334
342
343
333
344
341
338
341
341
342
343
341
344
345
347
346
348
345
349
350
348
351
352
348
350
352
354
269
423
358
352
353
353
352
353
353
354
355