1023
1028
1027
1069
1014
979
951
911
1827
997
1093
984
941
984
1017
1046
1034
1067
1163
1158
1111
1087
1101
1071
1006
966
979
1059
1162
1122
1031
1056
1105
1124
1125
1036
1029
1057
1084
1041
1007
1011
1039
1067
1036
1021
1021
1082
1049
2037
1045
1097
1050
1103
871
977
327
641
966
915
985
896
907
925
928
656
2064
923
944
954
927
942
943
948
950
293
688
1016
1001
991
959
967
989
1040
1056
1016
985
963
943
953
505
438
975
1002
990
934
956
965
953
939
943
925
937
931
908
891
870
881
870
854
847
844
865
501
414
954
987
956
935
960
961
944
928