1296
1273
1527
1533
1436
1390
1470
1411
1420
1413
1519
1395
1339
1605
1590
1503
1525
1616
1453
1332
1452
1590
1577
1395
1411
1535
1504
1364
1458
1533
1536
1365
1374
1432
1415
1313
1392
1488
1386
1304
1397
1374
1252
1315
1409
1425
1291
1348
1437
1360
1280
1386
1396
1270
1292
1446
1357
1303
1446
1422
1393
1302
1416
1509
1492
1396
1460
1439
1371
1250
1299
1485
1509
1424
1400
1469
1415
1271
1311
1495
1504
1401
1350
1448
1412
1376
1278
1375
1492
1392
1280
1312
1412
1468
1404
1333
1362
1379
1417
1438
3671
1866
1051
983
958
935
938
941
1003
1058
1125
1131
302
654
279
1109
1151
1158
1158
1187
1239
1226
446
676
1112
1242
1442
1198
1276
1410
1303
1091
1119
1141
1036
1016
1127
1035