1190
1209
1249
1267
1118
1186
1229
1197
1178
1162
1106
1213
1433
1222
1219
1382
1092
1093
1182
1117
1021
1188
1188
1074
1089
1134
1113
1064
1029
1048
1090
1045
988
993
1071
1181
1254
1302
1271
1138
1104
1211
1280
1182
1281
1396
1387
1354
1356
1413
1389
1436
1418
1316
1330
1195
1193
1379
1332
1209
1412
1236
1200
1231
1267
1256
1365
1301
1250
1274
1243
1165
1237
1247
1265
1221
1325
1381
1266
1219
1215
1210
1383
1351
1269
1334
1242
1160
1255
1267
1130
1076
1347
1344
1140
1251
1264
1177
1273
1327
1293
1113
1178
1273
1362
1388
1316
1328
1296
1296
1205
1183
1329
1335
1256
1286
1290
1202
1231
1269
1245
1235
1365
1255
1148
1224
1441
1343
1284
1303
1278
1230
1331
1274
1180
1256
1310
1267
1169
1246
1176
1104
1188
1422
1345
1273