1328
1420
1360
1256
1225
1303
1266
1160
1158
1240
1322
1270
1208
1324
1386
1318
1307
1368
1335
1267
1230
1312
1333
1301
1279
1401
1436
1398
1325
1452
1438
1373
1290
1392
1417
1434
1356
1379
1515
1458
1337
1354
1518
1449
1348
1430
1427
1388
1412
1457
1429
1298
1318
1418
1397
1367
1392
1283
1205
1281
1353
1241
1299
1316
1259
1336
1308
1191
1289
1381
1313
1334
1372
1380
1290
1392
1396
1372
1279
1430
1500
1433
1332
1300
1327
1304
1420
1455
1326
1168
1207
1222
1286
1284
1441
1393
1228
1213
1354
1401
1276
1297
1441
1427
1301
1323
1314
1267
1365
1435
1328
1361
1346
1258
1198
1411
1416
1249
1318
1384
1269
1259
1322
1235
1113
1153
1438
1543
1533
1503
1456
1366
1324
1331
1460
1438