1074
1055
1012
1002
950
934
937
920
939
1013
1094
1156
1146
1122
1161
1167
1166
1131
1094
1096
1158
1185
1143
1132
1226
1206
1274
1148
1097
1124
1148
1132
1105
1136
1274
1267
1166
1080
1110
1160
1197
1224
1184
1165
1133
1169
1226
1188
1138
1104
1109
1110
1209
1270
1226
1347
1321
1244
1162
1143
1191
1168
1117
1125
1192
1245
1269
1197
1174
1258
1204
1138
1117
1186
1265
1250
1142
1151
1226
1233
1178
1144
1211
1241
1229
1189
1254
1312
1261
1169
1181
1278
1277
1196
1239
1305
1226
1159
1156
1171
1219
1146
1125
1238
1290
1264
1181
1207
1265
1236
1227
1180
1241
1243
1214
1168
1199
1283
1291
1255
1343
1346
1274
1244
1336
1320
1237
1202
1313
1269
1198
1126
1181
1282
1286
1230
1181
1194
1190
1125
1099
1114
1174
1211
1135
1063
1077
1109
1099
1094
1104
1102
1084
1112