896
911
930
938
951
929
881
876
912
1156
1266
1210
1167
1106
1047
997
1006
1004
1021
1036
1299
1236
1274
1322
1175
1235
1267
1187
1269
1263
1136
1182
1202
1185
1133
1229
1291
1154
1125
1139
1176
1121
1125
1173
1179
1104
1170
1126
1000
1006
1011
1059
1153
1122
1124
1160
1181
1130
1132
1211
1181
1196
1159
1238
1248
1124
1186
1312
1194
1164
1218
1226
1158
1207
1213
1169
1161
1194
1158
1119
1139
1130
1122
1194
1177
1104
1119
1199
1252
1158
1187
1216
1135
1178
1218
1200
1132
1188
1192
1135
1167
1217
1146
1126
1192
1272
1190
1193
1191
1215
1143
1168
1182
1117
1121
1122
1098
1074
1113
1105
1134
1136
1118
1108
1112
1146
1153
1126
1146
1136
1105
1148
1187
1192
1200
1251
1292
1260
1297
1325
1214
1132
1173
1152
1312
1305
1242
1271
1213
1188
1201
1198
1146
1103
1216
1279
1260