974
1082
1091
1040
1060
1116
1154
1108
1034
1070
1106
1103
1026
1019
1090
1155
1065
1073
1096
1062
1052
1146
1181
1129
1123
1171
1145
1093
1137
1227
1190
1113
1191
1245
1150
1148
1212
1238
1121
1269
1344
1253
1250
1321
1246
1300
1247
1216
1184
1306
1255
1197
1372
1312
1203
1220
1237
1234
1229
1313
1305
1196
1207
1245
1188
1188
1260
1191
1169
1258
1269
1158
1155
1215
1222
1134
1225
1229
1133
1177
1233
1163
1156
1210
1200
1142
1210
1179
1104
1172
1163
1109
1156
1258
1201
1122
1198
1219
1195
1189
1228
1289
1162
1176
1266
1296
1288
1317
1289
1244
1216
1304
1265
1158
1082
1079
1125
1147
1111
1162
1309
1221
1127
1091
1034
1056
1029
1040
1100
1159
1141
1028
1020
1068
1119
1101
1074
1128
1181
1201
1157
1200
1212
1149
1088
1154
1172
1199
1116
1156
1188
1152
1107
1202
1202
1147