1029
998
1013
1045
1180
1214
1124
1028
1018
1097
1251
1225
1188
1138
1169
1269
1312
1355
1257
1148
1197
1277
1283
1199
1183
1255
1396
1356
1244
1263
1301
1315
1365
1275
1194
1198
1279
1364
1274
1146
1283
1298
1061
524
456
958
991
1035
1130
1092
1033
1077
1083
1091
1038
1014
1031
1162
1165
1123
1070
1156
1182
1148
1078
1077
1180
1192
1119
1075
1166
1201
1126
1169
1347
1320
1184
1197
1239
1165
1141
1209
1266
1196
1143
1142
1227
1196
1183
1219
1248
1146
1120
1190
1188
1160
1076
1087
1298
1349
1244
1104
1104
1178
1192
1113
1078
1148
1151
1155
1086
1132
1193
1136
1093
1199
1173
1113
1052
1081
1144
1107
1048
1091
1142
1093
1021
1107
1217
1227
1116
1141
1157
1085
1053
1074
1104
1065
968
947
993
1159
1145
1136
1062
1086
1075
1080
1060
1034
1053
1147
1162
1145
1270
1246
1160
1122
1243
1274
1172
1188
1239
1176
1102
1131
1188
1262
1203
1189
1189
1116
1031
1004
1025
1144
1257
1113
1080
1086
1114
1122
1055
1041
1029
1036
994
1005
1026
1070
1112
1038
1063
1129
1147
1045
1067
1096
1118
1109
1134
1138
1189
1063
1048
1059
1121
1308
1190
1102
1097
1079