984
999
1066
1096
1085
1066
1007
983
1015
1105
1136
1093
1039
1024
1084
1017
1072
1108
1114
1072
1029
1012
985
979
1011
1212
1290
1158
1032
1047
1079
1230
1092
1101
1170
1196
1198
1148
1069
1110
1202
1166
1146
1120
1062
1097
1165
1138
1081
1128
1168
1188
1148
1079
1038
1051
1208
1204
1247
1174
1163
1179
1139
1125
1070
1074
1145
1178
1147
1083
1083
1145
1155
1108
1039
1046
1135
1213
1143
1111
1117
1176
1172
1183
1092
1080
1086
1087
1062
987
964
1021
1032
1043
1040
999
1036
1067
1047
1020
994
1030
1104
1147
1144
1074
1050
1066
1104