1115
1100
1081
1197
1288
1283
1183
1146
1200
1197
1249
1253
1172
1023
1042
1029
1008
995
1037
1062
1080
1081
1203
1277
1163
1060
1076
1204
1214
1082
997
1018
1156
1141
1061
1094
1046
1019
1064
1092
1055
1059
1107
1125
1085
1040
1021
1050
1047
1106
1111
1102
1095
1077
1116
1098
1037
1045
1146
1143
1076
1056
1234
1334
1244
1161
1254
1260
1213
1153
1111
1158
1066
1042
1026
1015
1117
1306
1285
1110
999
1027
1113
1167
1162
1207
1242
1251
1196
1137
1168
1185
1146
1178
1231
1219
1146
1099
1130
1160
1167
1147
1267
1161
1068
1109
1049
979
988
962
938
947
979
988
988
981
1012
954
940
947
978
989
978
967
966
974
1040
1084
1088
1072
1037
1087
1177
1213
1064
949
927
947
1161
1184
1138
1169
1047
942
920
964
1088
1089
1118
1075
990
1021
1059
1066
1101
1035
1112
1177
1200
1313
1248
1141
1283
1282
1163
1194
1249
1202
1164
1297
1262
1188
1180
1244
1210
1206
1352
1262
1105
1146
1264
1295
1263
1342
1262
1130
1187
1309
1313
1233
1320
1260
1141
1049
1200
1386
1253
1144
1089
1227
1202
1150
1157
1327
1273
1171
1191
1241
1227
1206
1213
1271
1297