957
897
898
907
884
842
854
868
904
975
953
937
950
939
915
910
903
888
878
841
807
798
771
753
748
797
843
820
804
800
793
815
806
841
894
925
957
926
927
898
873
848
883
888
925
925
958
966
953
901
888
891
915
914
893
1769
832
819
805
814
830
922
1010
1051
1038
1003
951
938
934
943
856
877
870
867
863
852
868
881
926
888
874
854
863
843
822
837
850
919
857
865
885
950
913
924
939
927
854
862
860
874
861
853
867
890
932
934
952
1000
1036
979
966
953
956
928
945
964
979
951
955
954
982
944
983
1007
982
958
883
883
838
829
894
885
896
911
941
944
863
865
886
948
1055
1125
1062
979
954
911
898
920
898
933
978
953
920
892
851
854
852
882
856
827
836
822
854
910
938
981
1009
995
973
1000
1043
1063
1118
1143
1086
1187
1112
1063
977
964
987
944
937
962
1014
987
1080
1096
1049
971
975
985
1035
998
1008
1031
997
1015
998
959
940
937
967
1021
1062
1063
1108
1137
1146
1167
1114
1032
1055
997
948
1018
1146
1052
1079
1144
1071
989
865
854
845
858
909
896
887
907
976
966
1061
1053
969
943
923
898
921
949
979
982
1019
1039
936
915
854
835
821
803
802
802
838
854
874
857
813
823
804
812
788
774
805
845
1599
776
752
748
759
799
815
829
889
964
1063
1028
1022
1044
1031
984
997
985
981
922
948
1047
1079
1041
1035
1009
942
937
955
939
900
902
907
921
901
935
938
985
927
951
947
883
903
894
896
895
902
933
982
993
958
967
942
986
1002
937
928
956
989
970
903
991
981
936
928
918
874
882
898
960
937
955
1011
988
1011
1026
1021
1028
1089
1259
1079
1015
1033
1115
1091
1081
938
921
993
1114
1124
1090
1022
999
944
932
927
971
1079
1034
1117
1049
972
961
969
987
958
990
1004
1004
948
940
978
979
989
1041
1042
996
974
968
890
896
896
880
889
930
979
975
996
972
947
962
950
928
958
957
1001
1055
1064
992
1895
856
860
867
848
983
1132
1276
947
953
842
837
808
790
769
766
748
737
727
719
727
747
782
793
784
810
858
872
892
871
862
858
846
851
879
937
983
962
986
985
1002
1027
1007
984
960
952
947
976
1003
1040
1067
1064
1004
1000
957
964
941
971
957
902
898
901
918
899
930
954
938
916
878
865
853
843
859
868
889
916
939
912
957
950
965
952
909
910
912
918
925
929
934
932
942
939
928
951
932
946
931
948
938
926
849
850
830
821
874
927
944
951
977
973
934
951
946
930
887
903
887
896
864
876
894
890
850
870
856
910
935
950
928
896
861
854
843
837
819
833
806
814
839
836
934
1065
1063
1108
1109
1039
981
940
942
891
884
842
838
840
891
1185
995
995
999
997
987
955
920
888
872
840
862
917
954
870
867
867
975
1010
993
1005
1052
938
940
955
960
966
966
974
954
941
996
955
992
976
974
994
1054
1010
961
931
924
929
933
971
1020
970
961
974
999
1014
1019
972
926
871
865
813
840
831
865
861
880
879
860
857
852
850
856
854
872
839
813
799
797
821
891
1018
1090
958
1847
884
890
996
977
1098
1082
1286
1145
1130
1098
994
923
940
851
865
870
969
978
1019
1028
1119
1101
1134
1019
1029
1051
1146
1129
985
945
923
966
931
973
1027
1047
1057
938
926
915
897
911
1014
1122
1079
1045
925
911
923
995
976
1072
1231
1147
1217
1057
1038
985
1012
938
1019
1060
1008
978
988
1029
1018
1007
933
863
883
904
989
1021
1139
1266
1124
1136
1092
1121
1212
1208
1190
1117
1230
1161
1125
1210
1140
1117
1047
1177
1197
1185
991
1003
1069
1019
1063
1162
1167
1192
1161
1036
1068
1318
1077
1140
1262
1048
1111
1173
1101
1085
1086
961
959
964
1052
1095
2067
955
975
970
1010
1036
1162
1215
1174
1095
963
880
837
861
841
846
840
914
915
864
867
864
861
889
900
962
987
954
903
893
953
1029
1055
1049
998
949
933
1815
876
909
924
958
1469
1344
1229
1140
1044
1075
1053
986
1039
1018
1045
1042
944
993
1033
1059
1103
996
997
956
925
884
907
884
896
939
959
959
986
963
951
871
855
846
838
872
895
908
979
1002
1070
1060
994
969
944
911
848
842
834
887
950
1102
1071
1147
1100
1022
933
895
887
913
910
949
959
992
979
949
908
905
891
890
872
870
898
925
889
866
883
912
979
1009
995
1024
979
979
942
963
1002
1009
1012
954
921
891
878
882
947
1003
992
942
928
904
879
862
853
834
876
865
929
950
938
879
857
836
832
837
833
807
800
780
787
1613
785
793
804
841
1032
1127
1176
1026
905
929
929
962
909
871
825
789
782
769
757
741
730
725
712
704
690
683
676
672
665
664
658
648
647
647
647
645
656
657
664
662
664
677
665
668
666
654
667
657
650
646
644
644
656
663
669
681
688
699
714
737
748
742
760
770
793
801
796
777
813
841
816
806
836
840
816
800
828
925
970
931
896
896
1006
1021
978
1044
955
937
866
920
1169
987
962
887
912
927
947
998
965
923
867
828
818
773
777
769
763
758
737
727
716
699
681
675
672
667
683
727
770
784
830
825
815
820
838
804
801
805
781
790
775
758
747
754
736
747
747
742
731
733
731
717
719
711
695
705
697
701
692
699
702
700
704
706
730
746
742
739
740
737
732
732
731
736
739
740
742
745
757
779
806
801
788
784
766
776
765
739
744
736
717
718
706
692
732
739
833
900
901
828
798
761
773
731
729
719
711
716
715
718
722
744
724
724
717
720
715
704
707
707
717
731
771
789
815
801
813
814
788
800
792
786
770
781
793
793
812
813
792
789
802
806
795
813
816
796
785
794
800
794
809
807
810
790
799
802
794
813
821
820
818
823
815
800
813
841
846
822
838
844
801
811
804
810
792
816
794
786
791
792
775
751
749
737
755
773
823
863
832
871
865
830
819
793
753
762
769
816
816
865
902
865
861
868
856
845
819
820
820
813
811
804
798
802
805
785
806
820
827
831
835
831
826
795
779
808
790
774
764
745
736
726
715
693
675
668
654
643
634
623
614
628
663
708
800
887
1092
1039
1014
959
938
932
896
825
830
897
1019
1066
1011
1000
866
843
845
869
931
904
853
818
787
766
732
719
705
707
710
734
734
799
1046
1002
1062
1004
1051
979
889
878
851
848
836
893
992
1029
1029
1029
944
959
960
902
849
819
797
770
770
768
809
927
957
1072
999
910
938
936
933
863
860
835
853
857
895
923
975
1021
913
914
941
927
903
909
901
858
830
830
884
915
906
903
881
863
847
846
828
813
816
348
2010
778
790
793
808
831
835
796
792
786
795
805
803
775
768
771
781
769
771
748
754
785
798
787
779
766
753
747
735
733
729
709
718
764
813
858
898
840
812
827
867
844
828
863
858
819
817
809
795
793
794
776
766
767
755
733
729
725
740
813
831
836
852
899
967
917
864
855
829
804
819
822
868
916
911
901
867
847
889
893
901
861
845
813
810
817
817
799
822
820
803
795
779
785
783
758
760
748
738
720
723
706
698
685
667
654
646
597
286
585
315
1374
563
418
363
328
1031
685
625
553
874
1022
605
1712
784
960
270
974
480
389
566
503
438
925
462
1306
336
1981
448
447
455
891
451
884
453
442
886
443
442
449
619
275
441
750
367
667
1064
282
453
347
555
1334
879
3554
933
890
303
592
439
443
268
623
883
441
437
439
436
447
865
439
440
438
426
869
258
610
429
867
426
425
431
433
438
423
428
429
433
433
420
424
426
430
430
421
417
429
426
427
418
419
421
425
426
415
417
425
415
427
416
416
419
415
423
422
416
413
419
417
420
419
413
412
417
417
421
410
416
412
830
415
825
413
416
415
422
412
416
419
411
419
415
415
412
411
423
416
416
413
828
418
425
562
268
417
418
423
405
429
416
417
426
422
418
412
419
425
425
421
415
414
422
419
423
417
417
416
421
426
421
422
420
412
428
425
422
418
416
428
426
422
417
419
851
425
418
421
421
420
423
413
842
848
420
418
416
419
424
420
419
414
416
429
421
422
416
417
422
419
427
416
418
421
420
428
416
416
414
419
423
423
417
414
417
421
417
423
410
414
417
414
425
419
414
411
414
418
419
423
410
413
416
416
419
419
415
447
380
418
414
425
413
413
411
413
419
418
417
408
413
414
834
417
413
411
413
415
414
420
408
413
413
413
417
418
417
410
825
416
425
421
414
410
416
417
418
423
414
412
415
416
424
418
416
411
417
418
420
425
414
836
423
429
427
421
417
850
286
563
416
419
419
424
428
421
414
417
413
424
423
417
413
414
422
420
426
417
420
417
422
429
422
424
421
415
429
426
423
266
574
426
427
424
423
422
427
429
432
426
424
428
424
434
420
421
423
853
424
421
416
421
423
421
425
412
419
424
422
429
419
421
424
429
437
426
422
423
425
431
426
423
418
420
426
425
425
417
418
420
421
426
420
421
417
420
428
425
432
420
426
430
427
438
854
427
428
438
432
427
431
423
434
431
431
426
427
436
432
427
425
430
428
429
431
422
426
429
429
433
421
422
428
428
433
426
420
423
425
433
428
422
418
423
428
429
424
418
419
424
426
431
419
422
421
421
431
424
425
419
417
426
425
420
419
417
421
422
427
422
419
418
419
421
423
426
413
418
418
418
424
424
417
417
417
423
420
427
418
420
419
416
429
422
419
416
418
421
420
424
415
416
420
416
425
422
421
415
417
421
418
426
418
414
417
414
426
420
421
411
415
417
416
423
417
415
411
415
419
416
420
414
414
414
417
427
422
424
417
420
427
420
427
423
419
828
423
426
424
414
414
416
414
421
422
419
411
410
411
413
420
420
412
408
408
411
409
417
419
413
407
406
408
411
420
415
417
405
409
412
410
417
413
416
406
411
413
410
420
417
419
410
412
416
413
420
418
416
412
414
416
415
423
417
416
414
414
420
419
423
413
414
416
413
423
420
417
410
412
419
417
423
413
412
411
412
420
413
411
408
410
416
411
405
413
411
414
400
402
410
409
404
396
401
408
405
396
395
396
403
396
392
393
390
397
392
386
392
780
388
386
382
387
388
385
385
379
380
385
380
386
382
377
375
378
384
374
384
379
376
371
374
377
375
381
380
374
370
369
372
375
380
377
377
368
367
370
373
377
374
377
372
366
364
370
373
373
376
372
370
367
363
373
369
373
369
372
369
368
363
365
368
367
373
369
371
364
364
361
361
371
363
372
364
370
367
364
362
362
366
366
365
364
370
368
366
361
360
356
364
367
361
368
361
368
366
361
358
361
364
362
362
362
367
364
366
362
359
357
359
362
363
364
360
367
363
364
360
357
354
355
362
360
363
358
364
361
363
358
358
355
354
354
358
361
356
361
355
363
360
360
356
354
354
356
355
358
357
356
361
357
362
358
356
353
354
356
356
359
354
360
357
360
355
356
351
352
354
355
356
354
358
354
360
357
359
354
354
352
352
354
354
357
355
355
354
360
354
361
358
358
353
354
354
354
354
353
353
357
355
354
353
361
357
353
353
351
350
350
353
357
351
358
353
356
354
356
354
353
353
351
349
353
350
351
351
351
354
353
357
349
355
354
356
354
354
351
350
351
352
353
351
352
352
357
350
356
350
355
354
355
351
351
349
349
350
353
352
353
351
352
356
351
354
351
356
354
352
350
349
347
348
350
349
352
349
351
351
354
345
355
347
354
351
353
352
352
349
348
348
351
346
348
345
351
353
347
353
349
351
350
354
347
350
348
354
351
349
347
346
345
348
348
347
347
345
352
349
351
349
348
348
352
345
350
342
351
348
351
348
348
348
349
343
346
346
347
343
345
344
347
348
347
349
346
348
348
350
342
351
344
351
347
349
348
350
351
349
346
345
344
345
343
345
348
345
349
344
348
347
351
342
351
344
349
345
347
342
345
347
351
348
347
344
344
342
344
344
345
343
343
344
347
344
345
344
344
350
344
348
346
347
344
350
344
346
343
348
347
346
347
345
347
346
343
345
342
342
342
343
344
346
345
343
344
347
348
345
349
343
347
345
349
341
348
344
349
344
348
344
347
348
346
344
342
341
342
341
346
342
342
342
341
345
343
343
342
343
345
348
343
345
343
347
341
346
341
343
344
346
344
343
343
347
343
347
346
342
343
339
344
340
341
338
345
340
348
344
345
346
344
345
345
344
342
440
440
504
346
344
348
347
346
354
347
349
348
349
351
353
347
350
350
353
354
355
352
350
350
352
357
358
358
355
354
356
361
360
365
360
360
363
367
369
372
367
367
367
372
370
374
378
377
378
376
378
383
392
393
396
392
395
397
396
401
404
408
405
402
401
407
412
415
418
412
416
422
426
437
431
432
433
441
453
451
442
452
461
469
464
454
451
455
457
459
455
451
456
462
458
458
463
470
477
490
476
484
476
484
494
496
485
479
478
475
478
474
473
482
478
485
496
501
497
499
505
516
521
520
509
503
504
506
521
532
540
528
516
519
530
545
537
533
542
558
555
541
544
552
561
547
535
541
548
547
543
545
530
528
536
549
553
540
540
545
553
560
553
539
543
550
560
561
547
545
552
559
553
546
553
566
571
563
566
577
586
573
569
586
576
561
567
583
573
560
561
577
583
567
559
565
572
580
568
563
563
561
565
559
554
560
569
573
566
568
577
583
575
574
580
586
579
573
580
594
586
578
585
602
596
582
585
578
573
574
574
569
566
567
576
583
583
577
579
587
597
599
590
590
598
606
593
591
602
612
604
596
594
594
598
593
589
582
580
586
601
611
606
598
598
596
596
602
597
597
603
610
611
605
600
602
605
603
593
601
609
610
612
625
636
1263
624
628
627
617
605
605
600
591
592
589
590
588
597
613
643
659
649
635
621
611
620
625
627
625
613
610
612
610
608
617
633
639
643
654
661
644
640
641
1108
634
601
585
579
572
567
571
565
575
569
627
1090
565
558
560
551
539
541
524
527
523
510
508
499
505
487
488
476
485
467
472
463
461
458
449
453
446
439
442
435
424
430
430
420
417
416
425
409
404
410
410
404
397
399
407
400
397
391
396
400
396
392
384
387
394
393
395
386
380
386
386
393
388
382
375
378
386
382
386
382
376
372
378
382
377
381
376
374
369
372
376
375
380
377
371
368
365
372
374
379
373
374
366
365
368
370
373
366
376
370
368
362
362
364
366
369
369
371
369
366
359
363
366
365
368
362
370
365
366
358
358
325
385
366
363
365
358
365
359
364
356
357
354
354
357
360
364
355
363
356
362
359
352
354
353
354
356
360
354
360
357
361
359
356
354
353
351
354
354
354
357
354
363
354
358
355
358
352
353
350
350
350
353
357
353
358
352
357
355
356
351
350
347
347
353
351
354
351
354
352
358
354
354
354
352
350
347
348
348
350
348
353
352
354
348
354
349
356
352
354
351
349
345
348
349
348
350
348
354
352
354
348
354
350
354
353
352
348
348
349
348
348
347
349
350
354
351
353
347
354
351
353
350
351
345
348
343
344
346
342
350
345
349
345
350
345
352
342
348
346
347
349
347
348
346
344
342
343
343
342
342
342
343
347
342
348
342
348
343
351
340
346
342
347
346
346
346
344
343
344
340
341
342
340
340
344
341
340
342
340
345
342
345
342
344
345
348
341
346
340
346
342
348
345
345
341
346
345
346
341
342
342
339
340
343
341
340
341
339
342
342
343
341
343
341
347
341
345
339
346
341
347
338
345
339
347
342
346
343
344
344
345
341
342
340
342
339
341
341
341
341
340
339
343
341
341
342
342
346
342
347
344
343
341
346
342
346
338
1029
343
346
340
345
345
346
343
343
344
341
342
340
340
340
338
342
341
340
341
338
343
341
341
340
342
343
346
341
345
337
345
341
344
340
340
340
344
338
344
337
343
336
340
336
346
343
345
341
343
337
345
339
345
342
344
342
345
343
343
342
341
343
342
340
339
340
339
340
341
339
339
337
339
341
340
338
341
338
341
339
339
340
337
343
339
341
339
343
340
341
340
340
338
344
340
342
336
342
339
342
339
339
333
341
337
336
336
335
336
336
337
336
338
334
338
334
337
332
336
335
269
406
337
338
671
674
341
342
343
342
341
341
344
344
343
341
339
344
346
349
341
345
345
346
349
349
347
347
346
347
351
352
354
348
351
351
351
354
354
353
358
357
356
352
357
358
359
367
367
363
362
364
368
372
373
367
371
372
373
379
383
379
383
388
388
393
395
390
400
403
399
397
399
400
405
405
412
408
408
414
417
428
423
421
423
425
424
433
431
432
425
428
433
434
433
433
433
441
445
445
444
446
447
456
464
456
454
459
468
471
474
468
473
477
485
483
479
485
488
498
494
488
493
503
510
505
504
512
520
512
501
496
500
505
505
503
502
502
508
525
538
531
530
537
548
554
546
535
540
548
553
548
538
541
552
555
545
547
556
565
561
556
563
565
574
565
554
538
550
562
569
568
552
556
556
563
563
551
556
568
569
557
555
551
548
552
549
539
542
551
560
561
549
559
559
559
547
554
560
566
560
561
565
570
558
562
567
570
562
567
573
578
567
567
570
565
560
574
574
584
566
561
558
560
562
568
561
555
561
568
564
555
562
573
577
1155
586
381
782
582
571
576
572
567
569
574
564
576
578
585
584
580
575
586
582
584
577
578
573
578
574
572
578
582
585
588
598
603
598
595
594
591
594
596
601
602
605
596
589
586
577
577
573
581
584
588
594
603
603
601
597
599
592
589
586
586
584
576
586
585
591
591
597
591
595
588
590
587
589
585
585
583
577
575
576
574
577
586
801
388
598
594
598
595
597
597
592
594
594
587
582
577
576
565
568
564
558
562
563
567
552
571
577
573
579
574
565
562
561
557
549
549
545
537
539
534
533
521
523
520
511
512
499
495
490
496
488
477
480
476
473
412
499
468
451
447
448
442
441
430
437
434
425
424
422
416
416
415
422
402
407
412
410
401
398
400
408
398
391
395
396
400
390
385
389
390
397
392
385
379
388
388
386
392
379
376
383
383
388
383
382
373
372
379
378
381
380
378
370
368
373
376
381
373
379
372
368
364
375
377
366
379
370
371
364
367
368
365
370
367
375
367
372
361
363
362
365
367
360
366
364
368
367
362
354
358
358
361
362
359
365
358
363
359
360
353
358
354
356
355
356
361
353
361
353
360
356
358
352
353
345
354
351
354
354
349
357
351
357
344
358
351
356
353
355
349
350
347
350
346
351
345
346
354
353
354
348
348
346
354
350
354
346
354
348
352
346
348
345
346
342
345
346
352
351
344
351
349
354
346
349
346
354
346
352
345
353
348
351
347
349
342
345
343
351
344
344
341
342
346
347
350
351
351
343
348
344
352
341
352
341
351
347
351
348
350
347
350
345
347
345
343
338
347
343
348
343
342
344
347
348
348
347
341
350
346
349
340
351
343
349
345
350
343
350
344
346
343
345
340
340
339
345
341
342
338
338
344
344
342
338
339
344
344
344
343
335
345
340
346
341
339
337
346
335
345
335
343
337
346
336
344
334
346
339
345
336
345
335
345
342
344
346
340
341
344
339
348
334
341
338
342
339
338
332
340
340
344
338
338
338
343
339
343
338
342
346
341
347
336
343
341
346
334
345
335
346
337
346
333
347
338
346
340
344
337
343
339
347
343
342
338
343
337
346
334
340
335
343
337
337
332
342
337
338
332
337
338
341
337
338
335
338
339
338
338
674
338
340
338
338
337
342
339
343
338
337
333
344
338
341
335
340
336
343
337
341
336
341
333
343
333
344
335
344
334
341
329
679
345
332
342
337
345
338
342
331
344
337
344
337
343
331
347
337
344
338
343
340
344
340
342
339
346
342
346
343
346
342
345
337
346
341
344
337
342
341
343
342
340
336
341
341
342
342
337
335
342
340
343
339
336
336
343
337
340
337
335
340
341
340
337
334
336
341
339
336
337
331
337
337
338
335
334
331
339
334
336
333
330
336
336
334
335
331
332
333
339
332
335
330
337
328
334
331
336
334
330
335
333
337
334
332
332
335
330
335
330
335
329
339
337
338
338
330
339
337
339
335
338
334
339
334
342
337
341
341
344
341
339
343
344
347
343
344
345
348
344
345
338
351
339
348
342
353
346
345
350
350
349
351
348
344
353
347
354
344
348
349
349
343
348
345
354
348
351
347
354
348
350
352
352
351
352
348
352
354
350
352
344
351
350
352
351
352
354
354
352
353
352
355
352
357
352
358
354
363
355
362
358
365
358
363
359
367
358
365
358
365
361
367
361
370
362
365
361
370
364
369
367
372
366
373
369
375
374
377
375
377
377
379
377
377
372
375
374
378
373
376
376
374
375
378
378
378
378
373
380
377
384
375
383
378
386
380
387
382
386
383
384
382
382
379
382
382
384
382
385
389
380
386
383
389
384
390
386
390
388
391
386
389
385
387
394
392
398
388
395
394
396
395
391
384
391
768
394
393
394
386
396
389
392
391
391
389
390
386
387
385
388
396
395
396
389
394
396
396
395
389
385
391
390
395
395
395
399
395
402
394
395
393
394
392
389
395
399
397
393
402
394
397
396
396
391
391
392
400
402
396
401
396
397
394
395
393
391
401
399
404
395
399
396
397
392
393
392
395
400
394
397
396
402
396
396
394
396
396
393
396
401
402
400
405
396
398
395
396
394
394
396
400
405
400
405
395
397
396
396
394
396
399
396
402
400
408
400
400
398
398
396
400
403
401
406
404
409
407
399
395
400
403
407
409
402
404
408
404
401
399
401
411
414
405
412
402
400
399
402
407
402
408
404
407
403
401
396
403
412
410
415
405
405
401
403
401
401
408
402
412
407
403
393
398
398
397
407
402
410
405
403
398
398
394
395
398
401
401
394
401
393
407
401
396
385
392
391
391
395
393
395
387
399
390
398
783
390
390
387
385
385
393
396
393
396
393
398
396
395
394
389
385
390
394
396
400
392
400
395
403
397
397
391
392
395
396
398
396
407
396
401
396
399
393
393
389
393
400
399
401
395
397
401
401
398
390
391
396
396
396
400
395
404
395
405
394
396
392
392
389
389
399
396
397
392
397
396
400
396
392
383
395
389
392
394
390
398
392
401
394
396
392
394
388
390
386
392
398
395
399
394
400
400
399
396
390
390
395
396
399
396
394
403
400
404
393
395
395
395
397
396
398
397
404
398
401
393
395
391
394
393
390
401
392
403
393
400
392
396
392
394
389
392
395
392
401
397
406
395
400
396
398
395
394
390
396
403
400
406
398
403
404
402
398
396
394
403
409
402
410
399
403
399
399
396
395
395
405
403
400
406
396
400
397
400
395
394
396
407
406
400
406
397
403
396
397
394
397
407
401
410
399
404
399
399
395
394
393
399
405
399
407
397
400
399
400
394
396
397
404
406
403
409
399
402
397
400
397
398
404
402
411
402
411
399
398
397
400
405
402
407
398
409
402
400
393
394
400
405
406
396
401
401
399
397
394
390
394
403
401
406
396
401
401
400
394
396
393
396
401
400
401
395
399
398
401
394
390
391
395
395
396
397
393
402
395
403
395
396
391
394
391
391
397
396
398
396
407
397
400
396
396
392
391
393
397
399
396
399
394
398
398
398
393
395
392
394
403
396
404
397
403
397
399
395
394
391
401
404
396
403
396
402
397
396
388
392
399
400
400
397
401
401
399
391
395
393
401
404
397
403
398
404
397
395
396
394
395
404
402
400
406
396
399
395
396
394
394
401
399
408
397
397
398
398
394
393
394
401
402
400
403
393
400
396
398
396
393
397
400
396
398
398
400
396
398
402
403
400
404
403
404
404
406
405
406
408
410
408
407
409
407
412
408
407
408
409
413
411
413
414
411
407
405
409
409
412
411
412
415
410
403
405
411
400
408
408
405
406
415
411
411
416
413
412
416
422
414
418
424
422
424
429
429
434
438
439
441
441
445
444
447
448
449
453
450
451
453
897
453
455
464
464
469
467
461
467
464
465
468
461
462
469
469
471
477
474
478
483
491
491
493
488
485
480
481
479
479
479
480
479
475
482
487
491
493
495
497
502
507