1127
1263
1242
1190
1175
1079
1050
1142
1244
1194
1229
1136
1176
1237
1251
1200
1159
1266
1320
1236
1109
1189
1411
1338
1215
1263
1210
1139
1206
1259
1185
1192
1226
1171
2273
1173
1125
1021
979
1074
1324
1292
1182
1095
1166
1180
1164
1087
1091
1114
1134
1095
1156
1288
1275
1195
1209
1158
1099
1164
1211
1227
1200
1308
1218
1205
1351
1309
1231
1129
1047
1071
1220
1293
1292
1296
1288
1197
1100
1146
1188
1154
1101
1141
1179
1058
984
1034
1191
1155
1097
1150
1108
1103
1025
1041
1135
1147
1109
1109
1150
1118
1112
1166
1219
1137
1027
1064
1169
1248
1125
1180
1281
1155
1111
1076
1039
953
973
1062
1065
1062
1128
1141
1087
1007
992
991
1039
1063
1065
1113
1171
1083
1082
1234
1221
1149
1206
1115
1018
1060
1166
1217
1186
1266
1178
1099
1101
1193
1206
1129
1255
1199
1109
1170