628
624
621
624
637
659
698
728
764
773
799
785
769
736
725
719
705
695
684
677
669
673
675
694
712
724
717
700
689
685
666
658
648
635
620
604
596
588
580
581
591
603
622
666
728
791
796
779
743
733
732
709
684
674
655
641
643
650
671
684
696
690
684
673
668
661
652
663
648
648
644
650
649
649
652
650
645
640
640
627
616
615
616
612
608
610
611
611
609
599
609
603
601
597
601
606
601
588
581
576
576
573
560
557
554
552
554
562
577
583
578
579
575
567
569
579
582
587
592
602
604
604
607
606
600
596
590
588
582
572
558
557
553
550
554
554
551
554
570
562
564
576
569
569
576
575
581
579
580
577
575
577
573
575
576
576
573
564
565
579
594
604
605
608
602
605
607
609
610
606
599
599
587
579
573
570
574
574
575
577
581
588
589
596
600
606
605
605
597
605
599
602
596
603
611
617
621
615
613
611
604
598
592
591
579
590
592
593
588
590
584
576
575
576
569
571
569
576
571
572
574
575
574
576
576
584
587
585
597
594
600
607
618
617
618
611
614
609
605
604
599
603
604
602
602
599
599
594
590
589
592
597
608
624
637
639
646
645
640
631
633
628
630
629
632
633
635
634
629
625
619
620
623
631
639
652
662
675
672
668
662
666
660
655
653
645
646
644
635
632
631
637
643
646
640
629
618
616
607
602
601
608
613
624
635
654
676
669
656
648
642
637
628
621
619
612
607
607
597
598
589
592
597
597
593
595
592
584
576
571
579
574
576
578
582
588
587
587
592
593
593
593
591
589
586
595
598
597
597
600
598
595
591
591
584
586
587
587
586
590
595
593
589
589
583
578
578
576
578
577
576
574
572
581
581
578
582
579
588
594
596
603
596
596
595
587
588
584
594
594
600
602
605
604
600
594
585
581
575
570
563
566
573
584
589
584
595
593
589
587
588
586
579
575
569
565
550
562
549
555
552
548
551
547
548
541
545
533
538
528
529
529
511
528
518
514
522
518
518
513
514
509
510
509
515
512
513
518
508
516
520
511
518
517
520
525
519
526
528
534
531
522
526
527
528
521
518
523
522
523
521
517
523
525
527
526
525
529
525
518
526
509
514
510
500
507
505
500
508
505
509
508
503
507
515
509
515
517
516
525
513
520
524
1041
516
519
515
510
524
510
518
521
507
517
516
517
521
512
525
519
525
533
524
538
527
536
531
529
535
521
525
519
519
519
509
519
507
510
520
506
514
523
509
515
517
512
520
506
514
514
506
514
516
506
512
504
503
513
502
502
521
495
501
506
496
496
499
493
483
489
489
479
480
487
482
479
487
492
481
489
495
485
491
504
499
492
500
501
497
501
499
488
492
495
486
488
494
484
479
484
489
478
478
484
475
475
482
487
476
476
484
481
477
480
487
473
477
489
483
476
480
489
479
483
496
491
486
489
493
479
479
489
473
474
479
481
475
480
485
483
479
486
488
479
482
493
475
477
491
483
476
480
481
472
473
479
476
466
467
479
466
465
475
477
467
470
477
477
463
462
467
467
461
461
465
469
454
454
462
467
459
448
446
454
455
450
443
445
457
456
452
445
445
452
452
446
439
439
444
447
442
435
437
442
445
447
437
436
442
440
449
443
439
439
442
447
449
442
439
440
448
453
449
439
442
453
461
452
446
446
457
456
446
445
446
452
450
442
438
440
446
451
442
435
438
444
448
444
436
437
448
446
450
439
438
446
445
445
435
437
442
444
445
432
433
438
439
444
434
430
434
435
440
438
431
430
433
438
439
435
430
431
438
437
439
431
432
433
431
439
438
430
426
429
437
437
435
423
418
424
425
432
432
421
416
418
424
426
428
420
416
425
424
432
433
426
425
426
438
438
429
424
423
429
431
433
419
416
421
420
428
424
415
413
411
421
419
423
420
412
413
415
420
416
423
419
414
414
418
423
423
427
417
415
417
416
424
425
422
414
413
419
416
424
427
424
413
411
417
414
422
421
425
415
410
411
411
415
417
421
413
410
412
415
422
420
425
419
412
416
414
421
417
418
413
410
411
413
419
415
419
411
407
408
408
412
411
416
412
404
399
400
402
401
407
404
410
407
403
396
396
399
399
402
396
401
402
398
394
393
393
394
398
397
403
398
405
400
396
394
394
396
398
402
400
406
403
406
396
396
400
398
400
400
406
407
400
397
397
401
402
407
402
407
405
400
398
396
399
401
406
401
409
402
396
395
394
396
398
401
398
401
400
402
399
394
396
394
400
396
401
396
399
400
396
394
393
393
393
397
397
398
396
399
405
396
392
391
390
391
394
392
396
393
395
394
392
390
388
387
387
390
391
393
395
395
395
395
390
388
387
387
391
391
393
393
395
391
397
392
386
384
383
383
382
386
386
387
384
388
382
388
387
384
383
380
378
377
381
381
384
382
384
385
386
383
390
389
386
383
380
379
381
380
379
380
381
382
380
385
377
383
381
383
378
376
375
376
378
378
382
379
380
377
388
381
385
385
385
377
373
376
373
374
373
375
374
378
377
378
372
377
374
378
373
377
377
377
379
374
371
369
369
368
369
368
370
370
370
370
371
372
374
373
373
372
375
368
374
369
374
371
373
370
372
371
366
366
364
365
367
366
367
365
365
367
366
370
368
371
369
370
369
370
365
374
367
374
372
376
375
374
368
366
366
364
366
365
365
367
368
366
370
364
366
365
368
366
367
365
367
360
367
360
365
362
366
363
366
367
367
369
363
360
360
358
360
358
360
361
361
362
361
361
362
362
359
361
725
359
364
359
363
360
366
364
361
363
361
364
361
358
356
356
354
357
354
356
357
358
355
356
355
358
358
357
357
358
357
359
356
360
356
359
355
359
354
358
355
359
354
359
354
715
361
358
358
360
360
362
360
356
354
354
356
355
354
359
354
718
362
360
359
530
1878
940
813
5263
695
361
355
355
355
354
354
354
358
354
357
356
356
354
354
352
355
350
354
351
358
352
355
350
353
347
354
351
354
350
354
349
352
349
353
349
353
348
352
702
350
351
350
351
350
354
351
351
350
351
353
354
350
348
348
349
350
351
347
348
347
346
347
347
346
346
346
345
346
347
346
347
345
345
346
344
345
347
345
343
346
343
344
348
346
347
344
344
343
345
346
347
343
344
343
342
345
343
344
343
343
343
343
342
341
342
342
341
342
342
340
341
339
343
341
339
341
338
340
342
340
339
340
338
338
340
338
341
338
338
339
339
338
340
339
339
340
341
341
340
340
339
339
341
342
342
340
342
342
342
345
344
341
342
344
344
347
345
342
343
343
343
344
345
341
344
342
342
346
345
341
342
342
342
345
343
342
340
342
343
343
341
340
341
340
341
344
343
339
340
340
339
341
342
343
343
338
340
338
342
341
343
343
343
340
340
343
344
342
342
340
341
343
345
341
339
341
341
345
343
339
339
341
340
344
342
339
339
338
341
341
341
337
339
337
338
342
339
336
339
336
336
339
341
340
338
337
337
338
339
339
341
338
337
339
337
339
340
339
336
338
340
340
341
339
337
338
339
337
339
336
336
337
338
336
339
337
335
337
336
336
339
337
333
338
334
336
338
337
334
336
334
333
333
336
335
335
333
331
333
335
333
334
333
332
335
332
331
332
333
333
333
332
331
332
335
331
332
332
330
334
335
332
333
332
334
332
335
333
332
331
333
329
335
330
335
328
334
329
337
331
336
328
337
332
335
333
335
330
337
334
338
331
336
333
337
332
338
330
337
335
338
333
335
333
337
334
337
333
335
334
337
336
337
332
335
337
333
334
338
332
336
333
336
336
335
335
334
334
336
332
335
332
336
331
336
331
335
333
333
331
333
330
336
330
334
330
331
332
331
331
330
330
330
332
330
328
331
329
331
330
329
330
333
331
329
329
330
333
331
333
329
328
332
330
329
329
329
328
332
332
329
328
329
330
330
332
329
330
328
332
330
331
328
329
328
333
329
331
328
330
325
332
328
332
325
332
329
333
329
333
323
333
330
334
328
333
326
333
328
335
326
332
330
334
329
332
330
331
329
336
326
333
332
330
331
334
327
331
330
331
330
332
328
330
331
332
326
331
328
330
328
332
327
330
326
332
328
330
329
327
327
332
325
330
324
329
327
329
325
328
324
326
325
326
323
326
323
328
321
324
324
323
323
324
322
321
321
320
322
322
323
320
323
322
322
320
322
319
324
318
321
315
323
319
322
315
322
320
325
318
324
321
321
322
324
319
323
321
324
321
321
322
320
322
322
321
324
321
322
326
320
322
324
325
322
322
322
323
322
326
320
324
320
324
323
323
318
324
320
327
319
325
320
326
322
327
320
326
321
327
320
326
324
327
322
323
323
325
323
327
319
325
324
327
321
324
324
324
322
326
320
323
322
326
318
324
322
324
319
322
322
322
321
325
318
322
319
323
317
324
318
323
319
312
329
319
320
320
316
320
318
322
314
319
315
321
317
316
317
314
321
317
316
314
320
316
317
318
319
318
313
315
319
318
314
313
318
315
317
312
318
317
319
313
317
316
320
316
317
318
319
318
319
318
317
317
319
318
316
319
320
313
321
314
322
316
317
317
320
318
318
316
316
318
311
314
314