1373
1419
1479
1461
1347
1418
1479
1352
1230
1437
1549
1441
1316
1369
1424
1405
1319
1283
1398
1469
1410
1313
1366
1407
1474
1404
1306
1415
1472
1445
1463
1521
1427
1328
1368
1479
1490
1377
1429
1460
1398
1349
1418
1453
1312
1396
1282
1188
1278
1432
1374
1369
1404
1313
1315
1384
1449
1365
1336
1452
1434
1424
1467
1443
1379
1435
1508
1404
1256
1454
1393
1339
1378
1397
1300
1276
1415
1354
1294
1391
1439
1376
1370
1480
1410
1307
1410
1341
1326
1447
1387
1287
1347
1368
1323
1354
1380
1317
1245
1390
1400
1356
1283
1417
1462
1406
1391
1432
1403
1408
1428
1420
1324
1199
1411
1439
1271
1462
1463
1261
1367
1370
1211
1229
1384
1392
1265
1382
1382
1301
1232
1375
1396