1167
1200
1240
1267
1304
1266
1243
1167
1190
1263
1252
1245
1194
1091
1168
1412
1504
1489
1489
1471
1445
1317
1398
1364
1291
1243
1395
1487
1445
1347
1159
1212
1433
1482
1465
1438
1406
1403
1385
1361
1343
1430
1397
1299
1186
1305
1445
1484
1495
1440
1323
1366
1340
1366
1394
1286
1171
1210
1393
1438
1382
1325
1399
1375
1251
1213
1261
1413
1394
1286
1313
1333
1271
1176
1179
1293
1332
1306
1239
1272
1349
1372
1327
1356
1274
1243
1268
1353
1298
1288
1352
1340
1198
1156
1351
1343
1194
1226
1374
1382
1263
1315
1294
1297
1219
1243
1229
1153
1170
1329
1366
1299
1272
1348
1354
1216
1210
1255
1247
1204
1317
1322
1226
1248
1302
1386
1403
1345
1362
1326
1246
1272
1290
1213
1125
1190
1401
1433