1097
1094
1084
1066
1021
979
971
979
1007
1002
1017
1021
1029
1036
1019
971
952
929
894
872
862
865
864
887
951
1019
1029
1059
1045
1002
994
1024
1088
1083
1043
1015
1005
1024
1193
1288
1229
1096
1148
1274
1258
1190
1117
1099
1186
1211
1127
1146
1257
1237
1151
1193
1185
1194
1163
1202
1142
1118
1106
1117
1078
1091
1176
1239
1143
1084
1072
1078
1099
1102
1190
1241
1229
1110
1060
1040
1021
1004
992
1057
1116
1193
1130
1063
1088
1124
1121
1048
1116
1100
1060
1011
1016
1069
1151
1154
1193
1205
1198
1150
1161
1221
1185
1128
1152
1239
1225
1196