1167
1221
1452
1277
1239
1304
1229
1157
1312
1426
1369
1338
1327
1297
1259
1110
1213
1183
1209
1199
1171
1140
1142
1043
998
1019
1048
1031
1046
1077
1116
1132
1049
1075
1083
1031
1056
1097
1095
1012
1055
1084
1060
1051
1131
1158
1081
1102
1104
1106
1088
1124
1130
1072
1089
1102
1088
1146
1224
1222
1160
1188
1119
1044
1038
991
902
919
877
853
857
956
1033
1039
1038
1062
1045
1046
1024
1011
989
1009
1031
1065
1122
1101
1118
1172
1112
1070
1101
1136
1055
1060
1134
1093
1031
1034
1043
1033
998
1056
1121
1093
1065
1067
1079
1081
1046
1066
1090
1165
1042
1051
1102
1161
1138
1126
1104
1085
1084
1100
1190
1190
1192
1095
1060
1071
1069
1042
1057
1065
1097
1039
1025
1042
1053
1059
1063
1104
1131
1091
1006
963
937
884
854
868
841
828
931
991
1078
1063
1029
994
1005
1004
998
1032
1069
1102
1138
1101
1108
1089
1074
1076