681
610
641
957
740
669
711
980
869
929
945
882
870
812
798
753
730
729
709
715
666
623
596
543
542
536
521
521
512
522
532
526
517
529
561
574
595
611
599
563
563
563
559
543
531
526
527
519
524
521
514
526
515
520
518
519
518
514
504
504
500
494
490
490
489
482
481
479
477
475
477
475
469
472
473
471
472
468
470
463
469
461
464
464
456
456
462
454
457
454
457
456
445
453
446
444
441
448
436
432
437
429
430
427
427
429
420
423
424
417
421
418
413
419
417
414
416
418
414
417
419
415
417
421
415
419
420
415
416
421
414
417
418
417
415
419
416
416
417
416
415
418
413
415
415
417
411
413
417
411
412
410
406
407
410
399
404
406
400
400
403
400
396
400
398
399
396
396
398
397
396
396
397
398
395
395
399
398
394
398
398
396
393
395
396
392
394
397
395
390
393
391
391
391
388
393
394
393
389
390
394
389
386
392
387
390
386
388
389
391
388
387
386
391
388
383
386
387
389
383
384
387
384
387
384
385
386
387
390
383
382
387
382
387
381
380
382
380
382
381
376
379
379
383
380
376
375
377
380
381
374
374
375
380
380
375
372
377
378
377
378
380
375
379
378
384
381
376
378
379
381
383
375
378
379
382
378
379
379
376
380
382
380
376
376
382
376
375
378
372
376
374
377
376
373
372
373
378
372
372
372
371
375
373
376
375
370
373
374
377
371
371
372
371
373
374
374
366
367
372
369
369
366
365
367
363
367
367
369
364
360
366
361
365
365
366
360
358
363
361
363
363
361
363
358
360
358
362
358
362
359
357
355
358
361
356
359
360
361
357
359
361
358
362
361
364
360
358
364
361
363
363
367
364
361
365
362
366
364
368
363
363
363
363
366
365
369
366
362
366
362
367
364
369
362
362
363
360
364
362
365
369
360
361
363
365
362
366
366
364
363
363
365
363
365
368
369
364
361
368
364
367
368
368
363
360
366
364
364
367
367
361
361
365
361
366
366
368
361
363
363
364
365
365
367
368
361
365
365
369
364
368
367
366
364
365
369
365
365
364
363
363
362
367
363
362
359
360
363
359
363
362
364
360
356
362
356
362
360
364
359
359
359
357
359
358
362
360
359
360
359
359
357
362
361
360
355
358
359
358
362
359
359
361
360
358
357
361
358
362
362
364
358
357
361
357
363
361
363
362
358
359
359
363
358
363
361
359
359
360
363
361
363
364
359
361
358
365
359
363
364
362
358
359
363
360
364
362
363
361
360
361
355
362
359
363
357
360
359
356
357
358
362
357
359
358
357
357
355
361
357
361
358
359
361
357
361
360
365
363
362
364
360
363
361
368
360
364
363
362
363
360
366
365
366
363
361
364
361
365
362
366
359
360
362
359
362
360
364
361
356
362
357
363
360
362
368
357
360
360
362
360
362
364
365
358
358
361
358
362
360
363
357
358
359
358
362
359
362
362
357
358
357
363
359
360
362
359
358
356
362
359
361
364
358
358
355
362
359
361
361
360
361
357
362
361
363
361
361
362
359
362
361
365
361
359
362
360
362
361
364
361
357
360
358
362
358
364
363
362
361
360
363
361
365
365
367
362
360
365
361
366
364
367
361
362
364
361
365
364
366
366
360
362
361
367
362
365
364
361
361
362
367
362
362
362
362
362
359
365
363
365
359
360
362
359
363
362
365
360
358
362
357
362
359
365
360
360
360
360
359
359
363
361
363
359
355
361
358
365
361
365
364
360
364
362
365
364
367
363
361
364
359
364
359
365
359
363
363
359
360
359
364
361
363
361
358
362
357
362
359
367
360
362
363
360
362
359
364
360
363
367
358
358
355
362
358
362
358
363
365
361
359
359
364
363
367
364
363
365
363
365
362
369
362
365
364
362
360
360
365
361
362
364
359
361
356
365
361
356
361
359
360
361
354
360
357
358
355
350
356
354
352
354
349
354
350
354
354
345
351
351
349
347
347
347
344
349
349
344
344
344
347
343
345
346
342
344
340
347
343
345
344
342
343
344
346
344
342
343
340
345
343
345
339
341
342
339
342
343
343
340
335
340
338
343
339
342
340
336
340
341
340
340
336
342
334
342
341
338
338
335
339
334
340
339
337
335
336
337
332
339
337
334
335
332
337
330
337
336
334
334
331
334
329
335
332
335
330
331
333
327
330
331
333
330
331
335
329
329
329
334
329
331
331
328
328
325
331
327
330
331
329
331
326
328
326
328
328
329
328
326
330
325
323
327
331
325
328
331
330
324
323
330
324
329
328
328
326
324
329
324
325
326
329
324
328
328
325
324
324
328
324
326
327
328
323
325
327
323
324
326
328
323
326
328
324
323
324
325
323
328
324
328
329
320
326
322
325
321
326
326
325
324
325
327
323
325
321
325
324
327
322
325
328
317
325
321
326
320
326
324
325
320
326
324
320
322
322
325
321
325
324
320
317
324
325
320
323
324
325
321
320
321
320
321
320
326
320
324
326
322
319
320
323
319
323
322
324
319
324
325
319
321
318
323
320
322
322
324
318
318
321
322
316
321
323
319
324
319
322
319
320
324
318
320
319
320
316
320
322
324
317
325
325
319
321
319
323
318
323
321
325
318
321
323
321
318
320
323
319
322
323
321
318
319
323
318
317
319
322
320
321
323
322
319
318
642
317
318
323
317
322
320
322
319
319
323
319
316
318
320
319
319
320
323
317
321
325
321
315
318
320
316
318
319
323
317
320
322
322
316
317
320
319
317
319
322
317
320
322
322
316
321
316
319
315
318
321
317
319
320
320
318
318
322
316
315
316
321
317
320
320
320
317
318
320
316
315
317
321
316
319
319
321
317
319
324
314
316
318
320
316
320
318
322
314
321
322
319
317
316
320
316
319
319
322
316
320
321
321
314
315
637
320
319
321
316
321
319
317
319
316
318
317
319
315
322
320
319
320
317
319
317
315
319
320
317
319
322
320
315
320
321
315
319
319
322
316
320
321
317
315
317
321
314
316
317
321
316
319
320
320
315
317
320
317
313
316
320
315
318
317
321
314
320
319
319
313
320
319
314
316
316
320
315
319
320
319
316
317
318
316
314
316
636
319
317
319
316
316
319
316
317
314
319
315
318
316
321
315
317
321
316
314
316
319
314
315
315
320
313
319
316
318
316
317
318
316
314
320
316
318
316
318
316
318
316
317
321
318
319
320
321
322
323
321
322
325
323
324
326
325
324
325
325
326
328
325
326
330
327
328
329
329
328
328
329
330
330
328
331
331
330
331
331
332
332
335
332
335
337
336
336
337
338
339
340
338
340
341
339
340
342
342
344
344
343
346
347
345
345
348
345
348
347
347
350
348
348
348
350
350
352
350
353
355
353
354
357
355
356
355
356
357
355
356
357
357
357
361
358
356
355
356
357
356
355
361
359
361
361
360
364
366
363
364
367
367
367
364
367
369
365
367
369
368
370
369
370
373
370
373
371
373
376
376
376
378
380
382
381
379
383
382
381
381
381
383
379
377
381
378
380
376
379
382
381
381
384
384
383
382
379
379
380
382
380
378
384
382
384
383
386
389
385
386
390
390
392
389
391
393
392
396
390
395
394
395
391
393
396
396
392
393
396
400
401
400
401
402
405
405
401
406
405
401
404
405
406
401
408
405
407
405
410
412
411
407
414
415
413
410
417
414
413
412
413
416
413
409
413
416
411
411
417
417
412
416
419
418
414
419
415
415
413
411
406
410
413
409
407
412
413
416
410
418
415
418
417
420
423
416
425
422
423
421
424
427
420
425
424
423
423
419
414
417
418
417
416
421
423
427
421
427
429
433
434
434
429
436
438
433
438
438
440
439
435
441
438
443
442
438
444
446
446
439
447
446
438
442
442
438
437
441
441
435
444
444
439
445
444
441
441
444
443
436
443
442
436
438
442
440
438
439
441
441
434
442
440
436
439
441
438
436
441
442
442
436
444
444
439
439
444
443
445
442
437
440
438
431
432
434
428
429
427
422
421
422
427
421
425
427
428
426
431
436
432
431
438
439
441
437
446
446
448
442
446
448
452
443
452
451
454
449
457
458
449
458
458
459
449
460
459
462
452
466
464
464
460
463
466
464
462
452
456
454
455
444
450
447
450
446
451
453
447
456
455
459
449
459
456
452
446
452
446
446
444
442
443
445
449
449
454
454
446
450
450
434
441
446
433
436
434
429
434
417
427
423
416
419
415
414
412
409
412
402
404
408
399
402
403
396
398
394
395
394
388
391
388
384
384
383
378
382
378
376
377
379
369
375
370
368
373
367
364
368
364
365
362
363
362
361
358
363
361
358
356
357
361
355
350
358
352
354
349
352
353
352
353
346
347
353
348
345
346
344
349
344
346
346
339
346
343
347
341
340
343
342
341
341
340
341
339
343
341
336
338
339
341
339
340
338
336
337
333
341
340
335
328
337
337
337
336
335
336
333
334
340
334
335
333
335
336
332
336
334
333
332
331
335
332
335
332
333
331
331
334
333
334
328
330
333
330
333
331
335
330
327
332
328
332
329
333
329
326
658
329
330
331
326
323
330
327
329
329
329
325
327
329
324
327
326
330
327
325
324
325
323
325
326
327
324
327
325
323
323
327
322
326
325
326
321
324
326
321
323
324
327
321
323
325
322
319
323
325
321
323
324
324
321
319
325
320
322
322
325
321
324
324
320
322
319
325
320
324
323
324
319
322
319
321
320
320
324
320
322
323
323
320
319
323
319
318
319
324
317
322
322
322
319
319
319
319
318
320
322
319
320
322
322
316
318
321
316
320
320
323
317
321
321
321
313
321
319
317
321
319
322
318
321
323
320
316
317
322
316
318
318
321
317
320
321
319
318
314
317
317
319
319
320
316
319
321
317
318
314
320
315
319
317
319
315
317
321
315
317
314
319
315
318
318
318
316
316
320
314
317
315
320
314
318
317
318
315
318
320
317
316
315
318
314
319
317
319
313
318
320
316
314
317
322
313
316
318
318
320
317
319
321
316
318
318
317
633
322
316
319
319
322
318
317
320
316
319
318
320
317
319
321
320
314
316
321
313
318
317
320
315
319
322
316
313
317
319
313
318
316
319
315
319
319
318
317
314
318
316
314
317
320
315
319
317
319
317
316
319
316
314
317
317
315
318
317
320
314
318
321
315
313
316
320
313
314
315
318
315
319
316
318
315
313
318
313
313
314
315
314
315
316
317
313
317
317
316
313
315
316
312
313
314
316
314
315
315
317
313
314
319
313
313
313
316
313
315
314
318
312
315
317
315
313
313
315
313
312
317
316
311
315
313
318
313
316
317
316
313
314
318
311
314
313
316
313
315
314
315
313
317
315
316
313
313
315
313
312
314
315
312
314
314
317
313
313
317
316
313
313
320
309
313
313
316
312
314
314
317
313
314
313
316
313
316
313
316
313
316
314
319
314
315
315
316
316
315
317
318
318
318
319
318
321
320
321
322
321
324
322
324
322
325
325
322
327
326
323
324
327
324
325
327
326
327
328
326
328
327
326
329
328
326
327
330
326
327
329
329
329
329
330
330
330
328
333
331
331
332
334
333
334
334
334
335
334
334
339
335
337
338
338
338
339
339
339
341
339
342
342
339
343
344
342
345
345
345
347
347
347
351
346
348
349
351
349
350
350
353
350
352
354
353
354
355
355
359
358
357
361
362
361
361
358
362
362
361
360
358
358
361
358
359
361
360
365
364
363
367
366
368
369
369
373
373
372
376
374
376
376
376
379
376
375
378
378
378
379
380
384
379
383
386
385
387
385
387
386
387
391
386
387
388
389
389
386
389
390
389
393
391
394
392
394
396
392
393
394
394
390
393
395
395
395
396
396
399
398
396
399
397
401
399
397
403
402
405
402
402
406
405
402
401
405
404
403
400
403
405
402
400
405
405
402
404
404
408
402
408
406
407
405
407
410
408
407
410
408
410
404
411
408
408
406
410
413
407
413
413
414
413
415
420
413
418
418
418
413
419
421
416
418
421
422
417
423
428
423
422
426
427
429
423
431
427
429
426
429
430
421
424
423
420
419
413
407
409
410
407
405
410
412
409
410
413
413
412
412
415
419
414
415
418
416
420
412
419
416
418
413
417
420
413
418
418
420
418
419
423
421
419
417
415
413
415
418
412
416
417
417
415
418
421
420
423
422
426
429
424
423
427
429
430
422
428
429
433
430
431
431
434
434
428
431
434
436
435
436
433
435
437
435
432
429
432
429
428
431
430
432
428
433
433
437
437
437
438
439
437
441
444
439
442
440
442
439
440
440
436
440
439
437
435
439
438
438
436
438
439
439
438
436
440
438
437
439
438
437
437
442
440
436
435
439
438
437
438
434
438
437
441
435
440
438
439
433
437
438
432
437
435
437
435
436
438
433
437
433
437
428
433
430
432
428
429
433
427
429
429
432
432
430
433
433
433
433
437
429
433
429
432
429
426
428
426
427
421
427
423
417
424
413
414
421
412
412
408
410
406
404
412
402
407
405
400
401
394
399
392
389
392
390
385
383
386
380
377
380
376
372
375
372
369
369
368
366
366
364
365
364
356
362
361
358
358
355
360
354
350
355
352
352
353
349
353
351
349
349
348
352
348
344
347
345
348
347
344
345
341
347
345
343
341
341
345
342
343
341
337
344
341
340
343
339
338
337
343
336
339
337
335
340
337
337
338
336
336
334
337
336
338
336
334
333
333
336
334
336
334
329
335
330
335
332
336
330
329
336
327
332
331
333
330
329
330
327
334
328
330
330
329
331
328
328
330
333
330
329
329
330
330
326
334
329
330
330
328
330
326
331
329
330
333
329
326
326
332
328
331
329
330
334
324
329
329
331
329
329
331
328
329
327
333
328
331
333
328
327
326
331
328
329
329
329
328
325
329
325
330
326
331
325
324
329
324
327
326
329
325
325
326
326
323
322
327
325
325
326
327
320
322
323
322
326
323
324
324
321
324
321
324
319
325
323
323
324
325
322
322
322
320
320
323
325
321
323
327
323
319
319
326
321
324
321
326
322
319
322
323
321
320
324
322
322
324
324
320
323
322
321
320
320
324
321
322
323
323
642
321
321
320
320
323
320
293
348
325
319
320
318
320
317
319
322
318
322
318
322
318
320
322
319
317
317
320
316
321
317
321
317
319
321
321
318
316
319
318
319
317
319
319
320
321
320
638
318
318
636
321
318
319
320
320
318
318
321
317
320
315
320
320
318
320
320
317
320
321
316
316
317
319
317
318
318
320
317
317
321
318
313
317
319
314
314
317
318
315
317
317
318
316
314
317
315
313
316
317
313
315
315
316
316
316
317
316
313
314
316
315
315
313
314
314
314
313
316
314
316
314
317
313
315
320
314
313
313
316
313
313
313
314
316
316
313
316
314
314
317
314
313
314
313
314
313
313
317
313
315
314
317
316
314
315
314
312
313
315
311
313
314
316
313
315
317
315
314
313
316
313
310
314
315
311
313
313
318
313
313
316
316
313
314
315
312
313
313
315
311
314
313
318
313
313
316
315
312
313
316
313
313
313
316
313
314
315
316
313
313
317
311
313
313
313
313
314
313
316
311
315
316
315
313
314
316
311
311
313
314
313
313
313
318
313
315
315
310
316
313
308
315
313
311
313
313
317
310
315
316
314
311
313
315
309
313
310
313
311
312
313
316
311
313
315
314
313
311
313
311
313
308
314
308
312
311
314
311
312
312
313
311
315
310
313
312
313
313
312
311
315
313
313
313
317
313
317
316
315
318
319
319
315
317
321
318
318
318
322
317
322
321
316
318
322
319
320
320
321
321
319
321
324
321
318
322
323
322
319
321
323
321
319
322
321
322
319
323
321
323
320
323
322
323
320
323
322
324
321
323
322
325
321
324
324
325
323
324
323
326
324
326
325
326
324
325
328
327
325
325
329
325
326
325
326
325
326
324
330
321
326
324
328
323
325
324
327
324
326
322
329
325
326
323
329
325
326
324
327
327
327
325
329
327
328
328
329
328
328
329
330
327
327
331
327
327
325
329
327
327
326
326
325
331
326
328
326
331
325
330
326
332
327
329
327
332
328
331
328
331
330
330
327
332
330
333
330
333
329
333
332
333
330
331
334
329
330
328
332
329
331
327
333
327
329
329
332
328
330
329
332
328
332
328
333
331
332
329
335
331
334
330
333
333
334
337
330
332
332
331
329
334
330
330
331
335
329
333
329
335
330
334
330
335
332
333
330
336
333
335
333
336
334
335
337
335
334
333
337
335
334
333
339
333
335
334
339
333
338
335
338
336
337
334
338
336
337
336
340
337
337
337
337
336
337
337
336
339
336
340
336
340
337
341
337
340
336
340
337
339
339
339
338
337
339
336
338
338
336
336
338
336
338
338
339
337
339
339
338
337
339
338
338
339
340
339
337
342
337
340
337
342
338
343
340
344
340
342
340
344
341
343
343
342
340
339
343
340
342
339
344
341
344
341
343
340
344
343
342
343
343
344
342
344
339
345
342
345
342
347
344
345
341
346
343
344
345
343
342
343
346
342
345
343
346
346
345
343
347
344
346
346
345
344
342
347
342
346
342
348
344
346
342
348
343
345
342
345
345
340
342
341
343
339
344
340
342
340
344
341
341
339
343
341
340
343
341
342
339
343
341
340
336
343
336
341
337
342
339
341
339
339
340
341
339
339
339
340
341
340
338
337
342
338
339
337
342
338
343
339
342
342
343
340
341
341
342
343
341
339
340
342
339
339
339
343
338
343
339
343
339
343
340
342
339
342
340
340
341
342
336
339
342
338
339
338
342
339
341
338
342
339
340
337
341
339
339
342
340
340
336
341
339
338
337
341
336
340
335
341
337
341
336
341
339
342
337
344
342
344
342
341
344
341
343
339
344
338
343
340
343
341
342
343
343
339
345
342
343
343
346
343
341
344
342
343
339
346
340
345
340
347
344
345
342
345
343
345
346
346
344
344
345
342
344
343
347
344
346
345
346
346
345
344
349
345
343
346
344
345
342
345
344
347
342
347
344
345
342
344
344
343
344
342
341
339
344
338
341
339
343
339
342
339
343
341
342
339
343
341
342
342
344
342
340
344
340
341
339
344
339
344
341
346
341
346
341
345
342
346
343
345
347
344
344
343
346
344
344
343
347
343
348
344
349
344
345
350
345
347
344
349
344
345
344
346
342
347
344
346
342
348
343
345
344
347
345
343
344
344
344
339
344
343
345
342
346
344
346
342
346
345
344
345
347
347
342
344
344
346
342
345
343
346
342
347
344
346
343
345
344
346
346
344
342
342
344
343
344
341
345
344
347
344
346
346
346
343
347
347
344
346
345
346
340
347
342
347
343
347
346
346
345
346
349
343
344
344
346
343
346
344
347
346
346
345
347
345
348
348
345
349
345
345
343
347
344
347
344
350
347
348
345
349
347
348
347
349
347
344
348
346
346
343
347
345
348
344
349
346
348
344
348
345
347
348
345
344
342
346
342
344
341
347
344
346
343
346
343
346
341
344
345
341
345
339
341
337
344
337
341
338
344
340
342
340
342
340
342
340
343
342
341
343
344
341
341
344
340
344
340
343
342
344
340
346
342
344
340
344
341
342
342
343
342
341
340
342
339
337
342
337
341
337
343
339
342
338
343
339
342
339
342
341
342
342
341
341
339
344
338
342
340
344
339
344
341
345
341
347
338
346
342
346
348
345
348
344
347
344
346
343
349
346
349
345
348
346
347
347
347
347
348
346
349
348
349
346
347
351
347
348
350
348
350
350
351
351
352
351
353
353
352
354
354
354
355
355
355
357
355
357
358
358
358
358
358