1243
1369
1288
1220
1250
1222
1126
1214
1341
1117
1118
1324
1231
1330
1267
1162
1223
1178
1316
1341
1381
1403
1266
1228
1327
1354
1334
1396
1288
1399
1275
1246
1302
1236
1345
1269
1316
1370
1204
1293
1360
1270
1371
1271
1345
1359
1229
1270
1184
1288
1301
1313
1229
1275
1265
1271
1315
1252
1315
1268
1198
1343
1270
1145
1308
1407
1300
1360
1320
1358
1348
1293
1338
1266
1304
1213
1229
1346
1253
1386
1286
1277
1290
1172
1217
1240
1188
1332
1354
1233
1267
1255
1206
1281
1300
1253
1334
1313
1231
1299
1327
1226
1273
1190
1253
1384
1304
1315
1332
1213
1287
1328
1257
1247
1349
1218
1241
1204
1136
1275
1247
1205
1283
1206
1257
1267
1194
1178
1205
1164
1267
1291
1158
1168
1182
1112
1196
1158
1133
1190
1209
1240
1245
1158