1178
1202
1431
1415
1354
1380
1209
1063
1218
1544
1548
1439
1382
1217
1168
1227
1387
1451
1371
1343
1290
1219
1241
1363
1437
1390
1280
1279
1369
1386
1377
1311
1438
1432
1271
1292
1496
1370
1238
1388
1396
1328
1267
1348
1302
1219
1231
1323
1433
1337
1229
1274
1468
1418
1308
1309
1362
1353
1227
1289
1429
1324
1265
1375
1355
1222
1166
1319
1439
1369
1195
1294
1313
1208
1233
1295
1384
1297
1202
1331
1385
1364
1384
1350
1290
1345
1312
1196
1386
1560
1507
1497
1441
1372
1357
1339
1345
1254
1202
1379
1335
1244
1388
1397
1235
1272
1399
1358
1204
1291
1244
1159
1132
1345
1493
1377
1299
1313
1277
1189
1273
1315
1213
1189
1353
1346
1281
1264
1246
1384
1388
1313
1191
1221
1218
1189
1077
1192
1257
1263