823
894
973
1045
1096
1095
1085
1092
1001
979
991
974
915
918
993
1363
1198
1005
1019
1241
1362
1208
1140
1050
1007
1029
1054
1067
1071
1059
985
962
1015
1008
1119
1108
1058
1089
1158
1089
1062
1103
1229
1208
1086
1063
1092
1103
1086
1040
1095
1143
1253
1139
1161
1269
1170
1104
1154
1225
1121
1124
1235
1285
1234
1172
1144
1152
1071
1044
1037
1111
1084
1203
1305
1323
1210
1218
1118
1063
1010
1018
1102
1148
1138
1058
1068
1083
1063
1034
1034
1048
1013
1006
1076
1126
1040
1030
1065
1074
1173
1097
1060
1146
1280
1227
1156
1191