1145
1239
1120
1117
1175
1264
1259
1176
1162
1223
1261
1168
1113
1112
1140
1164
1095
1089
1181
1332
1399
1329
1317
1316
1227
1153
1260
1405
1406
1309
1329
1354
1385
1263
1343
1364
1337
1234
1268
1329
1279
1183
1253
1351
1446
1326
1224
1266
1238
1225
1172
1266
1248
1233
1167
1239
1286
1217
1108
1118
1400
1480
1253
1167
1295
1401
1354
1322
1287
1317
1375
1324
1317
1341
1240
1209
1329
1435
1333
1277
1356
1283
1201
1216
1155
1104
1028
1181
1519
1385
1231
1250
1157
1082
1105
1165
1148
1064
1066
1068
1125
1218
1229
1214
1289
1233
1123
1166
1301
1317
1259
1206
1251
1303
1255
1189
1235
1301
1241
1163
1223
1193
1140
1252
1288
1151
1152
1209
1241
1214
1276
1325
1207
1132
1182
1251
1181
1193
1192
1160
1128
1277
1308
1188
1137
1173
1194