1070
998
1032
1117
1142
1152
1075
1100
1088
1054
1028
970
976
1063
1120
1109
1062
1044
1029
1041
1089
1152
1131
1071
1095
1137
1112
1063
1085
1109
1095
1063
1064
1127
1127
1054
1065
1114
1136
1093
1103
1121
1111
1097
1099
1096
1036
1064
1119
1205
1137
1072
1144
1165
1141
1080
1120
1144
1105
1072
1080
1057
1012
1045
1047
1032
1005
1077
1146
1123
1095
1131
1162
1086
1091
1166
1193
1138
1066
1087
1106
1104
1112
1235
1179
1088
1146
1225
1172
1067
1080
1110
1102
1069
1195
1271
1217
1124
1148
1127
1065
1019
1038
1075
1077
1051
1099
1162
1188
1097
1142
1105
1066
1066
1117
1114
1085
1184
1168
1136
1168
1165
1127
1077
1119
1096
1043
1086
1158
1201
1127
1142
1163
1127
1087
1033
1081
1081
986
975
1088
1198
1166
1077
1096
1149
1140
1122
1157
1218
1181
1125
1134
1140
1079
1063
1153
1255
1199
1054
1021
1118
1179
1129