1480
1423
1393
1389
1321
1272
1220
1250
1165
1169
1501
1401
1136
1079
1408
1561
1464
1391
1381
1355
1263
1164
1239
1399
1391
1330
1242
1337
1387
1282
1209
1341
1414
1404
1350
1371
1379
1245
1235
1515
1405
1332
1427
1382
1293
1348
1380
1308
1324
1436
1364
1229
1298
1434
1432
1334
1378
1326
1289
1356
1318
1194
1225
1423
1390
1378
1365
1291
1249
1324
1311
1217
1222
1378
1360
1229
1276
1415
1414
1294
1216
1343
1452
1427
1309
1279
1362
1385
1262
1271
1389
1312
1198
1260
1329
1310
1191
1238
1387
1282
1177
1268
1401
1304
1234
1316
1280
1204
1353
1483
1285
1289
1475
1383
1338
1323
1355
1302
1235
1341
1424
1367
1251
1213
1344
1413
1355
1363
1359
1337
1188
1301
1429
1372
1308
1319
1275
1319