898
1101
1169
1163
1167
1113
1099
1127
1274
1256
1416
1590
1397
1377
1518
1412
1395
1545
1431
1419
1389
1275
1225
1290
1292
1207
1298
1360
1295
1221
1360
1385
1242
1274
1370
1316
1270
1252
1188
1246
1425
1350
1312
1384
1364
1267
1275
1314
1228
1434
1407
1361
1396
1388
1275
1353
1302
1131
1128
1360
1260
1357
1408
1332
1318
1312
1190
1116
1241
1283
1255
1236
1386
1301
1160
1155
1279
1307
1239
1310
1241
1193
1228
1255
1202
1279
1313
1321
1278
1293
1254
1148
1233
1373
1326
1266
1399
1322
1163
1275
1325
1251
1221
1355
1319
1209
1283
1289
1169
1241
1140
1112
1186
1268
1178
1200
1236
1118
1093
1140
1163
1162
1131
1180
1168
1071
1125
1172
1109
1149
1192
1146
1107
1134
1103
1083
1172
1168
1178
1283
1272
1123
1177
1216