1194
1211
1218
1146
2149
1009
1006
1149
1220
1240
1152
1078
1076
1271
1225
1126
1146
2757
1230
1101
1148
1213
1228
1197
1137
1229
2339
1047
1078
1228
1212
1169
1200
1252
1179
1085
1134
1212
1205
2453
1246
1215
1161
1131
1211
1272
1301
1173
1071
1154
1301
1220
1096
1157
1272
1190
1104
1141
1243
1220
1079
1052
1237
2453
1062
1119
1253
1218
1124
2451
1108
980
1028
1200
1163
1103
1197
1184
1127
1053
1043
1090
996
1028
1068
1140
2230
1171
1097
1025
1047
1046
977
1017
1020
1035
935
977
1114
1171
1047
1073
1138
1125
1052
1111
1188
1188
1097
1168
1271
1199
1066
1026
1171
2528
1128
1151
1173
1131
1076
1225
1208
1127
1186
1235
2270
1125
1063
2069
1255
1168
1052
1014
1061
2205
1187
2329
1064
1105
1068
1038
1102
1141
1113
1064
1109