814
819
864
863
868
859
848
825
807
789
778
771
766
749
741
730
726
726
732
734
745
787
768
772
779
792
828
894
872
861
851
854
857
853
843
818
805
810
815
825
837
853
846
829
850
876
932
992
992
939
934
959
994
968
932
885
860
854
861
913
938
932
921
978
997
951
898
884
879
881
911
913
893
876
888
906
919
928
914
929
954
941
914
892
883
881
886
897
881
864
868
870
888
875
865
865
883
931
956
948
924
959
911
894
879
863
870
875
898
877
861
880
877
873
896
856
858
854
857
846
833
828
824
829
817
828
845
871
902
920
900
878
870
858
846
820
813
820
846
885
870
879
851
853
852
859
848
855
869
880
865
856
846
819
834
857
896
940
939
931
995
1072
1051
1011
970
935
905
919
948
930
949
916
901
867