1198
1235
1234
1134
1036
1005
1098
1139
1197
1220
1182
1101
1139
1348
1202
1141
1290
1386
1286
1357
1334
1271
1169
1164
1142
1133
1241
1241
1267
1166
1242
1380
1188
1192
1211
1171
1220
1300
1226
1227
1228
1180
1446
1399
1332
1283
1266
1371
1373
1236
1278
1307
1320
1353
1327
1259
1167
1313
1279
1141
1097
1282
1409
1274
1330
1333
1257
1315
1240
1136
1119
1240
1271
1158
1267
1299
1191
1200
1334
1257
1182
1206
1276
1209
1310
1325
1244
1280
1304
1203
1232
1225
1083
1134
1309
1347
1204
1256
1347
1350
1161
1164
1168
1090
1157
1369
1203
1125
1361
1312
1289
1372
1203
1287
1303
1201
1210
1282
1206
1180
1251
1206
1177
1258
1205
1169
1274
1186
1077
1156
1349
1221
1250
1294
1251
1151
1203
1156
1077
1094
1196
1133
1063
1146
1348
1292
1174
1213