1418
1367
1353
1316
1287
2475
1171
1221
1119
1236
1514
2680
1376
1269
1211
1441
1283
1322
1423
1223
1260
1468
1363
1249
1313
1382
1357
1275
1308
1257
1155
1301
1280
1146
1221
1291
1173
1175
1381
1406
1333
1241
1286
1274
1251
1277
1296
1299
1220
1296
1265
1293
1378
1195
1252
1223
1153
1118
1394
1347
1143
1248
1352
1270
1331
1292
1168
1216
1163
1139
1251
1390
1256
1098
1153
1318
1264
1287
1287
1153
1207
1223
1137
1143
1271
1380
1280
1370
1280
1206
1342
1294
1182
1211
1209
1181
1380
1238
1144
1229
1187
1210
1249
1277
1175
1202
2341
1107
1186
1166
1104
1182
1210
1141
1210
1280
1174
1211
1233
1148
1147
1286
1368
1205
1265
1313
1179
1249
1208
1100
1136
1209
1208
1130
1191
1285
1229
1176
1240
1238
1107
1174
1274