1071
1093
1040
1069
1077
1069
1168
1234
1121
1073
975
944
898
850
841
878
891
1152
1014
1045
1073
1021
947
949
945
952
931
938
940
1001
981
1029
1009
981
1080
1334
1177
1133
1256
1225
1209
1146
1240
1333
1198
1169
1228
1093
1112
1091
919
926
952
971
912
855
892
937
1033
1052
956
934
907
889
867
512
1215
825
835
851
863
962
1181
1210
1049
1078
1063
998
946
966
968
939
903
925
916
944
925
943
1791
836
830
831
868
951
1048
1144
1203
1060
1020
968
950
890
903
895
947
961
938
951
929
899
852
832
806
793
851
1019
962
902
927
979
1024
1004
1014
1111
1141
1119
1046
1082
1184
1214
1144
1133
1167
1137
1086
1091
1160
1049
1075
1106
1037
1027
1026
1024
983
974
993
1053
1020
993
988
989
938
912
885
881
879
869
858
859
905
975
1012
986
929
919
901
884
889
879
894
931
979
994
1031
1102
1027
1012
1039
1091
1070
1071
1106
1112
1029
1007
1000
1001
1032
969
962
985
987
996
928
926
954
1036
1102
1044
1020
1021
1041
958
944
932
949
917
929
959
979
978
953
981
988
953
895
894
901
944
1067
1021
1008
922
918
883
867
883
889
928
935
960
945
856
842
833
801
776
763
752
730
717
705
701
692
685
678
677
686
696
693
690
682
682
683
707
793
940
911
1041
1104
1128
1171
1158
1073
915
869
854
881
921
1138
1218
1000
968
966
987
904
854
871
891
1001
1014
1012
1023
1143
1151
1014
964
945
927
905
925
1095
1307
1084
1019
1018
958
921
944
989
1141
1077
1048
1013
966
938
951
982
907
874
882
912
953
970
970
924
904
882
858
884
923
961
958
1010
1025
987
966
922
897
852
836
834
879
905
863
868
875
886
922
960
1002
936
959
1032
1216
1064
1108
1024
1046
1137
1179
964
966
1019
977
1054
1324
1276
1318
1307
1286
1016
904
978
1175
1270
1212
1128
1015
981
954
988
1069
1113
1115
1063
1133
1204
1021
1060
1113
1243
1185
1264
1171
1280
1223
1288
1224
1204
1197
1175
1160
1192
1194
1030
1038
1144
1137
1205
1099
1051
1098
1169
1147
1112
1024
1353
1323
1226
1292
1283
1231
1301
1267
1318
1332
1241
1245
1414
1294
1335
1151
1136
1238
1187
1172
1405
1306
1298
1180
1232
1232
1235
1211
1241
1106
1239
1271
1210
1283
1305
1299
1242
1282
1194
1166
1204
1093
1276
1107
1061
1197
1195
1211
1240
1095
1091
1076
1029
1080
1017
1074
1085
1014
941
979
1083
1056
1113
1103
1094
1171
1202
1269
1177
1044
1029
1026
1125
1097
1152
1043
1138
1099
1008
1021
1045
995
1039
1247
1283
1182
1130
1082
1124
1158
1055
1071
1046
951
894
909
962
955
894
913
1037
1088
1021
1058
1073
1038
1094
1061
1036
1069
1051
1116
1308
1176
1288
1189
1233
1174
1108
1217
1202
1272
1251
1254
1297
1209
1243
1177
1184
1290
1135
1198
1212
1086
1199
1343
1201
1237
1215
1123
1203
1249
1132
1172
1317
1219
1267
1201
1108
1111
1052
1062
1129
1046
1059
1031
1070
1061
1001
957
938
879
895
888
968
1026
958
965
968
965
977
983
1036
1066
1071
1206
1046
1085
953
914
972
1016
1092
1051
979
961
920
916
938
931
970
1051
1061
1085
1120
1029
1006
1014
1039
1146
1193
1118
1100
1004
988
977
1052
1045
1089
1166
1039
984
1007
1155
1029
965
912
983
1311
1273
1241
1104
1078
1057
1046
987
1054
1039
1051
946
1036
1064
1058
1052
1038
994
951
910
915
896
887
874
848
840
866
1045
1234
1095
1076
1031
973
967
922
966
988
940
886
916
950
967
949
930
926
903
913
942
959
1011
1044
1120
1150
1016
969
929
888
856
867
861
877
857
826
806
794
786
757
776
752
748
757
749
741
737
731
726
716
711
697
685
683
688
709
746
730
733
753
769
746
733
744
730
715
699
698
687
687
700
693
698
688
695
696
725
708
715
727
724
719
715
708
697
681
670
660
647
630
632
620
608
602
594
590
588
588
609
648
676
702
738
776
760
747
742
730
718
688
691
719
763
767
749
743
746
730
729
732
737
733
731
736
741
741
745
751
760
754
744
737
742
747
741
739
755
773
796
819
788
785
791
806
797
779
754
737
718
720
752
773
806
827
845
816
784
761
748
741
748
784
838
821
809
791
783
753
742
732
738
771
761
720
719
706
711
719
713
707
720
730
800
854
834
807
837
891
936
939
934
871
888
911
873
896
896
859
868
905
1057
1125
1182
1110
1109
1084
930
911
1012
1194
940
1059
1186
1252
1436
1386
1479
1605
1437
1438
1296
1522
1462
1244
1452
1301
1138
1206
1081
1390
1369
1280
1374
1077
1152
1347
1378
1376
1229
1305
1099
1004
964
908
1446
1221
1250
1247
1036
1873
878
1217
1544
1535
1361
1492
1236
999
1066
975
965
882
863
851
823
818
812
856
853
808
830
809
856
873
874
868
855
850
878
991
1425
1222
1137
1024
1060
1112
1073
1191
1107
1091
1177
1016
1030
961
867
848
844
892
882
955
978
1070
960
929
892
901
855
881
895
957
965
1051
1091
1012
1015
1004
972
958
976
1029
976
1048
1084
975
1030
1009
1015
956
971
980
1051
1010
947
947
937
930
880
844
831
837
852
852
820
818
838
801
793
782
819
858
834
863
900
972
922
972
1007
998
1044
1130
1119
1167
1151
1101
1105
1118
1028
1139
1188
1102
1150
1138
985
972
959
901
1037
1003
1014
1044
1051
1021
1036
970
999
955
887
916
996
1195
1132
1181
1173
1140
1010
1859
922
943
1045
1567
1556
1447
1206
1255
1120
1053
1149
1378
1038
1097
1100
1053
928
892
897
877
845
830
832
849
889
938
896
896
876
845
850
828
829
833
846
925
1134
1304
1146
1317
1228
1123
1160
1158
1186
1383
1255
1321
1249
1223
1285
1037
963
1068
1369
1167
1349
1147
1101
1100
1021
1029
1250
1081
1156
1144
1041
1203
1283
1253
1354
1221
1251
1228
1405
1264
1300
1169
1240
1229
1226
1379
1235
1261
1236
1243
1301
1245
1267
1130
1107
1163
1082
1062
1125
1208
1088
1117
1293
1169
1140
1180
1104
1124
938
946
899
912
1030
916
905
874
852
803
782
789
768
751
753
767
772
773
761
741
737
717
714
700
1374
685
675
669
657
670
688
745
827
843
886
925
952
989
849
970
785
977
906
793
890
817
778
793
772
761
760
746
745
736
734
734
831
938
1104
1026
957
885
843
817
816
812
791
774
789
771
771
753
748
736
731
729
729
735
749
740
762
751
747
729
738
726
737
745
764
792
812
787
790
794
789
772
774
763
764
768
778
815
811
835
858
867
884
890
852
829
798
782
759
754
761
782
826
838
864
854
897
910
900
866
810
825
813
825
795
824
821
855
885
855
874
880
854
862
854
853
843
814
832
833
812
830
833
854
805
816
802
790
806
792
789
814
815
797
839
837
793
796
773
772
758
774
778
773
793
828
859
840
859
870
851
903
954
903
919
903
869
877
848
842
885
897
896
918
965
906
919
938
881
874
873
896
861
907
933
896
907
907
863
843
854
892
907
974
935
896
864
873
835
825
820
847
897
959
896
840
850
887
929
884
839
818
834
806
808
795
812
796
775
770
751
738
727
732
736
786
887
869
863
852
858
896
846
831
820
811
801
781
776
781
777
756
748
741
761
746
742
746
722
705
704
702
684
675
662
1311
644
629
622
615
620
639
643
664
736
747
758
806
927
781
847
811
767
769
746
727
714
705
687
676
670
662
659
654
649
646
638
638
630
637
648
672
669
683
678
665
664
662
649
648
646
656
663
661
664
663
657
648
640
633
623
628
688
888
853
1016
979
954
852
807
779
759
746
755
769
753
777
784
796
801
820
875
879
883
922
934
860
888
908
872
875
871
897
958
921
932
992
972
1313
997
980
1201
1122
1488
1385
1069
927
970
1152
928
973
973
950
915
918
900
909
994
1300
943
885
897
924
1104
1064
1300
957
1413
1360
1349
1462
1396
1380
1093
1274
1440
1281
1362
951
972
1482
1244
1055
1319
1140
1251
1204
958
995
877
967
872
829
839
802
867
1520
1450
1354
1336
1398
1421
1422
1446
1350
1403
1249
1321
991
1805
838
839
850
893
898
824
822
792
788
781
762
759
748
740
755
751
751
742
755
772
802
886
1003
1078
1010
924
899
860
817
821
813
811
792
801
835
890
923
925
896
860
854
907
875
876
891
902
929
973
906
911
910
916
896
896
918
911
880
861
820
826
812
797
784
771
766
751
744
726
728
740
776
849
813
825
863
850
839
830
813
812
816
801
776
771
750
749
757
756
767
800
806
828
861
938
953
908
852
839
799
789
769
766
768
796
830
849
825
861
874
862
892
922
916
917
879
848
855
828
784
782
758
754
766
764
749
735
740
734
739
749
757
771
769
751
749
761
799
889
951
948
881
845
832
820
847
906
1005
1207
1139
1064
909
882
859
814
796
775
763
779
774
784
792
777
766
752
749
734
730
722
707
705
694
688
687
696
690
694
715
720
720
746
757
754
753
762
752
747
733
734
734
736
753
772
781
774
767
734
734
714
708
709
708
709
700
701
706
703
704
696
700
698
685
678
676
659
649
646
641
625
626
608
598
594
592
579
566
565
560
547
550
530
531
523
525
512
507
503
505
494
495
481
491
476
480
485
467
477
473
466
474
460
465
464
456
463
467
452
459
460
456
452
459
452
449
456
457
444
453
458
443
446
458
446
442
454
450
437
448
449
446
440
450
451
435
437
450
447
438
445
447
444
431
434
447
404
467
444
444
441
433
437
447
438
431
439
445
444
434
438
448
441
432
441
443
444
433
438
451
440
433
442
443
439
434
439
450
438
432
439
444
438
432
435
445
440
431
435
440
442
429
429
437
437
433
428
430
440
436
429
431
433
440
431
424
435
435
437
425
426
433
437
432
425
425
437
434
429
424
428
437
434
427
424
428
436
432
422
422
424
433
428
420
420
420
430
428
420
416
418
429
427
422
417
417
425
423
426
414
415
420
421
427
421
414
415
415
424
422
417
412
412
420
421
426
418
413
415
417
424
424
416
412
413
422
420
425
413
412
414
415
423
422
415
411
412
419
419
423
412
412
413
415
424
423
414
410
413
418
418
423
411
411
411
411
422
419
413
409
410
413
415
421
413
410
409
411
418
418
417
411
410
413
412
421
419
413
411
409
417
419
422
419
415
413
412
423
419
417
412
413
416
419
423
420
415
415
414
421
421
423
416
412
416
419
425
423
417
413
415
423
422
425
416
415
419
419
429
426
419
420
420
431
430
423
425
425
434
428
424
428
431
433
423
421
426
428
433
423
421
422
426
433
429
421
419
420
427
428
424
419
418
426
425
430
422
421
419
420
429
426
421
417
418
423
422
430
426
420
418
419
423
422
428
417
415
415
414
421
422
421
412
411
409
413
419
415
420
412
409
409
410
416
413
418
411
410
408
410
415
413
418
414
409
409
409
413
412
416
415
410
405
409
411
414
416
414
408
408
409
412
411
420
411
408
408
408
414
416
418
411
408
410
412
415
411
417
415
410
407
408
414
414
420
418
411
407
409
416
414
421
419
412
406
407
413
409
417
412
415
406
409
409
409
417
412
419
409
408
407
409
412
412
418
412
407
405
405
410
407
416
412
413
405
406
405
406
413
413
417
412
407
405
405
408
408
418
414
415
406
407
408
406
415
415
420
412
408
407
409
416
413
418
415
408
406
408
411
409
414
413
407
405
404
429
4453
408
408
398
404
407
406
410
404
413
411
404
397
401
403
403
409
403
410
404
403
397
399
400
401
402
402
409
404
401
396
400
398
399
407
402
409
409
410
401
404
403
404
409
404
411
409
406
401
404
401
404
406
405
413
413
411
405
404
404
407
413
409
417
415
406
405
408
410
409
417
414
412
407
408
411
408
419
411
419
408
411
408
413
414
415
422
420
412
410
411
417
416
423
421
415
410
414
414
414
423
416
418
408
412
411
411
419
413
419
408
408
407
409
413
411
417
410
407
404
404
409
405
412
411
415
405
411
406
406
412
411
418
416
413
405
407
406
409
414
412
416
415
408
403
408
412
410
418
415
411
403
409
407
406
415
411
417
410
407
404
407
410
407
412
410
407
403
402
406
404
415
404
402
400
404
412
398
399
406
404
406
396
397
406
403
396
391
396
402
398
391
387
388
395
396
387
385
385
389
386
394
384
379
380
381
385
380
386
378
376
374
377
380
377
386
379
374
370
371
376
377
383
379
377
371
369
370
375
381
376
382
373
370
369
371
378
376
381
377
372
368
368
375
373
379
373
380
374
370
370
372
378
372
379
375
371
369
370
372
369
377
372
377
371
367
365
367
370
369
378
373
377
367
367
362
368
372
369
375
368
374
370
365
364
366
369
364
373
368
372
367
364
361
362
359
364
369
364
371
363
368
365
362
360
359
362
358
365
363
368
363
366
364
362
359
359
360
358
362
361
368
363
366
365
361
359
358
361
360
365
360
365
363
367
361
357
357
355
358
360
361
359
363
359
366
361
362
357
354
357
355
357
355
361
356
360
357
363
358
361
357
354
354
356
353
353
357
356
359
354
361
353
360
359
354
426
626
703
353
360
707
1073
707
357
352
351
353
354
357
353
356
351
357
353
358
354
354
351
350
351
350
351
352
352
352
353
353
357
352
358
352
356
355
358
352
350
351
352
351
354
354
354
354
355
360
354
359
354
357
354
354
350
353
351
354
356
354
356
354
358
356
357
356
354
354
352
352
354
351
352
351
353
358
350
360
353
358
356
352
349
351
349
351
353
347
354
348
357
351
353
353
354
354
356
353
354
353
351
349
352
349
349
351
351
356
347
356
350
351
2460
350
349
346
352
350
352
348
353
347
356
348
352
699
352
354
350
347
347
348
347
351
347
346
350
345
352
349
351
346
354
350
350
349
352
697
354
338
775
329
314
327
347
348
346
349
346
1046
352
350
349
349
351
347
347
693
346
348
349
351
345
351
351
347
350
354
336
357
349
352
353
348
346
347
347
347
349
347
348
346
335
362
351
347
352
350
352
345
354
335
366
350
351
349
352
349
348
347
344
347
343
348
346
347
346
349
350
351
343
354
346
350
345
350
348
348
350
348
344
349
338
344
346
342
343
351
1392
347
6201
342
338
344
336
347
344
346
342
344
345
350
353
329
838
491
565
1973
450
377
375
640
2178
1915
1634
1285
1313
339
3012
1768
1241
674
1746
364
358
2889
691
366
367
361
362
364
370
371
365
365
371
373
371
365
366
370
372
370
367
371
370
375
378
380
373
373
375
379
381
382
378
380
383
393
394
393
393
395
396
400
402
408
406
401
400
403
408
408
406
409
417
414
416
426
428
853
433
437
438
435
429
430
437
435
431
438
435
444
880
445
448
443
436
440
435
439
437
438
448
452
456
462
477
468
466
459
459
457
460
463
458
456
452
455
455
462
465
467
464
472
480
483
484
492
501
508
505
503
513
527
526
524
542
562
555
555
572
559
539
542
553
560
543
527
531
538
526
521
517
531
531
517
526
537
537
525
516
515
512
512
514
511
504
512
521
521
520
528
541
539
531
544
558
571
560
556
544
555
559
553
543
540
542
540
545
548
538
545
549
554
550
546
552
554
549
541
544
551
552
547
547
541
545
558
563
567
564
554
544
539
536
535
537
541
537
545
554
563
559
553
558
570
568
560
561
566
570
561
555
563
568
571
561
569
573
572
565
566
571
584
581
572
560
568
574
577
568
559
557
552
546
547
547
543
546
551
1123
557
563
558
552
552
556
566
567
563
568
575
583
585
579
586
587
584
578
571
577
580
576
572
575
580
578
573
577
579
588
586
580
582
593
593
587
582
588
582
590
591
594
589
584
575
578
574
571
568
576
588
591
592
597
600
605
605
597
590
588
587
581
574
567
563
558
558
555
543
550
537
545
532
538
521
533
516
517
507
515
499
494
494
491
487
477
474
481
464
468
453
458
453
442
448
438
429
437
433
420
421
423
424
407
405
414
413
405
396
398
403
402
396
390
390
394
392
400
388
385
383
386
391
389
388
380
379
380
382
387
381
390
378
378
374
379
384
380
386
384
375
373
374
379
373
382
373
383
374
371
368
369
376
374
381
375
376
369
366
369
369
373
369
375
372
373
366
363
361
360
370
365
371
365
369
367
367
363
360
357
356
362
360
365
359
366
360
367
363
362
360
356
354
357
354
355
358
357
363
354
362
355
362
360
356
354
353
351
351
354
353
357
353
356
354
360
351
357
354
358
353
350
350
350
349
352
354
351
355
351
357
352
356
348
355
354
355
354
354
350
350
347
349
351
349
352
351
354
352
358
349
356
352
356
354
354
352
351
349
348
348
351
350
350
352
352
356
350
356
351
356
354
354
354
352
348
349
349
351
347
349
348
350
354
350
353
349
354
350
354
344
352
350
354
349
348
348
346
344
347
346
346
347
347
350
346
350
346
351
346
351
342
350
346
351
347
348
346
345
342
345
341
343
339
340
348
344
343
341
346
345
348
342
347
342
346
341
348
337
347
341
347
345
345
344
346
345
344
342
340
343
339
339
343
340
340
340
339
343
340
344
340
344
340
344
343
345
341
344
342
347
339
346
340
347
342
346
342
345
342
349
346
344
342
344
341
345
342
340
343
340
340
344
342
342
343
340
346
343
345
344
344
341
349
342
345
341
346
339
347
340
344
338
346
341
346
343
346
342
344
346
343
343
344
342
342
341
339
344
339
341
344
342
342
341
342
341
340
346
341
346
343
344
345
347
341
346
342
347
344
345
339
348
341
347
341
345
341
345
340
347
343
348
345
343
347
345
346
347
342
342
342
342
340
342
342
343
341
341
338
343
342
341
343
339
342
343
340
340
341
338
345
339
343
340
340
341
344
339
343
338
341
341
343
338
343
338
342
338
340
336
344
338
343
337
342
336
344
336
344
336
341
336
343
338
343
338
342
338
344
342
341
343
341
343
343
340
341
339
338
340
338
340
338
340
338
336
341
339
338
341
337
341
338
341
339
341
341
341
339
343
336
344
340
339
338
339
339
338
337
340
338
337
336
329
334
337
339
338
343
340
334
335
335
338
340
335
335
335
340
340
341
338
336
338
341
342
343
337
339
339
338
345
340
339
340
341
345
342
340
340
343
345
346
341
344
341
343
348
345
346
341
344
342
345
348
350
346
347
347
349
354
351
352
351
351
352
356
358
361
359
356
357
358
362
363
365
370
368
367
371
373
376
376
374
377
382
384
381
380
380
384
389
387
391
392
390
393
396
400
402
400
400
407
408
410
411
411
414
419
424
426
421
427
432
430
433
439
434
437
432
437
439
445
444
438
446
446
449
450
444
450
456
455
458
456
460
470
472
471
468
475
478
482
485
481
481
479
487
495
490
486
492
497
502
498
493
487
494
508
499
494
498
500
507
505
498
503
512
521
516
514
521
526
522
512
510
521
518
515
504
508
508
514
516
510
509
515
524
523
518
523
534
532
522
527
534
537
527
528
531
533
531
523
525
531
533
530
521
521
527
537
533
523
524
522
521
523
524
520
521
523
537
535
534
539
552
553
546
542
551
557
552
545
551
560
562
556
562
563
565
563
556
548
544
545
552
557
550
549
554
558
557
547
559
557
552
546
549
554
555
554
551
554
554
555
549
554
556
561
551
562
563
565
561
557
553
550
550
548
542
542
538
547
549
552
555
568
577
580
576
583
582
582
574
568
564
562
557
552
542
549
547
553
555
556
562
570
572
579
585
583
590
598
603
598
586
588
586
577
579
574
577
568
580
587
587
585
588
584
587
582
577
569
566
561
555
550
543
543
543
549
549
555
554
557
559
555
556
564
566
566
572
572
576
576
577
573
575
571
566
567
571
569
569
562
564
565
568
571
571
573
568
567
564
561
553
553
541
548
534
534
523
531
514
512
503
509
494
490
483
492
475
477
463
474
459
461
461
447
454
447
438
444
436
428
432
434
416
417
426
418
407
414
415
416
402
398
407
403
407
393
395
400
397
402
393
385
395
391
396
393
387
381
386
390
385
389
384
376
378
380
385
380
385
380
375
373
376
381
376
382
378
379
371
370
372
372
377
373
382
375
372
369
364
372
373
375
368
375
370
374
367
364
363
362
366
369
372
364
369
365
369
361
363
357
360
361
360
366
365
368
359
362
363
359
357
356
354
355
357
358
364
356
361
354
359
356
360
355
356
354
351
351
354
353
352
354
355
358
352
355
350
355
353
356
354
354
354
351
348
350
347
349
349
346
354
349
354
348
353
352
354
347
353
348
354
351
353
352
351
351
349
347
346
346
346
343
346
348
345
351
347
351
350
352
347
353
347
354
348
354
348
351
350
351
349
347
346
345
344
345
348
346
348
345
352
348
351
345
351
345
354
342
351
346
352
350
349
348
347
342
345
344
344
344
342
346
346
347
346
346
343
351
342
348
344
349
344
348
344
347
345
348
343
344
343
342
341
341
342
343
342
342
340
341
347
340
345
341
342
344
346
342
345
339
345
341
344
339
344
339
347
338
344
337
344
342
344
341
344
342
344
341
340
339
340
338
340
339
340
338
338
338
338
339
340
340
340
338
341
339
338
342
339
344
340
342
340
340
338
345
340
342
340
339
339
343
336
342
337
343
336
344
335
342
336
344
338
343
337
340
336
341
339
343
338
341
337
343
342
341
340
341
339
343
342
339
341
340
340
342
339
339
337
338
339
338
340
334
339
338
337
340
337
336
339
337
337
339
338
337
335
338
339
338
338
336
338
334
337
338
339
335
337
337
335
335
339
337
337
336
337
336
334
335
337
335
337
336
334
337
335
335
336
333
335
336
334
335
335
332
333
337
333
333
335
332
333
338
333
333
334
332
333
335
333
332
332
333
333
333
331
333
333
334
332
334
334
333
334
336
334
332
335
335
334
337
336
334
337
335
335
339
335
335
335
338
336
338
335
337
336
339
337
340
337
338
339
339
340
339
338
338
338
339
339
340
336
338
339
339
336
337
337
337
336
339
338
336
339
339
337
340
334
335
335
341
337
337
337
338
338
337
338
338
341
337
337
332
337
337
336
338
339
336
338
336
337
337
336
336
331
338
334
340
336
338
337
337
340
337
338
338
341
336
337
333
337
338
337
340
341
338
340
339
342
342
339
339
334
342
337
347
339
343
342
340
342
343
343
342
345
345
344
340
341
339
346
341
344
342
345
344
347
349
345
345
346
347
348
347
347
346
342
348
343
350
346
353
348
352
349
351
351
354
350
350
350
350
352
351
351
353
353
351
354
350
353
346
355
349
357
354
356
354
355
354
355
355
354
353
353
353
353
356
354
354
355
358
357
359
354
357
352
358
355
362
355
361
357
363
357
363
360
363
359
361
363
363
361
363
359
363
362
362
361
362
360
363
363
362
360
361
361
362
364
362
361
361
362
364
364
363
362
362
363
365
364
361
363
363
366
366
364
362
365
362
368
364
364
365
365
362
366
365
365
367
366
368
368
369
368
370
371
370
372
371
371
369
371
373
370
371
371
369
373
371
374
372
373
372
371
373
373
374
374
378
376
380
377
378
377
381
379
384
381
384
379
386
381
386
380
385
384
385
389
391
389
390
389
389
390
387
390
388
392
392
396
387
391
389
388
385
385
384
381
386
382
390
387
388
383
385
384
383
380
379
377
375
374
378
376
373
378
373
379
378
379
374
378
373
378
376
377
376
374
373
373
371
370
370
369
371
371
372
369
372
372
377
371
375
369
374
373
376
373
380
375
375
374
375
375
374
373
373
371
375
375
373
375
373
376
377
380
375
380
372
382
376
383
378
381
379
380
378
378
375
377
376
377
382
379
382
377
384
381
388
379
383
382
383
381
381
379
379
378
380
384
381
385
380
387
385
391
383
387
383
387
386
383
383
383
381
384
387
384
388
384
390
388
394
386
391
388
388
385
384
382
383
382
385
391
384
392
383
390
389
392
389
388
384
384
384
385
387
385
388
385
395
389
393
390
392
390
388
389
388
387
387
391
391
397
387
394
390
393
394
388
387
386
385
388
389
387
388
386
394
389
393
389
392
389
385
385
386
384
383
386
384
392
388
394
387
391
389
390
386
384
384
384
383
385
393
384
391
383
390
386
390
388
382
385
384
384
386
386
384
387
385
388
383
391
387
395
389
390
389
386
383
384
383
382
384
383
388
387
390
385
391
384
391
387
383
383
380
381
383
384
382
385
381
389
385
387
382
387
386
384
380
380
379
378
381
379
381
378
382
382
387
382
384
379
383
386
383
381
380
378
380
379
379
378
378
380
382
384
380
382
378
384
380
387
384
384
383
380
379
379
377
377
377
380
385
380
383
379
388
382
389
384
387
385
384
382
381
381
379
382
385
387
382
387
382
389
387
388
386
384
383
382
382
382
383
380
383
384
390
384
389
381
388
388
386
384
382
380
381
384
383
385
383
386
382
391
386
391
388
391
389
382
386
385
385
386
388
385
389
386
393
392
394
389
392
390
388
387
383
383
382
386
388
388
382
385
384
390
386
387
385
385
381
382
377
378
377
377
379
379
379
377
379
378
383
379
384
376
383
377
386
382
385
385
382
378
380
378
378
377
356
400
381
385
379
383
378
385
379
386
381
383
382
384
382
381
379
379
378
377
378
380
383
382
383
379
384
379
387
383
385
379
386
386
388
386
383
383
381
383
383
387
383
386
382
388
387
391
386
388
388
387
383
382
382
381
383
386
388
381
391
380
388
387
390
389
383
380
385
381
382
382
383
391
379
391
378
386
386
387
386
384
381
382
378
379
378
377
383
380
382
377
384
382
385
378
383
383
385
383
384
383
381
379
378
377
376
381
381
381
378
380
382
382
378
381
379
383
384
376
383
381
382
386
385
382
384
386
387
386
387
386
389
388
392
386
392
391
396
396
387
388
391
393
392
389
393
391
392
391
394
392
391
390
391
391
395
389
389
382
383
384
385
390
389
384
385
384
387
389
388
389
388
393
392
388
389
391
393
391
390
391
396
392
396
396
396
394
398
396
402
402
403
405
407
408
412
413
414
418
418
422
422
427
421
425
425
430
428
428
434
439
441
441
448
446
448
452
454
457
461