968
976
997
1023
998
976
926
943
948
895
872
872
871
917
969
996
1036
1051
967
927
931
951
973
979
992
977
976
1002
1019
1018
1008
1006
1003
954
968
1024
1099
1119
1085
1150
1154
1112
1086
1068
1052
1002
997
1019
1053
1032
1040
1082
1083
1111
1112
1112
1092
1104
1064
1051
1005
1021
1080
1011
999
1013
1131
1132
1095
1112
1112
1045
1026
1069
1084
1063
1052
1086
1105
1052
1022
1072
1096
1037
1087
1135
1131
1078
1139
1140
1084
1024
1017
1056
1039
1038
1025
1097
1144
1115
1045
1063
1088
1128
1092
1097
1188
1209
1136
1116
1135
1130
1081
1068
1108
1133
1103
1129
1221
1230
1155
1108
1118
1177
1179
1136
1086
1119
1104
1095
1118
1200
1205
1090
1038
1082
1139
1141
1082
1135
1155
1117
1044
1043
1047
1073
1067
1043
1075
1082
1068
1047
1072
1063
1045
1001
1037
1037
1052
1027
1062
1113
1109
1035
994
1003
1046
1072
1047
1042
1047
1047
1043
1027
1037
1049
1054
1015
1032
1051
1055
1040
1043
1083
1075
1021
1031
1065
1070
1043
1040
1082
1079
1050
1012
1053
1116
1064
1031
1033
1064
1050
1054
1017
1047
1079
1085
1050
1020
1045
1057
1035
986
1015
1065
1067
1041
1009
1052
1098
1066
1022
1017
1086
1069
1052
985
982