853
873
878
891
904
913
909
922
1027
1004
979
937
906
894
903
938
961
1003
1106
1051
967
958
951
971
986
978
935
918
932
957
953
933
930
913
976
1033
992
960
949
922
922
895
872
903
907
887
858
833
833
850
869
914
933
953
1004
1014
980
959
952
952
904
899
933
988
1006
975
991
1042
1013
950
931
912
902
892
885
883
894
907
908
905
915
943
931
906
890
921
969
1014
1021
1000
980
1040
1046
1063
1041
1130
1140
1066
1059
1146
1170
1104
1130
1162
1112
1078
1178
1184
1104
1080
1148
1109
1055
1049
1207
1206
1087
1065
1154
1238
1126
1128
1102
1035
1042
1101
1253
1146
1114
1045
1111
1174
1137
1084
1089
1116
1078
1016
977
997
1022
1013
1063
1317
1292
1120
1082
1131
1085
1056
998
989
1002
1044
1030
1123
1293
1188
1062
1057
1063
1030
1021
1113
1135
1099
1067
1085
1121
1101
1090
1101
1138
1137
1079
1070
1144
1143
1090
1012
1030
1049
1180
1121
1071
1170
1156
1100
1018
1031
1084
1074
1046
1029
1028
1089
1170
1192
1235
1219
1245
1142
1022
1020
1091
1272
1242
1146
1147
1138
1054
1029
991
1029
1064
1043
985
944
956
974