1104
1012
959
1075
1214
1222
1185
1134
1056
1021
1077
1299
1270
1204
1124
1268
1281
1270
1278
1258
1229
1249
1194
1087
1022
1073
1320
1429
1362
1197
1220
1195
1099
1164
1236
1220
1158
1183
1201
1146
1169
1159
1101
1155
1224
1133
1160
1186
1112
1182
1194
1059
1041
1161
1226
1161
1149
1271
1263
1233
1211
1215
1181
1223
1190
1117
1158
1155
1063
1021
1169
1356
1134
1022
1127
1253
1245
1158
1220
1229
1177
1137
1206
1251
1276
1239
1276
1241
1207
1217
1172
1102
1283
1309
1165
1215
1296
1218
1264
1225
1103
1121
1237
1230
1188
1296
1215
1197
1234
1185
1179
1303
1260
1180
1212
1229
1176
1200
1238
1165
1185
1185
1146
1330
1296
1170
1226
1244
1168
1313
1344
1256
1245
1154
1144
1171
1175
1189
1244
1171
1206
1266
1170
1180
1170
1081
1147
1244
1224
1326
1253