1376
1294
1158
1192
1234
1212
1201
1148
1179
1293
1276
1102
1123
1278
1370
1370
1352
1369
1282
1250
1348
1293
1201
1269
1319
1260
1374
1393
1344
1280
1367
1412
1359
1319
1396
1407
1391
1241
1312
1313
1267
1386
1397
1412
1374
1254
1282
1374
1373
1276
1378
1344
1223
1299
1375
1359
1386
1414
1344
1354
1357
1308
1389
1391
1313
1383
1394
1337
1249
1295
1249
1206
1342
1370
1290
1215
1342
1323
1306
1271
1333
1352
1238
1268
1346
1364
1234
1318
1377
1257
1201
1349
1363
1371
1393
1385
1282
1379
1391
1325
1248
1350
1347
1241
1357
1364
1338
1393
1386
1342
1401
1402
1344
1357
1285
1232
1232
1340
1175
1142
1232
1275
1302
1354
1276
1215
1158
1187
1226
1305
1170
1104
1170
1074
1054
1073
1278
1281
1353
1379
1338