730
721
738
765
757
801
835
892
869
756
951
854
778
896
816
834
869
838
805
833
832
823
805
794
798
820
836
821
824
827
834
840
801
799
817
814
802
833
816
618
938
802
777
753
758
791
881
931
894
803
903
864
852
869
840
856
890
907
839
977
894
785
869
785
781
787
778
794
830
880
882
768
931
860
773
855
788
797
805
806
777
771
779
821
826
783
777
772
783
797
771
754
723
727
758
821
871
856
857
865
810
910
807
797
789
795
797
770
759
779
812
815
803
813
820
815
774
771
767
780
778
777
782
769
759
741
735
727
752
780
802
782
769
759
767
802
826
802
809
804
824
829
809
801
800
813
825
809
803
808
833
854
839
839
838
846
860
840
828
827
850
884
868
817
882
876
886
854
848
850
875
890
751
924
827
854
879
855
826
798
780
783
839
842
814
819
848
889
912
886
851
848
854
872
799
890
854
875
869
842
826
826
845
839
826
814
853
891
781
1042
867
843
823
804
807
798
783
784
783
764
771
790
833
830
800
781
770
769
806
851
864
809
862
826
838
848
846
819
809
813
807
791
804
826
865
913
799
897
811
813
839
874
854
813
856
846
839
876
830
804
793
804
839
826
849
849
818
938
887
844
815
793
811
822
813
820
822
841
862
857
723
909
826
859
867
907
858
815
794
781
815
896
1025
1005
938
878
862
859
856
847
822
803
794
810
812
659
891
738
730
729
748
805
822
987
903
902
887
854
827
813
807
819
841
839
840
854
891
801
1027
855
848
812
788
795
767
794
825
834
854
911
819
906
813
813
832
848
831
831
846
879
883
812
859
835
868
879
912
883
868
883
909
951
777
995
872
893
882
955
885
896
903
952
763
749
728
696
672
672
652
640
626
612
615
617
625
630
627
627
625
622
617
620
618
631
644
687
742
768
771
752
766
765
729
739
723
691
645
633
633
669
897
848
801
1022
921
882
817
752
748
765
811
891
922
895
727
1026
900
919
830
1002
905
914
861
949
871
904
923
964
883
899
923
948
888
833
919
906
863
887
918
929
767
941
868
863
817
836
857
870
897
875
854
782
785
769
782
806
769
771
754
736
750
751
778
807
821
811
767
755
736
730
709
711
759
820
811
815
792
806
795
781
774
751
727
711
699
692
690
691
671
667
691
739
798
842
818
771
758
754
770
761
751
764
734
707
743
802
831
771
811
938
916
742
987
918
915
697
995
888
876
828
962
840
850
875
902
866
804
1069
964
922
850
923
918
809
1148
926
873
916
963
988
752
1092
993
1021
878
1103
897
899
873
1042
924
771
1143
1000
882
799
910
856
860
900
853
815
821
840
872
874
865
815
809
818
896
937
797
1007
918
926
868
905
883
860
860
905
897
813
859
876
893
863
831
783
793
836
923
920
866
971
896
878
850
839
830
764
765
764
751
753
773
785
816
800
794
757
758
757
774
809
819
825
825
813
804
798
794
790
769
773
746
735
726
725
737
737
721
729
726
719
725
738
766
759
763
738
721
717
735
804
851
1029
970
760
1050
920
859
800
797
782
773
766
817
847
866
792
1013
928
743
961
824
829
819
802
778
776
783
816
792
783
784
779
762
738
738
725
745
777
844
817
760
770
768
770
786
778
784
816
858
881
839
862
887
902
849
856
877
889
866
832
919
913
881
839
950
910
885
884
891
894
912
920
884
983
891
905
907
912
877
910
945
980
921
945
851
925
879
912
946
919
901
926
902
877
846
850
841
827
831
828
798
755
731
724
709
694
677
647
639
626
612
610
602
603
596
591
590
590
591
591
604
625
680
777
813
793
752
763
738
726
683
649
633
613
608
620
632
646
665
694
704
702
728
705
694
690
659
650
636
614
603
665
732
741
727
711
691
649
647
1300
653
646
645
687
696
750
691
683
695
711
696
651
635
2463
612
602
596
585
572
568
570
583
596
606
607
738
792
872
713
724
699
663
634
598
601
596
592
593
586
588
595
597
607
616
625
627
629
623
907
851
832
889
907
828
786
731
717
726
655
667
701
691
684
678
622
641
628
619
571
632
607
605
597
605
606
615
630
651
665
660
684
705
760
710
710
713
692
661
617
627
644
652
656
648
1287
667
647
652
645
645
654
663
706
675
692
649
762
725
721
703
711
688
645
661
628
612
604
603
589
671
669
740
757
703
631
693
614
635
644
677
683
646
697
700
711
694
652
718
699
698
639
700
691
694
636
703
687
702
637
684
663
662
659
656
647
600
596
583
579
575
570
570
578
591
637
674
704
753
744
835
723
725
704
642
689
688
700
726
667
647
643
627
622
608
608
603
580
604
615
688
908
783
845
905
830
1104
967
843
753
781
749
735
727
707
654
628
624
612
611
609
619
645
672
712
710
745
688
795
715
709
695
684
645
637
640
648
659
688
746
764
742
735
717
672
641
616
609
609
617
629
651
706
810
802
738
713
712
689
673
661
655
673
715
710
697
717
729
714
702
685
653
641
623
615
607
607
618
636
791
805
843
756
985
867
783
747
743
762
754
734
719
761
805
781
770
772
803
817
803
768
731
721
725
744
769
772
748
754
771
809
809
809
804
813
806
793
776
1596
833
835
813
766
746
747
765
816
895
922
866
866
821
907
816
778
748
704
688
671
672
698
771
836
760
963
830
851
739
842
739
2147
775
756
714
677
678
682
692
712
763
845
914
949
896
778
926
876
792
981
828
847
848
847
815
828
805
801
799
742
729
725
745
716
803
751
777
773
746
754
773
768
762
726
681
667
663
672
722
827
903
755
912
799
807
799
759
730
681
676
747
859
802
775
925
870
744
1003
841
847
833
829
802
811
825
856
856
773
885
828
825
802
794
803
822
868
874
864
752
825
774
803
832
841
820
816
849
842
829
794
784
773
763
781
792
785
800
827
859
841
813
793
792
790
760
738
723
726
766
824
822
802
660
899
763
727
706
692
682
677
678
696
729
798
798
771
748
731
721
726
752
756
752
738
720
705
704
749
775
772
763
763
771
801
815
794
766
771
748
716
715
707
672
659
637
644
646
625
623
649
658
666
640
611
604
605
587
580
575
560
550
547
534
533
532
535
524
541
527
524
514
521
503
508
511
509
505
497
508
488
491
503
492
501
495
494
490
486
499
488
492
490
488
486
967
490
485
502
489
493
488
488
487
481
487
486
483
408
573
481
484
941
480
473
482
480
478
474
465
469
477
479
474
478
479
472
475
471
460
924
453
813
585
463
468
463
450
449
451
450
447
909
458
449
450
447
445
444
444
446
438
438
452
449
436
437
896
885
442
443
442
438
436
447
436
437
442
442
442
430
434
444
448
438
437
437
445
445
437
438
438
445
435
435
438
439
435
436
881
439
434
492
392
448
439
437
880
444
437
438
444
442
438
441
441
447
439
439
447
443
438
440
893
441
441
446
451
445
441
897
448
439
898
450
444
893
442
443
452
451
454
443
448
453
448
888
895
442
444
453
445
894
897
894
452
445
445
449
447
443
448
450
455
442
446
458
455
443
447
450
458
445
448
455
449
447
457
458
452
448
451
458
447
451
461
450
453
924
447
454
461
460
447
910
455
902
909
446
385
528
448
449
459
452
448
453
455
465
452
452
456
453
444
449
444
445
438
895
454
442
448
451
461
448
907
459
446
902
453
451
454
456
451
449
456
452
447
448
449
456
438
897
456
451
456
456
461
455
931
457
459
466
912
457
460
464
1153
438
665
453
447
448
450
451
473
463
937
461
459
466
464
451
459
460
458
453
455
465
453
455
465
465
452
802
577
1369
452
452
458
455
450
452
459
455
451
456
460
898
458
455
449
444
446
444
437
873
438
442
435
439
448
447
440
447
450
454
445
444
459
447
443
443
452
451
434
438
447
446
433
436
436
449
437
436
440
440
443
434
435
443
440
435
435
438
440
438
433
435
434
440
434
430
434
434
440
433
427
434
438
439
422
428
434
435
436
428
427
435
432
438
431
427
432
868
430
428
435
429
437
428
429
432
432
440
426
425
434
438
434
428
430
441
438
428
427
869
431
422
428
430
438
434
426
431
433
435
431
426
860
435
436
425
432
428
432
425
429
431
431
438
436
428
427
433
442
434
429
435
434
438
859
438
438
445
438
437
448
439
439
439
441
453
446
438
442
448
446
434
438
449
444
435
439
441
447
431
879
442
443
434
435
447
443
431
433
432
444
438
427
427
432
438
427
425
429
431
434
427
427
432
431
438
434
428
434
432
438
431
865
430
439
427
860
430
434
425
426
430
433
438
430
430
439
430
435
430
430
437
432
435
338
525
434
435
439
432
432
439
433
436
432
431
436
433
439
432
434
440
439
439
433
435
438
433
428
431
433
432
426
430
431
430
441
434
425
431
432
436
434
424
428
857
434
425
426
860
435
422
426
429
436
430
424
426
427
434
435
425
426
424
432
426
420
428
426
420
424
423
431
411
417
425
425
408
411
412
422
413
402
410
408
418
400
396
401
402
412
400
396
400
396
403
400
393
395
393
405
396
779
799
396
386
392
391
396
388
396
389
385
387
782
397
386
383
388
397
391
393
385
385
389
388
392
390
389
384
384
384
388
397
394
381
386
381
394
388
390
389
381
385
383
386
392
393
385
381
387
776
389
385
382
380
386
388
388
390
380
380
380
388
387
393
379
380
387
385
392
388
383
383
378
384
376
391
388
386
376
378
387
383
388
382
380
380
377
381
377
385
388
385
378
373
381
765
377
382
379
372
376
373
382
379
386
377
366
376
375
384
369
378
380
370
370
366
374
376
379
376
369
373
366
369
365
371
374
375
378
375
372
364
370
370
377
370
376
377
371
368
364
372
372
379
368
376
376
369
371
364
370
372
379
372
377
378
369
366
368
375
373
374
372
378
377
366
370
370
373
372
377
375
369
370
366
366
365
375
373
374
373
375
372
364
366
370
376
370
375
374
375
373
363
367
370
376
370
377
376
375
374
364
371
370
373
371
375
376
373
367
365
370
369
373
368
378
374
369
727
374
370
373
370
375
376
374
362
366
371
368
375
368
376
376
371
373
364
367
371
382
373
374
376
367
366
367
374
374
374
369
374
374
368
367
368
372
374
376
377
370
369
368
371
371
379
371
373
374
367
365
362
370
369
376
372
379
373
364
368
367
371
367
371
374
423
327
364
369
367
369
745
373
372
370
366
368
366
370
373
372
374
375
371
361
371
369
370
740
375
375
368
363
370
368
372
369
376
375
368
365
366
368
363
740
375
371
364
366
362
362
365
369
365
373
372
367
367
359
363
365
365
360
371
368
369
364
360
362
359
366
367
371
362
372
366
364
357
359
363
360
364
730
362
374
367
358
360
360
360
363
365
363
369
364
368
367
359
358
361
363
363
367
364
371
369
362
365
361
362
359
367
368
374
366
367
368
362
359
360
365
364
365
365
371
369
365
363
362
363
363
365
361
369
367
371
364
364
365
360
360
362
365
363
370
362
374
369
365
367
364
364
360
366
364
367
361
367
369
366
371
1489
379
379
1142
384
386
386
382
382
383
387
386
384
771
388
394
390
388
394
396
399
399
396
403
403
410
410
410
411
414
414
416
413
416
416
421
422
424
425
422
423
424
424
429
429
429
431
434
438
442
445
446
450
452
456
458
455
454
455
457
456
459
460
464
472
477
480
482
483
483
482
477
474
467
460
452
452
457
462
471
977
519
550
559
539
515
509
507
508
503
505
513
531
549
563
548
544
551
545
528
519
521
519
517
512
1001
505
509
512
517
505
513
521
527
530
520
512
501
492
486
484
487
495
505
516
529
528
520
520
527
533
539
543
520
1557
528
542
555
562
552
534
1624
565
566
563
549
533
524
521
520
526
528
532
2188
602
610
599
572
551
531
525
522
528
540
558
560
554
555
563
572
567
558
544
531
518
509
500
1509
530
560
583
597
583
556
1077
533
537
542
548
552
546
546
541
540
533
535
532
536
536
541
541
544
533
538
537
542
545
550
546
555
554
546
547
543
543
542
541
552
557
566
572
575
581
582
573
567
561
559
554
544
555
554
561
568
567
554
547
541
545
539
542
541
546
548
552
545
553
551
555
562
565
563
552
546
537
532
1607
572
601
626
615
596
578
561
564
556
551
551
554
546
555
558
560
563
562
564
556
543
543
542
539
537
544
545
539
538
2193
581
585
585
575
562
549
534
510
516
509
1055
571
629
671
657
611
585
565
565
558
552
552
553
547
538
535
542
540
547
557
570
579
566
548
552
543
535
530
517
516
506
505
495
504
486
496
479
483
473
466
472
450
452
449
449
450
440
433
433
431
430
427
438
425
419
427
430
415
418
415
426
414
413
418
414
407
413
831
410
402
410
824
399
403
410
408
406
395
403
409
406
408
394
399
406
403
400
396
396
400
396
404
395
393
395
396
404
399
388
392
391
401
402
393
391
388
395
397
397
389
385
393
389
399
386
383
392
387
392
386
396
388
382
383
383
392
390
389
376
384
385
384
388
386
388
379
373
378
380
388
382
388
381
372
380
378
382
379
386
378
370
379
379
386
377
382
380
374
374
374
382
379
381
380
372
372
371
752
385
382
379
371
372
378
374
382
381
379
369
372
377
376
378
371
381
379
366
373
372
371
371
380
379
370
363
371
377
369
376
375
379
374
368
371
365
366
371
379
370
372
373
367
364
366
371
370
374
372
376
372
362
367
366
366
742
742
366
367
366
361
364
367
369
369
368
366
372
368
364
360
362
367
367
367
366
373
743
364
364
367
363
368
363
370
745
370
368
371
363
364
363
370
370
375
366
377
372
370
362
363
368
368
369
367
374
372
370
361
363
367
366
374
365
372
373
370
370
363
363
369
376
372
375
370
377
374
370
370
369
378
380
384
381
374
372
372
382
768
383
378
378
375
378
373
379
379
385
381
369
377
376
380
374
378
380
378
377
372
373
375
378
376
382
376
365
368
372
374
374
377
369
379
376
367
365
369
372
369
374
374
378
376
364
736
373
371
374
369
379
377
373
363
368
373
370
374
371
375
376
374
374
366
366
371
375
750
370
376
373
368
365
366
374
373
379
373
375
375
367
368
366
373
374
379
371
374
367
365
370
366
370
368
372
369
375
750
367
364
371
368
372
368
373
373
378
374
366
369
367
371
366
373
373
375
371
368
366
365
369
370
375
742
376
372
366
364
369
367
367
367
372
367
371
369
365
365
359
362
365
371
733
365
366
368
357
360
363
362
357
363
734
366
367
360
361
361
356
355
356
362
359
359
364
368
362
367
362
370
364
369
365
370
365
369
365
373
372
367
369
373
374
372
368
375
372
380
378
380
380
377
381
383
384
382
381
384
388
387
386
385
390
394
397
390
393
397
397
398
396
398
400
400
399
396
1203
407
409
411
414
415
415
420
421
425
422
425
429
430
432
430
435
433
436
436
436
437
439
441
443
446
451
455
458
459
460
457
456
456
453
455
451
445
444
444
446
453
463
469
477
480
485
488
489
487
484
480
484
482
484
486
488
495
500
507
499
499
496
495
491
489
485
479
477
479
479
484
486
485
483
476
475
471
1945
527
536
537
527
519
508
502
500
501
507
515
523
519
1592
560
556
545
529
521
507
498
493
497
502
516
532
541
525
521
518
514
2069
540
545
539
532
526
518
507
506
513
521
538
560
579
573
2216
573
570
565
552
539
527
521
520
523
531
543
557
583
619
628
584
577
563
552
545
533
521
511
505
513
513
520
528
516
529
539
552
563
571
563
554
538
1596
535
538
540
537
538
532
527
526
531
536
545
550
549
553
563
574
580
579
564
554
548
534
534
543
544
552
554
553
554
548
562
571
573
571
565
555
541
535
1067
533
537
534
521
517
510
512
1056
544
557
565
564
557
535
535
531
530
527
532
528
528
527
532
544
556
569
580
578
571
552
1106
549
551
549
551
545
538
532
534
541
556
568
584
587
582
569
549
536
2115
544
555
565
569
570
569
559
552
553
555
563
570
577
571
563
549
1108
560
565
570
574
570
569
556
546
541
1092
551
559
563
561
546
535
543
543
540
546
543
531
520
512
515
512
511
509
503
510
497
489
484
482
485
486
479
483
477
467
475
457
460
451
457
461
443
451
447
435
436
433
427
431
430
440
424
424
433
415
419
427
425
413
411
416
424
417
407
412
414
414
407
407
412
404
399
406
404
415
405
394
401
810
398
392
397
397
404
396
391
392
393
398
390
396
390
386
390
386
396
395
392
383
383
391
392
398
391
378
388
387
398
390
387
383
384
389
386
388
390
385
384
383
389
384
394
388
382
384
380
389
389
392
384
375
386
779
387
381
381
379
384
379
383
384
385
381
376
377
381
389
385
380
379
375
380
373
384
381
388
382
375
375
378
382
382
385
376
373
379
377
381
376
384
378
382
377
371
376
372
377
378
384
381
375
367
374
377
372
375
374
378
377
370
363
370
375
370
369
371
375
374
370
370
363
363
361
366
368
375
367
370
368
368
368
359
364
362
360
362
361
364
369
364
368
366
360
361
357
362
361
359
361
371
359
367
366
363
367
357
361
361
362
360
365
362
368
364
366
361
355
361
358
357
359
365
729
360
370
367
365
357
359
363
359
362
363
371
364
367
368
363
361
357
364
362
361
363
368
362
370
369
364
367
357
360
363
363
362
362
366
370
368
368
368
362
362
359
367
363
366
365
369
739
364
363
365
361
361
365
370
365
370
367
371
371
360
364
360
365
365
371
363
369
364
368
366
363
360
355
363
365
369
369
374
365
374
373
369
366
364
370
370
373
370
376
375
378
370
367
373
371
374
371
376
376
376
371
365
371
370
375
369
374
374
377
373
365
371
370
372
371
374
372
378
367
369
371
368
366
372
376
394
350
373
365
365
365
369
369
371
369
374
374
373
366
363
370
366
367
368
378
370
370
372
365
367
362
369
368
370
368
369
371
374
371
366
361
365
368
367
369
369
373
372
366
368
362
363
364
368
366
369
365
375
371
368
364
363
366
360
368
365
373
363
373
369
366
359
359
365
364
371
732
368
369
366
359
365
365
364
362
369
742
364
371
370
367
360
364
367
365
366
368
376
741
371
366
367
362
366
367
371
744
368
373
370
367
362
360
367
366
365
363
368
367
369
369
368
367
374
370
369
369
372
370
374
367
374
371
376
371
373
374
373
376
372
367
370
375
372
374
373
374
371
375
375
374
369
374
378
382
377
379
376
379
379
382
380
390
383
380
385
381
383
377
381
383
383
385
387
390
393
385
392
393
394
386
385
390
390
392
392
394
394
407
400
401
388
391
396
394
393
394
399
395
403
391
394
395
396
402
398
407
405
403
400
400
405
402
409
410
413
408
397
404
404
413
405
411
404
401
406
404
408
405
409
408
401
404
404
408
407
413
413
406
404
408
419
412
417
413
408
413
411
421
420
419
408
412
417
416
423
416
410
416
412
424
419
419
409
412
415
414
420
422
412
413
412
420
419
428
412
416
417
416
423
422
414
418
415
424
417
417
410
408
411
408
417
417
417
407
408
411
415
422
417
411
410
411
414
414
414
418
414
410
407
407
409
419
410
413
411
404
409
406
416
414
419
406
403
408
408
416
408
415
409
405
405
403
411
412
417
414
400
404
409
414
409
418
411
406
409
408
412
412
419
419
410
410
405
415
420
424
418
408
408
410
417
408
413
402
406
409
410
413
412
421
416
405
411
414
424
415
408
410
409
414
410
421
414
402
402
406
414
411
419
408
407
409
407
413
411
422
413
407
405
410
421
412
414
410
407
410
410
418
419
421
407
414
421
420
426
416
414
418
418
423
424
420
417
414
423
424
433
420
416
420
422
430
422
417
420
420
428
430
424
420
419
423
426
433
424
418
422
423
432
421
416
419
417
424
427
422
414
414
421
419
428
420
408
410
414
420
419
422
414
409
410
415
422
419
410
410
410
412
414
418
422
413
414
414
420
417
433
420
413
415
412
420
417
406
401
406
413
414
420
414
417
408
409
413
414
418
414
425
417
407
413
415
420
412
423
415
411
410
414
422
419
419
413
411
415
412
421
420
418
407
408
414
415
418
412
416
412
409
410
834
421
421
414
408
411
837
417
407
408
407
411
407
415
416
416
407
405
412
415
419
415
412
410
408
411
415
421
419
408
412
412
420
421
420
414
413
421
423
429
416
415
422
421
426
425
417
418
422
432
431
418
423
424
430
429
428
423
421
432
429
431
427
424
428
432
437
426
427
431
431
429
424
425
426
421
415
419
417
426
422
416
416
414
425
427
421
411
420
431
425
421
419
419
428
420
424
418
415
420
418
426
425
412
417
420
424
425
417
416
413
842
424
416
413
419
417
425
426
410
414
416
427
419
412
414
415
417
418
429
421
414
419
417
429
429
418
414
416
427
423
416
415
415
422
417
430
420
415
416
420
430
429
416
420
422
433
425
422
421
420
426
431
426
416
422
431
426
424
421
419
424
422
432
423
419
425
418
432
417
414
418
419
421
417
419
415
414
414
420
429
427
412
415
418
427
419
418
414
412
419
417
421
421
406
407
410
415
409
411
411
404
407
409
412
408
419
415
409
401
407
414
412
414
410
405
409
408
410
413
419
418
409
407
410
420
413
417
409
407
413
409
414
417
423
415
406
411
414
423
421
418
407
407
413
417
421
413
406
411
413
419
414
420
422
413
415
412
423
424
429
414
414
421
422
427
418
412
418
419
426
420
429
420
417
419
425
430
426
414
422
423
434
430
420
421
423
429
424
433
422
421
421
425
428
431
429
428
429
428
422
1273
846
426
424
430
429
428
430
431
428
429
430
430
428
430
423
430
428
428
426
425
424
423
423
426
426
425
417
422
420
417
418
420
424
420
425
423
431
429
423
418
423
426
428
425
427
422
1705
428
427
426
428
429
437
441
443
453
460
464
470
471
470
469
470
469
470
470
471
476
479
479
483
485
491
502
523
548
560
560
550
532
519
506
498
490
485
484
483
481
484
484
1460
499
513
518
518
520
524
530
530
524
525
520
518
514
511
506
502
499
500
495
500
497
493
491
498
499
499
500
499
496
494
491
487
482
480
476
478
476
482
486
493
499
505
510
514
514
517
519
514
516
514
515
514
512
1022
513
514
512
511
512
513
513
513
518
519
520
519
517
512
509
507
501
501
498
502
505
508
514
514
517
515
517
514
512
503
500
499
496
498
496
501
505
509
508
507
505
499
493
498