1397
1374
1208
1146
1252
1390
1396
1357
1457
1417
1364
1268
1414
1414
1368
1427
1394
1219
1282
1524
1453
1324
1407
1458
1299
1361
1400
1291
1180
1315
1444
1359
1283
1448
1478
1432
1396
1441
1451
1345
1332
1369
1286
1257
1497
1396
1243
1374
1451
1446
1281
1277
1379
1338
1253
1535
1505
1382
1265
1177
1292
1456
1345
1232
1385
1374
1261
1310
1378
1309
1422
1380
1328
1349
1379
1266
1123
1157
1323
1344
1239
1246
1344
1361
1252
1334
1428
1352
1310
1403
1365
1304
1404
1394
1308
1421
1451
1261
1257
1417
1445
1362
1433
1433
1340
1333
1419
1383
1261
1238
1405
1447
1351
1330
1433
1466
1431
1436
1364
1302
1447
1439
1354
1446
1436
1289
1291
1373
1271
1279
1313
1254
1266
1342
1281