1201
1321
1241
1207
1081
1003
996
1053
1211
1220
1218
1190
1197
1159
1161
1322
1290
1219
1128
1062
1269
1440
1348
1243
1331
1430
1265
1248
1270
1263
1200
1216
1481
1424
1360
1290
1257
1321
1332
1296
1323
1370
1327
1145
1228
1453
1391
1235
1281
1244
1256
1184
1253
1273
1190
1171
1325
1303
1134
1176
1396
1287
1161
1201
1240
1146
1142
1376
1477
1402
1255
1242
1294
1354
1349
1334
1432
1333
1239
1140
1350
1426
1177
1129
1291
1286
1213
1241
1285
1169
1113
1104
1185
1218
1106
1108
1156
1217
1247
1114
1125
1198
1243
1142
1288
1377
1268
1115
1176
1295
1190
1077
1182
1395
1354
1175
1187
1327
1321
1198
1167
1297
1313
1294
1125
1142
1195
1175
1129
1267
1344
1246
1167
1183
1139
1094
1124
1271
1175
1100
1034
1188
1340
1205
1144
1217
1163