1110
1646
1242
1181
979
947
880
814
844
835
861
931
945
982
1034
997
978
991
1028
963
954
974
982
1004
988
964
1021
1023
947
895
909
926
1049
1270
1203
1111
1041
964
939
953
1048
1071
1096
1107
1089
1044
1021
1029
991
1069
1139
1147
1184
1031
1108
1068
1053
1115
1058
1217
1138
1242
1225
1229
1193
1238
1119
1129
1062
1032
1037
945
934
881
878
836
813
794
779
780
766
773
769
767
767
765
776
773
770
776
777
758
770
758
743
748
737
730
729
722
720
719
721
723
732
746
742
748
750
738
744
737
733
738
729
732
738
726
737
745
734
755
754
747
757
749
741
744
736
729
731
732
724
729
740
742
765
773
766
777
762
759
756
739
735
737
732
738
756
762
767
783
781
776
775
760
762
753
743
749
745
747
753
766
783
791
818
801
800
800
785
781
782
760
769
758
760
769
778
790
805
823
804
803
793
771
769
766
752
758
761
769
775
786
782
777
785
769
775
773
764
763
767
779
771
788
783
784
791
783
773
771
764
767
776
765
780
783
771
774
774
775
767
780
778
771
777
779
775
777
793
777
786
790
782
796
797
789
790
798
780
780
775
774
764
766
752
741
745
754
769
771
791
816
790
805
790
787
791
816
825
835
837
824
831
851
862
838
855
825
832
816
799
804
829
849
853
883
853
826
803
783
766
769
758
764
781
808
832
895
895
899
864
829
822
806
803
798
814
828
901
910
897
894
830
818
788
774
776
795
813
882
907
881
895
830
813
793
778
773
771
771
797
819
833
817
796
798
789
794
798
780
781
771
767
757
765
768
783
813
857
847
870
846
833
827
813
813
829
840
846
881
896
864
864
848
823
807
789
778
797
813
831
855
847
824
817
789
776
763
753
741
743
745
744
764
767
769
770
770
758
760
758
737
733
731
726
722
727
727
726
721
714
717
719
720
719
723
729
721
729
737
731
752
762
757
769
768
767
769
782
772
780
789
787
791
772
765
757
757
743
753
769
771
794
810
810
803
804
776
779
760
748
756
754
759
781
814
803
813
805
787
787
774
771
772
787
819
837
854
851
819
811
779
774
761
735
728
706
691
678
663
646
634
636
617
609
599
595
592
587
579
575
578
568
575
567
563
566
559
566
559
560
557
553
559
550
551
545
549
541
544
537
544
537
535
532
541
532
537
530
537
531
528
527
532
525
526
525
524
522
514
522
515
513
513
514
512
510
512
508
511
508
513
511
504
511
506
508
504
505
507
501
507
504
499
504
500
499
500
501
499
497
502
496
497
501
495
497
498
494
498
496
494
494
492
496
492
490
494
488
490
492
487
490
489
486
489
486
488
489
484
488
488
483
488
488
480
489
486
480
488
486
480
488
484
482
487
482
483
487
482
483
487
483
483
486
482
485
484
481
485
485
480
487
483
484
486
482
487
487
483
489
489
485
491
488
484
490
487
485
488
484
485
490
483
487
491
485
487
489
486
487
488
488
488
488
488
491
487
492
491
488
494
492
487
496
490
489
497
488
492
496
491
496
494
493
496
495
493
492
492
494
492
495
496
495
498
496
499
503
497
503
499
496
500
495
499
492
498
495
488
496
491
489
490
484
493
491
489
492
491
489
491
492
490
489
487
491
486
486
493
484
489
494
485
491
493
487
494
493
487
493
492
492
493
492
493
492
491
495
493
494
493
492
497
491
496
498
491
500
497
492
499
495
494
500
497
496
499
498
495
496
501
498
497
503
495
501
505
497
504
502
501
504
500
507
503
504
504
503
505
498
505
501
496
503
498
498
498
498
496
497
500
496
496
503
495
499
500
495
501
497
496
499
496
499
497
495
502
500
499
505
505
502
504
511
506
508
512
506
512
509
509
510
508
511
508
514
510
518
520
514
524
517
520
518
518
517
513
516
514
519
511
518
514
509
513
507
511
509
508
510
509
511
510
513
507
515
509
507
511
507
507
506
508
505
504
505
502
506
501
504
505
498
504
501
496
500
496
499
497
495
498
493
497
497
491
498
495
489
495
494
490
493
491
492
492
490
490
493
488
492
491
487
492
488
487
488
486
489
489
488
497
493
496
500
498
503
501
506
504
503
508
505
501
504
500
500
498
502
498
497
501
498
495
496
495
500
497
500
505
503
508
506
505
505
505
509
500
507
506
501
511
499
504
507
503
505
507
508
508
507
517
509
515
514
513
514
508
513
508
506
506
505
505
501
507
506
502
511
507
510
509
510
508
507
510
505
506
508
503
507
505
504
507
503
504
502
501
509
500
507
506
502
510
506
504
506
502
503
499
501
501
497
502
498
499
500
496
502
499
497
500
499
499
496
498
499
494
502
496
498
500
497
500
500
502
503
506
503
513
511
510
512
520
515
516
519
519
518
516
525
518
525
521
528
526
525
525
531
529
530
532
532
533
528
532
530
531
527
533
529
527
526
531
522
525
521
522
521
524
523
530
525
526
522
529
523
521
525
521
520
519
526
517
522
520
521
520
521
522
521
523
519
521
520
521
518
521
518
516
514
512
514
513
512
511
508
516
506
511
511
509
509
507
513
508
506
513
508
504
506
506
508
502
511
507
504
511
506
508
506
511
510
504
510
506
504
504
504
505
500
504
503
498
500
498
500
500
498
502
501
496
501
496
500
499
496
505
497
503
505
498
505
502
501
501
497
506
497
502
506
499
507
505
505
508
503
505
502
505
507
502
509
507
509
508
505
514
508
509
507
505
509
505
512
511
511
515
514
518
519
520
517
515
518
510
515
512
510
509
507
513
506
508
510
510
505
506
514
509
507
512
507
503
506
507
503
502
507
501
503
505
502
504
505
508
505
505
511
505
508
510
508
508
505
512
509
507
512
507
514
512
515
510
510
516
512
509
512
510
511
506
516
511
506
513
509
510
507
514
512
505
514
511
506
510
510
511
507
516
511
513
512
508
513
506
509
506
504
508
503
508
508
510
507
507
514
506
512
513
507
514
510
513
508
510
515
508
511
510
510
507
507
512
509
508
514
509
505
506
509
509
501
513
505
505
508
504
505
502
507
507
501
509
505
501
503
502
504
503
502
506
504
503
506
500
504
503
504
506
506
509
509
511
510
506
511
509
509
508
511
513
508
519
511
508
511
508
511
509
511
508
507
515
510
508
508
511
511
507
515
512
513
516
514
519
516
520
515
516
517
510
517
509
518
510
516
518
510
517
514
515
514
508
515
510
508
509
510
508
507
516
510
511
513
510
511
509
514
505
504
509
501
502
502
498
501
500
503
498
499
505
499
503
504
498
503
501
499
499
495
503
495
498
500
495
496
498
496
498
495
499
498
495
501
495
498
502
495
501
499
497
501
496
502
499
497
502
496
500
502
497
500
499
502
502
499
509
504
501
508
504
505
502
506
509
501
511
505
501
507
504
505
502
505
507
500
509
503
498
506
501
498
500
499
501
498
504
501
497
505
500
499
501
497
497
497
497
495
490
498
494
487
497
493
488
492
488
494
495
493
494
495
497
499
495
503
502
496
506
500
500
504
501
501
501
502
498
498
502
499
499
504
501
501
501
501
498
499
502
500
496
504
499
500
503
501
502
503
506
503
504
511
503
510
510
506
511
506
510
504
505
509
502
506
507
508
506
505
513
505
505
508
503
500
500
501
501
493
503
499
492
501
497
496
496
495
498
498
495
500
498
495
496
492
497
492
492
498
491
495
498
494
496
498
496
496
497
502
498
500
503
498
503
504
501
502
499
504
500
504
506
500
505
507
504
506
502
510
502
508
511
503
509
507
503
506
501
506
504
504
505
506
508
506
514
512
506
517
511
508
511
509
505
505
510
506
504
511
508
507
508
509
506
506
513
506
507
511
508
509
508
509
506
505
511
505
505
509
504
504
504
502
498
500
500
500
494
503
500
494
504
499
495
499
496
498
497
498
502
496
504
502
496
503
500
495
500
496
496
501
496
501
502
496
502
501
501
501
495
504
498
499
504
500
496
503
499
498
498
502
503
500
505
501
497
502
501
499
501
497
502
503
500
501
501
501
497
496
501
495
494
501
494
494
498
495
493
496
494
498
494
499
498
491
498
494
486
495
492
486
494
490
488
496
494
490
495
494
494
494
495
497
492
497
498
491
498
497
489
498
495
492
497
496
494
497
495
497
497
497
500
497
497
501
495
498
499
492
496
493
491
500
493
494
501
498
496
497
500
503
501
502
503
500
504
499
502
507
499
506
505
498
502
500
501
499
497
503
498
499
504
498
499
503
499
498
498
497
500
493
499
499
492
501
496
495
499
493
496
499
497
500
495
502
502
497
506
503
499
506
501
502
502
500
500
499
502
499
498
505
501
502
509
504
508
511
509
511
507
512
509
503
513
505
502
510
505
507
505
505
508
508
510
510
508
515
510
512
510
505
509
505
505
504
499
506
500
503
508
500
508
507
506
507
507
513
507
511
516
510
514
511
510
511
506
509
506
504
510
500
507
505
500
502
501
500
499
497
502
499
494
502
497
493
503
497
493
501
497
493
496
493
493
494
495
494
492
497
498
493
499
499
494
502
499
496
502
499
498
499
497
499
498
498
501
498
499
503
498
502
502
498
503
501
499
502
501
502
500
501
501
501
504
501
501
508
503
505
511
504
510
510
509
511
508
514
510
505
511
507
504
507
508
505
506
515
508
513
515
511
515
513
516
514
508
513
508
509
506
508
510
505
512
508
504
509
508
507
506
507
510
507
511
509
505
509
505
507
508
504
508
508
508
508
502
509
503
500
506
502
499
500
500
500
497
502
501
495
504
498
498
502
499
500
500
503
499
497
504
499
496
503
498
497
503
500
497
497
497
499
494
500
500
494
502
499
494
499
495
494
496
494
493
494
493
495
496
492
498
495
493
497
493
494
496
492
494
492
491
500
491
493
494
495
495
497
495
497
495
491
494
493
492
492
492
495
493
493
501
494
496
502
493
497
500
494
496
495
493
496
494
492
495
491
496
495
491
496
494
491
497
494
490
496
493
491
494
491
496
492
495
496
492
497
498
492
500
500
492
500
496
494
498
496
497
497
497
500
493
497
500
496
498
499
493
499
496
494
497
493
495
498
493
499
494
492
495
494
495
496
491
495
495
494
495
496
496
494
500
495
495
499
491
496
496
495
495
492
499
497
491
499
494
495
497
496
498
498
502
499
501
506
502
506
503
508
506
503
509
506
501
501
505
502
501
508
499
504
504
500
502
498
503
499
495
502
493
498
498
495
495
494
494
493
491
496
495
492
496
490
489
497
488
492
496
488
495
494
489
494
492
490
490
491
492
492
492
496
494
494
498
495
495
504
493
499
501
493
499
497
495
498
497
498
499
499
505
501
501
507
503
504
505
504
503
502
508
503
502
510
500
504
506
501
504
502
502
503
499
506
501
497
505
500
498
504
502
501
503
502
500
500
503
500
496
503
499
497
500
493
494
497
494
493
494
494
494
490
497
497
495
495
498
496
497
498
497
500
499
500
502
501
506
503
503
507
504
509
508
507
508
507
510
509
508
513
509
512
510
511
511
510
516
512
515
515
513
517
512
517
514
514
516
513
513
512
515
514
516
517
512
518
514
511
512
512
510
508
514
513
507
515
512
508
508
510
510
503
510
504
504
505
500
504
503
501
501
501
505
502
498
506
500
497
501
498
499
497
496
497
497
497
497
493
500
494
495
500
492
496
499
494
497
496
494
498
497
495
498
497
497
500
498
500
501
499
504
500
500
505
500
505
501
502
502
499
504
503
496
503
500
498
503
498
504
506
500
499
501
496
501
497
499
497
491
501
495
493
499
496
498
500
502
505
502
511
509
508
516
513
516
514
518
519
513
524
516
518
519
521
519
517
523
517
518
521
521
522
519
524
521
521
521
525
521
522
528
524
528
527
531
526
526
530
528
529
526
533
529
1053
534
527
526
530
527
522
524
529
526
526
525
525
524
521
523
521
523
521
526
522
520
520
520
523
517
527
521
518
524
521
518
518
525
517
521
524
519
524
521
520
521
520
520
520
521
519
524
519
517
520
517
519
515
521
518
514
520
515
516
512
518
515
509
516
512
509
510
509
512
507
513
512
509
515
511
514
513
514
516
513
517
515
515
515
514
517
514
520
515
513
519
515
513
515
518
515
514
521
517
516
515
518
516
513
520
515
516
517
517
518
513
520
515
513
517
516
519
516
522
519
518
521
520
517
518
521
518
517
520
517
519
519
518
518
513
517
515
516
516
518
519
513
522
516
514
519
517
514
516
521
516
518
521
519
515
515
520
516
515
518
514
513
512
519
512
513
519
516
517
513
521
515
514
515
515
514
512
515
506
513
513
509
509
510
514
513
507
513
510
506
507
506
507
501
508
505
498
509
502
500
506
502
503
503
503
504
500
506
504
503
504
503
506
501
508
504
507
504
512
510
505
513
508
510
511
509
509
510
511
511
510
517
510
515
514
512
515
512
514
513
512
512
510
512
507
514
513
508
516
512
511
512
513
514
509
519
513
511
517
511
511
511
511
511
508
512
510
513
511
516
515
510
516
513
514
512
515
516
510
518
515
515
513
517
518
511
519
513
515
517
514
518
513
516
516
514
515
514
515
512
516
513
511
517
511
512
512
508
513
511
511
511
509
511
510
512
508
512
510
506
514
506
509
511
507
508
507
510
506
504
511
506
505
505
501
503
500
501
504
499
502
497
499
505
499
504
503
502
504
503
507
506
503
509
508
509
508
512
514
509
519
512
516
514
513
512
511
517
510
514
516
513
512
513
515
510
510
517
510
512
512
510
510
508
514
508
509
515
508
514
511
513
515
510
517
512
511
515
513
509
510
516
511
510
518
510
514
512
511
513
508
514
510
511
512
512
515
509
520
514
511
515
511
514
507
513
511
507
513
503
511
512
508
512
508
513
513
507
516
509
509
513
509
509
509
512
507
507
514
506
512
512
509
513
510
512
511
506
515
507
509
509
504
509
505
507
507
503
509
505
502
505
502
504
503
502
507
500
505
504
498
505
503
498
505
498
498
503
498
500
498
498
501
499
505
502
500
508
499
503
508
501
504
503
503
502
501
504
503
499
508
504
501
504
503
504
503
502
507
505
504
509
503
505
503
501
504
500
503
506
501
509
506
505
507
504
509
506
505
509
507
512
509
514
515
508
518
513
511
515
514
513
512
515
512
509
516
509
511
514
507
509
506
512
507
502
508
504
504
506
501
505
504
504
507
503
506
503
502
508
500
505
505
505
507
503
510
505
504
506
506
507
503
506
506
502
508
507
502
509
505
501
508
502
502
504
502
506
501
506
507
502
509
507
501
511
503
505
506
504
506
504
502
503
503
502
503
498
504
501
500
503
503
501
508
505
506
504
505
506
503
502
505
501
502
503
501
504
503
503
504
501
505
502
502
505
502
506
505
501
504
499
498
507
501
504
506
503
509
507
507
506
504
509
504
506
506
507
509
507
510
509
506
512
511
506
513
509
508
510
509
510
509
511
507
507
511
506
505
511
503
504
507
502
507
506
504
508
503
506
504
499
506
500
499
504
500
501
502
501
502
502
502
501
495
502
500
494
503
498
495
504
498
495
499
497
498
498
498
500
499
500
503
500
503
506
502
507
506
501
510
504
502
508
505
507
505
508
509
505
510
509
506
513
509
510
510
508
511
509
507
511
506
509
504
504
508
502
501
507
504
502
506
503
504
499
505
505
496
504
502
493
500
496
490
497
494
490
498
493
492
499
495
497
495
500
498
498
505
499
501
502
497
502
499
497
499
497
500
499
497
502
500
499
506
500
505
508
505
509
507
511
511
505
516
509
509
511
508
511
505
508
509
504
511
508
506
514
505
509
511
507
510
508
510
509
506
514
507
512
511
509
509
509
512
509
507
513
504
509
509
506
508
509
509
509
505
514
509
508
512
508
511
509
512
515
508
519
517
514
521
514
520
518
520
521
519
526
521
521
524
522
521
520
526
520
520
523
519
521
518
520
517
515
521
515
514
518
515
511
512
513
513
509
514
510
511
517
509
510
513
511
514
510
514
514
509
514
510
510
511
508
508
507
508
507
506
511
506
505
510
504
507
506
504
508
505
505
509
507
505
506
503
506
503
502
509
503
507
509
504
510
507
506
509
505
506
508
503
511
506
507
511
506
510
511
505
511
507
510
508
505
511
505
504
507
503
504
502
502
503
498
503
504
499
507
507
500
511
505
503
509
506
504
506
504
505
503
508
509
503
512
508
507
511
503
506
508
504
505
505
505
504
504
507
502
502
506
503
501
508
501
500
507
501
501
506
504
507
506
505
508
504
509
505
503
509
508
506
508
507
508
509
508
511
504
511
511
505
510
508
505
511
506
508
510
505
509
506
505
506
504
504
505
501
503
506
501
506
505
503
507
508
506
508
506
507
506
506
506
503
508
503
503
508
503
503
505
502
503
503
504
504
502
506
504
501
508
503
504
505
502
506
503
507
507
504
511
505
503
509
502
505
499
502
505
498
503
497
501
506
501
501
505
502
500
502
500
502
502
502
504
502
504
505
500
508
504
504
509
503
508
507
504
506
506
510
508
508
513
507
509
512
507
510
508
509
507
504
509
503
504
508
502
507
508
504
505
504
502
502
499
503
504
497
505
502
499
503
499
499
503
498
502
501
496
501
500
501
501
500
504
503
501
508
501
504
508
500
505
504
502
503
503
504
504
502
508
505
504
511
502
508
511
506
513
510
508
513
509
509
508
504
509
503
506
505
502
507
503
506
506
504
508
507
503
510
505
506
506
502
506
504
500
502
499
504
501
496
504
502
497
505
501
501
503
502
503
503
500
504
501
502
504
500
503
503
501
504
503
504
505
504
508
505
509
508
502
509
508
501
511
507
504
510
505
507
509
510
510
508
508
509
506
509
508
504
512
509
508
514
509
512
512
510
512
509
513
512
509
513
508
512
511
512
515
511
516
515
512
521
514
517
520
515
519
515
515
515
508
516
509
509
511
510
510
514
511
516
512
520
513
515
514
514
516
510
519
512
515
513
513
514
508
516
511
509
511
506
508
505
505
508
504
511
508
506
513
507
510
509
506
511
504
507
504
502
507
499
504
505
502
504
504
507
506
503
510
506
503
508
506
507
505
508
508
505
512
512
505
515
511
510
514
511
513
512
515
514
514
519
515
521
517
521
520
518
521
518
521
516
521
520
516
521
518
519
518
526
522
521
525
526
524
523
527
520
526
521
520
520
519
519
517
519
517
518
519
514
518
514
514
513
514
515
509
518
514
510
515
509
511
508
506
508
504
506
508
504
508
506
510
505
510
511
504
514
509
507
512
510
512
509
510
511
509
515
509
509
514
508
513
509
510
512
507
517
514
511
516
515
516
509
518
515
511
517
436
566
523
514
516
513
515
514
511
514
513
513
512
515
515
510
521
514
520
520
517
521
519
521
519
519
521
516
519
515
519
514
512
518
514
515
514
516
517
510
519
513
512
512
512
513
507
515
512
507
515
511
508
511
509
512
504
516
513
508
516
512
512
511
514
516
509
517
513
514
515
513
515
512
514
512
509
514
510
513
513
515
519
512
523
520
515
521
517
519
516
515
514
512
520
512
516
517
514
518
516
520
517
517
521
516
518
514
516
515
509
519
513
510
516
514
514
512
517
513
514
520
511
519
518
516
515
514
517
516
513
516
515
518
514
519
519
512
520
516
515
517
514
516
514
513
514
512
512
514
509
512
508
509
509
509
512
508
512
511
508
513
510
508
514
508
506
510
507
504
510
506
507
506
508
508
503
510
508
503
511
507
504
509
506
506
506
506
506
504
509
509
504
512
508
507
511
510
513
508
510
508
507
511
510
507
512
508
508
510
508
511
508
510
512
509
515
510
506
511
507
511
505
509
510
503
513
510
503
512
504
504
507
504
504
504
506
503
502
509
506
504
510
505
506
507
505
505
505
509
507
503
510
506
504
506
500
504
503
499
502
500
503
501
497
507
503
499
504
502
503
503
504
506
504
507
508
504
510
506
505
510
503
509
508
503
508
506
504
506
503
508
507
506
510
508
510
509
511
514
509
513
512
508
515
511
510
514
509
511
514
509
514
511
509
513
509
509
510
507
508
509
505
509
506
507
511
507
508
511
508
510
507
509
508
506
513
506
507
513
506
509
509
508
507
506
509
508
505
510
505
504
507
501
500
504
501
498
501
497
498
496
497
496
495
495
497
493
498
499
495
501
499
495
504
501
497
507
503
502
507
505
505
506
504
508
502
507
507
500
511
507
503
511
506
508
508
509
505
506
509
508
504
513
509
509
511
509
510
506
509
510
504
513
509
507
511
506
509
509
506
508
506
508
510
505
510
507
505
512
509
511
509
511
512
509
517
514
510
515
510
514
511
513
514
508
518
512
509
515
510
512
509
511
512
507
515
515
512
518
513
512
514
513
512
511
518
512
516
517
515
516
514
519
515
515
518
512
517
511
515
514
511
514
512
514
512
514
515
510
520
516
514
517
512
514
510
510
511
507
512
509
506
510
507
510
507
511
508
506
514
510
507
510
507
511
505
514
511
509
513
511
516
510
507
510
505
509
505
503
510
501
503
502
504
506
506
509
510
510
520
515
518
521
519
522
521
524
522
523
522
522
521
516
522
518
516
517
519
517
517
522
518
519
518
519
516
515
521
512
517
515
513
514
510
515
510
510
516
509
515
515
512
517
512
520
514
512
515
512
512
510
513
513
507
516
511
509
512
511
513
509
513
513
507
516
513
509
513
509
511
509
511
512
505
515
512
509
514
511
513
511
511
508
505
509
509
503
510
506
504
510
506
508
506
508
508
506
511
511
508
514
511
509
511
512
514
510
518
517
513
519
515
515
514
517
514
513
518
513
515
518
517
515
514
517
514
512
518
511
516
515
516
518
515
521
520
515
520
517
518
514
519
519
513
519
514
515
517
515
514
514
518
513
514
521
513
519
520
516
519
516
521
518
514
520
517
514
516
515
517
515
516
517
514
517
515
518
513
516
517
510
519
515
513
517
514
517
515
515
517
513
518
514
514
513
513
515
511
515
513
509
516
511
508
509
506
507
507
502
505
504
502
504
501
503
504
503
507
506
509
508
506
509
505
511
510
506
513
510
507
512
510
510
508
510
512
506
510
511
506
514
510
508
512
509
511
509
509
509
508
513
509
509
512
508
511
512
509
510
508
509
508
504
512
504
507
510
504
509
508
502
509
506
508
508
504
514
507
506
509
507
507
507
506
504
508
509
508
505
514
508
510
515
508
513
512
511
513
510
515
510
508
513
511
511
512
515
513
512
521
514
519
521
518
521
517
523
517
518
518
517
519
518
518
518
514
520
515
517
516
517
518
515
518
517
513
519
515
516
515
515
516
512
520
517
515
521
516
520
515
521
519
516
521
515
519
515
513
514
510
513
511
509
512
511
510
510
511
508
508
513
509
506
510
504
505
504
505
504
504
505
506
504
512
506
508
510
507
511
507
510
510
506
514
509
505
511
508
510
511
511
513
507
512
512
507
514
508
511
512
511
512
511
514
512
510
517
510
513
514
511
513
511
509
510
505
510
507
510
511
513
515
509
515
513
511
516
510
512
510
508
508
507
509
509
504
509
506
507
508
508
511
506
508
509
505
509
508
506
509
506
506
508
506
508
505
508
510
505
512
507
504
508
506
506
506
505
508
505
507
507
505
508
508
504
512
506
505
507
504
508
502
509
510
502
511
507
503
507
505
504
505
504
504
505
503
507
505
506
507
503
508
506
505
511
508
512
513
512
515
512
517
516
513
516
514
519
514
519
519
512
522
515
516
518
518
518
517
519
519
513
517
516
513
513
513
511
511
517
513
510
515
510
512
511
510
510
507
513
509
506
510
507
507
507
507
508
504
510
508
505
510
507
508
505
512
511
509
513
508
511
510
510
510
509
514
510
508
509
508
508
510
509
511
510
512
515
514
521
518
519
521
520
519
519
527
519
524
522
525
523
518
523
520
519
519
522
520
518
523
519
521
518
524
521
517
523
518
518
517
519
515
513
520
513
514
517
515
517
515
517
517
513
521
515
513
517
515
513
512
517
514
511
517
511
513
515
513
517
511
519
517
511
518
511
514
514
508
512
510
508
511
508
511
513
510
520
515
513
518
516
520
514
520
518
513
521
516
514
518
514
518
516
517
519
517
520
519
516
521
518
521
520
521
522
519
524
520
522
521
521
522
518
522
518
520
516
518
517
513
519
514
514
515
513
516
511
519
519
512
520
514
513
512
513
515
509
515
515
508
516
511
511
513
511
516
514
512
514
511
516
512
512
514
509
511
513
511
513
511
511
512
510
516
513
510
516
512
512
514
513
512
512
514
512
511
517
512
512
514
513
512
512
514
511
509
518
509
512
513
509
510
503
511
509
505
515
509
507
513
506
511
512
508
513
512
510
511
509
509
511
506
510
511
508
513
511
510
513
513
514
509
515
515
509
518
514
512
518
513
512
513
513
512
513
514
515
509
518
513
512
514
513
515
515
517
519
516
520
520
521
515
521
519
512
518
511
513
514
510
517
512
515
516
511
519
515
513
516
512
516
514
511
516
512
514
513
511
516
511
511
515
514
514
512
515
514
512
520
513
515
516
511
517
514
512
515
512
519
514
513
516
514
515
513
513
516
513
520
516
514
518
516
520
513
520
518
512
521
515
512
514
514
511
513
518
515
516
518
515
518
515
514
517
512
518
514
514
513
514
517
513
520
518
516
521
518
521
520
520
520
516
521
518
519
516
521
520
515
520
518
515
520
518
517
514
519
515
516
523
516
515
516
516
520
512
522
517
517
521
519
517
515
521
514
514
519
513
517
516
520
519
519
525
522
521
522
523
521
518
527
518
522
521
522
521
520
526
522
521
521
524
521
523
527
521
527
524
530
527
524
530
526
525
523
526
522
521
522
522
522
517
524
522
521
522
520
521
521
522
522
521
524
521
524
521
525
525
521
526
521
522
521
521
522
519
523
521
523
523
527
523
523
528
521
524
523
526
524
522
528
523
522
524
525
521
519
525
519
519
518
517
516
511
515
511
510
513
510
511
508
514
514
512
518
512
516
517
517
517
514
519
515
516
518
514
519
514
520
516
515
515
515
516
514
519
517
514
518
516
516
512
517
515
512
519
515
513
515
515
514
513
519
515
515
518
514
520
516
516
516
514
521
511
514
516
512
517
512
519
514
513
517
517
513
517
520
515
518
512
513
513
509
513
510
510
511
511
515
510
519
516
513
519
515
515
514
517
518
515
523
518
517
519
519
521
515
524
519
515
519
515
519
512
520
518
514
520
518
517
515
518
514
514
519
514
513
516
517
519
515
519
519
517
521
515
518
518
516
517
515
517
517
513
521
517
516
521
516
521
520
521
521
516
522
519
518
520
518
515
516
517
515
514
519
513
516
515
515
516
512
514
515
509
514
510
512
511
513
514
512
517
514
515
519
512
520
518
521
517
521
519
522
521
519
524
521
521
521
522
519
515
523
518
515
518
520
518
520
524
519
521
519
521
520
517
521
513
518
520
518
520
514
523
520
517
521
518
518
515
519
519
515
521
520
521
518
524
520
518
524
519
521
517
522
520
519
523
519
521
518
518
516
513
517
511
516
514
515
511
515
519
515
515
515
518
516
513
520
511
515
518
514
517
513
519
514
517
519
515
519
516
520
518
516
521
515
519
514
521
519
515
520
516
518
518
517
515
511
518
512
512
513
511
511
508
509
506
505
510
502
507
510
506
512
512
512
513
510
517
513
515
516
516
513
513
519
516
516
518
519
519
515
524
517
519
519
519
517
514
521
514
520
520
517
519
516
520
514
516
516
516
516
515
521
521
519
522
521
521
516
524
518
518
517
518
520
511
522
514
515
514
510
514
510
511
511
506
513
509
509
511
510
513
507
512
513
511
516
513
511
514
512
514
513
517
517
512
521
515
515
517
516
518
512
519
516
516
521
515
519
516
515
515
509
516
510
509
511
510
512
513
511
516
510
514
514
510
512
511
512
510
511
513
506
513
512
507
513
507
510
508
506
509
509
504
509
505
511
509
507
514
510
512
509
510
513
508
517
512
509
514
508
510
509
508
509
507
512
510
507
510
510
511
510
513
512
509
517
513
515
515
513
515
511
514
513
512
518
514
515
516
517
521
515
524
521
520
523
521
523
519
521
521
518
520
519
521
520
523
522
521
525
522
520
521
521
520
517
524
516
520
520
515
519
516
518
519
515
521
518
521
516
521
522
513
524
517
518
519
519
519
519
521
520
517
520
520
520
518
521
520
518
522
519
521
521
520
520
517
521
520
514
521
515
514
513
514
512
508
516
514
510
513
511
514
513
511
513
510
513
511
508
513
512
514
513
515
514
513
522
516
518
521
517
520
516
523
519
514
521
517
517
516
519
517
516
523
518
521
521
521
521
517
525
518
519
518
516
518
517
521
521
521
525
517
525
523
523
524
522
527
521
524
523
522
523
521
529
522
524
521
524
521
521
525
519
522
523
527
526
525
531
527
533
528
538
529
528
529
530
525
525
528
523
526
522
531
523
524
526
525
523
523
527
522
525
521
530
522
526
523
528
525
521
526
520
522
520
523
521
517
521
518
516
515
517
518
512
519
514
516
517
518
520
518
526
520
523
524
524
524
522
530
524
524
524
527
526
523
527
528
526
522
527
518
521
518
517
514
511
513
513
513
510
513
513
509
513
507
510
509
509
513
507
512
512
509
516
508
512
512
509
513
509
512
511
508
511
511
513
512
518
516
514
518
517
517
517
520
518
515
519
516
517
514
519
518
515
520
516
516
515
520
519
513
521
514
510
514
511
510
508
512
513
509
518
512
514
515
515
517
514
518
515
514
515
514
516
512
516
514
511
516
510
513
512
512
513
511
516
513
512
514
513
515
510
516
513
508
516
508
509
510
506
510
507
507
509
505
513
507
507
509
507
510
505
509
511
505
511
509
507
511
506
510
510
507
509
508
507
508
506
511
507
506
511
509
511
512
511
515
511
518
514
515
517
515
515
514
516
516
513
518
513
515
511
512
511
510
511
509
505
513
506
504
505
504
506
502
501
503
500
505
506
501
506
504
505
506
508
511
511
514
514
512
519
515
517
515
520
520
515
523
517
518
515
517
491
533
526
514
517
473
554
527
516
522
517
516
516
516
517
512
521
515
513
516
513
516
513
513
514
509
515
512
510
511
512
513
508
516
513
510
514
507
512
511
510
511
511
513
514
511
514
512
516
514
519
519
514
518
513
515
513
515
515
509
519
513
511
514
512
514
511
515
516
511
519
511
516
513
513
513
510
516
514
514
516
516
518
513
521
519
516
520
520
521
518
524
519
521
521
520
521
519
521
518
519
520
519
520
516
524
519
516
519
517
517
514
516
516
513
516
515
512
516
515
515
514
515
513
512
518
513
510
516
507
510
510
507
507
505
508
509
504
513
507
506
510
509
510
508
512
514
508
517
509
512
512
511
512
509
512
511
509
514
511
514
512
516
517
512
520
513
516
516
512
517
512
517
513
510
514
513
512
512
518
516
514
518
519
518
516
521
520
516
521
519
517
514
517
516
512
518
513
514
514
514
516
514
520
512
516
517
511
514
513
514
513
509
515
513
513
513
518
518
514
522
516
515
517
515
518
516
517
516
512
518
515
518
516
520
519
518
522
519
521
521
517
520
517
520
519
515
519
518
520
517
522
521
518
523
519
523
522
521
521
518
523
518
521
521
523
524
522
525
524
525
522
531
522
524
522
524
522
521
524
521
522
519
524
524
521
524
522
523
518
529
522
520
521
518
520
517
523
520
517
521
519
520
515
522
521
517
521
519
518
516
521
520
517
521
519
519
518
521
519
518
521
516
520
518
521
518
517
521
518
519
519
521
520
519
522
521
521
520
525
523
521
525
523
521
521
525
520
521
521
521
520
520
525
521
522
522
528
524
524
525
528
528
524
529
527
526
526
533
526
531
527
536
528
527
527
531
530
530
533
533
534
533
538
536
534
532
540
530
536
531
538
534
533
535
533
535
539
539
547
553
551
561
568
572
566
572
572
573
576
576
570
576
575
577
568
579
568
566
565
563
562
554
560
558
563
556
563
562
566
570
580
591
595
601
610
611
605
611
614
607
624
627
631
662
677
685
710
714
703
732
713
681
690
677
658
685
706
702
774
804
766
799
760
743
737
731
717
753
756
751
813
792
759
784
759
748
728
716
699
710
715
725
738
801
834
849
866
828
816
821
814
833
842
832
852
869
856
862
844
831
835
872
859
876
848
829
773
747
719
703
710
723
732
830
858
820
841
810
781
822
811
810
839
808
818
863
833
834
890
890
864
908
921
939
937
921
953
908
894
865
861
863
858
907
884
868
840
808
796
798
800
792
787
798
792
796
784
815
868
889
926
941
956
920
909
909
925
943
937
916
905
887
896
948
914
906
928
904
895
935
929
931
928
904
904
890
881
881
866
872
880
851
825
788
790
774
755
759
773
775
793
779
778
773
772
785
781
783
808
813
819
839
825
827
813
810
816
823
839
833
832
826
829
821
832
826
831
858
868
865
862
838
823
863
984
957
934
913
881
863
860
858
872
862
864
889
937
953
914
897
864
855
800
767
787
731
723
732
772
883
1011
1026
988
940
878
856
816
822
936
1071
990
981
1025
1019
973
937
911
888
855
863
893
907
949
984
961
977
945
927
927
923
953
1031
998
1007
992
967
997
1013
979
984
974
1003
1015
979
979
930
939
937
916
931
979
965
963
971
903
886
889
893
918
920
937
944
910
895
861
870
849
830
843
851
853
861
836
815
805
790
803
781
791
794
785
810
827
828
844
858
851
854
859
857
855
862
835
834
823
838
855
868
870
838
850
860
831
834
830
810
831
850
881
865
883
904
882
896
909
909
883
873
860
844
867
923
906
896
887
864
847
844
831
808
805
797
798
802
846
891
940
1032
1042
973
951
961
967
990
1042
1021
1033
1008
965
970
999
1071
1134
1026
993
944
934
949
930
950
1002
979
990
967
957
933
933
941
930
948
972
955
951
944
934
952
980
972
994
959
964
1013
980
983
1004
979
1009
1079
1021
1021
1029
989
1003
1012
1007
1021
981
940
928
918
919
928
958
946
957
1035
1003
1027
1035
992
987
985
958
985
1053
1007
1034
1042
1005
993
983
958
947
940
932
954
1051
991
989
988
960
967
996
949
956
990
972
989
1007
958
967
1033
991
991
1010
979
990
1023
971
992
1055
982
989
1023
969
964
1009
979
1029
1073
1002
1010
1018
978
949
939
921
931
999
945
947
1013
952
929
905
897
880
887
884
887
904
918
926
1001
1010
1036
1080
1031
1009
1010
982
979
979
940
933
951
930
956
1026
981
1013
1033
995
988
1005
972
965
997
936
931
976
953
960
1015
1011
1033
1058
990
986
996
969
1015
1107
1039
1068
1069
997
992
1005
969
1001
1075
1031
1054
1077
1024
1020
1029
993
998
1017
978
980
991
952
947
989
956
958
924
944
959
965
1037
1035
980
980
968
938
938
973
977
977
1011
1108
1039
1032
1026
990
986
993
946
961
1000
955
973
1010
992
992
1001
977
978
1016
963
982
1071
1037
1110
1139
1055
1056
1033
988
986
942
961