973
915
969
1126
1202
1204
1136
1081
1193
1161
1101
939
873
866
1008
1431
1425
1327
1271
1225
1121
1009
922
872
879
958
1112
1280
1303
1292
1228
1174
1110
1079
1126
995
988
997
1141
1284
1329
1304
1246
1174
1080
1060
1014
969
1013
1157
1223
1298
1310
1268
1171
1054
986
926
898
919
1109
1287
1317
1309
1285
1229
1147
1079
1043
943
883
855
845
900
1371
1343
1311
1220
1125
993
938
886
852
893
1007
1231
1309
1273
1240
1212
1134
1086
1049
983
890
849
822
840
1010
1369
1375
1321
1254
1177
1094
1037
956
871
832
841
989
1354
1301
1265
1242
1159
1109
1018
931
875
866
903
1273
1351
1315
1277
1221
1126
1075
1015
931
874
856
870
1148
1361
1358
1263
1164
1039
1060
1021
944
909
915
928
1124
1319
1283
1237
1177
1133
1085
1006
930
894
884
1033
1243
1313
1259
1197
1135
1078