1170
1194
1223
1217
1182
1212
1150
1095
1096
1168
1053
1019
1052
1525
1409
1256
1335
1453
1465
1453
1364
1352
1350
1296
1115
1104
1205
1287
1140
1173
1287
1283
1178
1133
1214
1305
1246
1190
1329
1257
1141
1193
1536
1498
1424
1347
1276
1225
1275
1271
1266
1385
1412
1369
1270
1345
1372
1426
1443
1415
1258
1318
1364
1292
1287
1374
1349
1257
1316
1399
1366
1427
1448
1335
1368
1361
1227
1244
1438
1438
1324
1377
1347
1330
1446
1367
1270
1350
1420
1372
1399
1405
1271
1266
1375
1393
1250
1310
1437
1358
1314
1411
1350
1215
1336
1407
1424
1448
1455
1424
1332
1396
1405
1329
1202
1359
1453
1362
1337
1435
1299
1168
1271
1385
1312
1229
1419
1401
1343
1469
1384
1206
1356
1391
1312
1289
1472
1424