1159
1418
1200
1079
1443
1445
1443
1388
1391
1409
1410
1395
1452
1476
1541
1453
1533
1445
1516
1361
1493
1543
1531
1531
1527
1460
1437
1491
1531
1446
1460
1483
1436
1355
1383
1482
1465
1479
1494
1461
1496
1463
1384
1414
1325
1375
1460
1459
1405
1449
1407
1350
1430
1424
1339
1433
1453
1447
1462
1456
1470
1471
1448
1290
1439
1466
1463
1475
1486
1471
1470
1456
1436
1389
1443
1403
1440
1438
1421
1431
1426
1432
1428
1362
1293
1405
1415
1409
1353
1409
1396
1369
1413
1391
1307
1340
1308
1160
1344
1363
1303
1277
1321
1311
1255
1328
1361
1281
1370
1375
1352
1297
1380
1377
1307
1376
1375
1278
1283
1366
1335
1127
1329
1358
1358
1307
1283
1290
1361