991
1104
1179
1117
1136
1112
1078
1092
1137
1090
1212
1051
1043
1048
1061
1137
1298
1210
1203
1248
1130
1131
1211
1115
1146
1193
1148
1200
1296
1134
1158
1166
1118
1126
1085
1087
1114
1101
1139
1173
1110
1094
1129
1069
1116
1162
1089
1111
1125
1090
1122
1114
1100
1131
1105
1069
1111
1103
1138
1234
1136
1105
1108
1050
1054
1063
1012
1095
1146
1069
1121
1100
1074
1092
1072
1070
1071
1026
1053
1142
1159
1188
1255
1147
1137
1063
1063
1064
1015
1032
971
924
932
1017
1041
1037
1052
1115
1129
1109
1046
1023
1018
1020
1073
1176
1179
1301
1149
1191
1200
1123
1196
1093
1129
1273
1185
1215
1200
1107
1155
1113
1160
1256
1236
1352
1187
1184
1211
1116
1142
1225
1165
1222
1243
1202
1151
1133
1104
1142
1118
1115
1156
1105
1100
1126
1111
1145
1263
1205
1188
1135
1099
1101
1101
1055
1084
1145
1070
1126
1184
1109
1142
1196
1115
1146
1141
1088
1097
1099
1074
1119
1106
1087
1096
1045
1022
1041
1058
1049
1099
1159
1135
1133
1040
1074
1078
1060
1086
1046
1050
1074
980
1001
1008
967
1001
1015
988
1040
1101
1072
1104
1093
1062
1064
1056
1027
1039
1102
1038
1167
1267
1157
1212
1116
1106
1158
1074
1090
1145
1077
1148
1187
1098
1117
1120
1044
1077
1089
1023
1121
1319
1250
1301
1184
1190
1192
1081
1085
1149
1129
1132
1181
1136
1193
1283
1111
1144
1110
1112
1203
1088
1170
1195
1103
1115
1075
1084
1124
1138
1114
1225
1218
1123
1168
1143
1063
1073
1163
1082
1146
1175
1066
1109
1207
1103
1155
1201
1138
1172
1098
1096
1153
1113
1104
1185
1120
1131
1217
1144
1137
1208
1131
1090
1127