1021
964
922
874
828
976
1278
1239
1141
1041
947
840
754
767
802
870
1166
2371
1245
1235
1176
1096
933
874
838
834
852
954
1111
1230
1309
1250
1188
1010
880
824
762
786
878
2194
1127
1132
1075
1020
977
887
813
750
735
737
777
858
1115
1146
1242
1223
1116
1014
896
829
758
763
766
854
1034
1095
1175
1176
1122
1045
951
852
798
748
733
768
869
1225
1229
1205
1175
1111
1020
914
823
761
739
751
859
1185
1215
1271
1254
1163
1100
943
857
798
753
765
870
1075
1195
1224
1221
1157
1054
965
860
812
784
753
824
845
954
1083
1106
1110
1058
989
916
841
792
760
748
753
819
979
1084
1308
1278
1197
1085
970
862
812
737
756
816
970
1136
1247
1233
1096
1005
914
833
781
738
717
762
794
936
1158
1249
1142
1072
998
945
852
799
765
724
756
777
829
952
1229
1160
1125
1063
965
857
806
767
729
790
832
1042
1182
1226
1163
1073
1022
913
836
791
750
763
774
844
979
1100
1199
1194
1049
1008
920
841
801
769
771
801
862
952
1038
1133
1082
1036
1015
938
855
802
774
771
812
911
1075
1211
1215
1148
1093
1016
923
840
797
739
780
810
1014
1249
1252
1166
1069
1019
938
855
781
751
751
789
925
1361
1340
1175
1116
1077
946
867
760
762
755
796
910
1238
1198
1153
1073
1003
958
873
787
752
740
728
794
875
1156
1342
1229
1129
1037
964
910
814
753
744
733
778
877
1192
1300
1274
1159
1040
971
888
820
763
745
723
770
860
1270
1261
1218
1114
1046
961
865
812
751
753
812
889
1107
1226
1235
1165