1296
1260
1322
1314
1314
1373
1308
1163
1188
1167
1203
1300
1328
1268
1257
1299
1254
1212
1323
1390
1310
1255
1337
1310
1233
1310
1294
1221
1305
1418
1360
1272
1258
1354
1393
1352
1277
1324
1381
1283
1237
1385
1422
1302
1317
1514
1451
1358
1435
1440
1423
1309
1398
1362
1336
1294
1416
1446
1323
1307
1351
1375
1300
1364
1465
1368
1245
1303
1478
1387
1252
1260
1286
1244
1229
1366
1314
1222
1292
1279
1187
1161
1209
1345
1325
1288
1362
1371
1331
1309
1318
1271
1380
1370
1281
1286
1424
1393
1313
1376
1350
1290
1339
1410
1337
1255
1377
1355
1259
1263
1393
1357
1271
1322
1399
1296
1241
1311
1351
1233
1207
1369
1394
1292
1315
1326
1280
1169
1192
1284
1358
1274
1307
1320
1284
1199
1239
1311
1313
1244