969
1058
1103
1107
1059
1025
1073
1115
1078
1063
1050
1017
1026
1028
961
972
953
945
919
909
922
1017
1089
1063
1007
1104
1160
1173
1143
1077
1095
1216
1205
1161
1110
1150
1188
1211
1158
1120
1161
1184
1118
1108
1172
1195
1119
1073
1141
1176
1145
1101
1144
1121
1068
1029
1075
1180
1147
1090
1115
1140
1145
1087
1103
1067
1038
1002
1053
1118
1131
1046
1031
1024
1084
1046
1048
1113
1190
1157
1089
1060
1072
1123
1139
1109
1112
1098
1031
1000
1032
1079
1076
1027
1100
1179
1137
1109
1126
1095
1066
1039
1049
1042
1045
1045
1021
1095
1073
1073
987
977
970
1002
993
971
986
1017
1016
990
945
974
1009
1022
1000
999
990
992
968
959
978
1004
1009
1002
1023
1089
1035
988
989
1000
1022
1010
958
968
991
1047
1043
1030
1037
1066
1075
1044
1076
1130
1065
1012
969
987
1069
1170
1176
1126
1086
1130
1115
1079
1044
1088