927
960
944
824
2840
971
906
917
943
952
916
969
1093
1101
973
1051
1099
1003
918
970
1395
1380
1295
1268
1320
1279
1147
1067
1399
1351
1194
1377
1302
1313
1366
1301
1186
1378
1403
1266
1229
1371
1377
1331
1276
1314
1274
1172
1187
1301
1186
1383
1273
1116
1215
1293
1255
1196
1267
1227
1168
1133
1276
1319
1271
1270
1310
1238
1168
1342
1292
1261
1372
1279
1272
1307
1276
1188
1300
1300
1314
1374
1262
1104
1155
1314
1251
1266
1318
1185
1101
1263
1341
1231
1240
1290
1242
1091
1209
1371
1352
1248
1263
1297
1285
1223
1258
1214
1153
1138
1224
1141
1097
1280
1314
1225
1282
1184
1122
1148
1274
1268
1224
1290
1208
1119
1127
1157
1194
1114
1155
1227
1198
1116
1145
1163
1073
1070
1146
1255
1178
1195
1212
1179
1078
1177
1293
1312