1198
1166
1143
1066
997
981
1092
1243
1242
1160
1313
1335
1343
1293
1266
1238
1154
1197
1305
1301
1213
1306
1333
1341
1357
1367
1361
1362
1359
1347
1187
1218
1304
1311
1184
1118
1226
1259
1215
1290
1316
1303
1328
1283
1242
1125
1219
1297
1307
1259
1278
1282
1201
1229
1289
1204
1075
1125
1265
1275
1296
1297
1297
1232
1286
1257
1204
1126
1164
1269
1285
1295
1309
1300
1302
1252
1242
1122
1104
1258
1271
1257
1230
1260
1166
1079
1206
1225
1176
1112
1188
1265
1213
1278
1289
1229
1083
1147
1259
1271
1289
1296
1277
1152
1168
1172
1125
1185
1271
1279
1269
1291
1277
1176
1154
1210
1207
1099
1058
1089
1163
1106
1083
1243
1266
1171
1165
1209
1234
1159
1246
1239
1179
1108
1125
1153
1149
1225
1297
1287
1248
1253
1296
1288
1231
1289
1291
1233