1139
1181
1135
1104
1101
1164
1151
1083
1027
1043
1048
1065
1023
997
995
1011
1074
1089
1087
1059
1098
1144
1224
1180
1119
1149
1232
1238
1137
1131
1168
1236
1130
1119
1217
1247
1129
1102
1158
1185
1146
1113
1150
1162
1188
1123
1104
1143
1139
1075
1065
1094
1125
1128
1129
1181
1266
1208
1077
1052
1057
1071
1049
1048
1059
1077
1103
1096
1006
1022
1028
968
942
976
1041
1059
1030
1013
989
1001
1037
1087
1086
1074
1025
1017
966
954
956
979
1068
1126
1098
1059
1017
1024
1076
1237
1311
1219
1181
1116
1080
1016
1027
1047
1123
1211
1169
1104
1080
1105
1126
1145
1104
1105
1164
1232
1199
1133
1093
1142
1161
1136
1077
1112
1321
1308
1175
1199
1295
1288
1195
1162
1143
1163
1185
1175
1186
1109
1061
982
979
1064
1069
1034
1071
1128
1172
1080
1045
1048
1042
1025
1040
1042
1098
1154
1069
1050
1059
1104
1102
1083