938
967
968
952
984
991
997
966
1000
982
982
945
972
1059
1027
1045
1160
1206
1177
1155
1147
1126
1069
1079
1117
1092
1086
1080
1092
1073
1150
1150
1123
1158
1116
1025
1068
1087
1095
1121
1146
1093
1123
1153
1214
1132
1099
1100
1078
1032
1099
1176
1118
1053
1035
1022
1008
1067
1081
1036
1035
1057
1022
1015
1026
1000
1016
1098
1098
1101
1159
1107
1059
1045
1025
979
1021
1051
1016
1060
1157
1069
1062
1081
1043
1019
1039
1022
1009
1017
1043
996
979
1026
1059
1076
1058
1075
1083
1056
1085
1071
1017
1032
1058
1080
1033
1089
1089
1055
1089
1074
1036
1054
990
947
951
924
918
964
1002
1031
1033
1057
1053
995
1021
1036
980
964
973
1010
990
963
1042
1116
1104
1163
1186
1106
1083
1031
1047
1033
1006
1110
1172
1085
1187
1139
1050
1081
1109
1055
1079
1100
1089
1069
1177
1120
1034
1005
1019
1013
1002
1088
1142
1036
1024
1027
1002