1095
1188
1380
1321
1143
1229
1338
1282
1189
1215
1241
1167
1092
1160
1182
1066
1117
1175
1085
1098
1139
1082
1068
1196
1222
1079
1133
1129
1048
1009
1074
1238
1192
1165
1104
1113
1196
1133
1091
1133
1155
1177
1139
1037
1052
1271
1350
1217
1124
1235
1277
1134
1126
1305
1339
1206
1137
1268
1389
1284
1134
1191
1304
1331
1197
1200
1269
1269
1162
1228
1226
1157
1180
1273
1296
1157
1226
1277
1238
1140
1193
1284
1206
1168
1285
1306
1148
1168
1290
1202
1153
1101
1195
1243
1151
1120
1183
1344
1321
1178
1213
1377
1242
1213
1263
1168
1138
1288
1282
1188
1367
1289
1241
1201
1098
1134
1280
1243
1141
1274
1240
1144
1122
1213
1206
1089
1088
1310
1260
1152
1131
1206
1190
1120
1125
1234
1259
1192
1192
1310
1225
1160
1248
1222
1128
1255
1342
1156
1169
1232
1156
1219