1022
967
902
891
951
929
904
914
962
1001
999
999
990
1009
1049
1081
1024
1087
1195
1257
1182
1186
1255
1204
1158
1141
1228
1261
1192
1149
1237
1174
1069
1147
1325
1361
1296
1179
1142
1107
1138
1101
1104
1140
1138
1114
1169
1197
1185
1145
1305
1372
1361
1237
1225
1263
1170
1210
1307
1319
1213
1198
1233
1199
1177
1172
1286
1336
1275
1244
1221
1145
1141
1191
1213
1118
1114
1195
1250
1151
1086
1150
1178
1132
1051
1077
1178
1234
1193
1168
1187
1258
1234
1197
1218
1199
1206
1203
1271
1274
1159
1119
1163
1287
1243
1206
1320
1281
1194
1116
1153
1178
1169
1175
1239
1281
1231
1185
1165
1284
1268
1211
1174
1213
1211
1143
1106
1181
1311
1218
1220
1231
1225
1157
1184
1215
1172
1188
1219
1181
1104
1137
1157
1118
1074
1086
1149
1220
1101
1095
1142
1157
1100
1091
1154