1205
1359
1402
1409
1369
1202
1370
1396
1352
1185
1227
1362
1414
1429
1439
1464
1443
1440
1431
1424
1451
1477
1472
1460
1369
1191
1205
1321
1380
1323
1395
1318
1231
1349
1276
1156
1251
1313
1262
1119
1162
1342
1342
1227
1183
1231
1188
1117
1167
1234
1199
1164
1200
1196
1114
1146
1180
1122
1074
1129
1208
1176
1095
1118
1135
1057
1053
1076
1229
1146
1153
1195
1184
1107
1093
1175
1212
1207
1111
1164
1215
1260
1174
1192
1275
1260
1210
1226
1227
1126
1119
1288
1414
1283
1227
1305
1221
1228
1226
1394
1237
1147
1253
1336
1200
1125
1250
1424
1435
1264
1370
1441
1373
1285
1404
1451
1349
1195
1264
1421
1462
1457
1395
1325
1178
1178
1312
1435
1450
1450
1433
1493
1438
1258
1243
1378
1430
1393
1341
1425
1378
1334