748
750
740
748
748
742
757
770
793
837
847
870
873
861
864
806
802
783
756
760
745
743
746
729
757
771
790
810
808
830
824
847
847
859
869
884
903
911
885
880
823
835
808
777
778
749
756
728
720
739
735
766
828
875
888
875
864
860
859
875
883
905
922
958
1001
961
963
918
909
919
877
886
910
918
941
909
900
884
874
866
866
894
935
924
939
1001
952
963
982
950
970
991
967
994
1021
999
981
934
907
886
877
887
887
913
915
913
920
913
904
902
887
871
889
870
866
876
866
861
872
871
876
899
879
889
901
874
879
891
930
924
929
926
907
897
895
873
882
851
852
868
871
878
878
851
852
851
825
835
848
834
854
874
860
877
896
907
904
904
886
873
872
840
853
879
850
860
887
877
918
938
912
898
895
864
854
854
827
831
843
840
852
861
846
841
837
829
825
837
822
830
837
825
842
872
854
859
873
864
858
870
861
863
874
874
878
900
879
862
882
903
896
863
841
814
802
788
781
773
768
758
748
755
764
795
854
886
891
894
911
886
876
879
857
874
938
954
965
971
930
918
895
878
861
862
880
854
868
878
861
864
859
843
831
819
818
811
831
883
919
915
913
878
864
861
836
838
827
802
810
810
820
837
872
890
893
907
902
902
892
876
846
838
851
885
879
896
894
871
867
863
824
828
815
797
820
818
836
830
837
842
824
830
839
839
836
826
825
816
826
831
822
833
832
838
836
829
837
828
842
861
847
854
854
862
860
856
863
846
843
840
824
835
842
834
844
846
834
839
836
824
813
816
808
811
820
815
822
815
820
802
805
809
815
818
821
839
842
853
876
886
902
912
886
881
867
839
856
876
887
837
848
829
804
817
804
792
794
798
783
793
800
804
814
813
828
820
827
825
817
819
813
806
820
824
848
855
871
896
879
878
883
850
860
864
848
858
854
858
843
852
866
850
864
875
877
876
882
899
861
861
858
837
855
873
878
896
901
890
868
860
868
848
859
871
860
883
887
870
876
875
856
859
853
846
861
865
859
867
868
873
864
872
867
829
833
830
839
845
856
875
860
861
869
852
854
853
840
828
822
825
811
826
839
848
858
860
849
820
813
797
778
781
768
753
746
756
764
775
774
792
797
800
794
793
782
774
766
766
769
778
789
834
892
895
910
911
903
900
867
868
855
830
846
855
870
849
860
860
849
864
868
870
882
885
875
880
867
834
840
839
855
863
890
906
886
885
887
864
866
871
855
885
902
892
905
912
876
885
892
886
896
893
888
858
868
860
871
868
893
935
943
957
953
911
902
888
887
869
867
862
881
859
877
903
879
896
900
843
811
815
787
766
754
738
726
714
703
693
688
702
732
773
831
837
851
847
845
840
813
802
799
798
804
815
821
826
842
824
832
824
823
806
796
794
795
816
825
823
841
849
855
834
833
820
812
794
784
766
769
763
771
769
772
768
760
750
727
722
738
730
719
719
720
726
731
743
750
756
766
780
795
814
850
875
875
860
848
845
839
847
821
833
842
823
827
800
815
814
803
817
812
801
817
814
830
820
840
856
862
871
879
876
866
854
848
839
836
828
814
804
804
804
788
806
813
811
827
838
845
844
835
833
826
799
802
797
788
807
807
824
837
855
873
864
855
838
824
799
806
806
815
822
842
863
873
874
859
826
791
787
773
763
773
779
804
810
831
842
846
853
840
816
819
808
797
796
797
806
803
813
826
851
878
902
913
899
903
910
919
888
899
882
867
825
813
801
772
798
809
835
920
1095
1059
1056
1018
930
904
877
849
844
835
850
843
862
854
846
822
813
798
789
787
777
775
778
771
763
754
746
738
740
742
745
748
745
742
736
736
749
784
851
904
934
917
876
859
834
843
849
839
870
891
909
948
928
920
904
854
837
819
821
826
854
882
876
912
946
1006
997
962
966
950
938
880
879
868
842
873
896
866
866
848
804
820
791
772
780
744
766
779
793
791
825
841
861
893
896
887
872
856
837
811
794
790
775
792
808
850
938
911
944
928
893
897
893
854
859
856
851
862
866
841
841
822
796
779
780
766
761
770
775
780
817
858
928
946
960
967
948
926
960
1031
1004
1043
1030
1021
1007
1021
973
988
992
938
940
938
914
918
959
952
899
896
851
848
818
803
815
836
896
949
1047
994
1007
1012
957
964
950
918
942
949
905
951
1000
983
1031
1033
970
932
934
940
897
914
944
956
931
975
976
903
931
948
940
948
963
934
941
959
960
924
966
1019
969
983
993
995
982
979
949
951
951
915
910
884
844
865
861
858
900
954
969
1001
977
923
912
880
858
851
859
884
903
965
979
925
931
925
882
922
907
916
994
1044
983
956
937
881
883
883
899
902
953
953
913
948
938
898
918
916
883
927
939
918
894
932
988
940
984
995
961
911
936
966
928
952
965
959
933
960
970
916
951
935
884
917
928
879
899
854
846
849
847
857
866
850
871
879
881
866
845
858
869
852
886
924
932
971
1012
969
1007
1020
940
969
965
957
906
1002
992
1053
1067
1013
1022
1019
1014
985
1011
1006
973
989
975
976
1008
1000
981
987
979
903
896
881
846
881
912
902
952
1007
1030
1000
981
916
888
880
872
844
863
848
834
861
904
879
920
920
871
873
818
838
813
817
871
996
1041
1044
1015
992
966
998
1002
942
888
878
873
875
855
862
861
866
851
804
843
806
784
765
748
741
763
832
950
1043
1073
1069
1027
1003
963
950
938
957
976
977
950
925
892
838
842
828
847
863
860
850
818
837
801
809
795
778
797
804
811
822
838
862
862
894
896
861
884
890
857
889
895
872
917
902
875
896
882
894
909
875
908
920
904
901
926
950
888
890
836
826
819
808
812
853
888
942
999
944
984
990
929
938
896
842
836
810
795
783
772
756
742
763
760
792
871
874
884
948
997
986
967
942
912
866
855
849
856
832
861
863
837
842
822
814
805
791
770
748
737
721
725
719
692
705
698
698
715
762
910
932
1021
992
1064
1036
1063
988
961
935
921
918
921
925
949
961
964
984
964
949
957
966
985
1001
964
937
917
872
873
877
876
896
903
887
872
843
833
850
845
813
843
828
809
830
841
848
876
895
883
886
888
887
862
838
794
803
783
765
789
805
864
902
989
1062
1009
990
976
926
910
879
859
855
857
810
805
803
816
831
867
871
871
864
840
812
813
784
760
754
784
867
960
1003
1016
1041
1040
977
954
960
965
988
1018
990
946
904
859
844
840
822
827
814
828
839
844
847
859
869
850
854
862
864
861
868
888
904
919
935
952
950
937
946
915
872
852
823
798
803
795
793
810
831
873
899
923
926
919
908
877
865
854
841
822
818
818
823
852
867
868
870
871
850
829
795
790
775
770
779
788
820
854
871
889
872
853
843
827
805
784
770
752
744
747
747
743
736
751
772
818
825
854
852
867
863
852
849
832
852
872
902
981
1095
997
997
967
928
917
921
896
908
935
969
964
979
995
979
1010
1008
1010
977
943
935
904
858
825
810
791
779
792
774
786
815
845
860
902
937
911
914
908
896
873
866
857
844
813
792
779
750
781
813
943
979
1034
1010
1033
1052
999
979
989
971
953
938
937
915
913
892
890
884
899
928
866
851
822
813
815
831
847
907
992
951
965
978
940
916
914
905
916
938
938
924
920
902
863
823
809
796
792
790
804
823
832
853
869
855
844
812
796
795
772
759
750
735
737
728
726
723
758
765
769
773
773
770
761
787
804
850
926
961
977
968
1025
1021
1035
1047
1044
996
937
877
868
857
848
864
880
848
876
881
861
872
887
915
894
931
966
921
923
916
932
905
921
894
860
847
826
805
816
830
883
908
1015
995
990
987
953
957
942
906
901
892
862
878
859
833
852
871
860
878
904
940
927
923
890
863
831
805
781
772
774
872
1002
879
887
877
852
819
815
797
807
828
842
923
985
967
993
968
911
906
904
878
915
947
924
1028
1097
1025
1026
1015
976
963
965
962
890
885
860
809
813
806
805
813
855
882
973
1062
974
979
900
876
851
824
789
801
780
761
748
744
786
1009
1170
1169
1107
1062
1038
1000
963
957
972
994
991
956
871
847
820
803
800
829
874
857
902
956
957
924
947
901
925
920
885
921
950
923
955
957
939
1006
992
929
922
923
875
884
886
892
890
894
876
885
888
867
877
867
835
819
809
785
786
759
739
725
712
689
702
711
717
729
751
806
842
879
870
875
844
838
833
829
808
794
781
778
786
782
811
840
865
925
995
999
1049
992
963
953
903
903
906
875
901
910
889
912
943
913
916
913
899
911
910
909
909
935
927
918
875
867
855
827
843
845
828
827
821
800
793
799
807
817
868
876
880
888
889
885
891
908
918
950
981
967
1012
969
940
944
926
911
923
917
921
953
903
866
883
891
870
871
844
854
868
903
891
930
934
916
906
876
889
895
887
925
918
865
866
836
863
891
935
978
1037
1105
1090
1103
1076
1051
1033
974
936
922
950
948
969
1021
1004
933
963
923
942
990
994
956
958
892
864
843
803
825
842
859
936
1060
1041
1097
1053
1033
1027
1028
1020
1014
1030
998
1000
1071
1027
1078
1029
935
927
924
895
904
894
872
891
903
902
939
984
961
963
976
980
979
932
889
896
936
985
898
881
849
814
826
828
826
853
895
963
958
933
933
893
890
877
848
856
850
839
855
870
877
893
913
939
968
998
1016
954
889
891
896
896
918
944
955
959
964
916
935
935
916
938
940
888
864
851
876
934
1039
1203
1171
1173
1135
1099
1057
1041
1044
1001
957
999
1029
1043
955
996
1031
975
964
920
878
900
926
956
1051
1128
1021
1027
1013
990
925
921
932
930
900
856
842
813
807
817
823
805
822
817
827
842
841
841
839
817
798
795
787
782
790
791
794
804
818
839
848
847
854
854
848
848
858
854
814
820
805
785
786
789
799
805
820
822
832
838
835
843
829
292
528
817
811
796
793
780
795
807
831
953
1073
1036
1048
1046
984
958
952
901
901
909
919
932
937
916
944
982
966
916
938
965
917
881
854
848
847
829
841
848
854
857
862
847
853
862
868
844
863
889
864
896
913
877
889
924
942
955
945
961
966
960
896
880
863
834
848
887
928
915
896
872
850
849
863
862
884
919
962
965
964
968
935
938
931
892
895
896
880
924
978
979
966
964
942
919
891
900
920
918
961
995
953
972
995
978
976
982
937
907
896
861
872
879
897
948
999
951
958
917
863
851
840
842
844
883
933
920
938
925
928
898
881
866
848
854
836
815
813
798
800
834
870
914
896
904
907
892
897
896
882
871
837
804
788
778
784
801
814
799
808
843
873
875
866
853
840
825
812
799
800
801
790
792
775
775
773
764
760
752
740
726
707
718
721
729
752
793
852
921
954
971
938
990
1054
1046
946
963
998
915
942
965
922
973
976
923
936
954
904
940
973
980
979
1021
958
891
890
899
977
915
962
982
937
967
971
910
940
944
932
931
931
951
917
983
1026
989
1020
968
886
873
849
800
803
787
778
787
794
828
867
859
909
953
903
915
909
866
864
855
844
828
854
866
872
923
971
1013
1063
1059
1065
951
917
895
861
857
863
875
866
923
948
907
952
1005
1020
995
1038
1096
1044
1107
1133
1009
935
893
833
838
822
795
800
785
803
806
813
819
810
804
793
798
802
814
831
837
851
863
870
909
923
938
950
989
967
972
993
1042
938
957
960
962
908
966
1068
1003
979
1013
1001
986
1007
1035
959
976
996
994
1070
979
907
905
885
873
899
924
891
919
974
932
951
945
907
906
878
857
839
833
821
831
808
858
865
940
1011
954
930
938
931
913
907
925
950
954
1009
1010
978
984
949
943
968
990
998
996
992
1009
951
973
977
933
931
893
844
839
828
834
862
880
950
912
904
884
839
844
834
813
833
861
894
971
1043
1073
1090
1098
997
952
911
857
843
833
861
908
933
964
889
883
858
831
834
822
806
782
776
771
762
773
797
817
908
984
1004
1060
1050
976
1015
1001
921
915
901
890
936
938
931
989
1003
1007
971
962
916
935
995
1003
1074
1122
1077
1033
1019
1009
916
929
1001
1056
1076
1216
1124
1080
1102
987
1003
976
899
948
959
912
984
1045
946
968
964
924
941
908
905
950
1024
992
1021
1008
983
1027
1013
954
991
991
972
1006
1032
978
979
957
943
999
1037
961
967
952
902
862
863
852
830
854
857
852
885
902
871
884
884
882
846
860
869
873
841
872
900
889
957
998
960
1055
1152
1049
1066
1019
920
923
918
911
922
948
952
907
934
936
914
852
663
857
805
770
748
735
736
740
752
780
855
969
981
1016
1005
979
955
951
954
953
996
1078
1003
1053
1035
1032
1054
941
915
872
908
979
988
1124
1119
1086
1094
1034
930
894
875
829
821
822
850
926
1010
1004
1060
1054
1022
993
989
945
938
968
930
871
870
872
842
875
908
912
932
952
921
962
1000
950
956
979
966
1000
1009
987
990
958
924
906
901
899
951
1063
1032
1035
1038
969
976
974
960
988
1031
978
1015
1056
1046
1057
1030
974
900
879
892
892
954
1018
1072
988
963
911
909
934
960
909
905
888
848
857
865
859
892
899
848
828
808
771
788
798
836
1020
1105
1108
1111
1041
1054
943
926
891
869
875
880
872
881
908
957
900
881
868
844
841
818
830
832
815
830
838
839
827
839
839
835
870
914
899
931
941
936
983
1080
1035
1089
1051
1030
1000
932
881
872
875
875
891
897
881
915
922
905
926
905
884
885
874
865
884
923
1016
991
1058
1057
1036
1085
1075
948
904
898
890
900
945
1011
1005
1046
929
912
887
847
841
839
820
820
830
852
850
865
852
869
897
915
954
960
990
1004
953
1011
1075
1021
1029
915
916
916
926
886
876
849
851
852
840
854
919
1060
1001
1046
1054
1045
1073
1076
1064
1065
1056
1072
1024
981
982
998
911
894
908
929
947
977
1036
985
967
1016
1051
999
1003
984
961
1001
1036
975
955
947
937
984
1079
1074
1252
1164
985
967
910
890
819
786
821
801
792
783
782
773
750
743
734
735
729
729
744
754
763
779
823
848
874