968
1092
1109
1047
1026
1019
1076
1079
1066
1089
1062
1038
1092
1122
1064
982
988
1082
1401
1293
1160
1209
1226
1139
1113
1165
1230
1212
1254
1251
1168
1176
1226
1149
1093
1197
1268
1126
1167
1223
1151
1102
1185
1233
1151
1168
1174
1143
1117
1216
1208
1228
1226
1178
1147
1076
1049
1146
1315
1184
1066
1119
1175
1159
1064
1084
1158
1157
1059
1063
1187
1233
1222
1145
1160
1213
1229
1116
1001
1035
1188
1218
1050
401
754
1140
1257
1116
1015
1004
1089
1199
1159
1070
1104
1146
1121
1045
1065
1123
1111
1111
1198
1171
1090
1049
1127
1156
1124
1027
1075
1139
1075
1058
1141
1131
1091
1160
1200
1133
1121
1122
1119
1080
1036
1091
1147
1160
1058
1036
1083
1118
1089
1113
1150
1168
1085
1096
1150
1136
1066
1112
1344
1304
1214
1172
1111
1067
1094
1124
1075
1131
1246
1218
1103
1131
1152
1128
1078
1068