1025
1018
1002
983
1022
1063
1119
1103
1063
1057
1152
1343
1326
1304
1229
1173
1261
1348
1315
1301
1193
1307
1413
1299
1222
1193
1253
1205
1109
1203
1347
1343
1259
1229
1319
1291
1287
1249
1247
1329
1249
1184
1141
1211
1334
1225
1171
1195
1191
1126
1127
1188
1270
1232
1162
1124
1179
1169
1163
1092
1120
1213
1228
1207
1205
1337
1324
1277
1106
1114
1209
1326
1292
1178
1171
1258
1286
1215
1140
1131
1226
1278
1201
1125
1150
1160
1148
1106
1140
1244
1266
1176
1117
1196
1229
1155
1080
1124
1220
1257
1125