1112
1105
1157
1174
1107
1087
1269
1336
1248
1031
976
1065
1152
1089
1001
1118
1398
1360
1308
1234
1158
1216
1320
1259
1123
1086
1065
1184
1356
1317
1200
1144
1305
1310
1302
1180
1191
1291
1319
1241
1184
1242
1429
1280
1116
1173
1341
1346
1305
1172
1171
1314
1300
1239
1165
1215
1221
1161
1159
1221
1266
1164
1171
1233
1196
1133
1177
1303
1334
1186
1199
1236
1162
1118
1148
1203
1229
1167
1252
1271
1227
1192
1229
1284
1200
1189
1265
1254
1135
1176
1268
1246
1170
1260
1238
1136
1161
1254
1257
1175
1151
1203
1209
1081
1038
1063
1067
1043
1072
1114
1064
1059
1110
1118
1139
1093
1070
1155
1172
1271
1131
1057
1186
1151
1102
1034
1100
1270
1313
1144
1130
1074
1027
1002
1079
1329
1337
1244
1218
1222
1223
1117
1079
1131
1250
1175
1145
1221
1267
1191
1175
1259
1207