1136
1117
1221
1184
1124
1096
1119
1142
1115
1046
1124
1146
1117
1072
1073
1132
1167
1104
1083
1128
1169
1151
1089
1129
1188
1199
1154
1117
1153
1132
1095
1074
1148
1168
1121
1124
1166
1149
1105
1109
1202
1214
1167
1095
1152
1178
1154
1094
1063
1078
1133
1147
1124
1099
1157
1276
1255
1129
1135
1167
1135
1113
1120
1220
1204
1144
1098
1149
1243
1209
1148
1153
1146
1090
1080
1123
1183
1135
1057
1084
1137
1151
1107
1133
1126
1092
1068
1094
1091
1060
1043
1071
1113
1128
1091
1099
1165
1183
1102
1095
1130
1115
1081
1101
1168
1170
1134