1455
1251
1320
1468
1429
1304
1268
1154
1327
1430
1410
1355
1362
1407
1352
1283
1481
1514
1411
1487
1558
1506
1386
1313
1502
1557
1415
1296
1441
1517
1482
1371
1546
1545
1412
1291
1477
1575
1520
1508
1550
1411
1399
1553
1529
1420
1318
1484
1543
1396
1337
1495
1480
1349
1367
1388
1266
1432
1536
1524
1295
1397
1519
1479
1503
1330
1243
1187
1481
1428
1297
1211
1264
1229
1509
1563
1444
1360
1332
1488
1524
1495
1521
1508
1475
1563
1564
1516
1486
1537
1379
1310
1516
1550
1385
1377
1569
1493
1453
1496
1408
1364
1497
1403
1334
1453
1527
1467
1548
1518
1419
1510
1518
1463
1461
1379
1340
1540
1487
1345
1382
1487
1413
1237
1351
1525
1516
1415