1034
1073
1036
1052
1104
1134
1055
1033
1081
1116
1101
1110
1090
1000
1097
1340
1351
1279
1175
1209
1307
1237
1207
1262
1201
1116
1095
1172
1188
1086
1104
1153
1130
1048
1065
1089
1106
1085
1006
1060
1162
1235
1162
1172
1257
1204
1143
1202
1163
1099
1071
1089
1082
1120
1282
1197
1081
1110
1178
1099
1127
1208
1244
1088
1095
1036
1029
1078
1137
1254
1136
1148
1181
1135
1221
1319
1262
1148
1206
1244
1170
1210
1304
1115
1111
1195
1291
1148
1166
1163
1093
1098
1124
1136
1094
1096
1132
1123
1097
1121
1145
1117
1072
1162
1229
1143
1104
1123
1146
1113
1092
1171
1249
1192
1142
1146
1158
1177
1203
1245
1229
1179
1200
1160
1119
1279
1318
1246
1200
1289
1299
1206
1109
1213
1227
1147
1127
1157
1128
1083
1142
1151
1110
1191
1192
1073
1023
1033
1104
1065
1027
1060
1104
1074
1079
1174
1244
1217
1203