1011
1046
1078
1051
1045
993
969
1045
1395
1378
1331
1396
1303
1318
1436
1333
1164
1522
1491
1446
1498
1315
1320
1444
1442
1527
1393
1228
1422
1485
1410
1381
1498
1381
1425
1442
1266
1433
1481
1358
1401
2755
1479
1393
1401
1577
1461
1452
1421
1343
1366
1566
1483
1530
1580
1481
1447
1513
1479
1433
1473
1437
2560
1475
1354
1412
1349
1521
1440
2622
1397
1442
1404
1473
1473
1421
1464
1418
1329
1470
1353
1241
1358
1328
1289
1369
1337
1232
1334
1361
1221
1302
1279
1279
1482
1398
2694
1396
1320
1448
1372
1401
1472
1338
1410
1425
1333
1467
1390
1434
1418
1343
1469
1366
1294
1448
1447
2835
1450
1287
1428
1469
1424
1436
1418
1217
1313