998
1001
1090
1125
1120
1069
1105
1153
1101
1028
1022
1092
1044
1106
1053
1180
1230
1226
1189
1282
1379
1339
1214
1165
1199
1183
1182
1188
1403
1308
1264
1357
1385
1291
1194
1192
1219
1209
1157
1208
1169
1170
1154
1257
1353
1325
1328
1283
1188
1141
1182
1334
1289
1216
1194
1205
1184
1138
1097
1101
1198
1234
1081
1049
1053
1062
1089
1170
1232
1139
1125
1125
1095
1062
1155
1317
1232
1127
1139
1245
1278
1200
1202
1247
1167
1163
1208
1316
1227
1236
1284
1195
1229
1241
1231
1160
1224
1291
1231
1162
1160
1152
1140
1227
1274
1185
1151
1170
1166
1139
1159
1190
1120
1121
1207
1209
1189
1205
1227
1196
1085
1077
1135
1211
1146
1198
1244
1210
1105
1098
1122
1080
1036
1042
1053
1104
1089
1126
1146
1113
1049
1024
1044
1052
1027
1048
1097
1094
1066
1040
1063
1056
1027
1030
1063
1123