994
1045
956
921
981
1075
1002
1114
1157
982
1061
1056
1005
994
1219
1169
1106
1258
1114
1063
1187
1077
1021
1105
1280
1116
1127
1133
1048
1029
1099
1088
941
949
933
961
869
869
895
852
842
816
857
853
944
1072
994
837
875
861
862
809
823
810
756
769
735
721
718
702
689
698
693
679
690
694
686
678
682
681
666
479
344
346
343
500
541
783
657
649
635
379
271
415
871
624
1868
438
358
353
346
361
341
274
628
501
355
695
271
434
706
695
355
700
352
411
317
693
352
344
696
1207
584
590
599
610
576
1003
703
367
715
354
1408
368
331
259
778
1081
699
353
358
604
581
584
338
361
353
379
681
379
360
354
708
354
697
286
586
547
348
260
444
462
2376
350
364
359
350
706
351
347
694
571
542
275
698
350
360
569
535
306
350
360
714
346
355
713
708
342
354
348
1066
618
551
256
855
549
551
624
460
495
354
360
1083
348
354
347
478
1118
850
366
713
714
358
353
708
712
284
425
348
356
715
388
580
567
593
350
364
720
342
1055
604
443
365
340
364
348
360
349
361
344
364
722
348
371
369
284
418
723
351
356
370
714
715
359
359
359
435
630
344
365
349
363
363
354
598
837
866
550
334
363
703
302
583
537
579
838
703
707
344
366
975
461
474
740
682
267
319
1046
343
347
1421
564
850
605
1559
1067
354
721
392
673
587
505
626
560
576
363
347
355
360
2154
724
796
963
728
334
260
556
260
310
406
1058
264
579
572
373
706
349
354
351
357
706
737
1417
713
358
358
351
359
354
357
361
343
702
709
1239
893
721
1069
358
390
319
263
437
348
354
595
470
354
697
720
725
716
355
362
1886
266
722
720
727
715
354
706
354
351
369
360
702
361
407
313
365
349
629
305
2282
366
357
358
360
718
362
980
449
350
346
348
717
1250
1143
459
365
691
706
604
444
360
718
710
352
359
952
488
363
363
361
1075
364
351
362
750
325
363
362
635
558
326
635
354
376
555
537
579
528
341
365
720
410
327
352
268
463
1068
720
351
363
723
265
809
712
1091
342
365
1077
729
357
3065
583
283
903
1564
716
629
445
367
348
369
1338
449
355
351
371
347
728
266
460
362
928
522
617
454
1105
1091
276
1176
607
470
730
547
1114
885
728
375
354
610
1777
509
356
363
364
362
376
352
729
713
384
348
693
347
360
813
1329
349
354
345
601
503
665
2593
736
357
1429
362
729
364
362
359
357
357
359
542
912
354
360
723
355
355
714
271
454
355
352
365
360
434
294
922
517
347
377
543
1257
378
700
719
350
373
354
717
356
356
735
1066
362
1086
351
354
702
366
713
353
1452
486
603
362
714
714
590
1574
755
593
464
346
363
2868
599
1178
625
629
619
619
597
594
592
598
599
595
603
635
679
674
653
651
664
668
655
644
636
636
641
634
642
668
736
754
712
727
733
724
697
670
666
667
678
662
664
674
702
756
843
773
734
730
732
706
692
702
691
671
660
657
659
656
649
646
627
629
704
700
761
793
761
741
728
700
683
610
628
670
622
661
609
682
641
645
651
662
670
715
686
709
706
724
714
700
734
724
746
729
729
744
717
727
702
692
694
700
671
694
706
747
765
761
803
822
817
792
791
763
761
759
729
724
723
719
719
736
736
729
768
747
745
756
738
711
711
728
716
720
730
742
778
759
728
745
736
757
768
739
749
791
823
776
768
775
773
751
755
766
745
738
744
744
729
739
758
813
845
854
855
831
799
775
751
748
762
811
920
850
826
869
826
791
793
816
837
822
807
817
835
879
903
861
876
895
905
827
805
810
826
864
836
811
799
805
816
825
837
806
788
779
786
693
719
1446
827
1139
988
949
961
979
959
925
943
920
899
853
853
845
867
853
821
844
865
932
987
905
870
869
859
829
802
802
802
784
771
770
794
811
798
799
812
808
786
790
777
754
2376
829
827
856
894
857
835
813
822
798
769
776
773
780
747
749
763
790
773
808
856
892
865
807
754
688
726
697
706
743
817
813
780
813
842
834
797
789
778
802
767
758
757
779
817
827
813
797
793
833
809
772
781
796
819
840
758
708
691
669
671
672
643
664
639
630
618
631
632
620
615
606
630
374
819
596
1227
604
632
611
608
617
633
641
663
674
689
706
680
371
874
625
612
598
587
611
605
588
590
614
604
594
620
609
592
598
621
614
595
618
623
614
588
271
332
617
599
594
603
586
562
587
575
574
578
573
577
574
553
562
566
575
574
556
561
575
587
583
565
1177
563
583
582
576
600
564
569
597
558
584
1702
562
572
580
570
576
552
582
575
559
579
549
579
548
556
573
551
561
545
566
528
552
531
560
531
566
529
544
538
554
534
559
530
548
1097
542
552
550
541
555
536
557
536
563
534
554
539
565
532
564
563
549
565
542
560
537
572
533
550
1100
534
567
1097
557
538
565
547
568
531
557
551
566
552
559
571
560
569
540
567
555
556
543
552
565
546
555
542
576
544
559
567
566
574
549
576
547
563
564
547
559
532
562
522
541
532
563
515
550
521
557
517
543
521
554
1061
525
551
1071
521
538
551
1063
525
762
314
520
529
1066
514
1583
528
537
511
537
510
545
508
530
513
540
507
526
521
525
514
519
530
508
531
502
530
503
538
506
522
513
526
1037
1029
524
1050
516
532
520
542
509
538
521
550
503
545
512
547
499
539
1045
491
538
514
518
507
535
1042
528
1068
521
536
1064
512
530
1062
509
1054
549
501
540
1049
503
517
516
504
1558
488
526
490
522
503
510
497
500
523
479
508
485
510
497
487
510
496
491
504
485
500
484
503
498
480
513
479
482
501
482
511
472
501
504
478
512
485
492
510
484
521
472
512
474
499
517
478
511
480
499
491
483
515
471
486
505
475
497
475
487
503
472
486
488
468
503
470
473
493
477
500
469
483
494
477
504
469
481
496
475
487
484
485
495
480
501
486
479
509
476
479
493
470
496
476
483
487
477
501
470
481
505
463
486
490
471
486
477
478
485
470
481
480
469
490
466
464
494
458
462
475
928
482
456
465
488
459
463
485
461
462
480
457
465
479
455
459
477
455
458
473
453
472
465
461
475
465
455
479
452
466
485
437
950
450
462
467
455
468
466
450
473
463
459
468
462
457
466
465
456
466
459
459
466
456
452
471
449
454
479
447
458
484
451
458
486
458
457
469
465
486
464
941
458
466
476
460
476
461
454
480
459
455
481
453
458
478
440
460
477
449
453
473
450
460
461
449
483
433
467
466
440
475
449
447
474
444
448
455
919
456
449
470
444
451
469
454
441
469
450
442
453
448
440
460
441
445
442
453
447
431
456
443
424
452
443
432
436
452
429
428
431
453
846
883
410
436
444
433
415
427
448
420
417
430
445
417
418
425
434
428
425
416
425
439
419
411
869
413
430
409
438
416
423
422
416
430
429
411
840
434
390
432
858
401
414
420
423
423
411
430
403
431
425
408
402
420
432
400
407
1666
821
419
422
419
407
819
425
405
832
398
429
422
409
397
412
837
405
420
404
839
414
395
410
412
423
406
419
401
832
411
396
406
834
405
414
400
830
411
393
404
412
416
413
411
400
403
410
421
401
398
418
397
419
417
401
800
412
418
395
417
394
411
424
402
394
400
408
420
409
407
400
399
404
420
397
398
417
391
831
404
393
401
404
416
405
411
397
396
401
817
399
410
391
821
401
386
398
806
415
408
394
386
399
398
412
400
404
395
784
809
400
407
395
782
400
403
404
401
392
789
403
407
387
409
386
793
407
397
389
410
390
395
407
400
396
392
405
387
396
403
810
388
404
396
396
389
398
411
396
406
395
385
396
809
400
409
392
386
396
398
396
408
413
396
382
393
407
386
817
398
381
800
389
394
398
401
401
390
403
394
783
399
405
396
406
391
384
395
396
391
405
412
397
382
794
382
798
400
385
383
403
382
786
399
385
383
778
773
787
392
394
384
373
382
398
376
777
391
389
385
392
383
760
383
389
401
392
377
372
770
374
387
389
392
380
377
395
377
377
381
776
389
391
374
374
378
394
370
1171
374
771
377
758
766
391
402
383
369
774
377
763
398
380
379
388
377
380
383
390
384
383
390
379
753
388
385
390
385
376
367
377
391
368
1160
373
368
393
367
380
373
765
381
389
370
362
758
366
746
380
380
379
380
370
358
755
362
1139
366
365
382
367
365
369
378
363
1135
726
742
360
373
374
357
743
366
384
362
374
366
356
370
375
360
756
369
362
361
378
362
361
366
371
368
378
375
363
355
741
358
733
370
370
368
376
359
355
366
379
357
361
365
364
371
373
381
363
356
362
378
359
360
364
734
753
364
354
736
360
726
729
1122
358
737
361
355
364
375
353
371
361
372
367
365
380
357
354
738
355
362
360
732
748
359
359
729
360
353
364
369
350
730
361
370
363
371
349
729
366
365
728
356
369
365
363
369
365
364
743
366
373
374
360
375
554
562
384
378
368
381
384
374
381
382
387
377
388
387
391
380
388
781
383
390
785
384
392
792
383
391
391
793
387
393
394
403
399
393
398
396
395
403
398
399
399
404
399
403
405
402
406
408
414
406
408
411
410
417
433
402
416
416
433
417
421
430
431
424
430
432
429
433
878
427
439
445
432
892
438
423
447
450
442
446
444
457
447
453