987
972
1026
1105
1143
1043
985
965
964
980
987
994
1027
1004
969
945
957
984
1034
1092
1150
1125
1068
1020
1021
1076
1170
1215
1152
1090
1130
1178
1147
1109
1122
1109
1111
1063
1039
1078
1120
1144
1115
1054
1017
1021
1019
1079
1105
1021
986
1030
1074
1082
1054
1013
1022
1013
997
960
985
1004
1034
990
964
1003
1069
1098
1038
998
1033
1023
1068
1036
1034
1031
1052
1001
975
976
998
1066
1075
1085
1124
1167
1126
1054
1006
1042
1155
1165
1187
1181
1101
1094
1134
1148
1119
1039
1044
1121
1181
1135
1116
1091
1079
1151
1185
1188
1143
1084
1040
1067
1050
988
1011
1109
1200
1159
1095
1037
1063
1080
1084
1088
1043
1007
1070
1152
1174
1133
1060
1060
1055
1064
1020
1066
1120
1112
1039
1018
1065
1139
1103
1048
1021
1044
1091
1120
1053
1033
1006
1021
1079
1134
1116
1040
998
1012
1038
1080
1068
1063
1088
1089
1079
1073
1105
1177
1156
1092
1035
1039
1042
1016
980
1020
1075
1100
1074
1065
1066
1078
997
1016
1019
1045
1008
1020
1056
1075
1012
1025
1138
1164
1094
1031
1008
1009
1012
1021
1011
1029
1095
1082
1051
1015
1012
1049
1090
1049
1035
1021
1061
1100
1159
1104
1039
1083
1100
1124
1094
1036
1042
1113