788
815
753
701
669
611
576
563
555
563
570
584
594
629
649
643
632
625
628
636
624
617
610
620
623
605
595
586
576
573
567
558
569
561
564
557
546
543
537
536
531
529
522
522
518
521
522
530
528
531
528
525
524
528
527
531
534
531
526
523
520
521
521
524
528
524
528
524
532
530
538
531
535
532
528
530
536
540
541
540
532
538
540
543
535
536
530
521
519
515
517
520
522
521
526
525
527
527
537
541
550
550
555
551
551
549
542
535
539
541
545
546
541
543
532
534
525
530
526
531
530
537
538
538
554
563
570
572
551
546
539
533
534
531
535
532
539
536
534
535
528
527
522
533
550
558
564
564
558
549
541
538
537
531
527
520
518
517
523
528
529
527
520
522
517
522
521
521
521
519
520
519
523
517
518
514
519
516
519
515
518
513
512
513
507
509
506
510
505
503
503
506
509
507
504
503
505
512
512
516
512
506
506
511
518
519
521
508
508
504
505
502
504
491
492
486
489
486
491
488
496
495
494
494
502
506
514
505
505
498
504
502
502
494
493
489
491
493
493
499
499
497
499
506
516
520
514
511
504
505
509
509
510
504
498
495
496
495
498
491
493
489
497
499
501
495
492
494
494
498
494
492
488
491
489
489
479
479
474
477
475
479
476
477
480
488
489
498
496
492
490
494
497
498
493
492
493
492
495
489
489
491
489
494
488
488
488
489
495
489
487
489
486
486
483
479
483
482
484
480
479
478
479
483
483
484
479
478
482
478
472
470
469
469
469
470
468
470
470
470
475
475
474
473
471
476
479
479
481
480
481
481
480
478
476
470
470
473
468
464
464
463
466
464
467
465
464
462
459
464
463
460
459
460
463
463
463
459
459
455
454
460
458
458
459
455
456
458
462
462
463
461
460
463
463
463
459
455
451
451
453
453
452
450
448
445
445
448
447
447
445
441
441
442
451
450
452
447
443
442
441
443
440
440
439
437
437
436
440
440
438
438
439
439
439
440
438
439
438
438
437
436
436
438
437
438
439
437
434
434
433
436
435
438
437
435
437
434
434
434
440
438
438
436
433
434
435
431
438
441
438
438
437
434
437
436
439
437
438
436
431
431
429
435
430
434
429
428
425
426
425
426
428
428
431
430
430
428
428
430
432
436
433
438
435
436
431
432
432
432
434
435
436
435
434
431
429
431
434
437
437
440
434
435
435
435
439
438
439
438
434
433
431
431
428
431
429
426
425
422
416
418
418
416
420
416
420
418
418
419
417
416
415
417
417
420
420
419
416
417
416
415
413
415
414
416
420
418
421
417
418
415
414
414
416
420
419
420
421
423
420
418
417
413
412
412
414
414
413
414
416
414
412
412
412
408
406
409
411
409
406
405
404
406
405
406
402
404
403
402
400
401
401
401
402
402
400
402
403
402
404
400
402
400
400
399
400
401
401
396
397
398
400
401
401
402
402
403
404
404
402
403
401
400
400
398
398
400
396
396
397
399
400
397
402
402
402
404
402
400
401
401
400
400
399
400
398
397
399
400
398
400
399
402
401
401
399
401
397
399
397
399
396
396
397
395
392
395
394
391
394
391
393
394
396
395
395
393
396
395
395
394
396
395
396
391
391
390
391
391
391
389
389
390
390
390
390
388
390
392
391
393
390
390
389
390
387
390
386
390
387
388
388
387
388
388
387
388
386
389
386
389
389
389
388
388
390
389
389
387
388
390
390
389
390
388
388
390
392
390
390
388
387
387
386
386
384
384
385
384
383
385
382
383
384
384
382
381
383
383
384
384
383
382
383
385
382
382
382
381
384
382
380
382
376
379
382
380
377
382
376
379
381
379
380
381
380
380
378
379
380
382
380
380
377
380
378
377
377
382
376
380
376
378
377
375
376
377
377
379
377
377
378
380
380
379
378
377
377
379
377
376
377
377
377
376
377
377
377
376
377
378
377
292
439
385
376
377
377
375
376
376
374
375
375
377
373
374
374
374
371
373
374
374
372
373
371
744
374
372
373
371
372
369
742
373
371
372
369
369
370
372
369
369
370
369
368
368
371
367
371
369
371
370
367
369
367
369
371
370
369
368
367
369
369
368
370
370
368
369
370
368
367
369
367
369
368
368
366
368
365
367
366
367
368
367
367
363
363
367
366
367
366
362
362
366
364
365
362
361
362
361
364
362
362
361
361
360
361
361
361
361
362
359
362
360
363
361
361
363
365
366
369
365
369
368
371
371
369
371
372
373
376
373
373
374
372
373
368
369
368
367
364
369
365
365
364
367
369
366
366
369
365
369
371
367
369
370
367
372
370
373
374
370
372
368
737
369
367
366
367
364
363
365
364
361
363
361
359
360
360
360
361
360
359
359
359
359
358
360
358
358
358
356
354
357
354
357
355
356
357
356
355
354
358
358
359
358
355
355
357
360
359
356
359
356
354
358
357
359
358
357
357
359
360
356
358
358
357
357
359
355
356
355
356
357
356
357
357
355
355
354
356
354
356
354
356
351
356
350
354
354
353
354
354
349
352
352
354
352
350
698
352
352
351
350
349
348
349
349
348
350
352
350
350
353
350
352
354
352
353
352
354
350
354
347
353
353
351
353
349
349
346
698
349
348
346
344
345
341
345
343
349
346
348
345
346
345
349
343
347
341
347
348
347
346
345
687
347
345
345
343
343
341
342
339
345
343
344
685
345
348
342
344
340
344
344
343
345
340
339
343
341
339
341
339
340
341
341
339
343
338
341
343
343
341
339
679
344
340
339
339
340
338
338
340
340
341
342
340
339
340
344
344
341
340
341
338
342
340
340
340
339
338
339
340
338
342
337
339
337
340
340
340
339
336
338
339
343
339
336
336
339
333
337
335
338
336
267
391
344
338
340
336
335
338
337
339
337
335
334
337
333
337
337
338
336
337
336
340
334
337
338
338
339
336
334
337
339
339
335
336
335
333
334
336
335
334
337
334
336
337
338
338
337
336
335
332
337
338
336
333
335
335
334
334
336
335
332
338
333
334
337
335
337
335
332
332
335
337
335
333
332
332
329
332
332
331
335
330
332
334
333
334
646
341
334
333
328
332
333
330
333
334
332
330
333
331
333
335
335
334
334
332
328
334
330
331
336
333
334
336
333
334
335
333
335
333
330
332
335
335
334
332
331
330
330
328
332
330
334
330
331
329
332
334
331
331
332
327
330
332
329
328
327
330
329
329
330
330
328
331
326
327
331
332
329
331
326
324
328
328
325
325
329
326
328
325
327
328
326
327
326
326
323
326
326
325
323
324
323
324
325
325
322
328
323
323
323
327
326
326
636
331
318
325
321
325
322
325
323
325
326
325
324
323
323
326
325
324
323
324
323
326
325
323
327
322
324
328
327
325
327
323
322
322
318
325
326
329
325
325
324
327
325
328
326
321
324
325
322
323
327
325
325
324
326
326
320
326
327
325
326
323
321
322
320
323
322
326
323
323
323
325
325
318
324
326
324
322
321
321
324
323
322
321
327
320
322
325
326
323
326
322
318
323
324
321
323
325
323
324
322
324
322
325
323
325
321
321
326
320
322
323
325
323
325
321
326
325
320
325
324
327
324
322
321
321
322
320
323
325
326
323
323
322
324
325
323
322
324
316
323
319
326
320
321
324
324
323
324
321
320
323
322
318
322
324
321
323
320
325
321
318
324
325
324
323
319
319
319
321
318
320
322
318
318
326
319
322
320
317
316
318
316
317
318
319
316
318
322
319
320
318
317
314
316
313
321
316
317
316
320
318
321
316
313
618
321
315
321
318
318
316
317
321
317
314
316
319
318
315
320
317
319
318
313
321
319
315
317
316
319
317
320
316
318
315
316
318
319
313
316
318
315
318
316
316
316
315
316
317
313
313
318
314
314
317
317
316
317
313
313
315
310
316
313
315
314
314
317
315
314
313
314
310
312
314
313
312
314
319
313
315
312
314
309
313
312
317
310
313
315
316
313
313
313
312
313
312
316
310
314
633
313
313
313
312
313
313
317
309
315
316
316
314
313
313
310
314
311
319
313
312
317
316
315
316
313
312
314
617
323
311
633
315
317
313
313
313
313
313
314
314
622
317
313
315
311
312
313
313
315
311
627
314
310
313
312
314
310
314
313
313
313
309
315
307
313
313
313
311
314
314
316
313
310
312
312
308
313
313
311
315
313
314
312
309
311
307
317
309
312
314
314
315
312
313
308
310
312
314
311
313
315
314
313
309
313
308
312
312
313
311
313
314
315
313
311
313
309
312
311
315
309
313
314
313
313
310
313
309
313
310
313
312
311
316
301
320
311
313
309
313
312
933
314
301
319
311
310
311
313
313
296
323
315
311
310
313
307
312
310
313
308
626
298
327
307
312
307
313
305
317
313
313
310
266
351
309
312
313
311
309
311
313
623
313
311
312
311
308
313
313