1193
1291
1255
1161
1076
1116
1113
1166
1132
1089
1148
1261
1255
1229
1340
1355
1280
1318
1313
1265
1376
1446
1345
1313
1382
1324
1230
1331
1294
1251
1345
1267
1269
1312
1179
1211
1257
1080
1060
1208
1255
1206
1342
1346
1307
1367
1389
1343
1292
1307
1221
1183
1272
1270
1255
1373
1362
1290
1230
1325
1323
1197
1261
1265
1175
1244
1289
1225
1338
1300
1241
1280
1276
1178
1189
1289
1226
1208
1275
1232
1186
1287
1280
1217
1258
1218
1214
1283
1241
1230
1270
1245
1284
1426
1333
1218
1292
1270
1216
1355
1365
1265
1290
1362
1282
1313
1340
1205
1198
1307
1349
1402
1429
1338
1256
1335
1320
1278
1314
1313
1230
1293
1327
1262
1310
1260
1235
1296
1296
1185
1227
1254
1193
1205
1269
1301
1286
1289
1264
1174
1212
1312
1249
1229