968
984
1134
1163
1146
1080
1060
1183
1324
1297
1224
1150
1172
1260
1210
1114
1037
1142
1240
1112
1139
1346
1237
1121
1192
1278
1260
1118
1265
1172
1113
1114
1238
1223
1049
1095
1152
1138
1098
1132
1268
1305
1204
1188
1271
1219
1235
1176
1181
1227
1227
1122
1183
1354
1232
1234
1345
1224
1051
1127
1314
1361
1271
1327
1260
1201
1281
1268
1234
1173
1252
1212
1196
1332
1308
1220
1340
1344
1236
1234
1304
1135
1077
1268
1318
1192
1188
1238
1208
1099
1144
1165
1186
1146
1177
1198
1125
1149
1313
1307
1132
1169
1313
1215
1078
1197
1377
1356
1191
1191
1141
1171
1124
1141
1219
1225
1146
1084
1165
1216
1152
1073
1240
1383
1271
1129
2609
1217
1263
1282
1266
1213
1265
1266
1180
1315
1313
1205
1203
1325
1316
1211
1291
1329
1273
1301
1316
1198
1238