1000
985
961
885
1035
992
882
1033
997
834
953
978
833
1024
1022
916
1040
938
924
973
862
933
1086
913
1051
1020
903
973
850
896
936
722
698
655
644
671
660
641
823
831
896
989
944
859
895
904
809
846
1002
944
890
1011
927
927
1054
984
910
970
864
891
1062
991
968
1153
1013
979
1094
1032
900
1054
1067
899
1030
1123
915
949
1097
902
891
1140
1043
917
1099
1019
843
900
1009
856
906
945
808
997
1063
858
902
979
866
879
1000
899
745
763
791
724
994
1021
825
769
846
896
810
992
1008
888
852
964
949
781
857
970
883
842
990
938
948
1060
986
824
853
956
845
793
986
1079
923
929
1037
976
821
993
1024
841
989
1080
968
1084
996
894
1022
1052
923
921
984
825
875
1067
889
991
1038
929
935
1006
917
951
1012
855
958
939
813
908
1003
857
954
992
857
1019
967
842
1044
1024
896
928
1051
996
881
1014
1035
913
966
991
813
770
733
660
629
611
614
638
1016
823
688
657
711
667
699
771
859
841
803
822
844
831
792
837
864
819
847
917
874
971
968
779
759
843
808
807
886
917
820
928
886
879
734
727
787
741
808
939
966
834
916
928
840
802
866
878
759
801
881
999
785
936
975
852
898
960
866
867
914
919
807
895
908
878
777
856
951
839
889
982
963
869
995
986
858
898
922
819
980
1013
856
860
967
916
778
868
979
873
890
991
875
790
989
998
866
896
964
839
863
968
891
921
918
779
914
1050
924
857
946
935
845
924
972
845
1861
863
879
1101
1133
950
1046
1066
910
1043
1065
932
1128
1171
1016
993
1051
1001
875
1024
862
771
955
940
1052
1080
903
1025
1038
868
823
885
959
807
805
886
796
865
967
851
929
1034
980
844
967
831
705
693
672
631