1276
1213
1148
1083
1181
1291
1404
1306
1272
1238
1191
1365
1489
1428
1276
1283
1409
1435
1352
1303
1436
1356
1242
1295
1387
1342
1179
1212
1342
1383
1318
1226
1324
1397
1304
1182
1111
1195
1417
1446
1332
1277
1362
1335
1276
1176
1113
1303
1426
1377
1291
1261
1138
1102
1321
1488
1393
1280
1256
1348
1388
1338
1221
1313
1423
1425
1357
1333
1338
1321
1295
1207
1227
1307
1344
1270
1139
1146
1294
1346
1301
1223
1183
1252
1296
1275
1183
1147
1295
1363
1309
1203
1178
1299
1337
1338
1251
1182
1242
1296
1248
1188
1176
1336
1424
1357
1308
1306
1309
1277
1164
1219
1335
1406
1293
1292
1278
1243
1201
1288
1313
1233
1200
1290
1347
1264
1259
1268
1240
1159
1195
1312
1293
1125
1090
1145
1231
1154
1167
1313
1325
1259