959
991
1037
1024
999
972
964
1007
1072
1178
1147
1150
1154
1139
1135
1109
1059
1060
1112
1348
1227
1139
1094
1125
1144
1149
1058
1092
1077
1042
1011
1043
1083
1070
1006
1011
1015
1033
1025
1007
1069
1118
1078
1046
1028
1015
981
991
1016
1042
998
1020
991
1000
987
982
1038
1060
1013
998
1005
992
969
978
992
1007
987
979
1001
1063
1033
989
1033
1079
1108
1074
1045
1031
994
973
979
1009
1094
1030
1030
1070
1027
1008
962
948
940
927
915
887
887
913
952
995
1006
985
977
984
986
977
949
921
902
971
1289
1314
1126
1077
1043
1020
1008
1017
1010
1041
1042
1024
1074
1072
1054
1031
1072
1085
1035
1003
1044
1062
1020
988
999
1063
1033
1012
1067
1048
1011
983
990
976
998
980
962
965
989
1052
1004
1014
1021
1042
965
965
988
978
952
965
993
1054
1012
1025
1023
994
976
997
999
1021
984
944
939
976
1055
1052
969
937
916