940
968
978
963
974
987
949
950
912
915
963
1112
1244
1234
1126
1111
1255
1332
1355
1313
1236
1144
1209
1428
1428
1369
1332
1270
1313
1274
1230
1279
1419
1370
1236
1217
1437
1454
1292
1313
1366
1255
1304
1358
1225
1306
1373
1241
1191
1299
1303
1202
1188
1216
1202
1211
1232
1132
1191
1203
1130
1117
1152
1166
1074
1144
1189
1164
1122
1164
1184
1129
1124
1128
1243
1241
1131
1175
1279
1205
1157
1182
1253
1199
1279
1264
1141
1141
1124
1134
1239
1323
1214
1229
1195
1117
1146
1170
1103
1093
1135
1209
1195
1190
1197
1119
1135
1084
1048
1115
1148
1100
1092
1220
1208
1103
1191
1229
1047
968
943
963
1049
1155
1153
1120
1178
1145
1091
1067
1066
1061
1031
1070
1134
1145
1079
1139
1142
1072
1067
1122
1104
1037
1124
1257
1205
1097
1093
1103
1132
1160
1327
1219
1118
1132
1104
1067
1076
1196
1224
1109
1157
1201
1157
1112
1145
1132
1091
1108
1137
1132
1190
1222
1174
1091
1111
1167
1188
1126
1235
1238
1131
1204
1266
1241
1177
1261
1307
1179
1190
1159
1080
1116
1168
1130
1233
1240
1148
1140
1149
1059
1050
1090
1113
1104
1198