1210
1219
1179
1109
1098
1143
1176
1115
1068
1108
1175
1070
1063
1153
1260
1225
1119
1205
1252
1212
1171
1265
1210
1193
1215
1258
1248
1138
1108
1231
1321
1320
1313
1290
1224
1166
1339
1396
1291
1233
1358
1377
1304
1292
1432
1376
1263
1134
1327
1458
1405
1360
1321
1314
1287
1166
1191
1257
1279
1197
1126
1161
1284
1313
1195
1114
1120
1111
1054
1058
1096
1099
1051
1048
1000
1001
1015
979
1011
1196
1177
1122
1043
1107
1192
1209
1160
1107
1203
1313
1297
1272
1324
1289
1263
1311
1358
1203
1109
1201
1462
1349
1230
1321
1297
1195
1245
1193
1146
1139
1205
1117
1147
1144
1200
1086
1140
1160
1137
1089
1094
1056
996
1009
1074
1183
1157
1103
1189
1157
1065
1055
1145
1202
1175
1105
1065
1146
1337
1322
1266
1155
1263
1300
1165
1160
1183
1188
1077
1138
1227
1185
1070