964
948
992
990
962
943
970
985
976
956
924
938
973
994
1020
979
940
955
998
998
995
978
944
931
939
983
977
997
1064
1024
1014
1000
961
980
1003
998
969
971
994
1004
989
983
1025
1069
1086
1060
1069
1086
1082
1064
978
983
1003
1054
1021
1000
1047
1106
1085
1062
1024
997
955
956
991
995
972
1014
1077
1060
996
985
987
1016
1020
968
957
982
993
978
923
925
968
1022
1038
1011
1015
1031
1045
1022
1022
987
996
973
948
950
977
1016
985
960
979
985
951
952
959
944
924
952
1017
1043
1003
999
1013
1021
986
972
986
996
965
981
979
977
968
997
1037
1043
1023
1050
1093
1067
1053
1048
1019
967
938
967
995
975
954
955
971
1036
1031
991
972
987
1010
1044
1003
994
980
945
902
896
933
1020
1110
1033
1008
1044
1029
989
991
1024
1012
985
987
1026
1107
1079
1086
1060
1014
967
951
956
978
979
961
999
1011
979
958
917
882
868
830
839
863
930
966
947
1030
1104
1090
1043
1024
1071
1055
1009
1073
1093
1084
1037
1003
1014
1040
999
937
950
990
943
884
893
923
951
931
952
959
960
940
906
935
940
948
942
943
986
946
914
910
938
1025
1009
972
977
972
975
965
1023
1014
971
974