1098
1194
1131
1043
1057
1104
1128
1116
1092
1073
1001
1032
1116
1110
1104
1131
1104
1067
1111
1155
1166
1100
1124
1259
1216
1215
1106
1115
1191
1179
1151
1115
1073
1156
1193
1193
1154
1104
1106
1164
1140
1138
1078
1096
1159
1180
1120
1058
1063
1035
993
1052
1193
1190
1146
1132
1116
1105
1046
1041
1069
1085
1057
1018
1041
1100
1115
1086
1052
1137
1168
1136
1077
1060
1106
1128
1106
1061
1066
1081
1088
1051
1067
1077
1086
1033
1059
1113
1119
1048
1041
1063
1052
1043
1108
1179
1135
1089
1123
1137
1090
1041
1033
1102
1153
1123
1087
1049
1079
1112
1101
1064
1051
1077
1081
1053
1049
1069
1093
1084
1059
1099
1138
1071
1026
1069
1103
1028
988
1027
1038
1060
1042
1053
1050
1037
1014
1041
1091
1052
1031
1018
1012
1001
982
1010
1065
1078
1138
1120
1108
1087
1051
1010
999
998
980
989
1049
1086
1068
1022
1063
1065
1103
1088
1132
1106
1087
1021
1061
1085
1126
1072
1060
1094
1103
1055
1041
1058
1092
1072
1087
1102
1068
1030
1021
1061
1162
1134
1103
1055
1075
1072
1058
1010
1002
1016
1077
1095
1044
1060
1055
1067
1040
1021
1042
1099
1093
1030
1002
1041
1114
1105
1062
1023
1061
1102
1062
1042
1023
1067
1098
1063