1217
1240
1158
1152
1256
1272
1193
1153
1248
1297
1309
1258
1205
1271
1338
1351
1354
1366
1376
1374
1373
1369
1371
1373
1364
1363
1362
1322
1354
1349
1332
1341
1351
1351
1342
1353
1360
1355
1344
1337
1346
1346
1349
1352
1358
1363
1354
1343
1337
1341
1337
1324
1329
1344
1348
1341
1338
1344
1343
1325
1319
1328
1327
1311
1316
1319
1321
1309
1331
1327
1321
1344
1345
1330
1333
1335
1329
1317
1315
1317
1314
1297
1309
1309
1304
1296
1307
1310
1321
1302
1305
1299
1294
1288
1293
1229
1296
1294
1291
1292
1300
1296
1296
1317
1312
1303
1313
1312
1306
1292
1280
1301
1289
1295
1302
1303
1285
1297
1298
1295
1296
1238
1289
1282
1279
1299
1303
1292
1286
1271
1301
1298
1300
1302
1292
1305
1290
1283
1304