1090
1026
1011
1004
953
913
922
965
1039
1089
1050
996
984
1038
1128
1199
1215
1184
1145
1236
1271
1295
1226
1221
1174
1286
1307
1414
1309
1275
1153
1034
1101
1236
1144
1112
1173
1146
1062
1121
1100
1058
1011
1053
1098
1075
1044
1153
1232
1148
1086
1128
1238
1251
1151
1130
1238
1260
1220
1157
1121
1144
1145
1148
1135
1225
1218
1131
1125
1172
1226
1177
1029
991
1104
1259
1224
1162
1076
1075
1093
1098
1074
1110
1091
1066
1083
1164
1211
1181
1160
1111
1190
1139
1059
1034
1203
1320
1220
1284
1260
1175
1054
1025
1129
1244
1229
1163
1255
1272
1196
1128
1220
1220
1085
1115
1179
1131
1175
1267
1180
1058
1039
1078
1068
1044
1283
1319
1190
1120
1214
1222
1125
1097
1191
1143
1086
1106
1206
1231
1157
1133
1202
1135
1044
1043
1130
1272
1199
1058
1078
1139
1113
1093
1099
1096
1028
1089
1145