1380
1305
1227
1275
1281
1252
1158
1206
1363
1365
1361
1341
1440
1431
1381
1327
1396
1410
1372
1292
1338
1396
1436
1390
1407
1489
1395
1303
1352
1373
1342
1264
1373
1400
1324
1252
1343
1339
1275
1282
1363
1353
1256
1322
1334
1277
1298
1329
1278
1301
1364
1308
1276
1327
1383
1313
1259
1312
1371
1334
1353
1245
1187
1226
1337
1434
1328
1239
1291
1227
1254
1358
1313
1169
1187
1205
1196
1169
1256
1278
1203
1291
1274
1137
1123
1148
1021
1110
1124
1127
1224
1221
1146
1131
1190
1229
1154
1176
1355
1438
1407
1420
1432
1300
1242
1348
1315
1198
1279
1365
1319
1387
1311
1271
1316
1332
1175
1142
1273
1435
1354
1339
1480
1380
1273
1341
1328
1241
1236
1519
1533
1418
1252
1351
1460
1432
1316
1395
1356