1060
1112
1042
1020
1025
977
950
942
970
1016
990
972
978
986
990
982
995
1022
1037
1011
1074
1084
1050
999
992
1000
949
952
961
946
925
956
1046
1066
1043
1125
1080
1024
1033
1065
1057
991
986
1024
1053
1021
1109
1170
1088
995
981
1018
1017
1015
1041
1074
1065
1019
1071
1090
1035
1028
1024
1017
981
996
1007
1001
993
1049
1093
1044
1032
1039
1036
988
1004
1007
979
967
993
1073
1074
1018
1008
1057
1030
992
996
1014
1014
989
1019
1060
1074
1015
1032
1023
985
993
1001
995
943
957
961
928
933
962
974
977
978
1022
1011
989
971
991
998
952
991
993
986
963
959
973
948
948
990
1009
981
979
1005
1019
1003
960
973
984
972
951
959
972
969
947
938
979
1060
1085
1024
1055
1043
1051
1005
993
1062
1131
1131
1069
1024
980
1008
1062
1057
1008
1025
1037
1037
1003
998
1017
1010
964
978
967
996
1003
1047
1058
1062
991
984
958
953
907
924
929
935
899
913
930
914
889
910
934
926
906
928
951
935
898
911
935
961
937
942
969
962
937
944
959
975
945
950
981
997
987
1006
1051
1025
938
883
891
932
1100
1097
1050
1046
1040
977
980
968
961
920
926
933
918
886
908
937
973
960
963
996
971