945
960
959
897
886
897
901
944
952
927
872
872
838
821
798
779
758
761
770
780
775
780
782
799
800
777
792
800
811
806
822
825
829
826
818
805
803
796
789
785
788
811
794
810
809
817
845
867
905
924
975
965
948
921
907
879
862
860
836
844
878
865
894
888
902
919
886
897
966
965
968
910
901
923
898
882
862
819
814
807
814
798
803
819
832
880
876
866
878
900
917
874
880
880
880
849
836
833
841
844
823
841
854
858
839
857
866
868
835
851
876
866
844
842
838
840
838
813
828
842
840
843
838
867
854
841
820
803
817
818
821
817
803
811
821
845
850
839
800
805
799
797
793
776
763
731
740
731
749
767
770
765
809
905
950
873
911
916
898
867
829
805
767
753
741
725
714
717
716
727
730
720
734
745
808
858
870
819
830
828
829
845
825
823
809
798
788
774
754
745
740
735
734
733
740
755
787
813
814
792
825
856
899
881
881
919
964
994
938
910
872
859