1344
1291
1216
1179
1155
1138
1130
1180
1326
1376
1367
1218
1253
1317
1326
1363
1394
1370
1380
1345
1262
1330
1370
1349
1287
1414
1368
1290
1248
1326
1277
1197
1341
1372
1321
1313
1372
1318
1233
1378
1409
1322
1351
1419
1417
1260
1309
1428
1349
1300
1382
1343
1257
1216
1369
1388
1268
1230
1334
1274
1203
1236
1404
1325
1198
1212
1231
1208
1161
1283
1331
1207
1227
1296
1240
1150
1206
1351
1302
1240
1315
1340
1248
1294
1308
1313
1246
1298
1235
1174
1370
1354
1221
1291
1367
1299
1328
1355
1313
1270
1397
1391
1304
1202
1219
1282
1275
1187
1320
1397
1343
1237
1250
1384
1409
1398
1340
1269
1336
1347
1251
1165
1219
1357
1282
1100
1112
1208
1175
1083
1220
1337
1306
1254
1214
1302
1322
1295
1350
1341
1274