1226
1166
1080
1047
1083
1156
1108
1065
1110
1204
1273
1216
1132
1203
1248
1250
1147
1074
1096
1217
1278
1232
1129
1185
1257
1228
1186
1133
1127
1108
1072
1240
1300
1266
1147
1081
1080
1138
1165
1090
1088
1103
1087
1148
1207
1177
1095
1024
1106
1187
1212
1138
1137
1191
1140
1091
1062
1076
1123
1142
1077
1117
1157
1108
1063
1097
1121
1076
1057
1101
1154
1157
1109
1069
1126
1236
1241
1204
1136
1150
1167
1161
1077
1063
1162
1264
1177
1084
1167
1258
1164
1086
1072
1103
1167
1175
1208
1257
1301
1209
1153
1149
1119
1070
1044
1115
1261
1227
1157
1237
1287
1195
1166
1205
1256
1188
1167
1218
1243
1271
1254
1168
1186
1235
1223
1131
1071
1127
1237
1246
1220
1154
1145
1196
1197
1171
1090
1133
1112
1072
1040
1135
1241
1172
1091
1113
1125
1182
1127
1091
1088
1129
1105
1071
1165
1268
1257