1135
1165
1153
1113
1081
1118
1208
1188
1083
1050
1159
1287
1367
1292
1330
1296
1161
1096
1162
1414
1418
1334
1242
1238
1287
1336
1258
1265
1380
1386
1316
1219
1323
1375
1317
1306
1375
1303
1256
1274
1338
1363
1326
1261
1187
1244
1336
1270
1162
1091
1254
1346
1281
1214
1191
1246
1283
1230
1165
1167
1271
1259
1269
1192
1202
1238
1167
1152
1241
1219
1130
1189
1240
1244
1181
1230
1188
1162
1136
1154
1187
1150
1080
1046
1045
1106
1239
1186
1076
1134
1247
1278
1199
1136
1110
1176
1231
1227
1165
1184
1234
1193
1170
1153
1126
1054
1083
1213
1265
1184
1240
1229
1119
1084
1141
1298
1262
1170
1139
1191
1230
1158
1202
1265
1246
1207
1220
1229
1214
1179
1183
1243
1160
1140
1305
1310
1264
1193
1243
1203
1134
1115
1198
1221
1153
1039
1071
1154
1070
999
1064