1137
1043
951
938
1027
1230
1160
1038
997
1117
1150
1088
1009
1004
993
966
965
924
877
901
1004
1050
1048
900
848
828
838
962
1130
1158
1022
912
871
900
918
929
929
866
892
962
1041
993
985
935
905
873
857
874
879
885
896
937
1014
1221
1107
1042
1077
1118
1176
1167
1064
1033
1070
1095
1077
936
883
846
865
864
958
1124
979
906
838
876
861
853
812
811
798
764
751
680
710
736
677
689
694
676
688
703
717
689
744
714
729
713
741
762
751
734
752
768
754
728
738
732
712
705
709
711
709
713
721
735
771
755
736
753
753
749
731
711
764
740
736
728
733
733
755
747
774
778
799
778
771
790
794
764
745
752
756
768
747
744
745
765
828
835
806
802
806
771
762
752
760
777
800
767
758
778
819
774
793
798
789
771
786
790
761
758
772
784
750
783
805
814
788
832
866
806
864
824
772
805
801
771
800
802
794
795
859
819
813
842
820
797
822
845
835
775
772
788
830
809
835
790
817
829
794
813
855
959
1001
940
871
936
1089
929
1041
1003
1071
1195
1093
1132
1085
1015
912
808
740
815
834
885
777
811
789
384
370
760
680
685
676
676
662
652
669
669
659
658
669
674
675
676
667
661
647
657
661
643
644
636
629
627
626
623
620
267
361
634
631
617
610
615
623
603
596
610
614
593
596
600
594
572
595
600
574
581
586
573
579
593
584
579
578
591
581
588
576
574
588
567
579
1151
578
572
562
574
574
560
568
557
572
576
571
572
568
573
584
556
1145
548
582
555
1120
543
566
560
558
553
542
571
544
552
551
550
568
544
547
297
469
880
549
560
1684
573
573
572
577
566
573
582
561
572
561
572
577
548
565
482
1210
558
564
547
565
536
568
548
1109
539
574
550
547
560
555
569
554
569
564
573
569
584
571
563
580
562
573
1132
574
559
568
579
559
570
587
574
593
589
1149
558
582
585
557
564
561
568
568
553
561
540
572
558
559
574
556
574
587
571
565
554
568
565
556
556
538
565
527
546
529
561
527
551
536
558
547
543
549
542
556
554
546
540
564
547
563
561
559
572
563
577
550
572
578
564
582
551
571
1705
560
597
581
584
589
568
585
591
566
568
557
577
574
570
566
551
583
567
564
566
546
574
1150
575
564
580
570
563
569
547
574
570
563
573
553
566
548
568
562
558
573
544
560
554
574
568
552
572
537
576
1130
576
551
585
589
582
592
604
580
600
592
579
586
572
582
592
568
574
575
578
576
1133
571
569
577
593
565
579
582
574
590
575
564
595
552
1161
553
581
535
568
566
559
569
549
583
563
561
589
563
575
563
574
578
562
573
566
1150
560
585
558
556
564
570
583
545
573
535
560
548
558
547
566
565
544
568
542
581
560
552
579
554
575
539
575
552
568
585
545
577
543
567
576
563
571
550
578
543
556
553
567
557
542
564
537
561
525
563
525
562
1093
524
563
1093
537
553
1107
556
538
1090
566
523
1080
559
518
548
524
552
518
542
528
544
515
1070
540
528
539
527
538
533
544
537
554
540
553
539
542
530
557
524
537
522
1064
548
533
559
537
566
537
584
560
1118
568
566
543
576
527
565
553
551
546
557
565
551
564
535
563
1105
541
563
578
558
579
549
585
579
566
582
561
587
568
563
579
548
574
1121
543
572
580
551
572
537
568
537
567
545
563
575
554
561
542
573
549
553
549
563
568
555
558
543
575
545
557
558
575
567
560
570
551
575
576
546
558
550
552
562
565
567
568
567
570
574
594
589
588
599
613
623
614
601
604
613
622
606
613
635
669
691
671
692
700
727
702
667
661
659
669
689
689
640
700
671
675
665
649
629
625
638
650
634
636
654
700
806
876
811
796
814
798
733
738
768
797
763
798
861
848
816
824
854
877
812
815
813
760
744
746
766
738
729
758
792
801
688
1397
719
719
735
751
736
774
784
870
798
766
800
784
872
1121
873
898
817
829
831
828
817
840
775
849
783
774
766
768
801
749
769
771
764
780
798
831
951
904
917
946
955
884
865
845
813
855
897
891
881
840
874
831
854
884
888
860
880
932
918
932
933
873
806
806
801
793
771
765
766
776
763
767
775
780
770
745
754
750
730
726
728
739
738
756
797
812
783
777
779
761
760
765
763
747
754
744
740
763
823
928
924
934
939
891
865
843
824
790
754
749
753
759
798
847
832
852
901
895
872
875
839
830
845
846
852
875
930
904
914
903
865
843
844
836
839
889
892
863
851
842
851
836
836
845
893
873
874
891
887
858
848
845
830
805
803
793
812
805
808
824
833
821
828
837
869
859
871
876
861
831
841
848
850
852
859
843
835
837
835
847
830
826
835
845
842
861
894
912
876
886
846
861
854
837
857
889
841
827
832
827
803
775
772
806
880
819
809
820
845
819
792
807
817
876
898
807
817
791
772
751
768
767
774
791
814
835
834
854
869
854
817
806
815
854
860
854
894
869
917
907
867
870
856
848
850
885
892
902
976
1093
998
980
979
954
916
932
958
965
933
921
901
896
885
905
955
920
941
1015
1009
947
928
936
947
907
887
878
834
838
811
821
821
828
852
858
823
826
857
857
832
827
854
859
826
824
839
817
789
761
736
682
691
2077
750
797
813
813
789
783
755
758
763
773
829
894
838
822
818
839
838
828
803
785
801
815
825
833
828
859
887
839
827
830
856
840
810
796
815
832
819
803
816
892
963
950
911
879
889
915
896
869
846
857
890
922
904
882
907
921
963
939
893
883
907
934
957
923
883
866
886
908
896
864
839
817
791
783
780
889
1395
1036
967
1066
1192
1148
1019
994
1028
1111
1082
1024
997
1007
1060
1040
997
1001
1016
1092
1041
985
1049
1045
978
897
907
931
974
944
975
1037
1041
973
943
941
950
920
913
917
922
889
887
910
924
900
881
925
920
902
821
797
797
786
775
808
874
931
909
900
945
1093
1019
914
885
883
871
871
884
889
867
891
913
914
884
906
891
879
890
890
915
861
877
908
937
911
909
933
932
898
896
877
848
851
871
918
946
969
989
978
923
918
928
898
893
922
916
896
938
957
915
903
925
928
881
916
928
935
901
916
871
812
821
817
786
797
814
871
965
892
932
973
926
942
925
917
915
989
898
868
879
899
933
829
811
787
709
729
738
753
734
748
765
789
837
861
812
779
794
778
768
760
775
795
776
758
721
726
709
676
682
687
696
678
699
702
740
737
740
740
779
762
750
762
797
763
753
759
771
771
738
747
755
786
799
770
776
830
853
816
849
854
801
799
818
825
790
801
839
883
846
849
876
879
839
821
840
865
813
815
819
880
895
809
815
842
808
805
798
809
872
897
890
829
831
843
886
853
818
839
842
829
812
825
866
829
794
817
853
871
803
827
856
929
874
857
907
891
821
828
864
908
863
820
849
875
842
831
873
865
805
819
834
830
784
825
874
870
848
864
881
823
841
843
825
823
831
808
786
798
808
820
770
775
800
839
774
773
770
790
815
786
779
789
778
757
777
785
787
773
767
797
827
778
784
781
747
747
739
733
709
730
740
729
729
760
796
754
752
759
753
727
721
724
706
700
698
697
683
691
691
691
704
683
688
690
693
675
673
687
678
661
686
684
675
676
709
692
666
677
682
672
659
661
674
664
656
684
686
677
655
652
654
658
655
650
663
650
654
653
641
629
624
617
612
613
616
609
633
632
632
631
637
1274
644
629
638
619
629
611
627
621
608
1209
609
581
600
605
580
573
601
565
590
586
573
588
558
581
593
557
571
578
567
1152
580
598
574
586
594
572
576
594
574
596
599
580
583
598
568
589
598
571
573
589
567
581
584
576
572
578
566
584
596
564
572
578
578
576
565
569
573
543
578
568
563
569
543
574
568
548
566
545
561
571
543
554
538
564
553
546
548
528
547
1079
521
542
539
545
534
529
554
528
533
518
550
508
545
505
541
511
540
500
1037
528
498
1543
526
516
507
498
536
494
525
493
524
1015
504
520
506
506
524
510
516
493
527
490
514
490
515
488
496
518
492
521
486
515
495
522
491
525
502
510
509
1040
497
1560
490
525
498
516
497
512
499
497
1001
513
487
503
498
487
511
1021
479
512
491
492
502
1006
478
493
487
479
502
485
495
1474
471
503
480
469
502
470
478
488
471
494
465
965
465
490
467
470
492
458
467
490
454
466
486
457
476
469
939
460
940
459
462
475
455
458
476
457
453
479
457
932
456
458
478
455
936
452
937
451
465
472
450
935
452
457
473
451
926
451
467
457
447
464
460
449
464
461
446
455
466
446
922
450
915
445
451
459
448
455
461
442
916
443
459
456
443
911
442
911
438
451
454
440
896
444
437
434
465
434
431
462
873
457
440
434
898
1329
435
439
437
448
435
420
445
715
1033
427
429
426
443
424
938
358
425
426
418
443
436
422
435
438
426
430
416
443
423
427
868
419
427
436
430
430
413
438
433
422
421
439
424
422
417
443
420
420
434
432
423
428
414
864
420
429
433
418
838
437
411
416
852
422
421
432
421
427
406
439
423
1262
422
822
437
415
420
851
414
424
407
436
419
415
848
415
416
409
844
422
423
423
417
421
403
851
410
830
422
399
413
420
414
413
417
396
849
406
420
825
810
831
410
419
400
416
422
407
407
414
417
398
406
420
410
397
421
393
422
411
400
806
421
394
403
407
410
813
396
824
401
795
415
407
404
408
396
416
410
399
512
304
409
366
422
418
403
402
407
394
416
411
396
401
411
396
874
333
410
408
407
646
969
416
408
411
402
421
410
407
831
416
418
417
422
417
417
422
424
419
416
847
425
420
426
858
437
440
443
526
362
450
450
452
449
1354
456
449
455
463
461
452
455
460
464
460
465
476
477
479
487
487
486
485
485
479
471
478
472
463
466
465
469
461
472
481
478
489
496
491
496
499
503
507
514
514
513
507
515
517
510
509
513
512
518
522
549
889
903
767
725
706
758
745
709
713
664
669
652
624
637
645
669
665
684
716
687
687
685
745
712
722
708
684
732
771
795
795
727
709
686
722
688
692
721
706
719
729
708
702
715
668
686
711
727
770
1169
1073
1059
906
866
1026
973
1013
1078
907
967
897
870
1024
872
813
843
888
958
993
847
802
806
867
773
809
793
757
795
822
1188
1014
919
869
829
799
817
851
760
772
735
741
789
1291
985
993
1011
947
896
919
985
943
952
964
928
941
956
925
1148
1008
951
984
928
911
1052
994
1121
1043
982
1033
890
871
901
1104
1057
1037
987
1157
1105
1022
959
869
872
920
906
907
923
870
897
901
854
877
900
861
853
828
793
775
862
792
834
871
838
828
814
810
766
777
791
779
778
781
786
754
763
771
781
751
807
794
761
763
771
740
722
716
706
702
717
733
730
736
755
751
728
675
657
682
672
697
718
730
716
703
705
701
690
689
700
711
718
710
708
706
701
695
698
711
705
701
707
711
698
710
726
754
755
763
825
831
788
762
737
710
704
708
726
731
753
771
784
778
778
785
765
756
762
745
746
750
780
771
773
785
797
771
780
777
771
763
758
751
712
735
729
749
821
1023
1187
1015
1056
916
885
862
837
784
816
822
891
854
873
872
836
813
851
872
844
846
842
851
876
887
888
898
891
896
835
846
862
823
832
834
830
797
772
741
747
730
743
778
810
793
793
790
786
755
761
751
749
733
751
763
775
762
775
801
815
820
817
832
799
789
787
772
771
762
767
736
751
756
756
790
832
861
848
859
857
864
851
859
866
843
841
845
825
791
800
813
816
873
912
932
933
928
922
895
893
902
850
856
878
895
873
883
917
896
908
902
904
884
907
926
880
884
879
861
861
877
925
904
981
1014
990
953
897
811
825
813
827
825
869
877
851
824
813
842
845
825
832
845
830
849
842
853
810
818
819
812
814
790
809
804
794
788
804
823
842
849
839
827
826
800
784
790
778
764
758
753
746
752
741
740
725
735
737
770
839
900
972
981
936
850
807
783
777
787
807
831
829
833
817
794
785
770
798
861
1213
974
995
1052
981
965
973
918
885
884
877
832
825
820
831
803
798
787
771
776
798
842
825
861
891
887
868
879
867
833
828
813
805
778
795
818
836
822
823
833
839
823
818
821
804
794
794
802
794
801
813
855
841
861
844
813
807
783
748
738
718
713
728
780
914
1074
1163
1076
976
914
856
814
810
773
760
747
743
742
720
701
704
703
724
747
813
907
949
971
1022
960
926
873
857
796
801
800
786
771
775
801
821
822
832
849
822
815
809
771
769
761
752
729
730
739
765
847
857
862
874
869
838
810
791
780
749
753
750
761
758
786
809
855
853
839
838
805
805
805
815
805
804
803
808
765
771
775
813
834
813
818
805
796
784
781
796
793
777
776
772
785
782
767
765
772
760
765
777
812
865
854
837
840
812
803
788
793
774
785
794
805
782
794
793
784
783
776
798
802
820
819
821
802
809
802
818
801
805
814
789
788
783
784
770
769
774
803
855
866
850
822
812
774
774
768
761
747
755
764
772
768
781
791
787
763
760
756
759
734
749
753
760
758
758
768
779
788
766
767
759
760
741
750
750
762
767
739
748
755
771
767
760
761
743
741
738
750
760
777
788
768
765
766
758
752
728
731
722
729
737
734
744
767
817
882
866
837
828
825
790
778
769
764
760
740
733
727
713
718
716
728
768
887
1131
914
937
918
857
835
826
819
796
794
788
780
772
755
755
753
766
767
774
806
881
915
868
854
848
828
838
846
856
817
810
814
811
788
792
801
819
801
812
805
817
805
813
842
843
871
892
878
854
837
856
830
834
847
846
831
839
838
840
821
811
813
803
788
798
826
829
800
796
809
842
920
895
845
822
815
810
816
811
819
830
810
784
786
793
791
776
782
797
797
784
787
775
784
768
768
769
782
784
796
814
828
812
797
799
795
758
759
755
763
762
738
740
737
762
771
772
790
823
821
815
816
804
771
740
730
723
720
709
721
740
782
840
834
803
793
804
813
792
780
767
757
721
748
748
779
807
841
825
798
814
780
738
714
718
714
713
2040
683
687
692
694
709
706
697
701
699
703
694
707
714
732
756
770
753
754
749
747
760
780
781
769
790
817
847
821
789
771
780
752
745
743
743
729
738
755
777
738
753
753
769
818
836
851
824
825
825
858
870
842
851
834
838
764
731
744
765
796
818
875
984
879
930
884
831
845
840
843
794
809
813
803
766
756
772
760
771
824
958
1120
985
934
913
821
816
797
825
784
781
778
800
809
777
765
768
796
850
856
802
795
792
806
813
790
799
807
806
751
725
725
734
766
799
765
765
771
784
806
802
781
743
716
728
712
713
691
690
693
709
746
786
766
738
729
749
809
1137
1059
990
918
938
924
913
851
817
807
795
847
896
870
830
818
847
1046
1102
925
821
805
818
870
881
872
813
788
790
808
835
862
833
871
964
1321
1120
969
989
950
935
883
882
954
1320
1038
908
905
908
925
857
864
893
939
933
867
843
830
785
778
735
734
748
793
856
834
837
882
909
863
814
801
784
797
786
752
738
733
755
791
796
833
836
879
810
730
729
693
706
1361
682
665
509
815
646
646
640
634
628
612
610
621
603
608
608
601
602
610
1277
684
724
747
756
748
741
702
1511
590
262
440
712
663
662
645
620
621
613
618
570
588
594
559
575
579
555
556
551
1114
544
554
545
564
541
545
551
552
559
533
563
537
556
561
540
550
542
563
542
549
562
547
565
532
563
538
556
560
555
566
529
555
545
557
548
540
563
537
550
522
555
520
545
519
551
515
536
514
543
511
530
507
536
507
522
514
540
508
514
516
543
516
521
515
547
512
525
513
541
517
521
517
538
523
524
527
548
530
545
518
547
536
539
531
543
547
531
543
517
543
514
550
510
542
518
543
511
537
528
546
514
534
531
542
519
537
542
534
525
548
532
526
521
546
1039
513
547
504
536
507
527
517
519
517
525
521
507
534
501
527
501
534
504
519
521
526
524
520
531
528
531
513
1051
524
508
537
507
525
504
536
511
515
513
516
526
501
533
503
521
506
531
510
516
521
523
514
504
533
501
511
510
516
523
500
537
500
525
506
529
517
517
527
520
516
504
533
496
518
500
517
520
501
521
505
533
493
532
505
516
510
519
511
506
524
507
510
499
532
501
512
499
1045
495
523
503
521
489
1037
491
524
495
502
506
505
519
490
515
495
502
521
497
508
1017
504
497
521
494
512
497
516
506
487
513
490
496
520
488
498
505
501
511
486
521
495
491
513
486
506
481
496
495
476
504
482
479
492
955
500
466
478
498
469
472
501
464
473
497
459
473
494
468
464
479
473
470
479
473
487
469
485
480
480
484
500
474
509
478
488
510
476
498
483
491
490
479
507
479
482
491
483
501
475
489
504
473
499
484
478
493
484
480
485
482
503
468
487
497
457
488
490
468
496
473
471
500
472
466
499
466
469
494
465
470
479
466
480
465
476
490
454
967
461
969
457
979
454
482
478
477
492
467
463
491
463
462
490
461
459
488
461
459
487
462
456
475
471
461
479
472
459
481
471
458
479
926
484
447
460
483
459
448
479
461
454
476
461
453
475
468
454
464
468
451
463
465
450
451
461
462
453
446
468
458
443
463
467
448
454
469
443
449
459
461
445
448
472
441
450
468
445
450
460
452
444
448
447
458
450
442
463
889
464
441
443
469
443
448
458
457
905
449
443
440
461
446
447
431
461
444
439
452
438
445
438
459
438
443
433
454
446
432
441
453
432
429
439
457
422
437
444
445
429
441
428
887
430
438
443
431
856
449
428
438
432
445
438
434
423
441
444
426
431
423
446
419
430
441
440
1285
452
431
430
435
437
434
438
423
438
444
425
428
430
445
422
432
444
435
432
436
419
447
438
428
860
446
418
433
878
432
434
419
444
438
426
871
435
418
426
439
432
422
440
439
425
440
429
448
439
421
879
870
443
442
420
427
446
438
426
432
438
436
429
415
433
445
420
853
436
1264
427
412
432
408
862
415
826
432
425
413
423
405
867
413
822
857
412
423
404
863
411
818
852
416
418
409
832
429
404
415
416
417
849
415
406
417
427
411
833
408
434
412
407
417
403
847
410
414
400
841
410
416
402
844
414
813
421
414
417
415
411
413
403
429
405
412
415
399
850
409
806
839
825
405
813
421
408
821
396
426
416
405
805
832
396
826
425
413
830
406
844
416
398
836
416
837
408
828
428
404
1236
435
411
406
813
843
823
405
826
422
404
824
409
842
408
817
424
405
402
418
405
424
411
401
409
396
417
410
403
411
395
813
415
397
809
392
829
402
790
408
392
825
399
793
401
391
416
403
399
1191
386
823
403
392
800
390
821
403
395
799
388
413
409
394
392
802
389
809
404
1193
392
792
407
403
389
404
395
397
385
409
399
799
394
393
794
392
817
391
390
392
401
388
814
396
388
794
386
797
398
396
788
391
390
392
405
396
792
388
386
388
403
390
397
397
388
1163
383
406
396
389
1160
382
782
392
394
774
384
763
403
390
785
382
377
774
377
794
388
380
775
376
1544
383
392
381
379
767
376
787
386
381
770
382
1142
372
778
776
774
380
373
775
376
761
774
789
390
381
771
381
761
774
794
389
377
774
383
377
384
387
384
795
390
379
771
380
386
379
396
385
393
387
379
345
415
389
374
782
389
390
383
385
381
379
381
770
791
381
378
771
377
1160
387
772
380
382
767
379
1159
383
377
1560
387
389
392
387
393
390
395
396
408
397
397
396
402
401
396
399
404
399
398
406
402
399
403
406
403
401
407
405
397
403
405
407
401
401
404
405
403
402
408
406
411
404
409
415
414
415
410
422
420
417
411
849
422
418
427
429
423
425
427
429
427
433
424
857
432
427
438
435
435
441
439
442
445
448
442
457
445
457
455
462
463
932
470
473
484
483
490
501
1536
514
498
496
495
497
507
519
568
616
626
624
602
1188
636
1136
810
775
727
709
1370
746
1166
900
684
640
574
578
542
550
549
559
554
564
616
612
617
643
642
643
620
592
587
576
566
560
560
565
566
576
605
624
627
630
646
633
623
633
612
615
641
636
630
633
634
616
612
639
642
654
651
669
700
714
708
775
759
739
702
711
697
711
689
673
675
694
697
684
682
683
668
632
617
608
601
593
604
601
587
584
594
609
625
642
664
708
757
728
719
725
702
676
666
666
665
670
686
689
689
691
688
682
677
688
688
685
690
695
694
688
681
659
649
649
650
662
730
843
857
813
771
756
735
729
734
734
723
719
710
681
671
671
679
680
690
712
732
742
729
723
702
687
687
692
691
696
708
713
706
702
712
698
688
688
691
689
692
703
723
726
734
738
740
729
723
720
708
693
685
687
685
684
688
702
702
712
725
734
729
732
736
719
712
708
708
696
693
703
705
711
713
697
687
679
681
684
694
708
714
722
727
728
717
714
712
699
693
689
683
691
705
719
719
729
736
725
724
721
712
705
705
704
701
702
711
710
716
715
704
688
680
678
675
680
688
706
737
770
786
762
749
739
728
712
703
699
688
688
692
715
728
742
765
764
750
738
739
719
711
705
707
697
705
715
713
704
703
708
707
701
699