1282
1174
1178
1243
1230
1157
1200
1288
1170
1086
1176
1246
1240
1371
1367
1268
1240
1295
1251
1203
1296
1278
1189
1266
1230
1144
1234
1217
1132
1169
1203
1117
1079
1179
1236
1206
1133
1167
1238
1229
1161
1238
1293
1299
1216
1232
1186
1169
1202
1261
1318
1235
1361
1259
1267
1434
1414
1329
1369
1366
1365
1517
1472
1376
1422
1371
1250
1276
1381
1226
1279
1407
1270
1251
1240
1143
1221
1257
1184
1205
1252
1182
1168
1253
1248
1242
1261
1203
1121
1201
1294
1318
1214
1269
1239
1147
1220
1217
1127
1143
1272
1378
1193
1327
1382
1335
1234
1280
1329
1333
1253
1370
1368
1326
1221
1281
1316
1217
1254
1453
1369
1315
1357
1319
1163
1222
1258
1146
1226
1370
1334
1296
1315
1274
1181
1191
1236
1204
1301
1388
1294
1274
1401
1388