1481
1344
1132
1235
1407
1374
1194
1091
1434
1522
1423
1304
1264
1344
1448
1385
1274
1280
1438
1477
1442
1434
1311
1373
1464
1453
1458
1380
1354
1364
1434
1449
1331
1217
1377
1429
1357
1260
1216
1331
1375
1356
1223
1167
1337
1400
1337
1195
1154
1264
1322
1397
1431
1324
1281
1403
1463
1372
1260
1137
1249
1514
1587
1402
1297
1316
1319
1284
1174
1250
1471
1507
1370
1261
1317
1385
1419
1386
1376
1474
1455
1315
1198
1196
1333
1479
1426
1297
1178
1143
1298
1455
1461
1343
1278
1346
1260
1139
1088
1257
1530
1479
1301
1196
1221
1355
1324
1229
1132
1186
1385
1388
1350
1198
1166
1229
1338
1395
1356
1213
1089
1138
1414
1412
1316
1139
1170
1288
1354
1370
1274
1292
1318
1266
1192
1257
1446