1304
1244
1182
1261
1263
1155
1122
1130
1428
1397
1306
1306
1344
1311
1308
1362
1377
1303
1384
1432
1282
1348
1457
1364
1393
1450
1359
1469
1429
1275
1414
1441
1367
1380
1386
1255
1386
1372
1286
1370
1315
1288
1460
1445
1421
1438
1445
1270
1312
1362
1232
1259
1351
1219
1150
1293
1339
1182
1250
1331
1194
978
901
941
1038
1351
1354
1251
1181
1224
1190
1041
974
982
1016
1075
1018
1004
1001
990
977
931
942
991
1150
1077
1123
1123
1014
978
1015
1069
1156
1117
1079
1189
1306
1216
1115
1092
1098
1174
1179
1102
1114
1069
1100
1297
1251
1094
1063
1188
1296
1205
1169
1365
1370
1215
1245
1192
1203
1212
1368
1238
1146
1148
1354
1314
1195
1232
1288
1245
1336
1398
1229
1192
1353
1209
1348
1340
1209
1375
1343
1202
1367
1398
1261
1254