845
854
894
981
988
935
898
896
931
960
977
1010
978
955
949
993
1015
1013
994
974
963
973
984
951
920
927
930
929
915
929
980
1027
1005
929
960
980
963
898
903
906
906
881
889
902
910
893
880
924
948
944
895
928
933
907
867
896
888
918
896
905
925
930
901
894
900
912
876
879
896
909
925
886
920
937
945
894
912
912
912
893
886
911
888
876
848
846
866
898
916
880
884
883
889
848
853
858
856
850
839
860
870
895
890
871
865
888
944
972
958
933
961
972
1002
998
992
992
1002
1021
993
972
971
993
947
957
960
963
961
990
1049
1070
1020
1021
1017
970
929
955
974
1000
944
963
978
977
937
965
1029
1046
988
989
1000
997
976
996
1010
1021
976
941
979
983
980
955
932
893
867
856
860
872
881
858
859
865
878
875
845
859
863
846
821
810
824
852
921
990
1011
1021
1007
1020
978
957
932
915
892
893
910
901
875
855
882
959
1041
980
949
1003
998
955
960
952
957
932
941
936
929
942
954
970
1059
1049
1011
1036
1032
914
876
872
888
947
927
966
1002
1031
968
976
945
933
926
957
1010
1069
1094
1057
1069
1135
1145
1100
1028
989
1042
1089
1099
1043
1061
1106
1104
1037
1020
1010