1043
1088
1033
1079
1086
1069
1128
1220
1188
1105
1029
990
1009
1194
1275
1257
1142
1062
1021
1023
1065
1076
1113
1099
1060
1107
1313
1288
1215
1140
1180
1195
1155
1140
1121
1158
1114
1058
1086
1206
1260
1177
1131
1133
1095
1028
1051
1154
1246
1166
1145
1218
1225
1128
1106
1129
1157
1133
1079
1031
1006
1004
963
978
1004
1009
1025
1034
1039
990
979
1012
1053
1099
1064
1076
1115
1124
1080
1054
1073
1124
1061
1088
1115
1135
1093
1074
1117
1202
1136
1056
1020
1039
1122
1139
1090
1084
1169
1233
1166
1090
1035
1021
1043