951
906
879
898
979
1160
1075
940
938
997
1198
1201
1182
1096
1007
955
941
1030
1220
1270
1125
1019
978
1029
1152
1200
1157
1218
1119
1041
1033
2133
1137
1058
1130
1137
1124
1065
1193
1199
1151
1115
1233
1146
1305
1355
1294
1164
1217
1200
1123
1048
1084
1192
1173
1120
1112
1206
1227
1139
1197
1188
1108
1124
1176
1177
1148
1232
1238
1121
1089
1188
1338
1206
1101
1214
1240
1143
1119
1147
1184
1146
1078
1075
1114
1116
1071
1053
1058
1081
1074
1072
1031
1004
1020
1167
1256
1182
1094
994
1073
1116
1105
1044
986
982
1044
1084
1099
1064
1084
1120
1140
1098
1083
1120
1116
1025
1063
1118
1103
1045
1057
1094
1122
1048
1035
1068
1086
1057
1112
1126
1071
1044
1053
1033
1024
1004
1012
1068
1022
1021
1066
1060
1035
990
1014
1034
1029
999
1060
1125
1114
1018
985
1023
1103
1090
1029
1090
1083
1067
1034
1036