1188
1062
986
1028
1253
1186
1137
1063
1013
981
999
970
992
1146
1352
1315
1258
1168
1096
1117
1247
1321
1346
1308
1181
1217
1267
1327
1287
1209
1233
1292
1189
1119
1189
1370
1430
1292
1141
1167
1151
1172
1159
1111
1083
1046
1022
1008
1036
1195
1183
1070
1082
1132
1134
1063
1006
1036
1091
1186
1194
1129
1094
1128
1133
1168
1115
1120
1251
1254
1211
1143
1075
1133
1260
1282
1185
1146
1188
1222
1246
1187
1124
1139
1159
1221
1164
1131
1215
1308
1343
1221
1104
1063
1101
1113
1163
1111
1063
1085
1294
1267
1154
1048
1000
1047