1289
1258
1261
1196
1175
1286
1284
1192
1222
1362
1321
1228
1296
1326
1229
1272
1352
1260
1163
1287
1280
1236
1409
1364
1188
1146
1271
1315
1124
1199
1428
1346
1170
1347
1392
1228
1286
1446
1304
1175
1267
1329
1271
1279
1384
1325
1206
1372
1349
1325
1397
1338
1220
1295
1284
1170
1230
1277
1151
1190
1358
1296
1186
1336
1322
1315
1395
1360
1216
1217
1336
1306
1235
1348
1264
1207
1299
1270
1165
1406
1327
1196
1318
1311
1161
1290
1373
1253
1252
1385
1355
1229
1395
1424
1324
1187
1313
1425
1369
1401
1388
1288
1360
1410
1396
1309
1345
1296
1225
1377
1389
1298
1380
1285
1210
1372
1269
1104
1128
1355
1284
1148
1188
1314
1234
1155
1240
1301
1215
1147
1183
1251
1267
1236
1318
1336
1263
1171
1229
1348
1358
1287