1357
1311
1147
1118
1466
1426
1217
1071
1188
1424
1337
1323
1164
1225
1358
1288
1327
1339
1316
1281
1255
1190
1303
1338
1342
1179
1147
1263
1388
1364
1280
1233
1391
1390
1346
1313
1271
1267
1287
1291
1256
1196
1137
1218
1378
1305
1124
1072
1332
1489
1359
1192
1228
1294
1229
1149
1198
1289
1227
1141
1202
1313
1322
1191
1201
1232
1199
1168
1271
1303
1206
1267
1265
1254
1151
1215
1243
1222
1164
1125
1220
1365
1353
1271
1184
1226
1299
1265
1265
1193
1171
1264
1332
1374
1295
1282
1404
1411
1348
1280
1207
1217
1200
1226
1404
1363
1347
1276
1206
1106
1167
1403
1312
1204
1273
1382
1336
1285
1254
1292
1272
1182
1156
1218
1269
1289
1215
1206
1313
1339
1303
1205
1271
1270
1231
1173
1238
1293
1271
1294
1341
1272
1156
1177