1297
1203
1254
1256
1225
1218
1226
1141
946
914
810
1105
1412
1340
1279
1245
1167
1006
898
843
866
1156
1337
1341
1321
1302
1257
1108
979
954
968
1146
1249
1295
1257
1262
1212
1077
993
1065
1244
1323
1308
1253
1217
1197
1088
986
964
1014
1189
1292
1243
1220
1175
1133
1056
999
984
1066
1258
1298
1227
1175
1131
1084
1001
941
923
1007
1223
1267
1204
1168
1118
1040
935
873
868
962
1248
1306
1298
1246
1196
1188
1093
999
963
1009
1233
1376
1354
1273
1238
1106
984
962
1028
1254
1365
1280
1213
1131
1073
960
895
870
898
1146
1285
1337
1280
1210
1098
996
918
859
951
1302
1368
1331
1247
1168
1075
990
921
906
981
1384
1369
1323
1247
1180
1105
979
986
1025
1255
1324
1281
1223
1120
995
936
849
849
841
841
855
808
785
902
1265
1229
1193
1079
1001
988
1090
1268