898
897
967
1194
1313
1157
1087
1091
1024
1015
937
919
915
910
964
1170
1205
1182
1103
1021
1019
1037
1166
1282
1188
1119
1114
1059
1015
1037
1124
1281
1235
1115
1111
1174
1240
1273
1142
1085
1131
1167
1105
1042
1036
1110
1202
1147
1065
1119
1179
1166
1089
1065
1064
1086
1093
1083
1132
1138
1104
1066
1085
1152
1148
1094
1047
1067
1045
1018
1029
1008
1052
1124
1178
1146
1071
1060
1071
1112
1131
1108
1181
1221
1142
1081
1102
1150
1160
1093
1013
1051
1109
1125
1055
975
983
1023
1032
1028
996
998
977
968
963
1002
1064
1040
1005
1057
1153
1153
1108
1031
1029
1154
1233
1110
1016
1029
1131
1289
1230
1125
1040
1099
1218
1225
1163
1083
1069
1159
1258
1174
1094
1110
1182
1210
1181
1104
1075
1100
1219
1257
1194
1109
1121
1166
1188
1162
1114
1049
1178
1161
1180
1133
1101
1133
1209
1165
1078
1021
980
960