1013
1084
1286
1285
1289
1205
1143
1207
1160
1145
1213
1154
1195
1092
1218
1047
1132
1025
1067
1025
1021
1016
1034
1042
994
908
870
866
877
910
938
945
966
990
980
995
944
943
964
977
979
1275
1175
1069
1126
1059
933
888
890
870
922
1020
993
1120
966
947
904
874
849
842
831
840
802
789
756
726
716
702
688
683
672
666
656
649
639
635
625
616
615
604
605
603
589
588
584
577
578
569
565
564
563
560
549
553
548
554
544
543
541
545
533
536
532
537
525
530
529
528
524
523
527
520
521
519
526
515
521
521
517
518
514
521
509
517
515
513
514
511
512
508
511
511
509
510
506
509
502
505
506
501
505
501
501
500
498
504
494
499
499
494
497
495
498
494
493
499
494
491
497
492
493
493
493
496
497
495
498
494
498
495
493
500
495
492
498
493
491
493
492
494
493
491
496
495
494
496
495
497
493
495
497
492
496
498
491
496
492
491
491
489
494
487
489
494
489
489
495
491
490
491
491
491
487
489
492
487
489
490
484
490
491
483
491
488
483
491
486
484
487
485
485
484
482
483
484
478
481
484
478
479
482
479
481
480
477
478
483
481
482
486
480
483
485
484
484
483
481
485
486
484
486
487
486
486
489
489
488
488
489
488
485
489
492
484
490
490
484
490
487
482
487
483
480
483
480
479
481
479
479
486
479
483
489
481
485
490
482
484
488
485
481
485
483
482
484
483
482
487
481
483
489
483
485
488
485
484
491
487
486
489
488
490
489
490
490
490
486
491
490
486
492
491
487
488
488
489
486
487
490
494
491
490
491
489
493
488
486
490
485
481
488
486
479
487
485
480
487
484
481
485
485
482
486
486
484
484
484
482
488
483
481
487
487
481
488
486
485
491
487
484
489
488
486
491
489
489
495
488
493
498
489
494
495
490
490
491
490
489
489
489
488
486
488
490
484
488
492
487
494
494
493
496
491
493
498
492
490
495
491
492
491
490
490
493
489
491
491
493
490
491
494
495
489
497
495
490
494
492
490
493
489
490
497
491
491
496
494
491
496
495
494
492
493
496
490
495
496
492
495
496
493
497
495
493
495
492
491
498
490
493
498
490
495
494
493
493
493
494
491
489
493
496
492
497
498
496
503
500
502
505
505
511
507
510
512
507
508
509
506
509
502
503
510
502
508
507
503
507
503
507
503
505
512
503
513
513
513
513
510
515
508
503
510
503
501
504
502
504
503
506
507
506
511
505
507
510
505
505
505
505
501
498
502
505
498
508
506
501
507
502
504
502
503
505
500
504
505
500
505
501
497
500
497
496
497
495
497
498
494
495
494
496
500
497
503
502
499
507
504
502
508
507
503
501
501
504
496
501
500
496
499
500
497
504
496
499
502
496
499
499
493
498
498
495
494
491
492
495
489
496
497
492
496
498
496
496
501
499
503
500
501
510
498
506
507
498
500
500
497
496
494
494
490
492
496
493
491
500
499
493
504
500
497
503
498
501
499
498
503
498
499
501
494
498
499
495
498
503
502
507
507
515
518
519
525
532
535
535
535
535
536
532
530
537
547
563
570
593
608
600
607
612
608
597
587
589
589
594
595
596
597
619
639
641
648
646
630
639
641
640
638
645
630
625
619
619
622
630
634
626
617
620
611
607
615
616
633
659
680
691
756
732
762
781
769
726
720
697
670
665
670
672
715
907
915
860
840
792
766
757
749
742
843
915
860
797
802
813
792
854
894
869
896
848
813
779
740
732
781
1323
1017
990
999
937
972
904
839
784
757
778
925
1112
1005
1020
930
871
859
843
848
811
786
769
738
746
810
907
1009
1093
986
966
894
859
827
840
870
863
888
907
921
933
959
907
887
874
852
826
842
863
894
935
938
902
866
823
788
776
779
770
791
870
1028
910
873
866
817
788
768
762
759
751
761
760
773
784
793
797
781
756
740
759
773
778
728
727
714
708
721
747
762
766
776
776
778
779
798
777
771
795
798
796
824
876
900
901
848
799
778
763
739
750
791
866
869
811
799
791
806
836
844
893
942
874
839
806
770
759
747
740
743
755
770
791
814
806
774
753
734
736
755
763
767
802
864
891
867
873
845
839
890
930
978
979
933
920
898
878
877
916
928
954
917
900
903
867
861
851
851
855
862
854
845
811
786
768
744
730
725
751
780
817
834
861
849
827
827
816
803
794
787
798
808
819
842
844
835
833
823
823
807
783
755
739
732
741
786
854
1042
1038
1052
998
939
907
866
844
838
823
830
843
840
825
807
795
783
767
759
756
809
826
803
813
805
773
786
763
758
749
755
780
806
809
821
830
837
870
859
849
860
855
965
923
922
791
923
800
784
754
737
736
720
732
723
737
748
766
785
779
788
803
815
826
825
841
873
883
900
863
841
818
814
801
779
771
750
718
724
706
685
679
684
731
860
946
931
945
903
889
842
798
771
764
756
766
786
799
815
804
753
762
758
773
780
770
754
735
729
727
732
739
774
819
859
879
868
843
825
798
791
805
800
782
760
739
728
723
736
753
787
810
882
959
959
944
904
884
884
862
865
879
913
927
908
912
884
876
894
870
889
895
892
835
812
752
716
692
674
656
665
686
715
782
863
817
816
773
738
725
706
688
685
667
675
665
650
661
648
641
640
627
621
623
619
607
613
617
618
618
631
631
630
644
648
637
643
640
626
638
628
618
614
617
621
616
634
642
644
669
671
657
669
659
652
649
658
659
650
658
657
644
654
648
642
661
658
656
680
686
682
704
699
684
694
687
682
688
678
671
672
672
669
682
678
674
685
682
670
683
678
658
663
655
643
646
640
628
640
644
643
662
675
697
694
712
701
693
692
673
674
666
649
655
661
656
663
679
692
690
711
709
697
703
695
681
683
675
669
682
690
693
715
724
734
726
711
715
696
679
685
673
664
668
670
668
673
686
694
689
707
706
695
692
674
677
668
655
667
665
660
686
712
713
753
741
728
710
682
678
668
658
671
683
688
696
708
707
706
710
690
681
682
664
669
673
661
665
673
677
687
707
721
735
743
722
722
712
690
693
690
689
701
703
715
725
722
729
726
719
727
724
713
712
705
709
718
726
746
729
742
742
715
686
704
704
718
738
745
754
722
721
723
727
733
719
713
706
699
704
715
719
737
737
708
714
702
683
691
695
695
715
717
714
727
731
714
723
714
694
692
680
675
680
688
691
704
734
725
726
718
693
689
681
664
666
661
670
685
688
704
706
697
708
694
680
685
672
668
666
656
658
656
655
650
663
671
676
692
688
689
689
681
680
678
680
664
671
671
662
670
668
680
685
680
679
667
673
663
654
648
635
635
627
620
620
613
619
612
613
616
618
629
620
623
624
620
618
618
613
612
611
615
615
605
605
606
608
607
607
605
606
602
600
600
595
591
588
587
581
582
580
576
581
575
576
581
586
589
588
585
585
585
576
575
569
567
566
556
561
561
557
561
562
567
572
567
574
573
573
580
576
578
573
570
571
568
562
563
565
556
563
562
564
567
570
571
574
578
569
577
574
573
569
570
567
565
567
560
566
563
562
563
564
563
565
566
563
563
561
560
552
553
549
552
546
544
546
550
543
547
546
544
543
542
539
542
542
536
544
539
537
535
542
537
539
539
540
536
537
540
536
539
538
538
539
541
534
543
536
535
532
535
529
527
529
526
525
527
533
524
531
531
528
532
530
530
527
530
529
528
529
528
528
528
533
530
535
533
536
532
541
535
532
532
530
528
522
527
521
521
524
522
520
522
526
521
526
525
530
524
524
521
521
521
518
523
519
515
519
517
517
516
522
521
521
525
520
530
528
534
530
534
532
530
527
525
525
519
523
521
524
524
523
528
528
532
527
535
526
530
528
529
525
525
529
525
526
523
528
521
521
524
513
520
517
515
517
512
514
509
514
515
514
517
514
521
517
520
519
520
521
518
527
520
520
518
521
518
519
521
515
521
520
521
522
525
525
530
530
531
533
530
532
531
529
528
526
521
526
521
521
520
517
514
509
511
508
508
507
509
510
508
509
509
505
504
501
501
500
498
499
497
496
498
495
497
496
494
495
492
492
497
489
493
497
489
494
495
492
494
492
493
491
493
496
493
494
497
494
492
499
496
493
501
496
495
502
502
499
500
500
500
497
499
498
491
499
493
490
494
491
491
492
490
492
494
490
494
495
489
495
492
489
494
492
491
492
491
488
490
487
491
488
485
491
489
488
491
486
487
491
485
485
487
482
485
489
486
486
487
486
487
486
484
487
485
486
488
489
484
487
490
482
489
487
484
486
487
483
485
484
483
482
482
480
479
479
479
480
476
478
479
477
476
478
478
475
477
481
473
479
481
474
479
482
478
479
482
479
474
479
475
474
476
474
473
479
474
476
479
475
474
479
473
473
479
473
473
477
475
472
478
478
473
479
479
474
479
477
472
475
476
472
473
474
471
470
475
470
467
472
469
464
468
466
464
465
464
464
462
466
462
458
462
459
457
458
457
459
458
461
459
458
457
459
459
455
457
455
453
455
454
455
453
454
453
454
452
454
452
450
454
450
452
451
454
451
451
451
452
451
449
454
451
448
454
453
452
450
453
452
453
450
456
450
448
452
451
449
448
452
450
448
449
452
447
445
450
447
444
447
448
444
443
445
448
445
443
449
448
445
448
448
446
443
445
449
443
442
448
448
443
445
446
446
442
444
448
443
440
445
445
441
439
438
442
438
438
439
438
438
438
436
439
438
439
438
437
441
437
436
438
438
437
437
435
438
435
436
436
434
437
436
433
438
439
438
434
436
439
435
435
439
436
435
436
433
436
435
431
435
436
433
432
432
436
433
430
434
436
434
431
433
437
434
430
435
436
432
431
430
433
429
429
431
427
428
430
427
430
428
430
428
429
431
429
424
433
432
429
428
427
432
426
428
427
429
427
428
426
429
428
427
426
427
429
428
426
430
432
429
428
428
431
427
427
429
428
426
427
425
426
426
427
424
425
428
424
424
426
426
424
423
423
426
423
422
421
419
427
422
422
421
424
424
421
420
424
423
421
421
421
422
419
421
419
419
423
419
417
420
419
417
420
416
418
420
418
417
417
420
416
417
417
418
419
415
416
417
415
415
417
410
418
417
415
413
413
415
413
413
412
409
414
413
412
409
412
414
411
412
410
409
413
409
410
409
410
411
408
408
408
406
410
407
409
407
407
408
406
406
405
404
406
404
406
403
404
406
406
404
404
402
404
404
403
404
400
405
403
404
403
400
402
402
405
401
401
402
402
399
400
401
400
398
402
402
401
399
399
402
398
401
399
400
398
399
403
402
399
398
398
399
398
398
398
396
400
398
396
397
397
396
397
401
400
398
396
396
400
396
397
398
396
396
397
400
397
396
396
396
398
396
397
397
394
397
399
399
396
396
399
395
398
396
397
396
396
398
398
396
396
395
398
396
397
396
395
397
397
396
396
396
396
395
397
397
396
395
394
396
396
394
396
391
396
395
394
393
392
394
391
395
396
393
391
389
394
393
393
392
390
392
392
390
390
390
391
387
392
389
389
389
389
388
387
390
390
389
389
387
386
386
390
388
388
387
386
387
389
388
386
388
385
384
389
387
385
386
386
385
385
387
386
387
386
384
386
386
387
386
387
387
385
387
388
386
386
387
385
383
388
388
387
386
385
386
385
387
389
386
386
383
386
384
387
383
385
386
385
385
386
388
387
388
385
385
389
385
387
387
386
386
386
389
390
387
387
385
387
387
391
387
389
386
386
388
390
387
386
384
387
384
387
386
386
384
383
389
385
385
385
384
382
382
386
386
382
383
381
380
383
385
381
382
381
380
381
384
382
379
379
379
378
381
382
380
378
378
380
376
379
380
379
377
376
378
377
380
379
378
377
374
377
376
380
378
376
375
373
377
375
378
376
374
375
374
375
375
376
374
375
374
372
375
376
376
374
375
374
372
374
375
376
372
373
375
372
373
375
374
372
373
372
371
372
375
374
371
371
372
372
372
372
373
372
371
373
372
372
373
373
373
372
373
373
372
374
374
373
372
373
373
371
374
374
372
372
371
370
373
374
373
370
372
369
369
374
370
369
370
372
369
368
370
369
371
372
370
369
368
369
367
370
372
369
368
369
367
366
370
370
367
368
368
369
366
368
369
365
369
369
368
366
368
368
365
368
368
368
367
367
364
366
366
369
368
366
368
366
364
367
367
366
366
367
368
364
365
366
365
365
367
366
365
365
366
363
365
366
367
365
367
367
364
363
367
367
366
365
366
366
364
365
368
361
368
365
365
364
363
363
365
365
366
366
365
363
362
361
365
366
366
362
363
364
360
363
362
365
363
361
364
361
360
361
365
362
361
362
363
361
359
362
361
363
363
361
361
360
361
358
362
363
361
360
363
360
358
363
361
358
363
361
359
361
359
358
362
363
360
360
359
363
359
361
357
361
362
360
359
364
358
358
361
360
357
360
360
360
359
359
358
359
362
360
357
361
359
357
359
361
360
358
359
361
358
356
359
361
358
358
361
359
357
358
361
356
361
361
359
359
357
358
359
363
358
360
359
358
360
356
358
360
359
357
360
357
356
359
357
358
361
357
356
356
356
358
357
354
359
356
356
355
354
358
356
354
360
356
354
356
354
354
357
356
355
354
356
356
354
355
354
354
357
356
354
356
354
354
356
356
353
358
354
358
354
354
353
356
357
356
354
355
354
353
356
353
354
356
354
354
355
354
353
355
352
355
356
353
355
355
353
355
354
352
356
355
354
354
353
354
354
358
356
353
355
353
355
354
352
355
355
351
355
352
353
354
357
351
355
355
354
353
353
352
355
353
355
352
354
352
353
355
353
354
355
354
353
351
353
353
355
353
353
352
353
352
352
351
350
354
354
352
354
351
353
350
351
353
352
352
353
353
350
351
349
354
350
352
354
349
354
348
351
353
351
351
353
350
352
353
348
354
350
350
354
351
351
351
350
353
351
351
353
352
351
349
349
354
351
352
351
353
349
348
351
350
354
351
351
352
348
352
349
348
352
350
350
351
349
349
350
347
352
351
349
351
346
351
347
349
351
349
349
351
348
348
347
347
352
351
349
350
347
350
345
349
350
348
348
351
347
347
347
345
352
349
348
349
347
349
343
348
349
349
346
349
349
345
346
345
352
349
347
349
345
350
344
348
349
348
346
350
346
346
346
346
350
347
349
348
344
349
345
346
352
345
348
347
346
347
348
346
349
346
348
348
343
349
346
346
351
345
347
346
346
349
345
347
349
346
347
345
344
349
346
348
348
346
346
344
346
347
350
346
349
347
347
345
345
349
348
347
348
345
349
343
348
347
688
348
346
345
348
348
347
346
347
346
345
346
349
342
345
346
347
344
348
344
346
346
341