554
543
527
515
507
498
496
489
485
482
480
478
475
470
465
462
460
459
461
464
476
479
484
486
493
495
495
495
496
495
494
493
490
487
488
485
484
485
483
483
482
484
488
494
508
512
518
534
538
539
540
539
544
545
539
535
529
524
519
516
512
512
511
509
509
508
505
501
498
498
497
500
502
500
503
505
502
504
506
505
504
500
498
493
488
480
479
474
475
474
477
483
490
500
511
517
521
521
517
516
511
505
499
491
486
483
476
478
476
473
474
472
471
470
466
464
463
464
464
469
475
478
487
496
511
532
555
562
565
569
565
556
540
528
513
498
486
475
474
463
457
454
452
452
449
454
478
541
650
655
702
707
715
721
694
601
582
565
553
539
525
516
508
505
500
495
493
489
485
484
481
476
474
472
469
469
473
477
483
492
500
499
496
498
491
486
479
473
467
462
463
458
456
462
466
471
472
471
472
470
469
466
467
467
477
486
500
508
521
533
543
546
555
561
563
567
566
564
558
551
546
544
541
541
542
547
557
554
551
546
538
531
523
515
517
518
519
520
525
527
521
515
516
513
505
501
497
493
489
492
495
504
515
523
521
523
521
522
520
518
510
503
490
485
473
464
458
459
467
495
531
545
563
617
671
690
695
693
683
597
551
540
523
521
511
501
493
484
478
475
475
474
473
476
481
481
480
480
479
478
483
493
506
519
530
548
565
576
570
563
557
549
540
531
523
517
514
512
510
509
508
509
508
509
510
512
513
514
515
517
517
515
511
509
504
501
491
485
472
464
454
449
445
454
511
636
650
652
666
676
682
701
724
732
728
731
694
631
631
623
594
569
553
544
530
513
496
481
472
469
468
476
484
498
513
520
522
526
523
520
521
525
524
521
518
513
506
497
494
486
492
505
531
539
552
558
560
558
547
540
532
523
516
506
497
488
482
474
471
470
473
479
484
506
531
562
585
590
586
570
550
528
521
505
499
486
486
479
475
466
463
459
456
464
463
471
472
472
468
460
463
457
460
452
449
446
443
440
434
434
426
422
422
417
422
427
432
435
440
446
461
465
471
477
482
502
515
518
524
528
528
524
516
505
491
481
474
472
472
467
465
474
468
468
471
468
467
465
465
459
459
454
450
452
447
451
449
455
450
450
446
445
456
453
455
450
450
451
445
451
449
450
446
444
440
435
435
431
432
427
425
438
450
466
482
488
509
520
498
518
517
491
507
501
493
482
493
492
484
475
481
480
474
460
467
468
473
462
454
455
451
455
449
438
431
433
431
429
435
434
429
420
411
410
405
402
402
408
407
407
398
400
401
399
400
407
412
413
415
415
421
423
425
424
427
424
421
418
419
412
406
405
405
404
407
411
412
406
404
405
407
406
401
396
398
396
392
393
396
399
398
398
403
403
397
396
400
398
398
394
394
393
393
396
395
400
396
393
393
396
395
394
391
386
388
389
384
380
376
379
378
380
374
375
375
376
377
378
377
377
380
383
386
384
386
387
389
392
392
392
394
397
399
400
394
395
393
390
389
389
386
384
383
376
377
378
376
377
376
379
380
381
383
385
391
393
396
393
396
396
396
397
393
393
391
392
391
393
395
393
393
395
394
396
396
400
396
396
396
396
395
398
399
393
389
391
392
391
383
383
380
384
375
375
371
376
370
365
368
367
368
370
371
364
368
368
370
374
375
375
378
379
384
387
387
388
391
395
390
391
391
394
386
389
386
389
388
383
384
384
385
386
382
385
384
387
386
380
379
382
380
385
379
378
377
380
379
379
380
379
379
382
381
381
383
385
386
388
388
391
389
387
386
386
385
386
382
381
380
382
381
382
383
379
384
379
385
377
381
380
380
373
372
372
374
371
371
363
364
363
365
359
355
357
361
361
362
366
365
366
367
372
373
374
372
377
378
379
379
381
382
385
385
386
383
385
382
380
379
381
378
378
380
378
381
382
383
378
382
381
383
379
379
380
385
383
381
378
381
376
378
373
371
368
370
366
370
365
365
364
358
359
359
363
362
367
366
367
365
369
370
370
364
367
367
364
361
362
364
365
362
361
365
366
368
369
373
367
375
372
373
369
371
370
372
367
367
366
369
366
364
359
364
362
361
353
358
356
359
353
357
354
357
360
358
362
361
364
361
359
359
361
360
362
357
357
355
354
350
350
351
352
355
354
354
354
355
355
356
354
358
356
356
355
358
359
363
362
364
366
372
368
373
374
379
375
377
379
380
376
378
375
376
370
370
373
371
373
367
370
367
365
364
364
361
365
364
362
360
359
361
362
360
358
353
356
355
354
350
350
352
353
356
352
356
351
352
353
352
349
354
354
349
347
351
354
354
357
354
354
356
358
358
359
357
357
356
356
356
359
363
362
365
369
373
368
368
367
366
361
370
361
359
356
357
357
356
351
353
353
352
347
350
352
355
350
351
355
358
360
365
364
365
368
370
369
367
369
368
369
363
367
363
364
359
363
358
359
356
355
353
354
351
350
348
349
349
340
340
341
343
344
347
345
347
347
351
346
350
349
354
354
354
352
355
355
360
359
362
359
361
360
365
362
360
361
359
362
358
358
356
357
355
354
350
350
349
350
345
344
341
339
342
342
345
342
345
343
346
345
341
339
350
342
343
346
347
350
350
352
348
349
351
354
349
348
348
351
347
342
345
346
348
347
349
343
345
342
346
343
342
339
337
335
340
341
338
339
338
341
337
333
336
338
333
336
339
336
339
337
338
334
338
339
337
336
338
339
342
341
338
340
341
344
346
338
342
342
346
346
347
347
350
350
347
348
350
349
346
346
347
347
343
342
343
343
339
337
340
338
335
332
337
330
331
331
334
336
334
337
337
337
339
339
340
343
337
339
342
343
337
345
341
344
345
344
346
349
346
346
346
344
345
347
350
345
350
346
348
344
344
339
341
340
341
339
340
334
334
335
336
330
330
332
333
335
336
338
336
339
340
344
342
339
339
343
340
341
339
336
336
336
337
336
338
337
338
337
340
337
337
336
337
336
336
333
333
331
331
330
332
334
332
334
333
336
334
332
333
334
336
337
331
336
335
338
340
338
341
340
344
339
337
338
339
338
339
331
335
334
333
329
334
332
331
333
333
332
330
330
330
332
331
328
327
330
333
331
333
332
331
329
331
331
337
329
328
331
330
332
333
332
329
329
329
330
332
327
329
328
333
331
334
330
333
333
333
332
330
329
331
331
330
327
328
326
328
322
325
324
325
321
323
323
325
325
323
327
327
327
327
325
328
331
329
325
325
330
327
327
329
325
326
329
329
328
329
327
326
327
326
329
327
323
325
324
326
326
324
321
324
322
324
324
324
326
325
326
325
325
329
329
326
324
325
326
329
323
322
328
324
325
323
323
324
323
327
324
324
324
325
326
325
323
324
325
326
323
324
322
323
321
324
325
323
324
324
322
323
322
324
324
323
319
319
327
318
320
322
321
324
322
323
323
321
322
320
322
322
322
323
318
318
320
322
321
321
322
323
321
321
319
321
321
320
319
319
318
320
318
321
320
323
320
322
319
322
316
321
319
317
315
321
320
321
320
321
319
319
318
321
318
320
322
315
319
319
318
320
321
321
321
322
322
322
321
323
322
322
319
323
321
321
317
321
319
322
315
320
316
318
316
317
318
319
318
318
320
319
321
319
320
320
318
323
321
322
318
319
321
320
319
314
318
317
317
314
315
316
315
314
317
318
317
317
317
317
316
315
319
317
319
316
315
318
316
317
316
316
313
317
313
314
315
316
316
315
317
314
315
317
317
318
316
313
314
316
318
313
315
315
316
318
316
318
317
318
317
319
318
319
315
317
316
317
317
321
313
314
317
317
317
317
318
318
319
319
316
319
319
316
317
316
317
319
319
313
316
316
314
318
315
320
317
318
316
318
317
315
319
318
318
315
313
322
318
316
316
317
317
317
320
317
322
318
319
318
318
318
318
319
319
316
316
317
319
316
316
314
316
315
317
317
316
319
317
318
317
315
319
318
319
318
315
318
318
321
313
317
314
315
314
317
316
318
316
316
317
317
316
317
316
317
317
317
318
316
319
317
318
315
320
317
318
316
316
317
317
316
315
314
313
317
314
313
313
309
313
313
315
304
313
311
311
310
310
312
312
310
313
313
313
313
312
311
313
312
313
311
310
313
311
310
307
313
310
311
308
310
312
311
310
311
310
313
310
310
309
306
309
310
309
310
308
307
309
307
310
312
309
313
312
310
312
309
310
311
306
310
310
311
305
311
308
308
311
308
313
309
309
312
307
312
309
309
308
306
309
309
308
307
310
310
310
310
309
308
311
310
311
306
305
309
309
313
304
307
310
308
308
309
308
310
309
309
307
307
307
309
306
305
308
304
308
307
309
309
307
307
308
306
306
305
308
312
303
306
306
308
307
307
306
308
307
307
307
304
306
305
306
303
306
308
306
308
307
308
305
304
306
305
308
301
306
307
304
308
307
308
308
306
305
308
305
308
304
306
307
308
302
302
308
306
303
304
306
303
306
307
306
307
305
302
306
306
307
302
303
303
308
305
300
306
302
305
305
306
306
304
302
307
305
307
301
300
305
307
304
299
305
305
304
306
301
306
304
303
304
305
299
302
305
309
298
303
304
304
306
303
307
304
304
305
304
306
306
301
303
305
307
301
303
304
304
303
305
305
303
307
303
307
304
303
305
303
304
305
299
301
303
308
296
303
301
302
304
302
303
302
302
302
301
301
303
298
298
303
304
297
303
301
300
304
299
304
301
303
299
301
300
301
299
300
299
300
301
300
303
300
300
300
303
301
301
297
300
300
303
297
300
298
299
302
299
304
299
300
301
300
301
300
299
300
300
298
301
299
302
299
301
300
300
301
301
296
298
303
302
297
301
300
298
301
298
302
300
302
297
299
298
301
298
296
299
300
294
296
298
304
291
302
296
298
298
299
298
298
299
296
302
298
300
296
303
298
298
298
300
299
299
298
300
302
302
299
298
299
297
302
298
300
295
299
297
301
292
296
296
303
291
295
297
295
295
297
297
296
297
298
298
296
298
295
299
296
298
292
296
297
292
295
298
298
295
297
296
299
295
298
293
296
294
299
292
293
295
294
295
296
297
295
296
295
299
294
297
293
296
296
297
291
292
296
299
290
294
296
293
295
296
297
293
298
292
298
296
298
291
291
296
299
289
292
296
292
297
293
295
295
297
292
296
292
298
293
292
293
294
294
294
297
292
297
292
297
294
297
290
293
294
290
295
294
296
293
295
294
296
296
298
291
293
293
299
291
292
293
294
292
296
293
295
293
297
293
296
291
292
295
296
289
292
293
294
295
293
293
295
293
295
292
292
291
293
290
294
291
295
291
295
292
295
295
290
288
297
293
288
293
292
292
291
295
293
291
294
291
295
292
292
293
292
287
296
293
287
291
291
290
292
293
292
294
290
287
295
292
294
289
291
294
289
291
295
284
298
288
289
290
293
293
288
291
291
286
292
285
289
290
287
291
290
287
289
288
293
292
288
291
287
293
294
291
292
289
291
290
292
294
292
294
292
292
296
294
293
293
297
297
297
296
298
296
301
301
299
300
300
305
303
302
303
304
306
307
306
304
308
311
308
309
307
309
312
312
311
308
313
313
315
314
311
314
315
316
315
312
315
317
315
316
313
319
319
316
317
316
313
319
317
320
318
317
318
323
322
317
320
324
324
321
321
326
320
317
325
322
322
320
320
322
324
323
319
323
324
324
317
325
324
323
320
317
322
323
322
319
319
327
321
322
319
326
323
317
320
326
321
318
327
316
324
318
323
322
325
329
333
330
330
328
332
335
333
332
326
334
334
331
330
337
337
333
338
345
344
338
354
354
348
356
365
358
354
365
368
361
360
371
365
361
372
366
356
376
368
361
361
371
372
364
359
366
369
362
366
373
369
368
377
375
370
382
381
375
388
385
384
390
388
376
392
389
378
388
389
382
383
391
386
386
393
393
385
396
400
396
396
404
400
396
406
401
395
404
401
392
403
407
400
393
411
401
404
416
405
402
406
403
398
394
403
399
396
390
396
392
389
385
387
382
378
375
377
376
374
371
374
376
377
376
379
381
383
378
381
384
385
382
378
383
384
382
379
380
384
382
379