3239
980
1104
1129
1138
1022
1016
1130
1383
1256
1080
961
970
1292
1080
1015
1028
1311
1248
1083
1088
1146
1070
1002
927
922
960
1045
1040
1024
969
970
1019
1177
1165
1026
976
995
1064
1081
985
982
1034
1150
1104
1054
1059
1086
1146
1074
1032
2167
1124
1122
1017
1138
1297
1137
1049
1066
1181
1181
1134
1165
1264
1184
1085
1113
1221
1189
1162
1274
1257
1193
1160
1151
1173
1154
1086
1061
1127
2315
1081
1177
1256
1107
1044
1057
1058
1070
1056
1151
1125
1054
1034
1076
1145
1210
1205
1072
1048
1065
1254
1169
1086
1014
976
1015
1096
1155
1085
1073
1109
1106
1099
1011
997
1048
1168
1140
1103
1169
1224
1180
1080
1030
1057
1149
1129
1080
1103
1240
1296
1152
1072
1062
1122
1166
1201
1272
1279
1148
1187
1196
1167
1046
1023
1090
1197
1179
1121
1167
1162
1099
1076
1152
1166
1124
1029
1021
1111