1136
1131
1073
1037
1047
1096
1124
1076
1010
1025
1011
1008
1022
1006
1000
1019
1049
1060
1051
1096
1132
1158
1123
1119
1126
1092
1038
1062
1114
1091
1080
1122
1184
1151
1074
1133
1146
1112
1148
1137
1082
1016
1021
1050
1044
1016
1048
1095
1111
1059
1110
1106
1079
1042
1041
1058
1056
1022
1063
1129
1202
1158
1127
1121
1113
1083
1136
1224
1155
1047
1037
1157
1243
1149
1165
1166
1142
1060
1068
1167
1284
1267
1235
1151
1121
1057
1044
1112
1116
1081
1092
1115
1123
1063
1132
1127
1065
1046
1093
1137
996
945
926
922
936
925
906
919
987
1013
1014
994
972
947
955
977
984
997
991
960
1003
1132
1203
1177
1063
1036
1090
1141
1138
1086
1125
1139
1194
1151
1117
1104
1070
1139
1163
1100
1018
1043
1160
1251
1146
1182
1193
1172
1196
1149
1102
1034
1009
1014
1006
968
1007
1029
1028
989
1017
1094
1203
1102
1033
1081
1075
1079
1053