1144
930
853
1396
1336
1172
1143
973
1038
975
913
914
1033
963
879
825
834
1270
1182
1050
872
882
1068
1247
1195
1181
1050
1105
1135
1151
1070
964
1026
1116
1052
983
1067
1114
944
1059
1028
1068
917
854
890
1020
1075
1103
973
930
1012
1025
933
1034
1046
977
896
977
1119
979
902
984
1048
1086
1026
1066
1004
943
1000
1016
854
835
868
988
1099
1103
1020
975
1027
1024
992
896
882
1003
1053
1058
955
980
1046
1075
940
950
1003
1006
885
835
883
1001
1107
1056
1003
965
1003
1017
922
868
940
1063
979
896
992
1052
1002
901
964
979
962
890
874
902
954
1015
1008
950
917
888
853
886
831
804
800
814
970
1021
879
876
906
918
946
991
933
903
943
961
982
887
915
1010
1011
896
955
983
969
882
895
924
970
1012
938
875
853
904
962
1003
995
879
803
754
815
865
1073
1049
1025
929
817
797
800
828
985
1142
1153
1114
1084
1046
996
956
944
899
854