1188
1102
1166
1251
1194
1059
1091
1215
1223
1124
1219
1340
1307
1255
1296
1308
1273
1174
1262
1284
1140
1155
1365
1186
1202
1430
1289
1218
1376
1307
1196
1380
1389
1343
1260
1216
1423
1419
1306
1265
1130
1105
1284
1425
1277
1097
1153
1294
1262
1224
1149
1187
1255
1265
1137
1158
1204
1207
1099
1085
1232
1254
1223
1067
1085
1277
1488
1302
1305
1279
1263
1298
1231
1180
1198
1237
1191
1066
1104
1285
1270
1092
1125
1210
1098
1044
1138
1334
1312
1276
1155
1175
1213
1207
1155
1259
1351
1230
1088
1121
1252
1238
1170
1256
1239
1144
1176
1293
1247
1164
1249
1229
1152
1218
1259
1266
1220
1246
1229
1137
1259
1293
1198
1293
1275
1149
1127
1294
1290
1177
1292
1332
1218
1258
1233
1157
1181
1231
1184
1181
1249
1209
1121
1241
1229
1131
1152
1230
1162