932
886
956
890
886
897
885
865
861
868
886
852
869
875
885
865
871
879
865
856
858
847
824
815
822
846
833
837
834
841
823
815
814
830
847
828
836
851
850
814
807
813
838
821
796
813
842
773
735
729
755
742
755
787
858
845
792
1463
714
719
707
701
726
843
748
1040
839
829
843
868
883
854
833
841
858
881
874
851
856
873
898
881
876
866
891
897
868
875
882
888
857
839
839
837
899
931
860
813
780
802
868
884
866
865
879
916
940
924
863
864
863
891
908
809
987
900
936
867
994
903
910
881
959
897
922
881
1077
932
911
852
772
715
690
664
677
727
1066
885
1096
929
896
901
942
905
979
858
878
918
934
1000
881
833
854
923
985
1000
926
923
927
960
945
919
883
858
900
824
788
756
756
772
774
804
900
910
858
809
821
882
954
935
677
1028
928
924
852
954
847
827
839
897
934
916
824
790
787
794
814
879
888
883
878
860
824
820
827
861
895
886
831
828
829
857
860
837
844
859
875
871
814
812
830
889
909
839
851
872
890
860
824
825
847
884
841
797
811
846
932
993
930
867
865
898
923
890
871
875
888
890
851
805
775
724
717
721
731
761
813
849
803
794
777
800
767
764
771
774
768
768
801
807
772
749
751
764
790
750
767
780
811
827
820
846
873
862
809
781
772
769
769
740
754
784
870
853
842
843
872
893
867
822
814
872
897
887
860
880
902
831
828
804
788
785
733
745
795
905
938
1099
942
873
846
857
867
867
834
870
918
985
933
893
902
919
932
881
885
903
918
947
820
744
769
835
956
1001
970
809
1004
908
911
914
922
879
890
900
930
927
894
896
928
985
1016
957
935
946
914
1016
935
911
919
931
925
886
877
853
807
764
748
733
759
767
833
844
816
812
843
847
790
782
788
820
820
768
698
683
697
1588
920
882
841
805
770
746
724
700
675
664
635
638
622
637
661
718
663
786
706
746
775
774
782
776
793
818
799
774
769
762
812
782
783
779
769
766
759
771
797
770
784
822
833
817
818
857
879
871
825
778
756
764
772
788
845
827
837
838
841
863
863
831
802
802
786
755
750
739
760
782
780
782
760
742
1389
667
645
634
622
618
622
626
641
637
655
649
639
617
629
1285
663
662
708
723
730
719
691
678
660
649
630
621
624
631
644
662
693
728
723
728
769
774
713
706
678
695
708
750
733
750
754
751
715
754
810
850
823
851
866
749
936
858
906
823
839
854
816
747
765
804
901
809
997
930
911
799
758
787
819
849
846
791
837
870
911
792
956
874
883
786
832
843
880
845
986
967
896
800
841
869
820
1042
967
956
823
1057
873
842
871
935
907
853
1140
1042
910
809
826
901
986
831
1030
937
1021
916
1131
955
1009
1049
958
838
975
965
1056
1015
915
905
1048
989
996
855
1114
912
839
859
955
1093
1076
914
1131
931
852
778
810
908
843
847
921
989
943
867
874
916
932
848
894
870
811
848
813
784
729
715
739
752
1436
809
871
920
869
909
834
843
838
841
813
843
875
922
873
1106
965
915
914
965
938
842
839
844
904
821
1044
939
929
859
866
844
865
657
1065
941
923
951
907
1086
931
922
908
915
910
870
900
896
909
901
873
846
817
928
896
929
964
931
886
916
957
986
963
1003
959
1076
913
961
952
947
1002
930
988
961
960
938
950
947
871
884
927
927
874
910
941
927
924
959
970
993
977
854
983
920
910
917
956
973
930
890
923
859
782
765
765
754
725
712
729
764
780
790
736
715
696
683
666
655
643
646
639
638
641
644
645
646
646
646
637
640
652
669
669
693
713
741
724
730
734
725
704
709
726
751
753
725
710
704
702
685
697
701
728
715
740
735
705
694
658
660
647
634
625
621
618
617
603
604
599
618
626
641
652
646
668
666
675
692
708
688
688
670
651
646
646
635
617
609
619
661
714
729
710
711
673
652
633
630
651
652
698
870
981
854
799
781
811
789
871
810
1039
908
875
703
844
755
771
740
815
887
738
834
791
725
712
720
726
708
705
696
681
646
667
669
726
754
850
889
977
1048
1038
951
940
944
976
1083
1129
1012
988
757
691
664
645
659
710
695
764
1227
1198
1086
684
891
742
758
721
696
704
734
705
714
724
711
690
688
688
687
669
650
640
633
620
626
632
642
634
645
656
658
638
666
678
697
651
663
657
650
632
628
620
610
597
598
603
611
607
632
645
654
647
659
681
686
726
764
750
729
724
717
704
669
663
657
647
630
625
611
606
602
601
599
606
620
622
638
660
683
676
678
678
666
662
657
671
676
694
711
729
719
713
713
711
698
703
707
683
678
673
652
646
635
625
616
621
633
671
650
695
699
741
724
713
719
678
672
647
661
656
643
633
630
662
707
804
813
778
787
808
771
716
710
670
645
661
674
726
780
776
791
783
720
714
711
755
729
757
773
757
777
804
810
780
804
813
777
781
769
766
753
753
732
718
741
771
795
775
773
772
734
759
703
790
760
770
754
763
748
733
721
697
699
711
726
708
715
724
705
667
1333
683
744
797
797
812
772
708
692
664
667
673
711
738
803
797
729
755
726
692
641
701
690
699
708
725
729
700
694
699
674
681
671
648
651
660
670
692
769
764
829
774
780
767
756
701
684
677
675
690
665
654
657
651
638
644
638
633
633
613
638
625
629
619
621
626
623
609
624
638
652
645
680
704
729
708
759
772
721
731
702
674
630
620
608
597
591
604
625
711
881
999
888
832
787
859
758
701
658
644
622
1204
594
592
580
577
572
576
576
573
568
576
582
591
586
604
607
615
605
620
619
623
609
611
615
614
609
611
612
613
610
608
612
618
609
615
619
614
610
611
610
603
603
603
607
613
615
624
639
660
661
657
660
639
622
620
610
619
609
601
600
613
621
646
658
676
654
659
653
654
644
647
650
662
640
656
658
633
658
653
678
664
672
667
657
626
663
660
659
634
635
667
653
643
634
626
617
1181
618
594
605
604
601
590
578
593
584
582
583
583
584
587
589
575
567
588
577
584
593
594
579
585
588
590
586
572
571
573
560
572
575
572
563
558
553
552
556
562
570
573
582
585
587
584
579
569
569
570
586
608
669
753
797
752
728
702
681
655
640
618
425
777
591
588
585
585
582
580
582
579
577
598
650
697
706
719
731
742
722
683
658
649
634
615
607
612
638
687
713
708
721
724
710
686
657
645
642
649
662
657
646
663
693
712
723
729
717
711
683
672
666
668
668
676
707
771
788
798
759
724
727
728
713
693
706
722
708
703
696
699
676
669
665
680
688
697
733
781
750
723
702
696
699
696
682
671
683
706
742
724
732
756
768
762
725
699
688
690
688
668
653
634
648
674
726
729
733
763
803
776
751
734
716
694
671
664
659
642
630
617
614
614
618
637
679
735
732
798
810
801
754
745
718
704
712
726
732
716
707
711
709
689
682
673
661
638
652
674
707
784
806
760
712
681
671
677
668
663
670
689
728
723
767
833
846
806
771
752
739
710
691
700
722
737
746
785
844
818
774
738
724
736
731
727
747
794
800
763
750
752
747
724
714
726
751
746
714
684
680
688
698
684
688
714
748
749
724
710
707
742
732
712
706
696
700
682
661
644
633
620
613
614
618
630
625
604
599
602
587
587
583
447
686
553
818
821
1063
523
519
903
363
348
698
692
497
498
996
484
368
611
487
326
1138
482
470
488
480
963
473
946
468
952
469
502
285
351
268
939
466
928
454
485
708
633
455
458
451
1353
449
445
456
447
442
443
453
453
443
395
496
441
888
311
593
444
889
438
891
315
586
845
722
1095
447
444
841
365
354
351
288
451
894
436
432
449
452
438
443
439
443
428
1200
560
435
428
442
439
431
870
437
560
305
431
454
1300
441
425
472
734
992
353
2128
705
359
289
440
698
362
357
287
435
354
358
347
646
438
352
371
561
426
424
344
530
425
830
355
353
361
255
461
360
347
361
356
271
1162
361
357
274
427
708
374
619
456
854
547
1066
352
1073
356
521
917
380
350
357
340
259
823
487
429
426
864
281
356
355
286
435
428
427
424
427
425
432
434
422
813
371
530
425
475
353
380
342
354
354
354
357
370
342
356
260
451
355
377
339
364
267
450
353
358
354
720
353
362
357
352
376
347
366
701
367
369
349
1077
348
378
648
412
354
340
363
345
312
410
356
350
360
1064
377
348
360
358
370
709
358
712
605
822
701
564
409
826
355
491
411
411
828
427
287
542
412
410
416
730
346
366
356
268
1158
507
408
412
452
716
351
361
351
288
427
728
361
350
359
271
452
357
359
348
361
264
420
843
256
582
415
799
356
530
413
414
421
374
357
367
354
722
723
352
365
629
428
728
359
341
288
428
351
351
371
352
300
425
357
345
362
1064
469
436
423
1199
358
590
423
780
347
354
359
715
356
343
360
356
322
753
352
357
266
1156
362
369
255
1297
432
424
429
382
486
427
428
1159
365
363
272
436
870
433
429
435
432
438
430
268
600
696
373
1088
704
355
650
428
863
423
425
1294
425
430
434
722
574
428
434
432
437
428
427
431
429
432
427
425
432
431
438
428
428
438
872
433
873
438
434
436
875
441
432
434
878
439
431
434
442
449
432
438
441
445
432
435
886
437
435
438
883
433
433
446
440
429
437
433
450
444
431
438
891
435
885
440
437
440
438
448
439
437
444
441
442
438
886
443
436
439
440
447
436
436
440
445
433
438
435
448
436
436
876
444
433
878
437
431
430
867
429
427
431
429
438
436
427
431
431
438
435
426
425
427
434
431
420
1266
426
418
419
422
421
427
422
413
414
426
840
417
411
415
833
424
413
404
410
421
837
416
410
411
838
423
419
410
412
425
421
425
416
414
832
428
424
410
416
415
428
419
422
412
414
420
421
427
422
419
421
421
428
427
432
422
419
429
862
417
420
422
856
420
418
419
420
431
424
413
419
419
421
419
426
420
415
418
414
429
427
416
416
414
427
845
415
414
419
414
426
422
410
299
540
416
414
833
815
419
417
408
406
401
418
407
398
803
279
523
396
398
797
394
390
1179
397
387
385
382
390
784
383
378
386
384
398
391
385
376
383
387
385
393
390
382
380
382
393
776
380
383
389
385
396
395
386
383
383
388
390
394
383
383
384
387
389
391
380
378
380
384
384
383
380
374
376
1132
385
377
370
375
374
376
753
379
368
370
372
378
752
379
372
370
369
374
374
381
295
460
380
370
375
373
377
374
381
381
380
369
372
374
374
383
381
377
371
370
373
375
378
375
376
375
365
371
370
381
753
366
369
374
368
376
374
378
369
365
371
368
375
365
381
373
369
361
356
385
749
371
365
368
363
366
1104
378
372
725
367
372
366
373
368
376
374
372
360
367
370
366
376
374
374
372
362
371
368
373
738
375
371
368
363
365
365
372
741
371
371
370
362
369
367
367
369
1121
366
366
372
370
370
751
375
372
371
365
372
369
372
375
379
375
366
371
368
368
371
377
370
378
373
367
368
362
372
370
371
367
377
376
372
368
365
371
370
371
371
379
376
367
369
368
371
738
749
375
366
368
367
364
370
372
373
376
371
363
367
366
364
369
370
365
374
373
364
364
360
369
364
368
370
372
373
366
369
362
363
363
371
1108
372
368
363
361
362
367
365
371
368
373
371
361
366
363
363
738
737
365
365
364
360
359
363
365
361
370
739
368
359
366
361
361
364
369
737
366
366
363
361
363
363
361
666
443
364
366
361
360
363
368
1109
369
367
360
365
364
362
367
374
366
370
369
363
362
361
367
364
734
370
372
367
368
361
367
366
367
367
373
747
365
368
366
365
733
373
745
366
368
368
361
368
364
373
367
372
372
370
368
361
366
365
370
363
376
370
366
367
359
365
365
366
735
369
365
367
361
363
363
362
362
372
363
593
508
361
360
364
360
362
735
365
365
367
359
361
357
365
363
364
363
367
367
365
359
356
361
360
361
361
366
365
369
367
360
363
358
360
361
309
417
370
366
369
366
361
365
359
361
357
363
361
361
359
364
363
361
1096
369
369
368
370
371
374
373
370
751
376
379
378
378
382
381
377
378
379
386
382
381
380
770
390
392
395
395
393
398
400
404
403
403
406
406
411
410
410
409
413
412
416
414
416
419
421
424
424
427
429
432
437
435
877
442
441
440
442
441
442
445
444
446
447
454
457
463
463
462
460
466
465
462
460
457
1378
471
475
479
478
475
466
923
468
472
473
947
473
479
477
476
478
477
480
488
505
524
528
521
535
545
549
528
517
516
518
521
521
515
513
521
530
538
536
525
526
536
536
534
521
521
522
525
527
518
512
512
522
529
532
522
513
544
483
512
507
501
496
493
496
504
505
512
513
507
513
521
519
524
522
521
527
535
539
541
539
537
540
544
535
529
526
530
525
524
523
527
536
541
1084
545
547
542
542
537
539
536
530
528
530
534
535
531
535
545
542
547
547
548
555
549
542
537
546
539
537
530
531
519
517
519
516
515
516
517
518
516
516
507
510
506
502
499
506
507
514
519
525
535
541
531
536
531
530
524
521
510
504
498
984
502
514
536
569
578
570
563
558
552
554
549
548
539
538
536
542
542
544
548
553
557
557
547
552
554
552
544
542
545
543
545
539
543
539
542
541
543
549
560
569
573
577
573
578
571
570
557
555
552
546
535
531
539
538
537
532
528
525
528
526
535
541
551
551
558
563
566
562
563
566
563
561
554
554
548
549
544
542
547
549
543
556
563
572
572
567
566
561
563
552
554
551
546
557
559
562
553
559
537
561
566
572
562
564
561
560
549
544
540
535
530
529
523
517
517
514
514
509
507
507
503
490
489
494
488
478
471
479
457
460
454
455
459
444
448
439
429
437
438
424
426
424
420
410
415
421
421
407
411
408
414
398
404
822
409
402
401
404
404
405
399
399
813
397
399
396
409
406
393
397
399
408
405
389
396
398
403
411
397
398
396
401
407
400
394
391
409
404
396
393
396
402
404
397
390
391
803
396
385
391
400
393
395
386
388
390
783
395
385
384
380
388
389
394
388
376
387
362
415
387
381
382
378
385
763
387
381
379
373
380
380
389
380
374
378
372
375
372
750
382
378
365
372
372
375
737
373
379
375
361
368
368
377
734
269
474
367
361
367
366
366
360
376
369
373
362
364
366
364
360
361
375
365
370
365
366
365
359
362
361
369
363
374
367
370
368
356
362
366
366
359
370
368
372
369
362
365
360
359
358
366
365
372
361
370
367
363
366
357
356
361
368
363
369
730
365
260
484
360
365
354
376
730
371
373
372
367
368
367
365
363
371
373
377
367
365
372
368
371
370
750
281
473
367
370
367
367
368
376
746
374
371
374
362
372
370
375
369
376
374
374
374
363
370
368
368
371
745
376
374
367
370
364
368
363
372
373
664
457
371
363
365
366
737
376
374
371
370
362
368
365
366
372
370
367
373
371
360
365
361
360
363
367
367
1098
368
363
362
358
363
357
365
363
733
371
369
367
360
358
363
362
358
365
370
360
368
368
362
359
356
362
360
356
360
729
368
363
363
338
374
360
357
356
358
364
360
364
360
365
363
357
359
354
355
356
360
359
722
364
363
358
359
354
354
355
360
358
361
360
365
364
358
363
356
355
355
360
357
365
722
361
357
363
356
358
354
358
357
357
359
365
365
366
364
358
357
357
360
724
360
369
729
363
358
362
360
358
362
366
363
369
368
735
361
364
362
360
365
372
361
371
368
366
366
360
360
363
365
360
371
363
372
363
366
364
357
365
362
367
732
367
369
364
361
363
358
364
364
371
736
369
366
364
360
364
363
362
365
369
366
367
368
372
367
365
371
371
372
366
1486
378
377
378
376
377
378
377
379
378
376
381
387
385
384
383
386
389
388
386
386
390
393
393
391
395
394
401
398
396
399
402
405
403
398
405
404
410
408
406
408
405
403
402
807
408
408
411
411
417
415
424
424
423
426
425
434
440
444
451
451
452
458
458
459
456
459
462
459
459
457
452
464
457
455
452
449
459
456
461
459
461
464
477
489
498
502
496
496
492
489
479
470
466
471
464
469
469
475
486
492
504
1025
524
537
526
517
516
516
510
507
507
512
516
516
516
523
531
530
523
521
523
521
512
511
511
503
504
511
507
502
507
511
510
511
509
506
498
493
495
492
492
493
495
506
507
517
516
521
526
532
533
528
522
524
522
520
515
508
509
509
516
521
528
529
525
525
531
524
520
515
521
521
518
515
517
521
522
521
517
519
526
526
525
524
523
527
528
521
515
514
518
511
509
501
497
492
497
498
504
507
510
515
523
525
524
522
523
528
527
520
521
523
526
522
517
522
528
529
528
528
533
537
533
528
523
525
528
527
523
523
526
524
530
526
531
529
538
534
534
529
532
534
533
527
522
527
532
533
530
524
531
535
537
535
532
536
540
542
525
533
532
536
528
529
529
529
528
527
524
529
534
540
538
538
536
541
544
542
539
533
526
516
518
514
517
520
526
526
536
541
552
554
549
550
554
553
550
544
537
537
535
533
530
528
533
540
546
560
558
561
560
563
556
555
555
558
559
550
545
546
547
540
539
534
536
540
543
542
546
555
565
563
563
562
558
557
545
546
541
537
533
535
541
550
561
567
566
576
578
576
570
561
560
554
541
527
524
524
516
521
504
499
498
492
497
482
488
468
469
463
466
469
451
463
450
443
451
433
431
445
434
423
426
421
416
418
415
422
400
401
404
407
406
396
396
398
394
393
391
389
392
389
398
386
382
389
384
398
388
386
384
379
385
379
390
389
384
377
378
383
770
447
312
377
376
379
766
385
383
374
376
381
767
380
376
377
375
382
380
387
382
373
377
379
386
375
384
387
378
376
375
379
382
386
379
378
379
374
380
378
390
385
379
379
377
760
386
387
381
375
377
380
766
388
378
377
374
383
767
378
379
377
374
378
375
389
383
376
379
375
375
766
386
373
379
375
382
376
379
385
377
373
374
376
374
387
381
379
375
369
376
379
380
374
374
375
369
375
372
380
372
384
378
371
369
371
380
371
376
376
372
369
366
372
369
377
373
378
373
364
366
370
377
747
372
374
372
363
369
368
374
369
373
370
373
369
365
370
364
376
370
375
372
368
363
365
371
370
374
369
377
376
365
368
367
369
368
373
371
372
369
366
365
362
371
371
753
374
369
365
366
363
371
743
366
370
368
362
364
365
371
737
370
371
364
364
366
362
370
739
369
369
365
362
360
364
365
366
370
362
373
368
363
363
359
359
361
369
358
372
367
368
365
356
363
360
359
361
366
361
374
362
361
366
359
363
359
365
364
372
363
370
347
385
360
363
368
364
368
368
373
373
365
365
365
368
365
372
747
367
366
366
366
366
369
379
373
372
369
361
371
362
375
750
373
369
371
362
371
371
376
370
378
374
367
366
369
381
368
377
376
369
367
367
372
371
376
371
376
372
363
368
366
731
374
366
372
366
361
363
357
365
361
366
363
368
366
364
363
355
361
360
360
362
370
359
366
364
361
358
356
362
359
358
360
369
358
365
364
361
362
354
361
357
358
361
364
362
366
367
361
358
354
360
357
355
360
367
358
364
365
360
359
354
357
357
359
357
364
360
369
364
356
354
358
360
359
359
359
366
361
365
361
359
361
355
358
361
366
360
729
367
366
361
354
357
362
360
363
357
365
364
366
364
368
363
368
369
365
364
364
367
365
362
365
368
366
362
367
369
368
366
368
372
371
372
371
373
373
373
752
372
374
372
378
380
382
373
374
381
377
378
379
383
377
382
383
769
385
379
384
384
377
384
380
380
382
391
771
386
388
389
383
388
388
391
393
397
391
392
388
387
391
387
392
386
402
390
391
389
387
395
392
395
393
398
394
396
395
390
390
389
392
394
404
391
396
397
392
389
392
394
396
400
396
402
402
396
395
394
391
392
402
390
395
396
390
384
386
394
392
395
792
398
401
392
396
397
396
401
398
403
404
397
397
396
400
396
407
401
409
398
396
402
401
412
402
410
409
403
401
404
406
408
411
410
405
403
398
402
402
413
404
405
403
399
403
401
410
410
411
400
402
405
407
411
405
411
405
401
399
403
411
406
410
408
402
405
402
407
409
416
413
404
408
403
412
414
416
400
406
409
407
415
413
413
408
402
406
406
420
412
413
401
404
409
407
412
412
410
406
405
403
824
414
407
408
406
410
411
421
412
407
408
409
420
417
410
408
408
412
412
420
407
406
408
406
415
414
414
404
405
408
830
415
409
406
404
408
407
413
398
800
402
415
407
408
406
401
406
405
415
413
405
405
404
326
491
414
413
403
406
405
412
408
413
406
402
408
407
415
412
405
404
405
414
411
408
406
403
403
406
418
412
404
405
404
407
410
417
408
401
405
407
414
405
414
407
401
403
405
417
409
408
408
403
408
406
419
416
407
409
406
414
414
420
406
408
410
410
418
416
411
407
405
416
411
420
414
410
407
407
426
413
411
410
409
411
837
407
409
412
411
418
418
411
407
410
416
414
420
411
408
408
410
422
418
412
409
408
415
419
421
411
410
412
416
420
420
410
410
413
423
413
420
418
413
415
416
426
425
414
418
415
423
417
425
415
412
415
414
422
421
414
410
405
413
415
422
414
410
412
410
422
420
419
410
412
422
413
422
418
413
416
413
424
422
424
417
416
415
413
421
418
407
409
410
421
412
412
411
408
409
409
420
419
413
405
408
415
412
417
411
409
409
409
413
418
416
415
418
422
415
420
417
418
843
420
421
423
425
422
424
425
426
427
424
424
424
425
423
420
421
421
424
420
418
419
422
424
420
419
418
421
424
425
422
423
422
420
426
424
421
422
425
424
425
428
428
427
429
432
432
433
432
433
435
435
438
432
433
429
441
442
445
450
453
455
453
454
460
461
466
464
462
461
464
470
475
479
489
490
502
511
518
517
511
514
1027
516
521
525
524
522
519
516
517
510
506
502
502
498
491
491
486
477
473
476
479
479
480
486
497
504
501
502
503
497
494
491
495
492
488
487
487
494
496
502
511
514
530