1107
1206
1482
1487
1412
1339
1317
1453
1447
1425
1398
1417
1289
1423
1514
1603
1544
1451
1361
1496
1531
1564
1491
1362
1412
1549
1525
1463
1354
1352
1492
1516
1452
1346
1317
1451
1452
1454
1370
1309
1430
1508
1468
1353
1257
1384
1514
1513
1507
1357
1352
1492
1510
1422
1319
1243
1455
1515
1438
1257
1251
1424
1535
1420
1237
1256
1389
1437
1440
1318
1374
1464
1420
1358
1334
1425
1482
1370
1356
1441
1438
1265
1204
1319
1383
1337
1415
1431
1335
1232
1388
1476
1416
1339
1444
1474
1437
1369
1473
1481
1399
1463
1466
1335
1420
1452
1382
1549
1472
1336
1473
1441
1338
1478
1507
1345
1426
1501
1386
1307
1398
1322
1272
1376
1447
1356
1380