1084
1106
1118
1113
1051
1058
1045
1059
1017
1068
1150
1067
1049
1095
1069
1076
1058
1127
1127
1072
1094
1076
1053
1043
1103
1138
1094
1080
1106
1123
1096
1080
1137
1164
1091
1159
1138
1083
1081
1118
1134
1082
1137
1179
1147
1102
1105
1108
1046
1070
1102
1119
1166
1248
1177
1085
1099
1206
1220
1195
1179
1285
1255
1289
1321
1181
1216
1233
1241
1123
1178
1251
1271
1209
1231
1197
1161
1236
1244
1194
1319
1338
1251
1265
1308
1324
1276
1281
1245
1211
1250
1296
1239
1169
1129
1138
1115
1130
1162
1277
1152
1020
1016
1039
1023
1026
1063
1099
1067
1017
1032
1068
1084
1082
1061
1033
1062
1142
1086
1050
1076
1133
1102
1115
1069
1185
1238
1189
1128
1159
1189
1197
1171
1179
1237
1233
1146
1139
1206
1235
1121
1176
1235
1159
1101
1105
1192
1264
1140
1153
1232
1272
1149
1191
1224
1156
1215
1220
1148