1115
1160
1147
1114
1073
1057
1031
1038
1002
1045
1112
1165
1176
1123
1127
1164
1206
1146
1128
1198
1221
1179
1099
1086
1216
1295
1184
1126
1218
1289
1222
1176
1268
1275
1205
1160
1231
1234
1222
1139
1154
1209
1243
1166
1198
1234
1264
1198
1287
1298
1195
1215
1280
1303
1183
1150
1213
1276
1180
1143
1177
1229
1167
1168
1178
1171
1140
1155
1187
1178
1121
1150
1199
1174
1094
1154
1281
1287
1288
1361
1304
1222
1159
1182
1218
1176
1263
1350
1262
1172
1274
1294
1206
1182
1225
1181
1122
1162
1311
1295
1204
1318
1237
1156
1131
1222
1275
1246
1168
1279
1258
1232
1212
1303
1319
1231
1199
1247
1319
1240
1187
1237
1256
1156
1118
1251
1358
1299
1217
1187
1234
1217
1126
1145
1281
1303
1245
1207
1215
1231
1125
1163
1222
1159
1043
983
1052
1304
1308
1154
1063