1312
1328
1227
1140
1177
1213
1176
1122
1084
1100
1229
1258
1163
1019
993
1004
1022
1050
1056
1122
1247
1255
1161
1158
1233
1281
1258
1155
1125
1226
1313
1229
1189
1293
1316
1227
1143
1119
1149
1154
1188
1122
1179
1256
1237
1148
1076
1077
1108
1134
1110
1103
1187
1271
1230
1178
1129
1189
1169
1149
1125
1191
1233
1213
1151
1176
1271
1207
1131
1172
1274
1269
1173
1206
1271
1219
1142
1134
1134
1076
1085
1099
1069
1106
1080
1125
1178
1199
1113
1073
1078
1105
1102
1058
1090
1186
1213
1188
1188
1166
1127
1120
1169
1171
1084
1132