1242
1203
1194
1108
1078
1091
1157
1189
1260
1218
1102
1063
1204
1271
1237
1199
1115
1034
1036
1218
1381
1228
1135
1163
1274
1262
1234
1176
1124
1160
1257
1263
1179
1213
1290
1362
1319
1204
1173
1214
1245
1175
1146
1046
1092
1375
1272
1211
1151
1159
1206
1245
1208
1128
1112
1220
1249
1290
1158
1103
1245
1360
1305
1182
1120
1129
1160
1188
1186
1151
1162
1167
1056
1026
1101
1131
1079
1060
1117
1210
1151
1088
1121
1096
1064
1065
1120
1055
1043
1089
1118
1119
1165
1185
1091
1073
1077
1132
1074
1089
1126
1121
1068
1053
1184