1094
1062
1133
1204
1178
1109
1091
1078
1164
1136
1123
1134
1183
1116
1066
1150
1313
1263
1339
1171
1131
1228
1189
1159
1241
1187
1149
1210
1214
1163
1167
1186
1154
1085
1149
1219
1138
1178
1216
1181
1119
1151
1180
1122
1161
1138
1072
1118
1166
1129
1145
1168
1117
1069
1012
971
970
973
960
967
995
916
893
920
924
894
913
1021
1081
1042
973
912
945
991
1018
1018
1015
1082
1120
1104
1047
1104
1225
1183
1149
1164
1157
1135
1108
1169
1142
1073
1063
1077
1038
1049
1128
1067
1069
1103
1071
1009
1036
1037
964
1000
1020
1042
1001
1043
1060
1093
1071
1133
1124
1080
1087
1161
1207
1197
1197
1237
1164
1071
1087
1104
1082
1137
1199
1102
1136
1151
1102
1109
1120
1108
1127
1135
1078
1075
1142
1217
1194
1228
1179
1108
1139
1202
1188
1185
1167
1101
1075
1104
1176
1190
1233
1142
1070
1072
1104
1069
1067
1092