1063
1051
1011
970
1010
1115
1150
1072
986
1052
1013
1105
1106
1292
1334
1161
1122
1163
1136
1113
1313
1272
1175
1227
1259
1152
1130
1104
1128
1077
1316
1222
1084
1064
1217
1258
1090
1067
1114
966
970
1035
1093
1061
1003
1154
1277
1159
1173
1149
1104
1101
1247
1199
1106
1128
1273
1265
1127
1120
1241
1272
1178
1069
1089
1175
1161
1096
1113
1186
1229
1173
1210
1291
1174
1126
1221
1243
1158
1253
1124
985
967
1004
1163
1270
1137
1035
1084
1125
1182
1222
1054
1083
1121
1145
1204
1060
1070
1122
1114
1176
1138
1322
1367
1355
1231
1151
1140
1182
1116
1195
1448
1346
1164
1233
1204
1235
1219
1350
1289
1159
1149
1181
1196
1133
1159
1300
1276
1144
1128
1195
1159
1080
1105
1124
1057
1110
1102
1191
1248
1184
1222
1231
1166
1094
1150
1182
1141
1116
1202
1180
1105
1128
1192
1181
1108