1061
1041
1053
1069
1101
1087
1087
1065
1070
1105
1192
1221
1211
1108
1081
1144
1259
1261
1155
1227
1350
1225
1193
1153
1211
1275
1268
1177
1200
1254
1271
1230
1132
1132
1168
1289
1175
1118
1263
1335
1260
1177
1176
1207
1227
1234
1304
1342
1331
1215
1131
1193
1273
1428
1267
1207
1275
1292
1223
1169
1237
1336
1274
1214
1211
1253
1282
1187
1127
1218
1266
1229
1135
1103
1187
1286
1218
1125
1114
1204
1313
1243
1174
1172
1205
1241
1172
1073
1097
1183
1243
1204
1218
1303
1329
1249
1146
1152
1144
1163
1100
1136
1211
1177
1111
1104
1146
1219
1141
1078
1129
1226
1228
1125
1145
1237
1201
1120
1116
1149
1244
1163
1188
1194
1162
1066
1044
1137
1239
1171
1123
1107
1160
1158
1124
1152
1190
1130
1037
1076
1113
1162
1127
1075
1123
1063
1034
1003
977
980
1038
1244
1273