1180
1188
1200
1147
1120
1208
1330
1290
1118
1001
940
991
1200
1271
1234
1126
1042
1071
1154
1268
1306
1344
1357
1311
1260
1247
1264
1328
1456
1515
1374
1229
1132
1121
1422
1466
1390
1268
1234
1349
1333
1310
1284
1288
1280
1237
1329
1358
1346
1182
1133
1355
1570
1443
1334
1195
1260
1382
1372
1294
1213
1113
1174
1278
1331
1269
1169
1139
1189
1325
1310
1255
1162
1162
1279
1370
1319
1274
1181
1216
1293
1301
1368
1350
1369
1324
1276
1266
1295
1421
1478
1324
1399
1395
1354
1297
1290
1380
1325
1250
1299
1324
1349
1295
1273
1252
1191
1087
1134
1412
1398
1262
1140
1213
1314
1301
1203
1082
1128
1293
1327
1356
1292
1205
1121
1050
1063
1332
1509
1479
1414
1276
1245
1318
1353
1289
1270
1299
1355
1370
1324
1374
1419