995
1030
1092
1099
1057
1011
1028
1023
989
955
945
979
1002
1071
1050
984
975
1021
1056
968
924
926
926
924
949
997
1090
1070
1046
1039
1113
1126
1105
1072
1075
1050
999
983
1019
1084
1081
1061
1119
1082
1060
1073
1087
1033
987
1025
1160
1116
1056
1000
1023
1079
1056
1007
1023
1088
1118
1071
1061
1087
1108
1047
1023
1094
1147
1139
1067
1124
1151
1081
1013
1063
1102
1041
987
1022
1163
1184
1123
1055
1080
1053
1004
933
934
984
1085
1094
1056
1106
1075
974
988
1002
1013
984
1014
1110
1145
1079
1058
1038
1022
987
952
982
1037
1046
1008
990
1074
1116
1080
1066
1101
1104
1049
1050
1111
1075
1025
1015
1063
1075
1022
1027
1059
1061
999
978
1004
1088
1137
1103
1146
1192
1122
1065
1063
1075
1089