1450
1291
1283
1217
1346
1392
1388
1422
1265
1250
1434
1504
1369
1278
1311
1437
1500
1419
1321
1323
1404
1450
1320
1520
1510
1384
1384
1486
1504
1471
1622
1585
1521
1433
1488
1570
1550
1405
1508
1602
1589
1424
1513
1511
1483
1354
1504
1608
1546
1463
1440
1494
1406
1457
1578
1556
1390
1480
1538
1484
1419
1512
1444
1372
1428
1536
1546
1419
1342
1530
1580
1537
1446
1501
1487
1427
1357
1462
1519
1365
1355
1482
1494
1431
1383
1410
1357
1354
1397
1309
1320
1398
1317
1226
1414
1432
1328
1213
1503
1531
1462
1355
1524
1513
1452
1387
1325
1558
1525
1428
1309
1353
1420
1438
1356
1467
1500
1323
1183
1236
1446
1393
1253
1359
1433
1343
1244