1049
1001
1133
1193
1218
1244
1114
1162
1176
1182
1208
1190
1227
1246
1117
1183
1198
1213
1332
1205
1304
1211
1157
1222
1097
1115
1275
1060
1185
1408
1157
1188
1039
1035
1017
992
991
1063
1133
1039
1015
1007
980
1024
1073
1042
1077
1134
1148
1130
1123
1117
1049
1050
1020
957
966
925
999
1056
979
1035
1082
999
989
966
940
1002
1136
1067
1243
1106
1168
1211
1034
1074
1186
1103
1153
1041
1116
1206
1185
1131
1221
1218
1133
1196
1187
1122
1296
1264
1170
1283
1222
1216
1284
1175
1282
1261
1189
1238
1119
1070
1237
1312
1216
1292
1274
1162
1214
1238
1093
1159
1292
1301
1422
1349
1328
1372
1273
1281
1354
1217
1220
1359
1127
1178
1030
1167
1412
1158
1265
1312
1344
1431
1247
1266
1310
1203
1365
1235
1287
1447
1279
1318
1216
1268
1398
1278
1262
1303
1210
1224
1278
1126
1172
1229
1164
1308
1228
1207
1296
1198
1190
1201
1148
1116
1235
1250
1160
1271
1197
1160
1264
1217
1234
1367
1324
1183
1199
1041
1032
1123
1187
1109
1207
1216
1206
1326
1052
1200
1078
1061
1030
979
1003
989
959
934
946
908
908
903
900
902
929
897
899
922
940
926
936
967
1007
983
1068
1136
1098
1211
1234
1204
1255
1128
1124
1210
1107
1187
1258
1106
1120
1042
1061
1182
1138
1218
1353
1229
1269
1039
929
953
965
1087
1212
1260
1204
1340
1323
1318
1232
1359
1395
1356
1493
1352
1369
1419
1398
1390
1335
1444
1264
1124
1145
1129
1271
1279
1268
1477
1299
1302
1243
1197
1257
1141
1208
1417
1534
1363
1347
1450
1412
1499
1314
1297
1600
1484
1466
1433
1443
1431
1345
1375
1258
1414
1409
1296
1403
1313
1231