827
862
910
957
1002
995
1005
994
977
975
951
942
933
926
886
878
899
968
1106
1130
1049
1017
1060
1091
1104
1048
1006
980
979
992
1005
983
962
957
989
1015
1037
1005
1032
1127
1127
1128
1032
1000
1042
1089
1086
1045
1106
1130
1129
1075
1083
1163
1173
1152
1075
1059
1111
1229
1219
1151
1070
1067
1107
1152
1161
1129
1180
1235
1182
1107
1087
1038
1027
1028
1024
997
942
944
979
1049
1077
1114
1165
1202
1125
1033
1035
1067
1030
1021
970
976
1000
999
1016
1035
1016
1002
951
950
938
929
916
905
892
890
910
896
930
957
999
980
1014
1005
982
997