908
879
867
864
884
916
937
955
1013
1024
1008
1042
1128
1142
973
918
904
954
949
957
1007
1027
1068
1024
984
997
1047
1004
957
931
982
1351
1278
1160
1079
1102
1124
1169
1140
1122
1090
1067
1133
1270
1210
1167
1057
1037
1095
1289
1178
1031
1014
1040
1050
1004
949
957
979
985
971
934
934
936
976
1030
1057
1015
1035
1129
1154
1135
1101
1034
1040
1040
1058
1076
1043
1110
1146
1081
1037
1053
1147
1200
1157
1065
1024
1073
1273
1265
1188
1098
1058
1037
1059
1149
1190
1109
1032
1099
1141
1096
1064
1104
1261
1272
1192
1234
1315
1268
1207
1268
1247
1135
1128
1220
1173
1129
1143
1257
1232
1159
1146
1233
1221
1162
1112
1250
1274
1229
1324
1307
1206
1138
1194
1322
1283
1181
1196
1247
1214
1217
1227
1188
1126
1112
1181
1354
1236
1228
1312
1234
1156
1137
1131
1052
960
932
1037
1291
1258
1117
1075