1039
1104
1272
1165
1070
1023
1142
1175
1075
1005
951
892
866
855
841
930
1059
973
908
926
983
1021
1000
938
1022
1039
975
954
1001
1067
1147
1114
1099
1235
1129
1105
1043
1028
1128
1175
1077
1006
1101
1063
1021
1046
1186
1191
1150
1139
1174
1115
1063
1124
1211
1195
1154
1186
1176
1165
1160
1267
1211
1089
1228
1188
1082
1055
1116
1073
982
1033
1079
1048
988
1065
1123
1087
1038
1054
1005
947
953
1036
1141
1095
1154
1194
1132
1080
1123
1101
1026
1029
1135
1230
1130
1061
1079
1068
1049
1061
1176
1150
1123
1223
1221
1119
1051
1076
1141
1191
1101
1114
1152
1101
1094
1179
1212
1140
1144
1149
1081
1077
1175
1167
1118
1126
1118
1059
1051
1071
1023
983
1011
1137
1135
1085
1121
1094
1059
1085
1092
1027
1003
1047
1100
1076
1100
1188
1176
1092
1059
1059
1051
987
999
1037
1042
1005
1049
1142
1079
1057
1110
1081
1011
954
989
1051
1062
1011
1061
1075
1061
1085
1153
1074
1037
1062
1052
1030
1010
1114
1146
1105
1009
951
980
992
1000
1007
1080
1117
1064
1064
1078
1074
1059
1067
1042
1011
975
1006
1078
1060
998
1043
1043
993
1002
1060
1060
1040
1017
1051
1063
1063
1000
1047
1063
1071
1025
1100
1071
1049