1005
1149
1219
1211
1090
1120
1075
1049
1024
1339
1379
1350
1306
1259
1143
1111
1446
1434
1393
1211
1209
1379
1360
1274
1128
1147
1292
1282
1296
1117
1164
1405
1390
1319
1165
1186
1322
1380
1254
1097
1110
1260
1287
1180
1155
1247
1224
1100
997
1085
1128
1188
1104
1120
1302
1167
1084
1089
1113
1135
1052
1061
1265
1230
1229
1119
1045
1186
1352
1318
1153
1209
1174
1102
1104
1242
1316
1290
1264
1206
1119
1109
1205
1227
1100
1113
1181
1190
1249
1231
1174
1110
1119
1104
991
950
1034
1400
1351
1208
1079
1058
1129
1270
1297
1208
1110
1119
1139
1111
1271
1349
1231
1120
1199
1246
1166
1206
1194
1097
1203
1354
1258
1124
1339
1398
1243
1194
1265
1283
1308
1330
1288
1120
1046
1184
1430
1363
1151
1214
1160
1068
1111
1174
1156
1146
1152
1222
1297
1167
1068
1061