792
784
750
717
694
681
659
653
651
668
721
855
996
944
862
915
906
880
861
813
782
756
750
744
735
729
728
720
730
781
924
939
915
876
869
854
844
813
776
761
752
768
778
774
809
874
869
848
793
765
1509
748
756
741
743
769
818
854
933
1014
988
898
863
829
806
793
783
778
779
785
768
788
835
877
872
840
870
867
847
805
779
765
751
754
740
736
717
705
687
694
677
669
657
660
646
638
632
623
624
613
604
605
596
575
589
575
582
567
563
551
545
547
538
534
529
521
523
509
513
499
496
507
485
483
491
474
475
487
474
469
471
474
463
461
465
472
457
457
467
465
451
457
459
461
446
447
454
455
447
444
446
455
448
440
445
449
452
441
438
445
449
448
438
438
450
448
439
438
442
449
444
436
437
439
447
443
435
440
444
451
443
441
448
450
451
440
441
452
455
444
438
441
448
443
436
438
439
444
446
438
438
441
450
449
441
445
448
455
446
445
452
455
450
442
442
453
454
442
442
445
453
447
441
449
453
453
442
446
455
457
448
448
447
456
449
444
448
451
453
442
444
450
455
449
442
441
450
451
443
442
443
449
443
439
440
445
450
446
439
443
446
456
445
442
449
450
455
448
446
453
454
449
448
448
456
457
448
448
450
464
453
449
455
458
460
452
451
458
464
456
451
451
459
456
446
446
449
456
453
447
449
454
462
451
449
459
457
460
453
457
467
466
457
463
465
468
459
459
470
467
460
467
468
468
458
457
465
461
455
461
463
463
455
458
468
461
455
465
464
460
457
458
465
458
448
448
449
457
444
443
449
448
453
442
441
445
449
451
441
440
442
444
452
445
438
441
440
448
447
438
436
437
443
445
444
438
437
442
444
453
442
446
453
460
472
466
467
478
478
466
468
470
462
458
453
465
468
458
462
464
473
463
462
470
475
472
468
467
477
465
459
471
469
466
463
463
474
465
457
462
468
462
454
456
460
460
453
453
459
463
454
451
458
467
462
457
458
468
468
462
463
467
472
459
461
473
474
460
459
458
468
459
452
454
456
462
452
451
457
460
462
455
453
458
459
462
450
448
455
458
462
447
446
453
458
459
450
448
455
454
455
448
448
457
456
460
449
453
462
467
463
454
457
465
470
458
457
459
466
463
454
457
457
460
450
450
456
455
459
452
451
458
462
463
451
455
463
468
458
459
460
470
460
457
460
463
465
451
452
456
462
459
455
460
467
468
463
471
475
478
466
468
478
476
467
471
479
479
475
478
495
484
479
481
483
469
469
472
478
467
468
479
483
475
479
487
480
479
481
488
473
474
477
473
468
473
476
469
464
467
479
467
462
469
471
467
463
464
473
468
460
465
470
472
463
465
476
472
467
472
480
479
467
468
479
470
464
468
468
469
456
459
467
469
459
458
460
472
458
455
464
464
461
455
457
463
462
453
452
453
459
455
445
444
450
456
455
450
455
459
469
464
462
467
475
465
463
466
476
469
456
458
462
463
449
447
453
455
455
445
446
450
454
453
444
443
453
455
459
448
447
456
464
462
453
452
462
466
458
455
456
466
462
449
452
455
466
451
445
447
451
458
447
445
451
451
458
448
444
449
452
456
451
439
440
443
451
447
440
433
435
442
446
446
436
433
440
445
454
441
440
444
451
457
445
444
452
455
459
449
447
454
456
456
442
441
444
448
454
441
438
442
446
460
454
448
449
456
467