1154
1229
1249
1214
1170
1062
1046
1093
1164
1228
1309
1200
1240
1321
1338
1354
1362
1337
1264
1134
1131
1123
1067
1099
1200
1294
1295
1200
1224
1180
1156
1196
1226
1198
1289
1329
1305
1269
1251
1139
1213
1275
1165
1117
1265
1317
1256
1168
1217
1186
1118
1146
1197
1123
1110
1154
1185
1146
1178
1186
1133
1070
1104
1236
1192
1105
1102
1182
1220
1184
1167
1214
1185
1114
1146
1146
1116
1103
1158
1143
1151
1263
1150
1102
1127
1227
1147
1099
1292
1336
1360
1374
1374
1275
1239
1199
1168
1126
1123
1180
1275
1146
1312
1322
1177
1247
1205
1117
1172
1311
1323
1335
1229
1335
1334
1297
1224
1165
1204
1309
1332
1358
1361
1353
1260
1327
1338
1209
1252
1223
1141
1261
1329
1305
1351
1341
1321
1207
1242
1287
1171
1137
1193
1272
1240
1147
1205
1204
1104