1356
1339
1265
1224
1159
1133
1275
1439
1401
1257
1147
1154
1265
1402
1370
1224
1146
1132
1163
1300
1307
1280
1209
1167
1181
1264
1280
1288
1271
1172
1202
1318
1403
1370
1240
1196
1333
1333
1230
1211
1302
1339
1349
1274
1190
1188
1261
1325
1351
1240
1278
1301
1305
1229
1181
1278
1329
1245
1129
1090
1097
1261
1425
1304
1151
1117
1198
1241
1151
1135
1207
1396
1374
1341
1365
1266
1222
1280
1338
1251
1093
1124
1311
1384
1229
1161
1245
1260
1158
1283
1340
1246
1188
1263
1269
1185
1239
1224
1157
1243
1365
1344
1221
1150
1212
1252
1222
1292
1267
1188
1188
1257
1245
1206
1167
1147
1136
1203
1331
1284
1169
1199
1241
1169
1235
1233
1205
1171
1279
1266
1184
1240
1303
1272
1167
1131
1191
1298
1354
1254
1243
1246
1196
1127
1058
1133
1363