1098
1322
1350
1323
1283
1182
1125
1228
1365
1452
1399
1219
1304
1410
1363
1306
1310
1443
1397
1335
1489
1492
1423
1440
1532
1517
1422
1547
1433
1313
1410
1503
1444
1290
1431
1426
1366
1281
1466
1444
1358
1302
1278
1359
1315
1378
1474
1442
1295
1387
1393
1252
1308
1388
1310
1405
1411
1234
1384
1320
1223
1380
1341
1185
1281
1382
1313
1261
1346
1354
1228
1372
1451
1341
1304
1458
1358
1241
1339
1408
1302
1206
1346
1342
1311
1247
1367
1331
1290
1366
1399
1258
1227
1333
1245
1292
1360
1362
1383
1487
1426
1311
1310
1375
1367
1374
1436
1356
1390
1433
1302
1340
1432
1310
1256
1411
1320
1428
1403
1272
1294
1337
1199
1295
1319
1236
1202
1363
1363
1191
1328
1259
1175
1347
1296