1162
1257
1212
1156
1109
1092
1080
1090
1090
1056
1043
1030
1097
1386
1441
1289
1232
1142
1100
1276
1269
1288
1186
1151
1151
1114
1227
1274
1122
995
1018
1063
1135
1280
1181
1138
1113
1151
1202
1292
1265
1221
1173
1149
1118
2535
1316
1276
1260
1178
1156
1188
1136
1083
1070
1146
1227
1233
1146
1074
1075
1118
1169
1137
1113
1129
1129
1125
1124
1188
1178
1146
1137
1158
1261
1230
1170
1129
1136
1132
1103
1101
1153
1182
1157
1075
1063
1105
1108
1051
1018
1025
1107
1150
1090
986
972
1005
1054
1073
1032
1018
1049
1083
1036
995
974
968
959
979
1022
1083
1151
1144
1067
1086
1089
1074
1058
1070
1044
1085
1225
1229
1145
1050
1066
1110
1145
1093
1082
1108
1106
1061
1000
1048
1217
1222
1175
1116
1111
1143
1194
1239
1228
1171
1182
1221
1239
1140
1177
1270
1310
1220
1125
1146
1198
1318
1266