997
947
913
882
862
847
833
814
808
827
836
833
859
844
850
822
793
776
784
806
865
930
927
893
887
891
866
840
792
767
747
720
714
705
704
724
726
753
759
796
868
997
981
957
926
881
850
812
783
763
750
732
733
738
760
800
810
816
807
812
838
874
889
916
880
848
828
814
806
813
820
805
786
783
772
772
774
757
766
772
797
834
826
800
799
798
810
813
791
782
771
759
754
745
731
742
751
760
775
778
792
811
831
836
813
786
778
780
775
765
743
748
746
765
780
780
839
857
922
896
857
865
881
853
817
806
808
791
804
794
782
782
768
756
761
778
797
796
803
828
850
820
835
834
816
781
773
771
785
790
793
814
833
896
938
898
900
903
916
897
841
847
835
858
907
892
899
917
944
941
910
872
858
853
833
821
832
811
787
777
768
772
791
857
830
839
863
929
869
867
854
834
844
823
788
771
753
744
751
771
777
779
810
842
853
843
817
813
829
872
889
859
826
827
843
844
858
924
975
933
892