1362
1333
1183
1200
1272
1191
1094
1085
1222
1224
1249
1133
1182
1295
1236
1072
1062
1181
1275
1170
1063
1143
1189
1218
1143
1179
1323
1266
1117
1091
1247
1443
1353
1188
1103
1183
1354
1260
1183
1262
1246
1146
1063
1124
1300
1383
1223
1094
1021
998
1097
1215
1257
1128
1080
1119
1146
1127
1136
1279
1295
1204
1104
1083
1208
1311
1224
1104
1029
1101
1185
1228
1179
1058
1097
1188
1185
1164
1052
1047
1138
1229
1155
1085
1053
1112
1180
1149
1086
1083
1172
1234
1263
1136
1081
1132
1322
1264
1183
1073
1138
1183
1293
1221