1031
1051
1151
1212
1187
1119
1147
1204
1181
1158
1113
1040
1076
1133
1190
1175
1182
1125
1110
1167
1279
1252
1211
1173
1268
1347
1360
1265
1215
1231
1251
1222
1142
1160
1263
1297
1214
1235
1256
1220
1172
1113
1223
1359
1271
1190
1266
1300
1251
1169
1167
1244
1229
1175
1160
1251
1325
1243
1225
1217
1279
1177
1167
1294
1416
1363
1248
1211
1263
1301
1281
1248
1346
1331
1285
1227
1240
1411
1381
1279
1188
1242
1336
1257
1175
1177
1230
1309
1173
1173
1303
1327
1214
1199
1235
1294
1261
1256
1330
1290
1206
1168
1237
1269
1351
1291
1244
1287
1304
1287
1212
1147
1205
1324
1323
1264
1313
1303
1275
1191
1207
1258
1254
1202
1237
1340
1291
1154
1193
1234
1209
1137
1151
1267
1230
1173
1164
1169
1252
1133
1077
1158
1250
1223
1126
1136
1189
1188