870
856
851
883
1006
1114
1117
1109
1076
1052
1030
1073
1045
1094
1106
1136
1003
954
920
938
1092
1418
1404
1323
1178
1098
1127
1331
1328
1313
1332
1272
1303
1234
1156
1224
1410
1450
1336
1216
1322
1381
1313
1091
1093
1221
1274
1182
1365
1358
1277
1156
1102
1093
1212
1314
1328
1259
1162
1118
1189
1257
1340
1296
1306
1308
1201
1144
1237
1268
1139
1187
1170
1301
1307
1252
1203
1122
1172
1265
1294
1273
1257
1229
1136
1143
1259
1356
1338
1244
1149
1169
1270
1273
1266
1236
1184
1105
1147
1271
1354
1303
1237
1178
1110
1165
1246
1228
1215
1179
1138
1101
1147
1264
1247
1235
1168
1096
1111
1208
1224
1169
1089
1058
1072
1231
1338
1269
1223
1220
1176
1102
1092
1117
1171
1211