891
899
887
855
753
979
932
1027
1075
1078
1086
1042
1007
520
1498
1059
1074
1080
1021
1013
998
889
1016
979
1095
1116
1102
1135
1107
1054
1036
1028
999
988
1001
1083
1215
1180
1105
1116
1107
1073
1012
977
1011
1157
1267
1202
1111
1053
1112
1157
1158
1117
1126
1099
1041
1021
1100
1139
1122
1085
1177
1183
1100
1102
1144
1112
1064
1035
1101
1166
1149
1067
1061
1147
1219
1164
1075
1056
1104
1090
1065
1066
1158
1183
1129
1124
1135
1070
1000
991
1045
1113
1065
1032
1070
1137
1126
1087
1151
1154
1146
1109
1124
1122
1066
1024
1014
1055
1075
1048
1058
1149
1076
1028
1094
1124
1052
1085
1153
1152
1153
1124
1107
1112
1116
1064
1009
1034
1071
1091
1062
1096
1127
1132
1053
1028
1038
1033
1009
972
970
1023
1095
1041
1886
946
967
987
932
957
969
947
924
908
958
1098
1136
1096
1053
989
983
1005
1056
1064
1030
1059