770
774
782
789
809
841
878
857
867
892
916
916
899
904
871
831
811
819
854
862
845
859
874
873
878
893
908
882
895
905
873
863
858
826
822
842
889
916
884
893
889
853
850
848
828
804
816
813
802
831
839
826
848
867
883
880
865
871
859
846
824
806
802
791
794
792
825
823
792
773
756
753
778
793
790
796
822
866
898
878
841
836
837
820
797
800
813
824
849
865
844
826
829
854
849
828
813
814
798
794
788
780
768
768
745
740
757
729
722
721
721
701
686
657
658
646
636
634
452
1376
613
599
593
582
565
580
565
579
551
551
554
556
560
1079
545
541
548
540
1067
515
516
527
515
522
513
521
519
513
529
510
507
514
1033
504
509
501
509
513
503
513
504
499
502
503
518
499
499
510
504
499
503
507
509
494
501
992
496
487
496
501
494
491
502
497
494
493
497
497
500
505
497
501
498
487
496
500
489
490
495
492
479
488
489
496
485
482
481
483
491
490
480
481
483
477
482
479
485
475
473
479
479
472
475
480
473
476
480
477
472
473
484
475
471
476
477
481
471
476
956
476
477
481
479
475
477
483
477
471
474
473
473
479
471
469
484
465
467
479
466
470
473
463
472
476
478
466
464
466
465
470
474
475
467
460
479
467
474
475
466
467
479
468
472
469
464
470
475
465
466
471
475
471
481
466
475
470
483
477
472
471
482
473
463
479
471
463
473
464
473
469
464
468
473
464
469
473
477
465
466
468
478
461
465
479
464
456
470
466
464
458
464
467
458
455
467
459
460
469
463
461
457
462
458
462
457
459
463
464
470
462
465
485
465
470
484
471
475
477
470
479
481
470
478
486
473
478
482
482
473
470
474
472
469
465
467
469
468
486
481
468
481
954
479
473
477
487
470
473
487
473
468
475
467
470
479
467
476
479
477
474
479
479
472
472
476
475
475
468
467
474
467
489
471
465
476
467
473
474
462
468
473
461
471
474
470
464
468
470
469
463
463
479
466
456
469
458
465
471
459
458
465
463
462
460
460
476
455
462
469
472
462
464
463
472
467
456
465
460
458
471
454
463
470
461
462
465
468
461
461
458
476
454
466
468
465
464
456
469
464
472
462
468
464
466
481
465
463
478
463
463
468
466
470
462
464
466
467
461
467
465
460
472
462
470
469
460
467
474
462
467
472
473
465
466
464
470
465
455
472
461
465
461
462
464
473
461
466
470
468
468
467
469
478
464
462
479
461
462
471
469
462
458
465
466
939
469
469
475
479
467
475
481
469
474
487
468
477
481
477
473
478
473
476
469
471
468
472
466
468
476
462
473
471
472
476
468
473
487
468
474
482
473
473
476
469
473
469
469
468
471
464
463
465
463
466
460
463
468
454
464
470
467
465
469
469
463
464
459
476
457
457
463
467
454
460
455
465
454
455
467
457
455
461
470
459
460
460
469
470
455
464
442
478
474
461
466
473
472
463
462
466
465
461
455
474
460
463
467
465
461
465
465
463
458
461
465
460
450
460
454
453
467
455
455
463
466
456
457
926
454
457
472
459
464
470
472
466
472
471
475
467
466
480
469
456
472
456
464
470
459
462
469
470
464
460
466
481
468
459
477
468
469
469
470
474
472
463
470
474
464
467
470
464
466
465
466
477
456
464
470
466
462
465
468
473
462
468
476
479
485
490
484
485
486
483
483
479
474
481
479
483
488
488
488
487
494
495
496
501
504
504
503
501
501
502
504
502
500
498
500
499
494
498
497
498
495
498
502
500
499
499
499
500
495
498
502
504
500
505
512
521
524
526
537
549
556
552
567
571
566
566
567
562
553
548
557
560
556
560
565
569
570
568
572
569
562
568
584
587
584
587
598
606
607
603
607
606
595
602
615
620
609
596
577
584
578
566
560
589
621
642
664
681
659
664
671
660
644
646
642
646
628
629
625
616
612
626
626
631
641
669
698
688
745
744
716
710
716
691
683
687
668
685
701
701
704
746
721
704
680
685
679
665
665
653
646
636
646
652
666
682
754
738
750
756
736
719
683
675
667
658
649
635
617
604
611
620
633
684
789
865
955
979
938
940
843
783
759
730
730
721
721
726
754
772
774
771
772
749
753
743
730
743
732
744
747
766
750
766
761
735
744
738
734
716
694
707
749
743
737
739
743
749
742
731
735
751
751
754
747
728
721
709
697
692
703
709
717
724
716
727
749
764
749
732
718
711
702
703
707
711
713
705
698
699
700
719
747
756
756
757
763
758
743
722
708
696
684
681
688
716
716
745
749
740
739
721
728
729
715
716
685
679
682
687
693
705
720
729
727
736
747
721
693
676
676
681
700
698
702
684
686
681
661
666
659
637
647
655
677
694
712
730
731
721
698
667
662
674
684
698
705
706
717
723
716
707
709
714
722
732
760
747
716
707
701
699
701
701
712
705
712
714
729
743
736
763
770
768
754
776
788
779
773
781
763
740
726
729
730
740
754
771
775
779
781
770
742
732
721
712
701
712
721
727
731
729
708
708
705
696
696
699
698
707
712
722
729
728
731
728
728
731
740
761
789
795
788
783
776
765
752
747
736
732
728
713
708
709
718
726
731
728
735
738
738
725
726
772
769
759
760
755
747
746
758
771
814
862
864
847
831
818
800
783
767
762
759
777
797
798
794
775
763
760
748
748
755
787
831
877
850
804
771
740
709
688
659
645
642
629
624
613
625
632
636
631
637
642
639
630
631
643
607
593
619
606
602
604
587
585
579
568
577
563
557
557
553
557
546
552
551
549
544
538
557
560
574
570
563
568
573
580
580
585
599
591
599
607
606
611
603
605
608
602
594
610
636
646
647
635
650
646
628
634
616
601
604
598
592
596
596
596
589
586
589
586
586
587
577
585
587
590
601
607
608
602
599
609
597
597
607
615
624
617
604
637
644
652
656
641
640
631
624
621
628
619
623
626
620
628
640
624
623
637
629
631
640
634
642
640
630
626
629
613
603
599
593
599
597
598
630
600
616
629
610
613
621
613
615
629
625
618
619
613
610
604
604
615
607
613
625
627
623
626
622
626
625
625
641
626
617
622
615
604
623
629
637
639
639
646
652
633
624
681
670
666
658
654
646
641
648
644
644
647
653
644
660
662
659
672
676
680
682
668
650
644
646
635
617
624
624
618
633
653
667
651
641
636
632
616
616
606
598
592
607
611
622
613
608
610
605
622
621
624
626
616
608
612
612
618
631
622
623
624
613
603
602
614
619
608
620
624
617
625
634
629
655
648
639
641
640
621
629
627
617
629
630
634
637
620
608
648
645
658
658
652
642
641
628
628
631
620
623
632
626
629
635
618
617
620
612
625
630
625
632
640
645
655
650
626
622
619
614
612
612
617
619
609
622
625
625
628
635
633
639
644
620
616
630
609
599
616
603
580
585
590
595
597
596
597
617
605
602
613
609
598
584
599
612
604
582
604
598
584
593
574
571
582
570
581
574
575
594
579
582
604
595
585
575
593
600
597
592
596
592
591
589
582
583
584
569
574
594
579
585
586
599
575
611
587
600
585
587
583
593
329
815
592
559
556
549
561
547
546
544
540
543
526
542
523
535
528
531
541
532
549
531
554
528
541
536
545
538
537
547
536
540
536
544
527
533
532
538
524
532
538
517
522
522
541
523
543
533
544
533
540
528
525
518
521
531
508
510
521
511
507
510
508
503
507
509
501
509
512
503
505
514
503
508
511
500
501
501
502
491
492
499
497
490
493
493
490
492
492
499
492
490
495
504
489
495
507
500
488
497
493
487
502
494
496
492
483
490
488
488
483
487
496
500
489
491
500
493
489
494
498
489
487
496
497
493
492
514
490
495
512
502
492
508
496
510
498
492
504
498
508
496
503
510
503
497
507
499
505
498
493
506
510
510
500
511
521
510
503
519
507
506
508
508
501
507
508
497
499
506
489
488
505
492
496
493
492
496
494
490
482
490
495
496
498
493
490
497
495
491
489
501
482
488
498
482
478
482
479
479
496
476
476
493
479
477
489
477
484
483
474
477
492
480
482
499
488
484
486
486
487
482
479
482
482
475
476
481
475
465
481
472
467
477
468
476
476
467
476
480
469
465
471
467
478
479
470
474
480
483
475
473
477
477
471
468
477
479
483
479
477
474
480
484
482
478
478
479
476
476
469
477
479
484
473
474
479
479
481
472
477
475
473
468
465
471
472
473
463
465
467
472
471
464
468
476
462
463
472
463
467
474
460
464
469
473
471
466
474
471
467
470
473
468
464
472
475
477
469
466
465
466
469
464
465
463
458
469
462
451
460
461
453
473
459
452
465
460
454
461
462
455
457
467
453
455
459
457
456
916
448
454
457
447
452
455
445
450
450
449
446
450
444
460
446
440
454
452
445
439
448
449
448
442
458
449
442
452
446
450
444
450
449
447
435
451
441
445
448
442
444
448
452
444
443
444
451
438
447
447
437
447
453
453
446
449
901
443
444
461
442
442
453
450
444
439
451
448
448
438
450
442
446
458
437
448
448
452
438
444
446
442
437
438
450
439
438
434
437
438
437
433
439
432
437
447
441
448
434
878
442
430
437
434
437
442
438
432
438
440
438
432
435
440
427
438
438
869
439
426
444
436
435
437
870
434
430
442
432
429
428
429
432
434
428
432
424
435
442
429
431
435
441
433
431
429
448
424
434
437
440
430
428
427
441
433
422
434
435
430
429
434
435
428
429
434
426
430
433
426
432
430
424
430
427
430
431
423
427
431
859
417
430
430
433
426
424
422
437
428
420
431
427
433
422
423
434
422
423
420
424
422
426
844
419
421
418
427
419
422
414
428
424
418
421
428
420
418
419
427
415
420
425
839
414
414
426
417
417
415
417
417
421
409
416
421
414
414
413
425
412
415
420
418
412
408
419
415
410
415
413
413
415
411
417
419
410
421
410
419
412
414
419
417
408
419
407
419
418
425
408
410
412
415
406
412
414
402
415
402
411
413
402
411
406
410
409
401
412
405
405
406
409
408
409
400
414
413
404
403
411
414
410
403
407
409
408
403
398
412
408
402
406
404
416
402
398
820
407
402
407
413
414
409
408
833
407
407
415
417
409
413
831
409
409
418
407
408
413
406
418
402
409
411
412
404
402
405
412
408
404
404
400
419
397
403
407
414
401
399
406
820
396
402
404
411
394
404
405
396
408
401
400
399
398
409
399
398
394
402
406
401
396
394
399
405
396
396
397
401
398
392
399
399
402
397
393
396
403
395
398
394
399
395
390
393
397
396
400
394
402
395
404
397
396
408
396
397
397
408
394
395
400
402
391
398
403
791
397
396
398
392
400
389
400
390
393
396
398
391
396
393
399
390
392
401
399
391
394
390
403
396
392
389
394
402
395
392
393
396
396
387
393
395
396
389
384
394
391
401
387
387
389
392
384
394
387
387
387
390
389
389
381
386
390
390
390
379
391
392
386
388
387
395
380
388
393
382
394
388
387
386
386
393
388
385
387
385
393
383
384
388
390
386
379
386
390
380
388
381
385
388
376
384
383
383
389
380
385
380
389
381
381
387
381
383
380
384
387
384
379
378
385
388
383
381
380
382
393
376
382
385
391
380
381
381
389
382
379
378
384
380
378
384
383
374
381
381
384
382
372
384
380
383
378
377
385
388
375
377
377
387
385
376
377
375
391
370
379
376
380
377
376
377
381
370
380
378
378
375
374
385
384
369
378
375
386
368
376
376
379
377
373
381
374
373
378
377
378
375
374
379
383
376
371
379
378
386
373
373
373
384
377
370
374
375
378
373
375
375
373
372
374
377
377
369
370
381
377
375
376
367
379
378
378
370
371
384
373
370
375
378
369
383
370
373
371
374
378
372
369
373
380
373
364
376
373
378
374
363
371
374
370
381
364
370
372
372
378
368
372
368
376
372
367
370
367
375
372
369
375
365
375
369
368
376
372
365
369
369
378
371
368
368
368
378
366
368
374
362
371
371
367
365
364
376
367
372
365
373
370
363
375
367
368
367
371
373
361
371
373
362
369
369
367
369
361
369
373
364
363
369
370
377
362
366
366
376
370
365
364
369
370
363
372
369
364
365
367
378
358
370
368
365
365
368
366
370
356
371
372
361
360
372
367
366
366
370
358
371
366
369
357
365
369
373
365
361
365
368
366
361
361
371
366
358
367
368
362
368
361
365
361
369
358
364
364
370
366
362
369
368
357
367
372
361
366
360
368
368
363
363
368
364
731
366
361
362
370
369
359
368
371
354
366
369
358
1095
361
363
729
359
368
362
363
359
362
370
361
357
368
368
354
364
366
357
362
364
362
723
363
361
359
369
359
364
361
363
534
558
362
356
366
356
376
355
367
361
360
361
358
377
358
356
370
361
359
364
363
358
357
369
360
362
358
366
357
365
356
365
361
361
360
372
359
362
365
365
356
368
364
360
363
358
372
359
363
352
372
359
364
369
360
356
360
371
364
358
364
360
371
357
368
362
364
354
370
372
359
363
367
361
363
365
365
357
359
374
365
354
365
360
366
364
361
365
367
361
364
376
363
363
735
731
365
363
362
378
366
366
373
368
359
377
363
367
363
378
363
370
740
362
367
375
365
371
371
370
364
371
375
369
367
373
380
365
369
377
381
369
378
380
370
367
373
379
379
378
371
373
390
383
372
381
381
387
378
374
387
389
383
377
381
370
379
370
370
380
377
372
371
379
758
376
374
376
375
389
376
374
371
379
766
376
376
378
385
378
376
380
771
384
381
381
390
385
380
383
385
390
383
383
384
392
389
385
384
387
393
386
385
387
396
387
388
385
393
393
387
388
388
793
394
392
395
801
396
396
398
399
400
401
398
396
398
407
396
396
399
407
398
403
403
407
409
409
407
410
428
406