1022
1144
1248
1215
1187
1097
1139
1236
1251
1195
1357
1374
1284
1336
1413
1229
1211
1297
1243
1284
1509
1331
1200
1254
1331
1259
1262
1265
1176
1220
1244
1231
1146
1164
1231
1196
1246
1252
1224
1173
1243
1268
1187
1204
1281
1296
1198
1223
1206
1200
1255
1318
1258
1120
1180
1201
1169
1194
1280
1215
1184
1264
1241
1148
1195
1134
1089
1112
1201
1139
1134
1207
1199
1135
1318
1275
1226
1254
1290
1207
1157
1210
1273
1179
1183
1270
1250
1153
1243
1336
1256
1159
1235
1342
1266
1176
1172
1122
1116
1159
1243
1170
1241
1287
1197
1154
1165
1196
1138
1227
1301
1244
1167
1210
1263
1181
1179
1247
1196
1140
1164
1136
1072
1028
1018
1010
1041
1038
1001
974
948
952
974
991
1002
998
998
1000
1011
983
1039
1114
1101
1184
1237
1185
1087
1104
1231
1204
1180
1125
1151