1025
1025
1011
995
1056
1174
1370
1284
1150
1213
1325
1303
1337
1223
1166
1370
1403
1323
1239
1249
1400
1395
1368
1426
1437
1376
1301
1414
1445
1413
1263
1321
1482
1518
1412
1385
1432
1409
1342
1496
1532
1464
1422
1461
1473
1469
1353
1394
1314
1188
1495
1544
1432
1214
1263
1331
1356
1274
1188
1253
1302
1270
1298
1314
1325
1277
1445
1409
1313
1340
1500
1418
1326
1335
1376
1291
1236
1328
1430
1374
1361
1438
1418
1305
1345
1359
1313
1339
1335
1299
1439
1405
1393
1366
1293
1134
1229
1448
1414
1334
1313
1276
1325
1318
1302
1226
1199
1354
1368
1235
1294
1464
1415
1288
1336
1432
1320
1261
1360
1371
1242
1330
1359
1289
1376
1502
1496
1396
1358
1406
1437
1441
1420
1460
1451