1110
1112
1375
1494
1414
1329
1189
1182
1286
1290
1402
1376
1312
1344
1376
1403
1343
1296
1501
1473
1430
1287
1331
1480
1414
1272
1278
1424
1421
1248
1345
1421
1285
1330
1456
1420
1305
1374
1365
1253
1284
1426
1295
1315
1364
1271
1209
1351
1374
1318
1220
1313
1451
1452
1354
1229
1333
1490
1434
1406
1412
1304
1276
1470
1528
1369
1386
1467
1411
1318
1465
1446
1370
1401
1465
1354
1393
1704
1631
1496
1386
1458
1469
1354
1436
1552
1456
1373
1491
1431
1321
1350
1458
1540
1355
1300
1388
1359
1275
1240
1355
1307
1206
1265
1304
1267
1144
1203
1442
1365
1326
1396
1357
1267
1349
1418
1363
1391
1425
1321
1310
1399
1409
1285
1313
1495
1441
1293
1307
1460
1481
1352
1462