829
856
896
886
884
863
836
806
787
789
805
792
784
762
765
738
730
733
755
807
832
813
856
864
895
915
985
992
1003
1070
1071
1033
1003
958
939
852
825
834
872
1038
979
887
1693
833
832
838
854
903
1022
1036
1053
1064
1006
997
990
937
915
921
968
929
887
880
931
990
1025
1063
1015
976
982
963
1010
938
949
962
958
944
975
970
915
927
917
905
864
837
843
831
845
854
840
869
874
897
884
814
794
791
792
794
779
764
748
738
734
759
817
876
889
910
910
879
869
861
891
931
988
1087
1103
1034
1005
965
935
892
900
891
877
816
833
839
843
844
851
836
828
817
832
832
850
842
875
880
856
823
817
798
778
770
748
746
776
803
794
799
790
785
783
791
807
818
851
891
881
863
841
854
864
888
868
845
843
842
828
838
837
852
866
891
886
867
871
851
873
828
829
806
801
813
812
815
803
817
826
846
893
934
920
906
869
850
839
829
824
832
888
949
949
957
964
966
927
896
892
879
859
852
821
804
826
842
923
973
938
960
992
946
967
984
931
871
852
842
849
863
914
968
986
979
975
964
933
905
878
888
888
910
908
904
915
932
962
944
866
860
876
898
938
908
880
865
878
892
927
841
829
817
808
813
835
853
843
848
829
816
788
768
761
747
738
743
776
824
848
889
959
1032
945
955
960
907
891
904
880
840
810
788
775
759
750
783
888
922
881
883
849
792
791
761
741
735
754
758
755
772
797
905
1053
1010
960
943
965
932
899
936
1043
1129
1052
1049
1051
1009
989
1030
1042
941
974
1058
1029
960
947
928
979
1093
1008
1031
1039
1103
989
1013
1074
1101
1001
950
949
975
1044
1092
991
952
963
945
967
879
888
889
929
918
902
919
921
925
896
909
894
911
893
912
924
938
983
966
1013
1020
995
988
1012
1019
947
941
963
1030
1004
1009
1027
1048
1099
1005
959
950
944
922
859
827
802
823
883
833
812
814
819
847
870
828
1676
823
818
793
771
755
774
818
1158
1015
994
969
955
907
884
887
854
821
801
810
840
938
1042
991
905
915
884
906
884
926
954
1017
976
1036
1078
979
983
993
975
981
1025
1037
985
992
1022
1051
971
963
955
934
896
890
878
938
979
1041
996
943
914
894
869
854
829
824
854
873
933
908
926
963
977
981
915
920
884
915
923
912
898
875
823
819
788
788
776
768
799
836
907
898
931
910
922
936
958
945
979
999
935
870
871
900
946
912
873
881
898
947
956
935
842
816
802
799
824
838
853
949
990
993
935
936
940
969
930
906
912
916
883
898
861
892
970
1015
948
886
833
834
845
866
825
829
875
895
913
927
908
907
885
886
875
905
928
985
947
921
857
874
875
948
1107
1088
1153
1102
1139
1092
969
904
890
885
908
1014
959
1011
990
938
900
910
919
922
865
877
882
920
961
873
845
825
823
912
951
971
1021
953
970
1003
1034
983
970
1145
986
1035
1164
1092
1154
1057
959
974
979
897
921
951
879
889
864
815
804
777
769
756
757
755
744
734
738
748
804
1017
1071
1101
1137
1199
1220
1216
1137
1114
1095
1038
1084
1094
1031
949
908
890
931
901
934
906
912
889
858
843
803
809
802
818
908
1038
989
1031
1041
1085
979
935
904
898
933
958
923
918
922
921
933
975
979
940
897
873
869
858
828
828
782
768
767
772
828
950
987
1016
986
925
874
830
810
793
768
770
763
770
806
816
862
944
1011
995
974
902
862
821
753
758
722
720
751
767
843
818
867
855
864
841
790
790
760
772
780
803
802
800
790
777
773
769
767
750
749
773
852
897
814
785
775
759
772
785
793
798
790
781
771
785
771
751
774
820
867
843
855
879
853
888
897
918
900
907
887
891
922
1006
950
993
978
886
835
802
813
816
854
888
812
824
806
812
824
878
987
1052
1075
1180
1107
1036
1025
1012
1022
979
989
1048
1085
969
1011
1056
1031
1016
991
937
955
938
928
933
942
968
970
1003
1007
936
926
916
907
877
871
881
886
895
893
922
922
882
868
876
899
962
964
1004
990
971
944
956
970
935
1041
1059
982
996
1012
966
928
1004
1040
1092
948
914
985
980
915
911
953
899
885
897
907
872
876
904
914
949
947
873
891
896
870
868
883
904
858
879
883
886
886
880
852
813
850
853
881
825
838
827
816
775
778
753
780
783
817
831
861
897
989
965
929
920
929
983
978
929
952
945
939
985
1019
987
918
891
884
863
854
829
799
807
782
787
808
826
823
853
850
857
907
933
1013
1116
1077
1043
1054
1073
930
911
857
824
813
812
818
786
787
757
739
717
711
689
669
668
665
656
646
638
634
626
612
611
607
600
593
585
580
579
572
564
557
553
550
549
544
541
542
545
545
547
555
551
556
561
561
562
573
575
576
580
590
598
608
610
617
618
619
618
621
619
615
612
610
608
609
609
610
613
619
625
624
627
632
643
659
675
687
696
713
730
747
735
729
722
715
709
703
703
705
723
739
745
760
781
774
770
753
755
755
761
768
761
752
756
744
751
738
741
736
743
742
747
750
765
793
809
832
853
850
824
793
783
770
775
770
767
794
844
864
846
813
813
802
789
767
762
747
752
744
755
798
883
879
843
825
804
775
744
738
715
695
688
684
686
688
690
703
726
730
727
759
815
959
857
852
848
835
827
810
813
882
997
999
909
917
896
845
861
830
837
910
975
857
885
897
1097
1040
958
896
860
800
780
748
743
732
718
725
709
694
683
669
657
656
641
643
657
695
750
818
926
891
936
914
900
810
749
748
727
730
746
751
783
827
867
905
875
867
846
830
809
775
768
751
745
734
747
736
739
760
790
810
858
859
820
829
786
757
744
716
697
688
675
664
649
644
639
633
630
633
638
635
637
637
648
654
656
661
661
653
678
677
715
711
718
713
711
708
708
700
702
674
686
677
685
710
740
747
733
723
752
762
763
768
771
770
791
806
779
789
812
812
827
868
840
877
865
828
814
816
788
777
783
794
807
867
867
878
961
905
837
834
805
778
784
814
849
860
895
909
845
844
824
806
816
809
776
772
762
747
749
761
790
811
888
982
935
955
891
834
873
860
900
927
885
836
821
809
780
777
750
756
741
758
768
780
799
813
807
825
814
793
782
767
757
754
773
744
759
743
736
728
710
695
688
670
649
637
624
611
604
594
582
582
577
587
582
582
604
629
629
654
705
718
717
709
689
678
664
647
647
639
630
619
616
612
614
628
643
660
682
706
760
806
799
799
775
767
757
748
736
720
724
717
730
755
772
749
734
731
724
710
715
729
759
779
771
777
807
799
793
790
773
787
813
831
842
849
848
852
858
872
883
904
896
878
860
875
807
843
810
781
781
750
746
736
718
711
703
688
683
673
663
662
662
674
704
767
825
1096
1220
978
1065
1044
983
1001
1012
899
910
907
876
846
827
829
810
800
803
813
792
784
772
759
747
752
748
747
749
769
777
776
773
755
755
743
737
741
738
741
740
743
732
732
731
731
747
781
812
823
815
786
757
743
715
708
700
690
688
679
677
676
682
693
714
736
757
774
768
776
764
749
736
719
704
695
688
693
713
768
808
803
793
826
834
836
795
776
750
731
723
728
752
769
774
772
765
761
759
767
775
749
729
720
712
706
702
695
695
717
764
791
767
742
728
724
701
689
679
667
659
655
649
643
636
641
644
653
665
669
697
694
695
706
708
707
700
694
687
676
666
661
651
650
670
740
886
785
796
816
804
779
767
737
729
708
695
688
684
684
693
705
705
695
689
694
715
707
696
690
676
673
669
667
672
676
695
719
745
730
749
749
749
752
739
726
734
734
740
730
727
725
715
714
714
708
710
701
702
709
711
709
705
705
703
697
707
705
709
711
688
685
683
685
697
709
720
713
698
712
718
711
723
727
711
724
731
725
721
724
715
710
707
715
721
730
735
725
738
736
699
715
703
703
692
698
701
692
697
711
704
716
729
746
732
730
728
726
737
736
725
726
717
717
725
719
728
751
751
737
744
738
722
714
702
693
677
674
679
677
685
694
701
694
702
705
712
720
709
711
708
713
715
716
726
731
726
722
720
713
726
753
764
765
750
731
732
720
723
726
732
737
753
786
759
739
734
728
723
727
714
712
729
736
729
747
761
718
728
710
703
705
721
726
727
734
746
768
800
774
767
774
774
780
753
756
771
789
839
783
770
761
743
728
713
713
714
713
715
710
722
708
716
725
718
708
708
712
722
724
723
731
736
723
723
730
741
749
758
737
735
729
724
738
761
778
801
813
823
807
784
764
729
729
718
713
712
711
719
721
750
749
740
740
751
728
719
714
708
704
716
713
714
724
728
723
723
723
722
711
713
713
710
711
716
715
718
718
721
712
722
721
719
723
729
715
715
725
719
706
705
695
690
685
686
685
683
683
688
696
705
709
729
737
731
728
731
721
710
708
709
708
720
732
755
778
797
771
760
750
740
736
735
735
735
736
752
758
758
759
759
758
763
752
745
736
728
715
716
719
724
768
768
769
793
779
738
745
722
717
710
702
714
745
735
734
736
745
738
734
739
735
738
735
730
737
756
806
844
832
848
863
829
784
781
765
741
740
741
745
774
809
788
787
784
802
774
749
739
726
719
716
720
731
751
764
743
753
746
759
765
741
748
760
752
760
733
733
731
727
710
718
720
735
738
751
758
771
775
749
743
735
725
725
722
722
727
729
722
725
709
689
680
666
664
650
639
625
619
605
587
580
572
561
554
552
534
534
520
529
509
512
497
506
489
498
488
484
487
483
490
479
480
485
477
484
484
476
483
474
481
480
473
482
479
474
478
474
473
480
470
475
474
476
472
470
471
467
463
467
467
469
470
469
468
467
466
466
466
468
469
466
463
463
461
463
464
461
460
460
462
464
462
458
458
462
460
458
455
453
455
457
460
461
461
460
458
457
457
458
459
458
460
458
456
451
452
452
453
454
455
458
463
466
471
475
474
474
474
475
477
478
479
478
473
474
477
478
482
483
482
484
489
498
506
505
511
519
524
525
526
528
535
543
560
573
579
574
568
562
547
546
549
553
567
574
571
568
584
606
630
689
718
707
681
655
635
617
597
583
583
604
641
755
1203
979
862
814
769
725
690
680
674
670
673
677
672
657
647
659
682
688
710
766
815
786
765
772
765
743
753
802
826
856
1391
1116
1009
1339
952
900
1363
1166
1250
1011
1204
1096
934
998
1026
932
965
928
896
921
940
855
815
836
869
859
797
771
752
729
713
700
697
720
858
916
894
858
810
771
718
716
689
680
662
685
677
708
748
749
722
703
683
672
662
650
641
630
620
607
600
591
585
579
571
568
563
559
537
544
516
546
522
520
510
514
498
507
489
493
488
483
488
477
478
479
470
475
471
464
464
465
458
464
463
451
454
457
456
445
447
451
449
441
443
443
449
436
436
440
440
438
431
436
439
438
433
430
435
438
439
430
430
432
437
439
429
429
432
438
435
432
432
435
434
438
427
432
431
439
436
428
430
432
435
434
426
426
430
435
430
426
429
428
435
430
423
426
426
433
434
424
424
427
434
435
425
423
425
431
435
428
422
421
428
429
432
422
422
427
427
433
424
423
425
425
431
431
422
424
423
431
430
432
422
423
429
427
434
425
424
425
427
433
429
423
423
424
431
434
423
420
420
426
428
427
419
416
424
422
427
426
417
417
419
426
421
427
415
416
419
419
424
423
420
416
417
424
422
427
419
418
420
421
427
427
428
420
420
425
424
431
421
419
422
423
428
427
428
422
422
426
426
432
425
421
423
424
430
433
425
422
423
430
430
435
423
423
425
427
433
433
424
421
423
430
427
432
417
418
421
420
425
424
423
414
415
418
416
422
422
414
412
414
417
414
419
419
413
411
411
417
415
418
419
411
411
410
417
415
419
421
413
412
412
418
419
429
431
425
424
425
432
433
437
425
425
428
430
438
432
425
425
426
430
434
428
423
424
430
429
439
429
427
428
428
437
436
428
427
427
433
435
431
425
424
431
429
434
425
424
425
425
428
429
422
420
419
426
426
429
425
422
423
424
430
430
428
424
423
428
430
435
425
425
425
424
432
433
423
422
423
428
428
432
418
420
422
422
429
430
421
420
421
427
427
429
416
418
422
422
428
426
417
417
418
425
422
431
421
418
419
419
425
426
422
415
414
419
418
424
425
419
415
417
421
422
432
431
423
422
424
429
429
436
424
424
427
424
434
432
425
423
425
429
434
433
421
423
426
424
434
431
425
419
421
424
423
429
429
420
420
422
427
424
432
427
423
422
423
431
430
432
421
422
425
424
433
435
428
427
427
435
437
438
427
428
435
436
443
429
429
432
434
441
433
431
433
432
441
439
431
431
431
438
439
431
429
428
436
436
437
422
425
431
433
437
425
423
425
425
434
434
424
422
422
429
430
437
425
422
426
426
433
432
424
421
422
431
429
434
422
421
424
424
427
428
422
419
419
426
424
432
428
423
422
422
427
428
431
420
417
420
416
423
427
424
414
413
418
417
424
423
422
410
412
416
416
421
420
419
410
412
415
414
422
419
417
412
412
416
419
419
422
415
413
413
421
419
426
422
418
416
418
425
426
430
417
415
418
417
426
429
425
415
415
418
418
428
430
420
414
413
418
417
424
421
413
413
412
417
416
423
420
420
412
411
414
413
421
416
423
412
411
411
411
417
416
421
421
412
412
412
418
415
423
424
419
416
414
421
420
428
428
418
418
418
425
425
429
424
421
421
422
430
431
426
420
422
428
429
435
427
420
424
425
431
434
425
419
420
429
427
436
423
419
424
424
431
433
423
422
423
432
428
432
421
421
423
426
430
427
421
417
418
424
422
429
426
415
414
415
420
418
424
422
413
415
414
419
419
426
427
418
413
410
415
413
418
419
421
412
408
410
413
417
416
422
421
413
412
415
419
418
426
423
415
417
417
426
425
426
417
418
421
420
428
426
422
417
418
423
420
423
421
416
414
414
421
417
424
420
415
415
415
421
421
427
417
414
416
417
424
423
428
417
414
417
417
422
423
421
413
411
420
417
422
427
418
414
414
421
419
428
426
418
414
415
421
421
428
425
417
416
415
422
422
430
430
421
418
420
425
424
434
427
419
418
421
426
427
431
418
416
419
419
426
430
423
415
414
422
422
428
429
418
415
416
424
422
430
427
416
418
418
423
424
425
418
414
420
418
423
425
420
415
416
421
418
426
422
415
414
417
422
420
424
421
414
414
416
419
419
427
429
419
418
418
425
425
432
426
417
418
419
428
424
434
425
421
423
424
432
433
431
421
423
430
428
433
428
423
425
427
433
431
427
422
422
429
429
430
421
420
422
421
428
425
422
416
417
423
420
424
424
415
415
415
422
419
423
417
414
413
413
418
419
426
416
413
411
412
417
418
425
418
410
409
409
417
417
423
421
411
409
410
415
414
418
420
412
407
408
411
409
417
412
415
405
406
406
406
411
409
415
416
406
402
403
406
407
413
411
414
408
401
401
405
405
404
410
406
409
402
401
400
400
409
405
409
408
412
404
404
403
404
411
412
417
418
412
405
404
410
410
412
412
417
413
407
401
403
406
407
413
413
416
414
405
405
407
411
410
414
415
410
405
404
408
407
413
412
418
410
405
404
404
411
409
416
413
410
405
405
406
406
413
409
418
416
408
405
405
411
410
417
417
415
407
404
408
409
413
413
412
409
404
404
407
409
407
416
412
411
406
406
410
408
414
414
411
406
404
410
411
417
416
416
408
406
408
408
413
407
413
411
404
402
403
409
408
415
414
411
404
402
404
405
408
407
410
408
405
401
398
403
402
405
404
412
413
410
405
404
407
408
411
408
416
416
412
406
405
412
409
416
414
418
414
410
410
411
415
414
416
418
411
408
406
414
413
419
422
413
407
409
412
414
421
421
418
411
409
415
414
420
419
419
410
409
414
413
420
419
419
412
413
416
412
383
458
422
413
412
417
416
420
422
422
414
412
420
416
425
430
423
415
415
421
422
429
431
420
417
417
424
425
434
428
421
418
420
427
426
429
420
415
418
417
424
420
423
417
414
414
416
421
421
426
417
414
416
418
424
423
429
416
413
416
418
422
423
425
416
411
418
418
425
423
426
415
417
423
421
428
429
419
416
417
425
422
429
426
420
417
421
427
428
431
422
419
424
424
433
431
427
421
425
430
430
433
427
419
427
424
433
433
425
418
422
428
431
433
425
418
426
426
434
432
423
418
419
424
424
431
422
414
416
415
421
420
428
419
414
415
416
423
421
429
425
417
418
418
425
422
429
419
415
417
418
425
422
424
417
414
420
420
424
423
419
413
412
418
417
421
421
415
410
410
416
414
418
420
422
413
409
412
415
418
419
421
415
409
411
412
417
826
416
411
408
406
413
412
418
419
421
411
409
413
412
418
421
430
433
422
422
422
428
430
432
419
419
421
421
430
429
423
418
418
423
424
427
427
419
419
418
425
422
427
420
416
416
416
422
423
429
419
414
415
415
423
422
429
422
417
417
419
424
423
431
420
413
416
417
423
423
426
417
411
410
411
418
414
418
415
415
409
406
407
410
413
412
418
420
419
410
411
413
414
420
419
418
412
408
411
412
417
413
416
417
411
407
406
413
413
416
415
419
411
407
408
407
416
412
418
416
415
408
407
406
409
413
411
416
414
411
406
404
404
408
411
412
417
416
420
416
414
412
414
420
419
421
424
417
416
418
423
419
424
422
416
415
417
421
419
423
425
419
419
418
426
424
431
428
423
420
422
429
425
432
426
420
421
421
428
423
429
418
417
419
420
427
424
428
419
415
419
419
424
425
429
419
414
413
416
421
422
427
427
413
414
412
422
421
427
428
416
413
415
419
419
427
429
420
416
413
422
419
427
426
418
414
412
418
421
425
422
424
417
413
418
419
424
422
426
420
413
413
416
418
418
421
422
415
413
413
419
419
426
423
421
416
415
421
422
422
426
422
415
413
417
417
424
420
422
415
415
414
417
423
418
424
421
415
413
413
421
420
426
423
414
410
412
418
417
425
425
421
411
410
415
415
421
417
420
414
412
414
415
421
418
422
420
415
412
413
419
419
426
424
413
410
413
420
420
427
428
416
414
414
422
420
428
425
424
414
416
420
421
424
425
426
419
415
416
418
421
419
424
418
414
413
414
418
418
421
422
416
413
413
418
417
424
422
422
415
416
419
419
423
423
427
420
415
417
419
427
422
431
419
416
415
418
424
424
432
422
416
416
418
425
424
427
424
414
415
415
418
416
421
419
416
412
410
415
416
418
418
424
415
410
411
414
417
416
423
419
411
409
409
416
415
424
420
418
408
407
411
413
417
415
415
419
411
409
408
416
409
418
418
413
410
409
409
408
413
413
420
419
413
407
407
409
411
417
416
421
419
412
408
409
412
411
416
413
417
416
411
410
409
414
413
422
418
422
414
414
416
416
420
418
427
421
415
412
412
420
418
424
422
422
415
414
418
417
422
423
421
415
410
412
413
418
415
425
419
411
408
407
414
413
416
413
415
408
405
405
406
410
407
409
408
416
407
403
396
410
407
407
410
408
413
412
411
404
404
403
400
408
406
411
411
417
415
409
404
403
408
410
412
411
414
415
411
407
405
410
411
418
415
422
419
412
408
409
415
414
420
418
420
412
411
411
414
419
419
427
425
416
413
414
423
423
431
430
423
415
418
423
425
433
428
424
418
417
424
424
433
431
422
416
416
418
419
426
423
427
422
413
414
414
420
414
421
421
413
410
409
416
416
418
417
421
414
408
409
408
415
415
420
416
416
408
407
411
412
415
414
418
418
415
410
408
410
412
416
416
423
422
413
409
409
417
415
422
417
419
413
410
411
413
418
415
422
420
412
409
408
412
413
417
414
418
414
409
406
406
410
408
415
412
415
413
407
406
406
409
408
409
408
417
412
403
401
400
404
407
408
405
411
408
410
409
401
401
401
405
403
408
404
412
412
404
401
401
399
403
408
407
412
409
410
406
403
401
399
408
404
411
408
415
411
407
402
403
407
407
409
406
409
409
412
403
560
640
409
404
409
406
409
408
409
404
399
399
400
407
405
407
405
409
410
401
400
401
405
405
409
405
412
410
403
400
400
404
407
408
409
413
414
404
404
405
409
411
418
417
423
424
416
412
411
414
413
417
417
419
414
410
412
413
419
416
423
420
419
410
408
410
411
415
410
828
410
405
403
407
407
412
408
417
415
416
412
405
404
405
407
406
412
405
410
413
406
404
402
403
403
409
407
412
408
412
409
403
403
402
407
407
410
407
411
411
406
403
401
403
402
410
408
413
411
412
404
404
402
406
411
407
414
412
412
405
404
409
407
408
411
406
400
400
404
403
406
407
409
404
398
402
401
408
402
403
398
395
399
398
403
401
398
397
392
400
396
405
401
405
399
397
394
394
395
390
396
393
396
392
399
395
402
396
392
389
386
393
394
394
392
398
396
392
388
388
388
392
391
388
392
391
391
390
384
384
382
384
384
388
384
386
382
391
388
383
382
378
380
382
384
385
388
382
385
382
388
390
384
382
381
378
379
380
377
380
379
382
381
382
377
385
376
384
379
383
380
378
377
375
376
375
377
374
376
376
377
376
377
379
379
378
382
381
383
381
385
381
380
381
377
377
378
375
374
375
376
380
379
382
377
379
379
383
377
383
379
383
382
378
377
375
375
374
373
373
372
372
372
372
378
373
376
373
375
375
377
374
376
372
378
372
378
373
378
375
381
378
373
375
373
372
373
373
371
372
371
372
371
376
374
377
375
378
377
379
376
379
376
381
376
385
382
384
383
380
377
375
373
374
374
373
376
374
376
375
376
376
380
375
378
374
377
374
379
375
377
373
379
378
374
376
375
375
372
371
370
369
370
368
369
370
368
369
368
368
369
371
368
370
368
370
369
370
372
372
369
371
369
372
372
372
369
371
368
374
369
373
370
371
369
374
373
375
369
375
369
381
372
380
374
383
380
383
384
380
377
376
374
375
374
374
374
374
373
372
373
372
377
374
377
375
375
376
377
374
377
374
376
372
378
374
378
373
378
376
379
379
376
377
374
373
372
372
371
370
371
372
371
373
370
375
372
376
373
376
372
376
371
380
373
378
372
380
377
380
382
380
378
375
373
372
372
372
371
372
373
372
373
372
374
375
376
374
378
374
375
371
379
374
379
373
380
378
380
378
374
374
371
373
370
371
371
370
371
369
369
371
370
375
372
373
373
376
376
378
375
378
372
379
375
381
375
381
380
379
377
373
374
373
373
373
375
372
378
375
379
377
380
376
381
375
381
378
383
381
383
380
378
376
372
373
371
370
371
372
370
372
371
373
373
373
372
374
369
375
371
377
369
375
368
376
370
377
372
376
373
373
371
370
371
368
369
368
367
368
367
366
368
367
367
370
367
367
368
367
368
369
370
367
370
367
371
371
371
370
369
367
372
371
373
369
373
366
374
369
375
368
375
369
376
375
378
378
377
377
373
373
370
369
369
371
370
370
370
371
370
369
369
369
369
373
370
373
371
372
372
376
371
375
372
372
373
372
371
377
369
377
369
377
373
380
374
380
377
379
375
373
375
371
372
373
370
369
370
369
370
372
373
370
374
370
374
374
375
371
375
372
374
370
376
370
378
369
376
370
377
375
379
378
377
377
374
373
371
374
371
373
374
376
374
379
375
378
377
380
376
380
373
382
375
382
380
381
383
381
381
379
379
378
378
376
380
378
382
382
383
379
384
379
385
382
388
385
383
378
378
377
374
375
373
374
375
376
373
377
375
378
376
378
373
377
371
380
373
378
370
378
373
378
376
377
377
375
374
372
370
368
370
368
369
370
368
368
368
368
372
368
371
367
372
372
372
371
372
368
373
370
374
367
375
368
376
370
376
371
375
369
377
373
375
374
373
373
371
371
367
368
367
367
367
368
367
366
366
366
366
368
366
368
365
368
367
371
367
369
367
370
368
370
368
367
365
369
365
371
364
738
373
366
373
366
374
369
374
370
368
368
371
370
373
370
369
367
368
369
369
369
368
368
367
367
367
371
368
371
371
369
368
371
369
369
370
370
368
370
370
374
372
374
372
373
372
376
373
376
371
377
372
379
373
378
374
380
378
374
375
374
372
371
372
369
368
370
370
370
370
367
371
368
370
370
373
372
373
368
371
366
372
370
371
367
368
368
369
366
372
365
372
365
373
366
374
365
372
367
374
366
371
363
372
367
373
368
373
369
374
368
371
367
375
374
375
373
374
376
374
373
371
375
373
372
373
369
370
372
371
371
372
371
371
372
372
375
374
376
373
374
373
376
375
375
371
375
371
378
373
379
371
378
372
379
378
379
379
377
377
375
375
375
373
372
374
375
375
375
379
377
381
379
382
380
383
377
386
377
385
383
384
384
381
379
377
376
376
374
373
374
373
378
376
377
376
374
374
376
375
379
373
379
373
378
376
379
378
377
379
374
373
371
370
369
371
368
371
368
370
369
371
371
374
371
375
369
374
370
374
368
376
370
375
369
376
373
377
376
379
379
376
375
374
372
369
372
371
370
372
372
369
373
371
374
374
375
372
375
372
375
373
378
372
378
372
379
377
381
378
375
375
373
373
371
373
371
371
371
376
371
377
373
378
376
377
372
378
371
377
372
378
372
377
373
378
374
372
375
372
370
370
368
367
367
368
367
366
366
365
367
368
369
365
368
367
372
371
370
369
370
369
371
368
373
367
372
369
374
368
374
371
375
374
373
374
372
370
368
368
366
366
367
368
365
368
366
371
369
371
366
371
367
373
370
372
367
371
366
375
364
376
369
375
370
373
370
375
374
370
369
369
370
367
368
369
366
367
367
366
369
369
370
366
369
368
372
373
371
368
371
369
370
367
373
368
375
367
374
369
375
373
372
372
375
377
374
374
371
371
371
369
369
370
369
372
369
372
368
373
373
373
371
370
369
375
367
377
366
375
367
374
371
373
372
370
368
365
366
364
365
365
363
361
364
362
362
362
362
362
363
364
365
361
365
363
367
364
366
363
365
364
366
363
365
363
367
362
368
360
368
363
368
362
368
363
368
361
367
363
370
364
369
363
369
366
369
369
368
370
368
368
363
365
365
365
366
365
363
365
365
364
365
366
363
365
364
366
366
368
363
367
365
370
368
367
366
368
366
370
369
369
364
366
364
368
364
368
363
367
362
370
363
370
363
371
365
372
366
372
365
371
367
371
370
370
370
371
368
367
367
364
367
365
367
366
364
363
365
363
366
364
364
363
364
365
366
362
365
362
367
366
366
364
368
368
370
366
369
364
367
366
369
365
371
364
371
367
374
371
372
372
372
373
369
370
366
367
367
366
366
369
367
368
368
369
366
370
369
374
372
374
370
372
367
375
370
375
367
375
371
375
374
374
373
371
369
366
366
366
365
366
365
364
364
363
365
365
367
363
367
365
367
364
368
369
367
366
367
363
366
367
368
364
367
365
369
366
369
364
369
363
369
366
370
368
368
367
368
369
363
366
365
365
364
363
361
363
361
363
361
362
360
362
362
362
361
361
360
361
362
362
357
362
358
362
360
361
357
361
359
362
360
359
357
359
357
359
358
358
356
358
357
358
358
357
356
358
358
359
357
358
358
359
359
359
358
359
358
359
360
360
358
358
359
360
359
360
359
359
359
360
360
360
359
361
361
360
361
361
360
360
361
360
362
360
360
358
360
360
360
362
360
361
359
362
361
362
361
361
361
362
362
362
361
362
361
362
362
363
361
363
361
362
361
366
367
365
360
365
363
367
366
368
365
368
364
368
366
368
364
368
363
370
365
373
364
371
365
372
369
372
369
373
372
373
370
367
369
366
368
366
367
367
364
363
367
364
364
367
365
363
366
364
366
366
369
364
368
366
369
369
369
367
368
366
370
366
371
364
371
365
373
365
371
368
372
370
371
371
370
370
366
366
364
365
363
364
361
363
361
362
363
361
359
363
360
362
360
361
360
361
361
361
359
360
359
362
360
360
358
361
359
362
358
359
358
360
359
359
357
360
358
360
358
359
358
359
360
358
356
359
358
360
358
358
358
358
359
359
357
361
359
360
360
359
359
360
362
360
359
362
359
363
361
362
359
362
361
363
360
363
359
361
362
362
359
362
361
363
364
364
362
364
364
368
364
366
364
368
366
365
364
367
368
372
365
368
367
368
367
367
364
368
365
366
366
369
363
362
363
367
366
366
366
364
364
365
363
366
364
367
364
367
360
365
366
367
365
367
362
369
365
370
408
686
368
364
372
366
370
361
372
365
373
366
371
365
374
369
373
370
368
370
370
370
370
369
365
369
366
368
366
367
365
366
365
368
366
367
367
366
365
365
364
366
365
365
364
365
364
366
365
366
364
365
364
365
365
366
363
364
362
364
364
365
362
363
362
364
363
363
361
363
363
365
361
364
361
366
361
365
361
365
362
362
360
361
360
362
361
362
361
361
360
360
361
360
361
360
357
361
361
362
362
361
362
363
363
364
360
363
363
363
361
361
360
366
363
365
363
365
365
367
368
366
365
366
368
369
367
367
363
366
365
369
366
367
367
366
365
368
367
368
367
366
367
369
368
368
366
367
367
369
369
368
365
369
367
363
368
365
365
365
365
368
367
365
365
366
364
365
365
363
363
366
364
366
364
364
365
366
365
366
364
367
366
367
365
367
364
366
365
368
364
366
362
366
365
367
365
366
361
365
363
364
363
363
364
365
364
365
363
364
364
365
364
366
362
365
364
367
365
365
363
365
363
365
365
363
363
365
362
366
363
364
362
363
365
363
362
365
361
364
365
362
361
364
363
364
363
362
361
363
362
366
363
364
362
364
364
367
363
365
363
368
364
366
364
366
366
368
365
366
362
369
367
366
364
365
365
368
369
369
364
366
367
367
367
368
368
372
366
372
367
373
367
374
368
293
817
370
375
369
372
371
372
372
374
373
372
371
366
370
367
369
367
367
365
368
366
366
365
365
363
365
363
366
363
364
363
364
364
363
361
364
362
364
363
362
362
362
362
363
360
363
361
362
362
361
360
362
362
362
360
363
362
722
361
360
362
361
361
363
363
360
363
360
363
360
364
361
362
362
362
363
361
361
361
363
361
361
363
362
362
363
361
360
362
362
363
360
362
361
362
362
363
361
362
360
362
360
362
362
363
360
360
360
361
360
363
360
361
359
360
362
361
359
361
359
359
363
359
359
361
360
361
360
360
359
360
360
362
359
360
360
361
362
362
359
361
359
361
362
362
361
361
360
363
363
365
360
364
362
368
364
366
363
367
366
370
362
367
364
366
364
368
363
370
364
371
367
373
368
373
365
375
371
373
370
373
371
368
369
368
368
369
366
365
368
365
366
368
367
365
366
364
366
365
365
367
365
364
366
364
367
365
367
364
368
367
370
366
369
366
370
368
369
367
369
366
372
365
372
366
372
366
372
368
372
369
370
369
371
371
371
371
368
365
366
367
366
366
363
365
365
366
364
365
364
364
362
362
362
366
363
365
364
363
363
364
363
364
361
363
361
363
364
362
360
364
361
364
361
363
361
363
363
362
361
362
362
363
363
362
360
362
361
363
361
362
360
363
360
363
359
362
359
363
361
361
359
361
359
363
359
361
358
360
359
363
359
360
358
360
360
361
357
360
359
361
357
359
358
361
361
361
359
359
358
360
361
360
359
359
359
362
360
361
358
363
361
363
357
362
360
363
360
361
357
362
361
363
360
361
359
362
359
364
360
362
360
362
362
365
359
364
360
364
363
366
360
363
360
363
362
366
363
362
362
364
363
367
362
365
361
365
362
366
363
364
361
363
362
366
361
362
360
362
361
364
359
362
359
361
362
361
358
360
359
361
359
359
359
362
360
361
360
358
359
360
360
360
358
363
360
362
356
360
364
367
363
362
359
360
359
365
366
362
366
369
366
369
367
367
362
369
365
365
365
363
366
365
366
365
365
364
362
365
362
364
362
363
362
364
363
363
361
362
360
362
363
362
360
362
361
362
364
362
361
362
360
363
363
363
361
362
361
363
364
364
362
363
363
363
365
362
362
364
363
364
364
363
363
363
364
363
362
363
362
363
362
362
361
362
362
364
361
361
360
363
362
363
359
362
359
363
361
362
359
361
360
363
361
361
360
360
360
363
360
360
359
360
361
358
358
360
357
358
360
359
358
360
358
358
362
358
357
360
358
359
360
358
358
358
359
359
360
359
358
360
358
360
359
360
358
359
359
361
359
361
360
361
362
360
362
360
362
362
360
361
360
361
362
361
359
361
361
362
361
360
360
360
360
362
360
360
359
359
359
362
357
360
359
360
360
361
358
359
359
360
360
361
359
360
359
359
359
361
359
360
358
360
359
361
360
359
360
359
360
361
359
361
359
362
362
364
363
365
362
363
363
364
364
364
362
366
362
365
365
363
362
365
363
365
364
364
361
365
362
364
362
363
361
363
364
363
360
363
362
363
362
362
360
362
361
364
359
361
360
361
362
362
359
360
359
363
360
360
357
360
360
361
358
359
358
359
360
358
358
358
359
360
358
359
358
359
359
357
359
359
359
361
358
360
360
362
361
361
360
362
361
363
362
360
361
362
361
364
362
361
361
362
363
364
361
364
361
364
366
363
362
365
363
366
363
364
363
364
366
363
362
365
364
366
364
366
364
367
365
366
363
365
364
369
367
367
363
366
367
367
364
367
364
369
365
370
364
368
362
372
363
370
364
371
367
373
369
371
370
372
370
369
371
369
369
364
365
365
364
365
365
362
364
362
364
363
366
364
362
364
364
364
364
363
365
365
367
727
364
367
364
730
727
365
362
364
364
367
362
367
364
368
364
368
364
371
366
368
363
366
367
368
373
367
371
365
368
369
365
364
364
363
364
364
362
363
361
361
362
361
361
364
361
359
362
359
361
363
363
360
361
362
363
362
363
361
364
362
365
363
362
363
366
364
366
361
366
363
364
363
363
362
364
361
363
361
363
361
363
362
363
361
363
361
363
363
361
361
363
361
364
362
361
361
363
361
361
362
362
361
362
360
362
362
365
364
365
363
364
362
364
364
364
365
366
362
365
364
364
365
364
361
364
362
363
365
364
361
363
360
363
362
364
360
361
359
361
362
362
359
360
360
361
361
362
360
361
360
361
362
361
360
363
361
362
362
362
360
362
361
364
362
363
361
362
360
363
363
366
365
364
364
364
363
367
364
366
361
365
364
364
366
364
362
363
362
365
364
364
362
362
362
362
364
362
362
362
360
363
363
361
362
362
362
362
362
362
362
364
362
362
362
361
362
363
361
361
362
361
362
363
361
362
362
363
362
363
362
363
363
364
363
363
362
363
364
363
362
364
363
363
361
362
363
363
363
364
362
362
364
362
364
364
363
363
363
364
364
366
364
364
363
361
363
364
364
364
364
364
362
362
361
362
363
363
361
361
361
362
362
362
360
361
361
360
361
362
362
359
359
360
359
360
361
360
358
358
360
360
361
361
360
359
360
360
359
362
362
359
358
360
361
361
358
359
359
360
361
359
360
360
359
361
361
363
361
362
362
361
360
364
362
364
362
362
363
364
362
365
359
364
362
363
363
362
361
362
361
362
362
361
361
363
361
363
361
362
363
363
363
365
360
363
363
364
362
364
359
364
363
364
363
362
361
364
364
365
361
362
363
363
362
363
360
363
362
363
362
363
360
361
361
363
362
364
359
363
363
365
362
365
361
363
363
366
362
364
366
367
365
370
370
368
365
367
366
365
365
364
363
366
365
373
368
369
365
366
368
366
367
367
363
365
366
366
368
367
364
364
364
365
366
365
365
363
361
364
362
364
363
363
361
364
362
364
363
362
360
363
361
363
363
362
359
363
361
362
364
361
360
362
360
363
361
360
360
362
361
362
360
360
362
359
363
360
360
362
359
362
362
360
359
360
359
361
360
360
363
359
358
360
357
360
362
359
358
360
359
360
360
359
359
364
361
362
362
359
360
363
363
363
363
360
363
364
365
363
364
362
363
365
365
364
364
363
362
362
364
365
365
367
368
367
364
365
364
367
365
367
363
364
364
365
364
365
364
363
361
364
362
364
363
363
361
362
362
364
362
361
361
361
361
363
361
361
360
361
362
360
359
360
359
360
362
358
357
359
358
359
358
357
358
359
359
357
357
360
356
359
357
358
360
360
359
360
360
361
361
362
357
361
359
361
359
360
359
361
359
362
361
361
360
363
361
364
360
362
362
362
361
363
360
362
362
362
361
363
361
360
361
362
361
364
359
362
360
361
362
361
359
362
359
362
363
359
359
361
359
361
362
363
358
361
362
362
362
363
360
361
362
364
363
364
362
362
362
365
364
364
364
363
361
365
364
364
364
363
363
365
364
366
365
364
362
363
364
367
365
366
364
365
364
366
366
366
362
365
364
364
364
366
362
354
293
446
363
364
362
361
362
364
362
364
365
361
362
363
362
364
361
361
362
363
361
363
360
361
362
363
362
361
360
362
362
363
362
362
360
361
361
363
363
365
362
363
362
365
364
363
361
364
361
364
364
362
361
364
361
363
361
361
361
362
363
361
361
361
362
361
362
361
360
360
360
361
360
359
360
360
360
360
357
360
360
361
359
361
357
361
360
362
362
361
357
354
369
361
360
361
359
363
361
361
361
358
362
363
363
365
363
361
361
363
363
363
363
362
361
363
364
364
360
363
362
363
362
363
360
362
362
363
361
364
360
361
363
362
363
364
360
362
361
363
362
362
363
363
362
361
360
362
364
364
364
366
362
363
363
364
363
365
362
362
361
363
362
364
361
362
359
363
362
361
361
361
360
361
363
360
358
360
358
361
361
361
359
358
357
359
358
359
357
356
357
357
357
357
355
356
357
357
357
358
355
358
356
361
358
360
360
360
359
358
358
360
362
364
363
366
366
367
364
365
363
366
365
365
363
363
362
365
364
365
365
365
362
364
362
364
365
364
362
363
361
364
362
364
361
363
360
362
361
363
363
361
360
362
361
362
361
360
362
361
359
362
361
364
360
362
359
361
362
360
357
362
357
359
357
360
357
357
358
360
355
358
354
357
355
357
356
354
353
354
355
314
386
357
354
356
356
357
355
357
358
360
361
360
358
359
362
361
363
362
360
360
362
363
363
364
361
362
364
365
363
365
362
363
363
365
364
365
361
364
363
364
364
363
363
364
362
364
362
361
360
361
363
362
359
361
359
361
363
360
358
360
360
361
361
359
358
360
359
361
360
358
359
359
360
360
358
359
359
361
362
360
358
360
360
361
361
362
360
360
362
362
361
364
361
364
363
365
364
366
366
363
362
364
362
363
364
365
362
363
361
361
364
360
361
362
360
362
363
361
358
361
359
360
362
361
359
359
357
359
360
360
358
358
356
358
360
358
356
358
356
358
360
357
357
359
358
360
359
358
360
361
359
360
356
361
360
362
361
360
358
359
361
362
362
363
360
361
363
363
365
364
362
365
365
366
364
363
363
366
365
365
364
364
363
363
363
366
364
366
364
364
364
365
364
365
363
362
363
364
363
362
359
363
360
363
361
363
360
360
359
360
362
360
358
361
360
361
360
360
360
361
360
361
358
360
361
360
358
363
360
364
363
361
360
364
364
363
361
362
364
365
366
363
364
365
366
365
365
365
365
729
367
366
365
364
366
365
369
366
366
364
366
365
365
364
363
364
363
364
366
362
364
365
364
364
365
362
362
364
362
363
365
361
363
363
363
363
364
361
364
363
364
363
361
363
362
362
364
361
361
360
361
362
361
359
362
360
361
360
360
359
360
362
360
359
360
359
360
363
361
358
359
360
360
361
358
358
359
360
358
356
359
358
360
357
359
356
359
359
358
357
357
356
357
357
357
357
357
357
357
357
355
354
358
357
359
358
359
357
357
360
360
363
361
361
361
361
361
365
364
364
363
365
364
367
366
365
365
366
367
366
366
364
367
365
369
366
366
365
366
363
368
366
370
368
369
368
367
366
368
366
367
368
364
364
367
364
366
365
365
364
364
366
364
363
365
364
364
364
364
362
362
362
364
362
363
361
363
360
365
361
363
359
363
361
364
358
361
358
361
359
361
356
360
358
360
358
358
357
359
358
360
356
358
356
358
359
358
356
357
357
358
359
357
356
358
357
357
357
355
356
358
357
359
355
357
358
359
358
360
356
360
358
362
360
361
357
360
361
363
362
363
359
362
362
364
362
364
360
362
363
365
364
364
361
363
362
365
364
364
363
365
363
365
363
364
364
364
365
363
362
365
363
365
363
364
363
366
364
368
362
365
363
368
365
367
363
367
367
368
365
367
362
368
366
367
363
365
363
368
497
595
364
363
367
360
370
362
369
363
368
363
368
365
368
364
370
368
365
368
366
366
365
364
364
363
363
365
361
362
362
362
362
363
362
361
361
363
363
364
361
363
361
363
363
363
361
362
362
364
361
362
361
362
362
363
360
362
359
362
360
362
361
361
359
361
361
361
359
361
360
361
361
361
359
363
361
361
360
360
361
363
363
362
361
362
361
359
362
365
363
364
363
361
363
366
365
365
363
364
361
367
363
366
363
363
362
363
361
363
364
362
361
363
361
363
362
362
359
363
363
363
361
361
361
362
362
363
360
363
361
365
362
365
361
365
364
365
362
365
363
368
363
364
362
366
366
366
363
362
365
365
363
367
365
366
361
367
364
369
362
369
361
371
366
372
366
370
365
372
370
370
370
369
369
369
365
366
367
363
365
364
367
366
366
364
364
365
366
366
365
363
728
366
364
367
362
365
363
367
363
366
362
363
364
366
363
363
361
365
362
363
361
362
363
362
360
363
358
363
363
361
359
361
360
362
361
360
356
362
362
361
358
360
358
363
360
360
357
361
361
361
359
360
359
363
361
361
358
363
361
362
361
361
361
364
359
363
359
366
360
366
356
364
359
368
361
366
358
367
362
368
362
365
362
367
364
366
363
366
364
362
364
362
365
363
364
360
364
359
362
361
359
359
363
360
363
361
362
360
363
361
363
364
362
361
367
364
366
363
366
364
367
367
365
365
367
363
366
366
364
363
365
363
364
363
364
362
363
363
364
361
362
360
362
362
362
362
360
360
360
362
360
721
358
360
359
360
359
361
362
359
359
361
359
361
360
359
359
360
360
359
358
360
358
361
359
360
359
360
359
363
362
365
364
364
363
364
364
365
361
365
362
364
364
363
361
363
365
363
362
365
362
364
364
363
361
364
361
366
362
365
362
365
365
364
361
364
360
366
363
364
361
365
365
365
361
363
364
365
362
364
364
365
362
363
360
364
363
364
362
364
360
362
363
365
363
363
359
362
362
363
362
363
359
362
363
362
362
363
359
362
363
362
360
361
361
363
361
364
358
360
359
362
360
362
360
361
358
361
357
361
360
361
358
360
358
359
362
359
358
361
357
360
362
361
359
361
360
360
363
361
362
362
362
364
360
362
362
361
361
362
361
359
361
361
361
364
362
363
363
362
365
366
366
367
365
364
367
365
367
366
365
367
366
366
367
364
367
370
369
368
368
366
367
366
366
369
365
366
367
367
368
367
365
367
364
365
367
364
364
365
366
365
363
363
362
363
363
365
362
362
362
361
366
360
361
362
360
362
361
360
360
360
362
360
359
361
358
362
361
359
359
360
361
361
360
360
359
361
360
361
360
360
363
363
364
366
363
365
367
365
366
365
365
366
367
366
364
366
364
364
364
362
362
362
362
363
360
366
363
368
366
366
364
366
362
369
364
368
362
371
362
368
364
368
365
368
360
370
364
737
365
361
369
365
371
363
371
363
371
367
372
365
372
362
371
366
373
365
372
363
373
368
373
364
371
366
374
369
373
364
374
367
374
370
374
366
374
369
376
370
376
369
377
373
377
375
379
377
376
380
375
373
377
377
379
381
380
382
382
385
379
380
378
385
380
390
381
386
384
383
380
380
378
378
377
374
377
379
383
372
379
374
374
371
378
376
381
375
380
375
381
376
379
379
379
376
379
378
377
377
377
373
374
372
371
372
375
372
370
371
371
375
373
376
374
375
371
376
372
379
377
379
374
381
370
381
376
382
378
380
378
381
379
376
378
375
376
377
376
374
373
371
373
375
375
376
373
374
378
378
378
373
375
375
375
375
378
372
377
373
381
377
380
377
377
376
379
379
380
381
372
377
374
375
376
376
375
373
372
373
375
372
373
374
375
374
373
373
375
379
375
377
374
379
378
380
375
377
373
382
373
379
371
380
377
383
378
379
380
383
382
384
380
377
377
377
377
377
377
376
377
374
379
380
379
380
381
376
381
377
386
381
385
378
383
380
388
385
386
384
382
380
377
379
376
379
378
379
375
383
381
381
378
381
375
384
377
382
372
383
374
383
381
385
382
385
385
384
384
381
379
379
380
379
380
376
378
376
379
380
380
381
381
380
384
381
387
382
384
383
387
384
380
379
377
378
379
380
379
378
379
382
382
387
1161
390
388
395
385
392
389
395
392
390
387
387
388
384
384
382
386
383
385
385
391
386
387
385
385
382
389
379
391
385
389
385
387
385
390
387
388
385
385
384
380
384
381
382
382
380
378
379
379
381
381
383
380
380
378
380
380
380
377
379
377
383
377
382
374
380
377
379
380
382
383
382
380
379
380
379
378
377
376
375
376
377
377
374
376
375
381
379
381
378
383
380
379
376
384
383
391
385
389
384
391
386
386
386
384
384
381
383
383
387
386
392
385
386
386
394
390
397
390
395
390
393
388
386
383
385
385
381
384
383
388
384
386
385
383
380
383
375
384
382
382
381
387
384
384
384
383
382
379
381
379
378
380
377
377
377
379
377
376
378
376
378
376
376
376
377
378
376
376
377
378
380
376
377
377
382
379
382
379
384
382
382
379
381
381
382
379
381
380
384
380
384
379
386
380
387
379
387
382
391
386
391
389
388
388
387
386
386
387
385
386
383
387
386
388
386
392
389
388
385
391
386
394
384
389
387
394
391
390
391
389
387
384
387
384
386
384
388
385
391
386
387
383
389
384
392
383
389
388
391
389
391
389
386
386
385
385
386
385
383
385
383
387
389
391
388
391
387
390
387
393
391
395
392
393
392
389
389
386
389
387
388
385
390
390
393
386
391
387
393
386
392
387
394
391
389
390
388
387
385
385
384
387
386
387
385
388
388
389
385
389
384
392
386
390
388
392
390
387
388
387
386
384
385
774
386
390
387
392
385
391
387
393
390
395
393
390
390
387
388
386
390
387
391
391
394
392
393
388
394
391
396
393
395
393
390
391
388
389
389
393
390
395
388
396
389
396
389
396
395
391
392
388
391
390
390
387
393
395
1173
389
397
393
397
395
394
395
393
392
392
394
394
396
391
395
389
396
387
396
394
393
393
389
389
390
389
387
391
392
395
391
390
389
398
393
400
398
396
392
391
392
391
394
392
395
394
397
393
399
391
399
398
397
396
393
395
393
395
396
398
396
399
396
402
399
401
401
396
395
394
395
396
398
396
399
396
401
400
401
397
396
395
391
393
392
399
396
396
390
397
396
400
398
396
393
393
392
389
391
390
396
396
396
391
396
393
400
397
393
393
391
394
392
397
394
398
395
400
396
399
398
395
393
392
392
392
396
394
396
393
397
392
398
396
398
394
390
391
389
391
390
393
390
392
392
394
389
395
390
396
396
397
396
394
396
392
394
393
397
397
397
393
398
396
402
400
402
398
395
396
394
396
397
399
396
399
395
400
398
400
401
397
396
393
396
396
400
396
401
396
404
400
406
402
399
397
399
394
398
404
397
400
397
404
407
399
397
399
396
396
397
398
402
398
399
395
402
397
402
400
398
396
395
395
396
396
395
398
398
399
394
400
395
402
399
399
397
396
396
395
395
395
401
397
400
396
403
399
404
403
400
397
396
396
396
400
400
400
396
402
398
404
400
398
398
396
397
396
403
399
402
395
404
404
402
401
397
398
399
402
402
405
402
408
408
408
403
403
402
401
407
402
409
404
411
409
406
404
401
402
403
410
403
410
401
411
410
401
403
403
407
408
407
402
408
404
410
404
401
399
400
402
402
404
398
406
401
406
405
400
398
397
398
398
402
399
404
399
407
406
405
401
401
404
404
409
402
409
409
404
403
402
406
407
411
406
413
413
410
409
406
407
406
411
409
412
412
410
411
406
409
407
415
410
414
410
418
416
412
409
407
414
407
413
409
416
415
414
408
407
409
410
412
407
414
414
409
406
404
407
410
408
407
411
406
412
411
404
407
404
410
406
407
403
409
405
400
400
398
406
406
407
400
405
405
401
400
399
404
405
408
400
407
406
406
402
400
401
403
408
403
408
407
409
404
400
403
403
409
406
408
405
413
407
402
403
402
409
407
409
406
413
409
406
404
402
409
409
410
406
413
412
406
405
404
410
409
411
408
416
411
406
406
404
409
406
411
408
414
410
406
405
402
407
405
409
404
411
409
406
403
400
403
406
408
401
407
407
410
404
402
401
401
410
405
408
404
412
407
402
403
401
406
405
408
402
410
409
405
402
403
402
401
408
403
411
404
410
406
404
402
399
408
408
411
402
411
411
407
405
403
406
413
415
405
414
415
415
409
410
413
414
419
412
421
416
412
412
415
415
413
416
415
411
414
409
414
417
417
410
416
414
407
407
404
412
411
413
404
410
410
405
403
400
405
409
410
404
408
407
409
404
401
401
402
411
407
411
409
414
408
406
408
411
416
411
417
413
413
409
407
416
413
418
412
415
409
407
410
414
417
411
418
414
410
410
407
414
411
416
415
413
407
406
410
411
414
410
416
415
408
406
404
410
408
412
408
415
411
406
404
403
407
409
413
403
413
412
406
405
404
409
411
415
407
415
414
408
408
405
412
411
415
408
415
412
408
409
405
416
412
417
409
418
412
407
408
407
416
410
415
413
414
409
405
411
411
413
408
416
412
417
410
408
410
408
417
530
288
410
414
408
406
404
402
411
403
823
412
411
404
405
402
407
411
412
403
411
411
408
406
405
407
404
413
407
414
411
413
406
403
405
406
413
406
412
408
414
411
406
405
405
406
411
411
405
411
408
415
406
404
405
403
411
410
411
406
415
414
410
406
405
408
408
413
408
412
412
412
410
406
408
408
414
407
414
413
416
409
407
407
409
414
410
414
413
418
411
407
409
411
417
409
417
416
415
410
406
408
412
415
409
415
414
414
409
406
408
409
415
409
415
415
415
411
406
409
412
416
409
417
416
411
409
407
413
414
417
410
417
414
407
409
407
417
409
417
411
414
410
406
408
410
416
411
419
417
416
411
410
414
414
418
413
421
418
411
412
412
420
414
420
414
420
417
413
413
413
413
417
414
414
414
421
419
414
416
419
420
422
418
423
425
425
416
415
420
418
414
416
418
418
420
417
418
420
417
419
422
422
418
418
419
422
424
430
431
432
428
424
433
438
438
437
441
449
448
452
450
456
464
468
464
459
468
480
463
469
476
480
481
477
473
472
479
487
486
485
484
488
501
514
518
522
513
510
507
512
503
502
506
521
517
520
530
540
534
523
523
523
529
521
519
520
525
539
552
552
560
565
574
561
567
576
563
550
549
558
545
546
561
559
560
571
574
598
592
578
586
565
573
566
558
560
567
581
561
587
593
576
597
587
593
582
573
565
559
548
546
537
528
524
518
541
573
604
586
569
573
580
582
577
558
547
550
548
550
550
538
538
543
545
551
565
596
588
597
590
642
632
625
598
585
577
575
579
588
580
574
593
614
635
640
658
652
644
635
637
639
637
633
625
629
635
646
650
657
666
674
687
672
658
644
634
638
639
632
625
618
626
626
617
628
629
621
616
620
612
608
605
610
610
607
614
620
632
640
644
647
651
645
625
620
616
601
604
610
625
652
678
683
686
675
672
659
648
643
640
641
650
653
655
662
678
677
665
663
649
640
625
623
626
633
636
656
667
679
668
673
666
661
644
646
644
640
639
642
648
667
688
707
695
688
669
664
658
660
649
665
674
682
682
688
678
671
659
654
638
635
615
619
620
625
622
617
622
630
637
637
657
667
674
663
663
656
651
646
641
646
647
650
647
657
675
675
670
660
653
644
630
622
616
615
609
595
609
608
611
612
606
617
623
635
630
615
618
619
604
603
603
609
625
645
675
723
736
726
708
699
682
675
671
679
681
680
680
680
678
677
684
685
690
687
693
691
692
682
682
677
675
665
668
669
673
673
668
678
690
697
702
702
705
695
689
688
691
691
687
691
703
704
707
711
722
720
717
717
715
717
722
727
716
722
702
702
688
688
683
687
688
684
685
688
691
692
691
704
699
700
698
707
706
705
697
695
705
732
743
753
756
761
731
725
708
705
691
684
679
680
706
731
722
712
699
696
681
684
669
645
645
652
658
664
661
667
681
701
707
733
735
732
732
732
727
719
709
696
688
680
681
692
752
853
961
1007
949
909
838
770
741
722
716
719
730
777
838
827
825
811
774
752
724
709
695
694
687
694
697
719
764
804
794
795
769
754
729
722
706
712
720
730
751
784
823
790
780
765
753
754
747
763
761
800
804
794
757
756
739
739
729
728
716
709
713
707
705
695
698
678
704
688
680
670
653
649
650
663
675
682
693
726
766
773
760
755
744
742
726
717
720
710
733
769
765
768
771
751
742
727
722
712
713
715
717
721
736
739
738
731
724
722
704
699
685
672
664
666
678
687
707
725
743
765
766
740
726
705
695
681
675
667
673
707
754
755
777
764
754
736
725
712
707
706
709
724
749
778
793
790
782
753
739
719
703
690
688
692
729
841
905
917
893
836
836
822
806
796
767
765
755
777
808
879
837
847
829
799
778
770
753
746
735
741
761
847
922
859
875
832
781
758
742
726
722
719
731
744
787
797
773
771
763
759
743
739
726
722
719
719
732
735
758
760
770
786
785
778
756
750
737
734
727
730
737
774
792
797
804
800
774
763
742
730
713
709
701
711
738
762
778
788
803
788
758
754
743
746
738
740
754
761
782
770
772
757
741
730
728
714
712
712
705
715
727
734
743
734
714
718
702
686
680
690
707
717
732
731
742
745
745
740
730
735
738
735
734
732
746
752
761
777
790
798
795
789
777
751
739
721
710
702
698
696
704
729
771
784
786
796
807
802
789
780
782
771
816
900
1010
975
975
919
877
867
829
826
846
848
911
833
834
837
823
791
775
756
763
768
757
777
809
849
820
801
774
763
749
773
835
937
919
969
949
895
813
794
772
779
845
907
958
964
865
837
798
784
760
763
753
752
750
772
781
851
839
840
846
816
807
792
780
767
766
788
791
789
823
814
775
771
746
744
744
741
735
725
723
708
702
709
712
722
734
743
773
778
762
762
760
764
750
748
745
740
755
754
771
784
801
803
801
791
793
786
759
760
744
747
740
741
744
771
783
785
786
796
812
785
782
763
755
747
755
753
784
808
802
795
785
773
782
778
791
789
782
768
775
773
780
796
810
808
821
810
795
780
782
767
785
780
794
781
775
759
759
750
751
772
800
774
773
763
761
749
767
809
926
971
1040
997
932
904
865
802
798
804
837
857
874
845
830
796
778
765
743
738
733
733
748
772
852
853
881
914
866
812
792
768
740
749
751
829
894
883
860
824
798
770
763
758
745
745
743
753
789
809
834
842
832
799
802
781
771
764
772
774
808
857
859
870
853
802
795
771
767
759
747
735
729
727
719
712
717
717
717
729
735
741
747
739
734
725
721
715
719
734
796
876
849
835
812
828
825
807
798
800
818
798
809
821
796
794
781
769
769
763
769
780
835
839
851
864
849
853
862
841
846
816
803
819
839
929
882
933
904
860
857
828
823
809
802
813
831
843
838
817
817
793
780
766
757
749
747
783
800
789
800
795
797
808
777
771
756
739
740
742
755
788
822
893
865
811
799
774
759
747
737
740
737
749
766
785
815
786
767
768
747
741
759
763
785
792
813
828
858
857
796
793
773
807
805
819
816
822
839
821
815
789
807
798
815
813
828
822
832
831
827
810
803
801
791
787
785
785
787
784
804
789
781
784
777
786
793
788
802
812
810
792
806
812
806
794
803
798
836
826
832
832
832
809
820
822
841
847
832
819
808
800
796
818
811
789
789
785
792
775
786
793
806
773
776
759
759
762
765
776
768
780
772
752
761
743
737
738
724
729
721
707
711
704
713
719
731
733
733
737
729
734
733
740
732
731
725
728
715
721
729
741
758
757
767
754
746
733
729
721
710
711
716
725
723
738
729
736
725
716
704
696
688
687
680
673
680
707
724
734
732
749
774
808
803
790
772
769
753
755
771
788
805
823
819
850
864
840
813
815
786
764
770
768
765
756
776
778
799
802
795
791
779
773
754
755
746
751
799
780
790
782
782
768
779
760
751
744
729
722
713
724
723
741
765
813
836
850
828
841
814
802
781
779
772
778
779
796
816
830
831
819
797
765
753
736
726
722
720
726
717
724
736
742
759
758
775
771
780
772
753
746
735
732
746
757
776
790
825
830
839
830
840
819
786
789
782
798
785
805
832
878
873
905
861
858
818
818
812
792
800
807
871
859
876
871
865
822
815
811
817
815
791
812
808
842
838
843
859
852
843
817
823
809
815
808
814
822
789
788
772
757
783
785
779
764
756
737
728
719
724
723
733
760
786
810
852
871
839
824
797
775
777
767
773
795
816
841
848
855
838
848
842
831
812
831
821
824
845
833
827
838
823
849
865
873
843
842
842
849
825
845
854
859
847
862
851
835
802
811
810
820
802
836
842
862
837
845
833
795
802
791
801
794
800
800
788
769
764
752
738
729
724
727
726
732
739
754
774
772
793
780
776
758
758
753
748
756
752
772
810
853
963
894
908
878
825
828
792
765
774
775
801
817
842
850
854
843
851
835
801
800
790
778
771
772
787
786
813
804
815
819
832
823
836
834
812
794
784
788
773
790
821
841
827
837
1614
771
755
748
740
750
785
845
871
918
845
849
805
784
773
759
744
745
747
764
782
800
813
825
828
822
805
789
779
762
762
769
791
800
813
798
805
821
809
783
774
770
763
760
757
750
752
742
743
753
754
773
773
782
775
787
773
772
760
749
746
744
746
751
770
780
786
771
771
747
731
715
700
693
693
688
693
726
770
769
799
823
846
846
856
847
835
804
809
797
784
786
801
812
926
1007
918
1022
976
879
855
832
825
796
820
831
868
865
892
897
858
868
857
892
838
850
845
852
821
827
825
834
810
819
818
833
815
829
821
842
844
889
925
922
903
893
857
830
837
828
832
834
854
859
870
887
867
830
794
794
777
790
799
793
818
856
918
873
878
854
831
794
791
774
764
771
790
840
890
903
893
903
870
805
796
778
770
769
768
790
800
853
869
860
874
863
833
827
802
806
787
796
805
827
849
864
890
878
879
858
844
822
849
843
841
854
896
878
826
809
796
806
790
785
768
766
754
750
752
768
782
828
840
855
857
841
806
807
788
783
775
794
791
824
850
864
864
841
829
823
811
798
788
792
797
813
800
806
819
830
847
835
818
817
817
830
841
811
804
801
783
768
780
808
795
806
798
802
794
801
798
792
779
801
808
797
816
848
862
825
855
857
864
838
834
822
805
820
811
830
835
906
890
852
862
841
808
802
795
798
810
795
798
810
799
807
803
822
837
834
838
854
836
820
839
846
868
854
869
858
849
867
874
888
877
869
858
827
842
833
829
811
826
810
790
785
773
780
784
790
794
799
768
772
760
768
771
800
838
851
858
885
916
876
896
864
839
840
828
802
826
818
874
897
879
853
840
803
800
790
780
766
754
763
758
777
785
799
803
808
775
775
755
742
739
731
736
733
755
772
787
803
828
803
799
777
766
755
756
767
759
778
785
809
834
849
851
834
831
818
794
782
779
762
762
759
745
753
744
752
768
791
799
829
855
809
798
779
751
746
735
743
759
779
781
784
794
778
768
773
744
730
733
725
716
705
690
675
666
655
648
665
732
860
938
988
946
895
881
852
835
806
806
806
844
857
880
939
997
981
905
919
960
936
888
917
925
885
865
862
875
829
836
824
818
783
778
781
785
828
820
839
824
812
801
815
824
830
799
824
825
848
833
822
831
830
827
816
830
839
835
802
795
790
793
807
793
801
787
792
776
800
802
798
807
833
846
883
854
861
853
815
791
782
777
781
807
822
829
841
846
843
807
788
782
762
752
745
737
745
758
800
843
828
844
833
825
797
796
771
759
751
737
734
719
720
742
786
779
792
811
813
796
780
777
771
780
771
785
786
809
797
813
794
794
773
776
767
768
778
772
789
791
792
778
787
782
777
775
755
751
731
723
710
711
706
712
719
729
736
733
715
724
730
708
691
697
704
688
702
697
695
701
710
727
727
751
752
773
817
801
834
811
788
767
755
743
741
730
736
742
768
812
795
792
793
788
777
762
758
745
742
747
748
769
780
823
821
821
821
820
801
806
793
801
785
811
829
854
833
872
884
883
837
834
797
789
784
784
780
798
840
862
842
853
857
844
809
811
792
790
782
799
824
855
854
845
846
839
826
824
814
802
783
795
795
809
805
818
800
782
784
778
777
771
784
778
782
764
773
770
783
783
798
787
795
777
800
787
805
781
794
779
795
788
776
775
770
768
756
747
734
717
707
699
707
722
763
820
853
872
879
867
820
806
783
759
758
751
758
796
815
888
862
856
864
844
815
801
799
757
762
744
740
733
722
727
723
729
724
734
725
722
716
706
710
694
688
693
700
729
754
814
847
895
934
935
876
870
861
809
816
806
809
805
855
865
870
845
850
856
849
853
817
790
768
773
767
793
811
807
830
894
931
899
911
875
830
821
805
802
813
849
921
885
869
871
870
877
852
850
846
853
816
839
860
928
894
918
877
839
824
791
766
769
764
768
778
792
816
811
840
874
862
862
901
925
870
877
863
838
809
818
839
842
849
849
861
814
823
806
795
771
776
759
764
774
821
844
839
821
834
825
813
787
796
782
783
777
798
811
828
833
835
841
805
818
807
796
804
797
788
771
778
772
800
806
811
804
818
798
803
801
797
781
771
772
764
773
771
798
792
778
754
760
748
747
740
751
754
758
772
782
781
768
774
768
777
770
780
783
810
804
840
852
842
828
836
833
855
833
879
896
885
869
884
906
854
861
862
859
848
842
841
847
850
865
885
926
854
845
826
805
797
774
783
782
802
807
797
799
802
811
853
876
853
896
930
930
889
906
898
855
850
845
861
847
846
880
893
853
862
850
849
837
825
831
826
828
821
864
870
860
855
850
855
834
853
860
876
870
866
870
838
850
845
873
843
874
885
900
853
884
887
854
881
869
885
889
903
907
861
874
861
848
817
823
824
847
854
841
813
798
771
771
754
737
721
717
712
702
704
705
715
725
737
762
766
814
827
844
816
845
826
816
813
794
788
783
792
806
869
887
848
833
787
749
743
724
692
661
648
646
645
644
669
738
733
737
740
752
788
774
773
757
750
734
741
729
736
740
743
748
746
758
783
789
803
809
784
783
763
764
757
770
775
806
809
827
843
872
847
863
845
823
800
818
844
891
854
891
925
881
889
878
849
814
809
788
825
830
885
950
998
902
911
887
828
829
803
805
792
822
841
912
894
964
898
844
837
819
805
799
783
801
823
858
854
871
856
845
826
825
822
810
864
897
979
872
895
899
879
938
968
997
907
903
891
867
871
882
905
872
885
906
842
842
850
928
910
918
981
932
881
871
828
796
785
762
745
739
723
708
698
691
681
675
672
672
680
692
722
745
777
861
901
847
854
877
877
844
857
877
934
849
869
889
905
873
869
896
923
867
905
894
879
907
903
922
871
911
900
886
841
850
854
892
876
937
912
871
884
868
861
831
817
831
856
879
857
850
849
818
823
810
795
794
790
788
776
786
774
778
776
771
773
787
798
794
799
788
783
767
771
769
771
785
785
822
829
864
831
852
836
855
846
808
813
810
835
836
887
927
999
854
852
833
783
790
784
823
856
885
899
912
856
862
835
801
803
788
805
855
859
909
880
877
901
917
859
843
853
837
821
808
803
791
790
787
811
849
943
940
921
922
964
901
894
916
915
868
938
914
890
881
901
941
874
915
910
884
843
841
827
811
788
791
783
801
825
817
818
813
818
802
807
799
789
784
784
793
793
798
822
832
887
893
929
890
896
862
839
810
807
796
792
770
775
769
758
743
754
729
722
714
699
707
700
690
688
679
671
661
656
648
633
627
620
613
607
602
591
586
582
583
607
695
835
804
911
951
995
977
990
911
865
852
827
822
799
788
782
796
776
753
771
776
835
916
898
857
825
825
809
786
797
796
823
822
825
821
819
809
794
778
774
800
847
811
823
818
815
801
814
843
940
877
936
927
926
918
920
926
862
878
889
852
848
818
823
822
826
820
818
801
823
830
857
830
852
821
799
798
788
793
783
818
836
863
852
887
891
845
864
848
844
827
840
836
835
843
879
840
859
872
845
857
851
829
820
817
826
804
820
825
830
848
833
836
815
830
834
806
817
819
857
846
882
883
873
867
846
820
813
812
831
858
888
879
857
841
831
835
819
843
847
860
854
871
894
844
846
822
791
785
765
750
737
738
746
770
776
804
813
802
807
804
794
774
782
773
804
815
854
887
891
915
920
872
865
840
1663
810
766
740
726
716
734
763
943
990
942
896
888
897
859
863
828
811
798
792
775
774
774
775
790
796
811
826
853
882
883
871
868
887
858
867
844
862
869
871
878
888
906
871
885
873
823
830
814
813
794
808
804
823
816
807
785
771
753
754
741
732
726
730
729
723
732
729
742
772
765
776
794
820
843
890
920
907
941
896
943
912
857
856
828
815
821
789
771
775
787
768
769
755
743
729
721
707
709
702
712
731
760
754
764
780
778
776
777
802
816
814
812
813
787
788
769
781
788
831
866
901
912
914
903
859
862
854
832
860
874
870
861
865
851
815
821
820
889
836
860
851
843
826
825
822
788
795
780
782
771
793
800
817
815
837
843
813
827
822
820
834
820
827
826
834
880
846
863
835
805
803
781
783
778
801
798
804
796
814
825
899
840
847
831
833
810
815
810
826
813
796
798
787
767
764
744
756
737
729
719
711
707
712
718
736
765
833
889
940
878
879
851
820
824
840
887
835
859
869
928
867
917
918
889
851
848
834
826
849
853
908
875
904
912
911
885
889
897
862
880
861
830
860
880
878
866
854
840
809
819
811
809
792
804
784
756
764
742
763
807
904
968
989
933
954
925
850
843
822
817
810
829
836
843
827
824
822
819
800
798
780
762
764
751
745
738
730
733
730
734
735
749
753
778
848
900
925
883
890
1724
838
830
813
838
939
1099
940
944
940
931
861
858
854
853
827
843
843
835
814
815
798
794
794
780
785
777
774
758
762
746
735
729
722
708
713
707
713
725
775
840
919
958
996
910
933
936
891
881
888
926
919
966
964
924
1057
999
925
884
863
850
863
878
954
908
956
961
948
898
872
857
842
838
828
852
841
857
872
908
979
951
867
882
864
864
863
897
898
863
856
835
822
791
783
765
761
749
747
736
737
759
770
774
773
783
775
783
774
762
776
776
793
788
812
818
814
791
802
810
815
813
817
799
769
762
742
737
747
754
783
813
816
797
813
846
839
795
783
757
763
735
727
724
725
729
727
720
718
719
735
788
821
876
906
850
865
872
897
869
883
873
867
893
910
898
948
936
890
898
897
897
847
863
900
862
874
919
967
888
898
862
824
829
842
826
851
861
841
829
840
874
865
845
880
907
851
867
881
869
858
887
898
866
880
914
947
880
921
879
829
811
792
791
830
817
831
852
899
854
877
855
839
833
798
772
756
760
794
843
915
969
914
915
888
884
869
871
861
823
823
806
807
793
794
784
795
794
814
830
840
818
833
829
823
849
852
869
831
854
845
838
848
846
857
844
854
864
837
848
836
830
843
848
896
866
897
855
819
823
813
841
829
842
845
838
845
853
864
843
868
875
845
813
789
768
742
733
731
725
726
716
741
733
747
790
820
813
791
771
763
753
746
740
741
755
797
824
909
989
1021
961
976
953
899
899
876
848
848
852
866
864
867
885
898
856
839
830
821
811
841
866
899
893
902
890
853
872
831
791
785
783
795
858
835
894
907
891
925
917
914
873
902
900
867
921
947
908
993
961
896
928
876
870
859
863
908
855
890
892
903
855
869
867
864
865
878
872
850
868
866
836
898
887
872
919
854
809
805
791
774
788
770
787
805
792
800
801
800
788
797
787
777
768
770
782
790
786
820
854
884
867
921
918
856
845
828
831
816
847
871
866
908
927
954
956
940
904
939
910
902
852
858
900
995
938
979
902
857
863
857
882
846
881
895
896
960
928
921
883
876
884
836
861
892
871
926
910
896
942
956
926
970
963
957
911
939
896
872
871
858
839
811
800
790
790
782
772
760
751
736
718
713
695
677
657
652
659
692
777
898
994
1115
1169
1142
1103
1032
991
974
993
976
925
954
988
954
958
962
850
842
861
932
890
875
909
930
862
870
858
891
857
944
986
960
946
946
947
917
890
870
848
867
915
901
972
965
856
867
840
831
815
813
816
845
825
825
876
918
963
917
852
838
817
803
773
765
753
740
739
744
731
737
789
813
803
816
842
845
827
827
821
797
813
819
850
888
971
1008
984
1000
971
932
952
896
882
914
939
920
1010
982
877
879
866
841
826
832
876
854
892
910
862
875
909
949
993
1119
945
899
878
874
860
886
932
883
934
920
854
876
866
840
853
843
868
839
863
858
834
856
852
851
920
908
874
876
878
883
848
841
827
813
819
801
787
791
797
779
778
771
773
762
767
756
754
750
764
762
771
765
781
790
824
827
853
891
866
888
907
875
887
866
838
818
805
826
897
849
839
828
807
801
801
792
780
770
754
732
715
695
675
652
638
625
621
608
606
642
691
768
865
1055
1103
1123
1205
1119
1078
1031
889
900
873
848
877
883
882
851
870
913
903
920
938
948
914
886
870
882
862
892
954
911
939
935
921
862
912
929
938
942
1838
845
883
880
952
911
1081
1167
1026
973
1741
830
816
810
808
796
805
821
877
864
968
1002
905
943
955
958
953
1080
1076
1006
1013
969
950
908
868
827
838
892
895
922
959
934
900
930
913
858
871
842
824
815
846
927
884
985
1011
914
981
927
874
859
867
881
838
813
794
768
751
746
747
753
751
748
756
758
774
819
844
878
939
981
965
930
947
920
891
895
898
885
903
927
917
881
889
881
853
850
854
855
857
831
850
858
872
845
883
879
916
858
889
896
949
895
916
960
1013
959
966
992
955
891
900
912
879
977
1021
1065
1004
1035
1014
1008
989
982
919
897
861
856
819
829
854
934
873
912
893
863
838
832
813
782
765
754
729
715
704
701
692
688
705
726
761
828
920
919
849
844
839
844
829
813
810
1598
771
771
781
817
1310
1087
1160
1153
954
938
927
865
843
843
841
813
805
810
813
818
829
861
908
878
904
928
901
852
849
832
822
810
815
841
903
870
907
944
908
859
845
838
846
850
844
834
811
808
807
834
835
870
895
894
854
854
845
830
805
814
808
813
813
835
852
823
797
801
805
796
789
790
776
761
752
738
719
710
717
723
737
750
772
842
840
854
854
854
824
833
813
813
802
832
877
910
921
925
872
820
812
795
800
795
781
782
796
828
853
892
877
838
821
802
788
772
767
773
780
834
904
911
929
934
865
868
870
854
833
825
814
815
797
816
817
835
832
845
856
881
838
861
861
861
828
854
867
853
850
844
848
834
887
913
932
979
969
908
876
858
842
811
834
850
879
858
922
919
850
877
917
905
861
870
865
822
843
854
891
875
927
927
902
887
884
887
854
883
921
898
868
881
907
862
847
841
830
800
823
823
814
788
777
761
757
771
810
790
796
790
791
777
768
750
734
723
712
700
678
679
667
661
659
662
656
657
659
666
686
713
769
817
793
755
725
723
721
752
793
796
767
746
732
722
723
742
789
897
1018
1108
1117
1089
1001
911
936
978
1002
937
1011
979
908
935
891
877
898
970
1046
928
957
937
885
900
879
868
842
854
866
853
863
900
943
908
909
938
893
855
872
867
898
899
936
932
900
969