885
803
832
890
827
809
809
774
729
749
732
769
758
782
756
758
720
701
701
731
735
688
696
675
673
667
461
862
657
647
261
385
1161
743
620
608
608
594
610
581
591
573
678
469
554
561
569
552
894
1074
752
1063
540
1045
1041
520
1047
507
524
490
692
320
513
322
708
535
479
488
513
504
504
495
518
499
505
477
510
479
503
475
506
476
486
466
487
487
467
496
468
477
466
956
458
313
1106
1393
455
483
629
1680
1380
443
921
441
468
449
436
466
450
995
439
307
5458
1453
2156
440
1345
679
1532
896
895
451
436
448
455
438
447
445
457
449
434
461
444
437
449
454
434
446
457
436
436
443
455
437
433
451
444
426
444
450
433
437
452
431
445
428
452
436
426
445
440
430
438
436
449
438
423
444
448
426
436
889
424
432
446
447
426
436
453
446
427
434
447
447
429
427
884
432
439
438
446
433
431
437
446
438
422
435
456
415
445
426
451
434
428
432
444
437
419
430
442
445
423
856
444
430
427
437
443
438
432
421
448
438
423
426
444
433
423
427
447
425
428
438
432
424
432
435
440
427
425
432
441
425
427
422
436
437
424
429
438
438
418
428
435
437
428
437
425
448
431
425
440
432
426
434
438
441
432
423
435
444
410
440
431
440
434
423
433
444
429
421
426
446
425
428
431
440
438
433
418
438
444
425
424
430
444
418
425
878
423
429
427
433
448
424
426
434
444
418
428
883
429
428
435
448
422
431
445
440
430
443
442
438
434
424
451
443
426
431
444
440
420
436
438
440
431
439
425
448
441
427
431
439
444
420
431
438
439
431
437
419
453
438
429
431
443
449
424
433
442
439
430
437
438
437
438
425
444
444
425
429
435
451
422
432
439
438
430
438
430
455
418
434
438
441
432
434
424
446
429
425
439
445
434
420
433
876
433
432
445
439
437
423
447
443
425
434
450
439
425
428
440
443
425
438
429
451
431
430
431
447
417
439
871
432
424
877
433
420
426
439
443
429
430
422
445
436
427
431
435
866
426
449
445
422
428
442
442
425
426
438
440
428
432
416
447
435
424
423
436
442
423
424
434
440
440
853
449
446
431
433
451
442
426
430
447
439
438
435
422
452
439
426
433
449
436
423
431
448
439
434
436
434
456
438
434
433
436
448
438
441
438
446
443
449
445
447
442
455
455
446
444
466
471
474
483
482
510
507
512
504
499
482
485
473
474
469
477
473
468
470
470
485
467
480
467
488
473
491
478
499
496
1011
531
515
518
513
502
509
522
529
533
534
540
551
553
554
550
586
589
592
604
609
609
595
574
574
541
545
528
527
519
538
521
528
531
535
521
527
539
544
552
548
551
546
545
553
549
559
548
568
559
568
570
569
555
1102
564
560
546
550
515
544
521
542
510
505
517
506
505
498
504
498
494
500
497
509
494
493
505
498
493
514
1514
494
504
498
505
509
506
508
505
493
515
491
503
513
490
500
496
491
510
483
508
494
498
507
494
505
511
494
498
504
507
511
512
504
514
520
532
521
521
521
526
540
528
531
532
530
540
560
582
584
590
581
570
577
590
579
563
571
559
570
558
1116
566
563
576
585
595
584
583
586
606
619
628
622
599
615
622
591
623
616
605
637
651
623
612
610
629
641
670
647
658
642
644
648
648
636
642
657
655
670
667
647
650
647
648
641
652
673
665
674
684
720
697
710
668
677
671
653
646
640
643
631
627
645
636
648
659
684
693
670
678
654
668
646
642
641
660
671
643
633
645
646
652
647
605
648
610
625
648
659
663
685
707
733
720
739
726
707
734
712
701
710
697
672
660
673
674
673
669
657
634
634
631
628
632
610
618
640
638
643
662
657
652
642
619
616
613
614
574
606
588
594
615
651
655
662
694
723
729
683
670
663
651
642
585
619
610
607
597
602
606
617
637
649
672
646
652
675
696
696
675
656
650
649
645
618
607
645
642
645
680
686
721
708
743
772
759
740
735
753
770
782
716
716
653
683
670
679
679
677
675
700
668
669
668
674
677
672
667
653
604
651
624
642
648
688
668
688
706
750
774
713
708
700
687
656
662
655
659
615
651
646
654
677
717
720
738
717
713
726
710
701
639
665
640
645
645
644
630
643
637
645
664
696
721
730
695
688
629
662
628
630
651
681
705
683
679
677
691
720
712
719
746
723
746
735
725
728
675
751
742
701
715
739
752
777
781
780
782
768
733
696
695
692
692
709
643
690
689
752
779
752
727
752
767
736
720
718
706
686
645
635
669
661
680
703
763
775
759
757
729
732
722
712
717
731
716
734
768
792
793
763
720
701
688
688
710
710
702
716
729
706
722
729
700
699
706
729
744
727
734
730
683
708
701
715
714
726
747
745
760
770
780
698
726
708
703
682
676
667
687
655
685
706
751
788
771
755
769
776
760
720
698
702
707
702
706
701
683
685
686
713
759
768
740
731
699
702
681
677
676
671
673
662
650
640
634
643
637
672
711
728
747
761
786
784
761
726
637
673
642
643
662
671
683
718
729
728
727
714
690
683
692
683
668
624
656
644
655
685
729
879
865
858
795
762
750
748
710
720
717
733
741
736
708
685
675
675
663
677
672
686
694
720
708
709
706
665
683
682
695
715
727
754
794
793
792
780
773
765
741
722
710
684
671
659
674
740
792
779
772
778
786
775
751
721
698
695
705
720
724
730
711
654
700
664
683
725
757
759
781
742
713
704
727
746
772
744
728
727
734
746
732
711
716
689
664
692
704
809
838
874
871
868
791
782
747
725
736
758
754
787
820
830
819
765
740
744
747
735
716
708
695
714
729
773
755
763
749
716
728
734
757
840
916
884
862
836
828
838
846
800
811
809
839
762
804
843
801
835
794
761
762
766
826
899
871
792
785
806
821
840
791
791
753
759
754
772
805
881
876
864
848
861
879
859
832
819
757
768
782
813
842
808
809
760
785
806
898
963
882
906
841
798
803
812
811
792
734
720
708
714
732
735
756
746
711
727
713
727
757
780
753
701
717
709
712
725
737
731
741
723
709
691
702
720
732
780
827
811
785
788
776
715
715
714
716
706
721
741
752
768
781
763
759
783
758
768
778
781
733
727
747
755
768
796
785
758
713
721
722
717
706
705
725
769
742
733
718
752
754
743
718
713
715
726
729
729
688
692
697
688
722
737
791
817
821
832
822
785
766
737
727
713
706
706
697
701
709
701
701
699
702
720
771
784
762
739
737
716
697
678
672
670
668
674
705
743
724
729
704
699
703
720
735
698
714
708
710
696
682
668
677
690
715
719
715
715
710
721
719
707
708
729
729
729
723
723
719
692
702
704
709
722
756
765
775
777
781
765
728
718
709
700
694
688
689
703
709
711
724
723
728
731
741
757
751
742
723
699
703
724
700
640
669
667
724
1244
997
945
926
939
901
842
780
739
721
704
688
680
684
688
684
673
682
672
724
731
770
870
1063
919
965
907
921
881
855
871
865
852
799
810
763
770
696
692
729
708
723
714
689
699
706
731
700
707
701
701
689
708
703
723
731
754
757
772
767
747
743
728
711
720
731
786
774
823
816
765
774
717
735
713
703
667
642
677
679
675
705
697
678
678
669
664
655
646
638
635
633
625
625
617
611
604
609
594
593
595
578
592
560
570
568
569
546
563
560
563
540
557
548
519
545
556
511
528
542
511
541
501
531
512
519
522
486
524
478
503
501
513
480
513
479
503
477
497
481
491
470
496
464
485
459
481
470
458
477
466
479
461
469
461
458
471
462
462
462
466
466
454
478
447
455
474
446
474
446
450
469
442
454
464
439
462
453
437
463
445
460
443
450
455
440
467
445
442
466
437
442
465
873
464
435
453
444
437
461
438
441
447
436
449
450
438
446
445
441
446
443
433
446
442
437
451
437
437
442
447
433
448
444
427
444
456
421
445
441
436
439
443
430
443
438
434
439
437
427
438
442
428
435
443
421
438
445
422
434
426
447
427
415
449
430
421
432
438
419
424
441
431
416
426
443
416
420
438
431
414
435
868
419
414
441
425
424
426
441
428
429
415
444
426
420
431
441
419
425
438
431
838
443
424
425
435
430
422
435
438
433
429
417
442
432
414
438
427
424
425
446
412
431
432
430
427
415
444
423
418
433
438
416
424
437
434
412
426
441
422
425
433
432
425
432
429
433
429
414
445
428
420
435
428
851
438
435
430
414
447
430
419
433
443
426
422
426
443
418
427
434
434
430
429
432
440
429
413
439
434
421
421
435
434
409
423
433
434
422
432
414
442
425
422
861
425
419
419
430
421
420
431
436
424
419
432
431
425
411
441
427
417
424
438
415
419
432
435
413
422
440
424
425
430
433
422
432
431
433
428
414
446
425
421
428
440
423
846
440
415
421
438
428
848
435
415
433
427
435
412
420
435
422
415
429
431
427
423
412
438
424
417
426
427
423
429
418
439
427
414
438
438
420
870
432
424
425
444
423
430
438
432
426
435
442
430
432
420
443
436
418
436
428
420
439
438
429
424
435
432
427
416
443
427
419
430
438
416
863
433
414
424
442
422
426
433
434
429
427
419
439
426
416
441
424
418
433
432
433
425
412
441
430
416
427
441
419
416
422
439
413
417
427
433
419
418
422
434
411
420
424
425
415
424
434
423
421
429
431
423
411
440
433
414
427
442
419
420
430
436
414
419
438
426
419
429
433
425
425
414
433
424
415
426
436
413
416
417
429
422
411
420
436
416
411
415
433
415
409
431
426
415
422
405
429
416
413
420
405
433
414
413
409
424
423
404
409
421
428
404
405
405
427
412
408
415
403
427
418
403
404
407
417
417
419
407
402
418
418
421
401
409
821
424
408
412
812
420
417
413
413
397
418
424
406
805
421
413
405
414
400
836
407
398
409
835
413
409
402
834
419
400
413
414
421
430
406
410
409
420
428
402
412
415
417
430
411
400
420
420
426
417
404
413
428
420
404
413
413
425
422
403
411
426
420
838
405
438
413
836
404
436
411
416
417
405
426
425
406
407
411
425
408
408
414
402
425
424
405
804
418
418
405
409
408
411
421
424
413
405
401
410
420
422
417
415
407
411
416
431
417
417
421
413
413
416
421
424
414
425
417
419
429
416
1289
426
434
440
439
449
437
442
442
444
439
903
447
443
449
445
445
449
445
438
439
450
456
458
451
464
460
461
460
452
442
454
460
455
454
443
454
458
461
462
466
465
455
464
465
475
489
486
479
485
498
512
529
547
551
542
530
516
496
511
513
506
538
576
689
652
597
568
555
551
540
526
550
558
553
565
572
572
562
555
545
522
539
560
586
611
599
745
676
649
640
646
641
643
648
673
668
673
698
725
724
741
758
722
762
763
729
737
771
771
765
781
771
743
749
771
727
729
735
729
706
683
624
682
676
662
660
682
659
660
663
646
646
697
733
738
771
756
757
809
777
747
747
738
728
707
675
660
639
647
679
741
752
742
762
742
759
756
699
681
654
631
638
638
634
631
694
704
727
759
702
689
691
706
730
701
690
697
712
715
690
693
731
769
747
726
748
913
924
947
804
767
773
790
729
688
703
711
771
777
757
774
772
758
785
813
862
813
808
788
765
736
714
681
678
684
695
713
735
864
828
787
771
729
727
728
714
718
725
687
672
688
690
691
661
688
698
712
752
791
835
748
759
747
742
660
691
676
701
638
674
676
708
727
778
785
783
809
836
773
823
815
783
766
731
649
667
659
654
680
735
893
854
871
854
820
812
718
771
741
747
747
713
703
731
676
735
729
833
1049
897
915
870
959
917
847
844
855
846
898
982
967
896
929
916
831
857
891
966
925
956
935
892
923
892
831
920
922
853
882
922
904
867
963
1013
985
955
942
1018
968
960
961
930
1022
993
904
927
933
831
836
917
1293
1068
1016
987
979
987
973
946
928
937
887
926
929
865
859
871
918
836
881
903
938
881
852
870
867
930
859
855
871
833
828
808
796
706
746
733
763
1111
841
888
962
1009
974
902
832
815
830
855
786
832
1005
1236
998
977
908
813
830
851
877
950
962
895
849
881
893
896
859
835
813
793
731
771
747
787
905
931
979
997
1010
933
941
876
885
894
868
788
790
787
758
759
747
802
1188
909
915
958
974
873
885
891
889
899
963
972
938
871
854
836
943
871
862
872
803
810
803
829
830
900
982
893
923
930
896
899
913
893
886
895
923
913
938
907
932
896
888
884
824
832
811
803
815
814
827
823
891
1033
953
946
1050
1052
897
890
872
817
855
894
941
928
991
1056
974
879
906
904
857
853
861
975
1043
912
942
981
1000
955
970
918
934
941
968
1031
889
868
892
892
922
831
832
843
847
829
852
780
804
806
812
890
830
849
892
878
908
889
820
824
810
826
852
838
892
943
910
938
958
910
809
810
813
813
840
913
932
983
957
933
912
911
903
884
803
732
733
780
801
992
933
916
908
875
818
767
772
794
812
846
879
870
894
944
1003
871
888
924
969
938
879
896
899
1018
1103
1054
857
823
783
760
684
709
697
686
682
752
769
790
827
916
910
854
858
853
824
786
757
753
771
784
767
794
793