1041
1034
1158
1203
1219
1161
1038
1024
1062
1057
1071
1048
1019
1064
1139
1075
1022
1002
1041
1064
1058
1025
1066
1126
1089
1082
1075
1072
1050
1024
1079
1064
1041
996
1025
1050
1073
1027
1040
1078
1104
1076
1016
1053
1050
1074
1082
1056
1056
1127
1210
1184
1149
1063
1011
1025
1056
1149
1170
1141
1074
1024
1041
1039
1096
1087
1032
1069
1122
1160
1107
1024
1092
1217
1211
1079
1063
1044
1073
1126
1064
1157
1226
1191
1126
1065
1075
1060
1083
1106
1147
1217
1157
1101
1004
961
966
1006
1096
1120
1140
1213
1209
1128
1067
1069
1117
1136
1114
1153
1204
1149
1071
1111
1301
1458
1355
1253
1193
1272
1194
1125
1188
1187
1118
1075
1143
1251
1237
1167
1222
1233
1206
1161
1286
1212
1142
1109
1184
1228
1138
1244
1214
1148
1095
1271
1230
1164
1179
1266
1283
1203
1146
1164
1208
1224
1141
1213
1344
1227
1087