1281
1262
1360
1504
1415
1394
1291
1244
1384
1499
1508
1472
1329
1395
1534
1558
1508
1460
1465
1526
1594
1525
1442
1520
1593
1503
1445
1462
1502
1521
1438
1433
1454
1466
1355
1420
1470
1435
1353
1454
1499
1430
1359
1372
1315
1257
1362
1396
1315
1339
1453
1382
1273
1391
1396
1346
1329
1461
1398
1290
1339
1384
1349
1255
1356
1345
1336
1338
1444
1428
1349
1381
1480
1455
1322
1365
1347
1278
1373
1522
1468
1351
1439
1511
1463
1354
1500
1511
1505
1475
1462
1360
1511
1547
1446
1415
1517
1379
1330
1384
1415
1341
1367
1484
1436
1274
1439
1406
1382
1285
1477
1490
1414
1443
1494
1453
1387
1414
1350
1259
1390
1460
1395
1231
1302
1489
1448
1400
1326