1200
1146
1272
1347
1238
1168
1267
1272
1183
1120
1150
1195
1157
1098
1073
1115
1081
1123
1129
1163
1311
1329
1221
1180
1213
1274
1268
1233
1322
1386
1296
1253
1321
1346
1253
1234
1328
1379
1274
1277
1220
1173
1152
1313
1356
1291
1274
1302
1225
1156
1159
1300
1282
1180
1236
1417
1391
1324
1357
1308
1254
1308
1316
1222
1251
1376
1381
1317
1350
1303
1218
1276
1308
1319
1264
1288
1269
1224
1234
1358
1344
1276
1265
1286
1234
1259
1317
1331
1211
1202
1295
1373
1310
1285
1280
1176
1124
1191
1305
1264
1203
1322
1354
1257
1165
1145
1151
1163
1084
1127
1324
1323
1202
1224
1314
1319
1193
1160
1203
1099
1018
1018
1064
1080
1018
1055
1272
1357
1228
1098
1086
1108
1102
1071
1066
1114
1206
1179
1091
1111
1173
1302
1271
1234
1117
1054
1124