1393
1405
1407
1323
1333
1472
1444
1405
1288
1185
1225
1437
1499
1350
1243
1393
1453
1310
1174
1269
1379
1424
1341
1388
1425
1345
1310
1279
1458
1454
1410
1458
1416
1325
1236
1287
1347
1373
1319
1252
1363
1367
1263
1149
1291
1456
1469
1379
1381
1370
1231
1299
1338
1389
1426
1479
1362
1234
1315
1435
1446
1388
1406
1368
1287
1278
1368
1432
1351
1264
1346
1371
1289
1379
1486
1479
1346
1359
1385
1407
1407
1434
1295
1305
1423
1379
1374
1379
1327
1336
1377
1337
1324
1451
1431
1333
1338
1269
1215
1342
1411
1354
1359
1346
1264
1283
1367
1283
1197
1289
1335
1243
1221
1299
1284
1221
1315
1367
1277
1294
1299
1260
1235
1265
1257
1227
1316
1414
1277
1288
1329
1306
1272
1374
1335
1245