1333
1314
1297
1257
1201
1169
1129
1082
1107
1367
1470
1378
1197
1124
1170
1316
1267
1196
1145
1100
1109
1159
1188
1231
1196
1130
1104
1177
1410
1454
1290
1175
1198
1394
1459
1396
1344
1217
1288
1445
1481
1410
1281
1331
1485
1468
1329
1263
1341
1426
1300
1324
1415
1342
1274
1330
1306
1277
1205
1381
1410
1346
1286
1358
1330
1217
1225
1339
1387
1312
1254
1353
1382
1292
1157
1119
1253
1438
1338
1263
1337
1328
1203
1178
1353
1432
1331
1232
1340
1355
1287
1306
1444
1343
1299
1389
1327
1161
1240
1185
1125
1273
1389
1308
1156
1179
1317
1367
1331
1404
1411
1312
1338
1329
1372
1292
1420
1479
1271
1290
1276
1328
1244
1262
1486
1461
1293
1282
1440
1460
1372
1335
1508
1493
1375
1518
1439
1364
1477
1466