979
1025
1055
1043
1001
966
983
996
990
956
954
976
992
942
924
998
1057
1054
1033
1040
1084
1108
1092
1098
1138
1123
1109
1087
1221
1199
1091
1067
1084
1076
1054
1110
1138
1090
1116
1199
1116
1028
1062
1165
1222
1189
1293
1267
1167
1108
1175
1149
1104
1188
1226
1091
1052
1107
1211
1165
1149
1247
1203
1118
1124
1137
1057
1075
1142
1121
1064
1083
1159
1116
1043
1076
1174
1155
1043
1161
1185
1145
1091
1156
1196
1148
1155
1188
1092
1026
1089
1103
1081
1070
1171
1115
1020
1035
1176
1149
1064
1087
1092
1058
1058
1081
1033
997
1037
1134
1146
1084
1159
1188
1092
1062
1057
1049
1056
1112
1140
1121
1163
1142
1104
1106
1143
1190
1134
1063
1075
1050
1033
1045
1122
1083
1078
1109
1187
1129
1047
1116
1089
1035
1008
1025
1096
1033
990
1066
1231
1197
1087
1057
1048
1039
1021
1043
1047
1052
1060
1069
1066
1049
1144
1118
1076
982
982
1029
1104
1170
1271
1304
1217
1148
1175
1097
1017
1006
1039
1034
1023
1085
1158
1100
1094
1168
1123
1073
1184
1123
1067
990
1012
1152
1175
1117
1150
1175
1100
1043
1126
1136
1154
1066
1080
1134
1163
1134
1166
1120
1144
1123
1191
1199
1117
1150
1194