1221
1259
1231
1164
1226
1283
1273
1276
1354
1270
1224
1188
1305
1340
1364
1283
1318
1345
1283
1296
1439
1367
1258
1389
1427
1424
1287
1360
1449
1425
1345
1282
1229
1300
1396
1367
1276
1200
1352
1358
1346
1257
1335
1349
1275
1198
1244
1368
1322
1234
1271
1271
1254
1334
1326
1258
1269
1262
1209
1305
1373
1314
1230
1258
1306
1321
1260
1410
1414
1336
1248
1389
1381
1270
1282
1420
1396
1258
1354
1334
1208
1242
1330
1330
1265
1247
1273
1279
1212
1251
1308
1337
1217
1231
1271
1318
1271
1259
1329
1305
1234
1340
1356
1262
1301
1274
1188
1229
1338
1260
1280
1413
1388
1270
1218
1286
1284
1212
1193
1318
1322
1232
1249
1251
1166
1192
1193
1185
1249
1292
1227
1274
1370
1323
1245
1172
1201
1266
1234
1201
1201