738
769
768
817
780
670
654
651
627
627
674
613
584
595
645
583
589
602
597
561
551
551
563
553
538
528
538
568
613
583
584
604
698
733
720
685
741
710
612
596
600
625
622
613
658
770
765
706
702
732
734
628
583
576
593
665
646
581
568
577
658
759
779
824
816
723
718
697
608
590
602
600
597
655
927
888
833
683
644
674
804
831
778
876
831
700
688
731
724
686
635
572
558
565
706
833
741
663
676
693
598
575
566
549
539
531
524
516
512
510
519
557
607
622
598
572
545
529
531
556
582
602
614
620
656
717
718
659
648
605
621
609
739
669
691
600
579
554
540
528
518
516
509
518
507
502
504
495
489
487
483
477
472
479
463
465
461
459
455
450
447
453
445
442
442
438
436
435
438
429
434
426
432
429
421
425
421
420
424
417
417
414
415
414
413
409
412
412
407
407
411
404
405
408
402
400
405
400
400
403
402
394
405
403
397
403
405
397
404
404
402
408
409
406
413
416
412
416
421
412
421
415
418
418
416
416
420
416
413
419
417
417
415
416
419
418
419
419
423
424
421
424
426
427
422
424
426
422
422
421
421
418
419
420
421
422
422
424
425
423
425
424
422
421
419
421
421
419