1219
1212
1257
1303
1269
1262
1297
1250
1102
1348
1475
1329
1438
1475
1396
1336
1414
1370
1344
1251
1356
1397
1332
1223
1257
1432
1378
1337
1409
1387
1313
1354
1300
1256
1310
1357
1300
1316
1257
1189
1286
1312
1125
1048
1119
1430
1273
1326
1358
1292
1219
1231
1218
1163
1238
1200
1102
1043
1081
1007
1035
1090
1170
1103
1168
1195
1159
1111
1238
1279
1088
1024
1035
971
943
1047
1287
1223
1192
1261
1205
1218
1297
1240
1265
1320
1269
1360
1352
1241
1371
1337
1339
1433
1371
1303
1238
1158
1135
1292
1285
1207
1257
1288
1271
1249
1273
1192
1142
1247
1212
1143
1149
1289
1287
1182
1296
1285
1194
1240
1204
1110
1074
1123
1217
1177
1178
1277
1247
1118
1143
1186
1113
1126
1184
1150
1164
1265
1317
1269
1270
1212
1198
1209
1289
1269
1229
1287
1312
1289
1314
1290
1229
1242
1251
1255
1187
1161
1249
1259
1204
1220
1225
1135
1114
1183
1226
1146
1114
1167
1188
1126
1137
1168
1142
1078
1104
1207
1189
1141
1208
1206
1159
1113
1226
1201
1150
1127
1205
1191
1135
1155
1185
1169
1026
1021
1088