1062
1032
1004
1031
1025
1030
1067
1085
1107
1118
1105
1133
1225
1308
1218
1214
1496
1329
1177
1271
1280
1155
1257
1226
1169
1106
1142
1116
1129
1072
1079
1175
1235
1177
1291
1257
1204
1207
1229
1203
1146
1238
1310
1237
1158
1211
1269
1264
1257
1354
1350
1254
1253
1289
1320
1186
1160
1274
1231
1165
1200
1183
1098
1088
1122
1138
1085
1085
1085
1047
1024
1013
986
949
946
958
1001
1017
994
1057
1152
1163
1095
1120
1125
1082
1050
1097
1097
1050
1053
1091
1147
1110
1156
1369
1317
1198
1202
1226
1173
1167
1266
1251