1211
1201
1149
1048
1024
1061
1104
1275
1187
1092
1067
1111
1155
1209
1346
1173
1104
1088
1225
1380
1345
1179
1059
1109
1162
1211
1150
1113
1117
1276
1344
1251
1166
1127
1134
1366
1473
1386
1281
1258
1324
1337
1329
1222
1131
1099
1214
1345
1331
1248
1186
1124
1118
1223
1380
1345
1244
1189
1210
1309
1368
1340
1264
1196
1170
1263
1314
1284
1213
1145
1147
1274
1367
1284
1200
1112
1111
1202
1276
1237
1184
1085
1049
1069
1179
1229
1279
1238
1159
1101
1109
1244
1295
1263
1161
1138
1188
1234
1238
1134
1100
1141
1186
1209
1147
1115
1114
1142
1141
1084
1092
1192
1280
1155
1089
1097
1180
1230
1189
1151
1144
1168
1143
1149
1077
1111
1187
1196
1140
1105
1061
1117
1187
1195
1178
1106
1167
1185
1170
1117
1077
1091
1115
1193
1152
1120
1179
1203
1174
1119
1084
1112
1186