1272
1110
970
990
1213
928
918
1098
983
904
839
794
796
777
771
747
744
716
707
702
684
685
678
671
672
671
662
645
641
642
657
628
641
640
619
640
622
614
604
610
599
613
593
604
597
614
585
592
600
601
584
597
608
594
579
600
597
578
588
597
590
565
579
583
569
562
1138
573
542
563
563
557
557
539
561
528
547
541
552
544
529
550
521
545
519
541
517
542
517
533
511
539
514
525
516
525
514
531
520
533
517
535
526
533
519
533
523
545
521
530
521
545
517
522
516
535
521
523
510
1049
518
525
525
534
513
534
514
536
509
542
504
521
509
531
515
513
524
509
530
498
518
508
513
503
518
521
499
524
501
528
498
521
502
510
523
500
522
494
521
508
510
501
523
515
512
517
528
521
524
518
537
527
532
517
543
525
531
518
536
527
523
533
529
540
530
541
549
546
550
532
551
536
544
526
540
531
538
521
531
524
524
526
532
534
520
532
523
539
510
542
513
543
510
537
511
529
513
527
508
513
525
503
521
514
529
517
513
526
519
542
508
534
520
532
511
532
524
519
535
509
523
512
536
513
520
511
523
530
519
526
522
544
509
533
514
534
518
543
512
532
517
534
518
530
531
534
525
530
547
551
545
583
555
565
554
570
563
556
581
540
563
531
551
530
557
521
543
530
555
529
553
543
567
534
558
548
557
542
537
1084
529
547
537
530
538
551
563
545
565
537
555
537
559
536
547
549
548
539
537
550
529
536
543
542
529
540
543
544
537
550
545
550
535
542
531
541
535
533
1091
543
545
1091
535
545
536
542
531
547
533
546
523
545
546
557
539
566
540
566
540
552
534
558
536
550
530
549
532
546
537
546
529
548
541
552
536
541
532
547
534
541
527
544
540
527
537
533
553
518
538
526
549
516
544
515
537
528
530
521
523
543
509
533
518
532
532
521
532
517
542
504
528
519
518
529
521
540
514
545
519
546
527
545
526
545
535
544
549
533
544
537
554
523
545
527
556
514
540
523
526
524
538
537
526
554
530
560
528
562
533
563
531
567
531
559
520
548
535
546
544
553
536
563
548
560
541
568
544
561
542
559
536
561
534
562
541
555
531
548
537
548
538
541
540
548
538
538
538
538
549
524
537
534
553
521
542
531
555
530
544
527
541
534
537
523
537
545
536
548
536
556
538
559
546
561
544
571
544
567
561
567
553
559
566
545
563
558
563
546
575
550
571
543
574
539
561
546
569
543
562
551
565
552
559
567
559
571