1018
1005
1038
1077
1092
1052
1011
964
1005
1095
1127
1127
1117
1105
1050
1046
1083
1185
1260
1231
1212
1140
1095
1097
1169
1263
1290
1238
1156
1096
1112
1190
1274
1206
1118
1036
1062
1095
1194
1190
1176
1105
1090
1081
1122
1185
1219
1190
1124
1090
1114
1201
1211
1230
1165
1075
1041
1083
1130
1145
1116
1099
1195
1206
1142
1083
1072
1053
1103
1034
1151
1146
1062
1086
1181
1274
1268
1197
1140
1177
1254
1259
1160
1119
1152
1179
1200
1139
1131
1190
1286
1127
1189
1258
1203
1144
1254
1308
1188
1197
1209
1160
1124
1184
1293