1067
1072
1131
1114
1134
1166
1199
1152
1037
1025
1093
1197
1244
1228
1302
1268
1214
1259
1186
1156
1244
1217
1165
1184
1236
1170
1210
1186
1123
1133
1198
1199
1212
1268
1145
1054
1078
1164
1186
1150
1177
1171
1147
1076
1099
1141
1122
1099
1193
1251
1234
1225
1266
1256
1152
1299
1397
1326
1265
1307
1299
1271
1285
1224
1142
1096
1150
1252
1221
1269
1264
1138
1050
1037
1075
1109
1097
1059
1114
1172
1167
1130
1208
1208
1126
1125
1177
1193
1152
1268
1257
1200
1284
1267
1181
1162
1220
1214
1088
1137
1322
1226
1188
1206
1147
1099
1146
1206
1150
1168
1290
1239
1146
1171
1120
1085
1135
1181
1147
1100
1191
1242
1173
1282
1255
1135
1150
1197
1208
1182
1285
1204
1151
1234
1254
1176
1221
1218
1136
1135
1229
1170
1123
1134
1146
1124
1119
1194
1146
1091
1139
1238
1147
1118
1194
1218
1151
1185
1208
1196
1193
1263
1264
1147
1207
1209
1164
1182
1212
1143
1168
1268
1234
1123
1162
1196
1133
1125
1201
1198
1102
1177
1200
1198
1093
1042
1055
1024
1037
1187
1232
1122
1179
1225
1155
1074
1096
1144
1083
1054
1106
1312
1175
1132
1214