834
1004
853
854
859
848
859
795
750
720
709
752
859
868
1033
937
872
842
817
813
830
820
835
854
865
881
801
825
800
791
780
753
785
801
806
835
842
820
800
760
762
773
806
792
806
845
854
940
856
793
787
780
789
774
749
775
799
851
871
837
826
825
827
825
781
785
787
813
832
794
792
788
801
778
758
757
761
806
801
778
792
806
815
773
791
793
812
791
771
780
789
804
780
776
786
805
809
769
787
793
807
804
779
781
776
785
802
791
756
751
759
781
812
833
659
895
784
808
835
829
853
782
797
654
914
818
769
771
786
849
922
946
749
956
877
889
883
788
827
782
799
852
851
900
929
903
787
854
803
807
781
739
750
740
709
677
668
690
718
750
813
893
891
743
860
759
757
768
809
786
804
825
852
868
829
844
862
853
885
814
815
835
880
892
841
854
896
867
987
865
862
871
873
854
865
873
874
920
854
873
860
903
833
784
799
811
863
894
853
829
902
875
843
805
813
824
854
878
789
927
863
889
657
935
843
853
867
792
873
841
874
832
915
815
821
822
841
802
825
851
881
793
894
798
760
721
737
725
712
718
741
791
774
746
745
764
826
828
777
790
767
760
723
701
695
696
705
708
743
807
884
901
822
904
807
802
813
826
785
709
717
715
848
953
970
892
698
857
751
750
723
704
725
751
817
825
908
857
823
758
740
719
729
760
855
853
1025
965
906
900
833
946
851
797
802
828
883
911
757
978
919
919
873
795
885
860
880
790
764
729
712
688
681
684
694
685
705
695
688
681
698
697
705
719
742
762
784
788
767
781
798
834
830
819
882
797
728
725
741
787
845
872
835
904
837
808
768
721
714
714
799
856
972
885
823
754
743
709
693
676
653
633
617
607
592
592
579
577
574
578
586
590
593
594
577
585
578
581
584
589
590
604
613
609
626
633
642
635
604
612
598
591
586
578
578
579
592
593
617
659
723
785
795
729
711
684
675
639
631
622
617
628
636
638
626
647
662
651
640
646
674
714
768
773
726
683
666
679
731
804
844
796
811
825
851
822
766
778
788
828
798
750
769
797
782
766
703
702
745
789
806
804
737
717
709
714
728
741
747
727
715
717
735
801
873
841
757
770
771
739
772
807
785
842
807
806
788
789
730
761
777
787
731
723
772
802
754
800
830
857
821
756
797
759
733
731
747
829
841
904
938
858
854
787
875
786
794
795
775
799
773
793
789
763
802
831
803
811
780
765
755
717
697
667
673
698
690
702
716
740
712
704
667
640
609
599
593
586
580
575
582
595
634
736
759
716
663
639
638
651
679
730
771
721
663
641
655
686
745
821
810
716
652
623
620
635
679
759
764
716
724
721
700
690
683
677
671
653
617
594
578
575
583
609
685
756
745
644
853
772
787
694
822
763
812
763
890
738
740
648
892
784
749
783
796
818
735
942
798
769
781
757
697
716
756
794
849
875
877
848
769
745
707
686
669
709
813
833
866
813
754
781
797
834
762
980
844
876
764
916
829
845
777
750
765
799
758
788
777
726
837
758
788
777
823
787
764
794
861
863
817
841
870
884
852
841
833
824
816
806
836
903
931
895
865
987
910
819
801
810
844
891
867
898
868
891
858
824
792
750
789
782
823
863
887
1015
976
971
815
1042
902
843
866
894
963
896
842
759
751
762
752
723
694
662
632
632
676
797
877
893
762
891
756
769
813
860
935
772
1102
1008
975
761
987
842
853
864
911
930
992
779
1001
904
922
857
876
897
925
775
1001
879
853
859
832
809
817
836
793
781
782
833
810
854
896
861
800
895
885
838
840
852
809
869
877
998
877
888
863
852
861
913
828
913
870
875
788
763
715
707
672
670
710
799
911
767
1013
933
910
889
826
783
816
848
837
859
890
865
841
850
849
853
864
886
874
839
870
887
878
828
778
786
783
789
773
732
752
752
738
725
730
766
773
720
711
718
691
719
738
759
3021
794
762
728
748
771
847
864
791
784
761
717
696
690
716
722
727
688
689
663
652
626
599
618
613
599
590
587
589
598
605
614
619
630
647
669
666
680
652
654
621
608
607
604
602
608
604
608
614
607
600
589
576
588
591
570
584
1178
576
571
553
548
553
557
549
574
601
637
693
736
732
741
631
709
680
735
710
712
679
661
654
659
684
698
682
725
707
669
656
637
617
606
605
597
587
586
583
587
593
601
611
643
708
780
711
784
713
692
623
630
673
743
829
757
833
777
721
638
668
606
602
584
582
581
584
591
587
590
596
632
648
669
647
647
654
644
618
647
640
620
682
680
690
664
680
654
655
622
607
614
593
587
571
575
573
567
564
559
550
538
545
553
558
580
1272
963
952
946
855
771
736
713
2578
601
595
588
579
576
570
567
572
567
564
575
577
601
680
777
1489
718
696
661
640
630
642
665
694
722
726
699
698
694
691
680
679
660
646
644
637
630
625
616
609
608
615
631
701
852
806
765
938
835
742
718
698
690
707
736
787
868
891
891
777
934
819
818
794
729
728
759
786
890
954
897
786
865
749
727
749
768
757
735
722
697
687
682
675
684
686
715
770
805
813
824
812
785
818
808
831
742
843
790
823
807
810
827
825
803
808
804
822
817
813
808
804
813
814
801
769
762
745
747
762
727
744
738
729
705
699
693
694
694
685
688
682
660
646
643
641
656
695
769
779
763
762
781
787
742
737
729
733
742
745
749
759
768
789
773
809
768
729
731
741
744
768
811
831
913
820
777
753
697
790
754
765
783
781
759
735
727
727
756
757
731
722
710
715
721
741
750
747
736
725
716
715
730
794
823
900
788
781
760
742
739
729
716
699
669
666
655
682
773
863
750
986
819
764
734
720
759
770
777
766
773
733
712
716
729
786
834
863
893
840
780
733
707
691
694
710
729
771
764
800
832
916
806
809
787
799
792
743
708
693
673
696
792
868
925
751
934
820
856
886
850
751
708
665
671
664
736
892
926
855
790
899
801
746
611
851
760
839
910
790
904
808
819
822
784
805
794
875
848
979
843
841
786
765
716
705
691
718
725
757
782
739
761
720
718
701
679
672
669
666
660
647
648
626
639
635
648
658
663
643
645
641
633
638
617
624
623
617
612
597
591
592
600
613
637
646
671
693
728
731
729
729
746
758
773
773
727
723
703
722
749
808
779
727
701
678
661
638
648
690
772
766
777
804
791
881
782
771
749
742
719
690
684
676
682
718
796
892
910
931
752
1014
843
831
806
770
765
740
742
727
728
719
765
779
757
739
726
726
708
704
709
727
746
752
763
783
831
849
857
826
793
785
800
803
810
846
927
945
730
942
857
879
679
931
833
871
872
815
768
731
701
672
665
666
674
747
839
921
906
848
761
875
765
738
712
702
743
788
786
734
737
695
696
692
689
679
669
669
678
676
691
709
719
688
686
672
662
688
738
733
747
788
823
801
802
814
810
786
790
721
702
702
699
715
681
673
677
712
693
722
711
707
706
688
661
656
652
651
633
629
627
631
648
703
782
813
742
701
2132
797
802
776
713
710
695
696
706
724
745
828
897
922
766
885
770
753
750
716
725
735
778
813
810
846
882
761
905
787
771
768
4707
830
838
794
751
720
698
678
681
685
720
711
856
860
876
881
787
736
712
678
652
650
670
667
652
644
643
649
655
636
647
654
682
677
646
635
638
629
619
614
603
597
584
579
581
585
599
606
605
592
593
613
637
662
668
671
656
618
619
618
623
627
614
603
594
601
607
619
644
665
662
672
704
743
740
706
656
644
636
620
612
597
599
604
622
636
673
756
818
854
678
836
676
651
648
661
682
726
747
703
714
718
747
725
687
660
647
614
652
681
722
714
614
761
688
686
664
647
652
689
736
759
739
718
672
644
639
648
713
809
746
914
721
715
705
693
677
659
667
659
647
637
618
611
610
619
619
642
687
804
820
726
691
669
683
695
735
767
801
761
714
708
716
742
762
769
729
699
705
705
706
630
829
702
705
714
721
694
679
670
668
701
748
760
732
716
751
746
746
721
689
674
678
678
718
775
811
761
732
727
721
716
712
695
714
741
801
828
774
761
764
684
724
676
663
669
679
729
791
811
799
732
751
741
748
742
736
710
694
723
749
800
813
770
745
718
728
730
735
717
698
707
688
686
681
654
649
661
666
691
730
770
831
782
734
691
654
661
642
652
695
698
711
683
687
744
769
784
740
713
687
662
622
647
667
756
817
850
785
688
777
710
712
707
706
693
694
688
664
663
632
657
704
805
834
771
792
729
707
694
655
635
609
619
651
721
733
720
779
790
780
769
740
726
711
677
640
632
636
651
746
854
839
828
793
763
727
704
660
620
627
636
676
707
749
762
729
688
630
671
658
663
688
724
694
671
635
628
642
678
813
830
813
788
740
701
634
652
649
670
739
810
745
752
732
782
773
751
727
679
628
648
594
621
634
639
852
855
865
802
757
701
685
694
689
686
701
698
672
649
660
673
688
693
691
684
662
658
646
651
633
642
649
669
675
664
622
616
605
603
629
670
688
707
693
647
626
636
623
633
649
662
679
661
713
752
777
753
713
678
664
660
663
666
656
657
679
688
734
749
683
699
665
662
655
626
614
605
604
591
586
592
579
578
563
550
546
551
550
537
533
528
523
514
503
510
491
488
494
490
493
490
484
483
479
475
473
468
471
477
476
478
484
478
479
480
470
467
471
473
473
949
462
463
466
463
467
480
467
467
475
458
460
472
466
462
470
459
926
471
461
467
464
456
455
459
463
462
938
459
461
477
462
462
471
458
461
475
467
461
467
455
452
460
463
456
457
453
459
455
454
467
452
452
463
466
452
454
456
454
456
455
464
445
447
455
457
447
451
448
449
447
447
457
446
440
446
449
454
441
440
449
451
443
445
441
449
447
443
445
453
454
439
444
453
448
437
437
440
452
438
435
438
446
439
369
505
447
444
438
434
432
441
438
433
439
436
440
436
438
449
450
438
439
443
454
444
439
441
449
451
439
438
445
448
438
438
435
444
438
435
440
439
446
441
443
447
451
442
448
443
452
446
445
450
446
446
448
447
456
444
447
458
454
445
449
907
439
445
456
456
445
453
452
456
443
438
444
447
441
442
438
443
443
444
449
453
451
448
446
462
452
442
450
452
452
443
438
446
445
441
445
442
448
445
445
456
446
445
449
456
458
443
446
456
452
444
445
444
444
441
440
452
441
441
447
456
459
446
452
467
458
453
464
466
458
458
464
455
454
455
463
448
447
462
449
449
450
450
446
448
449
455
443
442
451
458
448
448
446
454
448
447
458
454
446
457
919
445
450
459
459
446
448
454
454
447
441
453
449
442
445
443
447
443
443
452
446
440
444
448
456
438
438
447
451
441
447
443
453
446
445
458
456
444
448
452
462
447
445
451
447
448
454
456
468
456
458
464
455
446
449
453
457
446
441
450
452
446
449
447
457
445
448
460
460
445
452
456
461
448
443
453
452
446
447
441
448
441
441
451
445
436
438
441
451
444
434
437
438
450
435
435
436
435
442
433
434
437
438
439
438
440
443
442
440
445
444
447
438
442
448
446
438
436
440
447
451
439
439
438
451
442
432
441
889
432
436
447
445
442
435
437
444
442
429
430
433
443
437
426
430
434
446
442
429
436
436
450
440
430
438
437
449
435
432
438
438
447
427
433
440
441
446
432
437
442
446
451
438
437
446
450
438
436
436
450
443
434
876
453
438
435
442
447
445
437
435
448
447
438
435
438
452
438
434
438
887
434
432
439
445
436
438
438
450
444
438
448
449
450
444
442
450
440
442
449
445
438
442
439
454
440
434
436
441
448
434
433
439
437
435
437
876
432
435
438
440
447
434
436
440
437
425
423
426
438
437
429
426
433
442
442
434
434
433
449
435
433
438
437
438
436
432
440
439
432
434
433
445
430
427
436
439
437
426
428
437
439
425
431
430
446
440
429
438
441
447
432
431
439
444
437
435
436
447
442
432
434
439
451
435
437
438
438
438
437
435
438
436
435
438
436
442
432
434
443
439
430
433
430
447
439
427
435
437
445
424
426
432
437
435
431
432
445
438
434
438
438
446
434
438
446
445
440
441
439
457
442
438
444
451
441
436
439
451
435
431
441
444
438
430
432
442
435
429
432
429
436
428
426
426
426
416
441
427
429
425
434
428
426
431
427
436
427
428
433
428
428
425
424
431
428
427
425
425
427
430
426
423
420
430
433
425
424
419
428
436
425
422
419
432
434
425
421
420
434
437
424
424
419
434
435
423
421
421
435
435
425
421
426
438
434
426
430
429
440
438
433
426
431
441
439
429
428
433
444
438
428
436
439
448
431
431
438
441
434
433
432
438
434
431
433
429
438
430
428
433
431
440
425
429
433
431
438
429
428
432
432
438
430
426
442
442
429
434
436
444
429
430
1305
422
426
433
435
429
424
422
429
434
427
421
422
429
423
421
421
418
423
420
428
417
419
424
421
438
426
424
427
429
438
426
421
426
435
433
419
421
429
430
435
416
421
429
424
429
422
421
422
425
437
424
419
424
428
435
422
420
418
425
435
422
413
416
423
430
431
424
418
424
431
431
420
424
423
428
433
428
424
424
436
436
424
429
428
436
433
426
430
427
437
432
429
436
434
438
433
433
433
434
430
433
431
435
435
427
428
428
437
435
421
426
424
433
422
421
424
423
433
421
418
420
424
434
422
415
424
426
434
417
419
423
425
429
418
418
421
420
425
417
417
419
418
425
421
419
418
418
422
424
420
418
417
424
422
421
417
417
419
419
422
417
415
415
417
430
419
414
420
418
432
423
419
417
419
431
419
413
414
417
429
423
415
415
417
429
429
418
419
418
431
426
418
418
421
433
426
419
419
422
436
423
416
418
423
434
424
415
417
419
428
431
419
419
417
429
429
418
416
417
428
430
421
415
419
429
429
435
423
420
430
431
430
416
421
428
425
428
423
423
427
428
433
425
426
429
431
434
426
423
430
436
432
422
422
433
432
420
425
424
427
425
423
422
423
430
430
425
414
419
429
424
418
418
417
417
423
430
420
416
420
421
428
418
414
421
418
425
424
418
418
413
423
425
421
411
414
424
843
411
415
421
417
423
418
414
419
416
423
426
420
421
416
425
427
426
411
418
429
426
415
418
418
424
421
426
418
417
427
424
424
421
419
423
420
433
421
419
421
426
430
418
422
433
429
417
424
424
434
428
425
429
431
438
430
429
433
432
438
436
428
433
433
441
425
424
430
435
438
423
428
439
438
427
430
430
435
438
427
431
428
435
434
427
433
429
441
431
429
430
874
428
426
432
431
429
432
429
440
438
429
434
433
440
435
429
429
431
442
426
426
436
438
432
424
427
438
438
423
430
433
440
422
429
437
438
435
430
426
435
438
427
429
426
438
434
428
427
431
442
428
424
433
435
432
427
428
434
433
427
419
423
434
431
414
422
421
438
429
418
427
426
435
426
423
424
426
431
425
424
427
860
423
426
430
428
434
427
426
430
429
435
427
428
432
434
429
428
426
436
434
421
419
423
435
428
414
421
425
435
422
421
426
429
432
420
424
432
428
425
424
425
429
427
426
424
425
430
432
421
422
419
428
430
421
421
418
430
431
422
415
417
427
426
425
414
420
428
422
430
425
423
427
427
438
432
427
429
429
443
430
431
430
431
438
427
428
436
431
427
428
429
439
437
424
427
427
442
438
424
431
429
443
430
428
433
436
439
425
432
438
436
428
428
430
440
435
423
431
429
438
425
426
431
428
434
426
422
429
423
426
415
422
427
427
438
427
422
429
431
438
422
423
430
433
437
418
427
432
436
437
420
429
436
430
436
426
424
438
438
424
429
429
437
425
423
426
427
432
425
417
422
422
425
426
422
415
420
425
424
431
415
415
422
425
431
415
420
423
422
425
426
419
420
418
427
431
428
418
420
429
429
432
418
420
428
427
429
422
421
423
424
432
426
421
425
422
433
428
422
422
422
430
433
422
419
420
432
428
416
421
423
430
425
423
421
420
430
430
429
418
418
426
857
412
419
424
425
430
417
418
423
421
427
429
422
426
424
430
432
425
429
425
434
432
426
430
431
439
431
427
430
424
429
426
421
423
422
433
429
423
422
425
436
430
426
426
425
438
428
425
425
427
438
427
422
854
438
426
426
427
429
438
426
427
430
429
440
427
430
435
434
433
433
434
440
440
433
438
432
435
426
433
437
437
442
428
430
440
436
431
428
427
439
438
422
430
432
441
434
426
430
434
438
423
428
437
438
433
432
435
438
439
435
435
434
438
438
432
434
433
445
435
428
432
435
445
432
431
433
438
440
427
428
434
435
435
430
427
433
438
433
427
428
438
437
426
429
428
440
434
426
428
429
436
432
429
428
426
435
438
436
428
430
441
439
427
433
433
436
435
429
429
430
441
430
423
431
430
440
423
425
429
431
438
429
425
427
426
428
425
419
421
417
429
432
425
418
424
436
434
427
429
427
441
434
427
431
432
439
432
429
432
430
437
438
429
433
430
440
436
432
433
432
440
431
431
438
435
438
430
431
432
431
436
432
433
437
433
434
433
432
437
442
433
429
431
441
438
427
432
433
443
429
428
433
436
439
420
429
436
436
441
423
433
440
438
429
434
430
438
437
430
433
434
438
430
426
436
437
440
428
430
436
438
434
434
438
442
441
436
438
435
445
438
435
439
436
438
433
434
442
439
430
432
433
446
444
431
438
439
441
437
435
441
439
440
435
436
441
437
436
434
435
443
440
434
434
436
437
430
435
438
435
439
434
438
442
438
440
434
438
445
438
432
437
438
444
435
431
433
436
439
428
433
437
438
446
430
437
441
440
445
434
438
445
445
438
436
435
438
438
430
429
427
436
437
427
426
428
439
434
426
424
430
439
437
425
426
429
438
430
421
427
428
436
429
428
426
427
432
427
437
428
427
428
429
441
432
422
425
431
439
423
423
428
431
430
418
424
433
432
423
418
424
433
433
427
421
424
434
426
426
419
423
431
434
426
422
421
435
431
426
424
425
429
424
433
423
423
426
429
433
423
422
425
431
435
424
424
428
434
435
423
422
430
434
425
421
422
431
430
422
424
423
436
427
420
423
427
435
418
420
424
427
433
418
421
424
423
426
420
419
419
418
422
421
418
421
421
432
427
422
422
423
427
431
424
418
421
429
430
429
418
419
433
428
431
419
421
430
431
423
419
422
433
428
426
422
426
433
429
433
427
429
435
430
437
427
428
429
434
427
422
421
428
430
431
421
419
428
429
435
420
421
426
426
428
424
421
426
422
432
431
425
428
428
440
432
427
433
436
439
434
435
441
438
437
433
435
442
440
438
440
442
445
444
438
444
444
445
436
433
439
439
429
426
427
436
437
423
432
434
438
430
431
436
432
438
432
431
433
437
440
427
428
438
437
431
428
427
442
432
426
432
433
435
428
427
433
432
439
428
432
438
432
430
429
426
438
430
431
433
427
441
425
427
434
432
430
427
425
438
438
428
430
430
436
438
429
432
430
438
439
429
432
433
440
437
442
435
438
441
444
445
445
449
450
451
451
452
457
455
457
461
465
464
468
468
470
468
470
472
475
478
482
481
485
487
485
480
482
479
483
481
479
479
478
479
480
479
480
481
485
488
487
484
479
476
474
476
474
473
1435
489
495
501
504
507
508
509
507
509
511
515
518
520
527
539
546
542
542
541
534
534
533
531
528
531
537
540
541
546
556
557
556
551
543
536
533
532
536
539
542
550
563
573
577
613
583
593
581
581
573
547
529
517
527
511
516
508
522
521
521
516
523
524
512
515
511
515
507
509
506
501
509
494
494
501
493
494
487
494
495
488
498
483
484
491
486
482
493
475
479
490
474
475
475
463
473
484
472
472
479
470
471
483
468
467
479
472
466
474
469
460
462
460
457
462
462
462
455
458
473
456
455
467
461
452
457
463
452
455
452
454
452
453
466
452
451
460
460
449
447
447
445
444
446
459
456
447
450
449
456
447
449
453
444
446
455
456
443
443
451
462
451
450
453
453
448
453
455
453
444
449
464
456
443
447
454
459
449
452
456
451
445
459
460
450
447
446
459
445
442
445
451
445
445
443
448
445
443
451
448
445
438
445
454
450
437
442
445
452
435
438
445
446
434
432
434
440
437
433
438
436
441
432
433
441
438
432
429
434
442
436
442
427
433
436
436
436
438
441
439
445
449
449
451
454
456
457
459
460
462
461
464
460
466
464
464
463
459
455
458
458
458
456
456
458
456
453
457
460
461
462
465
468
472
477
477
480
485
486
485
483
482
482
487
486
492
499
504
509
518
528
532
533
524
524
519
513
510
513
518
527
542
566
595
593
588
587
578
567
564
562
559
561
565
580
591
589
591
582
572
566
559
562
561
566
568
573
578
587
592
587
574
562
554
539
523
513
526
528
551
592
646
750
636
637
621
610
579
553
550
539
532
529
538
516
532
522
530
514
524
522
524
510
513
518
507
510
497
508
500
496
505
494
500
489
500
494
490
495
483
486
497
479
482
485
480
483
479
473
479
472
475
478
470
467
470
476
472
473
484
467
474
484
467
466
479
462
462
477
461
457
470
465
455
462
466
454
459
458
454
458
456
457
454
455
467
460
450
459
460
459
448
451
465
443
449
459
457
441
452
458
453
444
449
461
454
451
456
454
450
453
456
465
449
449
457
454
449
461
454
446
453
458
446
452
452
449
446
446
465
450
451
460
448
445
448
453
451
450
453
466
449
449
457
461
451
454
453
455
443
446
454
457
446
453
454
450
442
442
446
444
443
449
452
447
443
444
446
432
432
434
440
448
437
435
440
446
438
439
437
440
443
437
439
436
449
438
436
436
438
448
435
429
434
434
445
427
429
434
437
440
426
432
438
438
432
432
433
435
431
431
431
431
438
433
439
431
433
443
438
436
438
438
444
444
436
440
437
438
438
438
446
447
444
445
451
457
447
451
460
454
453
462
459
449
459
920
455
458
468
457
456
462
465
452
453
451
453
445
443
447
442
440
442
443
444
437
436
446
447
438
438
438
448
442
434
436
441
448
436
433
441
445
441
438
436
438
438
436
439
439
449
436
440
445
445
446
438
440
452
444
442
446
447
453
442
446
458
452
443
451
452
452
444
445
460
450
443
449
454
451
447
450
457
444
451
455
455
441
448
447
460
450
448
455
454
441
443
446
452
435
438
448
448
438
436
440
451
445
435
439
443
449
435
438
447
448
439
438
441
452
440
438
444
445
448
437
434
441
444
433
431
435
444
434
427
436
439
443
428
434
441
440
435
433
434
447
439
435
437
437
456
435
436
436
439
441
435
435
438
436
434
434
435
441
430
437
438
438
443
436
436
442
439
434
438
438
447
428
435
443
438
430
435
435
440
438
433
437
438
447
434
434
440
443
433
434
436
442
438
436
443
439
438
429
431
441
441
425
430
432
443
436
429
437
442
431
438
438
442
431
435
442
441
433
438
438
443
440
436
439
439
445
434
437
445
438
429
438
437
448
442
432
435
438
450
435
434
438
438
438
440
441
454
439
439
449
455
443
442
447
449
438
438
452
440
437
440
445
439
436
438
450
441
434
439
442
447
429
437
446
446
435
434
438
446
433
429
433
438
436
428
426
437
438
432
428
427
438
437
428
430
430
435
433
427
430
433
435
429
431
441
438
428
433
436
437
428
429
438
429
428
437
435
427
429
434
438
427
425
434
433
378
459
430
434
418
423
436
425
423
424
422
425
426
417
417
422
429
419
419
423
424
426
420
418
418
422
424
418
414
422
417
427
416
413
415
414
423
411
411
415
416
423
419
411
412
409
416
413
409
408
409
413
416
422
410
405
403
412
412
416
410
402
408
417
413
413
401
407
411
410
413
418
410
411
414
415
418
418
401
408
418
417
426
418
411
415
419
423
419
418
416
418
424
419
418
412
414
420
413
416
415
412
414
412
418
425
418
416
416
423
420
425
417
417
422
422
417
413
415
420
412
416
414
413
417
417
422
411
414
419
418
430
425
417
418
418
429
427
425
413
420
426
424
429
414
420
424
421
422
413
416
421
418
421
414
414
416
418
428
420
413
416
416
425
417
412
413
415
420
415
418
409
409
414
411
414
416
410
410
408
417
421
414
411
410
420
420
422
259
566
422
421
426
416
413
414
418
425
415
410
418
416
429
418
414
418
421
427
416
417
420
422
429
416
419
423
426
432
423
424
428
428
436
423
423
435
439
438
429
427
442
438
428
434
435
446
433
435
437
441
444
430
435
444
438
428
426
429
447
435
430
430
432
438
422
420
427
429
431
419
419
426
428
431
418
420
419
425
435
417
415
418
419
427
422
417
418
417
427
428
414
419
419
428
418
417
420
419
427
422
418
420
418
426
428
422
417
420
432
433
421
425
422
441
436
425
429
431
438
432
426
429
430
440
427
430
435
438
430
427
427
442
435
426
428
431
434
427
423
431
429
417
417
417
430
426
422
414
419
425
426
426
415
416
422
427
425
416
418
423
427
431
423
421
429
432
426
427
426
429
434
423
427
424
428
425
420
426
423
428
423
419
421
420
430
423
418
419
422
432
426
417
420
421
432
424
416
421
422
432
417
419
422
425
424
413
414
420
415
421
416
412
417
415
424
425
416
414
415
425
425
417
413
414
422
423
417
411
410
418
419
420
405
410
413
415
422
412
410
412
412
415
420
411
408
407
414
416
416
405
405
411
412
420
411
403
408
409
416
411
412
408
405
409
407
418
407
404
405
408
411
406
409
406
405
408
406
415
414
406
403
407
413
412
416
404
401
412
410
415
401
404
409
410
416
416
410
408
408
418
417
413
407
408
421
414
415
412
412
418
416
418
414
419
420
422
431
423
419
424
423
426
418
418
420
421
427
414
415
417
421
429
420
418
419
422
430
417
415
420
421
427
409
417
419
419
422
417
412
416
415
421
424
415
410
412
424
420
413
405
411
419
420
423
408
414
417
418
415
408
410
415
412
415
419
409
410
407
412
415
418
409
404
411
409
419
412
407
402
408
411
412
415
413
412
410
408
409
409
419
418
412
406
406
413
411
419
403
402
407
408
414
407
418
412
404
406
408
412
411
410
403
404
406
408
412
412
404
404
405
413
411
411
406
404
407
406
417
415
402
404
402
418
412
407
405
405
410
411
418
412
408
410
414
419
415
409
409
409
418
416
412
408
406
412
410
420
416
406
410
834
417
409
412
415
424
418
412
415
413
423
424
422
410
416
423
422
422
412
416
423
418
422
416
414
418
414
425
418
413
415
415
418
419
409
410
410
423
413
410
408
409
418
412
423
415
411
413
413
421
422
411
411
413
426
420
411
414
416
420
419
413
414
415
421
420
420
416
416
420
425
426
418
419
428
430
423
418
419
431
426
414
417
416
427
426
417
414
411
423
418
412
412
413
418
412
417
413
413
416
414
425
418
413
414
413
417
419
414
415
414
426
420
413
414
416
422
416
424
416
416
418
418
427
422
414
418
418
429
426
417
419
421
430
426
428
423
425
429
425
432
424
426
431
434
427
426
424
435
433
421
425
425
432
423
422
426
425
432
420
424
429
421
421
417
416
420
424
419
413
413
421
423
416
414
412
425
420
417
413
411
421
422
419
409
413
422
419
422
410
413
417
422
428
410
416
424
417
420
413
412
413
416
423
410
412
413
414
420
415
409
408
413
420
418
408
410
415
420
416
410
413
411
422
421
408
412
411
420
422
414
413
415
425
421
422
412
416
431
425
414
419
420
427
419
413
418
414
428
422
413
416
417
423
418
413
412
412
421
419
414
408
414
415
416
422
408
412
414
415
418
419
412
413
411
415
424
416
413
410
419
419
417
403
409
414
413
390
435
411
411
410
414
420
413
408
408
414
413
418
412
411
415
416
421
410
411
414
413
422
417
414
414
412
416
418
424
414
409
414
417
421
422
412
412
413
428
419
410
412
411
424
418
412
413
413
422
416
421
414
410
414
412
422
419
408
411
412
418
422
416
408
414
420
418
422
415
412
417
415
423
423
413
414
414
425
413
412
414
411
419
421
412
408
412
417
421
410
409
408
419
413
415
406
405
409
411
416
410
405
405
405
415
407
404
405
402
408
412
412
404
400
409
408
411
405
402
404
406
415
413
403
406
409
414
413
408
409
410
413
416
419
405
409
414
414
419
412
408
411
413
420
411
410
411
409
415
420
412
407
410
418
416
411
407
407
419
412
415
406
408
410
830
409
405
410
411
421
409
408
409
411
413
414
410
408
406
411
411
418
410
407
409
404
426
418
405
404
406
414
415
413
406
406
413
408
414
406
399
405
405
413
406
407
406
407
412
409
418
408
407
408
409
417
416
405
403
406
417
411
415
405
405
409
408
414
410
413
407
406
408
409
416
416
404
402
406
412
412
418
411
403
408
407
418
414
409
405
405
409
407
412
408
402
404
404
412
410
403
400
402
407
408
404
396
399
407
402
404
399
397
398
396
400
401
407
401
393
394
398
400
400
405
399
394
397
396
399
397
401
403
403
396
394
395
398
404
403
404
395
393
396
399
405
397
399
394
396
398
396
400
398
401
404
396
398
397
399
399
404
407
406
397
396
402
398
412
406
400
398
396
402
397
403
399
404
400
396
400
401
404
399
405
400
395
396
397
404
400
406
395
396
396
399
403
399
407
403
397
396
399
408
407
406
396
399
403
402
408
407
404
402
397
400
402
409
410
407
400
399
406
406
413
409
400
402
404
415
412
404
401
403
410
406
409
410
403
405
402
412
411
406
405
400
410
411
414
410
404
405
404
413
412
405
404
403
409
405
407
401
402
406
401
411
408
412
404
401
401
403
412
406
406
401
398
404
406
409
410
408
398
404
408
407
413
415
409
401
406
414
406
414
410
403
406
404
414
411
408
404
403
405
408
414
413
404
400
407
409
413
419
410
405
406
407
415
416
413
405
408
413
414
413
404
407
412
412
412
407
406
411
409
411
407
405
410
408
410
408
403
407
404
406
412
403
403
400
407
411
404
401
398
404
405
411
408
398
398
401
412
409
402
399
402
404
403
409
399
398
397
401
402
400
405
396
393
396
399
400
397
403
399
394
394
395
403
401
404
395
392
394
393
403
396
396
388
393
396
396
399
396
404
406
404
398
396
404
405
416
409
403
403
405
407
407
409
412
407
409
409
413
414
421
411
408
410
414
420
412
406
411
409
420
408
405
407
407
418
413
408
407
405
408
406
407
407
405
408
407
413
406
415
408
403
406
406
417
410
403
404
403
415
407
408
406
401
406
404
409
407
401
406
405
408
408
411
413
403
405
401
409
409
414
403
398
405
406
414
409
400
400
401
405
401
409
406
400
398
398
403
403
407
398
398
399
397
401
400
408
405
395
396
396
405
401
410
403
398
397
398
401
398
405
406
405
394
396
400
402
407
402
402
402
402
403
400
407
407
405
399
396
396
396
401
402
405
397
395
397
398
411
407
406
397
402
406
404
412
411
404
402
403
404
405
408
404
398
398
398
405
402
405
400
396
402
402
408
409
399
397
398
401
399
408
398
396
396
395
405
400
402
393
396
396
394
402
399
400
396
393
392
396
402
396
405
402
396
396
396
404
399
408
399
397
398
399
401
400
407
396
395
400
399
406
405
410
399
399
400
398
406
408
408
396
400
403
406
407
408
405
400
402
406
404
408
404
399
400
397
401
404
411
408
400
398
401
408
404
408
403
393
396
397
406
397
401
401
396
399
397
402
403
410
408
397
396
399
407
400
404
404
398
398
397
401
397
402
404
402
393
392
396
397
404
401
407
401
395
399
399
404
399
403
404
398
396
396
401
401
407
400
395
398
398
401
400
401
406
402
400
397
400
400
412
406
405
395
399
402
402
409
401
403
404
398
403
402
406
405
412
405
399
404
402
417
410
404
401
403
409
406
408
411
403
405
402
410
409
417
408
400
407
406
415
409
413
406
402
407
404
417
407
402
403
404
407
403
410
409
404
401
403
408
407
409
406
401
400
404
416
409
404
404
403
408
407
409
414
407
407
403
405
405
411
406
401
403
403
405
408
405
399
396
398
401
406
408
410
399
402
406
408
414
406
406
405
405
408
404
415
410
402
402
404
415
409
410
396
404
407
408
417
410
404
404
405
412
405
404
405
402
406
405
408
414
404
403
402
406
406
414
409
399
401
405
411
412
413
400
406
406
409
415
404
402
407
406
415
411
409
406
404
406
404
412
413
407
402
402
409
409
416
410
402
403
406
415
411
415
401
404
406
410
415
412
404
407
406
410
409
418
413
407
409
402
421
408
421
413
411
413
411
420
413
413
415
416
423
424
414
413
411
421
416
408
409
410
418
413
417
411
406
413
410
417
406
406
407
410
416
411
407
409
408
414
411
418
413
407
408
410
418
416
405
407
405
419
413
416
407
408
413
413
416
419
417
407
411
411
416
420
409
412
413
413
417
411
423
417
412
410
412
419
418
415
408
408
416
411
420
407
404
407
406
411
410
411
402
404
407
411
415
412
401
405
405
409
410
413
400
406
410
408
413
415
408
406
411
419
418
412
411
411
422
416
415
412
413
415
416
426
413
414
416
416
424
419
415
419
417
426
422
411
415
416
424
424
414
414
414
423
422
418
412
414
417
414
422
411
409
411
414
415
406
404
409
406
415
410
413
404
404
407
407
414
409
411
407
405
408
408
411
415
407
407
406
410
408
418
414
406
408
406
413
415
413
404
405
410
411
418
414
404
410
410
420
412
405
407
407
410
408
417
414
403
407
405
418
412
404
401
405
409
411
415
415
410
405
405
410
410
417
414
404
405
407
419
415
411
402
406
414
411
418
406
406
411
411
419
416
410
409
409
414
410
419
415
407
405
407
418
414
408
406
404
408
407
414
411
402
400
403
411
408
411
402
401
405
403
409
407
408
405
401
403
399
407
406
415
406
402
398
408
419
404
406
404
403
407
406
408
414
407
405
401
406
405
411
412
401
402
402
407
402
410
410
400
400
398
407
401
409
403
398
398
400
407
405
409
397
398
401
402
407
401
408
402
400
402
402
410
409
404
399
400
406
403
407
410
403
402
400
406
404
413
409
399
402
399
414
407
409
398
397
401
401
404
406
401
392
399
406
404
407
404
398
401
402
409
407
405
403
401
404
405
412
409
401
403
403
409
408
406
402
399
405
405
412
403
398
402
401
408
401
413
408
399
402
400
416
409
407
404
405
409
411
418
414
404
405
409
415
418
411
410
410
417
418
421
409
412
414
415
420
411
409
413
414
417
417
411
411
412
419
420
412
414
412
421
421
411
410
414
423
419
409
411
411
417
417
412
413
406
418
414
407
406
404
410
405
415
410
404
404
403
410
408
398
400
400
404
405
413
402
400
403
404
410
409
404
399
401
406
406
410
407
401
403
405
415
411
403
404
403
410
405
414
408
399
404
407
411
407
405
403
403
408
408
415
407
401
406
409
413
410
405
406
409
417
416
407
411
409
416
412
419
413
410
418
418
411
407
406
415
410
419
407
407
410
412
416
407
406
410
410
418
411
412
413
412
420
414
416
410
409
411
412
418
415
408
408
408
414
415
405
405
406
414
409
413
409
404
408
407
411
414
411
400
405
408
408
416
406
400
402
402
405
402
411
408
400
399
402
408
410
405
401
400
406
403
408
409
402
396
400
409
404
410
403
399
407
407
412
412
405
405
408
416
415
408
408
407
413
411
419
413
405
407
409
416
416
409
406
403
410
410
412
404
401
403
405
411
415
407
404
405
414
410
412
406
402
409
409
415
408
407
408
406
417
415
415
406
408
411
412
416
418
410
410
408
416
416
416
408
407
415
409
419
412
404
409
412
414
410
414
409
409
410
410
416
418
413
406
409
414
414
421
409
407
411
410
417
417
412
405
407
413
414
420
408
407
410
414
419
415
406
407
405
413
405
416
409
403
402
404
416
412
407
404
403
406
405
414
409
401
403
405
412
411
405
406
408
411
411
410
405
400
405
405
412
412
405
404
405
411
411
409
399
406
409
411
417
403
407
410
413
419
415
411
415
415
422
424
416
416
413
424
424
420
414
417
426
427
416
417
414
429
423
416
420
422
432
419
420
424
426
428
421
418
432
427
424
423
421
428
429
418
420
417
424
426
418
414
416
424
422
413
413
412
418
414
416
412
409
412
411
414
418
409
409
408
415
407
415
408
402
403
405
409
411
414
407
403
409
407
417
410
403
405
404
410
820
402
401
405
407
411
414
408
400
404
409
409
411
410
403
406
405
410
412
414
399
405
409
407
412
413
405
401
406
413
407
410
406
403
408
406
409
412
410
402
404
409
409
414
415
407
402
407
415
411
413
410
407
409
406
417
416
412
405
407
413
414
418
406
408
411
411
417
419
414
410
408
418
415
417
411
409
412
410
416
417
409
408
406
412
411
413
408
402
406
410
420
418
409
410
409
417
410
416
410
408
409
409
418
415
405
406
410
420
417
415
406
408
415
412
416
412
406
409
407
410
417
415
411
408
277
546
420
417
410
412
410
419
417
421
414
409
418
417
424
411
412
414
416
423
417
413
415
414
421
420
419
413
412
416
414
422
414
409
405
406
410
415
411
401
398
405
405
411
407
396
397
398
406
404
408
406
400
404
402
407
408
415
411
403
406
403
416
408
408
402
402
410
407
414
407
401
405
407
414
406
412
407
403
406
406
412
409
402
400
402
412
406
411
404
401
404
401
416
408
407
404
401
408
406
412
404
400
403
401
407
404
407
404
400
397
401
408
406
406
404
401
401
405
413
412
401
404
403
410
408
414
404
402
405
408
413
414
405
407
405
414
413
405
406
405
411
410
417
410
406
408
414
418
410
408
414
410
420
412
407
407
410
415
418
409
408
408
417
413
412
406
405
411
409
418
401
405
406
409
411
412
405
403
403
408
409
417
405
402
406
409
418
411
405
404
405
409
406
413
409
400
404
402
417
412
412
401
406
413
413
422
413
408
412
413
423
419
409
409
413
420
421
415
412
410
425
421
414
415
413
422
420
418
410
412
418
418
422
409
413
415
418
421
411
409
408
411
412
410
404
409
406
413
415
416
409
408
405
411
424
415
405
409
409
415
412
404
405
406
413
412
407
408
405
413
410
420
411
408
406
411
418
416
404
409
406
418
410
407
407
405
410
407
416
412
404
408
407
419
412
404
406
408
412
411
414
404
407
411
411
415
407
410
402
412
425
419
410
410
412
411
426
420
410
410
424
420
420
411
409
413
414
419
413
408
409
411
420
416
404
409
407
419
414
406
407
407
415
414
418
410
414
420
423
416
416
415
422
424
413
412
410
424
417
411
412
413
421
416
412
413
410
415
416
419
408
407
407
413
415
410
404
407
406
412
409
413
414
407
408
408
414
408
413
411
405
409
409
416
413
409
408
409
413
410
422
412
408
410
413
422
417
409
411
413
422
414
411
413
412
420
416
417
413
413
419
416
421
414
412
417
413
422
412
411
412
412
422
417
412
411
413
422
422
411
408
410
423
418
418
409
407
411
409
419
413
403
409
414
418
414
410
413
412
416
421
411
411
408
416
414
420
411
407
415
414
417
403
407
412
413
419
408
409
411
410
419
417
411
409
409
424
415
411
412
411
416
417
419
410
411
416
413
421
415
408
412
409
419
418
411
408
406
417
408
413
409
404
408
407
412
413
416
404
407
412
411
417
410
408
408
408
411
408
415
414
409
405
405
411
412
417
406
406
411
412
417
407
405
405
406
417
410
409
406
402
405
402
408
408
412
404
400
405
402
418
410
403
404
403
410
405
411
402
402
402
401
406
402
410
405
400
401
402
410
411
412
404
404
409
410
416
416
408
411
407
417
417
419
411
410
418
416
423
412
410
416
416
425
416
415
418
421
422
418
415
422
422
427
418
417
425
425
422
417
418
426
424
425
416
420
428
427
425
422
420
427
427
419
419
419
429
419
417
415
414
418
421
420
411
413
415
417
418
409
411
412
411
421
419
414
409
409
416
411
418
411
406
408
411
416
408
406
408
406
412
411
417
406
405
409
407
414
416
413
405
407
408
412
415
410
409
407
405
407
407
411
411
413
406
405
408
412
416
411
406
410
408
418
413
416
421
414
414
413
417
419
425
419
412
415
416
428
422
415
416
415
426
420
421
420
415
421
421
426
426
418
418
417
423
428
417
419
416
429
422
426
416
417
420
419
428
420
417
416
419
430
422
420
415
415
427
420
414
411
417
422
413
421
411
411
412
413
421
415
422
412
411
416
417
427
424
416
415
420
425
418
416
415
421
426
420
417
416
419
424
418
416
419
421
421
420
419
428
429
420
418
420
425
425
414
415
417
424
420
416
413
420
423
416
409
412
415
413
407
404
415
411
422
411
406
410
411
415
406
401
406
410
411
411
405
409
406
411
414
417
409
412
413
414
422
414
412
409
405
412
411
405
405
403
409
410
414
411
406
405
404
410
411
415
403
406
405
405
418
408
408
407
404
407
409
414
410
412
406
402
406
410
409
411
409
407
405
406
401
410
406
404
405
401
409
407
416
402
401
407
407
413
416
410
399
407
407
411
416
410
410
402
402
400
408
408
408
408
403
407
409
416
420
415
415
414
416
423
415
418
413
410
412
412
412
416
417
405
409
411
414
419
415
412
413
414
418
420
426
413
417
417
420
420
422
412
413
412
415
416
423
415
412
414
412
419
419
416
408
410
413
416
424
423
419
413
417
421
420
422
413
413
418
418
421
425
421
414
416
421
422
426
416
417
421
422
428
416
415
419
420
426
422
413
415
414
420
412
424
416
414
416
415
425
424
419
416
415
426
420
423
418
417
418
419
426
424
415
416
414
423
417
424
416
413
413
411
414
414
416
413
412
414
410
418
416
418
408
409
411
415
418
414
413
413
412
418
415
423
422
413
417
416
427
419
423
417
416
422
418
428
424
419
417
417
429
423
418
413
411
422
415
420
419
413
417
416
420
420
434
417
419
422
854
416
418
419
420
425
423
419
420
421
422
424
430
429
423
420
424
432
428
431
416
421
423
424
432
427
422
415
417
424
420
426
418
417
421
421
425
428
432
420
420
425
424
434
425
420
419
425
431
424
424
422
423
430
425
434
427
427
429
427
435
430
423
426
424
430
421
418
419
419
428
424
420
419
423
433
420
421
422
425
429
422
419
421
421
425
422
417
414
417
426
423
415
415
415
421
415
424
416
413
417
415
419
423
420
416
416
421
420
429
423
418
418
416
426
429
428
418
419
425
425
433
425
421
423
421
428
425
419
418
417
425
422
434
421
421
424
427
432
426
419
424
424
431
425
427
421
421
423
423
432
424
419
420
423
426
427
420
421
421
430
427
430
425
422
425
424
434
429
422
428
426
435
432
424
421
427
423
438
438
429
430
433
435
439
429
429
437
435
438
437
437
436
435
438
429
426
428
426
434
421
421
421
425
429
433
424
421
423
431
429
422
417
422
425
426
432
424
419
418
422
426
425
421
415
418
422
422
430
420
418
421
420
431
423
421
418
420
426
422
417
415
417
420
419
424
416
416
424
416
425
422
415
419
416
426
424
416
420
420
427
427
421
420
423
431
429
423
423
421
434
428
426
424
423
430
428
426
422
421
430
431
425
424
421
430
428
425
422
423
434
431
430
423
422
428
431
422
417
418
426
424
426
419
417
430
427
426
421
422
427
425
432
422
420
422
417
429
422
415
418
418
430
423
417
419
425
429
428
424
422
423
426
429
430
420
423
426
426
427
414
379
466
429
433
427
424
427
429
431
436
427
430
427
431
440
432
430
430
436
430
425
423
426
435
428
418
418
417
432
425
418
419
420
428
421
426
420
420
427
422
431
424
419
422
420
431
418
422
424
425
427
431
424
423
425
436
430
424
424
428
435
430
424
425
424
432
431
428
430
427
430
433
431
422
421
425
424
434
420
423
424
425
430
422
420
424
424
431
434
424
426
422
440
435
424
427
423
438
433
429
428
429
435
438
429
431
430
438
438
431
434
431
436
441
431
436
432
436
440
430
430
427
435
434
425
426
426
429
434
425
424
421
427
425
432
420
420
419
420
436
425
417
415
418
423
422
422
409
415
418
421
428
419
418
423
422
430
431
430
424
423
429
428
437
422
425
427
428
436
426
423
428
428
433
431
426
426
427
434
435
428
431
432
435
438
429
429
429
436
436
427
429
428
439
433
431
430
435
444
434
432
438
437
440
431
433
438
433
432
431
429
437
435
430
428
425
438
437
430
423
425
433
430
428
419
423
432
432
430
424
423
436
433
432
428
429
435
436
432
430
426
434
434
432
420
425
430
428
434
419
422
427
425
431
425
421
422
423
428
429
430
420
423
429
428
434
433
425
429
427
434
438
432
430
430
439
438
438
430
431
438
436
433
425
427
437
431
435
430
429
437
432
440
431
431
437
433
435
423
425
431
425
430
426
422
425
424
433
432
425
426
426
434
431
432
422
424
429
436
436
424
426
434
428
436
425
422
431
431
433
427
425
430
430
435
424
424
428
428
435
421
425
432
429
434
428
427
433
433
439
430
429
435
435
428
430
429
434
438
428
435
432
437
438
432
431
435
443
437
432
437
438
444
433
433
442
439
434
433
431
444
440
433
432
437
438
441
432
434
430
437
438
436
427
430
434
434
433
428
426
437
431
434
428
428
431
430
436
428
424
424
427
432
425
420
421
420
427
424
426
416
418
423
421
427
427
418
416
416
429
421
425
419
416
418
417
423
424
422
416
414
418
416
425
421
413
410
413
422
418
427
415
415
414
419
423
419
423
417
414
419
416
428
419
412
415
416
423
417
423
416
415
416
417
427
426
418
416
419
426
422
428
419
419
420
423
425
427
421
419
420
427
428
426
420
421
431
428
432
422
422
424
424
425
420
421
424
424
433
429
425
423
424
443
431
427
425
430
435
425
424
427
430
435
433
425
430
430
438
439
431
436
432
448
436
436
438
438
434
432
429
437
430
437
429
430
434
431
439
433
428
431
429
439
428
430
432
430
437
431
426
430
431
438
434
426
434
432
437
431
429
436
432
443
432
429
432
428
440
429
425
429
428
435
433
425
426
429
436
438
431
429
432
440
439
430
432
430
437
436
432
426
422
438
428
430
424
423
432
431
437
425
427
427
430
442
429
427
427
423
433
419
417
419
423
426
423
420
421
421
429
428
435
428
423
428
425
437
433
424
425
429
436
432
424
429
432
440
437
431
434
436
441
436
436
436
438
447
443
438
441
443
450
439
439
446
447
443
442
439
446
448
441
441
442
441
443
436
440
438
442
444
443
443
443
443
441
442
438
442
439
442
439
440
440
437
442
441
440
441
446
445
448
444
450
449
452
453
451
451
455
452
456
455
459
463
464
460
467
477
475
491
489
487
488
485
480
476
467
472
472
472
475
478
483
492
496
495
498
498
499
496
494
485
490
491
493
495
504
513
523
535
531
524
516
517
520
515
513
512
520
528
538
545
551
544
532
518
509
502
503
506
513
523
563
661
610
615
601
584
580
551
529
518
514
524
537
550
588
690
653
664
640
616
601
586
567
541
524
521
523
531
545
642
683
672
675
657
645
626
611
599
584
563
552
545
534
537
539
554
563
601
651
1271
593
572
570
557
554
551
559
564
573
572
563
561
552
552
555
553
557
572
588
608
594
572
564
564
564
568
570
579
580
580
576
587
605
650
708
692
690
673
656
639
616
606
596
570
572
582
633
718
688
672
679
677
667
650
642
632
617
597
596
616
708
723
716
679
663
653
652
646
635
625
609
594
589
587
586
590
601
607
609
599
598
586
577
572
584
597
631
686
706
712
715
691
671
656
642
642
650
662
669
680
697
645
696
648
636
634
624
622
630
628
640
642
656
654
649
638
634
622
621
643
695
744
699
675
653
632
612
586
581
584
592
615
648
685
693
683
668
660
649
627
604
591
583
595
634
755
783
752
729
712
688
672
659
647
652
646
681
732
743
768
764
732
720
695
676
650
646
644
656
703
711
721
726
710
705
686
661
646
610
605
602
607
614
654
735
758
752
731
697
687
659
638
625
627
634
650
654
675
684
656
636
626
619
615
619
619
617
616
619
631
653
700
718
721
724
693
674
640
618
605
604
607
617
632
655
687
694
667
665
640
635
616
610
604
599
592
592
592
601
619
644
677
727
724
704
677
651
626
620
623
641
683
740
790
767
744
734
716
698
682
665
656
657
658
671
692
698
692
691
689
683
681
672
666
660
667
702
740
728
723
711
702
693
686
688
703
729
733
748
748
731
700
683
669
660
653
664
679
736
770
766
761
760
709
707
688
678
668
679
691
700
722
735
719
687
687
669
651
626
616
621
629
643
663
694
735
758
741
722
707
687
680
672
661
652
662
696
768
759
756
757
745
741
721
697
682
682
686
688
733
770
807
796
783
771
755
729
717
695
682
681
679
693
716
739
739
751
764
771
735
725
711
696
677
676
671
682
710
746
809
832
825
716
853
783
765
716
719
727
750
767
754
777
787
771
737
750
751
748
732
741
757
756
757
755
758
753
735
748
736
727
700
706
701
706
738
757
787
747
712
699
679
679
690
708
734
646
839
735
730
721
716
714
713
722
709
714
723
704
730
728
738
721
746
738
744
718
737
739
738
725
711
697
678
681
680
688
688
698
687
674
655
647
648
656
673
684
706
720
713
694
694
676
664
654
661
679
734
806
781
810
829
808
763
742
714
701
683
693
702
729
741
784
804
809
762
757
743
728
702
710
700
723
752
802
850
835
794
771
742
699
696
671
659
648
684
758
791
747
762
747
721
711
692
681
606
688
643
649
674
719
768
795
802
790
713
828
767
732
719
702
701
700
725
741
779
800
817
784
798
743
718
698
678
681
670
675
673
657
692
733
763
735
725
710
707
694
677
675
675
691
712
742
768
792
805
753
743
729
715
702
700
689
691
702
702
729
750
768
735
752
753
748
714
718
706
701
693
721
740
768
752
746
740
760
762
757
749
760
771
779
813
636
899
801
798
769
739
732
730
742
757
761
776
763
739
725
703
688
683
651
654
697
740
804
832
877
814
750
813
753
714
707
689
689
722
737
799
840
840
816
819
800
742
742
724
720
721
726
740
770
784
791
798
798
778
759
753
743
738
724
728
719
693
693
709
725
730
739
746
736
691
689
669
655
654
684
711
741
783
777
766
763
745
699
663
631
621
618
614
624
676
725
742
729
745
768
739
715
689
669
654
629
611
613
618
627
622
638
649
669
708
728
751
748
729
692
675
659
639
651
666
696
694
655
715
669
668
667
675
685
706
720
727
728
727
716
707
725
747
741
751
747
747
711
718
696
696
684
652
661
643
643
649
666
701
720
727
758
761
721
685
686
678
680
691
716
751
801
822
822
775
833
801
775
751
743
748
737
773
817
861
836
835
787
755
704
645
646
626
627
635
659
665
653
634
639
647
665
688
705
701
692
681
656
637
636
640
656
679
673
680
695
698
691
684
681
666
649
645
636
633
622
630
623
638
653
697
705
714
668
658
648
645
641
644
651
642
636
616
618
639
683
745
779
719
707
689
681
679
665
681
714
770
757
698
684
680
675
722
733
741
714
711
702
702
707
711
705
749
783
827
735
826
743
738
724
696
676
683
708
809
861
778
749
751
759
801
818
810
784
745
738
722
724
795
848
866
867
710
942
824
821
822
781
782
798
795
787
832
848
782
823
725
742
761
789
780
798
802
841
819
763
785
810
850
856
776
741
767
800
862
938
909
843
841
866
870
883
855
841
847
847
812
871
869
913
925
831
815
784
747
722
735
790
878
878
854
861
839
802
748
750
759
787
822
830
867
802
813
820
795
745
708
725
729
779
814
838
870
867
619
949
821
766
762
757
759
811
856
832
820
838
858
826
762
739
729
743
744
819
849
871
743
938
837
803
785
781
782
784
811
823
844
827
836
875
865
812
793
788
792
834
862
889
842
833
805
783
711
710
701
721
738
803
842
818
813
813
806
822
818
786
780
745
747
766
772
811
855
914
882
908
910
759
958
785
739
704
688
707
752
787
845
812
817
822
827
777
774
781
779
794
804
825
853
829
823
825
797
714
710
688
672
659
648
656
673
708
697
750
789
790
743
745
714
687
675
674
668
676
685
692
701
673
648
650
635
632
641
666
781
844
791
933
863
867
819
809
792
775
758
749
750
799
869
879
911
900
891
768
938
847
815
761
753
759
792
756
710
2246
849
840
823
788
759
756
752
770
804
810
812
798
778
771
786
809
808
836
815
783
834
843
808
800
790
775
749
724
742
760
934
1042
957
944
869
847
817
841
895
847
1064
954
937
874
856
869
890
930
907
925
892
816
813
809
799
832
902
979
935
819
764
773
773
799
830
880
867
823
1051
938
898
894
872
839
774
796
818
863
921
802
1143
941
886
848
797
783
771
781
812
934
994
917
890
908
809
991
862
862
848
829
842
873
848
1024
899
899
857
824
820
837
806
855
894
930
872
867
856
789
748
734
743
806
909
933
907
903
860
794
796
775
780
801
836
877
909
875
787
769
731
700
690
705
708
765
815
847
848
808
942
832
784
766
783
840
935
862
828
979
907
839
813
733
688
661
645
651
673
744
768
831
842
795
801
805
796
773
738
724
703
724
759
829
851
868
860
616
958
844
805
772
742
738
741
774
821
821
868
794
885
797
777
729
743
746
753
732
770
790
813
830
821
840
834
812
815
803
786
745
757
765
813
897
882
849
841
842
820
794
778
780
770
768
767
827
930
802
1043
920
895
814
810
783
777
758
794
817
884
863
864
879
841
837
814
762
768
735
716
721
749
754
796
940
911
918
908
834
822
798
781
759
786
814
854
850
886
900
864
807
786
766
736
751
771
846
844
936
898
948
926
871
871
850
818
806
813
854
935
904
939
946
918
856
863
837
826
779
807
835
858
885
913
929
840
817
852
813
775
806
825
823
764
744
761
787
852
871
854
833
790
762
736
732
729
786
869
912
950
961
885
803
957
829
803
796
813
785
824
855
855
921
914
906
829
805
799
819
872
865
874
884
862
821
830
846
888
907
902
875
880
875
863
813
837
847
861
816
862
895
849
761
777
766
790
812
819
809
837
853
885
893
846
824
805
800
807
838
857
842
871
888
892
848
842
835
832
810
828
855
846
852
889
911
848
795
764
738
724
743
785
890
867
867
905
895
884
840
854
856
856
854
839
869
888
857
937
887
904
897
837
798
771
753
728
691
698
715
762
763
724
724
732
766
827
880
896
881
865
816
800
801
822
866
865
906
930
911
889
776
848
821
814
785
858
904
943
858
929
930
884
820
813
801
802
772
826
863
929
849
862
845
804
854
875
829
854
813
817
836
859
833
896
916
826
985
907
920
910
873
870
869
872
868
831
958
947
944
871
877
851
787
815
842
937
903
940
797
1204
1018
946
899
879
838
805
832
868
846
954
906
909
830
832
810
784
743
762
768
819
826
896
896
868
825
799
766
726
724
704
692
699
724
749
770
751
731
712
697
683
675
679
692
690
688
679
694
720
792
832
855
813
802
782
768
751
738
718
735
754
802
863
834
853
898
893
882
832
766
730
718
713
735
798
867
822
830
801
749
741
732
708
711
731
797
877
814
835
827
798
792
763
733
727
717
707
710
718
720
722
741
754
774
756
766
782
793
774
783
801
807
780
862
889
900
853
830
821
796
775
797
811
860
878
849
891
896
785
929
796
789
774
778
780
836
879
874
864
885
888
839
792
775
766
761
804
853
871
826
835
856
877
850
823
804
790
808
811
819
837
817
809
804
813
828
794
814
811
793
804
816
804
801
807
824
788
779
767
748
717
715
705
713
708
735
752
759
809
859
910
694
972
838
821
787
775
815
870
900
910
857
771
777
729
715
695
688
679
683
696
740
748
784
854
915
888
894
789
909
807
839
869
824
764
745
743
767
799
777
754
734
728
742
757
804
831
823
850
876
879
813
805
782
764
723
742
754
783
834
857
972
938
909
883
846
782
783
779
813
827
860
896
890
896
909
863
834
813
792
794
786
824
836
835
811
807
797
777
750
708
699
713
791
876
822
816
823
918
910
899
901
898
862
840
824
823
788
815
812
811
868
927
881
899
864
810
796
773
729
737
750
823
976
907
880
897
837
797
787
775
736
720
726
747
801
829
832
836
825
785
780
786
793
764
771
774
780
779
804
841
885
871
877
828
843
768
776
779
800
805
816
820
835
775
778
729
697
680
650
655
659
677
692
706
764
812
844
845
793
733
743
706
680
664
675
671
697
730
785
769
795
794
763
711
713
709
728
715
748
793
871
825
828
838
784
842
804
793
784
775
800
838
897
841
854
877
855
857
836
849
866
817
826
831
846
815
826
808
763
737
760
763
792
785
823
855
906
871
659
990
891
871
809
813
827
846
871
875
860
859
858
852
773
788
804
854
897
780
929
866
898
846
846
841
847
785
814
848
894
859
922
890
805
797
776
779
771
782
763
774
787
851
860
896
882
852
834
811
775
745
734
718
726
718
727
735
709
707
696
706
744
787
824
809
764
754
729
684
688
685
700
738
769
820
821
795
853
814
773
749
730
719
710
698
711
723
749
774
823
801
816
786
758
758
737
711
716
729
773
786
771
794
802
714
726
711
700
678
682
687
689
723
740
830
819
830
788
796
789
781
733
693
693
692
699
722
739
787
823
789
760
779
782
726
726
721
730
730
710
741
755
754
743
783
786
735
706
703
678
696
690
717
722
715
729
708
744
789
793
736
713
682
680
669
669
674
671
658
669
707
813
811
851
795
784
780
772
737
746
754
786
816
815
803
822
863
904
917
909
807
909
831
778
742
713
727
765
831
894
936
929
903
704
1005
830
754
728
753
880
1147
1139
1071
1027
948
885
860
857
863
867
858
888
908
946
917
870
807
789
780
795
811
861
900
948
920
931
807
955
789
785
761
771
854
1038
1149
1005
940
933
898
831
821
826
825
800
830
841
875
824
851
836
795
834
841
823
828
825
805
813
823
867
887
859
827
824
845
876
860
929
962
952
785
962
840
840
810
793
826
876
934
932
948
829
1000
852
848
836
815
804
819
864
905
879
890
975
932
871
880
864
854
813
820
846
876
967
894
891
888
862
802
826
811
836
821
846
867
860
840
816
809
812
819
794
811
825
828
830
792
770
747
728
702
684
671
665
664
671
685
691
719
739
778
793
797
806
808
813
829
834
795
882
862
881
851
835
817
810
774
746
746
742
785
845
816
825
813
799
754
745
736
727
732
713
730
744
775
814
831
806
812
796
769
755
743
741
755
799
787
749
735
734
747
751
756
746
739
729
727
717
718
722
733
753
786
799
813
835
844
832
824
808
793
812
825
836
843
796
808
805
821
834
792
794
802
822
841
836
809
811
811
825
843
847
836
785
786
782
792
818
803
810
815
815
826
790
783
767
766
770
767
761
764
754
771
764
791
814
829
843
818
803
770
736
700
689
693
713
785
863
858
854
854
803
748
730
715
699
679
677
673
681
703
745
813
875
844
843
827
793
743
735
725
742
771
771
784
823
858
849
808
786
771
754
746
729
735
729
746
749
779
812
824
824
768
744
720
704
693
686
666
671
727
782
849
851
848
829
812
821
837
831
826
781
789
792
838
924
910
808
952
901
890
849
852
836
821
817
784
810
908
1014
966
891
874
855
828
842
802
811
820
882
898
802
928
857
873
847
814
764
739
750
773
801
831
836
822
819
806
806
807
818
847
906
839
1081
950
897
808
778
774
791
854
897
854
851
869
885
891
857
791
780
779
809
867
901
854
820
826
792
763
734
737
713
709
727
734
739
750
762
785
822
854
828
810
816
820
838
827
811
836
845
849
839
810
822
824
854
850
817
804
803
841
851
826
799
807
832
831
815
764
771
766
777
816
793
810
810
817
820
780
787
789
812
818
767
762
754
764
794
775
773
795
815
846
816
829
824
823
782
740
707
708
721
798
897
927
903
836
815
793
788
792
798
832
861
841
791
804
784
769
745
740
726
713
702
692
688
683
685
694
714
718
739
768
796
853
836
888
810
791
791
804
805
799
784
776
780
791
812
818
849
870
887
880
819
807
797
796
820
831
862
895
900
883
823
812
799
800
784
775
756
755
743
757
772
810
793
766
767
762
763
780
771
770
747
733
705
709
714
718
711
713
719
715
724
739
772
841
862
850
860
852
828
776
765
745
737
725
716
730
759
819
865
847
825
829
825
830
795
784
771
773
774
787
815
851
875
840
842
805
749
726
695
694
692
735
877
933
971
882
860
808
757
729
701
704
699
712
731
772
890
878
870
857
819
802
792
797
804
820
848
872
832
819
806
812
790
766
756
780
802
806
785
779
770
766
770
778
788
762
766
767
766
751
739
722
723
733
709
727
746
788
799
769
759
742
733
742
741
726
739
750
781
816
843
825
784
799
784
786
785
771
771
800
844
919
932
871
870
873
859
840
815
819
817
823
794
797
809
796
802
799
801
781
776
775
772
776
761
792
815
842
828
815
810
805
791
767
751
729
700
703
724
791
914
928
875
859
834
794
754
735
728
742
783
808
816
857
888
905
865
844
854
864
844
793
789
786
799
812
781
798
797
783
760
724
751
769
852
867
858
836
811
810
805
820
845
852
864
869
870
851
916
854
851
855
870
876
878
877
814
886
803
805
808
773
759
762
775
827
854
819
771
754
720
695
678
682
688
713
737
775
808
791
765
769
772
771
741
751
763
818
884
790
972
891
887
838
824
809
805
823
804
794
828
890
835
880
822
791
768
758
767
759
734
756
766
784
799
802
826
805
794
758
732
723
687
685
683
697
718
721
786
805
850
832
802
805
763
731
714
706
705
662
672
649
633
628
626
631
629
621
632
646
680
772
828
778
765
813
854
975
896
870
907
825
1098
891
803
831
911
1128
1047
934
865
1171
1040
941
828
846
953
1067
1038
954
986
995
989
828
1047
905
886
839
868
916
960
938
944
855
1007
855
842
831
808
807
799
750
736
766
798
789
764
768
767
749
741
748
766
806
828
863
828
989
846
846
833
799
780
781
797
809
813
847
668
997
859
851
816
784
783
757
729
736
799
801
817
848
871
840
779
775
777
796
808
789
801
809
854
851
841
803
803
798
808
786
816
844
895
935
855
882
843
806
782
802
781
764
732
698
719
774
1097
1072
1003
940
854
785
776
770
786
801
827
867
886
896
898
880
825
824
833
828
795
811
827
813
794
804
822
852
866
812
806
810
828
762
870
814
825
837
837
836
863
825
841
854
857
854
819
816
837
841
844
785
777
748
762
845
999
976
888
813
845
876
903
911
830
771
760
799
772
1023
1037
999
899
843
862
792
739
734
716
696
687
718
708
729
715
758
745
739
709
716
710
693
674
662
658
651
646
650
646
648
635
627
624
623
646
655
680
698
693
733
751
756
744
732
745
761
759
726
741
730
703
661
650
646
647
663
675
668
658
654
663
692
746
790
754
767
782
799
771
750
775
789
819
756
771
806
837
798
752
775
795
813
782
750
716
723
734
786
787
728
717
692
668
659
648
640
629
629
638
677
771
810
794
761
862
854
921
888
757
965
883
865
851
921
867
1130
936
1000
1012
934
816
831
839
788
779
824
892
964
895
938
943
882
859
869
943
937
887
890
927
687
1009
911
921
927
883
845
843
858
885
813
770
793
800
858
931
933
903
847
836
839
857
885
865
864
918
905
871
871
855
813
754
790
826
835
787
740
733
752
827
882
890
862
807
771
758
754
764
795
795
796
787
809
835
901
913
888
837
788
740
733
729
750
779
805
799
829
719
986
844
769
761
738
722
708
738
731
755
806
860
860
807
809
815
652
872
761
772
797
810
796
838
860
810
821
833
856
796
787
774
783
766
729
718
710
740
769
802
780
793
790
754
717
709
688
677
662
651
641
645
662
684
714
795
860
879
854
801
759
759
793
882
930
814
957
853
885
890
890
856
870
884
910
913
915
851
851
880
711
1036
869
846
847
910
879
995
885
928
945
922
872
877
868
827
817
773
801
830
923
985
931
780
1001
916
901
882
841
864
909
903
863
829
829
840
849
865
866
860
826
814
798
803
779
772
777
818
870
870
837
800
794
809
833
847
834
798
788
762
776
777
770
732
724
712
737
778
819
783
729
680
680
670
643
638
628
621
613
623
642
679
767
815
785
868
815
806
798
782
782
798
784
790
816
793
815
815
840
856
861
822
780
706
689
699
755
863
855
953
868
885
881
854
956
913
900
836
830
802
803
800
860
861
819
829
845
659
937
817
821
848
894
862
1011
979
981
934
823
807
812
842
861
871
834
831
831
802
809
821
826
792
765
757
754
774
762
817
862
885
841
851
851
826
803
814
847
835
854
861
949
851
871
856
800
777
765
795
866
835
853
888
884
945
853
846
838
841
829
843
867
903
835
946
823
855
882
866
885
841
865
886
856
896
822
833
825
806
824
826
867
843
831
842
858
828
776
782
785
827
842
825
823
821
817
777
756
758
763
815
868
831
883
870
857
808
774
749
733
718
703
708
722
818
862
855
863
911
882
645
907
754
774
831
900
833
965
821
779
739
711
736
794
788
741
747
749
765
772
764
741
741
759
771
785
790
796
811
823
845
838
854
876
887
850
859
879
830
828
846
828
769
768
778
789
804
820
813
847
869
720
1015
905
903
836
794
747
720
694
716
741
798
848
844
790
892
855
852
808
732
707
694
684
688
698
783
880
784
933
829
851
849
800
750
734
744
753
750
744
744
729
732
708
687
697
689
700
707
706
682
660
660
649
655
671
675
686
704
766
880
945
847
855
884
911
890
848
869
886
895
843
865
869
855
834
852
848
836
816
780
741
748
762
771
790
783
805
843
921
915
877
894
880
911
861
858
841
802
814
828
861
846
820
864
884
937
858
804
790
791
794
810
803
845
892
918
856
866
792
772
750
718
701
744
823
917
950
920
749
997
904
838
807
780
766
799
856
936
961
939
934
865
860
857
856
818
855
878
909
859
876
879
866
853
865
885
881
848
947
899
853
841
839
848
797
818
845
886
849
879
903
920
877
834
820
824
809
790
794
834
901
917
775
887
811
796
744
747
747
828
925
924
936
890
820
801
760
725
709
681
671
663
679
700
798
855
888
894
894
896
852
678
979
873
840
834
886
903
906
940
863
999
881
882
828
804
811
854
955
924
913
923
899
830
805
817
866
869
922
965
946
862
857
838
819
780
780
782
835
896
854
874
886
886
812
822
812
828
786
807
826
829
797
750
713
695
694
733
864
976
929
887
850
820
785
750
727
718
711
722
778
818
835
833
853
820
802
813
820
779
764
777
829
884
841
836
896
866
880
690
1007
899
861
835
808
800
810
782
743
740
743
754
782
874
849
791
792
795
817
811
853
871
906
848
821
818
829
843
818
820
838
833
775
781
800
783
804
854
730
995
836
829
803
800
783
811
831
854
815
839
806
771
765
760
740
745
759
802
829
799
832
825
812
783
795
806
865
864
873
888
889
840
824
813
810
840
798
740
781
794
841
837
813
835
871
876
795
781
786
846
898
882
893
903
881
821
807
791
777
767
743
740
731
775
833
854
841
839
813
770
749
716
718
708
754
800
836
853
833
793
784
800
845
841
823
821
802
744
741
730
700
688
688
691
701
727
769
813
851
830
838
846
799
815
817
779
790
821
830
819
855
844
811
793
799
801
782
778
781
802
831
848
808
788
746
726
716
724
729
712
702
709
738
755
746
759
791
801
804
803
815
829
767
854
755
748
739
758
755
716
696
697
692
710
709
745
794
752
742
748
732
727
728
713
705
692
677
658
635
638
650
650
668
701
818
913
900
818
779
785
844
869
880
818
796
826
883
864
726
1082
914
888
912
919
965
896
807
921
889
936
885
846
856
932
922
867
795
728
690
706
752
835
881
947
811
989
858
760
729
725
698
712
847
862
1197
1034
966
934
936
916
907
819
914
868
985
1013
960
920
932
951
839
1025
859
860
975
999
927
921
836
856
820
815
798
826
837
861
836
863
848
818
771
785
845
873
901
813
824
837
855
840
879
960
942
896
900
909
892
820
825
845
875
841
902