1266
1211
1182
1309
1266
1261
1261
1143
1208
1306
1367
1340
1224
1155
1229
1310
1231
1229
1123
1209
1456
1407
1352
1256
1175
1269
1445
1396
1289
1226
1383
1369
1230
1149
1248
1442
1413
1292
1151
1268
1229
1193
1188
1354
1344
1271
1172
1178
1227
1328
1225
1163
1332
1320
1275
1194
1160
1313
1296
1218
1224
1302
1283
1264
1158
1265
1323
1249
1150
1208
1321
1197
1161
1247
1273
1180
1147
1277
1336
1241
1188
1246
1275
1284
1234
1253
1289
1317
1215
1205
1280
1387
1306
1267
1324
1329
1201
1285
1340
1266
1221
1301
1304
1206
1188
1266
1261
1202
1160
1317
1299
1202
1304
1335
1305
1119
1139
1336
1380
1286
1143
1130
1226
1343
1302
1302
1183
1125
1151
1255
1236
1261
1299
1251
1166
1113
1160
1226
1273
1135
1098
1152
1224
1282
1227
1131