716
688
685
664
662
661
666
669
666
660
660
660
664
674
694
705
733
787
841
827
828
842
862
854
884
850
803
796
799
839
857
895
889
908
899
826
856
882
973
1013
945
908
840
770
815
824
924
1017
968
967
921
902
857
856
834
818
782
735
773
688
698
682
671
651
634
622
615
604
592
576
568
565
550
548
538
529
520
524
520
513
503
505
494
494
487
489
487
480
486
476
477
485
473
473
480
476
473
475
473
476
467
473
476
467
474
474
470
474
473
472
477
469
470
478
468
470
481
469
471
474
469
472
471
472
475
468
474
476
467
475
474
473
476
471
472
478
467
470
477
469
469
476
469
474
471
458
481
469
469
469
462
468
468
462
466
469
461
466
471
464
471
475
464
471
469
470
481
470
475
484
479
479
479
481
484
474
477
478
479
481
478
479
489
482
487
490
495
491
493
493
484
487
487
482
485
479
488
484
479
486
479
480
483
478
479
476
477
479
471
475
478
471
476
474
473
480
474
471
477
469
470
469
465
465
465
460
463
461
461
467
460
459
466
462
465
468
460
470
466
463
465
465
446
474
465
457
457
458
454
456
453
451
452
900
457
458
457
458
455
461
456
464
469
463
465
467
469
463
466
467
462
463
459
457
465
459
458
465
460
460
465
461
457
466
456
460
457
462
456
459
459
455
460
463
451
461
459
454
453
457
456
456
454
457
454
453
462
454
455
462
455
457
461
459
457
459
463
454
462
462
453
460
462
462
457
462
462
461
461
462
461
459
471
462
460
467
461
459
470
461
458
466
461
455
466
459
454
469
459
460
469
463
463
474
466
466
475
464
464
478
464
465
471
466
461
470
463
459
468
460
457
466
458
458
463
460
459
464
465
462
470
475
468
479
474
473
479
469
468
473
465
463
471
460
463
462
461
460
458
461
454
458
455
453
455
463
457
460
469
459
468
473
467
468
474
461
466
471
458
463
470
457
467
474
465
472
474
465
473
468
466
468
470
460
470
479
473
475
479
474
482
476
474
486
477
479
489
480
480
482
479
483
482
489
493
486
488
487
485
492
479
482
487
483
484
485
481
490
485
493
495
483
488
483
482
493
479
481
485
483
483
480
480
485
480
485
490
484
483
482
480
486
478
480
491
480
479
485
480
483
478
482
483
478
477
479
471
470
472
465
467
465
462
463
465
459
473
462
462
464
461
462
465
463
462
468
464
461
465
469
464
470
478
468
476
479
473
481
475
473
479
469
470
479
469
470
476
467
474
483
473
473
485
455
493
478
475
475
472
476
482
470
474
479
471
478
476
475
479
479
469
479
477
471
478
475
470
485
475
473
484
476
479
487
477
483
479
478
480
468
473
476
469
473
473
470
476
476
472
477
475
471
480
471
472
475
467
470
474
465
463
470
462
459
464
458
458
463
459
459
473
468
468
477
475
471
484
473
472
479
448
489
482
469
470
479
471
469
477
471
470
474
473
477
470
475
479
472
477
479
469
476
479
468
472
475
469
470
472
474
482
479
481
492
483
488
486
483
489
476
485
483
479
491
483
482
490
479
483
487
483
485
486
494
496
492
503
489
490
498
486
491
481
487
492
485
489
493
491
501
492
495
491
495
496
482
485
483
478
487
481
482
490
481
484
482
479
484
471
482
474
465
481
474
462
468
463
464
464
458
454
454
453
453
455
453
449
452
452
461
450
450
465
450
454
461
451
453
459
456
450
460
459
448
459
460
453
456
462
463
465
461
467
467
467
469
469
469
474
466
467
466
468
467
465
466
466
466
467
464
466
462
462
462
461
456
466
452
453
465
452
451
454
449
446
451
448
444
449
452
449
452
447
459
451
455
471
458
461
467
460
459
464
457
452
454
455
453
458
458
454
452
460
448
455
459
456
458
456
458
457
452
460
453
454
465
459
459
467
458
458
466
459
461
464
461
460
465
461
460
463
466
457
462
465
454
464
463
453
456
459
453
454
457
453
451
448
462
451
452
460
455
453
461
455
453
454
458
450
449
457
449
454
452
461
455
455
468
456
454
468
457
455
463
454
454
463
456
453
455
461
449
456
456
452
454
447
460
453
453
461
452
454
457
457
454
458
462
451
298
447
531
471
456
459
451
448
452
453
445
457
454
451
454
461
454
450
452
455
451
445
455
445
447
454
450
448
452
459
450
458
457
458
456
450
463
450
451
466
457
461
468
464
463
472
463
461
464
465
461
469
463
464
468
466
463
462
470
456
463
468
454
458
456
453
452
448
455
445
446
457
447
448
453
449
442
451
448
448
442
443
455
442
446
449
445
442
449
456
451
458
462
457
461
462
458
457
456
464
453
452
458
450
448
457
457
450
448
452
442
445
444
447
441
441
452
443
444
449
448
442
449
452
444
451
449
456
447
448
452
450
444
456
459
447
457
460
449
450
454
460
455
452
464
455
459
464
466
465
467
467
463
466
462
458
461
462
455
457
462
454
457
460
452
456
455
458
450
449
460
448
448
457
453
450
456
455
447
450
456
445
443
444
450
443
438
453
446
444
453
448
447
451
455
449
455
450
461
448
450
458
448
449
452
452
445
451
456
440
449
438
450
441
440
445
442
436
296
502
466
438
437
439
438
434
433
436
443
434
433
438
440
431
432
437
444
436
432
443
441
433
318
495
462
442
435
446
443
439
438
437
443
438
438
442
447
437
443
438
451
443
443
453
447
444
447
449
440
442
440
451
440
439
441
441
434
438
435
448
434
437
438
440
435
435
436
439
435
434
436
444
432
438
435
441
433
433
438
438
434
439
428
440
433
430
439
437
431
432
433
438
434
432
437
436
432
431
429
438
434
433
435
440
436
437
431
446
436
435
442
441
433
438
431
442
435
436
438
442
436
441
449
445
448
450
451
451
449
457
450
451
457
455
451
455
457
450
453
458
455
457
466
469
465
479
481
484
482
483
483
488
497
499
501
499
496
496
500
505
504
502
508
514
523
527
531
521
522
522
521
517
508
505
505
501
503
508
510
512
510
516
517
514
513
507
498
499
506
515
528
533
535
535
543
551
555
578
614
634
626
638
659
668
645
615
603
586
580
573
583
597
598
606
604
611
625
632
620
633
636
629
623
623
615
616
630
654
655
639
636
625
612
612
629
667
700
687
646
629
628
639
642
638
636
619
615
605
612
619
618
612
607
626
648
709
933
758
714
689
668
661
723
710
715
728
743
729
699
675
668
673
670
667
682
715
726
726
688
754
692
753
665
699
671
661
682
691
674
666
663
646
633
642
670
709
732
674
664
644
629
616
613
616
618
626
640
651
666
671
670
652
641
637
633
626
614
613
610
600
597
593
584
578
584
600
614
611
627
641
650
646
651
658
650
635
632
636
641
629
616
609
604
597
606
627
646
656
671
679
674
656
674
663
657
657
645
637
646
657
651
654
672
705
742
734
715
704
678
656
638
631
625
630
647
677
744
770
716
699
678
657
645
636
633
655
676
688
699
669
684
654
651
640
655
669
654
656
632
630
621
616
595
593
590
582
580
588
595
601
606
605
612
604
597
591
583
577
572
577
575
573
575
570
580
601
616
610
613
620
627
627
624
624
613
608
604
605
610
617
614
620
626
629
643
657
654
631
622
609
605
609
636
775
799
794
801
777
745
722
701
658
633
634
627
641
681
659
692
705
725
729
740
733
727
715
682
656
643
627
623
631
649
683
729
719
713
723
733
721
670
665
653
648
643
653
647
654
653
667
703
694
716
733
730
734
740
732
729
703
671
644
626
620
620
626
694
726
739
776
796
813
827
792
776
741
720
685
677
692
719
688
731
718
733
701
668
649
626
610
607
614
636
664
661
669
716
752
745
744
694
697
685
671
672
728
729
769
811
815
821
795
729
744
675
726
712
724
730
678
696
700
746
740
757
767
780
761
757
742
761
778
801
813
808
808
799
780
776
778
765
733
747
688
753
747
759
746
740
734
742
743
747
741
729
675
668
657
664
673
734
761
817
846
846
856
843
821
792
722
714
684
672
648
650
663
709
674
723
719
670
662
661
654
656
632
615
615
607
601
600
598
593
587
587
577
577
574
564
566
561
565
564
566
560
564
564
570
573
576
580
589
609
619
623
614
610
604
594
596
588
590
588
601
606
613
642
654
661
673
668
658
653
650
638
629
622
618
621
633
639
649
678
700
703
691
677
659
643
645
635
627
632
631
641
644
646
661
653
663
662
659
660
658
646
641
646
636
648
672
673
672
673
665
655
649
635
636
614
594
589
574
568
561
554
546
542
534
525
519
521
509
514
500
502
498
495
497
491
487
491
484
484
488
479
479
479
479
473
477
477
466
473
474
470
467
464
477
461
464
465
466
459
463
461
468
462
463
470
462
460
464
467
459
461
460
471
460
462
466
467
460
464
462
464
463
462
471
464
462
472
470
462
468
470
465
467
462
475
461
460
465
463
458
461
464
459
462
460
472
464
465
473
470
467
474
476
465
472
474
475
471
470
483
470
471
479
477
475
481
479
478
484
485
475
482
484
479
483
486
476
479
479
470
474
473
468
469
462
469
464
458
469
455
458
460
459
453
454
456
455
451
450
463
451
450
454
454
448
452
448
459
451
449
454
456
449
449
448
455
446
445
449
450
441
444
440
454
441
442
443
441
448
440
443
445
442
439
439
437
448
443
436
442
438
444
434
435
438
435
441
437
437
441
444
438
440
439
448
445
438
440
438
447
441
441
444
442
443
437
437
441
439
435
435
435
444
438
435
437
436
444
438
438
441
440
443
441
440
448
449
441
444
443
455
446
444
447
445
442
438
439
441
439
438
437
434
441
440
434
437
432
444
434
433
438
436
432
431
427
436
432
425
428
423
432
424
421
426
424
433
425
422
431
426
429
423
421
426
423
425
419
417
421
419
420
413
414
416
411
421
416
411
414
410
417
416
412
410
410
416
413
421
414
411
418
412
424
417
412
413
414
419
418
413
412
409
417
411
422
414
411
414
412
420
414
411
413
414
415
410
419
409
406
414
404
415
412
406
409
405
413
409
419
411
409
414
410
422
416
411
412
412
416
417
414
412
413
421
413
424
415
411
420
415
422
416
411
415
412
424
420
410
416
416
417
416
418
414
412
419
413
420
416
413
415
413
422
421
413
416
416
420
420
416
412
415
419
414
415
413
410
417
415
411
410
408
415
413
403
410
406
412
411
401
405
404
414
409
403
406
404
410
411
402
405
405
411
405
400
404
401
404
400
404
395
396
396
393
402
397
390
394
393
394
395
399
391
387
393
391
393
393
396
391
384
396
389
393
390
394
389
387
394
387
395
389
390
388
386
395
386
396
389
392
390
386
395
387
394
395
385
390
385
394
387
393
394
389
389
383
389
388
388
388
393
387
384
343
428
391
386
392
390
386
388
385
395
386
396
390
391
391
389
397
389
397
392
388
392
394
394
387
396
395
387
389
390
390
386
396
391
384
387
387
389
385
391
391
386
388
383
387
386
390
386
393
386
382
385
385
391
384
389
383
382
390
379
389
383
377
383
383
384
377
384
379
376
380
377
380
380
384
377
375
377
377
379
379
384
376
374
377
375
379
378
378
373
373
375
372
375
373
377
373
372
373
369
374
371
377
376
375
369
373
367
379
374
375
377
374
369
374
372
376
372
380
375
369
372
373
377
355
394
377
371
371
372
368
374
373
372
378
372
367
372
364
377
367
375
373
370
368
367
369
364
373
364
372
370
372
364
362
367
364
371
367
372
368
368
367
362
369
367
369
366
371
371
369
368
366
368
364
374
366
375
367
367
368
367
367
364
372
365
374
368
366
368
363
370
367
369
364
372
366
363
367
362
367
366
369
364
371
367
365
363
365
369
367
368
362
372
365
366
361
363
366
364
367
369
366
362
363
364
363
363
366
364
362
358
362
359
365
359
367
363
358
356
359
361
359
359
361
362
361
354
359
355
358
356
360
357
359
356
354
356
353
361
354
358
359
359
355
349
357
352
360
355
356
354
360
356
351
353
354
356
354
358
354
360
355
353
352
352
354
351
358
354
357
353
356
354
354
354
348
355
354
354
352
358
353
354
354
348
354
354
355
351
358
354
354
354
350
354
348
355
352
352
353
360
350
354
354
346
354
353
354
351
354
353
357
353
350
352
348
351
353
353
351
351
350
356
350
353
351
346
349
350
352
351
352
348
353
351
353
350
349
350
345
351
351
351
348
349
348
353
348
351
348
344
349
349
350
343
354
346
353
350
345
348
345
353
347
348
347
352
347
341
341
350
347
344
688
350
349
342
345
340
349
346
345
344
351
344
342
342
681
345
347
342
348
344
346
340
341
677
350
342
347
339
345
342
340
340
341
343
338
345
341
347
339
342
342
339
341
336
347
342
343
338
347
340
338
343
337
342
336
344
338
342
344
343
340
333
340
341
342
337
343
339
347
337
342
342
332
342
340
347
338
340
342
346
340
339
340
338
342
335
348
341
342
337
345
340
337
339
339
341
336
343
340
342
338
344
339
335
337
337
343
335
340
338
339
339
341
339
333
337
338
339
333
344
335
342
334
341
336
338
338
332
336
337
340
334
337
337
339
335
343
337
334
335
337
340
333
338
337
337
337
344
337
336
338
334
337
333
342
337
337
335
342
336
336
334
336
336
335
336
337
338
337
333
335
332
342
335
338
334
338
335
328
336
336
335
332
340
336
335
333
334
335
331
337
334
337
333
335
333
327
338
334
335
332
338
333
332
332
659
333
337
333
341
329
331
334
330
333
333
335
330
338
333
331
333
658
331
337
332
335
331
334
334
323
334
331
335
329
332
332
334
331
653
334
331
326
336
331
336
331
330
332
327
335
332
336
327
338
331
332
332
331
333
328
336
331
332
333
333
332
313
343
332
334
322
343
333
331
628
364
330
337
332
334
332
335
333
325
330
331
333
329
333
330
336
994
323
333
332
333
328
335
333
333
991
327
336
330
332
664
331
324
329
294
370
327
333
328
335
295
366
331
322
334
329
332
328
337
327
331
331
324
335
327
333
331
658
327
331
327
333
327
329
333
321
332
330
331
325
336
329
321
332
323
334
327
331
656
328
326
335
325
330
330
652
327
329
325
333
327
329
329
321
333
327
331
328
331
329
319
332
325
331
328
328
329
326
329
326
332
325
329
323
429
479
399
324
330
328
328
328
325
327
329
325
327
333
327
321
327
323
330
327
327
327
330
326
324
327
325
331
325
327
327
326
326
325
327
327
327
324
328
328
324
325
324
332
325
331
325
328
326
320
330
326
329
327
327
330
323
326
327
329
323
329
324
325
329
323
327
328
328
326
329
327
324
309
320
354
322
330
327
655
322
327
327
327
326
329
326
324
327
324
330
321
329
325
326
328
322
328
326
328
325
328
326
323
310
343
331
322
330
322
655
322
326
326
329
325
329
649
325
327
327
322
328
326
296
354
322
330
326
321
314
339
330
323
295
358
320
331
321
328
327
322
326
326
328
325
323
324
329
326
326
322
330
325
324
325
328
321
329
327
324
330
327
331
323
333
329
331
325
331
330
334
327
329
330
331
336
334
336
328
336
335
333
336
335
340
334
341
338
341
334
342
341
344
335
345
341
347
339
346
345
349
344
347
348
352
346
347
350
353
354
346
352
355
348
352
352
354
358
357
359
358
359
362
358
362
360
363
360
364
364
365
371
367
370
367
371
373
369
375
373
378
374
375
376
379
375
379
378
382
378
381
382
383
384
383
386
384
389
386
388
387
390
392
389
393
392
396
395
397
398
402
402
404
403
404
407
410
410
411
411
414
414
412
413
415
414
412
411
415
418
412
413
416
418
419
420
417
422
426
422
426
429
427
431
429
432
433
430
433
436
433
430
429
432
429
429
430
428
431
429
434
435
433
440
439
440
441
438
445
438
442
440
432
439
438
436
437
435
438
439
436
441
435
442
438
440
446
445
448
450
450
449
447
454
446
448
451
446
449
448
455
447
456
456
451
452
458
453
451
456
455
451
461
457
457
456
455
459
456
456
459
454
455
453
460
458
458
463
464
465
464
470
464
466
468
467
470
467
467
466
471
471
470
479
481
485
491
487
491
483
495
490
489
490
486
487
487
485
483
483
483
481
488
488
488
496
488
494
491
493
497
494
491
498
500
496
503
504
507
510
515
520
525
515
521
525
518
523
527
531
527
528
536
537
535
539
527
536
530
533
530
532
544
542
544
551
540
555
549
539
541
539
538
542
543
538
544
539
533
534
539
540
534
542
539
537
534
532
528
523
518
523
521
530
534
539
538
544
542
544
546
542
542
544
542
549
542
545
545
540
543
554
548
564
561
563
562
566
559
572
557
564
558
557
557
553
555
554
548
552
544
547
545
543
541
538
545
542
546
541
553
555
555
550
559
557
553
558
558
563
560
571
568
583
577
587
581
581
582
577
581
579
583
584
588
586
591
589
588
578
580
585
584
590
586
589
599
591
604
599
599
593
595
588
592
589
588
591
588
585
584
595
584
591
599
596
599
600
603
606
598
597
597
590
603
589
589
595
589
598
593
594
592
588
601
587
590
586
587
587
597
591
590
602
589
594
595
595
592
601
594
598
595
592
596
588
585
593
583
581
592
591
578
573
582
578
580
584
580
586
583
593
585
589
595
589
587
596
590
587
599
591
602
591
595
600
596
594
603
592
592
592
589
600
589
595
594
589
587
589
589
593
590
596
591
588
599
590
597
589
594
593
588
596
596
596
598
594
594
587
590
584
586
574
579
572
570
565
567
563
566
563
564
557
558
560
557
561
554
529
534
575
519
571
516
576
518
579
527
584
546
594
550
599
590
574
576
576
578
579
548
596
571
535
592
535
589
537
584
575
572
577
580
584
587
591
564
620
592
584
595
581
552
600
579
551
605
551
619
589
588
591
591
597
589
563
628
557
620
587
599
590
589
557
625
594
557
628
592
558
624
597
584
590
548
604
586
574
545
599
578
579
552
603
552
567
607
552
604
589
552
597
546
599
547
590
573
580
553
606
548
607
593
590
569
620
598
604
571
630
592
593
558
617
596
553
604
551
618
593
602
620
645
647
654
652
647
647
648
639
636
603
659
636
637
643
646
654
649
656
658
662
660
660
657
658
655
659
661
664
667
671
673
670
666