1251
1215
1386
1389
1370
1301
1165
1122
1349
1502
1416
1147
1233
1415
1426
1229
1297
1462
1479
1405
1522
1434
1372
1347
1486
1450
1375
1505
1479
1390
1485
1501
1475
1584
1513
1419
1521
1524
1473
1615
1497
1482
1608
1559
1541
1404
1486
1550
1472
1355
1477
1534
1510
1453
1488
1435
1414
1520
1436
1338
1391
1613
1551
1451
1482
1480
1417
1487
1606
1518
1376
1419
1421
1319
1248
1428
1512
1418
1362
1521
1563
1479
1352
1317
1426
1435
1459
1355
1440
1526
1540
1351
1419
1506
1428
1485
1485
1331
1341
1420
1419
1295
1462
1525
1451
1435
1504
1461
1419
1429
1466
1382
1314
1462
1489
1369
1458
1425
1287
1416
1527
1432
1403
1455
1426
1337