1019
1016
1040
1099
1138
1096
1053
1032
1085
1072
1106
1109
1067
1072
1125
1154
1176
1141
1104
1196
1195
1171
1289
1135
1078
1114
1219
1254
1173
1123
1159
1328
1302
1245
1134
1075
1115
1206
1197
1124
1093
1102
1161
1188
1116
1054
1078
1173
1209
1164
1143
1178
1181
1184
1126
1074
1077
1143
1188
1243
1134
1135
1146
1148
1149
1107
1156
1207
1183
1180
1095
1073
1099
1194
1175
1106
1104
1136
1088
1087
1107
1199
1185
1211
1144
1099
1031
1040
1091
1228
1155
1099
1157
1203
1209
1120
1106
1133
1130
1060
1060
1111
1200
1167
1216
1266