948
913
928
959
966
947
926
918
945
964
981
972
1017
982
938
969
947
956
936
929
967
981
970
965
1001
986
1033
970
947
943
1005
1196
1149
1023
998
1042
1129
1125
1063
1039
1049
1089
1133
1123
1066
1052
1053
1029
1002
1028
1061
1056
1022
1035
1059
1148
1116
1033
1030
1043
1022
1018
1044
1043
1021
992
1042
1103
1047
1022
1015
1038
1050
1028
915
904
869
856
847
843
868
949
960
929
903
911
901
887
897
896
926
1021
1128
1172
1177
1207
1167
1098
1053
1146
1146
1053
983
1013
1037
1043
1157
1200
1159
1107
1133
1126
1103
1064
1086
1114
1100
1037