1280
1195
1305
1390
1351
1228
1241
1526
1417
1277
1426
1388
1341
1418
1387
1381
1415
1383
1364
1475
1504
1419
1396
1462
1425
1349
1458
1433
1370
1348
1437
1411
1306
1477
1410
1294
1351
1473
1378
1382
1462
1341
1187
1286
1392
1318
1373
1380
1286
1247
1227
1163
1238
1338
1393
1347
1346
1359
1284
1275
1362
1385
1301
1291
1459
1468
1351
1398
1389
1319
1448
1402
1323
1351
1439
1320
1251
1416
1472
1424
1355
1497
1410
1327
1408
1427
1267
1416
1359
1303
1438
1462
1374
1234
1328
1291
1248
1159
1192
1243
1198
1201
1215
1128
1064
1068
1122
1084
1162
1258
1227
1200
1268
1339
1380
1440
1306
1321
1380
1323
1228
1422
1486
1446
1478
1480
1273
1385
1520
1347
1259
1428
1438
1264
1292
1342