1143
1290
1267
1312
1316
1242
1267
1280
1261
1241
1226
1286
1263
1276
1271
1191
1060
1026
1327
1517
1366
1210
1220
1281
1259
1250
1178
1234
1205
1118
1121
1251
1266
1238
1229
1301
1352
1234
1216
1337
1295
1207
1275
1229
1160
1152
1348
1235
1177
1282
1230
1153
1243
1191
1079
1144
1247
1108
1163
1411
1240
1242
1278
1180
1182
1297
1244
1157
1145
1242
1281
1141
1146
1197
1174
1172
1323
1323
1238
1262
1202
1107
1142
1312
1238
1231
1234
1231
1159
1203
1197
1106
1114
1215
1166
1083
1208
1248
1194
1255
1309
1192
1195
1242
1185
1227
1292
1221
1215
1301
1253
1211
1190
1182
1145
1256
1294
1188
1152
1145
1029
1108
1173
1093
1150
1174
1152
1038
1059
1113
1083
1019
1133
1130
1165
1104
1106
1224
1178
1121
1160
1207
1147
1074
1109
1130
1138
1112
1118
1176
1081
1056
1298
1313
1181
1143
1276
1221
1173
1191
1235
1145
1248
1287
1220
1181
1259
1245
1154
1270
1266
1180
1268
1313
1229
1235
1231
1203
1168
1286
1332
1162
1193
1193
1119
1139
1197
1171
1106
1192
1194
1125
1124
1385
1348
1252
1313
1307
1230
1172
1241