956
1000
1019
973
1009
1033
1022
1005
974
962
923
940
1021
1024
1019
1039
1043
1054
1021
989
974
979
977
972
1021
1116
1066
1057
1098
1118
1047
1049
1098
1020
932
929
1023
1052
1015
1043
1062
1054
996
963
949
973
965
934
967
1018
1047
1008
1042
1109
1094
1050
1078
1138
1107
1047
1073
1101
1065
1080
1017
1013
1043
1005
1001
979
975
1002
976
1017
1041
1008
1000
1028
1011
996
990
1041
1024
1040
1106
1138
1063
1051
1098
1081
1033
1128
1227
1166
1089
1103
1095
1050
1113
1116
1021
1036
1044
1096
1047
1103
1096
1051
1079
1120
1110
1043
1068
1069
1080
1075
1134
1147
1117
1083
1101
1041
982
992
1044
1056
1053
1114
1097
1036
1035
1048
1011
989
1041
1092
1065
988
973
984
1091
1074
1057
1068
1064
1022
1031
1063
1156
1103
1044
1038
1042
1067
1048
1099
1088
1024
992
1004
1031
1024
1075
1106
1066
1017
1050
1089
1089
1041
1048
1023
1001
1021