980
976
979
977
964
932
913
924
974
1002
1042
1124
1143
1108
1039
1048
1081
1081
1098
1122
1053
1030
1061
1077
1066
1060
1090
1050
1028
1041
1054
1114
1126
1108
1123
1122
1048
1029
1028
1087
1121
1105
1077
1070
1089
1097
1116
1037
1065
1197
1056
967
925
889
893
886
879
922
1006
1031
992
945
892
895
885
907
919
902
904
931
994
1004
1007
1081
1000
992
981
979
996
975
954
946
947
958
975
1004
989
954
946
877
854
860
921
927
928
924
962
952
959
960
947
935
951
934
944
927
939
961
982
991
957
940
973
1032
1063
1028
1019
987
981
998
981
967
985
973
994
1008
1015
979
976
970
957
912
917
906
856
852
867
854
873
894
924
936
931
916
922
906
897
873
877
946
1009
1062
1031
1014
1073
1051
1049
1027
1000
1023
1030
1019
984
993
1050
1027
1012
992
1016
1004
969
977
1024
1012
1008
1053
997
1010
1047
1036
978
968
962