842
877
892
877
843
888
903
899
850
869
854
832
828
805
765
740
780
849
801
813
797
759
730
733
751
852
910
869
784
729
726
767
913
1052
1054
978
1036
862
853
851
862
855
887
933
866
1006
910
929
921
852
898
907
921
898
869
966
947
918
897
895
988
865
861
897
862
1962
1069
979
883
893
949
925
854
773
770
761
767
846
962
1015
657
988
890
880
860
811
760
774
780
813
879
884
825
802
817
895
887
871
834
828
838
844
857
867
664
982
824
839
836
795
741
707
730
763
976
1067
1060
755
1011
891
898
946
887
842
830
877
954
931
875
1004
897
888
800
790
782
810
873
960
984
848
1025
880
844
860
886
931
880
821
782
792
785
937
1048
1052
1017
939
849
813
806
825
860
824
841
830
819
805
781
854
856
896
968
986
859
974
876
855
817
780
801
922
1014
911
853
975
912
876
844
864
875
872
844
882
923
923
882
904
917
906
865
897
927
926
887
894
927
961
931
896
998
978
944
907
920
979
938
887
919
939
945
879
913
946
916
972
861
898
924
948
867
929
922
948
947
881
918
909
932
937
885
886
922
936
925
878
894
938
915
848
863
903
896
902
854
885
926
882
909
881
908
908
851
846
846
823
828
816
863
888
1016
934
869
869
881
654
961
818
850
881
907
814
929
905
903
854
871
904
842
1496
724
710
679
687
683
673
663
669
703
760
836
877
885
889
869
846
820
812
779
767
795
860
917
918
815
928
868
832
790
777
819
837
789
772
765
785
798
765
765
757
734
717
703
731
729
764
797
785
799
775
789
797
778
721
711
721
739
771
802
757
797
759
731
759
813
922
974
907
881
891
920
930
910
857
853
854
919
965
888
881
912
919
874
827
777
747
645
804
727
731
761
794
837
824
840
876
903
679
972
861
870
862
838
825
864
915
774
1035
930
916
861
809
786
751
720
718
744
789
852
840
816
778
792
817
791
739
695
679
684
722
866
850
885
854
864
843
788
790
806
826
792
758
752
748
728
699
704
704
716
731
816
870
819
804
791
813
840
815
838
910
899
986
872
884
872
806
776
803
834
808
798
853
840
772
722
703
703
675
645
644
649
661
686
711
705
637
805
752
782
789
757
780
803
823
785
809
822
867
808
823
861
863
816
824
908
997
891
876
847
951
802
741
776
836
921
888
950
983
801
907
797
815
772
736
758
794
864
704
958
833
865
913
889
810
899
872
857
804
854
917
932
876
909
899
879
764
738
761
797
885
861
787
806
871
915
853
779
792
816
777
752
804
855
871
827
818
921
925
924
745
952
913
952
900
776
907
959
995
934
807
981
974
961
881
821
949
1001
1024
967
776
934
851
934
876
1085
971
938
844
826
860
948
1037
793
1049
965
972
863
960
933
1030
803
1069
981
1008
1004
768
922
842
922
938
928
861
904
872
1084
894
795
784
817
905
1010
729
1063
938
918
917
887
779
769
785
853
869
932
938
937
956
975
852
923
832
849
879
896
913
894
930
948
905
849
828
832
803
841
803
791
784
811
839
852
831
790
789
779
804
861
865
883
964
953
881
899
916
941
951
906
887
927
857
879
860
889
814
811
770
777
761
768
760
799
839
838
852
885
892
853
632
918
816
836
814
848
893
987
989
823
1116
974
928
936
915
839
846
867
883
956
999
885
842
795
785
780
798
837
708
966
848
847
856
860
837
863
928
915
1004
932
913
950
896
908
784
723
736
818
952
1005
976
925
883
872
902
913
922
855
1026
959
907
844
836
851
866
847
839
863
863
861
777
769
714
679
660
652
630
640
647
690
722
701
708
725
757
664
715
700
682
645
646
648
624
604
592
597
589
569
575
564
563
560
559
554
546
555
565
597
648
640
721
854
803
744
714
667
639
622
613
604
598
592
585
577
575
580
592
621
729
746
755
759
714
700
681
657
664
660
702
719
711
697
687
662
653
654
657
653
661
665
672
700
706
712
729
704
721
660
663
654
656
653
662
683
740
773
732
736
764
775
753
763
773
810
782
818
906
932
850
907
921
813
791
805
851
954
876
901
945
870
856
873
884
810
792
807
1769
1035
978
918
951
1009
899
942
881
1012
922
988
1001
819
989
922
914
883
932
1127
976
928
966
920
1095
931
926
966
930
1019
943
1024
999
865
910
823
851
901
893
925
1024
831
1038
980
997
892
891
918
914
900
921
867
868
925
913
795
760
723
688
668
661
650
640
629
622
617
612
632
624
617
1259
681
736
771
768
704
709
696
685
688
696
699
724
713
724
733
712
720
722
691
698
697
688
688
688
675
676
691
704
714
745
809
806
849
828
769
743
725
702
706
691
664
695
744
722
719
695
692
682
667
667
663
654
646
675
698
742
746
777
738
733
724
698
694
676
646
646
638
644
691
760
853
865
632
975
862
783
768
756
731
721
758
835
865
788
746
729
706
692
680
666
654
640
635
635
626
623
620
630
629
642
665
664
689
739
757
740
727
696
684
668
650
633
644
660
722
773
810
860
823
776
770
762
723
709
680
660
648
675
697
721
733
705
700
706
713
716
696
708
718
839
784
809
868
873
651
886
772
760
735
732
753
774
748
718
727
756
782
811
769
746
751
754
768
870
906
896
818
763
765
836
892
827
892
809
792
783
780
741
729
742
783
912
932
831
804
840
873
921
887
813
802
757
904
856
815
784
754
749
731
699
697
698
728
794
844
819
849
883
854
790
781
795
896
1006
813
1071
932
938
932
873
995
913
931
875
896
811
800
817
820
814
828
849
813
806
804
813
797
770
762
756
755
750
729
744
779
813
845
832
867
895
817
842
751
759
766
771
751
756
774
781
773
796
842
831
835
854
857
806
787
768
758
752
790
843
890
883
916
832
979
843
852
862
854
841
864
883
845
906
877
871
856
826
847
851
844
810
785
790
812
804
817
830
820
750
764
785
812
785
788
813
827
814
822
833
828
824
836
841
828
812
786
777
771
774
768
716
726
729
727
708
758
793
806
857
894
885
830
870
831
787
780
771
732
755
766
774
749
783
798
720
459
950
769
844
961
925
837
777
763
727
712
687
677
644
662
617
617
640
639
648
652
648
633
603
632
621
632
642
642
643
628
617
608
611
609
628
649
617
728
688
689
660
637
659
647
635
617
616
618
616
606
610
620
635
650
644
662
651
632
611
610
600
585
578
581
581
589
600
599
596
605
625
638
669
653
657
658
637
652
652
639
633
627
611
609
602
598
591
586
584
577
575
579
585
590
649
647
683
687
675
662
648
637
621
610
602
597
581
586
614
664
711
783
722
704
716
727
695
679
677
693
707
718
738
742
787
864
822
786
791
774
760
745
729
746
794
851
833
787
763
736
728
722
710
696
681
678
687
709
682
686
673
680
695
706
704
707
705
698
692
688
701
710
675
692
721
735
733
745
813
896
810
955
780
740
756
776
769
756
813
909
985
918
847
792
768
766
722
705
710
746
803
784
857
805
830
782
721
694
694
707
747
835
846
825
854
873
825
789
784
776
752
791
870
893
856
793
774
763
774
769
737
715
724
755
857
852
854
790
823
821
793
802
846
757
1033
878
848
803
769
754
845
980
1047
980
882
802
771
760
764
774
737
695
676
678
706
849
969
784
941
784
784
770
741
745
751
778
818
790
758
725
709
704
683
694
713
758
779
787
800
812
791
765
773
750
720
712
725
704
713
750
847
846
817
831
832
846
811
785
791
812
836
854
846
865
857
893
811
788
785
771
708
702
693
679
662
646
646
641
630
616
630
645
661
668
653
637
636
634
647
672
669
644
627
635
642
663
679
688
658
632
615
614
618
631
651
672
666
636
615
601
594
594
592
601
624
691
754
732
716
659
641
637
646
661
658
656
640
626
616
631
650
667
676
655
648
650
651
658
668
647
637
626
623
638
648
668
690
675
646
625
625
639
652
689
729
690
670
668
665
652
640
626
607
592
587
582
583
609
680
822
823
755
712
656
640
633
634
626
619
613
634
657
703
810
735
696
666
662
657
670
670
653
638
622
619
631
646
686
716
677
656
664
662
671
595
728
635
637
649
684
736
795
740
700
697
698
701
685
660
666
692
729
752
723
716
731
745
740
696
663
653
660
687
717
705
684
697
705
694
662
639
629
616
604
604
617
688
850
882
719
821
703
702
693
672
647
648
673
723
832
761
632
850
723
705
656
639
630
644
684
754
826
779
726
708
713
717
719
711
685
654
662
675
709
796
784
714
682
634
677
688
714
751
719
700
704
716
747
749
681
662
654
653
685
761
829
743
715
709
719
717
696
675
653
648
655
677
688
678
670
684
691
708
701
674
670
668
673
676
681
662
660
672
696
695
693
667
680
688
681
652
630
587
639
604
599
616
667
801
822
638
873
686
674
658
666
674
658
651
647
668
703
770
791
777
704
661
652
643
646
662
657
673
698
736
713
651
657
655
665
663
667
634
627
622
627
632
633
629
642
685
746
813
749
688
670
656
660
679
649
671
674
689
709
742
716
688
647
623
618
621
641
661
675
628
615
605
599
600
627
713
807
792
758
724
671
648
639
628
644
690
727
685
670
667
687
711
728
709
683
655
625
616
622
638
687
763
813
730
684
660
659
670
673
661
646
642
639
647
670
663
646
629
646
644
649
648
633
613
604
601
603
634
694
854
810
734
684
651
650
654
671
707
728
685
680
681
688
693
700
665
655
665
681
686
674
670
667
682
704
738
712
695
696
713
727
738
706
692
684
685
657
646
634
644
645
635
606
583
577
567
553
558
555
545
541
536
528
515
514
508
511
510
501
515
497
497
488
488
480
474
474
472
475
485
475
468
474
464
463
478
464
468
471
457
458
465
454
457
479
469
465
473
462
460
462
461
459
469
475
462
472
467
460
467
459
448
452
457
463
455
451
454
450
447
466
451
444
454
458
447
450
449
388
1401
450
444
454
449
440
445
450
452
434
440
442
452
439
439
892
438
438
449
447
438
437
441
450
440
438
438
438
435
434
443
450
438
439
443
439
434
437
442
456
444
447
459
450
442
449
457
448
447
446
460
447
448
455
452
447
453
455
450
443
448
456
451
439
444
445
441
439
439
449
445
435
439
443
446
431
435
440
444
433
433
438
444
443
435
438
442
448
438
883
443
438
443
443
448
433
439
448
449
436
438
887
444
433
438
439
448
435
433
439
445
438
438
438
445
441
431
436
441
441
425
431
438
442
436
432
436
446
445
433
440
443
454
438
440
446
455
445
442
446
456
441
444
448
446
438
440
438
441
437
436
443
440
437
440
439
458
442
445
453
455
444
341
555
453
440
443
449
451
442
441
444
450
449
442
451
444
439
443
444
453
444
446
449
454
449
445
903
445
893
453
444
443
897
442
441
448
444
439
446
452
458
446
905
459
448
908
446
451
900
444
441
462
453
441
896
448
449
451
457
451
920
450
452
458
459
444
447
451
451
442
444
450
447
441
446
451
444
446
445
448
445
447
458
458
448
454
453
448
439
443
451
434
875
448
445
438
442
449
445
441
446
450
443
443
890
440
439
444
441
438
439
438
444
438
437
443
440
441
438
886
438
438
441
445
448
435
438
445
449
440
444
883
439
438
446
441
436
441
446
454
437
445
456
453
440
448
453
454
441
445
444
440
440
451
454
444
445
450
457
441
443
458
452
442
452
453
446
447
902
443
443
454
453
440
448
906
442
447
459
457
448
451
456
445
446
449
457
443
896
453
443
447
450
448
445
447
450
440
443
451
449
452
440
893
449
440
444
441
445
440
441
452
451
437
442
445
455
441
443
451
455
446
451
452
450
449
450
453
444
444
453
444
440
443
445
446
434
871
441
429
431
435
448
436
438
446
449
439
442
443
456
443
442
448
454
441
450
452
461
445
454
466
462
457
465
469
455
466
470
465
461
459
460
454
456
463
447
456
463
463
450
455
460
461
452
451
460
449
447
452
455
446
450
450
446
446
446
458
450
444
453
455
439
444
446
452
434
439
449
447
435
437
441
448
435
435
443
447
437
435
439
448
437
436
438
438
433
433
436
437
425
429
435
435
441
425
432
438
437
439
429
432
445
442
435
442
441
435
431
437
443
439
1742
435
431
438
444
439
435
434
446
446
436
441
445
451
437
438
448
450
438
443
438
441
435
440
444
444
446
435
439
450
449
438
437
440
448
441
433
435
438
445
431
431
436
436
433
432
430
438
438
432
438
434
439
434
432
442
436
429
431
431
438
432
426
426
856
422
414
419
426
432
418
417
421
424
429
418
419
426
422
429
424
419
423
420
431
424
418
417
420
430
425
413
419
419
429
423
417
417
419
426
423
424
418
417
421
428
429
420
418
424
430
429
416
418
422
850
410
418
425
425
432
421
419
423
426
429
425
421
425
425
430
429
421
422
425
433
428
418
424
859
420
422
424
429
431
425
420
428
428
432
423
418
425
425
433
426
422
425
427
438
431
425
430
425
434
419
420
424
847
422
419
424
425
435
424
422
424
432
431
421
422
429
432
429
415
422
433
431
424
423
421
436
431
425
427
428
435
435
427
433
430
436
431
427
433
430
433
427
426
429
436
430
423
859
434
420
423
427
438
438
427
430
429
442
435
428
430
436
438
423
428
438
435
427
423
425
431
432
420
424
421
430
430
420
420
424
435
428
417
424
427
433
416
421
425
424
427
420
418
422
421
431
419
416
422
424
430
413
417
422
847
415
413
417
416
421
421
412
412
414
423
422
409
414
415
419
427
422
415
419
425
428
422
419
418
430
426
423
420
420
430
426
417
421
423
431
431
424
426
423
436
435
427
429
428
434
435
426
429
429
440
429
427
434
433
433
431
431
440
435
430
435
434
438
438
429
433
434
438
428
429
433
430
425
428
424
432
427
425
429
434
435
427
864
438
428
428
431
439
428
424
429
438
428
427
426
435
429
421
421
854
415
414
425
426
433
419
416
424
429
433
417
420
426
429
427
419
418
435
433
423
421
424
438
433
420
420
425
434
429
418
423
426
436
418
423
426
857
422
422
428
425
433
427
422
427
424
433
427
421
426
424
433
425
420
420
421
433
420
417
420
421
430
417
412
417
423
429
419
412
421
421
429
419
413
418
420
426
418
414
418
416
422
426
416
417
416
422
427
420
413
416
423
423
413
415
414
421
415
416
414
413
419
417
424
420
411
413
415
425
421
409
415
414
422
419
413
414
411
421
423
420
413
413
422
425
422
418
416
424
421
416
413
412
417
414
420
414
409
419
848
416
415
420
423
425
419
416
423
421
431
420
419
423
423
430
421
415
423
424
428
408
415
421
418
419
413
411
418
416
421
419
413
419
416
423
424
416
414
417
426
424
411
415
415
420
422
418
414
413
424
423
423
415
415
423
846
419
417
421
423
433
423
419
427
431
434
418
423
434
431
423
425
424
438
429
426
429
430
437
434
427
432
430
439
431
428
431
431
440
428
428
433
434
431
427
423
433
434
427
425
423
437
434
422
427
429
438
424
426
431
857
424
423
430
427
434
424
420
429
432
429
419
420
431
430
420
422
421
435
427
419
423
423
430
430
421
424
845
425
421
421
419
430
425
418
417
417
422
851
414
418
421
422
427
417
415
420
422
430
425
416
415
845
422
412
417
417
424
424
420
419
417
426
431
425
421
420
433
433
424
424
867
427
427
437
433
424
430
428
435
428
428
429
431
436
429
428
429
429
435
432
425
427
428
438
427
421
427
430
433
421
422
430
430
423
421
419
434
430
422
422
423
432
426
422
424
424
431
427
425
425
424
430
433
433
425
425
432
426
429
425
424
428
432
432
426
421
429
431
432
423
421
429
430
435
423
422
427
424
429
424
422
430
426
433
425
422
427
425
431
427
421
427
426
429
430
421
426
846
425
424
425
426
433
427
423
423
424
432
431
419
420
418
431
425
421
421
420
423
424
426
418
417
423
421
422
415
411
415
414
423
424
411
415
415
428
423
417
415
415
431
425
421
419
418
423
422
431
422
416
422
423
432
417
419
422
423
428
429
420
422
421
433
432
419
423
421
437
432
420
422
423
436
431
419
424
426
433
429
423
428
427
435
431
425
424
427
436
433
424
422
426
435
429
419
423
424
431
430
421
425
424
434
434
427
428
428
436
434
425
430
428
434
431
424
427
428
433
428
426
427
428
437
433
425
425
428
437
430
422
426
428
437
429
424
427
431
438
422
428
431
434
444
430
432
437
437
436
429
429
436
440
430
432
432
443
440
430
431
435
442
430
426
435
437
434
425
426
438
438
425
430
429
441
434
423
427
433
438
438
427
433
433
441
425
429
437
431
434
430
430
436
438
437
433
431
443
442
433
437
435
445
425
430
436
432
430
428
427
437
431
432
429
429
441
434
430
433
433
439
436
429
434
432
440
430
430
432
434
437
430
428
434
438
430
426
427
436
437
424
425
426
437
429
422
422
425
428
422
417
420
419
425
424
418
419
418
424
427
428
421
418
425
428
435
421
421
425
426
430
417
419
425
423
428
426
420
423
422
433
431
420
423
423
435
426
420
422
427
431
424
420
427
426
434
426
418
420
854
424
413
421
423
432
423
418
421
423
433
424
422
425
426
431
431
423
425
426
436
435
422
428
872
424
427
432
434
437
424
426
437
434
421
429
431
439
434
424
430
431
437
433
425
429
429
437
438
429
429
429
441
438
429
430
429
435
429
427
431
434
446
428
434
440
438
434
431
433
439
438
432
435
436
442
441
432
436
434
441
430
433
435
438
432
431
429
438
435
428
431
426
435
432
423
426
855
422
415
417
417
422
415
424
415
413
414
415
423
426
423
410
418
424
420
426
417
414
418
415
425
425
420
412
412
422
420
416
411
409
413
412
417
419
413
405
410
417
415
419
411
409
412
413
421
413
407
411
412
424
417
408
411
412
419
420
421
410
415
419
421
423
416
414
418
417
420
427
418
418
416
423
422
429
415
416
418
420
424
420
414
420
423
430
428
414
420
421
429
421
420
422
423
432
427
427
423
420
428
430
433
418
421
430
426
429
424
422
429
423
434
423
422
425
429
437
426
424
431
867
420
424
435
432
424
425
424
433
430
431
425
426
432
435
434
427
427
435
438
432
427
427
438
436
425
424
428
439
436
422
428
431
439
426
424
429
433
440
437
426
432
434
441
425
429
434
433
434
427
428
437
431
430
426
425
431
426
437
427
420
429
429
435
420
425
428
426
431
426
420
423
423
433
427
419
422
424
432
427
419
423
427
433
423
422
434
428
430
424
424
428
427
438
426
423
429
869
427
427
431
434
437
426
427
437
432
434
431
431
437
438
439
433
435
446
443
432
437
437
450
438
434
435
430
440
427
422
429
432
438
425
423
428
426
439
425
423
434
431
425
428
425
433
427
423
430
434
426
427
434
431
429
428
432
433
427
427
427
427
432
423
423
423
430
427
419
422
425
418
414
415
428
416
411
412
411
422
412
402
411
830
406
404
407
828
396
401
407
403
419
414
402
402
403
408
409
404
402
397
406
408
408
399
397
407
400
405
400
396
404
396
415
404
400
402
811
403
396
403
401
408
406
396
400
405
410
404
403
402
402
403
403
412
409
400
400
401
410
408
400
397
399
406
409
403
395
396
402
406
408
395
395
397
401
404
402
396
387
390
396
394
402
393
385
386
389
392
395
398
395
388
390
389
393
391
397
398
395
392
390
392
394
398
399
396
392
390
395
396
402
403
399
392
394
397
401
407
397
391
396
396
408
404
399
389
394
398
400
406
398
392
395
396
401
397
401
398
393
398
394
401
403
400
398
396
396
397
402
403
398
397
396
398
400
405
404
395
394
396
401
403
406
395
393
396
398
410
405
402
394
396
399
405
411
397
395
397
401
411
407
399
396
396
403
401
407
403
393
399
401
403
401
405
401
394
393
395
406
402
399
391
391
400
388
413
401
399
391
392
396
396
398
398
394
396
392
396
388
411
398
390
392
391
397
394
402
394
386
386
388
390
391
396
390
392
393
387
390
388
394
391
399
397
392
385
389
396
394
399
395
395
395
391
394
393
399
400
401
389
392
393
396
399
393
398
396
391
391
392
396
395
401
394
386
391
390
394
390
391
396
389
391
386
389
388
401
396
396
387
388
393
392
397
395
400
396
387
393
390
401
394
394
392
387
393
389
395
396
399
395
390
390
393
399
396
397
396
388
391
389
403
399
395
389
390
394
393
400
395
396
395
390
391
390
396
396
399
386
390
392
391
395
394
400
394
385
390
390
398
393
396
394
388
393
388
394
396
401
396
388
393
392
398
393
396
396
391
393
390
396
398
402
401
392
392
393
398
397
404
394
390
394
396
400
396
396
398
392
397
393
402
400
407
398
394
398
398
406
397
394
396
395
397
395
400
403
396
394
392
394
393
400
397
387
383
387
393
393
397
394
389
389
385
389
386
394
391
396
390
384
388
384
387
387
394
392
392
382
383
386
385
390
389
394
392
383
384
385
388
386
391
384
398
395
385
387
385
396
391
396
385
386
389
387
388
389
393
396
394
384
387
390
393
398
392
393
393
388
393
391
399
395
403
394
391
389
393
397
396
395
393
385
392
392
400
394
388
390
387
390
390
396
396
389
385
386
389
388
395
390
390
388
383
386
384
393
389
396
391
383
387
387
393
386
392
390
383
386
385
386
386
389
390
391
388
382
383
385
389
387
395
394
391
384
384
386
389
393
396
392
380
387
389
391
394
391
391
388
386
387
389
394
396
395
389
387
391
393
400
392
387
388
387
388
388
388
393
389
389
385
387
385
394
391
390
385
382
385
382
391
782
386
380
382
382
384
383
389
389
385
377
379
384
383
389
384
390
387
378
380
381
384
381
389
389
380
382
378
383
378
387
384
391
381
378
381
377
382
377
392
381
384
382
377
377
375
379
382
386
378
385
382
377
373
375
380
379
385
379
382
382
378
373
376
379
380
385
377
387
387
384
376
375
381
381
386
380
387
386
383
377
376
380
380
383
379
385
386
386
377
378
382
381
385
380
387
384
380
383
375
377
379
389
380
386
384
379
381
376
381
380
388
381
387
387
383
381
377
383
382
392
384
389
388
382
385
382
385
385
393
392
391
379
381
388
386
394
387
391
390
382
384
383
386
386
391
390
383
384
378
384
380
391
382
387
386
379
379
379
377
378
389
384
385
375
379
381
376
379
374
384
379
387
382
379
376
374
378
374
383
380
388
382
378
379
375
379
374
380
382
386
382
380
381
374
376
374
379
377
389
380
382
380
376
381
377
380
377
382
379
387
380
378
379
374
376
378
381
381
388
380
384
381
378
378
374
382
380
389
381
382
384
378
381
376
380
377
391
380
386
379
378
385
377
382
379
384
381
392
386
386
385
379
382
382
379
379
398
385
389
386
380
383
379
386
383
392
383
391
390
386
379
383
385
385
392
386
390
386
378
382
381
388
382
387
387
385
385
376
382
380
385
383
387
384
386
379
378
380
380
382
381
389
387
381
379
377
379
379
386
381
385
386
383
382
376
379
380
381
380
387
383
383
382
375
378
375
380
381
387
380
388
387
378
379
374
381
384
388
382
388
388
378
379
379
381
380
384
381
387
386
377
377
375
382
376
384
771
388
386
386
382
385
781
393
388
389
387
393
391
401
395
391
392
391
394
394
401
399
391
394
393
396
393
399
401
397
391
393
398
397
404
396
394
396
395
401
397
407
397
394
396
395
407
398
400
395
392
395
391
404
398
394
392
389
390
392
396
397
389
384
386
389
386
395
390
394
383
382
385
385
389
384
388
385
384
383
378
377
376
380
382
387
387
387
375
379
382
380
384
381
385
387
390
379
379
383
381
385
385
388
779
383
381
384
383
388
387
392
392
390
378
384
386
387
393
386
391
389
382
382
384
396
386
390
391
382
384
381
387
385
392
391
385
383
380
383
379
387
385
392
384
387
386
381
378
380
383
384
389
382
388
389
378
377
380
385
384
389
384
387
383
382
383
379
385
379
385
386
389
389
389
378
379
386
381
386
385
387
388
389
385
378
382
383
389
383
385
387
389
388
379
378
379
385
383
389
381
388
387
382
376
378
381
380
388
379
390
387
382
376
379
384
381
385
381
389
388
387
381
376
380
380
384
379
387
380
383
383
381
381
377
382
377
386
383
386
385
384
379
377
381
378
384
381
391
382
382
381
378
377
381
379
382
387
381
385
386
376
379
378
381
378
385
383
388
385
377
382
376
378
378
389
379
386
386
385
382
375
380
379
379
382
389
382
386
384
378
377
376
381
379
384
382
388
387
381
379
377
377
376
381
380
394
381
391
381
378
380
377
376
379
390
380
384
383
380
378
375
379
378
382
380
387
381
385
381
376
374
378
382
381
385
381
388
387
380
378
375
380
376
380
383
386
380
385
386
379
378
377
380
379
384
381
389
388
384
381
379
381
380
382
382
391
387
384
383
378
378
380
379
383
386
383
388
383
379
379
376
378
378
388
379
386
384
385
380
376
378
379
379
378
392
769
394
388
381
381
384
384
389
386
391
387
383
382
380
383
382
390
385
391
389
384
387
380
383
382
391
385
388
390
388
389
382
386
380
387
385
390
385
380
385
383
382
378
382
384
390
384
384
387
378
377
378
383
383
388
380
380
382
377
382
380
383
380
387
383
391
381
380
381
381
383
383
387
390
392
380
383
387
386
392
387
394
395
384
386
385
394
389
395
394
389
388
388
392
392
396
394
385
390
387
389
389
396
395
384
387
387
391
388
396
395
389
387
387
391
391
396
395
388
388
389
394
392
398
397
390
391
389
393
389
398
400
393
388
387
393
391
393
396
392
389
386
388
392
396
390
387
386
387
389
387
391
390
386
378
380
381
383
384
386
386
382
376
377
378
389
378
381
384
378
376
373
376
376
379
376
382
383
381
370
374
375
373
375
376
381
379
380
377
375
375
371
370
374
378
376
383
374
381
378
378
373
369
371
372
372
372
375
374
383
378
377
376
371
372
369
369
374
377
378
379
372
378
379
376
376
369
373
368
375
377
380
375
382
376
377
378
373
365
369
375
375
376
374
380
377
382
380
378
374
372
377
372
374
376
381
380
384
379
384
384
375
373
375
379
374
380
380
383
382
382
375
374
379
373
375
377
384
378
384
378
381
380
376
373
375
378
378
381
378
382
382
383
381
372
379
374
379
375
383
379
386
382
377
379
374
374
373
378
375
379
376
382
382
382
376
372
379
374
374
376
384
378
387
378
382
382
376
377
375
379
382
386
377
383
383
381
380
373
377
374
385
376
383
382
379
375
370
368
378
375
372
378
375
383
378
380
374
368
374
367
349
384
375
373
376
372
377
373
381
373
370
375
368
353
380
376
369
374
375
382
379
383
376
373
378
373
378
374
384
378
384
383
384
381
374
376
379
382
382
390
386
387
383
376
380
377
382
384
390
383
385
385
379
378
379
386
381
389
384
383
384
375
380
377
386
380
383
386
383
383
375
379
379
381
380
385
386
383
377
374
378
376
379
378
388
381
383
382
377
377
374
380
379
385
377
384
386
383
375
376
380
379
383
378
385
384
383
376
376
379
376
380
379
386
382
380
379
375
375
375
379
379
384
379
386
387
380
378
376
379
375
381
379
389
384
380
379
373
380
380
379
378
387
381
383
382
377
376
376
377
379
382
378
384
386
382
374
375
380
377
380
379
387
385
381
377
374
377
376
380
379
385
380
377
376
373
372
373
376
375
380
377
384
383
377
377
373
376
373
379
380
387
379
380
384
376
376
376
379
377
388
382
387
387
382
381
383
386
387
394
392
395
390
387
389
390
396
391
396
392
387
390
387
394
393
399
395
388
391
389
393
394
399
395
388
390
388
392
392
399
396
391
391
388
389
392
401
396
391
390
388
389
391
400
396
394
390
385
391
387
396
395
393
391
385
387
388
395
396
393
390
389
390
393
396
396
394
386
389
390
389
396
395
394
391
386
388
390
396
394
395
392
386
390
387
396
392
396
394
386
383
386
396
388
394
393
385
382
385
388
387
394
392
391
382
383
385
384
390
390
392
385
382
384
383
388
383
391
390
384
382
381
381
388
386
378
388
385
380
380
378
376
381
387
384
387
384
378
377
376
380
379
384
380
387
385
378
378
374
377
376
384
378
385
381
384
379
376
379
375
383
378
392
382
387
385
380
380
381
386
385
391
389
384
378
380
379
381
396
385
387
385
379
378
380
386
381
385
385
388
386
378
379
378
385
380
388
384
385
382
377
379
380
387
383
388
389
387
381
380
381
382
385
384
390
386
384
381
377
378
380
389
382
388
386
387
381
378
382
379
383
383
390
387
384
382
378
380
381
390
381
389
387
386
383
377
381
379
389
384
391
389
385
381
382
384
382
390
387
390
388
383
381
382
389
384
390
391
391
383
382
384
384
391
386
392
391
383
380
382
387
386
389
389
389
386
380
383
382
386
385
393
390
386
382
381
382
383
396
386
393
391
384
382
383
387
385
394
391
392
385
383
386
385
392
387
390
388
381
386
383
387
386
394
391
386
384
380
387
387
390
385
393
388
382
383
382
383
385
392
387
388
384
378
383
381
384
384
391
389
386
384
380
381
382
393
383
390
389
383
382
379
382
382
383
383
389
386
382
380
376
380
382
384
378
387
383
379
376
375
376
377
382
380
385
384
381
379
374
377
376
382
379
382
380
385
380
375
378
376
378
377
383
378
385
380
378
378
374
371
374
379
378
383
377
384
382
374
374
373
375
373
380
377
382
382
377
379
371
375
375
375
377
385
377
382
380
379
376
371
375
375
375
373
378
375
383
383
381
377
372
378
373
379
378
384
377
382
381
385
381
374
376
377
378
378
383
381
383
376
375
380
377
381
378
384
380
385
386
383
380
377
379
377
381
384
388
380
388
388
383
379
378
383
379
385
383
390
387
381
381
379
381
379
384
382
391
386
382
383
379
382
379
386
384
391
386
384
385
380
383
379
386
380
390
384
379
382
378
381
376
383
384
391
383
388
385
381
380
379
384
383
388
387
390
386
381
385
383
384
387
395
391
387
385
381
384
385
395
386
392
391
386
382
383
386
385
393
390
392
387
383
386
383
387
387
394
390
385
386
383
384
386
395
388
390
389
382
381
383
385
387
392
387
392
386
381
383
381
384
387
392
391
386
387
381
385
383
392
385
392
390
384
380
382
386
389
391
389
391
387
381
384
384
387
381
392
393
393
383
382
384
383
389
384
388
393
385
383
380
384
385
392
383
391
387
382
381
380
381
380
394
383
389
387
380
381
381
382
385
390
386
390
388
378
383
382
384
383
389
389
384
382
381
382
380
387
383
394
385
382
382
380
383
381
389
385
392
389
381
379
379
382
379
384
382
389
387
378
377
380
382
380
386
383
389
388
379
380
379
382
381
386
389
389
384
380
381
380
385
383
389
384
382
382
378
380
379
391
382
386
386
380
379
377
379
378
381
379
385
384
382
378
373
379
379
382
376
382
380
379
373
373
377
372
374
373
383
374
379
377
377
373
369
373
372
374
373
380
374
379
379
373
372
370
373
373
373
373
381
376
380
374
374
375
375
375
373
377
374
381
374
382
378
372
374
371
373
374
380
376
383
378
384
379
378
374
374
382
377
386
376
386
381
377
375
374
375
375
381
377
384
382
381
377
374
378
375
379
377
385
380
384
382
377
374
377
380
378
384
382
389
384
380
379
377
382
380
389
382
387
383
375
382
381
384
382
390
388
385
381
379
382
379
388
383
391
389
382
378
382
384
381
390
383
393
385
378
379
380
387
384
389
388
386
382
382
382
379
387
383
391
389
382
380
379
380
381
386
384
390
383
379
382
382
383
385
392
387
383
382
381
380
384
391
387
388
386
381
381
380
386
385
391
389
387
384
380
383
383
387
385
390
389
382
380
380
382
381
387
384
387
385
376
382
380
380
380
389
382
384
376
377
380
376
380
377
382
378
383
381
380
377
372
372
374
375
376
379
375
382
380
379
379
375
373
373
375
374
377
374
381
382
379
377
371
373
372
375
377
380
374
379
383
376
376
372
373
372
376
377
381
374
383
383
380
375
373
378
378
382
378
383
386
385
377
376
380
382
384
380
386
389
382
378
378
383
380
386
384
392
390
380
382
382
385
384
388
388
392
383
383
384
384
390
384
390
391
382
383
382
383
382
389
385
389
383
378
379
379
379
380
389
381
389
387
379
380
378
379
380
392
380
387
386
381
381
376
381
380
384
381
387
383
379
380
374
379
377
382
379
385
384
380
379
375
374
377
381
379
387
381
380
378
373
374
376
380
377
380
376
383
384
379
375
372
376
373
382
375
382
379
380
374
372
372
371
374
375
377
373
381
376
378
375
372
368
371
374
369
378
374
380
374
382
376
376
373
370
373
373
374
374
383
375
388
377
373
377
372
376
376
380
379
385
382
382
380
373
380
378
384
380
385
384
387
380
377
381
381
381
384
391
389
384
384
379
381
382
391
382
393
389
382
383
382
384
384
387
385
394
389
381
387
381
395
385
394
386
383
386
383
389
387
394
389
390
389
383
382
385
392
384
392
389
386
385
380
383
384
391
388
390
387
381
384
382
386
386
391
391
384
381
381
385
384
388
390
391
386
380
382
383
394
386
391
389
383
383
382
386
387
390
387
391
386
381
383
381
384
384
393
390
389
384
381
381
385
387
383
390
387
379
382
382
383
384
392
388
385
383
379
384
376
390
390
393
390
383
384
383
384
386
392
390
388
389
380
383
383
386
385
389
390
392
385
383
385
387
391
386
393
392
388
385
384
388
388
396
393
390
385
382
385
383
392
388
387
379
382
387
383
388
385
386
390
388
382
378
383
384
386
383
389
390
386
376
380
382
386
387
386
383
380
377
379
379
381
377
382
383
385
379
375
376
375
376
377
382
378
382
382
378
381
372
377
376
380
377
382
379
385
383
374
377
375
378
374
382
377
383
379
376
378
371
373
374
380
378
384
377
381
380
372
371
374
377
377
383
377
379
377
372
370
367
376
375
379
372
376
375
379
375
368
369
370
370
370
374
373
377
372
377
378
372
372
367
370
367
373
370
379
373
380
373
380
378
374
370
372
376
372
378
377
382
382
377
377
372
377
371
379
377
390
381
379
380
374
378
376
379
382
387
378
388
385
381
378
377
383
384
389
382
380
386
379
382
380
386
383
386
385
388
384
377
379
381
387
383
390
383
386
387
382
377
381
385
384
390
384
385
385
377
381
378
387
382
386
388
383
380
374
379
379
382
378
382
383
383
379
373
376
377
378
378
382
382
381
380
373
374
371
378
376
382
376
378
379
379
377
372
370
369
372
371
373
373
373
373
379
378
369
371
369
372
368
375
370
384
373
379
375
374
376
370
369
372
376
376
380
372
380
380
380
374
372
371
374
379
376
381
378
383
382
372
372
374
377
376
379
378
381
381
384
373
373
378
376
379
374
383
378
386
380
375
379
375
378
374
382
378
380
384
382
380
380
380
374
379
381
384
378
384
382
373
378
372
377
373
382
378
382
381
380
376
372
376
374
375
377
382
377
384
383
377
375
370
373
378
380
378
385
379
384
378
372
374
372
373
373
377
377
385
377
379
379
375
375
372
378
378
381
378
383
383
386
376
377
380
378
380
380
383
381
388
379
376
380
379
382
378
386
382
389
384
377
380
380
380
381
385
381
388
383
380
384
377
378
378
385
381
389
384
385
382
379
377
376
380
379
386
381
386
384
385
373
377
382
378
382
378
384
380
386
380
377
381
374
379
377
382
378
384
382
386
373
374
379
376
377
376
382
377
382
377
379
383
378
373
372
372
372
378
376
380
371
380
379
375
366
371
374
372
376
371
378
376
371
370
367
369
366
372
373
374
369
376
374
369
369
364
364
367
371
372
371
369
375
373
370
372
367
364
368
372
372
372
371
376
374
375
375
370
368
368
371
371
373
370
378
369
379
376
375
372
367
371
369
368
371
373
372
376
373
377
377
374
372
369
368
370
370
373
373
372
380
372
376
374
371
373
371
372
371
378
372
378
375
380
374
372
373
369
375
375
378
376
381
382
379
379
373
375
376
378
381
384
377
385
384
376
378
375
376
379
385
379
384
383
385
381
377
379
378
380
381
390
383
390
386
378
381
381
382
382
391
385
386
385
379
380
381
384
383
388
385
385
383
375
380
379
383
377
384
376
382
380
377
372
372
376
376
381
373
381
381
376
374
367
372
370
375
374
377
372
377
376
380
371
371
372
369
370
372
379
373
379
374
377
379
370
371
370
373
370
375
374
380
374
378
373
374
371
367
372
371
371
373
377
373
381
376
375
377
371
370
373
377
375
379
376
380
381
378
376
373
372
374
373
376
379
374
382
381
374
374
371
375
373
378
376
381
377
381
381
375
371
370
371
370
373
374
376
372
376
373
379
378
371
368
369
372
368
373
372
379
375
376
376
372
372
368
372
373
373
372
376
373
383
376
375
374
371
369
370
374
370
375
375
381
375
381
375
382
378
372
376
375
376
379
381
378
382
383
375
373
374
377
376
379
375
380
378
381
381
372
371
372
378
377
378
377
383
378
382
381
375
373
375
377
376
383
375
388
378
381
378
368
375
375
373
375
387
377
380
381
377
374
373
379
376
381
377
381
380
384
379
374
373
374
378
377
380
376
384
379
381
380
373
374
371
376
375
379
375
379
378
376
377
372
368
369
372
372
371
369
378
372
379
373
377
374
369
371
368
367
370
373
370
377
374
380
377
377
375
374
371
372
372
372
377
377
380
375
382
382
379
377
371
375
374
373
375
385
375
380
380
374
373
373
376
374
378
377
387
380
384
380
376
380
376
380
381
381
385
386
382
376
378
379
381
379
384
382
386
381
375
379
377
380
376
386
380
385
383
381
375
377
379
378
383
379
386
385
382
380
375
379
379
379
382
386
379
385
388
380
379
378
380
378
386
381
387
385
379
381
376
380
378
383
378
384
379
389
380
377
378
374
381
377
385
379
385
384
382
375
375
379
375
382
377
387
385
381
380
376
379
378
382
382
390
384
384
378
376
379
377
380
379
388
382
384
383
377
378
378
380
382
386
381
386
387
380
380
377
380
381
387
381
386
387
380
379
375
381
381
382
380
384
383
382
381
376
376
376
376
376
382
376
382
383
378
376
372
376
375
375
374
382
379
378
377
371
372
370
373
373
375
373
381
374
384
375
377
376
372
370
375
377
377
379
377
383
382
376
379
373
378
375
380
378
386
385
381
381
375
379
378
382
378
385
380
388
377
373
381
377
380
377
379
380
387
381
383
379
374
377
377
375
378
388
380
384
382
374
380
379
378
378
383
380
387
381
380
382
373
377
376
377
379
387
380
385
382
377
376
376
381
381
383
381
387
385
381
379
375
378
373
384
384
386
384
382
380
374
374
376
378
376
382
378
385
380
379
381
373
376
374
377
375
384
377
385
382
377
376
373
374
374
381
377
381
379
383
377
375
375
372
377
378
380
377
385
383
379
379
374
374
376
379
379
383
380
386
385
378
378
376
378
378
384
380
386
383
386
385
377
379
377
380
380
382
379
387
386
377
379
376
380
379
385
380
386
380
381
382
377
378
377
379
380
386
378
386
384
378
378
375
377
378
381
381
385
380
384
385
378
378
378
380
378
384
381
387
384
374
379
379
381
380
385
382
385
381
374
375
379
383
381
384
384
388
385
382
382
377
383
382
386
384
387
387
380
380
379
379
379
387
378
385
385
380
380
377
377
378
383
380
387
380
386
386
382
381
378
381
379
380
381
392
385
388
377
378
381
380
381
381
392
381
390
387
384
378
383
386
384
389
386
391
390
385
379
386
386
384
392
385
394
382
383
383
380
380
382
390
380
387
386
381
382
375
379
381
383
381
381
383
385
384
376
377
377
378
379
382
378
384
384
378
377
372
375
372
376
374
377
373
381
378
375
376
371
374
368
373
372
371
375
382
373
383
381
376
375
371
375
374
375
375
381
376
383
382
380
378
373
377
376
376
379
387
378
387
386
381
382
376
381
380
382
382
389
386
387
381
379
386
382
386
383
387
384
388
381
375
384
379
383
382
387
384
393
388
381
379
381
385
383
388
386
390
385
382
382
378
386
386
388
385
390
383
382
383
383
382
383
395
384
392
387
383
383
383
385
384
393
385
395
392
385
383
387
388
386
401
395
393
388
384
386
385
390
386
394
393
383
385
384
383
386
394
388
391
388
384
385
384
387
390
393
394
386
383
386
392
389
394
390
383
384
384
385
388
392
391
391
388
383
386
385
392
386
396
391
387
389
387
389
389
396
394
392
389
386
387
389
396
395
396
392
387
390
392
395
389
400
401
396
389
390
392
393
396
394
395
388
386
388
386
390
387
393
393
392
385
382
382
383
390
383
384
382
381
382
378
380
380
385
381
384
385
384
379
375
377
374
376
378
385
374
381
379
380
379
373
371
372
372
374
381
373
376
373
381
381
376
373
370
375
373
373
375
380
377
383
377
384
382
377
377
373
374
377
382
377
380
378
384
378
383
380
386
379
380
378
373
379
376
376
379
383
381
382
384
389
381
387
385
387
385
380
382
378
378
382
384
379
384
384
392
383
390
388
387
387
382
383
381
384
381
382
385
390
388
392
385
391
392
387
382
383
387
384
387
386
384
391
395
385
388
390
397
391
385
387
386
388
388
388
392
394
391
396
396
393
393
389
390
393
398
395
399
397
399
396
392
393
389
396
394
397
396
396
394
390
393
394
396
394
396
396
397
391
391
392
393
398
397
404
396
398
394
391
392
393
398
398
401
396
392
397
397
404
403
410
402
403
401
397
397
398
405
401
406
398
398
398
396
399
401
401
399
397
394
395
397
401
405
401
395
394
395
398
396
401
396
393
394
395
399
396
400
402
402
397
391
395
396
401
397
401
396
395
396
392
392
391
390
394
397
397
399
396
393
389
392
393
395
398
400
400
397
395
396
392
402
403
404
397
397
396
396
397
401
403
400
390
396
392
401
396
397
400
396
389
389
392
394
395
390
396
389
392
390
386
391
387
391
397
396
393
387
390
389
393
390
396
393
395
393
385
390
390
391
394
400
397
395
386
387
392
391
396
393
392
392
390
392
392
396
397
400
397
393
395
393
396
395
398
396
400
400
394
393
393
396
397
399
399
399
396
395
398
396
401
407
410
400
394
397
397
405
396
398
397
400
394
391
394
394
402
393
400
396
398
392
394
397
393
397
397
394
392
390
390
392
392
389
398
392
395
393
387
392
388
393
390
394
391
398
390
395
392
390
386
394
390
385
393
388
394
394
394
394
390
391
392
393
391
395
395
396
394
395
396
394
395
397
403
399
402
403
402
401
396
399
396
407
401
406
403
399
395
394
396
401
405
401
405
403
396
397
398
406
401
407
407
403
399
403
407
409
412
410
406
404
404
406
409
412
411
415
410
406
408
408
414
413
418
416
408
408
409
416
411
415
415
412
407
407
414
412
413
425
420
412
411
416
417
425
420
415
411
409
415
412
416
417
418
409
409
409
414
419
409
420
416
412
410
410
424
413
421
416
411
411
408
421
412
419
412
404
406
407
409
407
410
412
414
402
408
414
413
418
421
416
411
413
412
417
421
421
413
412
408
413
414
421
415
418
411
408
407
409
414
407
416
416
407
410
407
418
416
418
418
414
412
411
412
417
420
419
415
414
414
419
417
422
425
417
414
415
425
417
422
417
412
415
416
420
416
414
411
409
413
410
417
414
422
408
409
412
413
416
412
419
416
409
411
414
418
413
421
420
411
415
417
421
418
423
416
414
415
419
426
422
424
416
416
417
421
424
422
421
416
416
420
421
427
424
417
411
411
420
414
420
412
412
415
414
421
420
428
424
419
420
423
430
428
426
420
422
425
423
430
426
418
421
420
425
427
429
421
423
431
428
433
427
425
428
428
434
434
424
425
428
432
433
425
424
424
432
433
428
429
427
435
436
432
426
424
436
429
426
423
422
425
426
432
428
420
422
425
430
425
420
420
420
426
424
431
432
425
423
421
430
427
435
428
423
424
427
432
430
424
424
423
429
426
436
425
422
424
422
430
423
417
418
419
424
418
429
423
419
423
426
428
431
426
422
418
432
428
430
425
422
423
424
433
430
423
423
420
425
425
431
431
422
422
423
433
429
430
425
423
427
428
437
435
426
427
427
440
434
428
426
429
434
428
438
430
427
426
428
435
437
427
426
426
437
432
426
424
428
430
426
435
429
424
424
429
434
429
421
425
425
430
431
425
421
422
428
426
431
427
422
422
420
428
426
431
425
422
424
423
426
424
431
431
422
420
420
423
423
427
427
430
420
419
421
425
430
424
431
425
422
423
425
430
432
421
421
422
426
423
431
423
419
420
419
422
423
430
428
423
418
420
422
425
427
423
422
419
417
417
420
426
423
427
423
422
421
418
421
423
429
423
430
420
420
422
425
425
427
421
418
417
426
424
433
420
418
421
425
429
431
423
423
423
427
426
434
426
424
422
427
429
425
428
425
423
427
423
427
428
422
414
417
423
424
427
424
424
422
422
425
427
432
432
424
424
426
430
428
435
423
423
424
426
432
432
429
423
425
431
426
433
426
423
421
423
431
426
424
421
418
423
421
423
423
429
423
421
424
424
430
430
421
420
422
424
421
431
423
419
419
425
427
423
426
425
422
425
424
429
425
433
431
423
424
426
429
424
434
429
422
422
426
435
427
431
429
423
426
424
432
428
429
427
421
421
420
425
426
427
423
421
423
422
425
426
431
431
428
426
425
430
429
431
433
436
425
422
426
426
434
430
429
424
426
431
427
433
433
427
427
426
431
425
433
424
420
419
423
425
421
431
425
418
417
419
428
423
426
420
416
419
415
420
419
429
422
416
415
414
423
414
419
417
413
413
412
418
419
422
416
416
417
417
419
419
426
427
417
414
418
425
422
430
424
420
421
422
431
427
422
421
423
427
425
434
431
423
426
425
437
432
428
426
426
430
429
437
428
425
429
431
435
429
423
428
428
435
434
433
427
425
438
431
436
428
425
432
427
437
426
424
430
426
438
435
425
428
430
438
434
426
429
428
434
434
431
425
424
433
432
432
425
421
423
423
432
426
420
422
422
436
429
424
424
425
432
427
433
425
427
428
430
434
432
423
425
425
430
432
430
422
424
430
427
434
425
422
425
427
429
432
426
424
422
430
430
430
418
421
425
424
431
422
419
421
422
425
427
425
421
417
420
420
421
423
420
412
411
415
416
426
424
422
413
416
422
422
427
422
417
420
417
422
421
429
421
416
420
421
431
427
419
421
425
429
423
431
424
424
427
426
432
435
430
426
427
434
433
435
422
424
432
427
438
434
427
430
428
438
431
427
425
430
434
433
425
426
426
432
433
426
426
425
432
425
434
425
425
427
427
433
431
422
423
427
432
425
422
423
424
429
426
432
424
422
423
423
438
428
423
421
421
426
427
417
417
420
423
417
427
427
418
417
418
430
422
420
417
415
419
418
425
425
418
417
417
422
417
427
425
416
419
417
432
427
422
420
420
425
423
429
428
419
422
422
433
429
424
423
424
430
426
435
424
424
424
429
432
430
427
426
426
435
435
440
432
433
440
442
438
436
433
443
442
438
437
439
443
440
438
438
438
447
443
438
437
438
443
444
436
438
437
443
442
434
436
438
444
439
433
435
437
440
443
433
435
436
442
439
431
434
433
436
439
430
433
430
438
438
438
430
429
435
431
438
427
424
431
426
435
427
421
425
425
431
426
426
421
420
428
430
433
429
423
427
427
434
433
434
427
427
432
430
438
428
425
429
430
436
433
427
430
433
437
438
433
429
429
436
438
433
430
426
439
434
431
429
430
439
436
432
433
431
439
436
438
432
429
434
434
437
427
429
431
432
434
429
431
433
433
437
432
442
440
438
442
436
439
438
439
438
442
440
441
441
442
441
438
441
444
442
440
445
448
449
452
450
451
451
454
453
455
452
455
455
452
453
459
460
461
464
467
467
470
470
470
481
486
488
491
495
497
512
513
503
504
501
495
488
486
484
479
479
479
479
488
505
538
654
666
593
555
532
515
513
516
516
520
525
533
1102
637
646
599
566
538
528
522
511
512
509
506
504
505
507
514
518
534
552
563
557
552
543
534
522
515
512
511
510
512
517
523
536
549
556
553
559
568
568
559
548
543
540
535
531
540
540
541
540
554
563
568
563
568
563
553
542
548
549
552
555
567
590
601
597
602
600
582
568
563
560
556
557
555
573
595
624
633
631
628
611
589
577
573
568
566
571
581
591
604
621
640
632
606
593
576
564
552
551
549
544
539
537
533
538
535
537
536
539
536
545
553
562
569
577
597
606
625
619
608
600
593
580
572
574
580
594
621
708
769
697
659
640
621
601
588
577
571
571
569
569
572
583
635
886
751
754
723
723
714
670
630
616
613
604
598
607
604
603
592
602
604
610
614
603
611
594
589
583
581
578
592
593
602
610
629
659
664
649
633
617
603
596
594
592
608
618
633
686
707
675
647
620
595
581
574
580
587
604
634
668
680
669
646
632
624
618
615
614
611
617
618
644
667
670
663
672
663
646
618
600
587
568
561
561
589
933
782
866
798
777
759
735
644
623
611
618
656
757
820
813
776
781
758
751
728
659
646
630
634
642
670
712
713
685
667
653
631
621
618
617
617
636
671
773
787
760
725
695
658
650
639
641
643
660
688
734
721
713
708
677
662
629
608
591
580
575
565
562
556
550
547
550
549
550
551
552
555
558
557
560
559
556
552
552
551
553
543
539
547
541
535
532
537
537
538
542
551
568
597
626
616
607
600
604
604
595
591
586
595
605
637
655
664
676
699
708
659
642
632
629
624
635
654
669
654
654
662
672
659
653
644
647
637
644
661
728
748
773
780
766
696
682
660
659
664
695
753
911
778
775
774
763
744
720
690
676
705
713
767
834
794
789
789
791
784
738
728
725
733
768
762
759
773
792
768
733
756
713
690
646
624
619
643
713
820
842
806
768
762
745
691
667
653
657
695
809
867
803
795
790
784
750
743
709
683
676
694
715
729
730
712
700
696
673
669
649
630
615
606
605
611
616
624
649
694
779
733
701
685
665
642
627
612
601
599
608
632
694
883
1015
880
831
790
768
745
729
724
706
728
742
769
805
773
779
766
752
725
707
699
700
720
738
785
819
800
776
760
733
713
671
658
658
668
689
698
726
803
847
800
747
725
697
687
683
713
748
821
810
812
800
770
762
763
747
766
769
768
794
789
798
761
739
737
739
756
784
764
763
762
770
774
751
769
781
655
927
766
778
770
770
752
775
807
829
817
786
770
753
738
718
706
713
730
770
779
792
806
812
814
751
749
737
737
752
747
780
789
799
783
730
726
720
718
702
713
726
796
799
777
778
763
747
729
708
669
649
624
617
621
655
851
904
881
855
819
817
816
788
768
762
733
758
750
808
828
820
768
767
743
712
696
696
714
755
768
863
843
834
807
812
818
804
775
764
744
767
766
814
848
840
821
815
811
795
758
757
749
754
742
774
799
823
762
762
751
745
730
733
728
724
701
723
735
768
758
786
780
769
747
752
760
782
774
790
802
796
788
768
748
732
706
719
727
764
756
780
789
800
805
762
769
749
749
722
744
761
788
758
770
758
753
739
699
709
704
707
644
942
813
830
830
828
809
743
736
727
746
787
776
828
828
850
815
812
797
781
729
742
743
796
823
834
837
837
807
808
795
771
766
729
753
767
812
843
800
803
788
772
741
745
756
787
820
827
838
813
767
733
687
681
686
752
853
861
809
812
755
721
690
672
662
662
706
781
918
847
834
818
802
767
769
791
842
836
833
833
842
824
834
846
852
821
820
797
790
758
769
773
803
809
797
758
752
744
746
739
745
737
740
769
802
779
795
796
798
793
741
745
736
751
766
778
768
767
754
739
736
729
723
718
732
760
747
735
706
694
701
634
725
665
660
654
650
649
649
646
660
663
661
659
655
637
633
625
618
607
604
605
594
598
602
610
635
668
875
733
741
743
727
696
664
632
620
614
612
605
600
590
596
595
594
589
595
599
604
608
623
620
628
620
617
610
607
599
598
597
597
609
617
604
610
610
625
654
675
676
649
630
611
602
591
589
586
593
604
615
604
610
601
607
620
638
648
671
696
681
671
670
686
705
696
688
675
678
626
629
613
609
610
625
644
676
697
707
707
704
707
713
713
701
691
693
712
730
717
723
732
746
724
739
762
801
821
883
867
873
770
795
784
772
721
727
728
710
722
716
668
663
641
628
621
634
646
661
715
783
855
833
837
838
807
813
796
774
747
733
746
757
767
749
726
687
688
674
648
654
665
708
917
885
867
770
872
786
729
674
638
631
614
620
668
894
901
880
911
777
985
837
777
761
715
687
701
723
742
823
851
771
820
803
773
782
756
708
688
670
653
652
644
659
668
649
675
685
683
675
679
719
730
705
700
708
683
679
680
723
866
744
735
708
690
711
711
733
782
819
796
733
745
750
804
850
814
814
816
868
836
794
817
731
938
798
842
859
864
779
805
829
873
885
845
826
950
904
896
792
793
822
885
978
899
813
777
788
807
858
898
891
779
913
813
858
909
934
781
999
822
798
793
793
742
741
709
726
795
746
757
757
765
756
745
719
704
682
706
786
812
815
860
843
834
805
734
707
711
765
841
896
904
794
887
771
754
758
779
836
868
863
854
845
830
811
814
822
879
958
902
852
831
827
810
795
864
970
966
846
828
807
801
800
798
822
864
887
838
857
855
872
817
871
895
920
927
939
961
827
954
829
814
798
792
813
866
829
766
760
752
720
725
710
709
710
705
704
670
674
657
654
656
674
713
725
771
759
735
687
670
646
640
630
621
633
642
664
730
796
809
786
775
762
730
718
716
714
731
751
705
700
687
706
690
704
695
684
662
653
652
645
635
633
649
698
767
855
859
818
810
795
760
741
693
696
724
839
828
800
813
789
723
682
679
653
634
653
676
773
863
919
986
896
791
904
829
823
789
766
786
825
900
882
841
750
719
717
712
791
888
908
883
842
937
880
890
859
883
887
846
961
890
909
897
873
889
898
923
795
985
855
806
849
856
847
832
921
938
893
846
851
833
805
827
876
898
868
886
837
898
861
870
863
818
828
827
818
812
755
763
819
870
874
845
840
844
831
830
840
888
851
841
846
837
786
806
797
779
791
835
909
930
897
893
860
893
838
841
865
866
854
896
886
867
609
937
841
870
831
878
864
836
883
873
876
834
816
813
834
838
833
861
870
831
837
831
840
861
885
873
839
854
859
860
836
868
879
896
882
820
823
817
829
799
817
827
823
795
811
840
833
786
810
813
793
827
866
913
855
832
820
801
789
752
780
813
884
943
869
882
865
854
813
826
843
883
880
870
836
801
778
744
721
703
699
706
704
715
739
776
801
771
789
800
811
801
781
788
785
762
740
745
757
786
789
795
795
804
794
777
773
780
813
788
835
888
838
996
870
902
905
893
843
866
861
909
860
890
903
857
854
843
819
803
853
881
919
887
876
866
869
833
810
804
821
842
823
851
865
856
811
806
799
767
795
820
849
813
792
798
813
841
863
881
899
922
888
838
826
815
786
764
778
771
745
775
813
778
806
822
824
840
793
798
797
813
784
828
862
866
829
853
857
853
789
791
793
827
824
780
724
714
704
761
952
943
910
765
956
820
782
755
760
753
750
787
817
821
806
788
752
753
730
705
709
712
721
724
759
741
780
790
771
818
821
833
772
788
788
830
792
868
878
894
847
854
835
799
810
814
869
835
893
902
840
859
838
807
770
745
769
795
1712
914
922
824
803
769
749
743
740
754
749
771
758
757
768
748
712
714
716
722
710
751
773
806
804
838
881
814
805
777
765
736
800
820
879
827
869
872
861
798
803
795
788
772
773
812
801
855
872
854
849
854
884
883
845
862
886
896
825
819
823
833
807
810
814
839
862
866
872
902
858
841
832
865
835
813
815
787
731
722
695
692
734
808
853
959
922
892
871
827
818
800
797
842
908
951
893
854
974
905
883
867
865
842
786
821
856
864
805
805
795
789
757
714
700
717
756
878
938
840
994
882
854
854
849
846
826
803
777
720
722
710
713
721
708
717
717
709
695
693
677
668
654
647
645
642
637
635
634
638
645
659
695
757
892
874
793
761
767
735
722
695
723
719
716
687
687
689
694
672
679
688
661
663
662
645
681
689
715
741
784
775
790
748
764
754
753
729
722
699
688
696
694
731
740
741
746
735
731
725
717
716
725
749
798
761
773
790
765
745
765
771
746
729
733
755
780
818
838
804
813
819
842
869
832
799
772
769
742
771
813
841
834
819
826
844
825
828
861
882
849
865
862
822
826
813
831
812
869
893
897
875
899
900
837
895
971
976
934
939
952
950
831
838
848
885
841
880
914
909
857
864
872
874
807
823
830
859
839
856
859
812
863
873
808
812
798
821
829
883
945
1033
964
909
881
941
882
892
914
936
945
802
1013
909
906
861
880
924
904
926
905
910
874
866
902
925
900
966
962
921
832
829
829
819
816
797
771
833
867
906
894
915
837
799
792
797
803
796
768
978
912
858
882
898
916
882
872
871
881
885
883
921
895
780
739
754
769
817
879
882
839
796
765
759
757
785
851
913
968
990
948
928
867
929
886
877
879
890
865
916
949
947
870
855
790
779
801
857
896
850
884
889
926
945
912
856
819
796
805
825
854
854
896
928
916
740
996
896
887
864
829
832
853
832
806
793
778
734
731
729
717
719
740
797
820
843
892
906
887
831
837
855
880
864
894
922
929
939
853
1011
903
892
895
909
909
834
1053
951
904
860
832
827
793
835
890
973
931
922
900
869
837
834
863
881
839
910
915
963
953
969
1002
1029
969
825
910
851
877
828
854
888
1045
954
946
950
966
942
934
956
925
871
877
899
989
986
987
984
904
839
822
820
810
827
837
858
833
859
875
887
861
859
841
808
805
831
911
982
948
932
941
916
974
895
894
880
805
799
821
912
972
921
932
911
897
845
838
865
903
937
898
894
893
896
868
870
896
954
933
877
793
736
745
727
740
721
698
716
755
793
810
835
845
853
846
872
836
835
877
807
889
802
780
787
820
792
827
876
939
950
910
854
843
841
853
856
824
826
839
849
904
920
920
889
814
827
842
887
838
869
875
848
807
802
813
824
813
853
845
816
808
792
790
784
800
809
831
823
789
795
812
846
836
838
841
800
798
812
811
844
848
876
863
928
913
890
890
898
827
826
857
914
891
890
860
826
820
829
790
812
825
855
850
881
860
902
879
951
907
840
842
844
839
876
926
961
948
911
869
848
850
879
884
872
913
969
972
883
880
870
861
808
823
858
927
880
925
930
940
805
827
832
867
819
828
825
848
800
813
791
827
885
923
898
866
857
858
826
794
804
778
769
928
842
987
911
917
838
822
826
869
858
852
893
946
937
871
875
911
896
827
857
894
975
960
946
962
934
854
844
889
795
1099
908
912
913
903
889
855
853
867
890
847
800
733
707
724
763
884
918
912
877
855
827
813
827
830
830
854
888
896
918
943
945
807
930
826
832
880
833
875
877
889
826
831
855
845
772
771
766
787
827
805
711
987
902
846
859
849
857
842
814
837
866
899
858
837
807
797
812
820
836
809
830
833
854
854
884
908
920
856
829
811
793
779
836
897
952
809
996
870
798
779
771
749
764
768
801
796
813
819
846
882
857
853
860
865
660
935
844
904
909
861
831
799
797
775
784
786
810
826
853
875
865
785
773
783
765
817
881
878
956
868
828
813
802
761
739
726
722
703
741
763
797
828
786
760
736
710
710
701
695
683
726
706
688
663
655
659
694
739
752
820
860
944
820
793
761
762
831
759
1104
854
887
931
943
926
856
980
936
918
871
905
921
892
885
876
821
790
842
989
876
903
927
926
835
958
938
938
880
927
956
883
953
956
983
906
910
964
952
896
927
896
1008
924
965
875
1127
894
914
920
911
915
887
978
863
854
805
806
901
939
981
902
945
942
879
932
912
920
891
902
660
1152
1036
979
995
946
891
923
910
1003
895
956
976
926
868
1038
989
898
911
942
697
1112
1030
1087
915
939
959
939
875
910
929
944
877
939
906
1081
938
940
723
1091
995
893
903
945
888
932
953
987
910
897
898
900
890
878
919
959
953
871
956
932
932
858
867
882
883
858
889
869
870
854
875
864
837
816
816
822
801
853
879
849
848
821
757
762
753
755
758
848
874
906
825
832
817
832
789
824
873
943
862
915
894
963
848
862
885
874
846
887
927
910
916
945
926
860
885
896
896
836
886
907
913
854
896
933
937
875
903
915
896
830
787
728
738
784
928
1076
975
979
978
962
875
771
740
738
765
775
787
836
903
930
882
960
884
891
827
843
861
925
867
924
965
952
860
871
899
897
823
854
900
937
889
937
935
894
899
894
816
852
874
919
856
911
916
912
856
866
883
922
870
891
911
908
905
900
979
934
855
875
858
879
822
879
930
976
877
873
836
829
802
816
862
919
905
850
813
738
719
685
651
653
639
631
632
628
640
643
670
678
700
714
729
729
692
708
702
689
733
760
804
841
839
786
791
782
775
749
739
729
713
674
667
656
646
654
663
684
754
845
771
749
731
722
711
690
686
676
676
662
674
690
724
761
730
758
744
725
717
706
687
668
664
674
686
697
683
688
711
715
692
697
705
681
688
704
721
708
701
758
762
843
901
805
792
820
919
833
921
1017
1068
1029
842
1116
904
902
913
983
905
1214
1016
985
957
881
848
886
997
994
1043
1104
1104
948
906
907
847
942
1146
1106
1073
939
934
937
936
922
960
1120
1077
982
1026
1043
965
895
675
1161
971
979
1014
1051
955
1034
1028
968
856
913
982
1012
910
1008
1035
1002
949
968
930
856
794
872
830
909
973
1039
871
880
896
912
958
932
1039
1070
922
930
933
919
866
914
1039
906
898
942
941
985
906
885
979
994
767
953
815
899
977
964
885
871
920
956
948
909
684
1133
1050
968
1002
994
1003
908
870
1089
1007
917
960
979
990
934
861
1094
999
933
940
962
893
865
914
960
983
905
952
964
881
852
869
887
840
905
936
973
966
866
1043
938
859
812
773
755
724
691
670
681
702
807
892
904
921
808
938
821
804
786
803
837
835
818
818
812
796
771
735
712
688
702
755
860
866
901
961
912
881
828
804
786
828
877
859
882
884
917
899
873
856
876
889
889
847
813
797
800
788
767
760
729
714
739
791
834
818
779
771
771
748
759
777
919
952
765
1006
875
846
787
752
734
732
737
737
774
806
812
797
802
804
809
773
757
748
741
729
728
740
767
810
821
837
867
846
817
797
783
754
730
761
836
894
954
961
934
912
851
816
766
744
704
691
699
720
773
838
907
929
900
851
844
875
830
824
839
892
887
937
1026
951
895
854
837
823
785
794
820
851
858
640
1016
952
970
896
845
832
837
860
862
879
866
902
890
893
844
820
797
793
749
753
783
835
900
932
854
887
873
876
847
810
803
834
905
929
915
934
936
911
840
933
885
904
848
876
917
924
855
864
885
909
863
888
906
889
830
817
790
811
807
817
807
808
821
855
905
875
864
866
864
874
877
872
886
908
884
855
872
872
908
890
858
862
847
790
783
791
860
896
831
820
831
823
815
814
782
793
815
930
992
1007
931
906
910
916
953
959
909
880
917
855
872
914
944
937
900
940
941
870
863
828
809
769
773
838
952
919
919
946
922
901
847
835
823
851
884
828
744
743
739
794
809
801
790
763
739
725
709
691
677
662
656
673
707
746
768
781
797
757
787
807
795
771
777
805
813
772
802
812
818
786
798
809
796
798
791
805
814
838
874
785
957
851
848
846
854
844
871
875
837
795
778
766
756
769
796
820
813
808
785
788
767
768
778
779
766
763
770
782
804
831
826
833
825
788
819
849
893
864
893
888
841
779
763
759
779
794
749
758
780
822
821
884
916
949
912
868
867
874
845
808
804
844
865
859
1030
1012
932
900
894
868
822
838
896
941
938
934
946
928
921
883
872
840
852
894
954
791
1092
983
945
888
879
830
791
802
831
900
917
905
959
963
802
951
881
869
885
831
830
807
763
749
795
846
824
815
808
790
763
773
800
824
835
794
781
795
783
783
769
778
786
795
789
767
766
781
777
737
727
700
685
698
740
763
802
878
886
843
765
721
697
717
764
810
867
895
896
838
959
851
813
754
705
665
676
687
723
790
780
811
810
789
782
780
746
709
700
710
727
789
829
896
964
925
844
909
837
805
779
760
765
859
946
1072
893
900
886
841
783
782
787
906
1037
984
928
822
1010
936
906
896
902
929
921
930
940
908
874
769
758
769
798
857
906
862
844
871
923
982
924
926
923
855
874
874
938
917
973
990
921
817
885
865
830
803
832
883
866
942
981
893
908
903
897
824
831
845
879
917
962
917
932
928
916
890
888
845
867
903
1019
936
969
980
946
958
952
890
936
961
900
922
935
914
921
919
881
912
939
891
918
915
997
907
930
948
925
889
924
939
1019
946
952
953
899
891
807
761
771
790
892
938
1027
1031
1019
759
1032
939
926
842
790
842
965
1034
957
1035
1027
803
1080
958
910
870
919
972
995
909
919
1019
893
832
749
718
755
797
851
819
747
768
826
901
950
867
869
884
896
804
804
785
847
892
904
921
908
900
894
874
868
873
867
863
929
901
1026
934
957
972
923
938
931
941
877
876
908
902
909
892
818
834
829
839
850
901
938
844
914
902
869
808
824
807
813
835
829
843
863
957
959
921
930
898
820
896
857
868
878
920
962
940
904
981
838
811
790
780
791
768
722
741
783
816
885
893
921
916
880
830
821
854
899
941
995
984
979
923
928
942
917
938
939
773
1064
950
969
927
905
896
933
980
1050
1004
918
950
921
873
880
906
901
675
1149
968
1021
998
930
892
860
803
809
764
769
838
843
898
924
905
857
864
849
848
859
897
932
990
951
901
910
903
882
813
777
762
754
720
804
973
1191
1011
1012
965
889
883
919
960
921
917
952
915
937
989
871
997
898
934
939
898
904
922
924
899
897
932
974
975
938
931
935
913
880
914
973
970
929
923
920
899
873
878
864
919
980
994
971
1020
950
865
857
867
899
845
796
807
858
833
978
961
849
764
838
822
840
818
791
751
718
718
727
777
830
855
867
918
929
739
1015
901
907
896
849
823
762
794
885
923
896
949
1042
916
945
947
896
886
841
786
741
739
776
834
875
868
843
820
801
803
795
762
743
756
778
853
899
890
897
892
854
850
832
863
885
918
925
886
882
866
896
888
856
917
926
888
843
862
886
942
939
876
911
967
947
944
897
902
947
910
1015
987
975
945
931
859
906
895
889
1008
1012
802
1074
919
873
867
771
803
804
900
924
854
1232
1119
1039
1021
1078
1013
902
828
831
877
945
901
985
953
919
958
1015
951
854
902
974
1047
911
975
1030
909
879
860
809
916
954
938
1009
998
906
850
875
914
952
957
962
1145
1092
945
973
1048
1022
989
1010
984
881
967
1061
1075
1013
1041
1060
1042
917
1007
1162
1235
1081
1098
1134
1091
941
925
930
928
1119
768
1198
1122
1081
971
959
971
976
942
949
1035
1104
1030
1047
1093
1110
1057
1106
1062
1008
907
862
928
1162
1009
877
920
972
895
1025
893
934
915
854
860
884
909
880
976
937
878
906
942
925
911
851
913
890
921
909
975
983
1055
947
912
929
944
927
880
937
956
979
899
941
893
1032
899
933
966
906
920
957
1042
933
940
974
973
900
910
979
917
906
906
897
863
895
892
856
865
826
768
825
871
893
878
817
821
822
830
798
807
940
1049
901
921
890
1121
902
829
748
715
729
824
1104
933
1112
975
959
899
872
851
857
872
890
901
932
894
828
831
847
845
855
890
936
810
971
956
896
880
916
920
929
854
863
862
877
882
880
867
890
928
930
861
883
878
841
849
872
887
849
830
865
892
921
909
910
886
888
885
881
856
868
883
704
1028
917
911
940
874
874
913
972
927
874
907
913
858
851
867
901
901
897
931
880
818
780
792
804
771
785
764
771
765
749
770
779
763
729
748
785
839
849
845
799
769
738
706
710
690
681