947
881
865
901
1217
1410
1336
1199
1065
1015
1132
1112
1168
1143
1059
1103
1343
1211
1163
1138
1125
1141
1096
1042
1063
1191
1257
1212
1093
1003
1101
1193
1188
1095
1063
1103
1136
1102
1100
1190
1209
1125
1050
991
1040
2380
1179
1122
1135
1139
1092
1018
1004
1026
1051
1047
1003
1049
1109
1102
1063
1058
1090
1074
1012
1014
1044
1098
1109
1112
1175
1120
1094
1108
1169
1153
1099
1130
1106
1182
1120
1139
1033
1012
1025
1151
1157
1063
1083
1128
1143
1096
1128
1168
1044
1041
1083
1119
1087
1064
1146
1119
1113
1077
1077
1077
1017
1025
1030
1114
1090
1078
1101
1063
1043
1071
1063
995
1000
979
955
941
933
951
954
965
927
921
978
1052
1081
1066
986
1003
1014
983
1005
985
994
1057
1079
1034
1024
1120
1143
1104
994
1039
1089
1103
1025
1098
1107
1073
1000
1023
1064
1061
1012
1027
1054
1095
1045
1079
1141
1146
1034