884
869
891
996
1198
1371
1286
1218
1124
1016
997
1027
1146
1253
1261
1112
993
1004
1095
1242
1359
1330
1292
1231
1235
1283
1184
1272
1388
1358
1275
1265
1253
1163
1278
1265
1114
1167
1377
1293
1167
1204
1267
1266
1205
1240
1217
1128
1174
1272
1243
1258
1292
1349
1244
1142
1179
1234
1185
1232
1326
1325
1223
1320
1265
1178
1194
1362
1342
1235
1293
1346
1221
1113
1175
1257
1208
1243
1367
1289
1229
1296
1293
1158
1200
1246
1233
1173
1296
1313
1167
1231
1253
1180
1172
1223
1286
1275
1267
1217
1173
1298
1339
1327
1161
1240
1276
1191
1240
1209
1083
1172
1365
1306
1167
1163
1153
1115
1252
1229
1145
1203
1310
1172
1274
1269
1097
1098
1222
1320
1338
1403
1368
1374
1334
1355
1313
1234
1354
1328
1269
1259
1394
1313
1326
1351