1131
1138
1046
1063
1078
1074
1080
1097
1054
1006
1014
1108
1161
1140
1038
1068
1091
1136
1120
1083
1141
1218
1189
1163
1102
1079
1090
1028
1020
1071
1056
1056
1063
1121
1130
1090
1060
1072
1091
1045
1055
1120
1124
1082
1070
1058
1056
1051
1038
1030
1047
1053
1036
1064
1141
1250
1231
1151
1149
1086
1036
1076
1162
1162
1131
1186
1240
1164
1171
1132
1124
1096
1119
1153
1097
1081
1130
1178
1159
1115
1119
1188
1181
1123
1090
1156
1114
1065
1107
1140
1093
1101
1080
1082
1037
1021
1059
1143
1146
1157
1152
1115
1061
1075
1082
1049
1032
1042
1083
1052