969
936
973
1021
1093
1060
999
952
965
996
1005
1000
981
978
1028
1145
1147
1134
1080
1083
1154
1129
1091
1160
1244
1188
1169
1200
1173
1099
1069
1185
1202
1117
1079
1261
1281
1244
1271
1293
1204
1154
1188
1178
1153
1173
1290
1211
1144
1119
1177
1161
1093
1133
1154
1087
1055
1071
1055
1005
1037
1087
1058
1006
1053
1092
1091
1036
1095
1078
1064
1059
1098
1098
1018
1004
1036
1053
1047
1123
1159
1181
1217
1228
1171
1122
1139
1139
1080
1036
1097
1142
1017
1048
1095
1176
1106
1140
1188
1185
1125
1118
1092
1056
1068
1093
1120
1094
1157
1149
1125
1128
1166
1172
1091
1127
1156
1111
1142
1148
1181
1103
1179
1175
1101
1098
1130
1135
1082
1168
1261
1195
1129
1161
1176
1091
1010
1028
1084
1164
1102
1152
1226
1184
1089
1099
1082
1064
1018
1059
1076
1076
1021
1063
1104
1051
1018
1067
1084
1049
1011
1069
1140