915
916
890
902
905
896
888
881
873
881
871
841
823
842
883
918
932
893
914
895
930
934
898
915
936
1025
1104
1096
1058
1024
979
943
918
904
896
899
891
879
845
827
838
847
890
930
980
977
987
1006
996
985
954
957
954
977
1001
1027
1003
950
953
963
1001
1002
940
935
955
974
934
916
909
915
922
906
908
899
898
902
910
888
887
909
1015
1076
1136
1095
1016
1021
1031
994
958
932
896
880
895
970
1108
1096
1089
1072
1048
1013
962
952
953
992
979
969
1001
1022
1029
994
965
978
1003
987
1012
1009
1021
980
970
997
1095
1068
1018
1004
975
981
1007
975
983
1005
1020
992
990
1012
1000
973
975
1003
1026
993
988
1009
1006
999
955
959
963
967
921
962
1032
1034
1019
973
977
962
954
940
963
1014
1040
1026
1024
1039
1010
987
979
1038
1099
1093
1013
1001
1025
1020
1029
983
979
1000
1029
1003
1020
1046
1046
1016
1062
1047
1023
987
1041
1079
1041
995
993
992
964
968
983
989
973
941
962
1017
1028
1012
1000
1020
1019
1027
1039
1023
989
962
982
1060
1071
1029
1077
1101
1065
1026
999
990
999
996
978
1027
1104
1080
1025
1011
1014
1021
991
953
953
1005
1034
1009
1035
1048
1037
975
977
986
979
961