930
922
905
878
883
875
856
842
818
815
835
835
815
826
847
876
926
912
907
1000
1063
1067
1020
995
981
967
953
978
1002
1029
1007
1024
1011
978
964
949
974
1037
1065
1040
1026
1021
1032
1012
1026
1036
1012
970
936
939
951
988
991
1070
1050
1013
1001
983
978
953
968
988
985
952
991
1036
1022
986
1022
1037
1008
985
995
998
1013
998
1000
1015
1009
974
976
981
953
966
979
1021
1002
985
996
987
965
999
1005
998
940
942
957
974
984
966
988
1005
1030
1003
978
996
1002
980
958
948
946
972
950
933
949
1024
1083
1020
1033
1023
1021
1002
985
1000