1145
1309
1210
1229
1137
1101
1210
1413
1294
1188
1096
1081
1147
1203
1199
1161
1084
1072
1109
1274
1341
1354
1288
1210
1189
1319
1441
1328
1255
1228
1380
1351
1241
1223
1292
1330
1358
1333
1351
1374
1325
1306
1407
1426
1309
1199
1193
1354
1404
1348
1296
1315
1363
1324
1213
1280
1344
1404
1391
1335
1355
1340
1346
1268
1158
1259
1325
1303
1190
1207
1299
1289
1188
1095
1168
1314
1294
1157
1133
1168
1225
1320
1244
1189
1229
1199
1227
1166
1226
1248
1186
1094
1099
1337
1333
1209
1219
1270
1185
1147
1089
1200
1348
1276
1189
1220
1267
1226
1155
1251
1273
1249
1154
1170
1246
1331
1255
1259
1330
1289
1205
1279
1271
1170
1214
1328
1289
1234
1162
1252
1366
1281
1149
1135
1262
1321
1303
1207
1200
1253
1314
1213
1226
1268
1233