1332
1302
1318
1279
1197
1243
1342
1268
1136
1171
1168
1155
1100
1202
1272
1179
1048
1033
1007
983
1023
1120
1106
1029
1023
1101
1182
1188
1164
1155
1198
1156
1141
1116
1150
1186
1038
1028
1085
1053
978
1041
1239
1260
1077
1271
1308
1147
1095
1099
1081
1152
1260
1314
1157
1209
1195
1132
1174
1142
1067
1079
1248
1132
1042
1181
1169
1232
1098
1126
1262
1285
1305
1299
1340
1301
1265
1213
1266
1284
1248
1145
1462
1329
1210
1354
1351
1271
1504
1390
1198
1080
1152
1485
1407
1330
1358
1317
1240
1372
1382
1361
1330
1352
1318
1166
1164
1422
1408
1321
1230
1354
1352
1263
1348
1326
1243
1259
1260
1162
1174
1364
1318
1197
1313
1257
1204
1260
1245
1178
1288
1365
1315
1171
1207
1437
1359
1278
1271
1330
1303
1268
1354
1327
1246
1260
1297