929
987
1345
1341
1150
1027
1104
1170
1202
1214
1067
1107
1192
1161
1039
1104
1264
1278
1177
1089
1207
1330
1228
1101
1104
1320
1383
1319
1191
1168
1227
1267
1237
1179
1190
1188
1127
1131
1202
1258
1219
1138
1173
1246
1158
1075
1146
1275
1248
1037
973
1021
1182
1302
1197
1190
1237
1220
1157
1070
1046
1121
1278
1198
1082
1020
1047
1073
1011
1066
1342
1248
1105
1132
1177
1154
1091
1048
1189
1235
1185
1095
1164
1130
1090
1009
1096
1158
1112
1076
1131
1206
1191
1106
1112
1146
1146
1116
1159
1216
1156
1086
1072
1181
1180
1096
1021
1101
1268
1244
1194
1129
1197
1175
1143
1089
1054
1131
1237
1190
1089
1058
1171
1292
1250
1158
1176
1245
1186
1112
1059
1144
1327
1300
1229
1237
1338
1307
1219
1123
1233
1312
1270
1170
1110
1164
1207
1237
1095
1085
1209
1241
1108
1088
1249
1248
1139
1036
1056
1177
1104
1032
1033
1046
1100
1037
987
1016
1117
1106
1069
1051
1082
1110
1103
1038
1055
1117
1141
1142
1040
1094
1261
1244
1151
1245
1218
1081
1021
1054
1154
1099
989
1007
1081
1298
1313
1179
1086
1154
1239
1222
1229
1202
1179
1218
1280
1340
1302