1135
1110
1075
1126
1173
1150
1105
1107
1136
1153
1162
1113
1065
1074
1106
1167
1116
1111
1190
1270
1173
1114
1172
1229
1244
1211
1215
1267
1242
1190
1147
1237
1325
1248
1182
1228
1258
1253
1238
1289
1273
1191
1194
1246
1249
1174
1183
1249
1277
1229
1240
1229
1221
1141
1185
1229
1235
1180
1169
1280
1341
1224
1198
1252
1294
1276
1278
1300
1319
1253
1263
1257
1189
1161
1210
1233
1240
1132
1211
1227
1182
1193
1189
1177
1127
1151
1160
1139
1166
1214
1284
1164
1121
1112
1140
1078
1052
1014
978
980
970
968
1007
1070