1083
1156
1243
1156
1228
1293
1247
1177
1212
1145
1049
1033
1075
1231
1304
1195
1129
1189
1282
1231
1103
1159
1283
1174
1210
1284
1172
1153
1264
1265
1250
1435
1294
1201
1222
1215
1134
1229
1173
1146
1113
1210
1237
1175
1241
1280
1216
1186
1289
1247
1204
1253
1352
1236
1271
1349
1291
1210
1312
1274
1184
1264
1248
1143
1164
1148
1146
1207
1206
1213
1370
1302
1205
1321
1296
1198
1123
1143
1295
1352
1200
1271
1229
1354
1355
1358
1461
1316
1293
1407
1272
1358
1432
1336
1471
1403
1313
1329
1296
1234
1215
1125
1052
1187
1388
1179
1164
1271
1305
1205
1363
1327
1247
1223
1289
1293
1227
1421
1394
1270
1300
1298
1230
1341
1399
1288
1209
1311
1282
1129
1188
1309
1201
1328
1376
1304
1240
1349
1345
1254
1188
1252
1245
1127
1205
1339