475
466
477
478
477
469
473
477
481
479
475
474
479
479
479
480
481
481
477
472
474
476
478
483
489
489
484
494
494
497
498
492
495
495
493
494
489
480
486
486
488
489
489
488
488
486
486
487
487
488
486
494
502
508
509
507
510
514
515
515
514
510
506
499
501
505
502
500
500
499
504
507
509
510
510
511
509
505
498
498
496
503
508
513
518
518
518
514
515
513
513
514
515
513
513
509
509
512
515
515
517
517
512
509
502
502
503
502
503
503
504
503
503
505
502
500
500
497
494
494
489
489
484
492
505
516
523
523
524
520
518
515
509
503
496
494
493
500
503
506
504
509
514
514
511
513
508
505
505
504
503
503
502
501
502
500
499
499
502
506
511
516
517
517
513
511
513
512
521
522
528
527
525
522
517
518
518
520
519
519
519
519
519
517
519
517
513
519
521
523
527
529
529
528
527
529
538
541
544
546
539
538
533
532
534
533
534
533
529
525
523
519
512
509
506
510
521
523
529
530
529
528
525
524
523
525
523
521
527
528
528
531
530
524
522
519
518
520
520
513
511
508
504
508
513
516
517
518
518
520
520
521
517
516
511
517
521
525
526
529
529
526
534
543
548
551
549
545
544
542
541
536
538
532
527
528
534
536
536
536
532
540
540
545
543
541
537
546
542
542
542
542
538
541
544
546
547
546
548
545
544
535
541
541
539
535
531
530
535
539
541
541
541
538
535
531
528
526
522
521
513
516
518
522
526
525
523
522
521
524
526
528
528
529
527
528
528
526
521
520
521
523
526
529
532
533
535
533
531
528
526
531
532
538
537
548
551
549
545
537
540
537
536
532
531
524
519
521
521
520
521
519
520
521
518
519
516
511
513
514
515
518
520
520
520
518
516
517
511
508
508
508
515
520
523
526
529
530
530
529
526
523
519
519
519
519
521
522
524
528
531
535
533
531
534
535
536
535
531
527
529
532
529
529
528
526
524
524
521
518
519
521
522
524
525
527
528
528
529
528
526
522
520
514
514
508
510
512
514
521
537
548
556
557
552
548
543
535
531
522
524
523
522
520
517
520
515
515
516
523
534
547
555
560
563
558
553
548
547
544
549
550
550
550
548
544
539
533
531
530
531
529
532
545
549
542
542
536
540
541
544
543
546
540
542
546
545
547
546
545
545
544
545
543
540
538
535
547
559
565
569
566
562
556
561
558
565
569
569
569
566
563
558
553
549
554
560
563
566
567
562
562
562
555
559
562
564
567
564
562
557
557
554
546
550
555
553
553
562
570
573
573
564
562
564
563
561
560
553
548
554
553
553
553
564
575
579