1001
993
1025
1101
1146
1097
1063
1019
1006
1032
1132
1163
1162
1148
1138
1095
1016
982
1013
1095
1199
1068
1021
1003
978
1008
1034
1055
1066
1078
1038
1020
995
1007
1092
1129
1161
1094
1080
1136
1149
1110
1019
1008
1078
1187
1222
1159
1127
1138
1128
1135
1145
1214
1198
1164
1168
1115
1087
1044
1116
1153
1136
1099
1094
1199
1188
1132
1187
1174
1132
1085
1122
1130
1088
1099
1155
1171
1125
1128
1120
1088
1157
1224
1146
1063
1064
1021
999
1029
1098
1144
1091
1153
1172
1126
1058
1094
1112
1117
1099
1132
1120
1073
1109
1119
1122
1110
1156
1159
1128
1134
1144
1121
1063
1081
1079
1054
1054
1162
1176
1139
1152
1140
1104
1082
1143
1130
1069
1082
1104
1101
1032
1043
1123
1118
1050
1060
1127
1185
1185
1098
1120
1132
1098
1072
1081
1072
1043
1018
1064
1097
1104
1094
1152
1160
1119
1105
1141
1111
1084
1129
1153
1091
1009