1007
982
1019
1056
1010
1006
924
934
930
909
885
874
895
937
940
1002
1056
1005
1004
999
983
939
965
1007
984
1050
1083
981
981
997
979
975
1050
1134
1044
1054
1024
987
1021
1050
1003
1035
1052
1005
1012
1049
1058
989
1017
1038
979
1019
1018
949
988
1029
1000
1014
1055
1049
993
1023
1016
957
980
995
938
979
1005
964
1000
1025
981
977
992
992
961
992
982
938
974
1007
967
988
998
968
974
993
986
940
967
1010
966
993
1014
986
988
1017
1015
976
990
996
944
972
989
962
997
1040
1029
982
999
1013
973
1012
1034
996
1033
1053
992
978
996
983
960
1002
1060
981
1014
1019
999
948
972
990
960
978
1000
974
961
945
918
891
876
854
883
882
865
896
912
939
958
1026
1126
1054
1076
1007
982
949
888
911
904
929
928
970
998
993
952
963
966
917
952
957
911
946
968
951
930
948
960
929
988
1036
979
1014
1040
1035
971
988
1005
950
984
1010
990
1018
1036
1038
982
995
1016
987
1017
1036
1060
1003
1032
1050
998
1005
1014
1044
1009
1036
1057
1027
1052
1062
996
1021
1033
983
1024
1057
1005
1049
1069
994
1002
973
943
977
1036
1004
1018
1045
1056
985
985
908
742
666
964
859
876
900
886
910
971
1030
1052
1044
1026
998
983
972
969
953
948
939
901
905
886
876
859
867
881
901
964
1023
995
1015
1019
1021
981
1017
1100
1041
1083
1102
1023
1047
1038
990
1033
1078
1054
1075
1085
1041
1035
1061
1072
1004
1014
1021
971
998
1023
1016
1018
1051
1069
1005
1028
1049
1045
1062
1059
1005
1011
1029
1060
1002
1031
1025
967
1016
1039
1048
1066
1101
1058
1063
1048
989
983
997
1003
979
1021
1009
1016
1040
1030
984
1005
1009
952
971
974
938
984
1008
962
1009
1047
1007
1057
1046
986
994
999
951
934
919
891
884
953
983
925
971
1008
953
989
979
932
927
923
937
909
930
932
898
912
906
895
889
906
915
892
927
969
958
992
1016
961
959
955
915
925
923
927
889
903
888
862
884
835
839
834
831
819
857
890
935
928
974
1032
996
960
958
976
971
992
1062
1096
1034
1066
1086
1015
1042
1100
1076
1036
1023
1001
931
941
944
935
907
894
874
891
906
973
963
974