1083
1125
1270
1276
1204
1174
1091
1036
1079
1276
1300
1271
1156
1149
1053
1020
1047
1141
1188
1186
1154
1084
1043
1097
1207
1171
1176
1086
1165
1154
1136
1100
1041
1090
1233
1117
1121
1046
1094
1169
1164
1104
1128
1301
1364
1352
1270
1145
1162
1370
1365
1269
1123
1193
1297
1400
1367
1292
1353
1315
1226
1287
1273
1176
1122
1247
1357
1301
1272
1290
1195
1152
1267
1286
1233
1162
1187
1236
1166
1168
1258
1282
1219
1319
1308
1221
1101
1128
1225
1247
1113
1229
1338
1272
1165
1101
1071
1050
1015
1036
1045
1054
1019
1043
1134
1105
1070
1110
1094
1026
975
996
1078
1104
1154
1045
1060
1094
1169
1229
1117
1122
1129
1170
1075
1044
1021
1047
1031
968
1027
1290
1263
1133
1156
1251
1220
1219
1197
1252
1297
1204
1250
1314
1290
1265
1320
1350
1211
1323
1347
1208
1150