1072
1074
1090
1112
1146
1091
1032
1042
1115
1050
1015
1090
1154
1218
1077
1075
1064
1047
1000
1036
1049
1034
1034
1083
1092
1073
1008
988
1119
1250
1249
1152
1158
1190
1156
1093
1158
1187
1185
1094
1075
1074
1109
1068
1153
1222
1147
1169
1163
1187
1155
1214
1221
1100
1089
1124
1168
1098
1159
1168
1167
1167
1227
1194
1146
1159
1168
1140
1078
1105
1126
1155
1101
1193
1286
1200
1065
1094
1118
1125
1062
1112
1164
1170
1172
1213
1189
1108
1101
1128
1099
1082
1190
1211
1080
1010
1029
1081
1155
1109
1097
1154
1185
1120
1104
1120
1106
1106
1155
1144
1143
1058
1033
1095
1187
1116
1079
1186
1186
1115
1105
1133
1113
1042
1050
1055
1024
1021
1052
1103
1167
1199
1204
1185
1157
1169
1200
1114
1096
1130
1150
1075
1127
1228
1252
1107
1055
1137
1267
1226
1092
1080
1110
1160
1125
1106
1122
1139
1114
1063
1008
1028