952
980
1004
1004
1015
957
967
953
964
956
941
968
1004
1015
990
971
976
971
957
940
960
973
955
944
973
1018
1017
966
941
952
918
908
913
916
901
893
866
867
893
914
927
899
932
956
949
947
940
998
1044
1089
1047
1071
1056
1050
995
930
925
929
968
933
906
913
956
996
985
938
883
866
854
858
860
826
834
840
856
856
845
867
888
971
1050
987
944
957
956
934
898
864
857
864
893
889
870
863
870
900
931
914
889
905
917
935
945
892
888
884
900
907
894
913
938
950
956
953
963
971
958
923
917
908
914
869
852
849
856
861
859
882
896
903
881
903
906
910
870
867
857
854
861
864
888
911
918
901
933
961
960
923
945
950
934
908
893
900
910
903
873
889
910
934
930
909
914
931
928
896
906
903
911
893
884
887
875
874
851
859
878
896
880
876
905
927
947
929
937
937
936
908
848
842
835
856
874
864
865
883
900
899
912
878