1333
1455
1604
1591
1546
1423
1376
1428
1527
1501
1428
1433
1466
1409
1375
1380
1363
1319
1299
1420
1544
1457
1354
1252
1400
1490
1463
1410
1264
1301
1389
1322
1315
1341
1241
1323
1408
1380
1283
1317
1397
1364
1354
1400
1389
1332
1236
1305
1383
1323
1222
1354
1352
1280
1261
1357
1383
1362
1233
1310
1374
1349
1229
1244
1370
1387
1327
1461
1427
1368
1282
1359
1391
1355
1380
1515
1438
1322
1370
1415
1459
1533
1448
1320
1271
1504
1584
1525
1495
1327
1230
1256
1264
1274
1320
1366
1297
1285
1436
1541
1438
1351
1469
1421
1353
1359
1390
1353
1362
1554
1470
1430
1519
1471
1306
1304
1382
1304
1247
1448
1414
1400
1384
1291
1393
1501
1406
1375
1376
1352
1465
1375