1112
1115
1124
1099
1054
980
883
900
977
930
973
1011
965
997
1013
994
984
961
935
930
924
934
944
922
913
914
910
1000
981
988
1059
1050
1067
999
998
1034
1076
1024
967
972
985
981
972
998
963
983
965
969
998
982
969
945
945
963
916
919
938
936
958
974
1000
979
957
959
983
965
936
911
928
959
1027
1021
1020
1035
1002
985
950
938
930
918
911
929
979
1038
1017
1009
1036
1029
1025
952
965
1044
989
1005
1082
1118
1089
1063
1067
1036
1014
1046
1078
1039
994
955
1003
1005
999
1052
1050
1075
1052
1031
1010
1018
1008
994
949
961
949
970
985
1045
1077
1074
1093
1051
1018
1025
1020
987
996
1013
1011
994
1013
1008
1007
986
978
1024
991
998
1034
1005
962
974
1002
986
1015
1063
1056
1054
1053
1119
1131
1081
1074
1069
1109
1031
1121
1188