1351
1256
1111
1137
1332
1434
1367
1285
1199
1306
1424
1171
1076
1018
1024
1171
1486
1224
1100
1149
1131
1034
1041
1061
1064
1043
1086
1156
1149
1136
1061
1114
1100
1094
1079
1121
1136
1112
1041
1079
1122
1065
1047
1105
1148
1089
1070
1100
1093
1051
1055
1055
1021
1021
1034
1063
1024
1155
1214
1101
1093
1110
1094
1068
1109
1118
1186
1081
1146
1223
1171
1111
1157
1228
1115
1175
1286
1258
1142
1137
1119
1067
1100
1133
1121
1075
1000
1120
1206
1146
1041
1065
1126
1152
1142
1129
1196
1191
1212
1238
1338
1269
1353
1381
1276
1050
1029
1033
1369
1325
1312
1150
1226
1295
1257
1136
1214
1247
1309
1202
1275
1316
1229
1291
1344
1165
1114
1545
1500
1294
1342
1311
1320
1232
1421
1490
1402
1300
1400
1325
1212
1194
1272
1263
1346
1418
1333
1315
1371
1223
1109
1145
1396
1403