1211
1135
1098
1051
1082
1092
1102
1057
1051
1093
1149
1151
1123
1063
1079
1171
1236
1193
1115
1117
1146
1205
1163
1143
1184
1190
1224
1148
1103
1143
1284
1285
1227
1146
1162
1238
1248
1185
1147
1232
1295
1207
1144
1221
1340
1288
1166
1109
1162
1327
1293
1202
1259
1289
1251
1160
1152
1198
1234
1163
1193
1211
1190
1108
1076
1129
1235
1270
1219
1229
1249
1223
1140
1138
1147
1179
1173
1153
1165
1216
1209
1168
1133
1176
1208
1191
1156
1180
1188
1189
1146
1119
1177
1196
1172
1130
1112
1188
1261
1164
1099
1100
1150
1244
1164
1134
1174
1172
1141
1109
1098
1106
1152
1118
1112
1186
1234
1187
1147
1211
1214
1159
1145
1133
1138
1105
1082
1141
1192
1136
1111
1164
1197
1212
1166
1160
1203
1188
1105
1143
1175
1163
1093
1037
1041
1127
1178
1090
1068