1028
994
978
1004
1017
1078
1066
1133
1242
1199
1063
975
1006
1109
1154
1094
1050
1106
1104
1042
965
935
924
955
1092
1123
1106
1150
1171
1076
1062
1134
1097
1076
1074
1206
1270
1182
1183
1190
1134
1060
1039
1082
1037
1013
1065
1094
1093
1041
1044
1102
1039
1050
1149
1095
991
957
1003
1082
1045
999
1039
1110
1000
920
873
842
833
859
911
986
1003
948
931
916
913
878
848
859
882
898
971
980
991
1082
1122
1158
1149
1161
1248
1190
1068
1078
1189
1164
1042
1000
1046
1169
1118
1004
1010
1034
1008
1035
1130
1107
1025
945
990
1053
1007
974