1054
1137
1210
1162
1106
1076
1114
1117
1120
1019
1045
1113
1210
1106
1180
1167
1097
1086
1140
1267
1130
1168
1147
1062
1130
1151
1116
1190
1208
1118
1127
1150
1104
1150
1235
1241
1146
1237
1258
1217
1188
1271
1291
1226
1257
1258
1181
1179
1307
1256
1169
1268
1276
1195
1275
1249
1209
1206
1293
1235
1217
1286
1266
1186
1232
1250
1215
1228
1272
1223
1142
1221
1255
1149
1188
1217
1133
1129
1189
1191
1108
1188
1237
1226
1128
1188
1181
1107
1101
1162
1196
1141
1098
1208
1246
1214
1163
1239
1308
1233
1164
1242
1275
1195
1192
1271
1265
1146
1217
1276
1191
1140
1203
1238
1144
1150
1216
1232
1138
1237
1226
1165
1134
1167
1163
1078
1182
1211
1136
1113
1161
1153
1082
1091
1147
1144
1066
1159
1150
1065
1086
1081
1073
1027
1044
1089
1092
1062
1118
1156
1098
1065
1137
1103
1074
1096