1294
1208
1183
1068
1058
1183
1212
1162
1102
1041
1052
1162
1162
1212
1111
1068
1262
1280
1171
1118
1233
1203
1104
1104
1240
1232
1152
1024
1093
1282
1324
1273
1282
1279
1213
1148
1128
1265
1235
1128
1112
1181
1102
1271
1324
1253
1082
1047
1096
1136
1169
1128
1185
1253
1214
1122
1106
1143
1116
1033
1067
1237
1167
1123
1203
1173
1083
1045
1049
1051
988
996
1197
1229
1113
1084
1100
1103
1042
985
1022
1048
1083
1035
1047
1097
1087
1053
1035
1113
1106
1074
1105
1162
1109
954
941
907
863
855
839
850
909
1061
1070
1039
979
963
948
937
907
862
876
916
943
986
921
890
892
939
937
896
883
898
931
975
946
948
930
962
989
1005
1011
1006
1106
1146
1141
985
979
1100
1135
1065
1179
1215
1127
1109
1171
1145
1102
1111
1215
1217
1157
1056
1038
1127
1123
1104
1146
1208
1169
1087
1119
1226
1162
1063
994