1437
1404
1211
1331
1440
1414
1321
1356
1432
1364
1193
1376
1450
1444
1471
1476
1470
1458
1364
1443
1471
1490
1481
1479
1428
1389
1188
1206
1195
1136
1077
996
1021
1081
1083
1085
1118
1080
1021
999
982
941
1008
1315
1260
1064
977
1286
1188
1254
1342
1344
1237
1354
1362
1229
1199
1357
1378
1376
1329
1388
1387
1368
1345
1375
1333
1330
1387
1377
1220
1245
1354
1357
1240
1271
1266
1266
1360
1362
1187
1236
1201
1239
1133
1238
1333
1336
1267
1288
1191
1091
1157
1239
1248
1190
1313
1243
1132
1173
1318
1194
1132
1162
1266
1309
1325
1146
1199
1274
1325
1219
1280
1347
1294
1217
1346
1343
1281
1308
1245
1299
1367
1345
1199
1307
1296
1230
1280
1347
1240
1307
1311
1196
1228
1268
1215
1312
1280
1159
1284
1271
1140
1165
1181
1096
996
1058
1152
1207
1096
1093
1132
1100
1023
950
941
957
998
1034
1028
1099
1280
1238
1133
1207
1271
1142
1197
1306
1250
1360
1335
1274
1273
1160
1338
1298
1353
1393
1288
1211
1268
1234
1223
1340
1241
1163
1302
1203
1212
1346
1340
1187