724
761
765
796
569
287
879
932
952
905
896
870
908
925
907
1832
956
950
886
865
841
718
825
704
687
688
716
740
780
817
822
884
897
844
883
888
885
864
793
759
729
711
690
701
706
801
807
851
798
776
762
743
706
704
691
665
321
311
439
755
1301
589
588
591
573
573
563
559
1104
540
435
629
869
1716
1012
502
991
1466
966
481
484
477
880
332
731
490
490
488
1224
1300
1515
501
506
497
495
1011
504
501
510
496
497
500
498
495
489
497
483
856
600
490
493
488
481
481
486
481
961
481
473
473
953
477
475
474
476
471
477
446
510
470
477
474
478
477
477
483
478
481
524
937
490
857
369
1089
440
402
375
779
367
381
528
464
534
1578
754
4214
474
467
473
470
473
469
473
479
477
474
479
481
483
483
486
485
479
480
483
479
476
483
477
470
475
474
479
469
471
954
474
479
551
263
3512
474
870
383
654
479
479
480
475
479
476
479
473
841
592
470
473
476
479
472
479
475
480
473
478
479
475
472
482
470
530
889
1429
479
490
476
473
953
478
476
481
475
479
471
478
473
476
469
475
480
471
466
936
471
463
464
463
471
925
922
330
396
366
282
1371
263
650
2275
1637
616
908
448
452
451
451
1267
550
457
458
464
933
462
930
354
580
464
469
787
616
1276
409
664
481
404
1536
443
1876
520
475
470
466
473
271
406
256
873
553
474
484
485
485
482
973
319
649
1927
484
375
405
362
283
475
946
259
366
317
469
392
563
475
952
300
406
1515
6898
761
1547
401
358
387
1143
405
365
398
366
405
368
395
375
401
366
362
799
770
373
403
366
401
374
394
374
1554
391
2285
379
1160
764
373
386
367
391
376
394
366
395
369
392
1123
1154
362
760
403
378
392
1128
400
356
396
1895
387
374
399
364
413
465
291
374
263
519
403
354
769
1546
390
380
389
368
771
390
776
368
758
401
364
397
371
897
266
765
315
482
744
359
394
374
390
360
387
370
638
441
442
886
439
434
441
555
755
435
437
431
869
436
431
430
430
428
428
432
434
429
432
435
436
434
436
878
438
442
436
438
1327
444
445
444
445
452
445
448
446
441
444
891
443
444
437
439
442
442
444
441
439
438
439
450
440
441
439
444
448
445
450
443
443
442
446
450
444
449
448
447
451
452
458
453
449
451
455
453
452
454
450
453
457
451
454
448
452
457
452
459
450
458
459
455
460
448
454
454
453
456
450
451
452
452
454
453
447
451
447
451
451
452
455
459
463
460
458
464
465
467
471
460
464
457
460
459
451
452
448
449
440
438
437
437
439
435
436
440
432
429
431
433
428
429
431
424
423
428
429
427
424
420
423
425
421
829
417
419
414
413
408
406
407
409
410
404
404
400
402
404
399
402
400
398
392
398
401
396
401
398
396
392
396
393
396
396
391
396
784
389
392
396
391
396
391
393
777
389
392
395
390
393
390
388
387
386
388
390
390
388
389
385
388
388
388
385
388
385
386
385
385
385
386
386
384
386
381
382
385
383
386
386
386
387
391
387
394
396
394
393
397
396
400
800
396
397
391
397
397
397
398
395
400
401
398
399
395
400
400
400
401
398
401
397
399
401
401
404
405
406
406
406
407
408
401
403
408
407
407
407
408
405
410
414
417
418
421
420
420
428
433
432
432
432
438
436
438
432
434
438
446
449
444
444
447
453
457
454
450
448
449
455
454
456
460
458
453
453
451
463
474
486
483
497
510
528
546
545
548
557
563
545
540
531
523
519
523
524
521
545
560
577
567
554
559
590
631
665
597
567
571
581
578
2148
532
531
529
511
506
502
504
519
526
526
526
536
551
565
603
640
622
581
586
588
587
582
592
599
604
578
585
597
639
694
654
598
580
580
572
565
555
561
566
583
575
578
585
585
566
565
566
560
557
555
562
575
587
575
584
597
604
585
591
597
612
609
598
563
566
563
560
553
543
541
548
556
563
557
552
544
547
540
539
541
544
544
541
535
531
529
524
528
520
514
525
527
536
534
548
556
559
553
550
544
545
539
531
531
534
523
518
514
514
508
500
496
493
483
480
481
475
941
466
467
450
455
454
451
888
441
442
436
434
433
429
429
429
422
416
421
421
415
415
411
405
405
408
410
405
407
401
402
397
397
396
396
398
398
401
396
398
396
393
390
391
392
392
391
393
394
388
393
389
393
389
384
382
385
382
387
382
383
388
383
381
381
382
383
386
377
377
375
375
377
377
373
376
375
378
377
375
381
374
379
372
376
372
375
373
377
377
378
372
372
371
372
372
372
373
371
372
372
372
375
376
370
374
372
371
370
372
371
375
369
371
371
372
354
390
368
367
367
371
369
369
365
366
367
368
367
367
369
368
366
368
370
364
370
365
366
363
366
365
365
365
370
366
368
365
369
365
367
366
368
364
365
730
366
365
358
365
361
364
366
362
362
725
364
364
364
363
363
361
362
366
362
362
364
361
358
364
361
361
360
362
357
362
359
361
357
363
359
362
358
360
357
362
357
362
358
360
358
359
357
362
358
359
357
360
358
357
357
359
355
358
356
355
358
358
356
359
357
355
355
359
357
358
357
355
354
357
355
357
356
355
354
358
355
356
355
354
354
356
354
356
354
354
352
357
354
355
355
354
352
358
353
355
353
355
353
356
352
354
354
354
352
354
350
354
354
353
353
354
349
353
354
352
352
354
348
353
354
353
352
351
347
352
353
350
353
348
347
350
353
348
352
347
347
346
350
351
348
348
689
348
342
353
347
347
344
347
347
347
349
348
345
347
347
347
349
353
346
352
348
348
348
350
350
349
348
349
348
350
346
349
348
349
349
350
343
350
349
348
349
349
344
347
350
348
347
346
689
347
348
346
345
340
344
346
347
345
344
343
343
346
339
350
346
348
343
344
344
347
345
350
346
349
347
345
347
350
346
350
348
347
344
350
345
347
346
346
345
348
343
347
347
347
347
347
342
347
350
345
347
344
346
341
345
347
345
344
340
343
346
343
340
343
345
339
343
342
340
344
346
342
344
343
345
340
345
340
345
343
342
343
343
339
344
345
342
344
336
343
342
344
342
342
336
344
337
343
340
341
339
340
339
339
339
344
340
345
340
346
339
345
341
345
345
343
346
342
346
342
348
344
344
342
344
343
344
347
341
345
346
341
342
346
345
346
349
345
348
345
346
344
347
347
348
349
346
347
349
347
341
348
348
350
351
350
350
351
350
351
348
348
351
350
354
349
354
352
350
354
349
354
351
356
358
356
357
360
358
357
358
355
356
353
355
355
359
358
360
354
360
358
358
358
354
359
354
356
353
360
355
361
362
359
362
357
721
361
356
361
358
365
361
363
363
361
357
367
368
361
367
362
364
360
363
365
362
363
367
362
368
368
367
366
366
365
366
366
364
364
367
370
369
371
371
371
372
370
373
371
377
377
374
374
376
372
376
371
371
372
373
372
372
375
378
380
383
381
379
378
383
381
383
380
382
380
381
378
382
382
378
379
379
377
378
380
379
379
375
375
373
379
378
375
378
379
378
378
380
379
382
386
385
389
386
384
384
388
386
388
385
385
382
389
389
392
390
388
389
392
393
396
394
390
390
395
392
394
391
390
388
394
392
395
394
391
390
396
394
397
396
395
396
399
399
402
401
400
399
402
400
401
402
400
404
402
403
405
403
404
401
401
400
402
401
402
399
398
398
402
398
400
399
396
401
401
398
397
397
395
397
397
397
397
399
397
402
399
404
399
403
398
405
399
402
399
400
398
403
402
402
399
402
400
404
399
402
398
400
400
402
399
401
400
406
405
404
404
406
407
407
406
407
409
408
408
409
405
407
403
404
404
401
399
398
401
398
399
398
399
400
401
402
406
403
407
406
407
407
412
409
410
411
409
411
413
412
412
412
410
410
408
411
410
411
407
411
409
412
409
407
408
409
407
328
449
418
408
406
405
404
402
405
402
403
401
398
401
404
398
400
398
396
398
399
394
397
396
395
396
395
396
395
396
396
396
394
396
395
394
393
394
393
395
394
394
392
393
395
393
321
439
401
392
392
392
391
389
389
391
392
391
393
390
390
388
391
387
388
386
387
386
388
388
388
385
386
385
386
386
390
389
391
388
391
389
392
392
396
392
394
394
395
394
399
394
396
395
395
395
397
394
396
394
395
396
397
395
395
393
399
393
396
394
396
395
397
392
392
393
391
387
390
388
387
381
387
384
389
383
384
386
380
384
378
380
376
376
374
376
375
372
368
369
368
368
364
365
365
362
363
363
360
360
359
359
360
359
357
356
356
359
358
359
353
355
354
357
356
359
351
356
353
356
354
358
352
354
352
354
351
355
352
354
350
352
348
353
349
353
349
347
351
351
349
349
349
342
348
347
345
345
346
340
346
344
345
344
348
345
346
343
344
346
342
341
348
343
346
344
338
344
338
346
342
344
340
343
342
345
342
344
339
343
345
344
345
343
341
341
343
343
340
341
344
340
344
341
344
341
344
340
343
347
343
344
344
339
337
349
342
340
342
345
339
342
342
342
340
344
337
341
345
343
341
340
677
340
340
338
338
341
336
340
339
338
337
338
336
339
340
337
339
336
338
332
336
338
336
336
339
335
339
340
338
338
337
335
335
337
333
337
336
339
337
337
336
335
338
335
669
341
335
336
332
337
332
336
337
335
334
336
331
339
337
328
343
332
334
328
335
333
334
332
336
331
333
338
333
335
333
332
328
331
332
332
331
333
662
337
332
334
329
334
324
331
327
336
330
329
333
333
333
332
332
327
329
328
333
327
334
328
327
336
332
332
332
330
326
329
329
332
326
332
328
327
661
332
327
328
328
330
327
330
327
330
330
323
328
330
329
324
328
327
331
328
330
326
328
329
325
326
331
327
322
330
327
328
327
330
329
330
330
321
331
323
328
322
332
326
324
331
331
328
331
327
324
329
326
330
325
331
326
327
333
327
331
328
327
326
328
329
330
325
329
329
324
326
332
331
321
329
325
331
326
328
327
327
328
322
327
328
325
323
330
325
327
327
328
328
328
327
320
328
323
326
322
330
324
323
329
330
326
329
325
321
325
322
327
322
329
322
628
339
325
326
325
322
325
327
327
322
327
323
323
329
324
326
322
326
324
328
325
327
327
327
326
324
327
325
323
321
329
325
328
328
326
326
326
327
328
328
326
324
326
324
323
330
326
329
326
328
326
325
328
328
328
324
326
325
327
327
329
323
326
326
324
327
326
323
320
328
323
328
326
325
324
326
327
320
325
323
323
319
327
321
321
327
325
327
322
324
319
322
322
325
321
327
320
322
325
326
327
321
321
320
325
323
326
322
324
324
320
325
325
324
321
325
318
325
321
325
321
324
326
326
324
320
323
318
324
323
322
328
324
321
322
324
323
326
272
369
328
324
326
635
337
321
325
323
327
325
321
323
325
327
327
322
324
322
325
327
323
325
322
325
325
324
329
633
334
327
327
323
326
324
327
328
323
328
323
325
325
328
326
325
324
322
326
327
328
328
323
329
327
332
328
326
326
326
330
333
329
330
325
329
330
331
330
334
332
328
330
334
330
333
331
330
328
334
329
332
336
327
330
329
332
334
329
336
331
331
334
334
338
335
339
332
336
336
336
338
333
337
336
334
331
340
331
340
342
335
336
334
339
677
341
338
340
335
340
338
342
344
338
342
336
340
339
340
344
340
344
341
342
339
343
344
342
345
343
344
341
343
338
346
343
341
345
347
340
342
345
347
345
351
346
351
346
349
344
346
347
351
347
351
352
347
348
344
353
348
353
351
351
354
349
349
346
349
351
348
1027
360
352
351
353
354
352
356
352
354
351
353
346
358
354
354
356
358
356
356
354
351
356
353
355
352
354
354
353
354
354
351
350
358
356
356
361
360
359
360
359
357
356
352
360
357
359
359
361
362
359
360
356
357
357
356
360
359
359
364
362
364
363
357
360
358
358
360
362
360
366
364
363
365
360
362
359
361
359
367
364
366
362
364
365
361
364
364
364
361
364
359
360
359
367
364
368
366
363
364
369
366
364
368
364
366
363
368
363
364
362
366
366
371
363
370
368
368
369
366
369
367
366
363
364
362
361
363
365
365
366
366
365
367
362
368
363
364
361
290
417
377
364
367
364
365
364
367
369
365
367
364
367
362
365
363
369
368
370
369
369
369
365
736
368
364
367
364
364
362
368
365
365
367
370
368
366
367
364
365
362
364
363
370
367
370
368
370
367
370
373
369
374
368
368
369
367
367
371
372
376
372
374
374
375
374
377
376
376
373
373
375
373
375
371
372
369
368
370
375
372
373
374
375
376
377
377
376
375
377
375
373
376
373
375
372
372
374
375
372
376
371
373
375
377
372
372
373
371
371
368
736
369
368
367
364
365
365
366
367
370
370
369
369
371
365
371
373
369
371
367
368
366
366
367
371
369
370
369
369
368
373
371
368
371
367
369
367
368
366
372
370
372
368
372
368
371
372
372
372
368
368
370
368
368
373
372
374
370
373
370
371
368
367
369
368
368
368
368
365
366
364
364
365
368
364
368
365
369
366
365
363
365
364
366
361
362
360
362
362
359
358
359
360
359
356
357
355
358
357
355
354
356
355
356
351
354
353
355
353
356
349
355
348
353
352
350
349
353
346
351
348
348
346
349
345
345
346
347
347
345
343
342
347
344
344
342
342
339
340
338
336
339
348
342
344
337
343
339
342
344
339
341
340
338
340
339
334
340
340
339
339
340
337
339
335
336
340
340
338
338
334
335
337
330
336
335
335
335
332
332
335
331
335
335
335
334
329
333
326
331
328
334
328
332
332
331
332
331
331
325
329
325
328
326
332
328
327
331
329
328
330
329
323
327
322
330
326
328
328
325
331
325
331
321
328
323
325
324
329
323
326
332
326
330
325
328
320
325
322
330
322
324
329
328
329
326
325
320
326
324
325
325
324
326
328
326
326
326
322
327
319
325
324
325
325
323
647
327
322
321
323
324
324
323
323
324
646
326
320
322
321
324
322
323
323
321
647
327
321
322
321
323
323
323
322
322
320
324
326
320
321
318
324
321
322
320
322
323
321
321
319
320
314
326
317
322
323
320
323
322
320
316
319
315
322
319
318
321
319
325
317
318
316
321
317
319
320
318
319
318
319
313
317
313
322
315
316
323
316
321
315
314
317
318
316
318
321
319
319
313
318
314
317
316
318
317
317
320
317
314
315
319
317
316
265
363
325
313
317
314
314
317
316
638
319
318
316
314
315
316
316
317
315
318
316
320
309
319
315
316
316
317
318
318
314
317
315
310
320
313
315
321
317
319
314
317
313
315
314
318
314
315
321
313
316
315
315
311
273
352
320
315
318
314
313
315
313
319
315
313
318
316
315
618
322
316
318
315
318
315
316
312
316
311
320
313
314
638
316
313
317
313
317
313
316
317
312
616
326
312
317
315
316
637
317
628
314
313
317
316
313
313
319
314
312
315
315
314
315
318
314
315
312
318
620
319
316
636
319
311
318
310
318
316
314
637
319
317
315
313
316
314
317
317
314
632
321
313
316
315
316
316
315
317
310
321
313
313
311
318
313
315
320
313
316
313
315
312
313
313
315
314
313
319
313
313
313
315
313
314
315
314
315
312
313
311
313
313
313
632
317
313
313
313
621
317
314
313
313
314
312
307
317
625
316
314
316
313
313
310
311
313
314
631
315
316
313
308
313
311
316
312
317
314
314
316
309
311
315
313
316
307
313
315
312
317
309
314
314
312
318
310
313
314
314
319
307
316
314
313
320
305
317
312
319
317
312
314
313
320
316
311
313
318
313
320
313
313
317
315
319
313
313
319
313
320
314
314
319
313
320
312
317
318
314
321
311
318
318
315
321
311
317
318
313
324
315
315
318
317
323
314
315
320
316
323
317
316
319
316
324
317
316
320
316
325
318
316
321
317
324
320
314
322
319
324
318
319
322
320
324
318
319
324
319
326
320
320
324
320
326
322
322
323
322
650
324
323
323
330
325
326
322
326
329
327
329
323
325
326
329
330
324
326
326
326
328
329
327
327
326
331
329
329
325
329
329
329
335
326
326
330
332
332
328
331
328
331
331
332
336
324
330
332
335
335
333
336
331
331
334
332
337
334
334
330
337
335
341
338
334
333
333
339
338
341
339
336
338
336
342
341
337
341
339
339
334
338
340
339
680
340
333
336
339
339
340
338
342
336
337
335
339
274
388
349
338
334
335
342
336
341
343
339
340
336
340
340
343
340
341
338
337
340
337
341
338
339
338
333
339
340
337
341
342
336
334
341
337
341
344
339
340
337
341
341
343
342
344
342
338
341
343
339
344
342
344
342
342
338
343
345
270
400
353
343
341
342
346
343
691
348
339
342
348
346
694
349
347
347
341
349
347
347
348
346
350
344
346
343
346
345
349
348
345
350
345
342
347
347
350
350
348
352
349
345
347
347
349
349
349
350
351
346
344
350
349
350
677
366
350
350
346
349
348
350
351
347
353
349
346
272
404
360
352
350
354
352
348
348
350
353
353
349
353
354
351
349
351
351
351
353
350
354
351
354
347
349
345
352
350
349
704
354
350
349
347
350
349
351
349
349
350
345
346
347
349
349
352
349
351
350
346
348
346
349
350
347
351
351
346
344
352
350
348
352
352
354
349
351
351
352
352
354
353
353
354
350
351
350
354
351
352
354
354
358
354
353
349
352
353
353
356
355
356
354
353
350
354
348
354
348
354
357
353
351
349
354
351
351
351
354
354
350
350
347
351
349
348
354
347
356
347
349
346
350
348
350
347
349
349
344
349
349
348
351
349
353
348
348
346
345
350
346
349
347
352
343
345
348
346
701
350
352
349
347
349
349
349
352
346
352
348
347
345
349
349
353
350
352
351
346
347
347
352
350
353
352
354
353
349
349
352
352
354
354
354
351
353
347
350
346
352
349
351
347
349
347
347
351
347
287
397
352
344
342
342
342
338
341
341
343
342
343
339
342
341
338
341
341
341
338
338
333
337
334
339
336
339
336
336
337
335
336
332
339
335
332
331
333
329
332
330
334
329
335
333
332
333
329
330
327
330
328
333
327
329
664
332
329
327
323
327
326
331
324
328
331
327
327
324
325
321
325
322
324
327
320
326
324
321
318
325
632
328
320
323
320
319
320
318
320
319
319
323
325
320
317
319
321
320
318
323
319
323
314
318
316
320
320
316
320
320
316
314
319
316
317
323
318
319
314
319
316
317
318
317
318
315
316
314
316
316
316
637
319
311
320
314
317
321
318
320
315
317
314
316
318
316
317
316
317
313
316
319
314
640
318
311
317
316
315
321
317
318
313
316
314
316
315
315
316
313
313
310
317
315
313
316
316
310
311
315
313
314
316
314
313
310
313
313
311
316
313
313
308
312
311
313
624
315
304
314
310
312
317
313
313
308
312
312
311
314
311
313
310
309
310
313
308
313
316
309
309
311
310
314
311
314
311
310
308
308
311
312
311
309
311
302
314
307
312
313
312
309
307
311
621
313
310
310
306
308
310
311
310
309
309
304
311
312
307
311
313
306
304
313
619
313
311
307
309
309
309
312
313
307
310
305
309
311
309
309
313
306
307
310
308
312
311
313
308
307
309
310
310
312
307
310
304
310
310
307
311
312
304
307
310
308
312
310
309
307
306
308
309
310
311
306
307
303
311
310
305
312
308
304
309
307
309
311
313
303
310
305
309
310
310
310
304
307
306
307
309
305
310
305
303
310
306
621
304
303
310
306
310
310
310
308
303
307
306
309
307
310
309
299
312
305
311
309
311
307
305
308
306
309
308
308
308
299
312
615
309
308
305
306
306
309
307
309
305
305
303
310
613
309
304
307
306
308
308
308
309
304
306
301
311
303
311
311
301
309
305
308
307
310
308
301
306
305
308
613
308
610
306
306
310
305
311
302
304
308
307
311
309
309
304
304
307
306
313
307
308
304
307
307
308
310
306
310
301
307
306
306
313
306
309
303
308
308
308
309
306
308
302
307
308
305
310
306
305
304
307
307
308
310
304
305
303
306
309
304
308
305
303
306
305
310
306
311
307
302
302
306
309
304
307
304
302
307
304
310
307
309
302
305
304
305
309
304
308
303
303
304
304
311
306
308
302
303
306
304
309
303
309
301
303
306
304
311
306
306
302
304
304
304
308
301
309
302
301
304
304
308
306
303
304
307
309
301
303
303
306
307
306
300
306
310
307
300
306
307
305
311
303
303
308
306
307
301
305
309
306
304
304
309
309
304
304
307
305
311
302
305
311
306
308
301
309
309
309
303
309
311
311
302
310
310
310
309
306
307
311
312
309
305
312
311
311
307
306
312
311
308
305
310
308
313
305
308
312
311
311
303
312
313
311
307
312
313
314
307
311
310
316
313
310
311
314
313
317
310
313
313
314
313
308
316
319
313
313
309
314
318
316
316
308
317
318
317
318
313
313
320
316
320
311
318
319
317
320
313
318
320
318
324
311
321
318
324
322
317
321
320
324
324
320
322
321
320
325
323
321
317
322
326
321
325
314
325
322
322
329
314
324
322
634
328
324
323
326
330
323
327
320
324
327
325
328
322
324
325
326
329
322
325
320
326
329
325
327
317
329
325
326
331
322
323
327
325
330
328
326
319
328
329
327
329
326
320
327
323
328
331
322
322
328
657
329
327
325
327
331
329
334
330
327
329
329
332
334
329
329
327
332
331
332
333
327
332
330
337
333
336
332
332
334
334
335
337
333
332
330
337
669
339
333
334
337
336
338
338
338
334
336
335
339
338
339
337
331
339
336
342
337
342
338
335
339
336
340
336
341
337
331
341
337
343
341
343
339
338
341
339
343
339
342
339
339
339
341
340
344
340
338
341
340
668
354
341
343
343
342
346
343
347
338
342
346
342
349
347
346
343
343
342
346
348
343
347
341
340
344
342
346
345
348
343
344
342
342
346
343
347
345
343
341
345
344
346
346
345
343
340
341
345
341
350
346
345
343
345
343
345
346
342
349
342
340
344
342
348
345
348
343
345
341
344
347
341
348
344
342
342
344
349
348
351
344
346
341
345
344
345
346
346
341
342
347
344
346
348
346
346
342
342
347
343
349
347
345
342
349
346
345
350
346
347
344
342
347
344
349
346
351
346
344
342
348
348
345
349
348
345
343
350
347
347
351
348
349
344
342
349
346
352
349
352
346
349
347
346
350
348
352
349
348
346
350
349
348
353
347
353
347
348
348
349
351
350
353
351
350
346
346
349
349
349
351
352
348
350
349
348
349
349
699
353
347
348
349
351
351
350
352
350
351
347
344
351
347
354
351
354
350
349
347
345
350
346
352
352
350
347
350
347
349
352
346
353
347
345
349
348
350
351
353
349
349
347
347
349
348
351
352
348
348
350
348
348
354
349
351
347
344
350
347
351
351
354
347
348
348
348
350
350
351
351
347
349
351
351
350
354