1269
1194
1243
1311
1241
1159
1121
1322
1313
1305
1267
1317
1343
1287
1209
1306
1387
1355
1316
1250
1316
1364
1297
1354
1352
1278
1168
1111
1216
1388
1393
1282
1162
1282
1396
1400
1382
1409
1397
1318
1257
1275
1509
1513
1360
1393
1545
1398
1312
1235
1391
1427
1409
1253
1352
1427
1382
1349
1350
1425
1354
1244
1229
1323
1347
1217
1141
1322
1448
1382
1239
1317
1363
1299
1176
1136
1277
1395
1301
1251
1263
1258
1343
1311
1194
1225
1344
1342
1312
1203
1241
1420
1433
1282
1175
1298
1484
1489
1418
1271
1293
1297
1286
1226
1168
1357
1435
1367
1276
1340
1369
1321
1280
1165
1292
1351
1330
1242
1149
1310
1413
1404
1339
1274
1396
1488
1392
1321
1233
1183
1309
1446
1354
1292
1204
1324
1411