1085
1095
1043
1090
1188
1190
1146
1110
1092
1153
1276
1181
1114
1147
1141
1117
1086
1127
1189
1314
1218
1095
1118
1248
1297
1198
1190
1173
1246
1318
1263
1176
1251
1317
1280
1191
1213
1239
1275
1169
1104
1188
1276
1229
1112
1146
1191
1137
1037
1054
1091
1159
1158
1119
1178
1265
1238
1160
1080
1117
1142
1166
1080
1064
1089
1192
1323
1329
1186
1170
1243
1333
1368
1188
1192
1351
1278
1174
1250
1358
1260
1206
1305
1374
1312
1165
1230
1330
1293
1206
1182
1326
1329
1165
1105
1120
1236
1207
1142
1216
1363
1215
1190
1174
1104
1077
1107
1261
1176
1111
1129
1106
1163
1117
1155
1303
1294
1184
1212
1159
1113
1037
1157
1309
1182
1065
1067
1113
1184
1115
1048
1073
1154
1141
1090
1133
1177
1102
1150
1153
1108
1085
1195
1242
1128
1086
1123
1091
1115
1121