710
714
703
705
682
640
679
1460
844
878
857
814
783
759
733
712
692
672
654
643
646
650
682
729
1748
897
848
805
761
733
709
688
686
672
662
649
640
643
654
690
732
821
880
873
837
793
748
719
696
687
674
662
656
649
648
657
676
707
748
1652
836
803
769
738
721
706
697
689
679
679
668
660
656
665
689
1554
854
824
828
799
752
730
716
697
688
680
667
658
658
646
647
669
693
758
879
941
941
905
884
812
765
743
720
691
671
655
638
635
632
644
685
754
930
908
937
866
833
790
749
734
707
679
662
647
642
647
671
696
792
927
923
874
863
801
774
744
722
702
684
664
649
646
649
669
2476
890
890
860
793
754
735
733
724
703
680
662
649
645
649
664
718
832
1853
933
882
877
807
759
729
702
677
658
649
631
634
639
655
713
830
917
858
844
802
764
726
704
685
670
656
646
635
627
631
646
687
740
812
859
838
812
753
721
697
685
682
670
656
645
640
635
641
658
693
786
837
841
808
771
730
708
691
672
657
646
638
632
622
618
624
635
666
751
878
923
901
866
815
765
731
713
703
691
678
663
652
645
645
650
666
708
752
814
809
772
751
730
716
711
701
693
680
672
662
654
652
662
686
752
831
851
806
774
734
711
697
687
675
665
657
647
645
649
654
686
720
758
815
816
824
795
762
732
711
691
675
662
649
642
633
626
623
626
646
677
729
795
834
812
765
736
717
697
682
671
664
658
652
645
650
654
676
706
755
815
805
795
761
729
702
688
676
663
658
654
645
643
634
635
642
657
682
743
792
829
798
770
733
704
687
673
663
653
649
642
637
633
627
631
649
686
747
783
777
790
775
748
725
714
697
690
683
669
658
652
638
643
658
686
719
773
808
817
787
759
733
711
692
680
673
669
665
664
654
651
653
667
690
752
854
883
840
792
759
726
699
681
670
656
646