1289
1215
1182
1167
1171
1186
1098
1018
1192
1243
1359
1206
1119
1207
1450
1317
1188
1065
1069
1233
1528
1448
1388
1148
1111
1308
1487
1476
1316
1217
1301
1401
1271
1101
1103
1411
1473
1250
1290
1475
1432
1428
1262
1247
1403
1381
1290
1119
1149
1433
1409
1224
1337
1314
1199
1272
1282
1174
1078
1175
1353
1303
1187
1385
1330
1229
1162
1229
1402
1273
1248
1294
1237
1305
1339
1287
1232
1299
1150
1176
1475
1342
1219
1270
1218
1092
1102
1263
1251
1155
1299
1288
1235
1254
1245
1262
1168
1247
1250
1227
1286
1292
1146
1214
1323
1199
1207
1220
1178
1210
1301
1192
1141
1159
1217
1135
1128
1181
1226
1165
1200
1175
1107
1154
1255
1096
1139
1162
1071
1054
1180
1349
1185
1133
1248
1193
1237
1301
1247
1153
1108
1243
1328
1246
1125
1170
1193