1348
1191
1205
1340
1443
1421
1191
1188
1332
1376
1380
1374
1286
1272
1304
1313
1249
1356
1342
1314
1166
1234
1487
1458
1304
1318
1423
1404
1338
1217
1260
1365
1428
1385
1248
1296
1446
1510
1432
1428
1463
1396
1307
1392
1467
1425
1264
1269
1436
1464
1394
1355
1446
1400
1314
1277
1355
1408
1359
1396
1512
1518
1446
1434
1445
1379
1281
1328
1474
1369
1296
1449
1525
1415
1403
1520
1428
1280
1346
1405
1349
1276
1351
1360
1277
1352
1409
1302
1224
1360
1417
1353
1437
1363
1259
1325
1382
1340
1246
1345
1352
1309
1192
1208
1229
1194
1128
1177
1306
1368
1266
1186
1180
1229
1183
1140
1182
1235
1193
1163
1220
1225
1161
1123
1211
1279
1222
1198
1300
1399
1411
1322
1394
1360
1274
1264
1331