863
1009
1157
1108
1086
1427
1390
1353
1243
1300
1325
1278
1176
1214
1283
1403
1341
1325
1506
1369
1360
1578
1541
1406
1408
1290
1190
1208
1173
1105
1025
1100
1239
1137
1211
1400
1355
1230
1315
1284
1205
1494
1508
1381
1447
1292
1212
1456
1349
1468
1434
1302
1380
1435
1449
1483
1421
1396
1401
1417
1299
1378
1451
1416
1234
1263
1455
1419
1394
1402
1222
1218
1161
1110
1220
1488
1393
1274
1421
1302
1205
1193
1270
1185
1120
1243
1178
1084
1160
1220
1158
1116
1138
1314
1382
1434
1376
1267
1395
1407
1438
1399
1461
1372
1399
1554
1500
1457
1460
1387
1461
1348
1396
1510
1387
1285
1390
1332
1367
1441
1283
1285
1188
1251
1405
1380
1370
1382
1189
1216
1331
1264
1348
1361
1252
1239
1253
1180