1271
1158
1170
1248
1227
1331
1197
1221
1254
1221
1272
1191
1290
1228
1204
1289
1165
1147
1165
1121
1206
1284
1198
1335
1204
1087
1220
1387
1157
1154
1147
1072
1097
1060
1059
976
919
914
896
863
841
821
819
816
855
942
1062
1048
905
919
898
981
1146
1204
1219
1109
1136
1204
1230
1156
1297
1290
1219
1122
1140
1083
1180
1294
1098
1160
1215
1055
1069
984
970
984
1083
1050
1153
1149
1098
1195
1249
1230
1188
1180
1120
1236
1112
1142
1207
1058
1098
1137
1142
1204
1081
1159
1344
1169
1163
1020
1013
992
937
886
949
952
1032
950
995
1016
1035
1075
1015
1055
1303
1147
1073
1102
1063
1082
1245
1225
1163
1299
1110
1049
1107
1171
1205
1265
1131
1182
1126
1074
1124
1089
1063
1155
1166
1074
1094
1107
1137
1186
1109
1020
996
932
973
1063
1087
1090
1063
968
920
930
956
922
951
991
1003
1055
1129
1095
1078
1103
989
1027
1125
1065
1162
1127
1082
1122
1076
1049
1108
1109
1069
1078
1021
1015
933
966
945
960
984
970
970
969
940
933
918
899
895
898
879
906
941
934
979
964
927
915
896
870
846
812
819
798
794
794
782
795
777
796
812
796
813
825
809
810
829
817
817
813
793
791
771
771
754
735
706
743
715
705
716
721
727
725
775
818
841
880
923
887
881
864
854
826
837
826
823
848
870
890
910
912
900
896
865
828
814
791
776
764
758
771
803
822
895
924
891
896
891
881
899
946
940
951
891
898
873
853
851
891
917
988
993
1002
1069
950
884
925
979
1533
1396
1337
1265
1196
1183
1159
1138
1473
1244
1129
1264
1211
1169
1344
1167
1203
1152
1103
1179
1079
1195
1112
1099
1163
1063
1105
1095
1120
1041
1058
1167
1191
1105
1154
1056
1128
1406
1434
1287
1156
1218
1208
1200
1217
1109
1233
1154
1283
1249
1119
1295
1300
1372
1354
1245
1305
1244
1353
1373
1250
1497
1300
1308
1254
1130
1204
1246
1182
1261
1116
1199
1151
1059
1094
1104
1041
1089
1161
1084
1045
1050
1065
1081
1177
1162
1361
1276
1132
1376
1228
1178
1382
1288
1385
1313
1410
1180
1256
1268
1187
1293
1143
1166
1194
1104
1150
1142
1105
1216
1157
1172
1236
1102
1079
1105
1047
1114
1165
1137
1204
1180
1091
1121
1154
1098
1091
1020
1004
1035
998
1027
1113
1042
1077
1128
1074
1115
1092
1086
1122
1071
1111
1244
1104
1158
1153
1055
1093
1099
1005
1028
1033
983
1092
1239
1203
1327
1204
1110
1138
1274
1135
1168
1139
1161
1201
1115
1112
1120
1053
1111
1155
1063
1088
1137
1073
1112
1138
1093
1127
1086
1061
1086
1098
1097
1124
1034
1087
1124
1033
1051
1075
1069
1043
1056
1058
1017
1023
1079
1003
992
981
954
1026
1087
1065
1148
1053
1038
1039
959
953
965
950
973
1034
1015
1042
1055
1024
1064
1023
1013
1031
1067
1044
1188
1204
1073
1070
1037
1026
1056
1026
1020
1070
1063
1053
1098
1112
1113
1150
1121
1074
1090
1022
1043
1076
1007
1023
1076
1094
1230
1181
1093
1119
1136
1167
1167
1100
1030
1046
1052
1032
1062
1126
1109
1119
1086
1032
1100
1103
1120
1118
1057
1080
1141
1083
1160
1147
1055
1049
1042
1008
1039
1057
1036
1087
1078
1057
1112
1058
1018
1012
1017
1039
1119
1111
1090
1178
1146
1062
1054
1048
986
1007
1068
1036
1048
1089
1017
1045
1103
1065
1100
1082
1041
1079
1133
1090
1079
1056
967
973
1020
1056
1183
1222
1104
1038
1047
1035
1025
1084
1090
1049
1057
1024
1009
1072
1102
1044
1071
1043
995
996
1031
990
1058
1131
1029
1020
1061
1003
1037
1115
1039
1041
1054
978
983
1003
958
994
1110
1075
1083
1092
1031
1042
1072
998
1013
1104
1113
1132
1170
1142
1191
1256
1192
1195
1187
1063
1056
1084
1054
1114
1082
1049
1090
1011
1020
1026
988
1000
1038
1016
1033
1020
1005
1025
1068
1021
1057
1090
1046
1044
1056
1012
1040
1070
1038
1021
1050
1049
1030
1044
1101
1011
1017
1034
1001
993
1020
1045
1033
1054
1044
1016
1020
1005
970
967
1011
952
969
988
978
990
1022
984
994
1000
976
1021
1130
1036
1078
1104
1046
1119
1074
1021
1021
1034
997
1027
1059
1025
1047
1076
1018
996
983
934
935
958
975
993
1034
1095
1047
1062
1060
1022
1024
1016
1011
1019
1045
997
1019
1051
1008
1021
1031
1005
1035
1084
1028
1052
1078
1001
985
1006
973
1000
1070
1062
1084
1110
1007
1005
1036
979
1006
1094
1074
1099
1146
1158
1065
1062
1061
1021
1077
1157
1116
1247
1167
1089
1065
1013
988
1025
1032
995
1033
1096
1045
1078
1088
1015
1021
1046
1014
1034
1062
993
979
994
910
880
885
866
890
943
973
1036
1082
1087
1085
1021
1003
975
964
963
922
936
966
1090
1106
1051
1038
977
969
978
925
920
937
991
1026
1071
1019
1020
1014
980
962
970
929
941
1000
1015
1079
1081
1149
1114
1091
1095
1027
1019
1064
1035
1054
1114
1074
1072
1103
1064
1012
959
908
901
875
856
843
832
813
846
867
928
945
967
1000
969
967
954
965
1023
1096
1068
1143
1149
1063
1107
1129
1073
1156
1138
1097
1246
1161
1144
1210
1114
1173
1195
1064
1092
1064
1199
1196
1211
1152
1154
1096
1074
1039
1007
1054
1120
1032
1089
1175
1079
1146
1188
1066
1066
1074
1063
1162
1189
1120
1136
1064
1045
1067
1057
1017
1005
945
959
977
1060
1021
1087
1140
1113
1134
1107
1056
1052
1025
1016
1045
1114
1093
1145
1077
1034
1049
990
1014
1085
1039
1126
1174
1081
1136
1137
1072
1088
1099
1048
1078
1104
1046
1086
1123
1089
1047
1100
1037
965
968
967
969
1045
1144
1088
1110
1094
986
967
956
929
937
950
984
986
1056
1184
1061
1069
1124
1055
1109
1184
1092
1077
1089
1117
1092
1088
1044
1109
1189
1069
1088
1272
1104
1142
1148
1121
1080
1098
1090
1059
1028
1044
1005
992
1032
1134
1092
1192
1148
1080
1074
1074
1026
1003
1004
934
926
913
897
947
1017
1045
1025
1067
1046
1026
1059
1121
1075
1154
1185
1153
1123
1139
1127
1089
1134
1079
1095
1164
1068
1130
1256
1090
1109
1163
1061
1090
1105
1044
1107
1163
1067
1066
1097
1064
1028
1077
1081
1083
1148
1084
1022
1026
1021
1033
1051
1022
1026
1109
1142
1123
1160
1051
1047
1038
981
1021
1119
1060
1124
1129
1101
1173
1101
1025
1047
1099
1002
1042
1071
1053
1119
1116
1056
1103
1128
1029
1060
1089
1002
1059
1162
1058
1060
1068
1029
1029
1034
1073
1058
1108
1138
1076
1088
1033
1039
1081
1086
1064
1083
1034
1008
1043
1071
1030
1067
1085
1010
1046
1053
1021
1037
978
877
893
864
854
849
845
836
845
861
883
900
921
897
878
855
835
833
863
896
896
951
1119
1059
1112
1053
1035
1037
980
1017
1135
1122
1189
1183
1091
1122
1103
1076
1194
1164
1123
1206
1155
1115
1408
1241
1108
1212
1268
1121
1181
1157
1074
1137
1070
1046
1068
1042
1086
1100
1083
1157
1130
1080
1088
1096
1021
1038
1093
1021
1057
1118
1021
1024
1069
1041
1085
1146
1041
1083
1113
1066
1060
1098
1070
1037
1068
1075
1022
1051
1136
1102
1054
1077
1067
998
1021
1059
1005
1029
1062
993
982
996
954
981
1012
958
964
982
974
1019
1078
1072
1097
1082
1036
1047
1037
985
1011
1078
1011
1045
1083
1034
1109
1168
1065
1086
1144
1072
1049
1024
982
1012
1056
1038
1060
1093
1063
1021
1045
1111
1087
1031
1037
1074
986
1022
1072
1046
1025
1063
1045
1040
1079
1146
1104
1278
1244
1166
979
962
924
911
953
996
1008
1130
1115
1076
1087
1089
1089
1170
1154
1086
1102
1083
1052
1144
1146
1046
1058
1045
982
1007
1028
999
1022
1037
1012
1025
1089
1091
1140
1128
1081
1136
1110
1045
1066
1136
1062
1117
1134
1048
1092
1125
1064
1064
1082
1061
1025
1051
1076
1033
1086
1133
1064
1040
1053
1021
1023
1050
1051
1021
1029
1042
961
938
894
897
893
917
922
997
1056
998
998
1001
956
975
1018
981
979
1009
1049
1058
1137
1139
1080
1098
1016
1021
1046
986
1053
1103
1057
1145
1155
1030
1030
991
964
952
979
935
938
940
947
999
1001
1010
1059
1018
1034
1063
1009
1035
1098
1065
1126
1229
1102
1126
1190
1148
1108
1060
988
996
1031
974
1016
1077
1022
1094
1146
1111
1159
1164
1064
1104
1143
1052
1070
1139
1106
1056
1017
992
1016
1082
1193
1115
1157
1131
1063
1068
1068
1021
1047
1074
1023
1027
1064
1090
993
973
951
933
945
1033
1025
1123
1193
1159
1108
1108
1069
1023
906
926
886
848
820
860
844
854
904
953
951
919
897
883
866
851
841
833
832
834
831
827
835
821
858
852
858
887
909
870
877
840
806
795
771
751
759
765
797
919
1049
1041
1132
1043
1052
1034
1000
998
952
989
924
937
897
945
974
945
953
890
915
866
866
840
806
808
809
807
853
889
914
961
951
961
921
921
919
897
978
1089
1072
1375
1184
1203
1122
1123
1180
1100
1082
1124
1160
1168
1110
1162
1052
1100
1115
1110
1174
1132
1223
1125
1071
1129
1103
1091
1138
1041
1126
1139
1135
1119
1057
1117
1109
1128
1146
1014
1047
1044
1111
1211
1100
1188
1080
1139
1122
1117
1173
1080
1094
1122
1039
1164
1269
1212
1315
1210
1248
1094
1116
1167
1112
1192
1128
1101
1096
1009
1089
1151
1174
1223
1113
1093
1131
1070
1242
1246
1206
1282
1203
1205
1199
1052
1117
1287
1160
1267
1236
1126
1201
1209
1142
1219
1155
1152
1325
1201
1172
1247
1188
1130
1230
1194
1146
1264
1088
1067
1107
1065
1130
1141
1086
1062
1058
1074
1084
1001
1021
1042
948
937
901
882
907
1024
1072
1423
1218
1208
1220
1084
1129
1155
1077
1111
1139
1040
1070
1124
1060
1181
1233
1122
1157
1050
1101
1165
1031
1113
1287
1194
1080
1101
1170
1044
1095
1160
1054
1064
1079
1014
1103
1136
1011
1042
1051
1005
1008
1036
1016
1034
1050
967
953
940
902
909
903
896
886
894
924
923
979
1065
1020
1064
1087
1041
1063
1062
1034
1049
1025
1018
1039
1044
1022
1039
1071
1011
1052
1107
1022
970
917
929
901
924
961
959
980
1003
996
1003
1028
1031
1006
1039
1092
1027
1068
1081
1041
1126
1157
1088
1109
1090
1016
1021
1019
1020
1033
1001
1008
1035
1027
1039
1057
1022
1045
1083
1027
1061
1086
1018
1020
1014
1001
1021
1019
989
1010
1022
997
994
950
938
936
896
903
896
888
931
993
982
1030
1085
1029
1045
1055
1022
1062
1079
1040
1081
1104
1011
1063
1113
1010
1024
1052
991
999
1045
1015
1021
1060
1095
1034
1040
1046
1000
1005
1042
986
990
1034
995
943
894
920
903
874
909
924
951
957
1011
1046
999
1043
1002
912
880
873
871
921
1021
994
1046
1071
1090
1068
1099
1111
1096
1026
1021
1020
971
1012
1046
1069
997
1072
1105
1051
1113
1104
1054
1063
1067
1043
1111
1107
1009
1057
1087
1013
1047
1078
1063
1126
1134
1077
1147
1108
1070
1114
1083
1054
1075
1044
1034
1080
1147
1090
1103
1047
1057
977
955
1010
1037
986
999
997
978
990
994
954
971
1011
969
996
1080
1041
968
943
880
911
923
924
1034
1132
1065
1114
1079
1067
1068
994
994
979
948
947
930
929
964
979
953
963
944
927
931
935
924
963
998
951
1017
1103
1019
1051
1099
1044
1076
1034
1002
1016
1004
1006
1041
1035
996
1040
1090
1003
1023
1056
1019
997
1039
1079
1001
1001
987
938
955
980
947
1000
1035
992
1032
1021
1011
1010
992
982
997
1028
1029
1112
1159
1079
1115
1100
1046
1089
1042
1042
1058
1017
1092
962
943
920
934
918
972
1040
1008
1029
1059
995
1028
1069
1007
969
916
923
907
927
930
1012
1099
1060
1151
1144
1063
1058
1031
995
1002
1022
967
995
1063
1018
1067
1074
1015
1031
1028
984
985
1003
981
1007
1025
971
1003
1038
992
1023
1057
997
1039
1001
930
966
1036
968
939
949
917
932
953
924
967
1007
958
1011
1071
1054
1110
1206
1170
1090
1107
1090
1018
1056
1136
1037
1077
1113
950
938
907
918
930
913
936
957
954
948
952
961
938
968
1009
965
999
1048
1044
1125
1111
1061
1052
1050
1021
1058
1065
1026
1044
1011
1005
1024
1045
1008
1023
1014
996
1005
974
961
924
869
894
880
854
891
904
883
890
846
862
860
855
866
894
935
955
1021
1092
1166
1218
1156
1090
1137
1087
1063
1140
1085
1032
1053
1067
1063
1103
1069
1010
1037
1052
1038
1125
1079
1032
1039
1007
990
1025
1036
1022
1140
1066
1055
1104
1079
1113
1161
1116
1107
1121
1037
1090
1234
1123
1107
1154
1134
1078
1102
1088
1076
1151
1143
1075
1134
1132
1069
1072
957
955
911
861
849
823
855
891
922
1043
1099
1049
1101
1097
991
999
1016
955
1009
1127
1115
1105
1191
1116
1111
1206
1070
1014
1029
952
1001
1049
1000
1091
1103
1046
1070
1043
1015
1043
1054
996
1027
1067
1028
1064
1043
1011
1047
1013
985
1006
995
967
1008
1066
1041
1112
1095
1050
1098
1107
1058
1099
1144
1042
1123
1201
1115
1196
1179
1083
1154
1136
1076
1178
1209
1053
1065
1074
996
1063
1165
1057
1140
1130
1015
1051
1100
1042
1063
1089
1054
1075
1112
1043
1096
1176
1096
1137
1110
1044
1104
1072
1066
1085
1022
1044
1097
1050
1104
1169
1088
1114
1086
984
1006
1035
966
989
1053
1060
1073
1191
1104
1019
1047
1104
983
938
926
938
949
1021
1185
1087
1201
1151
1090
1119
1094
1035
1087
1214
1087
1184
1195
1069
1157
1194
1103
1122
1150
1041
1105
1105
980
992
1004
971
1099
1309
1139
1183
1206
1168
1144
1057
1058
1088
1011
1099
1110
1087
1229
1170
1187
1185
1132
1098
1138
1142
1070
1128
1076
1069
1148
1099
1071
1139
1106
1068
1124
1083
1051
1104
1051
959
995
1049
982
1027
1060
987
1046
1094
989
1024
1083
1055
1042
1121
1129
1069
1170
1165
1051
1096
1162
1092
1184
1238
1091
1059
1114
970
892
853
878
849
899
875
839
854
850
827
813
796
799
765
752
750
751
764
775
796
823
848
871
903
970
1056
1098
948
970
1014
949
1013
1076
1075
1105
1178
1104
1055
1040
993
986
1103
1113
1024
1048
1004
1021
982
663
1110
694
624
1587
1318
4652
506
1014
507
502
509
1006
499
508
3024
502
498