963
941
963
997
1086
1038
1012
988
986
998
993
982
952
960
966
984
959
965
978
1004
1001
970
1051
1057
1009
1028
1059
1068
1052
1035
1059
1080
1030
1022
1011
981
967
980
992
1023
1025
1077
1063
1010
984
1002
1009
981
1007
1013
1000
971
985
959
955
938
978
986
979
950
944
933
935
909
910
934
936
918
935
977
1002
977
975
962
949
920
897
917
951
979
934
980
1024
1017
1016
985
987
1008
1008
989
954
966
1009
1057
1055
1021
1036
1071
1033
979
998
1005
1008
961
975
1004
1026
993
1020
1046
1036
995
1011
1028
1031
1001
1013
1024
1031
988
1007
1066
1090
1024
1021
1062
1063
1006
1006
1032
1023
982
986
1015
1030
991
1048
1078
1054
1013
1024
1065
1057
987
984
975
969
935
968
1010
1041
1002
1019
1060
1062
1007
1016
1029
1028
977
986
998
1003
968
1008
1050
1034
964
983
1041
1056
1002
1015
1021
1002
959
952
922
929
915
901
918
1054
1164
1101
1072
1114
1105
1046
1037
1042
1016
994
957
980
993
979
959
979
1016
1053
1047
1041
1095
1085
1027
1022
1071
1053
1015
1024
1079
1099
1022
1045
1077
1060
1010
1013
1055
1069
1026
1021
1075
1035
1004
968
983
1004
976
978
1016
1043