1001
1053
1037
1033
976
928
905
940
999
1019
957
958
1055
1102
1079
980
991
1001
1024
1037
993
983
973
916
896
918
995
992
976
941
899
864
854
842
844
869
858
881
948
1031
1153
1129
1065
1056
1039
993
927
934
958
1004
970
986
972
1025
1021
1064
961
934
960
1040
1171
1110
1108
1102
1146
1147
1032
993
1012
1008
1025
978
999
1015
1059
1065
1197
1234
1259
1190
1202
1238
1133
1163
1287
1275
1160
1111
1088
1060
998
1046
1068
1026
1050
1095
1012
946
955
959
954
938
985
1023
1021
971
1013
1063
1070
990
1019
1011
1021
970
979
1007
1030
1019
1050
1202
1152
1060
978
999
1033
1046
1025
1021
1090
1123
1097
1097
1106
1145
1104
1044
1072
1088
1021
1030
1088
1111
1060
1027
1090
1155
1108
1028
1097
1068
1026
957
930
932
1007
964
958
980
1109
1207
1136
1111
1071
1034
1035
1007
981
1008
1051
1041
1037
1045
1117
1129
1105
1076
1057
1039
1045
1175
1114
1159
1182
1105
1080
1105
1124
1085
1125
1115
1079
1045
1072
1023
1004
1034
1122
1167
1086
1145
1143
1096
1103
1123
1100
1060
1043
1069
1104
1073
1125
1088
1035
1031
1033
1047
1049
1113
1105
1033
991
920
866
851
853
841
974
965
942
941
1014
1012