340
3344
1315
1239
1152
1091
1109
1198
1149
1105
1050
985
1011
1106
1217
1138
1013
1045
1079
1069
1001
976
983
1002
989
989
1192
1183
1070
1058
1059
1074
1033
1065
1115
1209
1113
1065
1123
1326
1277
1210
1099
1142
1229
1259
1175
1085
1226
1255
1235
1169
1127
1092
1001
1006
1092
1288
1175
1153
1180
1127
1043
1033
1044
1131
1113
1099
1083
1127
1154
1180
1156
1286
1197
1031
962
1015
1358
1302
1080
1008
1074
1065
1082
1041
1129
1104
1038
979
968
981
1023
1097
1071
993
956
972
989
966
938
944
979
997
1011
1010
1021
1016
1041
1030
1023
963
976
1059
1228
1222
1175
1068
1110
1178
1230
1121
1067
1188
1382
1349
1166
1106
1105
1152
1065
1136
1225
1230
1121
1144
1113
1099
1053
1123
1247
1260
1167
1143
1137
1084
1073
1131
1162
1127
1144
1244
1173
1066
1095
1240
1167
1113
1120
1150
1020
1017
1056