1062
1100
1271
1251
1148
1103
1192
1269
1166
1079
1062
1224
1085
1108
1296
1339
1220
1184
1221
1229
1175
1272
1271
1210
1166
1206
1165
1128
1220
1354
1255
1129
1185
1203
1116
1201
1231
1175
1108
1179
1240
1225
1104
1165
1207
1133
1097
1111
1081
1086
1242
1268
1193
1150
1156
1176
1082
1235
1325
1267
1191
1197
1117
1068
1088
1078
1065
1117
1117
1045
1047
1097
1079
1040
1075
1108
1085
1038
1052
1070
1059
1063
1136
1078
999
1032
1067
1037
1034
1090
1093
1002
1028
1068
1071
1037
1041
1124
1124
1050
1062
1042
1033
983
1000
1065
1127
1059
1087
1168
1080
1014
1006
1015
996
1021
1083
1176
1089
1106
1166
1105
1047
1138
1196
1095
1107
1187
1228
1109
1168
1217
1140
1100
1214
1143
1079
1117
1162
1133
1057
1067
1116
1118
1186
1185
1091
1048
1061
1031
1016
1101
1200
1122
1086
1125
1151
1139
1080
1108
1110
1068