1009
1003
1002
984
942
904
920
932
962
969
939
962
946
960
967
964
953
928
906
925
955
972
938
924
959
944
924
938
1000
1063
1037
998
999
1024
1006
970
976
956
937
941
908
901
917
974
1032
1020
1009
1044
1052
1059
1021
1024
1041
1034
1027
1053
1068
1042
1026
1048
1063
1065
1032
1021
1069
1080
1051
1031
1075
1083
1090
1029
1045
1091
1072
1033
1026
1058
978
989
994
985
953
984
962
924
910
912
962
1036
1033
1013
962
1000
1029
1034
1003
954
986
997
1015
1002
964
971
990
1026
1025
996
980
973
1002
1005
1009
946
973
1023
1084
1142
1074
1063
1104
1057
1009
1022
1069
1131
1094
1042
1111
1090
1013
986
1013
1033
1017
1027
1117
1171
1173
1108
1160
1121
1070
999
981
984
947
901
959
1078
1108
1058
1080
1079
1019
979
965
953
968
1003
970
962
1036
1059
1019
1062
1025
994
925
903
908
912
886
889
1111
1285
1150
1040
1046
1021
1034
967
1004
1103
1138
1134
1136
1158
1166
1157
1118
1115
1085
1103
1105
1056
1036
1049
1066
1123
1076
1126
1031
974
1027
1044
1085
1084
1080
1146
1056
1013
988
946
948
937
914
903
877
858
889
1020
1183
1116
1008
961
907
888
882
928
958
1039
1020
1031
1076
1076
1042
976