871
896
937
981
959
938
931
918
917
910
861
843
832
800
791
794
826
1073
991
964
929
910
925
947
979
1010
959
951
876
849
835
835
865
937
928
927
936
910
917
910
926
899
865
863
867
896
945
962
950
937
944
935
911
891
862
868
886
901
962
948
891
887
927
968
989
997
962
945
961
988
996
974
926
956
996
947
911
917
938
972
966
890
886
908
1041
1083
1001
932
904
896
898
883
846
873
871
857
849
824
834
889
928
978
965
962
989
949
916
929
932
948
903
903
895
890
870
886
891
947
982
1031
1097
1132
1024
1030
981
981
1014
1014
915
884
866
861
834
852
853
920
1016
1050
1017
948
939
913
905
878
864
872
893
951
944
981
1047
990
951
918
911
958
974
932
940
1033
1030
1002
979
992
1004
942
936
922
906
902
916
968
889
907
929
957
948
948
993
1018
962
977
984
922
874
863
860
893
979
976
970
1046
1039
998
1018
1091