1378
1313
1372
1426
1391
1287
1237
1408
1478
1384
1287
1413
1486
1390
1344
1416
1402
1330
1375
1431
1392
1316
1291
1364
1405
1336
1244
1379
1436
1285
1253
1397
1481
1521
1476
1537
1456
1380
1400
1454
1391
1402
1482
1396
1359
1468
1461
1415
1491
1464
1354
1521
1644
1539
1377
1403
1470
1494
1426
1539
1514
1505
1481
1534
1522
1451
1469
1479
1426
1531
1497
1396
1448
1544
1410
1481
1557
1458
1400
1528
1474
1408
1398
1433
1488
1411
1518
1496
1504
1449
1474
1466
1443
1515
1480
1421
1422
1397
1317
1415
1382
1199
1304
1349
1192
1313
1309
1227
1217
1355
1352
1313
1434
1382
1375
1354
1334
1245
1261
1465
1412
1349
1516
1434
1383
1482
1442
1341
1465