1121
1090
1047
1015
1039
1039
1023
1015
1016
1088
1200
1207
1095
1057
1111
1133
1068
1014
1028
1133
1155
1084
1038
1077
1181
1203
1157
1069
1068
1078
1122
1075
1049
1133
1246
1169
1134
1169
1210
1185
1124
1029
1068
1194
2303
1056
1110
1151
1164
1102
1103
1118
1090
1057
1010
1063
1168
1174
1155
1079
1110
1120
1117
1089
1149
1139
1115
1076
1031
1028
1139
1333
1250
1132
1033
1029
1018
1033
1007
1007
1067
1101
1087
1065
1111
1200
1192
1089
1076
1084
1117
1074
1053
1174
1158
1121
1120
1118
1140
1066
1010
1015
1043
1067
990
978
1032
1146
1148
1079
1045
1105
1104
1028
1042
1051
1050
998
994
1070
1189
1223
1073
1076
1078
1070
1021
1093
1163
1138
1091
1120
1131
1114
1062
1091
1136
1082
1007
954
1000
1157
1165
1076
1127
1173
1145
1085
1096
1076
1043
1015
1063
1121
1043
1039
1109
1148
1076
1043
1114
1158
1076
1005