1087
1032
1114
1193
1230
1147
1100
1173
1187
1110
1124
1127
1128
1101
1185
1208
1142
1136
1182
1185
1104
1251
1354
1254
1199
1263
1248
1119
1146
1185
1159
1170
1217
1205
1184
1272
1227
1150
1219
1188
1177
1352
1336
1200
1172
1234
1199
1183
1215
1187
1152
1207
1185
1120
1216
1226
1229
1216
1255
1247
1160
1196
1210
1117
1191
1205
1066
1099
1210
1177
1206
1306
1356
1246
1286
1274
1203
1285
1270
1121
1098
1154
1173
1221
1121
1024
998
1088
1132
1119
1053
1117
1110
1119
1077
1084
1177
1188
1177
1246
1257
1161
1245
1256
1229
1402
1362
1194
1296
1336
1253
1466
1385
1345
1392
1274
1328
1316
1252
1336
1244
1215
1427
1308
1192
1322
1290
1271
1367
1278
1313
1430
1406
1385
1483
1347
1297
1361
1285
1218
1394
1325
1305
1387
1316
1206
1340
1289
1177