992
942
952
962
1018
1122
1106
1111
1098
1077
1073
1069
1081
1158
1118
1106
1102
1119
1148
1231
1195
1131
1102
1132
1187
1149
1166
1188
1149
1203
1181
1175
1141
1170
1192
1209
1225
1217
1123
1108
1109
1246
1272
1230
1135
1102
1067
1104
1231
1288
1243
1158
1109
1167
1211
1257
1196
1161
1133
1162
1231
1186
1123
1093
1174
1265
1229
1143
1079
1139
1162
1157
1104
1060
1078
1144
1172
1157
1120
1174
1206
1255
1229
1207
1206
1221
1180
1170
1130
1064
1124
1188
1151
1115
1077
1081
1114
1104
1069
1029
1027
1061
1127
1113
1062
1091
1139