1118
1130
1106
1086
1176
1129
1047
1048
1090
1121
1131
1038
1018
1089
1093
1081
1060
1039
1013
1060
1114
1111
1084
1066
1058
1100
1071
1069
1050
1111
1187
1238
1094
1112
1216
1230
1221
1338
1195
1157
1203
1135
1168
1246
1076
1022
1057
1084
1107
1084
1140
1101
1060
1134
1159
1185
1104
1106
1128
1091
1060
1130
1150
1080
1171
1236
1132
1128
1211
1182
1138
1221
1149
1070
1062
1073
1058
995
1068
1024
1030
1060
1102
1109
1029
984
987
1008
1003
959
945
1015
1168
1203
1156
1132
1245
1229
1136
1075
1168
1375
1390
1294
1188
1271
1301
1235
1099
1148
1356
1318
1203
1134
1168
1223
1222
1149
1205
1299
1293
1222
1146
1197
1197
1131
1129
1122
1091
1064
1148
1217
1166
1101
1115
1270
1313
1268
1125
1107
1106
1118
1119
1073
1109
1149
1153
1109
1137
1182
1126
1050
1069
1351
1243
1102
1151
1251
1181