1093
1143
1184
1155
1114
1167
1136
1133
1171
1236
1237
1360
2366
1130
1265
1159
1183
1177
1089
2341
1210
1134
1056
1074
1072
1108
1112
1205
1231
1080
1021
1005
1025
1099
1134
1115
1132
1216
1251
1138
1176
1165
1093
1103
1166
1139
1081
1095
1186
1273
1120
1118
1141
1143
1122
1124
1159
1124
1134
1177
1132
1081
1099
1077
1076
1043
1102
1209
1136
1090
1158
1019
961
953
962
961
1010
1091
1103
1173
1135
1152
1135
1099
1121
1250
1310
1184
1204
1258
1224
1149
1148
1278
1176
1175
1255
1198
1174
1208
1210
1099
1129
1168
1122
1072
1084
1096
1086
1177
1184
1124
1136
1156
1106
1104
1114
1130
1087
1154
1192
1153
1162
1154
1121
1118
1174
1123
1083
1103
1097
1092
1109
1146
1189
1079
1107
1093
1059
1070
1106
1202
1146
1105
1137
1133
1056
1034
1076
1124
1079
1047
1080
1079
1023
1017
995
1021
1005