894
846
866
942
1059
1106
1084
1056
1006
969
966
987
1053
1125
1136
1099
1057
1035
996
976
1014
1092
1138
1095
1095
1000
946
936
961
965
996
971
931
876
882
944
1040
1024
1007
972
927
906
908
953
942
967
978
947
933
936
927
899
881
894
917
961
957
919
900
898
915
937
915
920
942
941
899
903
896
882
882
894
923
970
923
932
945
918
900
895
912
953
926
944
936
927
930
913
939
928
921
929
939
956
927
953
927
901
863
826
838
842
874
912
880
887
896
896
901
908
886
874
861
858
843
838
857
854
863
859
867
879
932
1012
1002
933
943
961
981
935
914
912
905
886
896
942
998
988
1022
1030
970
905
891
899
969
984
938
942
979
954
935
978
981
973
945
938
910
892
873
895
908
921
895
899
942
1006
975
941
1004
1100
1071
996
994
1009
992
957
966
957
951
939
910
943
997
1050
1011
958
917
934
1008
1058
1096