701
738
773
792
757
739
745
785
830
848
801
819
798
798
757
735
724
679
696
687
664
663
655
661
655
650
645
635
626
624
623
630
634
634
646
667
698
733
752
713
704
672
646
639
666
878
878
904
864
815
769
743
696
665
652
654
668
708
807
843
828
778
744
728
715
714
725
720
718
700
678
672
700
759
831
833
760
752
732
705
673
650
664
670
683
717
766
789
715
674
650
638
623
607
595
602
609
615
627
653
680
671
645
630
614
608
583
587
581
583
587
595
606
618
629
644
682
728
717
670
635
608
589
572
564
573
582
607
670
773
762
691
669
646
632
620
606
587
579
577
579
589
598
591
587
597
614
646
666
642
611
593
590
583
582
584
598
613
626
612
610
600
593
595
595
596
580
575
568
574
579
593
606
622
648
676
669
636
592
578
554
550
532
537
514
1013
495
497
493
992
482
481
474
464
468
465
456
400
519
444
1197
587
438
441
435
426
424
424
435
434
423
422
421
427
422
418
406
825
718
561
421
854
438
438
424
422
419
431
279
576
420
422
424
427
423
428
869
438
428
430
432
434
422
432
436
886
429
430
874
435
854
432
292
577
434
432
447
435
428
1297
441
430
870
441
426
427
426
864
429
431
437
713
373
1076
868
426
434
435
446
451
438
442
447
444
432
1544
339
270
441
886
435
1530
371
274
436
344
532
428
429
856
428
430
438
504
389
437
884
430
438
442
342
551
438
432
346
1064
771
298
591
439
442
268
343
1444
366
651
872
430
420
1192
542
428
1307
427
426
792
366
341
661
759
548
855
341
354
362
358
313
875
428
495
771
309
547
421
1157
1348
422
724
343
351
270
413
715
519
410
415
412
423
415
415
398
1222
422
285
552
406
1636
413
408
829
428
282
545
406
791
881
416
411
1096
366
341
259
418
718
371
584
817
420
425
413
417
422
420
417
409
410
409
841
420
411
820
658
373
334
264
415
410
704
336
620
813
680
564
408
442
1049
547
407
411
734
360
573
403
1136
335
375
637
413
419
415
407
411
406
434
428
417
413
414
823
421
411
413
269
963
397
486
1063
332
555
2407
407
395
1181
793
403
398
787
791
284
501
392
387
395
392
1061
508
517
262
390
393
684
497
521
377
335
694
676
374
683
703
290
775
791
387
559
688
1400
700
550
517
337
308
389
326
475
394
388
481
693
698
327
358
324
1729
580
281
393
385
262
506
775
281
517
385
384
769
372
1025
327
364
326
277
377
385
764
782
383
1142
351
425
256
315
376
673
1046
339
323
360
525
861
667
548
601
380
379
757
801
341
352
418
387
383
380
382
764
374
637
515
508
690
676
1379
679
693
258
749
374
1021
350
696
563
368
746
374
755
377
373
536
354
590
747
375
376
379
255
494
375
376
375
374
742
757
759
386
382
376
367
745
380
314
452
376
372
370
380
753
757
593
527
369
373
368
742
1349
348
325
355
934
1099
1466
374
367
724
1458
362
651
359
322
506
361
365
362
363
1827
286
461
366
358
363
368
364
739
728
997
495
368
367
366
364
361
373
362
666
358
471
366
361
359
363
369
371
368
370
795
314
370
372
368
370
366
733
740
284
839
370
364
1104
367
316
315
500
362
363
367
366
731
374
364
368
367
365
366
361
365
362
362
363
1014
455
362
368
360
362
357
1081
361
375
361
370
363
360
364
360
362
357
360
356
364
359
728
370
365
367
356
357
364
358
362
357
359
362
368
363
370
358
359
362
357
357
718
361
366
356
363
364
360
359
348
348
356
357
353
353
348
354
715
350
355
356
352
352
340
347
351
348
347
343
344
353
350
348
346
354
343
354
344
352
348
349
345
339
339
339
345
345
349
344
347
345
346
341
349
698
352
356
349
355
349
354
353
351
349
343
347
353
356
350
352
348
357
352
364
353
360
354
355
354
350
349
346
355
352
352
352
356
352
361
354
349
351
352
351
348
351
345
348
353
356
704
348
355
351
356
352
345
352
345
342
343
351
347
345
347
353
345
354
343
352
348
348
344
338
347
340
339
340
346
343
341
340
349
346
345
340
350
342
350
342
346
345
348
346
343
342
344
343
337
337
342
348
342
343
337
347
344
351
343
347
341
349
344
349
345
341
348
339
340
337
344
343
337
343
345
345
349
339
351
343
349
342
346
343
338
335
345
344
341
338
344
346
345
351
340
349
342
348
345
344
338
336
346
338
337
333
341
346
343
335
341
343
348
341
344
346
341
339
333
341
333
332
333
340
336
332
332
341
340
340
332
339
337
342
336
339
337
340
337
334
335
336
336
333
331
329
338
331
329
329
338
330
329
332
337
334
328
334
337
332
333
335
340
330
339
331
337
336
339
335
335
336
332
334
328
332
334
334
326
337
335
335
327
337
336
339
330
338
333
339
335
335
335
335
336
331
328
327
334
329
325
330
334
330
327
332
336
329
336
329
336
330
336
331
328
337
329
331
324
332
326
325
324
334
328
327
322
330
332
331
327
324
329
334
327
331
329
334
326
335
329
335
331
329
335
329
327
324
332
325
321
328
331
327
324
329
331
329
323
329
331
326
339
326
332
326
335
327
333
325
334
329
328
322
324
331
323
320
324
332
327
327
319
325
331
332
328
325
325
333
325
333
323
335
325
331
324
331
328
328
324
321
332
324
324
319
328
331
327
320
332
330
328
324
333
328
336
328
331
331
333
332
327
336
327
324
325
331
327
322
328
331
329
323
330
334
325
333
327
334
328
329
325
328
325
320
323
328
325
320
651
322
321
327
326
331
322
331
323
325
322
329
325
322
320
324
326
319
318
319
330
321
320
318
328
323
317
323
327
324
320
324
328
319
328
318
331
322
325
321
327
322
321
317
325
322
316
313
318
327
318
320
314
319
322
320
316
323
320
313
322
323
318
314
321
325
319
316
324
325
316
321
319
327
317
324
323
325
322
320
327
320
318
317
324
316
313
317
322
318
315
316
323
318
313
321
322
319
314
320
324
315
322
318
324
315
322
319
323
317
319
323
320
317
316
324
316
317
313
322
315
312
313
322
315
311
317
318
315
311
319
318
315
310
319
320
315
312
319
320
315
313
315
324
316
317
316
323
317
320
314
322
316
322
313
323
318
317
315
321
320
313
315
320
317
310
316
320
316
313
320
316
311
319
319
313
319
318
319
317
317
316
323
316
316
323
317
314
314
320
313
311
313
318
313
310
315
318
315
309
317
318
314
309
317
319
314
314
318
317
313
318
316
319
315
318
320
318
314
314
323
316
316
313
321
315
313
314
320
313
311
316
316
314
310
319
318
313
314
320
320
313
320
315
322
313
320
318
319
315
317
322
319
314
313
323
313
312
313
319
313
308
316
315
314
309
318
319
313
314
318
321
313
318
315
320
317
314
322
315
316
310
316
316
316
308
313
319
313
308
317
315
313
311
322
313
314
316
318
314
317
314
320
315
314
319
315
312
313
319
312
310
312
317
311
308
313
316
313
308
315
316
313
308
317
317
311
313
317
316
313
314
315
316
313
314
316
316
314
311
320
312
313
311
319
312
309
311
317
310
306
313
313
312
305
314
317
312
306
315
316
313
310
314
315
311
312
315
316
311
314
313
317
313
311
319
313
313
309
317
310
306
311
313
311
305
313
313
311
305
313
317
313
309
312
317
310
314
313
315
312
313
315
314
311
311
318
309
307
309
315
308
305
313
312
311
304
315
313
305
313
315
312
311
624
315
308
313
313
314
308
313
313
313
308
315
313
307
317
310
311
307
316
308
305
309
313
310
303
313
312
310
305
314
313
307
308
315
314
308
311
311
313
310
315
309
312
313
313
310
309
316
310
307
309
313
308
303
313
309
308
302
312
313
308
304
312
309
312
311
312
312
310
314
305
312
309
313
310
312
311
313
309
308
313
312
307
308
315
309
304
310
314
307
302
311
311
308
302
310
310
307
303
312
310
309
302
310
313
308
302
313
311
300
315
310
304
313
312
305
313
308
309
308
313
306
313
304
313
309
311
307
313
309
306
313
308
308
306
314
307
305
309
310
301
310
307
300
310
307
307
301
310
312
306
303
310
309
306
312
305
308
305
314
304
308
310
310
304
312
308
302
313
305
307
306
311
304
303
308
307
300
306
307
301
307
308
305
300
312
308
299
309
310
308
298
313
308
302
311
307
304
307
310
310
301
311
306
305
307
311
305
307
309
310
305
308
311