1071
1128
1210
1207
1186
1194
1144
1109
1122
1191
1262
1223
1112
1133
1139
1074
1020
1045
1133
1206
1126
1034
1054
1092
1083
1068
1061
1025
1007
1012
1003
1020
1018
1011
1018
989
989
1072
1047
983
1006
1049
1023
1003
1001
972
954
952
979
996
1063
1092
1078
1030
1132
1206
1257
1239
1156
1115
1182
1293
1205
1181
1228
1257
1152
1119
1147
1101
1072
1128
1198
1161
1097
1142
1133
1046
1041
1018
1032
1026
1061
1073
1041
1036
1052
1060
1046
1052
1043
1025
1040
1081
1084
1061
1054
1152
1113
1087
1080
1033
1016
963
1004
1070
1115