1030
981
963
1046
1203
1122
1111
1044
958
949
963
1002
1012
1033
1053
1019
1025
1034
1006
985
1004
999
998
1035
1122
1106
1082
1080
1104
1145
1110
1105
1177
1253
1254
1167
1060
1022
1062
1174
1144
1088
1052
1068
1062
1058
1060
1098
1079
1010
970
1010
1006
979
1011
1180
1210
1072
1037
1038
1043
988
978
988
1021
1080
1094
1058
1112
1177
1113
1049
1022
1079
1029
1018
1016
1110
1120
1062
1130
1165
1152
1117
1223
1187
1102
1035
1027
1091
1046
1099
1146
1085
1008
1083
1191
1124
1103
1121
1112
1072
1042
1069
1112
1035
1043
1155
1136
1074
1114
1204
1137
1092
1121
1136
1107
1146
1167
1139
1060
1057
1100
1062
1104
1169
1132
1035
1065
1098
1083
1050
1081
1098
1079
1013
1044
1040
998
1031
1057
1104
1053
1049
1161
1206
1157
1068
1148
1159
1104
978
986
1053
1176
1147
1159
1154
1086
1028
1086
1137
1077
1036
1074
1198
1167
1103