1009
873
832
810
792
785
872
934
936
901
893
879
892
877
851
775
732
730
808
1458
1277
1247
1174
1099
1025
967
976
952
861
833
851
994
1143
1141
1188
1122
1079
966
893
870
899
886
841
835
890
1075
1103
1195
1091
1029
962
931
885
854
821
798
760
771
776
815
1028
1207
1138
1069
1004
939
885
859
774
753
742
737
747
794
856
1219
1120
1099
1061
983
948
847
810
769
767
795
851
1313
1088
1130
1091
1080
992
944
871
845
818
773
767
778
818
857
1028
1169
1054
976
925
872
852
841
847
820
762
729
753
815
1283
1185
1159
1105
1075
1038
956
889
862
813
759
753
771
931
1177
1152
1132
1088
1017
931
879
850
846
831
773
753
763
807
845
1195
1097
1021
953
887
851
858
839
841
794
745
769
796
885
1154
1088
1040
953
903
860
828
826
820
814
777
743
755
816
888
1098
1085
1039
948
907
839
821
805
797
778
743
745
805
831
889
987
1056
1007
951
869
833
807
798
800
790
794
758
759
781
806
846
995
1019
954
870
842
813
808
812
813
796
780
771
767
777
783
857
1196
1041
974
912
886
850
831
828
799
742
733
737
788
2189
1124
1072
1021
943
885
861
848
832
776
755
753
793
853
1193
1118
1075
1001
926
889
863
895
904
870
798
737
757
853
1333
1159
1070
1046
981
893
853
823
816
791
755
739
730
759
813
833
874
907
1146
1002
926
864