1148
1069
1003
988
993
994
1016
998
958
955
980
1108
1244
1229
1162
1248
1333
1302
1209
1188
1259
1330
1350
1267
1217
1325
1344
1234
1285
1352
1255
1242
1253
1293
1349
1447
1320
1254
1292
1375
1337
1244
1196
1270
1286
1280
1391
1378
1243
1249
1236
1141
1131
1165
1234
1158
1202
1330
1323
1201
1161
1259
1259
1227
1243
1286
1255
1164
1203
1295
1293
1201
1239
1246
1180
1112
1148
1204
1201
1164
1232
1220
1146
1127
1199
1279
1196
1145
1223
1318
1242
1183
1198
1261
1271
1190
1294
1278
1185
1104
1170
1229
1222
1214
1248
1205
1128
1134
1246
1302
1259
1187
1336
1372
1341
1179
1214
1165
1130
1061
1099
1227