1280
1388
1311
1256
1485
1434
1308
1372
1410
1262
1243
1411
1354
1354
1272
1239
1353
1360
1332
1247
1235
1399
1398
1245
1327
1317
1229
1401
1467
1372
1314
1434
1394
1292
1186
1281
1348
1215
1247
1304
1245
1277
1421
1290
1347
1416
1291
1235
1344
1326
1254
1296
1289
1271
1280
1387
1342
1308
1266
1189
1234
1392
1284
1251
1371
1412
1366
1315
1230
1242
1364
1330
1261
1298
1186
1131
1236
1325
1140
1191
1329
1173
1193
1334
1233
1131
1188
1147
1065
1065
1170
1258
1171
1241
1197
1109
1079
1200
1215
1151
1263
1162
1116
1258
1232
1191
1317
1237
1242
1303
1237
1326
1279
1157
1140
1281
1106
1040
1109
1227
1146
1174
1178
1068
1128
1180
1144
1053
1099
1258
1176
1142
1207
1207
1128
1119
1087
1050
1166
1260
1158
1172
1205
1126
1109