1147
1077
1037
1031
996
1024
1018
1027
981
927
921
961
1104
1215
1157
1103
1064
1063
1086
1153
1081
1096
1133
1143
1092
1143
1269
1099
1020
1067
1264
1127
1094
1208
1263
1217
1155
1190
1129
1091
1171
1244
1184
1104
1207
1261
1196
1174
1172
1080
1038
1122
1123
1134
1215
1256
1142
1094
1182
1176
1127
1123
1241
1239
1217
1276
1240
1148
1198
1249
1173
1143
1184
1188
1130
1173
1125
1049
992
1095
1289
1210
1345
1259
1145
1184
1215
1165
1139
1185
1171
1097
1174
1203
1213
1148
1152
1254
1161
1208
1202
1164
1150
1198
1176
1127
1205
1187
1093
1047
1109
1155
1117
1132
1235
1188
1106
1152
1146
1088
1104
1175
1158
1126
1154
1123
1090
1059
1084
1206
1189
1158
1167
1228
1158
1177
1173
1167
1103
1120
1147
1104
1113
1240
1159
1075
1095
1062
1031
1178
1194
1065
1013
1058
1146
1130
1031
1057
1034
1073