896
888
882
878
898
921
885
852
842
862
866
855
836
854
873
896
872
889
970
1032
983
953
948
920
889
884
902
928
920
934
1283
1324
1178
1056
1053
1019
992
988
972
925
942
989
1037
1044
1081
1062
976
965
943
898
893
904
931
894
911
912
952
961
979
944
899
890
883
868
839
847
886
930
901
886
894
930
901
898
859
848
814
817
813
793
795
828
839
876
908
1068
976
909
890
882
854
830
811
814
799
786
807
838
881
879
875
904
986
1055
1012
987
967
936
891
901
906
881
899
919
920
936
954
952
945
966
967
963
941
962
994
1009
943
959
1013
1018
1018
1045
1007
999
1008
991
955
970
977
969
928
917
937
952
943
927
952
956
944
990
977
979
966
950
950
955
938
912
943
986
991
956
968
952
936
949
988
990
1004
1024
976
985
988
975
975
979
941
929
1005
1125
1122
1065
1057
1019
1000
1013
1001
967
982
981
970
948
974