948
917
959
1346
1121
1408
1386
1340
1292
1262
1241
1232
1285
1121
961
851
941
1536
1412
1401
1364
1302
1301
1283
1192
1097
1007
1109
1371
1385
1343
1329
1292
1317
1300
1246
1118
1052
1097
1387
1401
1389
1355
1330
1307
1288
1286
1180
1093
1063
1441
1519
1493
1391
1335
1279
1260
1213
1105
1011
975
1380
1426
1434
1383
1356
1340
1279
1253
1193
1083
1065
1163
1428
1378
1373
1326
1326
1313
1257
1188
1056
1013
1244
1429
1407
1384
1350
1320
1258
1247
1136
1030
912
939
1406
1467
1437
1396
1306
1247
1223
1195
1149
1072
1034
1351
1399
1421
1376
1332
1310
1262
1200
1085
1044
1254
1352
1384
1399
1361
1307
1271
1242
1233
1152
1090
1093
1320
1367
1392
1390
1334
1309
1281
1260
1164
1051
961
1311
1355
1380
1379
1356