852
913
1000
1011
959
924
881
827
798
870
1083
1157
1171
1185
1091
1006
919
892
878
905
991
1116
1243
1154
1071
1014
1011
971
928
935
904
885
888
949
1095
1355
1280
1139
1095
1093
1012
966
938
975
1014
1121
1051
969
964
1066
1161
1232
1165
1060
1008
932
899
855
859
905
1030
1120
1109
1057
1000
1018
1017
949
905
892
928
1144
1297
1250
1168
1070
1009
993
949
941
950
951
1010
1026
976
940
912
918
961
1032
1058
972
953
960
1043
1053
1075
1086
1045
1039
1034
1059
1021
1005
992
971
948
961
981
979
963
945
921
940
1046
1186
1146
1037
968
974
1059
1143
1176
1097
1058
1015
965
908
884
892
937
1053
1141
1151
1104
1034
1009
981
1013
1035
1081
1032
1007
948
912
891
905
1057