1128
1271
1341
1268
1160
1107
1100
1228
1317
1286
1315
1214
1239
1201
1156
1189
1261
1240
1176
1095
1127
1177
1183
1297
1273
1173
1174
1217
1222
1117
1150
1229
1165
1121
1248
1289
1241
1203
1263
1286
1255
1337
1417
1339
1377
1457
1376
1410
1432
1386
1378
1484
1405
1181
1364
1422
1251
1340
1390
1351
1279
1314
1423
1318
1377
1398
1320
1422
1349
1204
1139
1191
1397
1444
1263
1230
1258
1173
1198
1335
1286
1178
1209
1280
1204
1165
1244
1205
1144
1162
1125
1108
1224
1194
1171
1239
1146
1080
1110
1170
1161
1192
1222
1127
1126
1262
1369
1313
1205
1197
1237
1205
1171
1192
1318
1297
1176
1217
1168
1096
1174
1269
1151
1228
1305
1165
1205
1234
1081
1132
1240
1249
1196
1242
1139
1173
1179
1142
1176
1352
1238
1206
1334
1302
1229
1386