1193
1306
1273
1245
1213
1131
1080
1117
1193
1371
1420
1267
1183
1480
1366
1126
1316
1473
1261
1449
1465
1289
1410
1433
1269
1189
1144
1188
1100
1169
1445
1355
1162
1204
1258
1185
1246
1391
1303
1269
1431
1337
1290
1427
1305
1198
1321
1245
1157
1433
1419
1236
1196
1270
1467
1333
1264
1385
1398
1342
1383
1426
1344
1292
1315
1239
1129
1141
1365
1418
1377
1450
1331
1414
1489
1418
1442
1377
1414
1446
1424
1311
1343
1437
1408
1337
1461
1344
1410
1493
1326
1439
1368
1274
1451
1480
1422
1425
1305
1246
1376
1330
1298
1463
1416
1322
1458
1383
1317
1448
1353
1354
1363
1202
1203
1422
1440
1335
1166
1129
1189
1400
1382
1294
1354
1292
1188
1127
1271
1360
1259
1144
1208
1314
1271
1187
1287
1326
1209