799
769
766
767
765
746
783
783
762
797
822
781
813
781
743
748
723
718
709
727
734
778
743
759
782
774
743
757
747
728
721
721
731
714
726
739
767
764
764
776
769
738
761
761
729
751
745
735
731
750
739
724
754
759
733
745
754
768
727
738
736
743
751
737
717
733
749
723
738
756
761
730
739
722
699
710
705
692
720
741
787
761
795
810
793
753
776
762
729
747
762
743
736
755
752
764
745
766
790
749
777
779
774
825
845
762
774
769
739
724
725
750
721
738
761
755
724
728
727
702
699
696
713
769
814
787
823
830
805
827
814
763
802
796
745
771
794
795
795
855
843
792
795
776
754
762
768
813
764
780
791
789
804
819
768
799
792
765
793
806
771
781
806
859
811
877
946
845
811
821
859
894
818
802
796
742
759
784
842
856
867
895
852
894
875
815
855
811
788
802
807
789
813
788
782
806
802
771
795
807
757
781
814
801
765
771
754
755
784
874
783
784
769
759
741
756
787
789
875
882
838
876
827
814
826
766
785
784
757
773
799
796
778
798
793
750
768
756
748
772
783
794
771
791
776
756
766
767
737
759
776
745
758
754
731
730
728
723
724
729
729
751
760
744
753
760
728
729
734
728
693
698
698
700
682
692
714
740
810
815
765
768
752
722
736
723
720
702
721
711
689
691
708
700
692
700
716
688
713
703
692
678
677
685
668
680
689
682
692
690
707
670
688
679
685
665
666
663
679
664
681
710
729
728
722
695
692
658
653
686
716
708
700
707
678
664
678
648
646
654
640
616
634
640
630
611
622
629
606
619
618
611
610
616
600
602
611
597
597
604
589
608
622
1193
612
586
598
618
585
584
609
578
594
1165
588
557
586
558
572
573
582
586
555
590
552
571
578
575
582
561
590
570
568
587
569
585
562
588
581
561
580
555
579
556
572
578
565
577
551
583
550
568
569
563
582
558
577
543
569
551
574
548
567
570
555
560
548
562
547
558
532
558
542
554
531
563
539
558
530
567
536
562
530
567
535
550
538
562
541
539
1090
539
548
540
563
547
557
550
566
543
560
545
552
543
567
531
554
538
554
536
563
527
548
541
563
532
552
545
565
533
557
539
554
547
552
551
558
571
549
567
532
563
543
563
543
549
564
547
558
529
562
539
553
522
550
535
549
524
543
536
543
524
549
535
535
530
543
539
539
540
549
540
548
521
548
533
540
522
542
536
525
529
1078
529
540
535
541
527
550
530
521
535
539
517
536
517
543
511
530
521
539
516
524
533
531
533
528
543
529
538
522
551
510
549
511
533
521
531
515
527
524
510
531
491
526
499
512
501
499
523
493
497
514
499
525
487
520
508
494
518
503
502
513
499
521
492
508
468
546
508
494
501
520
490
513
499
503
526
479
518
512
488
528
494
509
508
500
529
500
529
498
523
516
512
522
494
526
495
516
509
505
513
496
521
495
502
521
489
526
992
512
485
508
497
487
508
495
500
491
487
505
483
497
505
484
505
496
489
522
480
493
520
479
502
498
485
519
483
496
514
480
504
488
492
517
476
487
510
474
485
497
475
509
473
479
506
467
481
493
468
474
490
457
472
489
454
470
489
459
460
486
460
458
480
468
459
462
483
447
466
487
453
462
485
452
461
485
456
464
480
458
462
473
465
456
469
474
460
461
479
458
467
471
468
467
458
478
462
457
482
451
460
477
461
455
465
463
460
456
465
459
451
455
475
446
447
474
452
443
461
466
432
455
469
444
455
445
470
438
454
455
454
448
445
458
452
446
447
469
444
440
457
467
432
455
460
459
442
446
458
451
443
462
468
445
457
449
459
449
445
467
443
441
450
464
444
454
445
461
454
442
465
459
443
460
455
447
448
469
443
451
441
463
447
438
450
461
435
438
443
456
429
436
440
448
432
439
429
448
439
426
432
448
438
422
430
436
438
420
438
421
441
438
420
425
429
444
421
422
431
438
434
418
421
429
441
423
432
415
432
442
423
421
424
434
433
423
434
419
438
437
421
421
437
440
417
427
425
437
424
431
416
438
438
417
421
424
439
425
418
423
428
436
419
846
436
425
430
418
435
430
426
428
415
437
438
420
844
439
424
420
425
435
431
429
416
424
427
438
416
418
430
430
431
428
415
424
439
420
416
420
425
426
411
417
424
427
425
410
424
410
419
433
411
407
413
416
428
412
417
405
410
427
418
405
410
420
403
423
416
406
411
402
416
424
399
406
412
411
414
418
417
400
406
405
418
413
404
411
401
404
412
419
399
404
416
401
416
415
401
404
407
829
396
410
411
408
423
412
398
400
416
407
414
414
398
414
400
408
416
409
393
399
411
401
413
420
395
398
402
400
408
413
410
395
396
404
398
409
409
413
393
396
400
395
405
411
415
394
392
396
406
393
410
398
403
390
400
795
396
401
405
399
390
389
391
402
387
405
405
392
383
385
401
384
395
393
395
402
388
392
387
383
388
394
389
396
401
387
381
380
396
378
385
387
383
392
394
398
383
374
386
393
378
380
389
386
394
385
388
383
379
382
391
379
394
394
390
386
378
391
380
380
386
382
386
396
397
380
375
379
395
375
384
387
389
390
385
390
375
377
378
392
374
391
380
394
388
374
386
377
376
383
379
380
389
392
381
379
371
387
375
372
378
377
381
389
391
375
371
370
389
367
375
378
376
379
383
763
378
370
380
373
369
373
384
366
375
378
374
380
385
387
368
370
368
383
370
369
373
378
365
382
378
381
382
377
380
370
370
373
379
367
375
374
372
379
386
384
372
372
367
382
366
376
371
376
377
384
387
372
368
369
379
364
374
371
373
374
383
388
368
370
364
382
363
372
374
371
368
383
386
369
370
367
376
369
370
370
377
361
378
374
380
380
363
380
365
365
368
374
360
371
372
366
373
378
381
363
363
364
373
360
367
367
369
357
376
368
373
374
365
373
362
363
365
371
356
366
367
367
368
372
378
362
358
359
371
359
362
366
368
357
374
367
363
377
365
370
358
357
364
373
355
363
363
364
369
370
379
357
361
359
368
340
377
366
368
358
365
367
362
372
377
365
363
366
360
359
364
369
359
362
362
363
363
371
374
361
365
358
370
357
356
731
354
360
363
367
353
371
360
368
369
361
368
353
354
356
369
355
355
360
365
354
361
361
358
363
1097
363
353
366
354
354
358
363
351
358
361
363
350
365
361
363
363
360
370
354
354
715
356
354
356
366
353
354
361
362
352
365
359
357
360
366
366
354
359
358
363
354
351
355
364
351
355
359
358
352
364
360
360
367
725
353
351
355
359
345
370
352
356
356
361
351
358
357
357
362
356
366
349
354
352
358
349
351
352
359
348
351
354
358
349
355
351
358
347
354
353
355
355
715
354
352
362
354
346
363
344
347
347
361
346
349
348
708
346
354
356
349
349
353
355
344
355
351
353
348
357
349
354
354
356
352
350
358
354
361
348
354
349
310
387
354
311
384
351
357
691
354
355
340
357
344
354
348
352
358
347
353
357
704
351
352
349
342
705
347
341
358
340
349
349
355
344
347
352
354
338
359
341
351
347
355
342
352
343
354
352
349
354
350
353
347
349
345
355
338
349
338
359
338
343
343
358
336
348
347
342
342
356
340
342
347
351
330
357
339
345
346
349
331
354
338
345
342
348
344
346
341
351
344
345
348
348
335
346
354
327
348
346
334
339
347
334
354
336
342
346
344
331
354
335
341
343
345
333
349
337
332
352
341
340
344
332
346
344
344
339
337
346
333
346
337
346
351
335
343
339
347
334
344