562
611
673
669
646
682
679
671
652
634
642
656
636
636
634
597
590
577
581
601
628
643
651
637
621
610
609
612
615
616
622
625
625
619
605
594
591
615
611
638
675
736
787
840
809
799
765
700
635
647
635
647
674
682
687
724
875
831
773
735
701
701
716
742
816
827
809
788
786
762
741
732
738
743
773
834
871
872
838
827
822
838
804
760
735
710
729
742
746
757
771
797
811
837
840
855
841
827
817
809
798
791
778
771
770
762
768
806
834
839
847
844
824
800
755
732
726
716
703
708
717
730
751
753
747
740
733
716
692
692
662
652
650
669
675
681
670
680
668
653
642
662
671
674
658
641
625
618
610
621
630
644
650
690
828
841
874
857
813
798
767
740
715
688
704
709
707
701
697
685
671
674
675
706
737
771
777
752
752
744
759
746
759
757
742
749
742
752
772
775
820
839
838
864
893
845
840
805
790
797
785
776
768
773
788
802
818
822
815
794
792
790
793
824
821
822
798
770
760
740
756
787
801
806
803
782
776
756
756
771
765
782
769
765
765
789
785
787
785
755
745
742
744
737
727
715
717
725
761
778
787
803
797
776
758
749
757
773
782
792
792
792
766
760
723
689
657
647
652
713
1224
952
833
893
912
910
849
885
834
815
784
786
714
705
677
661
662
666
660
656
646
636
631
629
627
625
620
610
600
599
602
619
658
787
875
860
867
826
760
710
694
702
699
688
716
829
829
832
807
798
798
773
799
804
819
813
826
841
861
831
810
820
824
791
707
704
672
730
774
840
788
769
762
742
723
695
697
704
698
709
704
727
717
738
746
757
723
700
679
693
676
928
943
870
818
755
723
709
722
735
777
803
834
822
826
798
775
750
725
724
738
738
752
761
770
755
732
733
729
726
726
723
728
721
703
717
726
729
761
798
819
800
798
836
815
790
779
744
745
721
706
708
720
724
709
705
686
672
667
687
706
744
775
806
801
831
855
854
838
823
776
713
715
700
693
717
730
734
763
778
785
785
811
840
838
822
814
815
791
802
797
803
814
804
817
841
861
847
848
859
885
928
941
938
871
832
816
823
858
878
896
901
885
853
818
818
822
826
827
837
844
830
793
786
787
783
786
774
764
769
768
787
797
810
799
777
764
740
738
741
756
759
760
769
783
781
769
772
767
774
768
747
744
730
709
697
687
668
673
673
658
648
657
676
715
723
716
708
703
693
681
661
650
636
622
613
621
624
628
639
650
644
654
657
673
678
666
650
631
624
624
637
645
658
650
639
649
671
717
838
866
865
845
783
749
739
749
747
751
734
745
744
769
793
765
733
671
685
682
698
729
718
711
716
702
717
787
866
890
939
907
896
873
846
839
820
782
760
738
741
742
768
813
834
820
780
784
793
818
819
804
795
782
754
759
770
798
803
808
799
787
778
774
771
770
771
797
827
846
873
878
866
841
806
782
775
780
778
765
758
774
786
788
779
779
776
770
770
741
697
693
667
658
667
688
711
730
743
759
770
748
725
713
682
661
660
655
648
646
640
617
635
642
675
763
795
837
787
737
719
675
642
650
634
652
642
638
633
632
622
615
600
598
597
590
574
584
582
596
600
598
617
692
678
653
629
629
618
620
616
612
617
624
618
615
609
604
594
591
594
576
1150
262
877
574
583
581
576
607
622
656
672
1043
837
771
755
688
633
653
652
643
647
652
649
645
635
641
627
669
730
1003
825
779
784
796
804
816
791
780
778
753
747
764
742
668
673
653
646
633
708
781
1079
885
791
809
797
774
778
779
791
784
773
730
749
713
674
680
676
534
743
665
634
625
617
628
627
627
619
608
598
592
596
594
597
604
614
622
637
681
765
905
801
729
689
643
607
603
590
598
603
653
698
1026
872
863
878
774