1267
1442
1427
1368
1290
1243
1284
1328
1301
1197
1141
1194
1323
1296
1160
1134
1277
1370
1376
1311
1255
1198
1240
1310
1356
1280
1167
1115
1086
1050
1119
1341
1231
1132
1204
1258
1185
1071
1090
1159
1223
1123
1125
1143
1281
1370
1300
1261
1186
1224
1284
1252
1171
1113
1128
1147
1147
1102
1042
1105
1301
1287
1189
1078
1083
1080
1097
1076
1028
1018
1057
1281
1374
1309
1149
1066
1069
1082
1137
1124
1078
1094
1156
1186
1150
1107
1047
1062
1088
1216
1139
1062
1063
1109
1184
1126
1077
1154
1143
1079
1021
1033
1068
1097
1105
1035
1074
1089
1122
1031
1027
1061
1127
1151
1147
1081
1031
1043
1097
1156
1195
1169
1148
1218
1296
1313
1314
1246
1174
1203
1332
1361
1300
1180
1182
1234
1246
1191
1195
1168
1276
1305
1229
1235
1252
1257
1187
1114
1153
1245
1263
1300
1154
1230