1080
1110
1082
1043
1070
1139
1063
988
955
970
993
1071
1260
1104
1103
1163
1203
1114
1149
1175
1107
1054
1123
1215
1126
1093
1157
1209
1190
1114
1127
1114
1076
1141
1264
1187
1117
1165
1146
1088
1146
1203
1150
1110
1188
1187
1101
2409
1149
1071
1074
1123
1049
1095
1219
1286
1139
1150
1149
1152
1080
1078
1042
1040
1160
1159
1122
1196
1213
1088
1118
1130
1215
1316
1307
1170
1186
1237
1140
1140
1165
1170
1234
1314
1134
1099
1127
1089
1026
1095
1238
1123
1081
1117
1110
1026
1031
1030
1057
1024
1040
1077
1094
1058
1080
1145
1160
1136
1200
1093
2515
1224
1270
1215
1174
1225
1258
1173
1085
1194
1155
1112
1182
1191
1122
1099
1126
1164
1097
993
1035
1062
1052
1069
1146
1127
1088
1111
1174
1198
1118
1074
1137
1139
1062
1042
1242
1255
1198
1087
1150
1283
1185
1139
1237
1313
1203
1093