1108
1096
1119
1133
1121
1120
1098
1076
1095
1109
1173
1164
1153
1141
1177
1209
1244
1210
1241
1244
1286
1290
1229
1255
1355
1364
1365
1212
1155
1108
1111
1142
1119
1169
1268
1291
1215
1191
1191
1185
1128
1066
1080
1144
1236
1218
1211
1276
1351
1313
1280
1170
1187
1236
1203
1187
1253
1321
1296
1225
1189
1252
1214
1083
1129
1248
1381
1265
1199
1311
1210
1195
1199
1115
1077
1064
1111
1202
1157
1167
1224
1229
1182
1133
1135
1213
1192
1149
1166
1176
1232
1245
1220
1213
1193
1203
1143
1139
1176
1256
1187
1113
1113
1209
1241
1190
1146
1127
1123
1130
1073
1057
1069
1088
1059
1036
1040
1085
1143
1085
1082
1207
1251
1238
1303
1250
1189
1166
1189
1369
1220
1220
1135
1179
1291
1230
1245
1313
1265
1234
1247
1233
1224
1274
1271
1190
1239
1194
1117
1109
1160
1127
1113