1110
1142
1104
1045
1002
1000
1041
1075
1073
1033
1011
1014
1019
1058
1077
1044
1129
1222
1207
1115
1118
1126
1138
1111
1135
1216
1180
1114
1136
1123
1130
1142
1154
1153
1120
1143
1197
1183
1139
1079
2217
1116
1062
1058
1097
1150
1078
1068
1085
1121
1091
1076
1108
1162
1103
1056
1078
1121
1093
1056
1084
1108
1110
1116
1152
1222
1176
1156
1167
1108
1114
1145
1134
1083
1099
1174
1159
1089
1110
1141
1136
1106
1151
1149
1126
1051
2230
1126
1071
1069
1113
1112
1111
1118
1112
1108
1088
1176
1271
1272
1262
1187
1186
1229
1139
1182
1275
1125
1063
1012
1181
1350
2267
1071
1132
1145
1158
1143
1094
1084
1036
1000
1011
1084
1102
1055
1060
1212
1218
1101
1113
1209
1258
1144
1123
1138
1182
1140
1135
1122
1069
1065
1207
1280
1204
1213
1209
1146
1098
1110
1089
1041
1043
1100
1188
1156
1144
1166