713
695
675
662
652
638
634
633
643
654
709
772
728
689
664
652
638
638
646
634
629
627
614
623
617
610
616
606
611
611
603
599
596
597
592
590
583
579
568
568
556
564
557
554
543
543
549
542
540
538
536
530
524
529
523
522
521
517
521
529
524
526
531
532
540
536
543
536
537
542
532
535
531
532
532
524
531
527
527
531
530
536
534
534
530
525
531
528
531
538
531
540
535
1063
522
526
522
521
520
516
515
519
516
516
517
517
522
521
516
518
521
518
518
520
517
516
512
516
517
517
518
512
506
504
507
504
505
510
509
508
512
512
512
516
519
518
521
518
518
516
510
511
509
509
511
507
502
509
506
505
506
503
502
499
506
509
506
509
508
504
508
505
503
506
510
506
509
510
498
500
501
497
494
499
497
494
498
497
500
508
513
512
516
511
511
517
515
513
516
510
514
518
515
512
512
506
510
515
511
514
509
503
504
508
504
511
511
509
512
518
509
510
507
503
504
507
509
509
511
503
500
508
504
503
504
498
496
497
500
503
504
506
500
498
502
501
501
505
506
498
502
507
507
504
507
502
501
509
510
507
509
504
499
498
497
497
492
496
499
500
503
506
498
496
499
497
492
493
495
497
499
507
506
499
502
507
506
501
503
494
491
495
494
496
496
496
502
502
501
503
499
498
504
504
503
506
501
499
495
496
499
491
490
494
491
489
495
490
491
489
493
497
488
487
493
494
495
503
504
503
501
500
500
492
496
496
493
490
497
498
500
495
495
493
493
493
503
498
502
504
509
512
519
514
511
520
519
514
515
504
500
504
505
499
497
495
496
495
501
506
502
503
507
511
508
507
499
495
502
500
499
490
492
490
486
487
491
486
486
486
488
492
484
483
489
485
486
483
483
485
479
479
483
485
486
484
484
490
492
489
495
493
979
493
492
489
491
493
487
484
489
487
490
484
489
490
486
482
487
486
485
483
483
486
482
477
477
483
479
473
471
475
471
470
466
469
474
472
469
471
475
482
482
482
487
487
491
489
495
491
487
485
484
482
479
477
476
479
477
479
484
480
480
482
483
489
482
481
486
483
481
480
479
481
476
474
477
479
478
470
476
478
476
478
483
486
487
484
486
487
484
476
481
480
479
475
480
479
478
472
474
473
477
478
473
477
477
477
474
476
478
476
473
472
475
479
475
474
479
479
481
477
479
482
482
479
478
478
480
475
474
479
480
484
478
479
484
483
482
481
479
489
485
481
488
483
481
481
481
486
480
475
479
475
473
466
468
469
470
473
476
479
485
489
488
494
492
489
486
484
487
488
485
489
487
485
486
486
488
482
479
487
480
475
480
479
483
478
476
478
479
479
476
480
482
479
485
493
500
499
502
511
513
514
512
509
511
514
514
508