1035
1065
1070
1068
1040
970
966
1001
1122
1147
1137
1073
1088
1055
1040
1001
948
938
979
1004
1012
1020
1013
986
995
1063
1195
1186
1040
1006
967
994
1024
1031
1048
1047
1056
1049
1014
1079
1133
1178
1190
1166
1115
1081
1072
1189
1265
1251
1164
1104
1031
1062
1233
1101
1074
1045
984
946
952
986
1002
1036
1016
1034
1002
978
979
977
957
936
862
878
852
925
1181
1058
1066
1065
1050
1087
1043
1032
1021
1019
1021
1023
951
921
951
1082
1301
1255
1188
1100
1058
1081
1068
1083
1096
1057
1027
1022
1064
1093
1091
1064
1021
1063
1132