1379
1409
1293
1394
1454
1378
1307
1414
1388
1301
1453
1464
1313
1262
1378
1523
1420
1371
1459
1399
1326
1411
1394
1301
1423
1316
1201
1432
1439
1281
1391
1441
1360
1411
1379
1272
1414
1451
1352
1383
1436
1361
1467
1457
1352
1449
1458
1331
1452
1411
1355
1442
1392
1426
1472
1458
1310
1362
1444
1438
1466
1466
1382
1394
1434
1401
1361
1430
1422
1420
1424
1413
1411
1417
1408
1337
1400
1391
1382
1381
1378
1307
1379
1361
1188
1271
1328
1311
1369
1347
1312
1359
1326
1296
1354
1346
1244
1250
1269
1227
1297
1343
1328
1338
1342
1328
1288
1342
1340
1327
1342
1337
1284
1293
1357
1348
1338
1347
1344
1330
1342
1331
1311
1212
1319
1297
1193
1285
1256
1215
1297
1298
1311
1319
1310
1323
1317
1280
1206
1302
1314
1304
1330
1323
1323
1331
1328
1306
1273
1323
1319
1332
1335
1318
1326
1328
1317
1304
1251
1146
1169
1191
1153
1113
1168
1157
1131
1147
1283
1290
1311
1320
1298
1132
1139
1284
1278
1204
1301
1288
1258
1320