917
936
962
954
933
921
944
963
989
979
974
967
977
986
948
946
955
978
972
974
959
991
1091
1129
1082
1057
1079
1048
1043
1050
1041
1025
1035
1071
1044
996
1022
1065
1115
1047
1030
1021
999
1024
1036
1032
982
1003
1016
991
914
898
896
886
885
889
914
967
980
973
986
980
973
929
896
892
898
952
979
950
953
1012
1028
1008
1013
1035
1022
1013
1019
1007
966
974
988
977
955
979
1004
1028
1022
1042
1081
1062
1025
1023
995
957
958
972
1006
990
1003
1022
996
970
988
958
925
935
932
927
906
926
924
900
903
916
910
909
949
941
929
933
970