1158
1112
1062
1059
1117
1085
1012
971
1007
1116
1224
1196
1106
1107
1164
1182
1207
1204
1142
1154
1250
1304
1264
1195
1122
1240
1368
1276
1176
1238
1329
1328
1225
1305
1346
1300
1166
1126
1274
1413
1354
1244
1328
1330
1229
1124
1055
1050
1157
1119
1062
1226
1234
1176
1068
1039
1058
1066
1088
1040
1024
1109
1241
1199
1115
1087
1137
1136
1111
1085
1140
1152
1129
1096
1254
1232
1136
1236
1319
1248
1134
1176
1314
1281
1229
1375
1302
1268
1138
1204
1286
1325
1260
1346
1371
1243
1172
1304
1330
1310
1216