1328
1252
1246
1259
1249
1240
1166
1102
1179
1461
1511
1434
1256
1203
1408
1521
1491
1384
1268
1354
1479
1445
1429
1406
1434
1408
1303
1276
1363
1507
1413
1339
1485
1497
1343
1241
1429
1347
1491
1469
1320
1355
1428
1433
1395
1302
1428
1381
1373
1440
1431
1333
1322
1436
1459
1454
1340
1320
1373
1490
1412
1291
1335
1471
1525
1434
1244
1212
1326
1526
1615
1503
1427
1340
1348
1430
1486
1442
1379
1301
1381
1466
1441
1365
1336
1405
1322
1298
1373
1282
1129
1169
1377
1394
1348
1145
1078
1153
1276
1329
1313
1229
1324
1386
1345
1266
1307
1438
1495
1418
1378
1396
1345
1261
1385
1529
1487
1489
1515
1434
1316
1394
1535
1504
1395
1494
1513
1401
1370
1464
1534
1521