1120
1173
1252
1199
1159
1068
1085
1111
1187
1118
1129
1228
1214
1086
1138
1228
1191
1112
1201
1281
1207
1154
1262
1297
1249
1167
1314
1307
1248
1184
1243
1207
1200
1078
1119
1261
1202
1137
1232
1158
1085
1083
1271
1252
1255
1175
1304
1218
1073
1052
1204
1303
1224
1199
1273
1269
1235
1264
1272
1174
1191
1241
1162
1114
1190
1322
1243
1153
1289
1304
1210
1099
1099
1230
1258
1224
1228
1267
1189
1123
1195
1257
1242
1181
1192
1238
1232
1108
1103
1271
1336
1273
1181
1174
1155
1146
1106
1166
1134
1097
1172
1176
1128
1065
1203
1222
1179
1106
1178
1222
1173
1076
1161
1217
1203
1155
1254
1216
1176
1059
1026
1022
1079
1044
1046
1219
1277
1201