1129
1174
1154
1146
1080
1105
1115
1115
1098
1060
1104
1126
1191
1130
1123
1178
1267
1173
1192
1213
1223
1104
1124
1258
1279
1268
1174
1221
1187
1145
1240
1305
1216
1241
1325
1188
1107
1156
1177
1149
1140
1158
1177
1105
1130
1191
1295
1157
1124
1231
1271
1210
1159
1213
1258
1240
1152
1181
1228
1160
1210
1248
1201
1149
1254
1273
1146
1191
1172
1123
1163
1281
1263
1195
1246
1299
1169
1185
1207
1104
1167
1270
1274
1141
1178
1293
1301
1273
1134
1138
1233
1253
1209
1302
1232
1231
1335
1226
1121
1178
1260