1075
1108
990
915
924
1041
1129
1125
1021
969
1110
1105
1086
1014
997
1110
1121
1020
986
1278
1302
1142
1143
1226
1032
988
1158
1278
1100
1216
1273
1145
985
1058
1188
1093
1034
1267
1205
1130
1159
1188
1024
1051
1252
1165
1051
1207
1306
1085
1015
1098
1210
1059
1107
1200
1170
1095
1078
1115
1109
1081
1052
1008
1155
1175
1113
961
983
1052
990
1003
1111
1253
1210
1161
1185
1150
1074
1201
1243
1102
1173
1187
1090
1045
1069
960
929
1014
1092
1051
1086
1088
1038
970
997
1025
1015
974
1002
1152
1135
1044
1077
1143
1093
1047
1170
1215