1260
1313
1285
1231
1204
1253
1243
1252
1184
1140
1169
1375
1354
1179
1172
1337
1332
1199
1223
1301
1415
1359
1221
1234
1381
1302
1154
1200
1353
1261
1313
1312
1186
1214
1252
1239
1179
1235
1251
1176
1198
1294
1208
1156
1242
1310
1278
1224
1287
1245
1258
1297
1257
1159
1210
1355
1358
1223
1276
1297
1205
1245
1313
1221
1192
1330
1309
1237
1343
1376
1282
1280
1276
1220
1395
1419
1281
1296
1373
1350
1323
1387
1421
1355
1307
1397
1357
1303
1381
1382
1254
1377
1361
1262
1318
1387
1360
1256
1288
1422
1323
1224
1224
1297
1204
1154
1228
1346
1220
1110
1223
1420
1460
1349
1232
1180
1227
1331
1411
1365
1277
1289
1410
1410
1362
1254
1332
1395
1359
1239
1380
1416
1309
1270
1387
1314
1289
1361
1359
1271
1172
1260