1135
1113
1112
1095
1020
1004
995
974
970
980
974
959
957
929
938
922
950
984
997
1024
1051
1053
985
979
974
984
1019
1004
979
962
970
959
945
918
905
907
928
961
998
1005
989
959
946
944
949
1006
1067
1090
1087
1036
993
1008
1020
1063
1028
999
994
1012
1034
1047
1081
1037
1031
1044
1039
1032
982
996
1035
1064
1064
1021
995
1003
1019
1038
1029
1009
1011
1033
1069
1031
998
1002
1025
1046
1022
999
991
1003
1018
1048
1001
1011
1125
1172
1200
1175
1219
1157
1165
1055
1045
1075
1156
1136
1168
1175
1129
1101
1148
1196
1052
1047
1076
1080
1029
1020
1022
1074
1050
1036
1158
1167
1142
1066
1077
1143
1158
1069
1066
1038
1067
1014
1024
1079
1241
1284
1179
1121
1079
1066
1021
998
1007
1063
1188
1218
1126
1149
1176
1138
1082
1150
1193
1134
1123
1099
1146
1140
1124
1055
1051
1117
1145
1132
1090
1167
1206
1176
1188