862
855
821
858
907
960
990
1004
916
926
918
890
932
1074
1102
1005
971
1029
1053
985
1054
1135
982
1012
947
896
908
893
928
971
983
926
865
879
909
909
959
993
1046
1154
1082
1084
994
939
905
873
787
854
739
793
753
967
1085
1101
1013
919
925
961
906
923
993
1016
1090
1087
1013
924
921
906
839
853
827
847
840
835
836
816
814
812
775
715
777
572
827
563
787
647
658
644
631
619
611
612
594
599
581
572
579
548
573
552
548
537
541
526
530
519
523
514
517
512
511
510
503
511
511
506
512
503
508
503
502
507
498
502
504
499
505
500
505
508
501
509
503
506
508
501
503
506
500
503
498
502
504
496
502
502
499
504
499
502
506
501
507
504
505
510
499
512
510
507
516
509
513
515
514
514
513
519
515
514
520
514
516
518
517
520
516
519
516
518
518
507
520
513
517
517
516
517
521
522
522
522
521
521
519
522
516
520
519
519
521
512
516
516
518
522
514
525
521
525
519
516
521
515
519
521
524
527
528
534
527
534
527
530
523
528
527
524
526
523
528
522
525
522
520
524
520
525
521
532
535
538
545
550
553
551
556
554
553
554
548
546
544
546
542
542
541
543
546
547
552
550
552
554
551
553
546
551
544
550
543
550
545
544
537
541
541
539
541
534
539
537
543
540
544
534
550
544
550
545
546
545
545
545
540
541
539
545
535
542
536
542
536
544
537
540
537
544
534
543
537
542
537
540
533
535
532
535
522
527
524
528
531
542
545
545
543
543
546
535
537
532
536
523
534
526
522
530
525
534
527
538
532
541
540
543
542
545
544
547
542
544
544
536
540
537
539
530
538
529
535
528
534
535
532
539
538
543
543
551
547
556
521
576
548
549
540
547
534
544
534
539
535
535
540
539
544
546
552
545
555
542
551
541
545
539
547
536
545
542
553
544
555
545
546
544
549
542
550
547
546
555
553
555
553
560
559
558
557
552
550
547
541
543
537
538
534
539
532
537
534
543
538
545
545
552
542
551
542
549
534
542
536
538
529
535
530
535
538
546
553
566
566
581
567
579
566
567
564
562
551
558
546
547
542
540
533
540
539
541
540
551
552
558
556
564
555
561
553
558
549
546
531
547
534
541
539
555
557
563
564
581
570
580
572
572
568
556
553
431
655
546
548
536
542
539
538
540
538
542
542
544
541
545
535
541
532
531
521
524
521
519
520
513
517
517
518
521
513
519
518
530
529
534
541
531
542
531
536
530
529
529
526
530
523
532
525
532
530
530
534
531
535
534
539
528
537
536
538
540
540
543
529
537
528
534
525
536
528
532
536
527
537
533
538
535
545
533
537
537
539
539
543
546
545
548
541
545
541
540
532
538
525
533
526
529
529
528
534
526
537
527
535
531
533
535
534
539
537
881
727
530
527
521
527
522
514
521
517
528
523
533
532
534
541
534
542
539
549
550
569
571
582
600
610
620
629
653
655
643
627
623
636
641
636
642
673
740
807
808
748
712
739
729
730
734