863
772
852
848
771
791
823
812
782
897
945
833
784
775
726
726
743
769
825
771
689
697
646
655
650
664
645
645
656
638
636
627
628
616
618
633
630
695
720
734
697
732
734
686
702
694
663
721
811
831
896
874
750
805
784
732
791
833
771
797
763
873
784
915
750
832
813
778
790
814
810
793
815
756
790
853
795
891
867
772
857
990
1038
824
872
877
883
849
754
840
804
777
792
785
833
866
903
896
776
827
792
780
719
757
697
773
804
763
760
850
752
859
873
840
837
870
903
781
868
949
851
903
837
910
801
928
941
888
895
808
874
816
850
873
808
926
925
916
976
895
947
941
890
946
806
834
838
773
912
802
850
847
785
779
720
748
742
750
732
739
689
719
724
688
746
784
840
753
902
894
840
891
787
754
780
783
741
824
862
767
871
882
783
913
884
918
954
817
900
766
824
831
771
880
902
800
887
842
862
849
786
812
852
825
931
902
824
870
811
814
849
783
815
854
846
794
930
862
820
855
810
772
807
809
733
765
726
701
670
707
763
763
737
840
819
746
814
821
716
799
877
830
898
884
794
862
958
832
937
1009
883
987
963
802
829
855
888
882
864
832
826
759
814
804
916
917
795
833
841
871
780
837
839
855
886
890
923
881
768
825
790
933
936
928
1022
1019
1037
861
938
898
878
1001
918
988
961
927
1011
973
901
980
826
882
777
822
810
729
798
785
739
753
811
766
803
833
846
801
764
693
725
684
694
682
672
680
709
793
742
897
928
836
924
965
823
951
968
895
851
1015
1002
924
991
957
896
967
891
935
985
896
974
974
892
961
983
906
983
935
917
984
981
911
961
989
869
963
997
926
998
977
941
978
952
885
858
784
856
907
847
847
904
822
831
900
938
884
854
857
787
877
899
803
882
947
852
940
980
896
868
918
944
843
947
1009
905
1013
1007
909
939
932
840
898
909
860
952
998
896
938
936
856
928
890
851
907
870
876
963
913
881
928
898
836
877
782
737
696
692
695
718
781
758
821
869
886
865
836
843
829
766
790
818
934
979
991
994
891
916
890
905
888
845
948
980
885
929
971
996
900
988
973
842
888
905
827
948
949
842
912
958
896
912
958
906
910
945
889
912
967
912
938
965
924
908
920
846
910
962
980
888
961
984
858
906
935
839
957
998
882
955
973
880
878
921
953
840
936
990
962
912
945
901
814
858
860
809
871
959
963
880
920
906
810
875
920
924
868
926
899
819
853
868
847
819
891
901
833
887
890
808
832
846
898
813
905
940
842
876
856
814
912
916
819
884
922
836
896
889
847
935
903
823
869
885
820
880
867
827
804
763
739
706
719
795
815
740
794
802
786
762
816
859
796
812
777
723
737
792
847
838
837
880
910
799
827
809
829
763
786
787
817
817
848
871
799
824
815
807
771
822
854
894
855
871
870
863
831
883
951
896
869
837
804
848
854
884
875
880
787
810
782
729
826
884
847
865
938
961
921
897
900
853
870
922
947
828
910
923
896
984
971
861
890
894
897
823
931
958
941
927
1012
893
855
895
912
903
852
896
947
797
849
848
866
776
873
888
826
854
907
938
821
960
986
834
930
945
979
891
978
949
887
908
914
878
844
909
946
868
926
942
873
901
889
831
899
936
885
896
941
854
911
933
965
900
965
979
872
953
977
906
898
957
991
880
979
1003
985
903
859
849
791
816
820
769
832
926
995
883
938
908
830
813
862
923
983
892
962
932
808
875
918
977
948
990
925
863
944
981
882
979
996
882
928
967
867
904
938
890
845
933
1023
918
997
1006
894
869
899
955
826
879
889
851
913
1075
963
937
1036
979
949
980
937
841
913
943
896
891
940
946
873
937
879
909
940
881
863
899
897
859
938
973
821
845
809
774
805
906
992
848
957
867
804
854
842
774
864
870
808
912
790
804
892
802
778
783
738
730
738
721
741
858
956
1069
1056
1050
987
1032
1103
964
925
906
867
998
932
906
997
1066
986
979
1006
989
862
917
1021
1055
948
948
967
880
888
1024
988
895
990
957
830
876
918
923
817
917
980
964
871
951
927
819
894
910
940
821
980
996
910
910
977
955
874
969
956
842
967
1003
925
937
964
887
915
967
1004
897
979
978
852
922
988
885
969
1026
906
924
989
916
943
1016
1004
918
1034
1045
951
1042
1050
963
1025
1052
946
1026
1045
923
951
1004
954
940
996
980
920
976
948
870
969
973
870
986
965
838
866
887
813
878
890
784
893
906
804
883
914
924
821
861
871
854
769
889
816
890
975
995
877
984
908
849
923
866
859
955
966
844
953
1020
901
997
987
879
983
982
936
1060
1014
958
1025
941
828
804
763
755
842
881
779
851
892
850
803
927
946
827
983
1013
931
889
1137
942
967
1107
864
1081
1065
844
1024
1127
854
965
1108
796
1039
887
775
740
751
722
707
707
781
786
794
805
758
700
707
692
683
653
666
659
644
643
653
671
722
780
825
846
857
835
769
780
742
696
682
663
635
651
654
685
825
932
907
845
759
779
733
723
718
697
693
707
764
711
701
541
800
677
648
668
693
710
721
974
862
851
1063
876
1082
836
841
798
995
1046
997
970
793
827
870
794
819
845
917
778
773
821
809
734
750
889
996
947
1044
1183
1065
1047
1076
1061
1001
1070
1076
977
1008
895
1020
1042
1055
944
1027
1040
910
1009
1071
1012
979
1072
1025
979
1057
1036
972
1039
893
931
1109
958
986
1071
1024
967
1009
868
896
980
942
893
979
989
858
941
984
904
978
1068
909
924
947
881
862
946
1034
843
931
957
863
960
1017
861
943
952
856
918
997
932
906
979
991
895
994
991
868
1032
1125
917
1012
1009
867
959
1063
917
967
1013
888
951
1012
979
912
961
953
857
948
987
918
906
990
1018
867
987
994
877
854
865
981
824
821
873
858
757
794
750
724
733
692
699
747
770
692
783
814
895
1020
885
905
930
931
933
845
880
938
997
1005
874
979
985
914
818
877
804
919
970
922
927
1017
951
826
887
877
695
999
841
837
777
749
748
714
729
755
754
705
734
818
903
884
979
1024
1015
950
901
847
766
754
737
716
699
712
709
731
767
861
988
1020
993
863
877
935
1025
1032
1051
1027
1012
963
1002
957
1069
957
832
903
865
789
836
871
782
835
779
734
716
716
688
688
676
676
669
715
743
764
737
787
786
842
909
930
836
858
946
1019
1097
1076
1063
960
840
852
875
825
917
1007
821
895
944
846
840
926
978
852
975
1021
869
983
1004
861
951
979
851
904
854
867
951
954
944
951
860
879
960
914
847
914
883
809
823
776
803
845
888
810
929
927
919
852
878
787
799
813
813
845
816
904
921
938
893
823
811
799
830
891
952
911
902
946
968
853
913
932
1014
959
890
857
838
861
813
789
887
898
970
837
926
937
989
859
810
835
837
831
770
803
795
789
750
797
788
806
783
860
891
901
837
924
925
838
890
909
926
881
943
922
860
865
867
877
904
835
848
898
925
937
872
877
869
854
780
811
810
820
755
871
872
773
938
923
799
884
839
805
761
810
796
753
806
818
892
810
876
848
845
752
762
746
727
748
728
735
735
707
711
745
708
780
850
863
822
894
877
802
823
854
919
919
979
1012
938
989
1052
948
938
1008
1012
856
963
1013
990
908
971
979
882
857
943
977
906
866
955
1101
943
925
983
1005
846
961
993
964
917
949
1000
925
983
1039
970
852
904
908
949
842
890
975
1025
836
881
868
827
883
920
934
906
960
906
863
918
932
813
875
880
806
824
847
886
817
906
953
1015
869
868
849
856
779
856
888
949
909
907
979
1011
907
909
929
983
871
942
878
826
837
927
1031
866
940
924
845
879
930
931
871
868
926
926
814
877
898
998
822
884
886
928
1000
1078
1049
938
991
952
895
915
946
943
895
983
1038
906
1055
1028
880
886
925
967
893
1023
1017
854
902
898
836
874
930
902
797
854
862
877
763
835
863
877
936
852
904
938
902
872
786
909
921
837
776
888
891
873
799
867
852
776
756
812
823
852
750
876
891
863
835
918
768
746
720
702
674
662
666
675
654
647
615
640
619
633
650
655
688
694
695
663
690
680
699
699
682
745
826
944
973
921
1138
992
970
947
872
1009
929
830
984
925
894
1013
1153
1069
1023
827
1013
988
1011
826
1028
959
1062
834
1029
934
1104
936
798
891
889
1079
994
893
1036
982
861
858
921
931
878
793
900
913
971
982
829
856
899
869
882
777
855
814
828
806
907
907
902
787
878
865
909
791
925
942
991
1002
992
925
885
949
1025
1112
982
813
811
904
953
1156
868
1016
949
951
853
871
860
870
905
878
773
843
957
1075
1077
850
876
905
870
766
781
793
883
1042
951
965
1045
963
860
764
736
754
839
1302
964
957
1036
1134
960
1027
1045
1025
941
911
857
888
979
1039
910
866
802
870
797
813
872
836
791
839
991
1066
1286
1193
977
975
1042
1059
1076
994
885
789
906
1085
1225
1250
993
886
965
902
851
802
862
973
1062
908
1142
1138
1099
919
880
749
804
855
1037
1111
871
1037
1074
1059
907
1027
1023
948
858
978
1004
856
796
889
995
1102
957
906
990
1012
1046
884
909
919
1007
841
963
945
928
881
794
874
978
920
957
1107
956
837
935
988
984
852
954
983
820
974
1010
1031
1000
889
910
945
929
813
887
894
844
797
881
1016
999
857
844
808
813
769
707
702
694
706
685
663
653
635
631
639
636
639
651
661
663
656
647
639
636
634
631
625
610
619
625
639
704
799
760
1049
1185
1139
1032
957
1029
1087
1044
1202
998
1026
1087
868
993
1024
803
828
775
723
823
779
808
912
931
815
918
971
908
821
870
859
813
1019
938
860
936
952
878
914
862
771
812
829
805
814
876
978
934
892
977
1057
1001
905
1000
962
801
802
802
817
770
789
749
877
960
986
932
991
987
879
945
994
943
942
967
1205
964
1157
999
864
939
945
796
817
778
735
732
793
852
862
893
943
890
826
820
812
816
783
854
1036
1038
929
1033
1032
861
832
800
769
757
775
928
824
813
882
894
809
847
833
830
781
809
843
890
866
1035
1123
1004
1002
979
907
809
809
770
749
803
825
769
936
977
988
842
945
939
984
895
935
887
809
863
864
872
813
842
797
880
875
803
876
822
807
816
931
1079
951
989
1051
942
891
999
980
966
940
984
860
828
794
833
894
1023
832
951
965
856
899
924
918
795
814
811
769
809
766
763
772
772
728
756
796
817
798
801
799
795
747
786
824
1022
955
1047
1032
885
944
933
811
866
874
813
938
995
835
928
940
827
922
900
848
869
905
925
799
852
766
768
729
826
729
690
710
717
736
746
751
831
845
839
764
780
843
884
965
883
952
1067
1083
985
822
965
813
1030
839
769
793
766
752
795
809
770
724
719
738
741
729
691
713
744
768
806
752
828
964
937
1151
979
997
1150
1068
836
1081
1081
1066
941
1240
1146
887
909
959
847
801
831
803
771
827
853
794
931
934
796
917
890
849
874
905
941
859
1001
975
882
913
805
818
794
822
923
873
986
1011
883
945
1055
978
940
1177
1050
1034
1157
1117
1178
1132
954
1236
1106
974
1242
1026
1090
1137
862
962
915
877
925
852
881
977
980
896
961
982
931
861
956
997
909
917
1029
1006
878
867
872
809
911
1122
847
968
939
860
977
1114
990
1055
1133
891
849
896
1025
980
1315
1104
1062
1125
954
1068
1136
1072
1015
1089
1089
865
950
1136
1066
944
1044
924
871
1081
1001
889
1047
1257
1058
964
863
1297
1124
889
907
981
959
872
971
1017
970
923
1086
1116
946
1074
1193
1035
938
1070
1072
822
832
984
1301
909
1050
1033
899
1146
1010
910
1064
1160
1077
1088
1079
956
880
977
1193
1024
1022
1145
1126
901
889
1052
1235
1184
868
921
1081
994
919
1109
813
818
747
692
686
688
685
697
759
781
768
727
784
786
829
896
891
961
1058
1142
1126
1164
1164
1059
1001
1131
956
1062
1174
1008
1139
1010
1062
1166
999
1116
1053
1013
1148
1066
943
1146
976
940
1201
1046
1100
1183
1056
1112
1154
1046
969
1144
1085
999
1182
1082
1049
1098
1009
954
1050
993
978
1144
1022
932
1062
1022
811
841
794
729
762
832
823
825
911
913
834
858
892
928
873
951
927
1055
1096
939
1006
1097
1107
978
994
1074
1020
893
1080
1128
993
1162
992
824
843
985
1052
1000
1435
1202
1023
1102
1070
872
874
901
829
792
848
812
880
1009
914
901
984
951
891
1016
1015
923
962
1084
1076
903
1100
1087
880
969
1056
859
878
817
796
815
844
763
937
928
798
885
918
932
867
884
922
979
904
999
1080
888
1151
1185
926
979
1023
1003
940
1051
1148
966
1077
1104
988
1061
911
879
957
1005
870
1032
1017
886
968
1048
854
906
938
900
808
938
902
802
876
863
880
804
945
944
854
758
767
736
713
724
878
889
1030
1056
914
943
1006
877
895
958
848
968
1087
893
1221
1259
932
1134
1174
926
1186
1084
916
924
807
1053
1050
866
1052
1012
892
895
1057
1094
850
1005
985
894
904
988
801
904
935
882
773
787
916
991
847
1000
992
1000
799
949
954
989
802
985
977
966
798
990
964
787
881
931
865
776
910
988
994
940
1068
969
983
1032
1024
820
974
1001
895
876
978
955
800
953
927
928
805
980
937
829
877
929
962
788
1002
1043
859
1026
1127
1019
899
1052
1078
926
1024
1071
871
1166
1157
860
989
983
841
977
1013
834
1091
1098
856
1006
1104
878
938
1053
995
962
1110
1093
899
1080
1014
837
875
780
833
1001
1006
1028
1115
993
908
917
837
822
842
894
775
943
1030
814
940
896
780
864
899
899
824
750
774
827
835
740
945
989
829
1073
1074
848
1178
1173
884
1038
968
813
1058
1193
832
1095
996
827
1235
1166
846
1075
1097
809
792
786
739
739
717
736
866
917
835
827
890
895
817
790
863
888
895
861
1103
1147
800
920
975
825
876
1002
901
846
1075
865
952
1063
854
955
1070
1037
960
1211
1035
1081
1179
1010
866
970
1074
953
1029
1105
970
1020
1063
977
1027
1093
931
1024
1068
952
991
1040
1002
955
995
936
845
909
939
834
882
909
845
871
897
860
755
748
745
732
720
675
702
667
661
650
657
673
714
735
756
813
856
904
939
972
1010
1018
846
908
1286
1276
896
816
840
829
805
854
926
1046
973
916
896
819
885
920
1014
976
814
876
868
988
1054
856
1110
1027
909
1085
991
856
1172
1168
960
1040
1162
1145
1009
1071
1129
1128
1066
830
880
998
976
948
854
811
877
975
854
885
1033
933
895
1017
911
1019
1004
962
848
903
941
949
864
939
978
910
876
981
1018
870
939
929
870
897
972
969
847
951
982
848
825
842
807
754
768
730
741
853
904
819
903
931
861
844
926
909
789
862
856
935
842
920
865
818
809
930
1020
979
989
1067
930
1046
1054
929
987
1071
1016
949
997
999
924
819
853
886
821
835
824
756
828
814
739
816
847
870
852
753
773
771
743
736
789
853
879
1099
1164
1081
930
1188
1163
900
1076
1060
857
1018
1118
891
1034
1104
966
907
1036
1087
857
999
1111
983
841
869
906
813
938
1009
882
952
1011
990
841
974
1026
994
925
1115
912
820
922
1211
875
1038
1063
888
973
932
888
850
912
845
814
908
1021
895
948
1058
919
938
991
904
827
872
867
803
839
923
968
861
1035
1032
815
933
911
784
853
928
1023
882
980
1032
889
964
1011
916
869
1033
1077
930
1003
888
938
1070
1019
900
1000
1047
889
1021
1071
918
1034
1217
1144
901
963
1271
946
1045
1172
1023
1065
967
890
1051
1188
889
903
1046
1034
860
939
979
889
943
1175
1035
933
1086
1052
829
816
816
823
846
826
804
772
773
754
739
721
702
686
701
663
652
670
666
686
752
777
810
963
965
1056
1154
1174
950
1092
1191
1142
1006
873
933
941
1061
893
933
942
992
893
784
854
956
1053
829
991
1012
875
895
1191
901
835
1249