811
852
851
811
843
859
861
875
862
898
872
804
816
781
768
814
877
905
846
798
768
777
884
956
935
905
919
933
929
920
896
888
885
881
906
864
811
816
917
941
880
871
934
933
895
915
921
883
869
1047
1033
995
1076
1058
1023
1013
1115
1109
1073
1134
1108
1034
1111
1115
1046
1067
1104
1040
1035
1017
947
914
974
1018
1013
996
1063
1026
987
1059
1037
981
1023
975
882
822
861
963
929
994
1036
972
981
1032
959
955
1037
1040
981
991
1049
1032
1005
997
1071
1025
991
1101
1080
1006
1005
1048
1010
962
1029
1035
979
984
981
951
1026
1032
1000
1036
890
816
786
791
860
1013
1014
978
938
992
962
959
957
1035
1044
1000
1005
1013
969
1015
967
934
1012
1001
940
980
978
958
1012
989
1002
1000
960
1007
944
937
976
955
960
1018
996
936
955
988
918
842
814
854
914
987
975
955
979
1030
1027
983
1009
1021
997
967
963
1018
968
928
957
1015
978
950
991
1062
1048
990
1023
1036
1017
994
1058
1036
1004
1054
1036
1001
943
978
1040
996
1040
1064
1071
1039
1045
1053
982
1025
955
888
888
945
1042
1040
992
1006
1027
972
1007
1024
988
1030
963
1010
1008
949
1028
1032
967
1005
1011
978
890
850
925
1023
984
981
1021
1026
1025
1007
1041
1021
972
1023
1063
1030
1014
1037
986
970
1013
1027
965
1008
1012
983
957
1010
1002
938
966
992
979
981
1018
987
956
1016
970
880
882
886
834
838
851
921
924
888
833
851
844
832
849
853
878
873
879
899
867
842
844
809
778
799
847
840
837
826
793
832
812
798
826
798
768
790
794
796
787
753
774
793
801
784
816
798
809
814
776
791
799
801
812
818
819
777
784
786
786
790
827
818
814
787
762
733
733
723
761
746
773
770
783
790
809
821
821
832
799
799
789
783
786
767
769
730
771
785
758
744
752
766
788
813
842
849
844
821
828
851
850
827
809
777
742
721
731
738
751
791
825
832
865
892
896
877
879
846
851
823
798
820
792
832
852
825
855
917
899
945
888
813
846
857
887
889
880
870
871
850
800
827
817
792
879
937
863
818
793
786
813
850
885
878
877
865
832
794
816
836
829
859
856
859
807
841
858
854
803
785
753
721
703
704
707
708
685
719
694
709
698
705
679
689
704
731
788
814
852
847
860
873
849
801
808
807
770
779
731
703
729
708
735
756
800
810
816
806
816
803
811
758
730
720
723
740
806
854
867
874
835
815
794
807
839
850
793
748
699
721
704
719
734
811
847
856
856
846
812
766
760
720
775
801
837
886
876
893
899
857
807
775
830
928
927
911
835
833
857
887
887
856
801
797
816
849
840
872
856
853
821
825
808
817
817
846
758
766
757
775
733
696
727
709
715
722
722
697
699
684
671
657
682
668
706
691
733
744
768
790
797
801
790
787
767
751
728
703
692
672
667
663
680
675
689
696
709
739
749
719
688
683
670
650
665
688
713
769
823
849
825
833
838
792
742
717
715
785
843
868
895
899
838
789
798
801
835
836
848
857
839
792
804
837
886
937
942
920
900
810
764
747
731
747
805
876
929
899
918
920
915
879
851
860
864
875
861
860
865
881
898
891
832
766
814
828
796
775
743
764
804
834
771
803
875
908
917
903
878
846
841
830
820
811
824
835
872
843
780
811
812
795
765
727
688
698
659
647
617
615
593
586
594
579
577
582
579
580
575
573
568
555
560
569
578
597
612
636
661
677
677
683
672
670
693
703
699
683
702
695
688
676
686
686
691
701
738
724
708
703
725
746
754
750
733
730
721
709
710
722
700
701
705
688
696
708
718
709
714
698
695
681
668
657
663
674
688
704
771
790
816
801
786
749
716
718
722
734
740
750
756
767
778
756
746
747
768
763
775
775
796
805
799
767
754
733
725
723
742
759
745
763
730
729
748
757
769
779
806
808
775
790
804
781
747
728
751
766
774
802
797
815
818
818
813
823
838
891
889
875
877
855
769
741
730
762
733
730
688
737
797
833
808
824
869
846
852
821
793
817
843
850
908
910
906
915
913
899
918
874
813
739
693
709
778
938
1000
1006
977
924
889
864
945
978
913
887
908
896
844
784
852
898
878
896
955
954
846
776
804
793
820
824
839
815
810
766
742
735
758
794
811
833
836
815
775
734
742
723
707
707
715
789
764
758
832
773
774
805
874
885
813
800
819
833
788
733
723
717
706
699
681
678
682
704
705
705
713
728
720
695
696
688
652
656
659
666
711
739
793
803
766
780
770
773
783
837
843
845
809
801
912
934
906
867
847
787
730
710
726
732
736
813
786
745
780
772
739
717
697
699
702
705
726
729
724
706
706
715
699
667
652
631
648
656
658
651
655
681
692
683
665
677
661
664
649
658
685
698
707
692
685
682
692
656
634
618
619
617
617
609
621
627
634
640
651
631
642
714
738
733
733
718
693
664
646
616
600
599
622
664
683
714
717
690
705
751
698
683
684
688
688
687
677
644
639
642
663
672
688
688
677
698
715
699
654
652
605
622
588
596
591
580
587
574
572
577
574
575
576
562
575
564
553
563
550
551
541
533
537
521
522
514
515
514
514
502
502
506
496
495
497
486
485
490
493
484
483
499
494
488
489
493
488
486
490
497
486
484
485
488
479
479
484
489
481
478
479
480
474
473
474
480
473
467
471
473
477
467
465
464
470
469
460
456
458
459
461
457
454
455
456
456
453
451
451
449
451
450
450
447
442
443
442
448
447
447
444
446
444
443
446
447
443
438
437
436
437
440
439
437
434
430
432
431
427
425
431
433
434
427
422
421
424
423
424
422
424
432
427
427
423
422
423
424
420
419
422
427
430
427
428
424
421
421
420
418
416
418
420
421
418
421
421
421
422
426
422
415
411
412
413
415
414
411
412
413
418
418
417
418
416
414
416
413
411
411
409
411
409
407
402
405
406
407
408
406
403
406
411
412
407
407
406
410
410
408
406
404
405
405
406
403
407
407
407
407
409
409
412
410
412
410
411
409
410
410
414
415
415
412
410
408
409
412
412
410
409
411
412
414
409
412
409
414
412
409
409
409
411
406
405
408
410
409
410
406
408
409
411
409
410
410
412
412
416
411
413
411
412
415
412
412
410
412
413
415
414
416
417
421
417
420
418
418
411
408
405
405
408
408
409
403
405
408
409
406
407
407
410
407
408
407
411
403
404
404
404
406
401
401
402
403
404
402
400
403
402
405
402
403
401
405
404
404
403
408
405
406
402
404
404
407
407
405
401
401
403
403
405
401
402
401
407
404
406
402
404
402
405
404
406
402
407
401
403
401
404
404
405
401
401
402
403
403
399
400
400
403
404
402
401
401
402
403
404
402
400
401
402
402
401
400
398
400
400
398
396
401
399
399
397
395
395
397
397
400
399
396
396
395
397
395
395
394
396
396
394
394
396
396
399
396
396
396
397
396
395
395
396
396
395
393
395
396
394
392
393
392
394
393
394
389
391
389
392
392
390
388
388
387
390
389
390
389
390
387
390
389
389
385
387
385
387
387
387
386
384
384
384
384
387
384
383
383
388
385
385
383
385
386
389
386
386
387
391
389
392
391
394
393
395
393
396
396
398
396
397
399
400
397
399
397
400
396
399
397
400
396
397
397
397
396
397
396
397
394
396
396
396
395
397
397
399
394
397
393
400
397
398
394
396
396
400
396
396
397
401
395
396
395
396
396
396
395
395
396
396
399
397
396
396
396
396
397
396
396
395
395
394
396
396
397
396
396
393
392
393
394
392
390
389
392
393
390
388
389
388
394
389
388
389
394
392
390
390
393
392
391
388
392
392
393
390
393
394
395
392
392
393
392
393
393
394
391
390
389
389
390
392
395
390
390
391
394
393
390
391
391
391
389
388
391
392
388
389
390
391
388
389
389
393
393
391
389
388
392
392
389
389
391
393
388
390
389
392
394
391
388
391
392
393
389
392
392
394
394
396
394
394
393
394
396
398
395
395
395
396
396
393
393
393
395
395
394
393
394
395
396
396
397
399
397
396
397
398
397
396
398
399
399
396
398
397
400
394
396
396
396
395
394
393
394
394
394
389
392
391
391
391
387
388
388
389
387
386
389
388
387
387
389
390
388
387
389
391
391
392
389
391
392
391
389
391
392
393
391
397
399
397
396
403
407
401
402
410
410
408
409
414
418
425
421
415
415
413
419
420
417
411
411
416
415
415
406
407
411
409
408
409
406
406
405
401
401
404
404
411
412
414
409
410
412
418
418
415
415
414
420
422
415
417
425
427
425
424
424
425
432
432
431
429
428
431
435
432
430
428
426
424
416
418
420
420
427
439
447
451
443
444
454
457
455
447
445
452
452
453
457
457
457
462
468
471
474
475
481
479
479
477
470
458
453
456
453
456
466
479
490
494
490
487
484
488
498
503
506
505
500
495
498
501
503
506
506
505
507
509
508
503
504
500
496
488
486
483
481
478
475
477
482
489
493
489
489
492
493
498
492
489
490
494
493
488
488
485
479
475
477
481
482
482
489
497
503
499
502
501
506
496
495
490
491
498
497
499
501
507
504
506
503
503
498
496
494
487
492
499
504
515
518
517
514
516
521
525
533
533
532
531
536
543
535
537
544
547
540
540
547
547
539
534
539
542
551
541
549
546
543
531
523
528
525
523
519
513
512
503
496
495
507
521
542
551
554
567
582
586
574
571
568
569
563
568
568
567
555
560
557
557
552
555
559
566
569
572
571
567
568
567
561
555
547
531
530
524
523
522
520
520
525
525
534
552
577
591
588
571
555
543
534
529
527
529
540
551
561
556
555
558
560
570
568
568
567
577
578
586
584
577
568
552
535
526
513
513
523
546
576
581
577
552
548
551
556
564
579
617
606
584
578
575
575
570
561
552
551
552
556
556
553
558
563
572
568
575
579
580
570
568
569
562
554
544
537
533
535
539
540
537
530
534
527
530
529
534
530
530
533
530
523
536
520
521
528
521
515
523
520
513
505
505
494
490
490
497
490
484
485
497
491
487
488
497
494
484
485
489
489
483
480
483
480
477
472
470
470
470
468
467
465
463
461
464
460
455
455
459
465
460
456
460
463
466
471
471
473
469
468
472
480
479
469
465
468
473
471
467
468
468
470
474
477
473
470
469
473
480
474
468
473
477
480
471
467
467
467
468
465
459
456
451
459
458
454
445
441
439
440
440
444
446
444
439
435
437
438
437
439
443
447
446
442
445
443
440
446
453
451
456
450
449
445
440
444
443
445
442
438
439
438
436
434
439
440
442
438
432
429
431
431
432
431
431
438
436
437
431
429
431
428
430
425
425
425
431
431
431
427
426
427
425
429
425
426
427
432
432
431
434
437
438
429
428
431
435
433
438
438
443
436
430
428
430
429
432
430
431
437
435
435
428
421
420
420
423
421
422
421
426
429
428
427
434
430
427
424
427
425
429
432
432
438
437
439
436
433
433
432
428
426
428
429
432
427
426
426
422
424
417
415
414
414
413
416
414
416
413
416
416
419
418
418
413
412
411
410
411
408
407
403
405
405
407
406
406
402
404
403
407
405
408
407
409
406
409
410
414
412
416
413
411
412
415
416
416
410
411
415
413
415
413
413
414
418
415
417
421
421
420
422
421
417
415
411
410
409
410
409
410
411
409
407
406
406
408
405
408
404
409
405
408
403
409
406
406
402
405
405
407
401
402
404
405
407
402
400
402
404
403
407
403
401
400
404
402
398
398
400
399
401
400
401
397
399
398
400
400
401
398
400
397
398
398
398
397
397
396
399
396
398
396
396
396
400
396
399
397
398
401
404
401
404
405
409
403
407
410
413
405
407
411
414
408
408
409
410
412
410
411
409
405
406
408
406
407
405
404
402
404
399
400
399
401
398
396
395
397
395
396
393
396
396
395
395
396
400
399
397
403
405
408
402
402
407
408
410
406
406
406
405
410
408
406
409
410
412
413
414
412
412
414
414
415
415
411
414
416
415
419
419
420
418
416
421
422
422
424
425
428
430
428
432
436
440
441
437
440
440
440
440
442
441
443
438
438
438
437
441
438
438
438
435
437
438
443
442
445
446
447
453
461
464
463
470
475
479
478
475
477
480
475
471
467
463
462
462
464
468
468
468
463
461
459
461
462
468
472
474
475
472
472
471
471
473
478
481
491
489
490
485
486
485
487
491
490
491
488
486
477
477
479
484
494
494
497
498
507
515
524
514
515
516
524
517
512
510
511
515
525
520
518
524
528
531
521
518
509
505
503
504
507
507
505
510
513
521
516
514
515
520
521
514
510
502
497
490
483
480
479
486
488
486
482
481
487
491
495
492
492
496
504
494
494
497
502
503
500
498
504
511
511
509
507
512
518
522
520
515
516
517
522
529
541
541
534
529
524
526
521
515
507
506
507
509
509
510
508
506
503
500
493
493
489
488
486
497
510
519
520
517
514
518
521
528
524
523
515
514
505
498
489
482
479
483
484
493
507
507
504
501
503
509
521
523
529
523
524
524
526
517
511
505
504
505
514
513
512
514
516
523
531
532
527
521
522
522
526
530
528
532
527
525
522
526
522
521
512
511
511
512
513
511
507
507
508
511
509
506
504
509
508
509
504
505
507
510
505
503
500
500
498
498
498
496
489
481
479
479
480
491
498
499
500
510
514
523
516
522
529
536
538
539
551
561
552
546
545
543
537
527
524
521
520
531
543
539
546
533
527
517
517
514
521
516
513
512
515
514
513
507
503
495
496
486
486
482
485
482
481
483
482
486
482
484
487
490
485
485
487
489
492
490
488
493
497
499
493
494
495
503
499
499
496
500
496
494
492
493
494
490
494
497
502
498
502
503
506
500
498
498
500
497
497
495
495
495
495
497
499
493
490
488
489
491
483
481
481
483
491
492
491
487
495
499
506
500
498
496
501
497
502
497
497
494
496
494
493
491
488
484
485
480
478
478
478
477
476
480
479
481
480
484
487
490
494
494
500
504
509
506
502
499
496
498
503
495
496
498
504
501
500
496
497
498
491
494
494
495
491
490
488
491
491
489
488
489
487
485
483
484
479
476
473
474
475
476
473
475
478
478
477
475
474
473
472
465
462
463
465
467
463
469
471
478
475
479
483
479
481
479
487
486
480
479
481
488
480
483
484
487
484
486
482
481
479
482
483
480
476
475
476
473
471
472
470
469
469
472
474
476
477
473
471
468
466
470
476
473
464
463
467
469
471
474
470
468
468
470
474
473
466
461
454
456
456
460
456
450
448
448
454
456
457
458
454
456
455
455
460
465
461
451
450
447
450
451
454
449
443
447
446
448
448
452
450
442
441
439
445
447
454
448
443
445
446
447
448
455
452
446
448
448
453
456
457
453
453
452
450
451
451
452
444
443
440
440
444
444
442
438
434
433
431
435
434
438
432
431
426
422
425
424
425
421
423
424
430
428
429
427
421
421
420
423
424
428
430
435
435
438
433
432
434
435
442
442
442
443
438
439
435
434
435
441
438
438
438
439
443
444
449
452
456
450
445
444
445
450
449
448
443
442
440
441
442
443
443
441
437
434
430
429
428
434
431
433
429
431
429
424
426
422
425
426
430
428
433
430
430
427
421
422
421
421
419
422
421
423
424
426
424
426
422
418
417
415
416
418
418
414
419
417
421
419
423
421
420
417
416
415
414
415
412
411
410
411
411
413
414
414
411
414
412
417
415
415
411
415
414
411
408
406
407
406
406
403
404
405
406
404
404
404
406
406
407
405
406
405
406
403
405
406
409
407
410
412
410
408
410
407
412
409
408
406
406
407
403
403
402
405
402
403
402
403
402
401
402
404
404
405
404
407
403
404
403
406
401
403
403
408
401
404
400
404
400
405
400
403
398
398
397
400
399
401
400
399
397
398
398
400
398
397
398
396
399
396
396
396
398
398
396
395
396
396
400
396
397
396
398
396
397
396
397
396
397
395
395
395
394
395
396
396
395
394
394
398
399
396
396
395
396
396
396
394
396
395
396
396
393
392
395
394
395
393
394
393
396
394
392
391
392
391
394
393
392
388
390
390
392
389
389
387
391
387
387
386
390
383
383
384
387
383
383
383
384
387
386
385
386
390
391
393
389
389
393
392
393
389
389
390
391
392
392
390
391
392
392
393
391
393
393
396
392
393
393
394
396
392
392
392
396
392
393
394
395
394
394
394
393
394
391
391
392
389
394
390
390
390
392
390
387
390
389
391
389
391
388
389
389
393
388
390
390
394
391
390
389
393
392
389
387
391
390
388
388
390
389
390
387
387
388
392
387
388
390
391
392
387
389
389
390
391
390
388
389
391
390
389
387
389
390
390
390
388
388
387
390
388
389
390
392
389
389
391
393
392
389
389
390
393
389
388
391
393
389
391
393
392
389
389
390
389
389
390
387
388
387
387
387
389
389
391
388
388
387
390
388
391
386
386
387
388
388
385
384
387
384
389
385
384
382
386
384
383
380
382
379
382
380
378
376
376
376
377
373
373
371
375
373
370
370
371
372
371
371
375
378
377
375
375
381
377
376
375
377
374
376
372
370
370
370
370
369
373
369
367
367
369
369
370
368
372
370
377
367
371
371
373
371
370
366
364
365
366
364
365
362
365
364
365
364
366
372
368
368
366
365
367
366
361
362
361
362
364
364
362
361
365
363
373
368
369
367
367
367
368
362
363
360
365
364
365
360
361
362
365
367
364
370
369
367
365
369
367
363
361
363
362
363
359
358
361
364
360
362
370
367
363
364
366
364
363
358
361
360
363
359
361
361
363
361
361
365
366
369
363
367
362
363
363
363
360
358
358
361
360
357
357
361
366
362
361
361
365
362
360
356
360
357
360
354
357
359
357
358
362
365
357
362
361
362
361
354
354
354
355
357
357
355
356
356
365
359
357
358
358
359
354
352
353
356
355
353
354
356
359
360
359
357
355
357
356
353
353
353
355
354
356
353
358
359
360
356
357
354
354
355
357
351
353
351
354
353
351
355
355
359
355
354
354
352
353
352
354
354
349
350
354
354
355
354
358
355
354
351
352
350
353
354
351
350
352
357
356
354
355
356
354
354
351
349
352
353
350
350
353
352
358
352
354
354
356
354
352
348
353
355
352
350
350
358
357
354
354
354
354
354
351
351
349
349
352
352
352
353
357
353
353
352
352
353
347
347
350
349
351
349
351
356
354
352
350
352
352
351
347
350
351
352
351
352
356
355
351
352
352
352
349
348
352
350
349
348
351
357
352
350
353
354
353
348
347
347
350
349
693
352
347
354
352
354
349
350
350
350
347
341
350
348
348
349
348
350
353
352
348
347
349
351
345
348
689
349
353
696
352
353
350
350
344
345
344
350
347
345
346
346
355
351
348
348
351
348
345
343
344
344
347
347
345
348
348
349
352
351
348
348
344
344
346
350
346
345
347
352
352
346
350
349
350
347
345
693
350
345
346
348
354
350
350
349
351
348
347
342
348
349
345
345
346
352
347
350
348
349
347
346
340
343
346
345
342
694
347
344
345
347
344
344
340
342
342
344
342
343
351
346
343
344
343
344
341
339
341
342
339
345
344
343
340
346
342
341
338
341
341
341
342
344
345
343
341
341
343
337
339
340
340
341
340
345
343
345
336
341
336
341
338
337
342
339
341
343
341
339
341
338
338
338
340
340
342
346
341
341
343
340
339
338
338
337
344
343
341
344
344
343
338
341
342
338
339
343
337
346
343
344
340
342
340
340
339
339
341
339
343
343
344
339
341
341
339
340
338
340
680
344
342
335
339
339
337
339
336
337
339
341
338
341
341
338
337
337
339
336
335
335
345
339
338
337
336
339
338
333
335
337
337
340
337
340
338
339
333
336
338
336
334
339
338
336
341
337
335
332
336
336
335
335
335
342
339
333
335
336
335
337
333
334
339
339
335
334
337
336
337
332
334
334
337
337
336
339
335
334
332
335
336
333
333
337
336
336
337
334
334
332
335
332
332
336
333
336
336
334
332
334
335
333
667
338
333
336
336
333
331
331
334
332
332
335
338
336
332
335
334
332
332
331
333
337
333
335
334
335
334
331
331
332
334
333
334
335
335
335
331
329
331
334
330
332
334
336
335
331
333
334
330
334
330
332
335
331
335
334
335
331
331
332
334
330
330
338
333
333
331
335
332
330
331
333
330
330
337
333
331
332
331
329
331
330
327
339
329
333
331
334
328
331
330
329
324
334
336
330
333
332
479
509
331
328
328
329
335
331
332
328
328
330
333
329
330
333
328
757
897
659
326
325
328
661
1983
334
330
331
330
333
330
328
326
330
330
328
331
329
333
327
330
330
331
326
328
329
328
332
330
331
326
331
657
325
328
332
324
332
330
333
324
330
327
329
329
326
332
329
332
328
328
326
325
333
328
326
331
659
329
327
331
326
656
327
328
330
329
333
328
324
334
325
329
328
328
329
327
327
331
658
328
328
655
325
331
325
331
328
656
328
323
334
324
326
656
330
329
330
326
325
327
327
327
325
328
984
323
331
327
326
327
276
375
331
655
324
325
329
326
327
327
326
327
657
328
326
326
325
329
327
326
328
325
654
325
326
325
823
802
655
327
395
586
657
324
328
261
392
330
328
324
322
330
651
325
328
265
385
328
329
324
322
327
328
325
326
326
326
324
321
330
326
320
330
320
328
323
325
325
321
327
684
615
973
520
1099
1632
329
975
322
326
324
322
329
664
314
323
972
326
321
458
612
893
635
327
1127
489
325
324
326
323
311
340
976
755
542
321
325
324
327
323
322
327
326
321
320
330
320
323
324
324
324
325
325
326
321
323
322
325
329
320
321
328
324
323
322
327
323
324
326
327
326
326
327
329
327
326
326
330
327
328
328
329
329
329
329
330
330
328
331
331
331
330
330
331
332
332
332
331
334
329
334
334
332
336
333
334
336
334
335
334
336
335
337
337
335
338
336
336
340
338
338
337
342
338
341
340
338
342
341
340
344
342
344
341
344
344
345
342
347
345
345
345
347
347
345
347
349
348
350
349
346
350
368
332
351
349
350
348
348
347
351
348
350
350
350
707
354
351
357
356
354
356
359
355
357
359
358
359
358
360
362
361
358
359
364
359
358
366
362
362
364
363
368
367
365
365
371
369
370
371
367
368
371
370
371
371
370
376
376
373
374
378
376
376
377
378
383
379
379
383
382
383
384
384
384
382
377
379
379
375
377
379
375
376
380
380
379
376
383
385
382
380
387
385
383
388
385
384
384
387
386
385
386
388
387
390
389
388
388
396
393
395
394
397
396
396
397
396
393
396
396
395
396
395
394
392
396
393
390
398
394
394
397
398
397
395
403
403
402
405
400
404
401
398
395
399
395
396
396
400
401
405
405
403
346
467
403
402
407
404
407
409
413
414
408
412
416
413
416
419
418
417
419
424
424
423
425
418
420
419
423
423
420
418
417
418
417
418
416
425
420
425
425
425
427
421
414
422
413
420
417
411
420
414
417
413
415
415
419
422
425
426
428
423
422
429
427
426
426
420
429
423
424
424
422
423
416
412
415
413
413
418
416
426
417
416
425
422
421
419
422
422
402
436
419
418
426
425
427
430
426
430
426
423
420
418
418
419
415
414
413
419
422
421
423
420
429
429
433
434
436
438
437
439
439
438
438
438
443
444
439
448
449
447
454
450
451
455
454
453
449
459
450
453
461
458
462
462
463
457
457
903
445
451
447
454
443
444
441
445
444
446
447
449
453
457
468
460
466
473
942
461
459
461
454
463
458
458
465
459
468
467
465
465
473
468
470
473
469
473
479
473
476
484
479
481
486
484
490
493
490
492
493
505
502
498
490
490
481
479
482
479
480
484
481
480
487
483
488
489
490
491
491
493
494
494
492
495
494
491
499
492
493
495
494
490
499
497
500
500
500
500
503
500
498
502
499
499
499
498
497
498
498
497
497
499
499
497
498
499
497
495
501
498
494
503
497
494
492
491
497
491
492
492
492
493
485
484
489
482
486
492
487
489
494
489
489
495
489
488
499
492
495
500
497
494
509
499
498
506
499
497
504
498
498
504
498
501
499
499
500
497
501
503
496
498
499
497
498
497
494
496
492
491
490
493
491
492
490
494
498
492
494
496
495
494
498
497
499
500
498
503
498
499
502
499
499
505
499
499
508
498
502
508
502
501
507
504
500
502
500
499
491
494
489
487
490
488
489
491
490
490
497
494
497
499
499
495
505
499
501
505
498
501
504
498
502
504
498
502
501
499
503
498
501
500
502
502
504
502
503
504
505
506
503
504
502
509
510
505
1018
504
506
509
503
508
504
506
507
503
620
887
881
253
371
499
499
504
502
506
507
503
507
509
503
500
497
503
498
492
504
494
495
505
496
495
505
498
497
503
502
497
508
502
503
505
503
501
513
513
563
460
504
1015
504
504
504
512
505
503
511
514
508
508
501
518
514
515
506
516
513
513
511
511
506
512
504
508
511
505
504
501
506
505
508
498
998
497
496
498
499
498
499
504
502
499
513
504
507
508
505
505
508
506
502
507
508
511
506
510
513
509
509
1024
512
502
502
503
499
499
491
493
349
637
488
982
493
493
490
505
500
499
508
506
1026
508
511
517
517
516
523
520
512
526
517
520
516
516
511
519
517
514
510
509
458
557
894
628
509
508
512
510
511
516
512
518
523
521
520
527
525
522
532
528
527
531
526
525
518
518
513
1046
521
521
521
518
516
518
517
514
514
510
511
511
518
510
514
517
513
516
468
568
515
521
521
521
521
527
521
524
525
525
527
533
524
522
525
521
521
519
519
517
522
514
516
514
514
515
506
507
510
507
509
1025
513
513
514
512
513
1028
1033
518
517
520
519
518
521
522
518
525
525
520
529
523
521
514
531
525
520
1053
522
521
515
514
516
510
512
512
512
510
519
514
514
521
520
551
484
514
514
513
512
510
512
510
510
513
508
510
510
512
513
511
512
516
516
518
508
520
516
514
509
515
510
508
511
509
509
507
508
1520
498
499
507
501
507
511
511
510
511
520
516
517
520
521
518
529
522
522
531
527
523
536
531
528
531
529
521
530
524
525
530
525
527
1063
535
541
524
529
535
529
532
568
1024
530
534
531
528
533
527
1063
527
527
527
527
522
521
517
515
515
514
518
522
521
526
522
525
521
526
525
525
1057
530
1060
528
525
531
525
533
525
523
523
531
522
526
524
522
524
522
521
519
517
521
518
513
508
502
504
503
511
505
506
509
509
507
508
513
506
505
518
515
515
515
516
519
521
521
520
524
517
520
518
525
519
521
521
516
517
520
516
516
521
518
522
519
523
520
521
521
519
513
513
514
1027
512
503
505
503
499
504
503
503
503
504
480
535
509
513
512
521
513
523
521
517
519
514
517
518
514
517
514
517
521
513
1038
520
521
521
519
519
521
520
519
519
523
518
517
521
513
517
403
628
520
511
524
519
525
521
521
524
525
523
524
525
521
524
523
518
521
518
514
511
511
511
504
509
506
508
506
501
502
499
499
500
505
508
504
508
511
509
514
517
518
517
521
520
517
521
521
520
519
521
518
518
521
514
515
514
516
515
514
519
513
1035
519
520
521
518
521
522
518
519
517
517
514
515
513
509
511
514
511
514
515
515
512
517
514
516
517
518
514
515
518
508
516
509
508
507
511
509
509
510
507
512
508
518
514
511
511
466
563
512
516
515
510
534
489
554
464
505
506
503
505
504
506
508
508
513
512
516
521
516
519
1047
522
519
516
513
514
509
515
509
509
513
509
512
504
504
508
500
505
505
503
507
510
510
508
514
511
514
509
514
515
513
516
514
515
508
515
508
509
512
511
514
517
511
512
506
507
504
504
510
509
507
513
510
511
513
512
514
515
508
502
506
509
518
525
525
530
531
523
522
526
526
524
533
527
524
537
538
541
541
542
542
547
545
545
551
544
543
553
554
554
560
561
561
554
568
550
561
561
552
558
565
569
574
569
584
573
571
567
574
558
566
560
565
563
563
566
572
572
582
588
582
586
586
588
585
581
569
577
563
559
559
551
557
549
554
554
561
565
566
568
566
564
562
558
556
552
547
531
551
544
545
547
557
558
554
556
553
552
550
547
545
535
545
546
541
547
550
557
560
543
555
564
569
570
570
570
569
554
562
564
563
566
566
570
568
567
565
574
591
578
599
603
594
605
587
595
585
591
589
577
566
575
565
548
554
557
555
569
602
616
646
638
663
656
630
640
628
603
607
604
597
590
601
597
597
596
606
607
603
603
601
604
605
604
618
614
615
603
603
603
602
596
601
594
608
604
626
610
603
609
612
599
605
615
617
616
617
609
607
598
578
577
582
577
577
579
583
588
588
592
594
591
589
588
587
585
580
563
565
576
567
574
582
606
613
611
612
613
615
615
616
607
611
610
602
604
606
607
605
609
613
616
616
608
601
614
598
586
601
594
591
589
590
583
596
592
592
594
594
604
604
604
602
594
590
587
586
591
604
620
640
648
638
648
649
635
625
615
604
592
590
588
587
591
606
608
630
640
654
642
651
642
634
625
620
609
598
595
585
591
595
601
606
614
627
625
617
629
626
625
604
616
606
596
593
590
586
583
582
582
583
586
595
605
614
619
622
618
626
625
616
618
613
609
607
602
600
597
611
622
634
636
650
655
646
656
652
645
643
642
644
632
640
641
631
642
640
644
634
650
651
644
660
655
649
637
646
643
628
642
634
631
629
632
628
627
620
613
627
627
632
630
640
637
631
641
646
633
627
634
629
631
631
620
622
613
606
596
592
596
595
601
613
635
646
652
652
655
652
648
646
644
631
635
632
640
639
654
666
664
680
686
691
682
688
686
682
671
680
678
670
676
684
686
673
675
681
685
668
676
682
677
662
676
671
660
659
657
657
651
670
673
667
668
675
674
666
676
672
671
662
672
673
663
677
677
672
668
678
680
669
681
682
679
674
682
682
664
679
678
671
666
678
676
667
683
681
681
684
677
665
660
647
635
648
645
644
652
645
662
654
660
643
646
655
669
648
630
644
641
629
638
627
626
622
628
646
640
639
646
629
647
650
650
646
632
638
633
627
624
624
628
629
646
653
654
669
662
657
665
661
662
658
654
652
652
644
646
639
640
618
624
616
615
615
622
622
615
613
625
629
627
625
634
634
635
632
641
641
627
651
662
671
687
675
685
667
663
662
661
656
652
654
644
641
618
632
625
625
627
632
656
675
694
700
708
691
673
669
663
663
657
650
649
644
640
644
628
645
645
640
656
666
674
680
679
665
671
673
681
685
684
694
693
692
687
687
679
661
668
661
660
666
669
663
676
671
675
678
674
683
686
681
696
698
704
685
700
697
695
675
693
686
680
671
675
672
659
661
654
667
666
652
674
675
676
670
692
699
693
707
698
683
669
673
667
653
674
666
660
664
677
689
681
707
711
693
702
696
682
664
673
664
655
658
670
681
679
693
696
688
678
688
679
658
677
663
655
654
669
679
668
694
690
683
681
688
685
668
688
676
676
670
687
699
695
699
709
709
689
712
705
688
684
692
682
675
651
673
676
676
684
690
697
685
698
697
696
680
700
700
687
690
699
701
685
707
706
700
689
706
706
696
706
715
716
699
716
701
686
690
694
700
688
708
716
721
703
708
701
697
685
697
697
698
685
703
704
704
693
706
710
688
707
699
690
682
696
696
680
699
700
695
685
700
698
680
687
693
700
685
696
688
678
668
679
671
658
662
663
653
644
635
646
646
640
653
650
646
642
654
655
648
654
664
670
661
679
674
673
663
678
671
670
663
677
675
668
685
690
682
688
692
687
677
688
675
662
657
667
663
653
660
660
655
655
663
663
650
664
657
646
664
656
646
658
654
650
652
666
668
661
682
684
667
691
678
670
667
678
673
660
666
658
653
649
678
682
682
685
684
664
671
684
678
674
661
657
663
651
647
645
640
645
644
645
649
650
666
682
687
681
694
697
700
684
694
685
681
670
684
684
681
689
716
743
725
748
751
752
747
727
755
718
696
671
678
668
671
679
700
702
685
699
673
664
650
529
274