1013
1035
1060
1068
1058
1035
1029
1078
1109
1060
1028
996
1007
1026
1054
1030
1024
1040
1066
1072
1049
1023
1020
1022
994
987
1015
1046
1073
1063
1003
1012
1010
1016
1001
986
992
1030
1075
1059
1050
1072
1133
1092
1028
1029
1045
1029
1013
991
1027
1056
1139
1102
1055
1020
1072
1089
1105
1101
1044
979
983
1004
1080
1089
1084
1128
1188
1121
1052
1039
1045
1000
989
1004
1089
1218
1189
1094
1139
1164
1104
1033
1056
1035
1062
1097
1104
1060
1062
1056
1037
1054
1051
1029
1038
1022
1003
1004
1018
1017
1012
1012
1030
1050
1103
1082
1054
1069
1128
1079
1018
1029
1057
1108
1072
1109
1143
1101
1062
1106
1141
1109
1071
1127
1203
1249
1190