869
867
912
896
876
1003
981
899
1157
1103
1014
977
862
893
881
920
957
912
1004
897
917
968
900
903
844
809
790
736
762
803
688
726
757
788
749
781
753
658
639
643
669
706
677
712
718
665
669
701
688
698
774
723
669
678
655
627
628
608
599
612
604
595
612
626
611
635
638
616
616
615
598
623
603
592
591
592
582
591
587
575
563
562
559
549
565
575
571
571
578
586
586
603
605
589
610
623
598
608
615
606
604
609
606
604
600
624
601
596
608
574
582
575
564
575
580
578
595
567
580
579
573
582
571
561
567
578
581
568
579
587
587
577
585
583
570
585
626
604
612
633
612
621
659
626
625
632
611
604
622
623
605
616
646
613
604
617
637
613
617
623
615
600
614
614
592
619
610
592
617
637
604
647
661
629
669
656
621
636
630
599
614
625
599
608
590
590
596
584
575
608
641
621
609
625
606
606
625
619
614
609
602
616
592
620
624
708
734
697
691
650
643
618
614
594
604
643
625
653
634
656
638
634
633
697
692
674
638
632
638
612
647
645
657
670
650
689
662
632
656
617
646
648
674
640
647
635
623
621
616
617
627
604
628
624
593
570
585
632
657
629
650
604
609
599
599
635
687
680
660
639
665
637
604
610
638
609
650
639
697
664
688
690
658
658
677
649
659
679
641
641
654
639
651
660
624
635
651
630
623
668
604
612
602
585
592
595
583
593
611
604
603
623
603
596
623
586
582
586
590
568
585
606
586
588
607
592
581
586
579
558
557
563
559
572
572
583
583
587
606
594
581
576
557
557
563
561
568
594
585
587
635
610
593
597
600
579
566
566
567
561
561
566
566
558
531
540
556
566
563
563
568
573
560
559
565
562
556
548
552
537
526
531
528
519
521
526
527
531
545
546
549
565
567
563
567
576
576
572
580
583
586
599
568
580
599
581
577
585
573
573
585
582
605
592
595
591
578
578
573
577
582
573
572
560
563
564
561
566
557
546
543
538
530
529
535
532
523
515
510
513
516
519
521
535
542
550
550
552
550
552
553
549
544
541
535
521
516
516
512
516
515
517
521
522
524
530
520
513
521
509
498
499
496
491
493
491
494
497
499
495
494
495
500
506
500
515
512
510
519
522
513
510
513
506
508
513
513
513
512
515
509
510
508
512
511
503
510
523
518
515
514
501
492
496
494
486
489
497
489
492
500
495
491
497
501
498
503
510
511
515
519
515
516
520
512
516
518
521
518
519
516
520
514
516
518
520
515
515
516
517
512
504
507
500
490
490
488
493
492
489
490
489
488
494
497
505
517
528
534
534
524
515
515
508
501
498
497
487
481
483
477
479
484
483
486
492
490
482
495
496
491
497
502
496
492
494
501
492
502
501
495
503
494
493
492
487
488
491
490
486
488
490
482
478
483
477
471
475
475
469
476
479
478
480
481
479
487
484
484
493
488
486
484
484
486
475
480
480
475
479
476
472
482
481
484
488
488
485
485
489
484
482
489
487
487
487
487
489
487
484
476
482
482
475
480
477
472
481
471
465
475
472
464
475
479
471
479
482
474
485
487
479
490
497
493
489
490
491
483
489
497
494
501
500
496
494
498
490
482
484
479
474
473
468
463
469
470
465
467
469
461
465
467
462
461
459
458
458
457
462
460
456
466
463
459
466
461
456
465
460
458
463
462
461
463
463
467
466
464
467
465
463
463
460
452
460
455
445
460
456
454
457
457
456
454
450
453
453
448
451
447
444
447
442
442
443
438
444
446
445
447
447
450
450
443
455
456
438
457
456
447
463
464
461
458
463
459
445
452
452
448
440
450
449
449
451
450
453
455
453
457
458
452
457
458
453
458
458
455
454
454
459
458
460
463
459
456
459
458
447
453
457
447
452
451
445
448
447
447
445
437
443
443
436
436
441
438
436
432
438
435
438
434
431
432
433
430
433
430
427
369
479
431
427
429
426
420
430
430
433
431
424
427
432
430
427
429
437
440
437
441
439
438
435
430
434
434
423
435
435
434
431
421
431
428
426
425
422
427
423
425
424
418
430
428
428
432
428
430
435
428
432
430
432
428
423
437
433
434
429
431
437
436
428
444
441
441
439
438
438
439
429
439
440
438
438
436
434
434
419
433
431
430
429
432
434
435
432
436
434
440
438
436
441
445
431
446
446
438
452
445
439
441
434
437
439
436
437
437
437
438
431
437
436
430
434
432
434
433
422
435
438
436
432
437
443
442
437
442
447
443
440
428
441
441
427
444
441
440
445
446
447
447
443
444
447
438
440
441
439
432
436
433
430
421
428
423
424
427
419
420
423
418
415
416
418
417
416
416
410
411
415
409
405
405
411
404
410
408
398
406
409
407
411
409
408
405
414
411
415
409
405
418
414
418
420
413
414
418
418
416
402
412
408
409
409
397
400
400
399
397
398
399
391
394
396
393
397
396
397
388
396
397
395
399
398
396
395
404
401
402
406
404
401
404
413
409
405
411
410
411
417
410
404
397
405
404
404
403
398
402
401
400
399
393
399
403
400
405
396
403
401
398
403
401
398
398
403
405
403
401
398
407
403
405
408
399
406
408
405
407
403
404
401
404
404
396
400
404
402
407
406
408
399
409
406
406
412
408
411
414
414
409
397
410
406
405
399
386
396
396
388
393
388
387
383
391
384
384
386
381
386
386
386
378
388
387
382
387
385
382
380
386
382
386
387
386
393
388
385
385
389
382
388
382
376
385
381
383
382
381
382
378
386
378
380
376
378
381
380
378
376
382
381
381
377
380
380
381
381
373
377
377
379
370
378
378
378
383
381
379
377
384
381
379
388
382
387
386
392
385
392
393
389
393
391
394
397
394
403
399
403
404
404
403
396
408
406
407
402
399
400
400
396
397
383
394
391
390
393
388
386
382
387
386
388
384
379
386
388
383
390
382
387
386
388
389
386
391
385
382
384
386
384
387
386
380
392
389
386
394
386
392
388
385
388
383
388
384
383
383
378
385
381
378
377
382
379
379
379
375
379
739
382
378
375
377
372
371
375
372
369
369
372
378
371
373
373
375
365
377
378
372
374
375
375
377
372
366
374
372
369
370
367
374
367
371
371
368
369
366
372
367
367
363
368
364
369
370
362
369
367
368
368
364
358
369
363
366
365
365
369
722
362
361
361
366
360
365
365
362
367
361
369
365
363
364
369
365
369
367
364
369
362
365
366
363
364
363
365
366
363
359
362
357
364
364
359
360
358
361
363
360
357
362
355
360
357
354
355
360
353
354
353
351
356
351
355
354
352
352
354
350
357
357
352
354
352
357
354
359
352
355
354
358
359
355
359
355
363
361
364
357
367
364
361
364
361
366
364
365
364
360
358
365
354
362
360
355
362
355
356
354
363
352
355
357
358
351
359
358
354
362
354
360
357
354
354
358
350
357
357
350
357
352
354
354
352
350
354
348
354
354
357
352
353
352
349
355
348
353
351
348
347
350
344
345
348
350
348
346
344
346
348
340
347
340
348
343
344
343
351
347
346
347
352
344
351
352
352
349
351
348
349
353
347
354
350
349
345
350
344
352
352
350
347
348
349
348
349
346
352
348
349
349
349
340
350
349
344
347
349
345
347
351
344
349
346
345
346
351
344
346
348
342
353
344
348
350
345
345
349
343
348
351
346
349
344
348
349
345
344
349
338
346
343
341
343
348
339
343
345
337
349
343
345
344
351
343
344
347
344
342
345
344
342
341
339
347
340
345
343
343
340
346
340
340
345
345
339
344
345
314
374
346
346
346
344
341
346
339
344
342
339
340
343
335
338
339
334
334
338
335
335
338
331
337
339
333
332
336
337
333
333
335
331
336
334
334
328
339
337
332
336
338
331
336
336
332
332
333
337
333
330
335
339
331
337
334
334
332
340
331
336
337
333
334
339
327
339
336
330
334
333
332
335
331
329
337
328
337
331
333
331
339
327
335
334
332
332
333
331
334
331
333
337
337
329
335
334
329
332
329
329
330
327
324
333
320
328
328
326
324
331
320
328
326
323
322
297
353
325
323
329
317
324
328
322
321
327
320
324
327
321
323
326
321
325
324
323
321
325
321
325
323
323
322
325
322
324
325
322
323
325
321
322
324
324
324
324
325
322
323
325
321
325
329
319
325
329
316
326
332
319
326
330
319
328
324
323
326
327
326
327
327
321
332
323
325
330
326
324
329
327
327
320
328
320
326
322
322
317
323
320
320
317
298
340
320
319
317
316
269
361
319
316
314
313
319
313
313
313
315
315
317
313
313
319
316
316
317
313
322
313
321
318
318
316
324
313
321
318
316
314
324
312
319
321
314
314
322
313
316
318
315
313
316
318
314
318
313
313
320
312
314
320
312
314
320
311
314
319
313
313
320
311
315
314
316
315
322
312
315
317
313
313
318
310
313
318
313
313
318
310
313
317
313
316
314
312
318
310
313
317
312
311
287
342
312
315
311
310
288
338
314
312
312
307
317
305
314
310
308
309
313
305
310
310
308
303
311
308
311
305
306
307
307
308
307
306
310
308
303
311
308
307
308
315
303
310
315
614
315
308
313
311
311
313
309
313
311
309
313
312
615
315
313
312
310
315
308
312
311
310
312
310
312
311
309
314
307
313
307
315
304
285
337
619
311
304
313
304
313
305
312
306
310
305
538
374
308
307
308
309
312
301
310
306
309
310
310
312
304
311
308
308
310