991
952
855
876
857
762
811
955
841
880
1000
949
853
854
849
779
901
976
875
986
1027
825
845
837
768
836
875
777
850
888
793
806
880
837
764
798
854
776
814
961
931
945
1017
914
858
920
898
830
971
1039
983
1055
949
885
963
954
865
995
1048
881
940
959
919
813
920
963
831
927
1007
987
817
902
927
892
859
1007
1075
938
993
1046
900
964
1137
1105
1009
1095
1071
1025
1122
1108
989
984
1082
911
900
1037
950
890
1013
1018
854
831
812
808
800
948
1023
922
922
926
879
784
812
872
883
832
960
985
880
927
1028
955
912
1031
1065
911
1023
1072
1002
1164
1082
997
1119
1078
1014
1156
1086
1012
1048
904
853
1076
987
1008
1099
936
886
870
855
805
940
1046
1001
963
979
933
779
848
890
883
854
967
1010
927
979
1083
1081
946
997
1065
1046
953
1070
1044
911
993
1014
869
913
989
952
898
1009
1006
921
985
967
885
881
960
1010
922
982
1043
1007
889
907
947
939
866
970
1032
889
938
952
861
854
924
995
916
924
978
973
862
929
930
840
837
905
911
841
925
933
831
881
905
868
862
1006
986
875
940
968
985
869
927
930
854
863
827
785
777
902
912
825
865
911
882
753
792
840
923
867
857
955
990
866
854
912
914
841
889
971
920
869
964
973
880
969
1036
981
881
938
950
927
802
947
943
781
900
873
736
785
837
850
750
848
881
917
839
929
961
920
831
867
884
810
845
916
863
814
880
893
795
820
832
800
748
867
911
877
796
864
873
799
805
918
991
886
1027
1045
946
938
1002
958
851
937
983
891
913
944
938
836
914
918
868
837
928
991
871
944
978
960
850
900
905
908
824
933
943
901
817
889
926
882
834
926
979
813
841
947
1060
872
896
922
907
848
800
928
947
884
836
966
1018
1027
908
999
1093
1086
884
883
1005
995
802
953
906
835
757
874
935
856
802
861
890
776
771
841
928
915
842
931
960
858
830
948
1024
988
876
965
943
804
837
969
1025
878
1035
1064
849
931
957
901
810
909
1028
1014
923
1029
1029
881
973
1033
1010
865
1017
1007
819
932
1006
833
930
1037
907
833
942
967
813
939
1008
926
867
959
974
818
894
908
875
807
937
964
850
869
932
947
813
881
940
943
838
1021
1121
1008
953
1025
1023
827
832
907
995
860
905
1020
1018
887
960
969
867
817
928
1092
951
881
1008
989
859
896
1049
1085
944
1093
1101
970
1013
1058
1001
896
1010
1066
921
1058
1089
947
1052
1087
1008
959
1032
1077
1000
937
1017
1060
897
1042
1028
865
787
819
833
801
789
925
1000
967
854
947
974
912
801
857
890
978
902
843
993
1058
1078
947
1052
1077
962
868
946
970
850
933
969
939
898
975
962
848
941
954
905
845
918
934
916
840
979
993
912
914
957
981
910
866
959
977
970
854
957
954
952
833
932
993
978
864
999
1071
1008
933
1097
1041
894
910
933
980
864
1032
1119
976
888
938
935
836
806
939
1026
944
923
1043
1047
870
953
987
881
830
970
1085
900
971
1018
1002
841
954
997
885
930
1234
1109
878
965
849
742
729
762
945
809
918
960
895
848
884
875
792
763
768
770
752
713
734
754
793
782
740
766
761
764
722
724
779
827
844
765
772
784
807
758
746
783
838
829
797
882
849
762
747
819
907
828
987
1075
953
966
977
865
749
722
776
818
898
839
787
712
729
794
852
877
859
795
811
835
890
841
787
822
869
897
815
854
938
976
872
926
986
960
886
1007
1031
970
933
989
979
920
951
1043
1080
1013
997
1121
1002
848
890
982
940
1027
1158
1129
892
916
909
884
820
938
1017
973
888
979
948
808
744
841
849
882
750
888
927
945
848
898
975
967
771
765
859
914
947
784
954
929
900
785
849
829
774
742
899
987
910
858
916
902
789
826
921
970
879
952
972
964
857
767
749
748
778
813
956
976
868
938
1021
970
844
873
832
757
726
759
806
784
747
802
821
833
772
814
818
780
721
660
650
657
749
701
791
875
834
818
932
950
839
912
912
835
773
811
851
781
765
800
770
732
739
765
784
711
703
692
676
680
657
641
635
641
674
668
711
748
780
755
727
771
794
772
714
738
761
812
737
787
850
810
762
793
827
776
764
807
857
790
793
796
717
730
760
770
747
703
727
760
801
726
733
761
769
776
727
694
697
718
761
717
753
799
819
768
718
715
709
701
695
754
810
718
742
732
715
772
717
770
803
745
753
757
744
682
675
675
710
694
676
690
724
763
710
753
782
748
677
646
622
648
655
710
750
796
713
732
771
806
734
719
737
771
771
762
702
698
708
711
681
698
794
893
920
834
872
888
840
807
810
688
688
735
885
802
907
935
908
822
858
853
788
711
797
865
932
836
919
970
830
822
844
835
769
866
877
881
825
877
915
804
851
875
822
705
733
790
866
830
788
854
823
769
778
855
871
816
796
865
868
740
749
773
747
678
698
699
769
729
683
684
745
803
773
727
760
743
688
692
723
784
734
740
747
760
704
694
680
640
637
625
623
621
601
590
599
588
595
604
607
612
609
604
590
594
608
685
731
775
759
760
756
752
719
688
652
629
600
597
616
602
610
626
722
814
827
837
843
896
825
798
755
724
667
702
736
751
717
874
892
919
844
843
865
859
797
777
799
831
821
868
764
717
687
727
788
812
883
923
920
915
901
875
766
725
714
773
765
751
854
872
777
806
854
897
811
794
793
804
765
729
744
734
700
672
699
783
833
761
820
871
929
785
784
796
804
750
729
737
729
695
717
734
711
672
688
672
654
632
645
676
647
654
675
711
716
685
706
718
757
715
724
778
885
976
837
812
772
765
706
817
892
915
836
917
906
782
831
774
736
704
781
863
831
775
841
871
812
784
784
799
713
697
730
739
739
686
704
726
784
730
793
790
813
717
733
725
658
648
660
700
743
727
668
669
673
690
712
744
720
772
819
811
722
743
773
815
746
780
793
826
801
756
777
835
767
771
821
867
790
858
896
896
834
736
763
825
879
811
817
858
896
790
821
873
810
737
725
687
799
854
796
917
958
926
887
914
895
767
759
842
910
865
885
938
953
905
902
960
962
859
947
993
984
911
1001
1003
904
961
941
813
844
904
930
804
988
1009
857
760
801
872
1028
942
867
1008
1075
913
841
855
864
790
766
707
662
687
652
619
607
595
583
576
573
559
549
541
531
523
516
508
506
503
502
510
513
527
548
601
619
649
713
703
772
813
774
813
801
733
680
622
617
737
745
751
713
706
752
847
848
799
785
740
717
658
623
604
604
611
609
592
583
585
619
621
639
650
655
656
648
616
595
577
581
596
603
594
597
617
613
604
613
663
671
732
677
674
679
681
632
620
635
644
639
651
652
646
653
626
618
621
635
627
611
612
616
619
622
616
627
625
649
663
706
729
723
688
680
684
665
633
599
583
589
599
633
657
632
607
607
616
610
601
596
598
595
580
577
596
598
587
607
632
631
625
606
597
600
598
595
580
583
584
606
606
585
592
651
729
742
687
686
699
691
670
687
668
659
632
641
645
629
617
668
655
745
768
764
786
731
668
666
662
688
816
854
793
758
840
875
751
679
699
691
732
727
677
626
629
639
659
757
839
777
782
800
735
742
754
778
801
741
752
767
783
723
741
776
849
824
758
743
758
769
760
755
751
696
711
838
876
797
748
762
850
898
844
860
896
906
924
948
880
867
850
752
771
946
854
815
869
804
719
673
631
595
598
651
698
748
754
764
784
788
721
674
710
756
795
753
786
811
843
818
791
836
859
854
798
728
718
723
742
716
689
726
801
784
808
740
673
648
681
685
654
662
663
656
658
648
639
670
733
762
785
743
781
787
755
679
645
673
803
863
807
777
818
853
854
803
767
777
810
846
827
891
900
904
888
848
782
765
809
819
841
775
835
813
753
693
711
805
863
877
831
823
766
699
688
652
657
828
769
822
869
895
860
866
818
747
684
685
683
674
688
800
870
885
891
824
809
858
923
906
862
849
862
883
815
790
805
768
726
664
665
695
697
708
660
648
637
603
586
562
566
566
572
585
569
563
563
559
554
536
531
521
519
523
518
522
524
531
526
538
543
585
593
598
578
569
586
606
586
570
560
556
560
580
605
578
576
589
613
609
578
569
576
573
566
564
555
557
559
563
546
544
544
537
536
543
548
530
522
520
520
533
562
593
565
577
596
595
569
590
605
608
585
563
560
562
566
555
540
542
538
546
557
538
541
546
558
555
540
531
533
526
526
513
503
498
492
488
479
479
476
467
468
466
455
453
450
446
447
441
438
441
441
428
432
431
430
418
421
421
422
415
410
411
413
414
407
401
402
405
406
402
400
398
402
401
402
404
397
398
400
402
408
404
401
400
410
405
408
404
403
408
409
407
408
403
408
408
410
409
404
406
408
409
407
401
403
406
409
406
401
401
400
405
401
398
397
396
397
397
398
397
396
391
390
396
396
395
394
389
386
389
396
396
396
396
393
391
392
396
394
394
395
390
390
390
395
392
394
390
386
385
388
391
388
391
391
388
386
388
394
394
395
392
390
389
390
395
389
390
392
383
386
385
390
392
392
389
386
385
384
389
388
389
390
386
384
381
385
387
387
387
385
385
383
380
379
382
385
385
384
382
384
380
378
378
382
384
385
382
380
382
379
377
378
378
380
384
381
381
382
377
379
374
375
375
376
378
381
378
379
379
375
376
374
375
377
383
385
386
385
382
383
379
379
378
381
382
384
385
381
384
380
380
380
382
386
385
384
381
382
376
376
376
376
378
380
378
376
374
371
375
370
371
369
371
374
376
373
376
375
375
374
373
373
371
371
371
373
375
376
373
374
373
372
370
367
370
368
366
368
367
373
373
376
377
374
377
376
373
373
369
372
369
369
371
373
376
373
369
372
370
369
367
365
368
366
367
364
366
368
370
370
374
370
371
373
376
374
373
374
371
374
372
371
372
376
378
374
372
372
376
371
372
369
372
370
371
375
377
373
377
375
376
372
371
375
370
371
368
370
371
373
376
376
374
374
371
372
374
370
371
369
371
372
375
377
378
375
375
374
374
377
369
372
372
372
374
373
375
374
374
374
371
369
370
368
365
367
368
370
371
372
373
372
374
373
373
370
369
370
365
371
368
369
372
377
377
375
371
376
376
374
372
371
373
371
372
374
378
378
378
375
375
377
371
371
368
369
371
373
371
374
372
370
370
367
369
366
369
364
367
370
370
373
372
371
373
374
371
370
368
371
366
367
367
368
369
369
369
369
368
369
367
365
367
363
364
360
362
361
360
360
365
365
368
366
369
366
366
366
364
364
363
364
359
360
360
363
361
362
361
363
364
366
365
367
367
365
365
363
364
365
364
362
363
360
363
359
359
356
360
360
358
358
359
362
362
361
365
365
366
366
366
365
365
368
365
365
365
366
365
366
369
373
370
371
368
370
369
367
366
364
367
363
365
364
362
364
369
367
369
366
370
365
364
369
368
373
367
368
367
368
369
370
368
372
368
372
366
370
367
364
363
359
361
356
356
354
357
356
354
353
354
357
354
356
356
356
359
357
360
358
357
361
361
363
359
362
360
362
358
360
356
360
358
357
358
362
361
364
362
360
361
359
360
361
359
356
360
359
360
357
360
360
359
358
359
361
361
360
365
365
366
365
364
365
367
365
363
365
363
362
359
361
362
362
365
363
364
365
366
363
361
363
361
363
358
359
362
360
359
360
361
359
358
359
360
361
359
360
363
362
364
364
360
360
363
360
361
359
357
361
359
362
359
360
359
360
355
358
358
357
356
355
359
359
358
358
359
361
358
359
360
363
360
361
359
360
365
361
363
359
363
362
363
364
364
364
366
364
363
362
360
361
361
361
355
360
357
361
356
359
358
357
357
357
359
360
362
362
364
363
363
362
362
364
364
359
364
360
362
361
361
360
364
362
362
362
366
366
366
366
366
366
365
365
364
363
361
366
364
364
361
364
363
365
365
364
365
368
364
370
368
369
369
366
367
367
365
360
361
362
362
363
363
366
366
366
367
367
368
366
369
371
367
367
366
367
363
365
365
366
365
364
366
366
366
369
367
369
369
370
370
370
369
373
369
368
370
369
373
379
379
380
384
388
390
391
393
392
393
395
396
395
394
395
395
396
397
398
398
398
402
404
403
404
405
403
407
408
410
411
408
411
413
413
413
409
411
415
418
421
420
418
423
425
428
427
425
425
418
415
414
414
417
414
412
413
414
413
410
409
414
421
428
431
427
435
437
438
439
437
434
433
434
431
431
431
428
433
432
433
432
432
430
428
423
426
427
435
436
433
433
447
453
453
451
442
440
438
434
433
427
427
434
441
450
453
452
457
465
467
463
452
443
442
442
444
443
440
443
445
448
450
448
452
453
450
454
457
463
458
463
464
467
466
461
466
468
471
468
462
459
456
454
451
450
442
442
443
445
447
441
440
443
449
458
456
453
450
453
451
451
449
445
441
438
438
441
443
449
449
445
438
441
448
456
466
457
467
474
476
477
477
485
489
487
489
509
517
528
527
509
515
512
524
517
519
522
544
551
552
541
562
553
544
531
517
508
494
486
477
467
467
463
468
471
466
465
468
474
479
489
490
484
478
477
474
472
470
462
462
459
460
469
466
469
475
481
481
483
476
471
471
468
467
462
459
457
460
463
462
463
467
471
475
472
472
468
477
486
486
487
484
476
468
464
457
453
452
457
464
475
476
475
485
493
505
497
497
496
493
485
471
462
454
449
445
445
446
455
473
499
526
533
511
511
511
503
494
482
484
479
476
471
462
458
453
454
454
453
454
454
459
462
461
462
467
469
472
469
467
466
467
468
467
464
461
458
458
456
456
456
454
455
455
458
451
450
447
446
446
440
444
445
452
458
451
457
459
463
466
463
468
468
469
463
459
458
457
461
461
459
460
460
462
465
470
468
467
470
473
474
469
469
466
462
458
456
457
455
453
449
450
449
449
444
441
445
444
444
438
443
445
441
439
440
440
429
434
433
433
425
426
428
427
418
424
420
422
415
417
421
417
413
412
415
418
416
411
416
417
419
417
412
415
414
415
414
409
412
415
416
415
411
417
419
418
419
412
419
418
418
414
414
420
420
414
412
412
418
418
410
410
413
415
417
409
412
415
417
418
409
410
413
414
413
405
409
411
414
414
406
408
411
414
413
404
404
406
410
409
404
401
402
406
406
405
402
402
404
406
406
404
399
401
401
401
397
395
391
387
383
385
387
383
386
385
380
380
378
383
385
387
388
386
386
383
385
388
390
388
390
390
388
383
386
391
391
394
394
392
390
387
390
392
392
391
390
390
386
389
391
394
391
386
383
378
378
380
385
380
384
386
382
382
382
386
390
392
388
389
390
386
386
390
394
392
393
392
386
387
387
390
390
393
390
387
384
383
384
387
390
385
384
387
386
389
391
394
390
393
392
384
382
379
380
383
382
379
379
379
375
374
370
373
374
375
376
377
375
378
376
374
376
373
373
378
381
386
383
382
377
381
376
373
372
373
373
375
372
372
368
369
372
369
370
366
367
369
371
371
375
374
375
376
377
378
374
374
373
374
374
376
376
380
378
379
375
376
376
371
368
369
368
371
372
370
373
371
372
372
369
372
366
366
363
366
368
366
368
374
372
373
375
369
373
372
371
369
371
374
374
376
377
379
378
379
373
375
374
373
376
380
377
378
379
377
378
374
374
375
376
379
381
381
382
382
379
377
376
378
380
384
383
384
384
382
381
381
382
385
386
385
384
385
377
377
376
375
376
382
380
385
384
381
383
379
382
384
388
388
392
392
390
389
386
387
390
392
388
390
389
386
382
383
386
383
385
381
380
381
379
381
383
386
385
389
389
386
385
379
380
378
378
381
382
384
383
381
380
380
382
381
384
390
389
389
390
384
387
389
391
387
385
383
382
387
383
381
383
387
385
388
388
385
384
380
382
383
386
383
382
384
381
380
375
375
377
377
380
382
378
384
385
384
385
382
384
388
392
391
393
391
391
391
389
390
388
391
391
390
394
394
396
396
401
405
403
406
408
410
409
412
409
412
415
415
415
413
413
414
418
419
421
423
425
428
429
424
426
424
422
422
420
422
420
422
426
427
430
426
431
431
432
430
430
433
438
438
435
433
428
428
422
422
421
420
418
426
426
431
430
435
438
438
440
438
441
442
438
438
439
439
440
441
442
436
446
446
451
452
449
448
443
438
429
429
426
425
430
432
434
443
451
457
456
464
468
464
458
462
462
460
449
449
446
447
439
438
435
433
434
435
437
433
435
435
438
435
434
435
437
437
438
435
442
441
445
444
439
440
437
433
430
427
426
423
421
424
423
432
437
442
443
440
446
443
445
439
440
440
440
439
438
434
430
428
432
430
438
440
439
445
452
460
460
460
461
465
463
463
459
461
457
458
453
453
451
455
453
454
450
451
468
479
479
483
479
478
470
468
457
459
459
463
460
467
466
473
465
472
473
478
473
479
482
488
484
479
479
475
476
474
473
471
468
464
459
452
453
455
461
467
463
468
472
472
470
465
467
464
464
461
458
457
456
453
449
444
440
438
436
438
437
440
442
446
449
446
444
447
452
453
455
455
451
454
455
459
458
459
453
459
448
450
442
445
440
440
439
438
439
438
443
445
446
445
447
446
444
444
447
448
449
445
452
450
455
451
452
450
454
457
459
458
460
460
460
456
456
456
453
452
451
452
452
454
454
458
462
462
462
470
473
473
471
474
473
474
466
466
463
459
457
455
451
452
457
461
463
467
460
454
449
450
454
454
450
455
454
461
455
456
457
461
456
455
453
457
456
459
457
457
455
456
453
451
448
446
448
444
446
445
449
452
454
458
455
455
458
461
464
463
463
462
464
464
466
465
464
459
451
438
440
434
438
441
443
449
464
482
481
473
488
490
495
483
486
483
491
491
483
485
487
482
474
465
461
455
451
444
446
445
448
448
453
458
458
460
466
470
473
466
465
460
454
449
448
443
442
443
443
446
445
448
450
456
457
453
455
456
455
456
455
451
451
446
445
442
438
440
440
443
441
442
447
453
454
452
454
457
457
454
449
443
446
439
439
438
438
439
437
435
436
442
449
449
454
456
452
454
457
456
458
455
456
455
451
447
443
444
442
443
442
443
442
446
448
447
447
451
453
457
455
452
443
446
440
444
440
441
438
442
438
439
433
438
440
446
444
451
445
443
438
438
434
436
431
434
430
433
428
431
425
433
430
438
438
440
439
445
445
448
442
447
447
447
446
445
444
446
447
446
448
451
456
454
449
452
449
448
445
447
447
447
446
446
446
445
447
447
450
447
446
440
444
436
438
435
434
429
434
430
432
428
429
429
431
429
431
432
436
438
437
436
436
436
432
430
428
427
425
423
420
422
423
426
425
426
427
428
431
434
430
429
430
431
429
429
431
429
429
427
427
425
426
423
425
427
430
433
433
438
435
440
437
436
435
437
438
438
438
439
440
439
436
435
430
431
427
427
427
427
428
426
429
428
437
438
444
438
441
446
448
445
443
445
442
437
433
433
436
431
425
430
425
422
418
418
420
419
416
411
414
418
420
414
415
417
420
419
412
417
418
418
414
411
416
413
415
412
408
411
412
412
409
406
409
411
412
410
404
409
411
412
411
402
404
406
409
408
401
399
399
404
404
403
399
398
405
402
400
399
393
394
396
395
393
387
388
383
381
384
388
386
385
383
377
376
376
381
382
381
377
376
375
373
372
369
370
370
374
376
374
374
371
373
371
371
364
366
368
369
371
373
371
375
375
373
374
372
373
374
379
376
381
379
376
376
371
372
373
378
380
379
377
378
374
372
373
369
368
370
375
374
375
375
371
374
370
369
365
367
370
369
369
372
370
371
370
366
369
367
365
365
368
369
371
368
368
367
368
366
362
363
362
360
358
358
359
360
358
359
361
361
363
365
363
365
365
365
363
362
365
361
362
360
362
362
363
365
366
366
367
365
368
368
365
366
364
365
361
362
364
367
368
367
366
369
365
363
369
367
369
366
367
366
368
368
370
369
370
370
371
368
368
372
370
368
371
373
375
379
377
381
380
379
378
378
377
379
380
378
379
377
374
372
368
368
368
367
368
373
370
371
367
368
370
367
369
363
364
366
365
367
368
368
371
370
368
369
367
365
363
365
360
363
361
362
364
362
362
365
363
365
361
364
358
358
363
361
363
359
360
360
362
362
361
361
364
364
362
360
359
358
359
359
354
356
356
358
357
356
355
357
358
357
359
357
358
362
360
360
359
358
360
358
359
355
357
356
356
353
355
356
354
358
357
358
358
359
358
358
357
356
358
356
357
354
354
355
359
361
357
357
358
359
362
360
362
361
360
363
357
357
356
358
356
353
354
352
354
351
351
349
353
351
350
351
352
352
353
354
356
354
357
355
354
353
355
354
352
354
352
354
349
353
349
352
347
350
349
348
348
349
351
348
349
353
351
351
351
350
350
350
347
351
347
351
348
350
347
350
350
345
347
347
350
347
346
344
347
345
345
343
345
344
344
342
343
343
344
340
343
339
342
342
343
341
339
343
341
343
339
341
339
342
339
338
338
340
337
336
337
336
335
335
334
336
334
335
333
336
336
335
336
334
334
335
338
334
335
334
338
336
337
336
340
339
339
338
342
340
342
341
342
342
344
341
341
343
342
343
339
341
342
342
340
340
339
339
342
343
341
340
340
341
344
345
345
344
344
346
346
348
349
347
347
347
349
347
350
348
348
349
345
348
346
350
346
347
345
347
345
345
344
347
341
344
340
345
341
341
341
342
343
340
342
341
342
339
341
341
342
342
342
340
341
343
344
345
343
344
346
347
346
346
346
346
347
346
346
343
342
340
343
340
340
339
341
339
339
339
341
338
340
337
341
338
338
336
338
338
338
335
336
336
336
334
334
335
336
332
335
334
335
332
334
332
336
333
336
334
336
334
338
335
336
335
336
334
334
333
336
332
334
332
334
335
338
333
338
335
337
336
339
335
337
334
339
336
336
334
337
335
337
333
338
335
336
333
339
336
335
334
339
337
336
333
339
334
334
334
337
335
337
334
338
336
339
335
338
335
339
336
337
336
339
337
337
337
339
334
337
333
337
334
335
333
337
334
334
333
335
336
339
335
337
335
340
335
337
335
337
334
337
333
335
334
339
336
336
333
338
335
338
333
336
333
338
333
336
333
337
334
334
335
336
334
331
332
334
335
332
333
331
335
332
334
332
333
330
334
330
335
331
334
330
333
331
334
330
333
334
331
663
331
333
333
331
333
332
332
332
331
331
331
330
329
328
329
329
329
326
324
326
325
326
324
324
321
326
323
328
325
326
329
331
332
329
329
331
335
332
332
330
332
662
331
330
332
329
330
330
330
329
328
331
659
327
332
330
329
327
332
331
329
330
330
329
329
330
331
328
330
332
329
330
328
328
330
330
330
329
329
327
329
330
329
328
328
330
327
326
327
329
325
325
324
328
324
324
324
327
325
326
325
329
323
325
325
326
326
322
323
325
326
324
324
322
325
323
323
323
326
324
327
323
327
325
328
325
325
326
331
328
330
328
330
328
331
327
330
328
328
328
330
327
327
329
328
329
326
329
327
328
327
329
327
328
327
329
328
329
327
329
329
328
327
331
328
331
328
331
329
329
329
328
328
329
328
324
328
328
326
327
327
327
325
325
328
325
324
325
326
324
322
325
325
322
322
322
323
319
320
318
321
318
317
320
317
318
318
322
321
319
318
324
323
323
324
322
326
322
327
323
325
323
325
325
326
325
324
326
324
325
323
326
325
324
325
324
326
324
324
325
324
325
324
324
322
325
324
322
322
324
324
322
323
322
320
322
319
320
321
321
319
321
317
320
319
322
316
318
320
318
319
320
320
318
320
320
320
320
319
321
323
321
321
321
324
321
322
321
324
320
322
320
323
321
323
321
320
321
325
323
323
323
322
323
323
321
325
323
322
322
325
326
321
324
324
326
322
325
324
327
323
326
323
326
322
324
325
323
322
326
322
326
324
322
326
322
324
323
323
323
325
326
322
322
326
323
322
324
324
322
321
322
321
321
323
322
319
320
321
321
319
319
322
317
319
317
320
316
317
317
319
314
314
316
316
315
314
317
316
318
318
316
320
320
322
320
320
320
322
319
321
322
320
319
324
319
320
322
320
321
321
321
319
317
321
321
317
316
315
321
315
312
318
313
314
313
316
317
315
314
318
319
316
319
319
319
317
322
318
318
320
319
319
316
322
318
318
320
322
319
316
317
319
315
317
314
315
318
312
314
314
315
313
317
314
316
314
317
319
316
318
318
318
317
319
318
316
318
316
319
318
314
317
318
316
313
314
315
317
312
313
313
313
314
314
315
316
316
315
316
316
317
319
317
318
319
319
322
320
320
318
319
321
318
317
317
318
316
317
315
317
313
313
316
313
313
313
316
319
313
317
317
317
315
318
317
318
316
316
320
316
315
317
319
313
314
313
316
314
313
312
312
315
315
312
316
315
316
316
314
316
316
313
317
316
315
318
317
313
314
316
314
313
313
315
316
310
313
313
314
311
316
315
315
316
316
318
314
318
315
317
314
316
318
314
314
317
317
314
312
313
315
313
310
312
312
315
311
315
316
313
316
315
318
314
313
317
315
313
314
315
313
315
313
313
310
313
310
309
311
310
313
312
313
313
313
315
314
312
314
313
313
314
313
312
313
314
309
311
309
313
313
312
314
313
314
314
314
312
313
316
313
312
313
313
313
310
310
309
313
310
312
314
313
313
312
312
314
313
313
313
313
312
313
313
311
309
308
311
310
309
309
312
313
313
312
313
312
313
312
313
312
313
312
309
309
313
309
305
309
310
310
312
310
316
311
313
313
313
314
312
310
312
313
313
308
312
309
311
309
311
309
313
311
311
311
313
313
313
310
313
314
311
313
314
311
311
311
314
308
309
310
309
309
310
311
311
313
312
311
312
312
312
311
312
314
309
306
311
309
307
309
309
311
309
311
312
310
311
310
310
309
311
309
309
307
313
308
306
309
309
309
310
310
313
308
309
311
311
311
309
308
307
313
307
305
307
311
306
311
311
310
310
309
312
310
310
307
309
306
308
310
304
307
306
309
307
309
310
308
310
310
311
308
309
311
306
308
310
305
309
306
308
308
309
310
307
308
310
309
310
309
308
307
313
305
307
305
306
307
306
309
310
310
307
309
310
309
309
308
307
311
306
306
307
307
308
308
310
309
309
309
308
308
309
311
306
307
308
307
309
310
312
308
307
311
309
309
309
308
307
310
307
304
310
307
309
310
307
309
308
309
309
308
305
307
307
306
304
308
304
305
311
305
306
310
306
306
306
307
302
307
306
302
304
307
305
307
307
307
307
305
307
306
308
306
302
305
308
303
305
310
307
303
307
307
306
309
310
303
302
306
306
310
306
307
308
308
306
308
309
308
310
310
309
312
310
313
313
312
313
316
315
314
313
316
316
315
314
317
317
316
317
315
319
316
318
318
316
320
320
319
319
322
321
321
320
325
323
324
323
327
326
327
326
327
330
329
331
330
331
333
332
333
334
335
333
335
334
336
334
336
334
332
334
333
334
331
335
333
334
333
336
336
333
335
336
336
335
336
335
336
335
334
336
336
334
335
337
336
336
337
336
336
337
334
337
334
335
334
336
336
335
337
334
337
336
332
335
335
336
336
335
335
336
337
334
334
336
338
335
338
338
343
340
342
342
344
346
348
346
347
348
352
349
348
349
351
351
351
350
351
352
353
350
352
348
351
349
347
349
350
352
352
351
353
356
353
354
354
358
356
354
354
357
355
354
354
354
354
353
353
353
352
352
355
353
354
354
355
354
354
356
355
355
357
358
355
356
357
359
360
357
360
358
362
360
360
363
363
360
362
360
364
361
362
364
364
363
364
366
369
366
365
368
368
368
366
366
366
365
368
365
365
367
367
364
367
368
370
367
367
369
373
370
368
370
374
371
373
373
375
373
373
376
375
373
376
377
378
377
377
382
379
379
378
379
382
383
382
381
380
383
381
382
379
377
378
379
379
375
375
377
379
377
375
380
379
378
381
380
378
382
382
383
378
380
382
380
382
378
381
382
382
383
380
382
382
380
381
381
385
383
385
387
390
389
388
390
391
390
392
390
393
393
392
394
392
394
394
393
395
396
396
394
396
398
396
399
399
400
398
399
402
400
400
399
403
402
401
402
404
404
400
405
406
405
405
408
409
404
403
407
406
403
404
406
404
405
404
406
406
403
409
406
407
407
410
411
411
409
403
409
409
405
406
406
409
404
406
404
407
408
405
409
409
411
410
412
414
411
409
406
412
411
413
414
413
415
411
409
406
407
404
403
405
405
407
403
409
408
410
412
412
414
415
413
412
414
414
410
413
413
413
407
412
411
410
410
411
412
410
412
411
414
414
415
419
414
417
417
421
417
420
422
422
423
422
425
421
421
421
427
428
427
433
434
435
432
435
436
438
431
436
435
436
434
435
438
437
434
434
437
437
438
434
436
436
436
435
432
435
434
430
431
431
429
427
426
429
429
428
430
431
432
429
430
429
435
432
432
433
433
431
431
431
432
429
429
431
430
429
427
435
437
435
434
435
437
436
436
430
433
428
423
423
424
425
425
425
426
432
430
433
436
438
440
437
439
439
436
436
437
437
438
437
439
439
439
441
441
442
444
438
438
439
438
437
430
436
434
436
434
434
438
438
437
434
438
437
439
435
439
439
438
440
441
443
442
441
443
445
442
442
442
447
443
443
444
446
447
445
448
446
445
441
440
443
442
439
443
438
444
444
442
442
443
444
441
439
441
441
441
440
439
445
442
442
443
442
439
438
439
439
437
435
437
435
438
432
436
436
438
439
436
439
438
436
435
432
431
433
426
429
428
425
428
429
429
430
432
438
440
438
440
439
443
443
438
440
438
438
436
437
439
438
436
441
439
443
439
446
447
445
448
448
450
444
448
446
445
443
446
446
448
444
449
446
452
449
449
449
450
450
446
447
446
447
444
444
445
445
448
446
448
449
450
449
447
453
448
446
442
444
444
441
443
442
444
445
444
446
448
450
448
446
451
447
448
444
449
447
447
447
446
451
450
447
448
450
453
453
450
452
453
457
453
455
454
459
456
456
455
455
452
450
450
449
452
448
450
448
449
446
448
450
452
455
453
452
457
453
456
451
450
445
450
449
448
448
446
452
450
447
444
447
446
448
444
451
448
455
454
457
457
461
458
457
459
458
456
451
452
449
449
446
448
449
450
445
452
451
456
450
459
455
459
455
460
456
454
453
453
452
447
445
444
447
447
445
446
448
450
450
444
451
449
451
449
451
452
451
451
449
450
450
448
445
448
446
445
440
444
443
449
448
449
451
453
454
451
453
453
453
452
448
449
448
449
444
444
449
448
453
449
458
456
456
456
457
454
452
452
452
452
450
447
447
449
453
450
451
451
451
457
453
457
452
454
451
452
448
447
448
445
447
446
450
449
448
444
448
449
450
449
452
452
457
453
455
452
454
454
451
450
452
453
451
449
446
452
450
449
448
447
446
445
441
445
440
441
444
447
449
449
453
454
456
457
454
454
455
456
455
450
454
450
453
447
453
451
455
454
453
453
451
448
445
448
447
449
446
449
451
458
458
458
459
460
460
461
461
463
458
462
459
463
458
460
458
464
461
463
460
466
464
468
464
465
463
463
461
459
456
458
457
456
457
459
461
462
461
460
462
462
459
459
459
461
458
456
458
459
459
457
462
462
463
459
461
461
464
460
464
461
466
460
464
459
463
458
459
457
460
458
454
456
452
453
448
450
448
447
443
446
445
449
445
450
448
455
452
451
449
448
446
443
445
443
440
437
439
438
439
437
441
441
448
446
447
449
447
449
448
447
447
445
447
450
449
453
448
454
452
458
456
457
459
461
461
459
460
458
458
454
457
455
454
451
454
453
453
452
456
455
457
455
457
455
458
453
453
449
453
451
446
446
446
444
441
442
442
445
447
446
446
452
450
457
454
459
457
459
457
452
452
449
451
447
453
451
453
450
454
455
457
458
459
463
464
467
467
467
471
473
474
470
473
473
474
471
471
467
466
460
460
459
462
456
458
456
461
457
458
460
461
458
454
456
454
454
450
450
448
449
452
452
452
459
461
465
465
470
473
474
475
475
473
470
465
461
458
459
456
456
451
460
455
459
456
462
462
464
464
465
463
469
467
469
468
465
466
464
462
458
459
459
457
456
457
459
463
467
465
469
472
476
474
471
472
471
469
465
467
466
466
462
465
467
468
467
466
468
470
473
470
467
469
464
464
457
461
458
458
453
456
453
459
454
458
458
463
461
461
461
460
456
450
450
449
445
444
440
441
443
446
449
447
456
456
464
462
468
467
473
471
473
471
475
468
468
463
463
457
457
453
451
453
449
451
448
452
455
455
457
456
458
459
460
458
459
461
464
465
462
468
468
471
462
462
459
459
454
455
454
458
456
457
458
459
459
458
461
460
460
456
462
460
461
458
463
462
463
460
464
464
465
461
465
465
465
465
462
463
464
458
459
456
460
456
457
458
456
457
454
459
457
459
457
464
460
458
455
457
455
453
453
453
453
457
453
456
451
459
455
455
453
455
454
450
449
446
446
449
447
445
447
447
448
446
453
449
456
454
456
454
456
455
453
456
452
452
445
447
444
444
442
444
444
452
449
456
457
464
465
465
468
468
465
459
458
454
451
445
447
445
444
445
444
447
451
453
456
456
464
463
470
465
473
467
468
460
461
456
452
451
450
450
446
445
447
449
450
449
448
454
450
456
452
460
458
458
459
459
458
452
449
444
445
443
442
442
438
436
433
433
439
440
438
442
442
448
446
453
451
452
454
452
453
448
448
452
450
452
451
461
461
461
461
461
461
464
459
460
462
462
459
455
455
454
454
454
453
457
460
474
488
497
495
500
505
508
505
503
498
493
487
485
482
483
484
488
499
514
513
521
523
532
531
530
526
522
518
512
506
499
498
499
503
515
532
529
533
528
528
522
518
512
507
504
500
496
497
502
506
507
508
511
517
521
524
519
522
521
524
526
527
522
523
521
515
514
517
518
521
521
525
530
536
538
532
531
525
521
515
513
509
509
508
509
514
521
521
524
526
531
532
529
527
524
517
508
504
500
501
501
502
509
518
519
523
527
532
533
528
529
525
520
513
509
506
508
508
508
517
528
540
538
540
540
542
540
538
529
525
520
512
508
508
510
514
514
517
518
520
523
525
526
526
523
521
520
521
521
520
521
521
523
523
524
523
522
520
517
516
516
513
514
512
513
516
521
524
521
522
521
521
519
519
519
516
515
511
508
509
517
521
523
525
522
523
530
529
528
525
521
517
510
505
500
492
489
493
498
506
507
504
505
508
511
521
522
521
527
528
533
533
534
528
525
522
514
507
505
506
504
513
518
530
549
569
558
564
560
563
567
566
561
554
552
547
547
552
560
553
559
564
567
574
571
566
568
568
573
573
565
567
568
572
575
577
572
574
574
576
574
568
570
570
574
575
567
565
565
561
560
559
553
553
549
543
540
543
549
552
555
565
570
584
583
577
573
570
564
563
564
566
563
566
568
576
578
581
572
573
570
573
575
576
567
567
562
558
557
560
555
557
559
562
567
569
564
563
560
555
551
547
542
543
544
547
553
557
564
558
559
555
553
551
548
541
537
535
531
532
537
541
544
543
545
546
547
549
544
543
540
535
533
536
545
546
548
552
553
559
563
563
558
559
554
554
553
560
563
560
562
564
571
578
586
582
575
569
562
557
555
554
549
551
551
551
557
559
560
558
559
554
553
552
553
548
550
550
553
561
567
563
564
564
563
563
561
549
545
544
537
529
525
521
523
526
531
529
536
534
541
548
556
568
563
566
563
563
563
561
563
560
559
556
558
563
568
563
565
564
567
569
571
574
565
567
563
558
556
561
568
571
578
580
589
589
593
580
579
575
569
563
561
554
556
553
562
572
594
606
615
601
603
602
601
599
596
592
583
584
582
587
599
617
614
604
604
602
600
596
586
581
581
579
581
591
598
589
593
590
588
585
573
574
573
568
568
571
571
572
567
568
564
560
555
553
550
548
549
547
552
559
571
582
575
578
577
580
579
579
576
565
563
557
553
555
567
589
604
594
598
601
606
604
603
594
583
576
564
555
551
555
558
559
563
575
598
624
637
610
616
606
593
582
567
560
549
545
549
561
577
575
588
587
603
604
592
583
590
587
589
590
583
577
573
568
568
577
589
600
606
595
591
594
589
589
591
586
574
571
565
558
557
571
597
624
649
652
650
643
626
606
598
585
578
581
594
606
594
599
599
608
615
600
604
598
594
590
583
572
578
579
586
598
618
622
616
606
604
597
593
588
596
611
606
605
607
607
619
623
628
613
604
599
589
580
581
586
583
587
594
614
638
634
627
622
617
613
609
588
586
578
574
575
572
570
559
564
568
575
588
606
616
611
603
601
599
596
596
604
597
599
598
601
612
628
641
635
616
614
607
596
583
570
568
566
567
568
571
586
613
634
646
620
613
604
600
594
590
592
584
587
587
591
603
613
599
598
592
613
609
605
603
601
594
590
575
576
570
574
591
625
649
663
669
661
644
621
609
599
595
600
614
622
626
614
613
611
614
618
618
622
619
610
606
600
598
602
617
612
614
612
621
612
607
597
582
584
581
579
580
583
594
616
626
615
623
621
633
623
614
608
606
611
617
634
652
655
649
647
651
657
652
650
629
623
615
609
616
643
671
659
659
660
675
678
667
640
633
624
618
620
631
635
633
638
646
652
652
638
634
628
622
621
621
610
612
614
625
637
646
639
629
624
621
618
607
599
593
593
596
609
615
615
608
606
602
599
596
600
609
618
612
618
627
640
648
652
649
631
623
615
607
605
613
620
611
612
617
632
640
647
642
633
629
627
623
618
611
596
584
582
581
597
623
660
671
650
641
627
618
607
600
586
580
568
571
571
586
608
641
652
635
629
624
629
628
621
611
607
604
612
626
641
639
632
634
636
643
647
642
631
628
624
629
641
637
642
645
651
637
626
616
630
619
619
623
622
608
605
600
596
613
650
700
716
717
692
674
664
657
651
648
637
617
613
604
618
665
716
716
696
697
694
695
671
643
631
615
606
608
610
607
612
629
661
681
656
649
639
634
623
608
594
589
584
583
589
587
598
620
654
662
644
646
641
637
614
607
602
591
583
577
565
570
570
574
590
608
603
605
607
612
606
599