694
715
708
688
668
671
692
704
694
678
658
665
678
671
675
651
683
709
725
734
701
689
694
694
690
671
683
690
700
690
670
657
679
699
725
751
728
705
699
702
703
705
703
672
671
687
695
693
675
665
643
630
626
646
643
648
668
672
674
694
720
718
722
701
687
676
660
646
636
646
633
651
646
626
655
669
684
687
635
646
668
689
673
687
657
648
660
684
670
652
666
681
680
683
663
658
660
667
657
636
642
645
646
632
631
631
644
637
630
631
644
657
646
638
630
638
662
649
638
618
624
629
632
639
617
606
613
614
616
614
608
610
613
618
617
615
602
595
599
600
597
586
578
578
586
583
578
569
566
573
573
573
572
572
570
566
563
567
586
611
623
610
607
601
591
582
571
573
577
576
581
571
563
562
565
565
567
559
564
570
572
571
565
565
578
571
566
563
563
564
560
559
560
554
548
554
564
586
577
572
571
583
589
587
585
579
575
579
578
579
582
575
576
585
582
584
575
569
574
577
581
575
566
564
568
577
573
575
568
566
576
573
575
565
566
571
570
573
567
567
566
566
565
567
560
551
551
556
558
560
551
552
552
554
556
550
548
545
548
553
552
551
543
543
548
551
553
553
551
550
545
552
563
564
559
558
559
564
567
564
564
559
555
551
558
568
571
568
563
561
561
566
580
578
576
570
566
565
572
574
564
560
555
563
567
570
564
558
556
559
562
569
567
563
561
563
576
583
591
578
577
570
593
590
596
579
571
580
587
583
591
588
574
565
571
583
593
583
573
575
582
587
584
573
563
572
582
588
578
568
563
561
577
594
595
601
583
580
568
572
575
570
571
563
555
553
559
574
571
565
565
559
559
564
578
579
586
572
574
577
573
562
553
555
557
559
548
547
552
552
545
538
540
545
544
539
537
540
543
541
537
534
537
541
544
539
536
534
538
543
539
541
531
526
527
527
534
526
525
523
525
527
525
526
523
527
528
526
521
519
518
518
522
521
513
512
511
507
504
503
508
515
516
514
511
513
512
512
508
507
506
504
502
500
498
499
501
499
497
494
496
499
504
499
503
498
501
499
501
498
498
497
496
499
498
495
496
496
496
495
491
490
489
489
490
486
486
485
484
486
486
489
487
486
483
488
496
500
505
502
498
498
502
507
503
497
495
500
502
498
494
490
492
495
494
489
490
492
494
494
488
489
488
492
492
487
484
483
486
490
486
483
481
479
478
479
481
479
486
482
480
483
485
483
482
478
479
481
485
479
476
479
479
483
479
474
476
479
480
479
476
476
479
480
479
479
480
479
479
480
481
479
476
475
481
484
481
481
478
479
480
487
489
493
499
492
491
492
492
494
488
485
486
488
488
485
479
478
482
485
481
477
478
477
472
468
473
478
477
472
474
479
485
484
479
468
497
487
482
480
480
485
486
484
481
483
485
487
485
486
484
483
484
481
481
482
478
476
480
485
486
480
477
481
486
488
487
483
483
484
485
489
486
484
484
482
483
484
486
481
478
477
480
485
479
475
479
480
481
476
474
479
483
481
477
479
484
485
481
478
480
482
482
479
452
500
479
479
481
479
478
478
480
475
482
487
484
486
485
483
479
479
482
482
484
481
476
476
479
483
481
457
495
478
473
470
471
476
476
473
471
479
485
480
478
479
482
418
539
479
478
479
480
465
478
473
476
476
472
469
475
477
479
473
470
471
475
479
478
473
471
476
477
479
475
472
476
475
467
463
465
463
463
458
461
460
457
452
447
446
458
456
458
454
452
449
455
455
452
454
450
453
452
449
446
446
451
452
446
444
442
443
446
444
443
442
439
441
440
438
436
438
438
439
433
431
435
437
435
431
430
430
430
431
428
430
430
430
426
425
429
429
428
421
420
426
427
425
420
420
422
421
421
419
418
418
417
417
416
419
419
415
414
413
416
419
412
412
415
416
416
411
409
416
416
414
409
409
412
414
413
408
410
409
408
404
408
408
408
406
409
408
407
406
407
406
411
405
408
406
408
406
371
438
406
405
406
406
402
401
406
408
405
401
401
380
429
401
399
402
401
402
396
400
401
395
405
396
379
424
399
396
397
399
397
396
397
396
397
397
393
398
399
396
395
393
400
399
396
394
392
398
397
396
393
394
396
396
396
396
396
393
396
395
395
393
394
396
393
390
394
393
394
392
387
394
393
392
388
390
393
393
391
388
387
392
391
388
388
390
389
389
391
390
387
388
390
388
384
385
387
387
389
384
385
385
386
387
383
359
405
387
383
384
378
383
383
383
382
382
381
381
382
380
382
376
384
383
380
376
379
381
381
376
376
380
379
378
378
378
380
376
376
378
377
375
376
375
377
377
378
377
374
374
373
375
376
373
371
377
376
374
373
375
376
372
370
377
375
372
369
376
374
373
368
373
372
371
369
372
372
371
369
370
371
369
370
368
371
371
367
366
372
370
368
365
371
368
370
367
368
369
370
369
368
367
370
371
367
369
370
371
369
369
368
373
368
369
369
371
370
368
366
371
369
368
370
369
366
367
369
368
370
366
368
370
370
370
367
368
371
369
365
372
371
367
367
368
369
366
365
367
368
366
366
364
367
370
366
365
369
371
365
365
368
369
363
365
366
368
365
364
365
365
364
365
365
366
366
364
363
367
364
361
364
364
367
360
365
363
364
361
364
361
362
362
363
363
361
361
365
361
357
364
364
359
362
363
361
360
358
364
361
357
361
359
360
360
359
357
365
361
357
360
360
365
355
363
362
357
361
361
358
358
359
359
355
355
359
350
356
354
353
354
356
351
353
352
354
348
351
352
352
348
351
349
350
348
350
349
349
347
348
348
352
348
349
350
353
349
354
351
354
354
355
353
356
356
357
359
359
361
361
364
365
366
368
369
368
366
370
366
371
368
373
370
374
370
371
375
372
375
375
375
380
379
378
381
380
383
380
381
380
380
382
378
379
378
298
454
390
384
383
386
384
382
383
381
384
381
382
383
383
387
385
386
387
389
389
333
441
394
395
392
393
394