631
619
619
614
618
604
594
580
589
591
606
643
684
694
695
683
667
663
657
646
634
630
627
625
630
626
629
639
651
672
681
667
661
661
656
656
657
655
656
659
664
660
652
658
658
667
672
668
673
675
667
664
646
638
631
622
610
598
587
581
580
583
577
577
574
571
565
561
555
555
554
547
555
552
546
547
531
537
537
530
527
524
528
513
533
521
525
522
518
521
515
519
510
515
506
513
506
514
514
509
510
507
508
503
503
495
501
490
500
487
500
491
500
497
506
508
511
517
513
515
514
513
513
512
506
514
503
509
501
509
512
507
515
512
513
517
516
517
518
521
521
525
527
529
530
533