1103
1059
1010
990
996
1018
1039
1053
1115
1128
1084
1033
1095
1235
1271
1237
1224
1220
1273
1205
1153
1132
1105
1096
1136
1310
1349
1261
1205
1147
1112
1180
1188
1119
1065
1055
1091
1123
1159
1160
1103
1050
1073
1103
1100
1096
1045
1011
1019
1039
1040
1004
1029
1061
1032
995
978
1020
1044
1035
985
973
974
980
962
933
921
936
994
1077
1057
1061
1109
1157
1121
1035
986
976
978
984
960
936
948
986
1033
1116
1076
1055
1083
1155
1169
1085
988
921
904
935
1016
952
977
949
917
935
955
1011
1033
994
940
938
967
989
965
967
1006
1024
1015
987
980
957
946
950
971
982
1004
1061
1002
1043
1144
1192
1199
1138
1068
1038
1056
1058
1047
1023
990
1032
1140
1183
1203
1140
1085
1093
1087
1071
1067
1088
1180
1165
1143
1177
1204
1133
1080
1119
1203
1156
1097
1137
1247
1243
1169
1237
1334
1297
1202
1149
1162