998
965
950
1001
1056
975
1097
1112
961
991
948
875
901
925
937
866
820
797
807
821
938
979
867
932
873
874
956
885
916
955
933
874
870
841
831
842
889
829
869
818
862
907
808
900
844
904
986
822
854
841
787
799
826
781
881
930
851
986
845
921
922
926
935
814
847
900
868
795
886
940
844
1002
1087
846
1035
1086
873
848
1063
1116
890
1083
895
1109
942
860
976
779
849
806
831
851
796
808
829
792
764
865
875
801
809
771
834
886
804
934
909
831
844
877
830
781
816
876
788
762
780
775
738
756
771
744
815
768
757
779
763
745
784
741
740
739
724
713
723
735
719
751
807
767
801
828
766
779
775
745
733
741
750
729
785
802
764
796
810
754
779
772
744
753
746
725
728
747
738
736
760
800
773
781
783
742
754
755
722
723
730
710
705
728
752
721
766
774
736
753
758
716
727
748
719
723
748
736
728
752
774
740
769
798
755
767
787
747
757
792
752
736
728
763
791
747
786
813
755
771
763
721
741
730
712
724
750
733
724
779
765
742
734
717
719
725
703
709
743
728
705
727
765
732
744
808
772
744
771
796
739
738
763
764
729
737
807
816
784
827
852
777
760
774
762
737
755
786
759
745
788
785
757
750
773
771
733
738
764
736
727
782
788
754
831
829
751
771
776
750
730
755
747
729
756
774
747
731
754
729
713
754
754
715
773
781
742
733
757
736
720
737
771
764
748
843
844
759
785
793
746
731
764
754
704
739
739
726
742
759
738
729
747
731
695
713
703
687
678
671
672
706
733
715
789
761
789
788
783
789
727
761
735
762
722
712
723
731
719
760
732
734
776
739
763
817
787
776
731
749
716
699
704
714
706
716
734
751
869
762
857
749
772
771
727
719
747
749
722
742
813
767
762
823
763
792
760
725
742
720
772
805
767
787
767
765
741
732
701
697
666
682
702
704
792
818
830
816
744
736
720
688
680
664
698
768
767
918
779
797
793
729
739
729
796
775
764
735
755
747
726
733
757
749
729
766
803
802
778
833
776
739
766
736
721
752
748
735
746
769
741
734
778
765
733
781
735
732
717
714
700
691
736
727
712
799
745
758
775
723
747
728
718
736
713
713
679
670
670
655
646
633
635
627
621
603
598
600
579
587
583
566
569
557
562
560
550
548
547
549
533
535
530
534
523
526
526
523
521
512
524
521
520
513
521
509
515
507
516
507
497
509
498
503
502
500
499
495
502
495
494
498
492
496
493
491
493
492
494
488
477
492
486
479
490
483
476
490
483
474
488
484
478
480
483
476
476
478
472
472
477
471
467
471
466
467
470
462
465
469
459
465
460
455
467
460
450
462
461
451
453
458
455
457
450
456
459
448
461
455
449
456
460
454
460
459
456
462
455
457
457
454
461
457
450
456
460
452
453
463
452
453
459
456
458
448
459
459
451
452
454
452
446
450
452
448
442
458
450
445
454
452
449
456
451
449
458
449
451
452
449
452
451
452
446
452
446
445
443
457
447
442
452
451
449
453
449
449
449
438
457
446
441
451
451
448
455
448
447
452
441
455
446
443
451
449
448
451
447
447
447
438
454
444
439
449
447
445
450
446
444
445
438
450
447
441
442
446
445
448
438
450
447
440
448
450
442
446
453
448
447
447
452
449
440
450
451
447
443
447
443
444
438
453
443
438
449
451
443
445
445
445
447
437
449
452
443
448
452
450
449
442
458
452
447
454
456
452
460
455
455
460
460
462
457
455
466
460
458
463
464
463
466
467
458
456
465
456
453
453
456
459
449
460
463
455
459
459
458
455
459
457
460
457
461
462
456
457
459
450
456
457
448
462
456
449
454
462
455
451
456
457
453
451
460
454
448
460
454
450
458
457
455
450
448
452
450
440
455
451
444
444
454
448
443
439
454
445
438
446
450
441
446
448
448
448
446
452
449
453
453
452
452
451
452
447
455
454
451
458
458
452
461
458
461
458
457
459
456
454
462
461
457
458
466
460
464
463
458
463
460
453
459
459
458
456
462
458
454
459
458
452
459
457
452
449
462
457
448
464
454
448
458
460
456
449
457
452
453
448
454
454
443
460
457
451
461
463
458
459
458
462
461
457
460
462
454
460
457
445
465
453
447
459
456
447
453
458
448
448
451
453
451
449
457
454
454
454
451
456
451
452
453
455
451
452
452
446
455
451
447
445
451
447
444
449
447
446
439
457
447
443
453
449
449
456
447
447
453
447
445
449
448
448
454
448
449
445
451
450
450
444
446
444
446
446
449
447
441
447
444
447
441
440
446
441
440
451
450
449
445
444
449
450
440
455
451
444
454
454
450
459
452
455
459
449
456
459
452
453
455
454
453
455
457
455
454
461
459
450
463
457
444
465
452
445
456
456
450
459
453
452
457
447
450
447
439
458
450
449
453
451
450
459
450
452
451
446
457
450
442
455
448
439
454
450
441
455
453
445
454
451
445
445
444
446
453
444
445
449
441
444
442
440
438
442
441
448
439
444
441
441
442
446
440
446
439
442
439
436
441
444
439
443
434
435
438
438
435
431
444
435
436
446
440
439
441
430
444
441
437
440
447
444
448
435
445
438
435
438
442
438
445
433
440
438
440
448
447
439
443
437
445
440
441
443
438
443
447
442
447
445
446
450
443
447
447
438
455
448
450
453
460
441
450
447
447
449
444
444
446
443
438
438
445
438
434
443
442
443
449
438
446
440
436
444
450
440
446
445
447
445
437
446
444
445
450
438
443
445
438
446
448
440
449
448
446
450
444
449
447
441
448
449
442
445
442
445
442
443
441
437
438
437
428
443
437
441
435
429
442
440
441
435
438
438
438
432
448
438
442
450
444
440
438
431
449
440
440
446
442
441
446
438
443
444
438
441
449
439
446
444
449
444
445
443
444
444
437
441
442
443
440
445
441
442
443
440
442
446
437
443
443
441
439
445
441
439
436
446
444
445
443
447
441
447
447
443
444
433
449
442
435
443
443
441
446
436
443
441
438
438
445
438
440
438
448
445
446
443
441
443
441
431
449
438
435
441
447
436
438
427
441
440
437
432
434
441
436
426
442
436
438
446
440
439
443
427
445
441
435
438
439
437
441
434
445
435
434
442
438
436
442
434
438
438
439
433
434
438
441
434
434
440
433
440
438
437
440
434
436
445
438
442
440
445
443
436
441
445
440
449
440
442
447
440
441
448
439
441
448
441
439
432
448
438
440
448
439
442
439
427
445
446
437
447
441
442
445
431
451
445
441
446
447
446
441
440
451
447
445
449
450
447
444
453
444
440
438
451
440
436
449
444
443
437
438
444
444
439
439
447
439
441
442
445
443
441
438
441
440
438
430
448
438
434
437
445
439
438
428
445
442
445
437
438
446
438
433
447
442
441
446
436
442
443
436
436
440
438
436
421
442
436
432
429
436
436
436
434
432
434
434
432
430
431
437
421
436
439
435
434
441
445
442
439
443
450
442
453
447
446
450
436
455
445
442
449
446
441
449
441
447
445
443
439
446
441
446
438
447
444
438
446
446
442
447
432
449
442
438
449
445
442
452
437
445
443
437
439
446
440
442
435
445
441
440
436
438
438
440
434
439
437
437
439
436
440
436
434
441
438
438
439
426
443
439
438
434
437
442
438
434
443
441
442
437
440
442
442
432
446
439
442
439
438
438
439
424
445
440
432
439
441
440
445
437
441
439
440
435
438
443
439
430
443
440
441
447
431
443
437
435
445
439
439
434
423
445
438
435
433
436
438
438
436
443
438
440
440
435
439
436
432
442
435
436
445
434
438
434
427
438
435
438
438
424
441
435
429
438
437
435
440
426
437
439
430
437
438
436
438
436
437
436
437
440
435
441
438
434
432
438
430
436
432
436
431
436
429
435
430
435
428
432
437
430
438
433
438
438
433
441
439
437
444
430
446
438
434
445
440
437
446
439
444
441
441
438
438
440
441
438
439
445
436
447
442
441
444
437
445
446
441
452
436
446
445
441
447
450
439
447
447
443
447
433
445
442
440
436
439
438
441
434
439
441
427
441
440
429
448
441
438
447
442
439
439
427
445
441
441
438
441
439
445
438
443
443
443
438
442
439
445
438
443
443
437
444
444
438
444
434
447
439
441
437
442
440
443
433
446
440
437
447
433
437
435
427
437
438
432
438
424
439
433
433
442
430
435
433
426
433
435
426
434
417
431
430
424
431
428
430
428
429
424
431
431
431
431
426
429
429
427
419
438
434
434
436
421
442
435
432
444
435
435
438
430
438
438
432
433
430
438
433
434
443
430
438
435
435
440
437
437
433
423
438
435
435
441
436
437
432
430
438
437
437
434
428
439
439
434
445
441
438
435
430
442
436
438
438
436
435
437
423
442
440
437
449
441
440
447
442
449
447
440
450
445
439
447
432
446
441
434
443
442
437
443
436
440
439
435
442
442
439
441
428
445
437
437
446
439
438
434
427
440
434
436
440
428
438
430
427
439
434
431
435
422
438
435
430
438
426
433
429
429
436
431
428
428
421
432
428
429
424
424
434
426
430
423
428
427
428
428
425
432
425
427
422
434
427
431
434
422
434
434
425
436
438
431
437
431
431
438
432
435
436
437
438
441
435
444
437
442
437
441
441
433
445
442
438
442
431
442
438
432
439
435
432
435
426
437
436
430
435
421
437
435
428
438
422
439
432
433
442
433
434
433
428
438
437
433
437
437
441
435
430
440
432
435
437
428
438
438
432
439
425
442
438
434
443
426
441
433
432
443
437
433
433
427
439
433
435
432
438
434
439
437
444
438
445
443
438
439
435
433
443
434
440
434
443
435
439
433
433
437
438
444
441
439
435
437
438
438
434
433
446
434
435
432
434
433
428
437
427
433
431
426
440
434
433
436
436
431
440
432
435
426
434
436
436
433
428
439
438
433
441
442
437
439
435
441
438
432
440
443
437
437
428
439
434
432
438
422
435
427
424
432
433
434
425
427
437
433
430
426
427
435
431
430
430
425
439
432
434
444
431
438
436
435
443
438
437
438
430
440
438
438
435
436
441
437
440
436
446
436
443
438
443
440
435
445
445
437
443
431
449
440
437
449
441
438
444
432
446
442
438
443
444
439
442
438
442
443
437
449
446
439
448
431
446
441
434
441
440
435
439
869
417
450
439
425
436
429
427
437
434
427
435
424
429
432
430
428
420
436
430
432
428
427
433
434
433
429
432
424
432
421
437
433
427
424
419
429
425
426
434
426
432
426
429
427
425
434
425
428
437
433
428
434
425
434
434
428
435
423
437
431
430
438
423
435
429
429
438
432
431
431
420
433
429
430
429
424
433
427
430
426
428
429
431
431
427
436
426
433
430
435
433
433
439
436
437
438
424
445
433
436
440
437
435
435
423
438
434
427
439
436
431
440
427
440
437
435
444
439
437
435
424
441
434
433
444
438
434
435
426
440
436
434
444
436
436
436
422
443
436
434
441
440
434
441
429
438
436
433
444
432
434
431
430
438
433
434
429
434
432
431
432
440
436
432
435
418
438
435
427
436
432
434
438
428
437
438
428
436
422
441
433
431
440
429
436
430
427
437
433
431
437
422
438
433
425
438
429
428
429
423
432
433
425
430
422
433
431
425
432
419
430
434
424
431
419
436
434
427
438
426
436
435
422
438
431
431
438
431
433
438
430
433
432
428
438
435
435
428
438
427
438
432
426
438
429
429
426
425
428
433
429
425
431
436
431
432
433
432
435
427
438
430
431
432
422
437
435
427
434
415
433
425
425
434
427
425
419
415
428
425
419
428
412
430
423
421
430
423
420
418
413
423
417
418
417
411
418
417
413
413
419
412
420
409
416
418
410
418
413
411
417
404
418
407
412
415
409
411
406
405
413
407
410
405
404
412
403
410
407
403
413
400
409
410
404
410
402
406
409
403
405
403
400
409
405
406
403
401
407
400
406
400
403
404
397
405
400
398
405
395
400
400
397
403
395
400
401
399
403
390
404
402
398
406
391
403
401
397
405
391
402
399
395
400
392
402
399
397
398
386
401
397
396
396
388
394
395
396
397
392
395
393
390
393
396
392
397
393
390
397
386
400
399
396
397
386
389
394
398
399
393
396
387
396
396
393
398
390
394
392
390
397
398
395
395
394
382
396
398
400
393
391
399
384
398
396
391
393
388
396
395
392
395
386
397
392
392
397
396
393
392
391
391
397
394
396
394
393
401
393
401
397
393
402
390
403
399
393
397
391
399
392
394
398
393
395
396
391
392
393
403
391
396
391
398
387
401
400
396
393
396
394
391
397
395
392
395
397
399
385
401
400
391
396
390
398
398
396
398
394
402
395
396
403
394
397
396
396
396
397
393
392
394
394
392
394
396
391
393
390
389
399
382
396
396
389
392
388
392
392
388
392
394
389
392
388
388
394
382
394
390
390
391
390
388
384
395
381
396
398
389
395
388
396
387
389
396
399
393
394
389
389
396
392
394
392
392
398
382
397
396
390
396
389
392
392
389
391
395
392
394
391
387
398
383
396
397
392
396
388
395
392
390
390
395
397
392
392
391
395
394
393
396
396
395
393
394
388
398
393
396
393
391
401
385
397
396
395
398
390
396
389
389
393
396
395
390
396
388
395
390
395
397
392
395
388
394
388
400
396
391
396
388
396
392
390
396
399
392
394
392
385
391
387
396
394
391
394
389
390
383
392
381
394
392
391
393
384
391
387
388
393
393
393
391
386
383
392
387
385
395
389
388
380
390
390
391
396
388
392
389
386
393
395
394
390
394
393
389
392
393
395
388
395
381
395
391
392
395
387
394
392
389
392
396
391
391
391
385
395
381
396
395
387
388
391
386
387
391
385
391
385
387
392
378
392
392
386
389
389
387
379
391
377
392
393
388
389
381
387
386
380
387
393
384
387
385
382
386
378
387
383
384
388
382
389
384
381
375
386
373
390
387
381
388
384
384
380
380
378
389
377
388
389
386
385
382
384
371
381
375
385
384
379
387
376
380
381
377
380
386
379
383
380
379
384
376
382
383
376
385
384
389
381
383
380
382
386
384
389
384
387
385
381
377
389
381
385
389
386
311
433
389
384
390
381
384
389
385
385
386
381
383
391
386
387
385
383
392
380
389
393
385
393
383
386
388
384
383
393
384
384
390
385
385
381
388
385
384
387
386
390
383
386
384
379
381
391
387
388
386
382
387
375
384
377
388
389
381
386
380
381
381
384
384
376
383
390
383
386
382
380
385
372
379
379
390
384
380
385
377
380
375
384
380
380
387
387
384
382
382
379
379
386
386
388
384
387
376
387
386
386
391
389
390
388
387
382
391
385
391
392
386
391
382
392
388
388
394
386
388
389
388
382
388
383
384
389
386
388
380
392
383
389
388
384
390
376
387
387
385
392
384
389
387
383
377
386
377
383
387
386
382
375
381
386
385
385
380
387
376
391
392
389
384
382
391
375
386
392
383
390
382
386
384
380
376
386
374
386
390
380
385
376
384
378
385
384
380
384
381
385
382
379
374
385
372
387
387
379
386
383
385
375
381
377
382
386
378
382
376
381
377
374
376
379
380
383
378
378
376
374
379
368
380
381
374
383
376
382
378
376
370
376
378
382
377
382
379
377
381
370
379
380
374
383
386
381
378
379
376
379
373
382
386
379
384
377
382
379
377
381
386
382
380
386
377
379
378
382
380
379
385
382
386
378
384
379
379
383
386
381
383
379
379
386
374
382
383
377
384
387
380
382
386
377
383
383
376
381
385
382
385
380
377
383
377
379
376
388
381
383
384
380
381
381
385
383
382
386
389
382
383
381
379
384
384
378
387
389
382
382
382
377
386
373
388
384
378
386
381
382
375
384
373
384
388
380
382
378
383
378
382
378
384
385
388
384
383
382
379
388
376
387
385
379
386
378
381
381
380
376
386
377
384
385
378
386
383
378
373
377
377
386
383
380
381
379
382
373
385
374
385
393
382
385
384
382
377
383
373
387
384
384
386
383
381
380
388
377
386
382
383
386
379
383
382
387
384
382
383
391
384
381
384
381
387
382
387
385
386
388
381
383
385
381
376
385
374
386
387
380
383
381
379
375
382
371
381
376
384
384
378
379
375
380
375
379
373
381
386
375
382
377
381
378
374
366
385
383
377
382
377
384
378
376
373
379
369
375
369
377
378
378
380
376
378
370
372
374
371
372
377
366
379
380
376
378
374
373
368
382
367
379
381
377
382
376
382
373
378
373
378
373
381
386
380
378
376
378
369
376
372
381
380
376
380
377
381
379
377
370
382
369
380
385
379
381
373
376
376
377
374
381
382
379
382
376
379
377
379
369
383
370
384
380
379
387
379
381
379
378
371
382
369
376
378
385
381
378
381
375
375
370
374
372
374
377
381
377
376
379
374
378
375
377
372
380
381
376
378
378
376
371
376
367
376
370
378
380
375
379
379
375
370
378
365
374
369
380
379
374
382
372
376
372
374
370
376
374
379
379
375
378
374
374
375
375
370
381
371
379
382
376
381
372
376
377
373
371
383
371
380
377
378
379
372
376
369
375
373
378
381
373
383
375
374
380
375
369
381
369
380
382
379
374
372
381
366
372
369
375
382
374
379
373
376
373
377
377
373
376
383
378
374
381
377
379
380
378
375
384
377
377
381
380
381
374
383
370
382
387
379
378
377
379
373
382
382
377
382
374
376
374
378
371
379
383
378
380
377
375
367
375
374
381
373
374
381
373
380
370
376
374
375
370
377
380
374
380
372
379
375
373
370
377
366
377
373
378
380
371
380
372
375
372
375
369
375
376
376
380
376
378
373
377
367
373
370
377
375
378
382
378
376
372
377
367
371
369
376
375
370
374
379
376
369
379
369
373
372
374
371
365
368
373
378
376
375
372
377
374
374
371
371
371
374
373
376
383
374
374
372
378
371
378
370
376
376
374
380
373
376
372
380
376
381
383
376
380
377
376
377
376
375
379
373
380
382
381
377
374
377
367
374
371
379
378
375
380
371
378
376
377
373
373
376
382
374
377
380
376
377
373
377
374
379
372
381
379
375
383
370
375
373
376
375
378
378
374
381
376
378
375
377
371
378
381
374
377
375
379
367
378
379
374
381
373
379
374
380
375
373
372
381
370
377
383
374
376
373
376
373
375
369
375
379
374
377
379
375
374
377
374
373
374
376
376
374
375
376
380
374
379
372
377
372
376
372
378
372
378
382
372
379
374
378
374
376
374
373
379
370
374
380
370
374
376
371
375
372
369
365
376
365
370
365
373
370
372
376
366
374
367
371
365
369
366
369
366
368
363
371
376
367
372
367
375
367
370
365
371
368
369
367
371
371
365
373
377
370
370
374
369
374
370
370
366
371
361
374
376
374
370
384
375
374
376
375
374
370
375
368
370
371
376
372
378
380
373
374
372
377
372
375
372
375
374
375
372
380
383
377
381
373
382
376
379
378
379
378
375
382
384
379
375
380
377
380
372
373
377
381
378
376
380
374
377
367
379
376
378
381
374
379
374
378
377
380
370
378
374
381
373
380
380
373
376
376
374
370
381
369
372
371
377
369
381
376
375
376
372
376
372
371
367
378
368
377
367
374
371
379
380
372
379
370
377
375
376
369
380
368
373
372
379
373
380
381
372
380
377
380
371
376
370
376
375
376
371
379
378
379
381
377
374
373
381
377
381
371
375
371
376
375
381
382
376
381
372
378
376
376
369
381
368
379
385
375
383
375
381
373
380
372
377
372
376
381
378
376
375
374
372
376
371
377
365
373
369
377
372
380
378
375
375
370
376
370
373
371
371
371
369
370
370
371
374
373
377
372
375
371
370
374
368
373
364
370
368
373
367
375
378
372
378
369
374
371
372
368
374
364
372
371
371
368
375
369
378
376
372
375
373
373
366
371
371
373
373
371
370
374
374
380
376
373
378
372
376
375
374
368
379
366
375
373
378
381
378
377
378
375
373
374
369
377
366
379
376
377
382
372
379
376
374
373
380
368
373
371
378
377
372
377
374
376
370
375
372
372
367
374
367
370
368
375
373
377
381
374
373
371
379
370
376
373
373
364
374
372
383
375
380
380
374
380
375
377
374
379
375
377
377
373
381
382
375
377
377
371
378
376
374
373
374
378
381
377
373
378
374
378
376
378
367
381
369
384
369
380
379
374
378
372
379
370
373
373
372
367
377
377
373
376
367
371
371
369
364
374
362
370
365
373
371
367
372
374
371
366
376
366
370
367
372
372
367
360
370
369
378
366
373
378
372
375
372
371
371
371
370
369
370
377
379
377
375
371
379
370
376
374
371
372
382
375
376
375
372
380
371
377
371
372
370
376
376
375
381
371
377
372
375
370
372
369
372
371
376
381
373
376
370
375
375
375
366
378
368
376
373
376
380
372
376
371
376
370
377
369
372
369
374
371
375
375
370
375
370
371
367
373
367
373
366
377
375
373
375
370
378
370
374
375
372
366
380
366
378
375
375
382
372
378
372
375
373
375
372
376
374
378
379
374
374
370
377
369
372
369
372
373
368
373
379
371
371
376
373
370
368
376
366
370
367
371
370
367
367
379
369
376
377
373
376
369
377
369
373
371
374
369
371
369
374
376
373
377
372
377
371
375
375
370
362
371
376
370
374
381
376
379
378
376
377
373
378
369
380
369
381
380
377
381
382
380
380
380
374
383
371
379
378
376
379
386
380
381
376
376
383
375
381
369
377
375
381
383
376
378
378
383
380
378
374
378
370
380
380
380
385
376
382
379
379
379
381
372
384
372
384
383
381
386
377
382
375
381
376
379
379
378
385
379
383
376
377
378
381
370
375
376
380
372
372
382
374
378
372
378
374
376
376
376
366
381
367
377
382
376
380
374
377
376
371
368
375
364
377
374
380
382
374
379
371
379
371
376
371
375
377
371
374
381
375
376
374
372
379
369
374
374
371
369
372
373
380
376
378
376
372
377
369
376
362
381
365
375
378
374
375
374
377
368
377
371
375
374
372
371
381
371
374
382
373
376
376
375
369
381
365
373
374
383
376
377
375
372
375
376
382
384
378
382
374
378
380
379
375
380
383
381
382
383
379
379
378
373
384
369
379
378
383
380
378
376
374
380
372
380
374
379
376
375
379
375
378
374
375
373
378
371
376
382
374
373
374
375
369
375
367
372
373
374
377
378
373
371
375
373
374
367
377
365
374
369
377
378
372
379
369
375
373
374
368
374
367
374
371
376
379
369
375
376
376
371
376
369
372
370
375
371
380
381
372
380
371
376
376
377
373
377
374
379
380
374
377
379
377
373
384
369
378
378
381
380
374
378
370
377
372
378
379
372
379
376
377
374
380
377
371
376
380
375
375
378
376
373
372
378
370
374
372
376
374
370
375
380
374
378
376
372
379
373
377
378
374
369
381
368
379
382
380
379
376
378
372
378
374
376
369
377
378
376
379
371
381
371
376
376
373
369
378
367
380
381
374
379
378
374
373
376
378
374
370
380
372
376
384
375
378
375
378
372
378
374
376
378
371
380
381
378
377
376
371
381
372
381
377
373
377
385
378
378
377
373
381
374
380
375
382
384
378
380
379
379
373
386
372
382
382
381
381
376
381
377
384
376
380
379
380
382
380
379
376
384
380
386
377
377
379
387
382
381
381
378
380
378
379
378
386
381
381
384
384
384
379
391
374
383
383
381
384
380
383
376
385
376
383
381
378
383
380
380
384
378
376
381
379
377
370
382
371
378
375
374
385
376
378
375
375
371
380
367
373
373
376
372
380
378
375
381
373
378
375
375
372
375
371
376
372
380
379
375
381
371
378
375
377
368
381
368
376
378
374
378
383
378
375
378
377
376
370
377
375
382
373
376
383
384
377
377
383
377
378
372
385
370
381
378
380
379
372
384
377
381
378
381
376
383
379
377
382
380
379
372
380
382
374
376
380
378
378
380
375
381
373
380
378
375
380
382
378
380
375
375
382
375
382
379
377
378
383
381
381
377
377
382
376
379
380
374
378
381
383
382
380
377
380
378
380
376
381
382
382
382
377
384
380
386
382
379
385
388
383
385
379
379
387
372
381
377
386
381
383
381
376
383
376
385
380
377
381
387
381
381
380
378
382
375
386
373
380
374
382
383
381
380
377
379
372
384
370
376
372
378
377
380
379
374
379
371
376
374
377
373
377
370
379
380
376
381
372
381
374
377
373
375
373
377
373
381
381
374
381
378
378
376
376
369
382
367
379
377
380
380
372
381
375
377
374
378
376
372
374
382
375
375
376
373
382
370
379
378
373
372
380
372
378
376
378
374
370
379
371
373
369
379
373
377
381
372
383
371
379
379
373
372
383
371
383
384
372
380
375
380
374
382
375
376
375
382
382
378
378
378
378
374
380
375
385
379
376
381
386
380
375
380
376
383
375
379
371
382
380
379
382
374
380
376
379
377
377
370
382
369
382
384
378
376
375
383
374
381
378
374
374
385
378
375
383
375
380
378
381
379
378
377
383
377
381
378
375
382
376
382
378
381
379
375
381
381
383
381
382
377
379
375
382
378
384
386
379
383
377
385
378
381
376
385
387
378
385
383
382
375
389
374
383
383
388
387
379
386
380
386
383
378
383
385
383
381
384
381
382
376
390
371
383
379
380
383
378
379
378
379
371
383
373
382
379
375
379
375
378
378
375
372
382
372
378
378
376
377
381
380
374
380
372
375
376
378
369
383
369
381
382
373
382
371
379
375
382
377
379
378
375
380
381
378
377
378
378
378
370
380
369
378
382
380
377
378
378
375
381
370
376
375
374
375
383
377
377
377
379
377
374
383
371
378
379
376
381
382
381
378
380
378
378
374
380
380
378
378
379
378
376
377
369
378
379
374
381
385
378
378
379
375
382
371
377
379
373
380
383
380
377
376
375
380
369
380
382
378
381
373
380
380
377
383
387
381
381
382
376
386
377
389
378
386
386
383
383
379
380
381
383
379
379
378
385
384
376
385
376
385
376
382
379
381
383
376
381
379
379
371
374
381
376
380
384
378
374
377
376
378
376
375
370
376
376
377
375
378
378
372
378
373
378
372
375
377
374
379
378
379
375
378
374
379
376
374
375
375
376
380
375
372
377
373
372
369
380
368
376
377
372
376
373
375
369
376
370
379
366
372
369
374
380
377
374
375
376
371
380
367
374
373
376
371
379
379
372
376
369
375
374
376
367
381
367
376
372
375
380
375
377
369
374
370
376
374
370
370
378
371
377
379
372
378
369
376
372
375
372
375
374
371
366
376
374
383
379
374
375
374
379
375
378
375
376
373
377
374
379
385
372
381
375
379
378
379
374
377
371
379
377
379
378
374
379
373
377
378
380
372
379
377
384
377
376
381
376
378
377
379
370
382
373
380
383
375
379
377
376
375
374
368
372
375
380
374
376
380
373
377
374
375
367
373
373
368
375
380
372
375
378
376
376
371
381
369
374
371
377
379
376
377
373
377
375
375
374
375
372
375
373
376
377
378
379
374
380
374
375
373
375
371
376
376
375
382
374
375
378
375
369
381
367
376
373
379
381
376
377
373
375
377
374
371
378
366
375
371
375
376
376
382
374
374
374
371
368
380
366
375
374
370
375
384
377
375
374
371
380
378
376
372
377
373
374
372
378
378
380
381
377
378
376
375
378
380
372
377
373
378
381
382
377
373
379
376
378
369
375
372
379
379
378
377
376
381
373
379
374
376
373
378
372
379
379
375
382
372
379
377
380
370
383
370
380
377
379
381
376
382
372
377
378
380
368
382
368
379
378
381
380
376
381
374
377
376
378
368
380
367
379
374
377
379
376
375
371
379
369
376
371
378
376
368
372
382
371
379
378
370
377
370
374
374
382
371
374
374
385
374
383
384
377
385
378
381
382
382
378
385
380
384
387
382
384
382
385
374
387
376
378
385
377
387
381
379
375
384
371
381
377
381
382
379
382
376
381
374
376
374
381
378
378
381
378
378
374
382
372
379
376
379
375
380
382
374
378
377
380
369
374
374
379
374
376
378
375
377
374
379
376
374
371
381
371
379
375
372
375
371
378
369
377
373
376
368
374
374
377
380
372
375
375
375
371
379
370
373
367
379
370
377
380
370
375
374
371
370
377
371
372
367
377
365
374
374
375
375
371
376
369
375
371
374
373
373
371
376
374
374
380
371
380
370
373
373
379
375
372
371
381
371
377
378
374
379
370
376
374
375
367
379
365
371
368
374
370
376
377
372
377
370
373
371
373
365
376
365
373
373
368
373
379
373
373
372
369
377
369
375
372
372
368
374
370
375
377
377
375
373
377
371
374
373
372
372
377
375
373
379
370
377
372
376
373
372
371
367
381
376
373
376
373
370
377
369
378
376
372
370
379
371
373
375
370
377
372
373
374
372
370
378
370
372
379
369
376
374
374
368
378
365
373
369
373
378
375
377
369
374
370
377
373
371
369
379
368
371
378
373
375
372
375
369
375
371
372
373
369
368
378
369
371
379
372
373
368
377
367
376
369
374
373
367
374
374
375
378
373
370
373
374
374
364
376
363
375
370
377
376
371
377
370
373
373
372
373
373
366
376
365
372
369
375
376
372
376
372
372
373
372
371
375
367
372
375
370
371
380
371
372
379
375
374
369
380
367
373
368
376
372
377
378
372
378
371
377
369
375
374
370
373
376
376
374
375
374
375
376
372
376
383
373
377
379
379
378
379
378
372
383
372
375
373
376
373
382
379
378
380
371
377
374
378
377
374
369
378
367
377
374
378
379
374
377
372
376
371
376
375
375
365
378
365
374
369
375
377
370
379
372
374
371
370
367
376
364
369
372
366
369
373
370
379
370
366
371
368
372
369
372
367
369
367
371
372
374
377
369
374
368
375
365
374
370
372
374
368
368
374
377
377
371
373
371
372
375
370
375
370
373
364
373
372
370
374
378
372
744
369
379
370
374
376
373
370
378
370
375
379
370
372
377
380
371
377
373
372
748
371
375
378
373
377
749
368
381
369
376
372
367
372
374
372
370
374
1484
375
370
371
369
373
371
369
374
377
373
375
370
375
369
377
372
375
370
375
376
376
375
375
377
376
376
365
381
370
376
376
374
380
371
377
375
376
377
378
373
372
373
378
378
378
377
379
376
371
383
369
375
370
377
380
379
379
374
378
376
375
370
382
368
377
376
372
377
382
376
375
375
372
379
373
381
377
372
373
378
377
381
376
377
375
374
375
371
383
376
383
374
383
382
376
380
371
375
376
376
371
378
369
376
380
371
379
373
376
374
374
369
378
367
377
378
371
379
367
377
372
373
372
375
372
372
374
373
373
366
377
370
373
371
375
371
373
374
370
377
377
373
370
377
375
374
370
377
372
375
374
371
374
378
377
373
373
374
377
371
373
368
370
376
377
374
373
374
371
379
371
376
375
375
368
377
374
375
377
377
376
376
375
374
380
370
373
372
377
370
378
375
374
379
371
377
373
374
372
374
365
377
362
372
374
377
375
373
374
368
373
372
372
369
375
371
372
369
372
373
374
373
374
375
372
377
372
377
374
375
369
379
368
378
378
374
379
375
375
372
378
371
378
375
372
372
373
376
379
373
374
376
370
379
373
375
374
378
368
380
369
377
372
376
378
372
377
371
375
372
375
372
371
371
371
368
373
373
373
375
371
374
373
372
370
375
365
376
364
371
369
371
371
371
375
374
372
369
373
371
373
372
371
365
372
364
370
366
369
369
377
368
372
377
370
373
374
373
372
378
370
374
371
372
369
375
374
372
375
377
378
371
374
371
378
371
375
369
376
372
377
377
369
378
369
376
372
376
371
375
368
375
376
374
380
373
376
375
376
747
378
375
371
379
377
372
376
372
376
376
374
368
375
366
372
372
378
376
367
378
370
373
373
372
365
381
364
375
370
372
375
370
378
366
375
369
371
370
372
372
369
365
370
370
376
372
371
375
371
376
370
377
368
377
368
372
372
374
373
372
379
378
373
373
377
375
375
374
374
371
374
370
375
378
373
376
374
377
370
380
371
374
373
370
372
378
368
372
378
374
380
369
376
374
374
367
379
367
376
366
376
377
373
374
367
373
372
374
368
377
367
372
368
376
373
371
377
372
375
374
372
370
377
369
374
372
370
368
373
373
371
374
378
376
369
376
373
374
367
378
366
370
368
375
372
373
375
376
373
371
375
370
374
373
376
377
371
369
374
378
379
376
373
377
371
381
376
375
369
383
368
376
374
372
376
376
379
372
377
370
374
371
377
371
372
370
376
373
375
378
375
381
374
377
375
375
372
383
370
375
378
372
375
379
374
376
375
371
381
372
379
378
375
376
379
375
376
376
374
381
372
377
378
373
378
379
373
373
377
377
375
374
377
373
379
370
374
372
375
372
379
378
377
379
375
375
379
378
371
379
370
369
379
384
379
376
375
371
381
370
377
373
374
372
373
370
373
367
377
373
376
375
373
372
369
382
367
376
377
368
377
372
378
374
376
371
379
368
375
379
378
377
373
375
373
378
370
381
370
376
367
375
367
383
375
364
380
373
375
370
377
376
371
369
379
368
379
375
371
377
370
374
371
375
370
375
374
373
365
378
366
374
372
369
373
376
370
371
370
371
372
366
376
362
367
370
369
366
369
370
372
374
365
375
368
371
371
371
367
369
365
373
363
368
366
368
365
366
364
367
365
369
365
369
372
368
372
368
368
372
370
368
373
366
368
371
372
373
369
372
368
370
365
372
373
368
371
370
378
368
376
378
367
376
375
374
373
379
375
370
374
377
381
375
374
375
374
374
381
380
377
375
379
361
386
376
379
380
371
381
380
379
374
382
380
378
379
377
377
371
386
370
378
375
379
379
371
380
373
380
378
378
377
383
379
375
383
374
381
380
379
377
381
380
380
381
375
386
375
383
382
381
388
380
380
382
380
377
376
383
383
382
379
385
379
386
377
385
384
381
388
383
388
383
388
385
380
388
385
390
386
387
390
385
391
391
390
385
384
389
391
392
387
395
392
395
388
387
390
386
396
380
391
391
387
391
384
395
378
389
386
387
390
383
386
384
388
381
391
384
390
390
383
390
386
393
388
386
389
394
387
385
390
387
379
390
396
388
387
390
392
392
389
390
388
394
391
390
391
389
399
383
392
398
389
393
393
394
388
396
394
393
389
389
393
396
395
392
392
394
393
394
392
395
392
393
393
388
396
386
396
395
390
388
389
393
383
395
395
386
394
387
395
393
391
392
395
392
392
391
386
399
386
395
396
391
395
394
396
387
398
396
395
395
394
392
397
396
395
399
397
393
395
396
399
393
393
396
393
392
394
394
390
397
396
396
389
387
393
387
391
391
390
392
386
386
386
388
382
388
387
386
390
384
388
388
391
384
393
388
390
396
394
399
389
396
395
395
399
393
398
400
396
400
401
401
398
404
399
399
403
398
398
400
398
399
403
399
399
398
396
405
390
398
400
396
395
395
399
397
397
395
398
400
393
401
396
397
396
391
399
393
397
396
397
401
396
397
400
397
403
399
401
399
398
393
401
406
399
401
396
404
393
397
403
398
398
402
401
403
399
401
402
405
399
405
404
401
403
398
411
396
406
406
399
403
395
404
400
397
402
396
403
393
397
403
398
400
395
400
396
396
401
396
396
398
395
395
399
396
395
395
391
401
386
396
396
394
396
394
396
390
397
392
392
395
390
399
390
396
396
396
399
393
394
399
396
397
395
399
396
397
391
402
396
396
398
396
401
393
399
404
394
396
394
398
396
398
400
396
398
401
400
400
404
401
402
405
400
410
401
405
405
401
414
396
405
413
405
406
401
414
403
406
407
403
414
399
411
410
400
409
399
409
406
400
401
399
405
392
400
402
396
401
397
400
396
397
401
396
401
399
399
401
399
399
397
410
393
401
407
399
402
403
402
400
403
404
402
400
396
410
403
402
407
401
409
402
402
406
404
401
403
403
408
401
404
399
408
405
401
409
405
405
404
410
410
403
409
401
408
409
403
405
407
406
409
411
409
409
416
411
411
415
406
412
411
409
414
410
407
407
407
412
409
410
410
409
411
412
412
411
413
408
411
414
409
408
412
408
411
411
410
411
408
408
410
406
406
411
401
410
409
403
408
409
406
406
411
408
409
411
405
415
411
409
412
414
412
415
418
414
417
416
411
416
416
415
416
408
421
418
411
419
411
416
414
409
414
408
416
407
407
411
405
414
409
410
410
407
410
411
407
408
415
408
410
413
409
418
413
415
413
410
423
408
420
415
412
423
406
418
418
410
420
408
416
415
407
417
404
419
415
410
414
415
411
412
409
417
413
408
414
409
416
414
414
414
410
414
413
411
414
410
413
414
411
414
412
412
407
420
408
415
414
409
419
405
417
411
409
414
410
412
408
412
410
406
415
411
411
411
410
421
410
416
415
410
424
407
417
418
417
423
411
417
418
416
422
413
415
425
414
423
421
414
420
417
422
420
417
424
424
424
427
420
426
421
419
423
416
423
419
416
419
416
426
414
420
418
416
426
407
418
421
415
422
412
421
417
416
418
413
417
416
413
416
411
413
409
416
417
408
418
415
422
412
414
418
411
419
415
415
419
415
422
412
422
420
416
422
415
424
423
423
429
411
413
433
421
424
421
423
427
421
421
421
418
423
422
422
423
420
422
423
422
425
420
420
427
420
421
419
419
416
422
414
421
423
418
426
418
426
419
423
423
419
425
422
421
426
421
420
424
421
425
424
422
421
417
417
426
420
418
418
411
419
415
413
417
409
417
410
417
416
415
423
406
417
417
416
416
411
419
415
415
415
412
422
416
417
419
415
427
412
420
421
416
428
410
421
423
415
428
411
423
425
416
427
416
424
423
416
424
422
424
418
418
420
416
429
412
424
425
418
428
415
427
427
418
430
418
429
427
420
435
418
429
431
422
437
420
434
433
424
431
424
430
430
426
433
422
430
432
430
426
428
430
430
429
423
426
426
427
428
429
425
417
422
419
424
418
420
414
419
423
409
421
420
420
421
415
424
420
417
420
413
426
422
419
421
420
430
426
421
424
420
429
426
425
426
420
425
429
425
427
425
422
429
428
424
427
424
429
425
425
426
424
426
427
426
429
424
427
426
425
425
429
423
426
427
423
436
422
429
429
424
439
420
431
432
427
438
427
430
431
425
435
427
430
430
425
435
429
430
431
428
426
426
430
432
424
434
421
432
430
425
438
421
432
430
429
433
428
432
433
430
437
435
432
439
437
438
439
429
436
438
436
438
439
437
431
443
438
433
440
436
432
433
435
427
436
423
427
427
433
424
431
422
430
421
424
420
426
421
418
421
422
420
418
421
416
421
421
421
423
420
420
419
424
422
417
423
418
427
426
422
427
421
428
429
422
430
423
432
429
428
438
425
431
435
431
443
432
433
433
433
440
437
434
438
430
430
436
428
435
436
427
435
426
438
436
428
441
425
437
435
434
438
435
428
436
433
433
436
432
441
435
433
438
433
442
440
432
450
438
437
444
435
447
445
445
449
446
443
447
451
443
450
442
446
444
434
443
439
440
440
438
438
440
432
437
436
438
431
432
433
432
433
431
436
429
434
432
432
432
428
436
429
428
433
426
435
431
425
431
424
431
433
424
436
419
428
428
426
434
433
428
430
425
435
431
432
430
425
433
434
434
429
433
434
432
432
437
438
433
438
425
434
438
429
435
438
433
440
435
437
439
434
438
441
432
447
437
438
445
437
443
442
439
445
440
435
447
435
445
443
441
450
445
442
442
440
438
441
434
438
440
432
438
441
432
443
430
440
438
437
438
441
443
444
438
442
440
431
458
449
438
449
439
444
443
433
438
435
440
444
427
444
439
433
438
440
434
436
429
438
438
438
439
435
438
438
437
441
441
438
447
441
438
438
437
442
438
442
439
442
438
451
444
435
449
438
435
444
437
445
443
439
448
442
440
440
437
444
440
445
441
445
440
453
445
439
455
438
450
447
445
450
447
441
450
446
439
451
445
444
450
448
438
453
437
438
441
437
443
443
438
447
442
438
445
431
444
444
438
445
441
439
440
444
438
444
438
443
442
438
442
444
436
445
430
443
439
437
447
440
438
447
437
446
435
440
438
441
441
447
445
448
438
435
442
439
438
433
441
430
434
435
434
430
441
432
438
431
439
441
435
435
442
433
441
438
437
441
443
444
436
438
438
447
453
459
458
440
460
464
463
464
451
472
473
468
458
480
483
480
532
509
519
604
543
527
584
530
558
545
547
554
527
613
535
640
612
583
632
571
623
590
576
658
595
607
684
639
634
675
606
586
675
646
664
605
585
632
587
595
580
603
579
666
595
575
649
587
587
623
601
603
589
590
599
642
606
603
580
590
628
641
663
649
634
686
640
666
633
623
606
634
615
623
606
650
592
593
617
616
616
625
658
615
615
618
603
599
593
590
591
579
569
569
566
565
592
594
597
601
599
589
572
569
566
561
563
565
580
588
596
602
644
620
638
643
645
643
647
662
631
631
627
620
635
622
617
617
611
610
619
620
623
624
628
636
633
644
627
627
636
626
626
641
640
645
639
632
630
611
602
614
600
581
606
606
604
599
607
600
609
607
612
610
607
637
631
639
640
634
657
650
707
672
665
723
664
662
646
648
645
640
629
633
624
626
621
595
667
622
651
639
638
632
623
618
614
599
588
587
597
601
606
626
626
632
624
624
623
612
620
600
593
608
578
647
601
638
660
626
650
697
652
714
721
729
683
704
709
658
668
699
647
670
690
719
671
684
636
634
638
614
604
612
611
604
598
601
630
649
617
633
654
657
625
646
694
639
671
725
657
693
715
651
669
708
648
699
729
686
712
712
660
691
691
668
695
708
673
680
692
703
632
646
635
630
646
676
660
648
632
633
643
666
674
669
678
640
646
675
695
734
803
776
732
660
733
668
669
683
676
656
643
695
642
654
669
681
692
661
674
680
646
650
662
695
720
741
713
711
713
675
667
670
692
679
681
678
720
686
700
717
669
686
689
678
678
677
703
652
672
694
667
671
677
697
654
675
694
688
659
666
702
649
677
692
660
680
675
661
658
670
689
653
673
712
693
693
689
706
670
686
707
686
689
693
716
685
695
725
676
690
696
714
671
675
682
719
705
703
703
719
677
684
697
689
677
687
718
700
729
736
743
688
690
712
667
688
696
735
684
664
661
682
699
720
726
696
689
689
689
704
713
732
743
754
763
758
739
724
728
720
710
691
703
740
693
697
715
679
673
668
688
659
675
697
704
688
696
715
716
676
693
701
693
666
684
708
737
706
731
735
721
695
697
707
673
688
712
709
682
687
717
679
675
675
704
662
691
706
732
704
729
746
740
680
686
701
708
674
689
706
719
694
707
734
698
701
694
699
654
649
652
655
673
672
703
713
713
714
718
720
720
738
741
745
740
707
719
733
741
722
709
736
721
723
699
687
699
711
700
690
666
675
644
651
634
646
673
694
712
688
696
710
712
714
684
697
721
744
775
796
745
758
769
770
743
703
707
728
747
724
711
715
727
686
702
700
693
697
712
713
689
697
724
755
738
762
788
763
750
738
744
700
727
752
739
733
747
800
741
757
761
719
728
731
747
712
738
774
775
733
741
769
723
717
726
745
713
732
741
711
711
714
730
703
725
743
749
688
682
692
678
634
645
631
626
628
641
618
631
646
649
629
651
677
705
733
725
698
708
727
727
679
690
707
718
718
702
726
753
721
717
732
757
688
712
756
699
738
764
702
713
752
702
713
732
699
705
721
719
681
687
735
687
704
750
695
712
725
679
688
694
700
676
697
737
712
732
757
795
749
761
749
730
703
733
792
795
749
776
780
714
745
780
761
749
786
815
792
781
784
769
748
775
798
719
750
809
759
770
794
827
726
752
809
746
731
755
741
735
761
795
722
764
771
723
750
721
714
717
732
704
725
767
721
771
811
853
762
782
796
742
727
693
774
709
688
701
749
810
753
783
795
801
777
824
818
750
772
799
779
726
774
892
818
854
881
831
750
767
785
708
725
762
822
752
810
840
754
773
772
744
709
698
724
688
696
723
684
685
679
707
717
686
705
737
745
684
698
718
668
667
668
659
662
676
707
672
681
703
716
686