1404
1201
1265
1458
1444
1412
1362
1342
1319
1540
1521
1547
1448
1312
1378
1531
1505
1331
1264
1572
1599
1369
1329
1358
1331
1305
1283
1302
1478
1410
1420
1300
1245
1319
1466
1419
1303
1235
1319
1395
1368
1217
1274
1305
1386
1340
1240
1266
1310
1301
1226
1221
1338
1435
1392
1234
1189
1340
1455
1388
1257
1339
1429
1332
1207
1321
1435
1449
1334
1342
1396
1374
1308
1434
1462
1347
1245
1390
1524
1443
1330
1436
1428
1296
1195
1343
1391
1313
1265
1287
1389
1445
1412
1224
1240
1312
1304
1233
1220
1287
1345
1265
1148
1159
1315
1431
1340
1406
1446
1364
1259
1314
1418
1410
1266
1209
1249
1463
1431
1310
1315
1365
1409
1337
1191
1205
1310
1324
1195
1112
1280
1493
1378
1281
1351
1319