1317
1350
1318
1236
1189
1158
1134
1107
1121
1168
1297
1293
1233
1226
1182
1194
1090
1074
1077
1161
1231
1258
1180
1097
1020
1000
1044
1185
1145
1157
1123
1110
1068
1015
980
997
993
988
983
994
1061
1111
1037
1041
1032
1068
1037
1012
979
986
1072
1050
1023
1015
1063
1036
1020
1017
1060
1099
1130
1063
1066
1137
1187
1193
1174
1143
1069
1025
1060
1143
1184
1145
1117
1061
1092
1155
1111
1090
1049
1074
1097
1086
1029
1015
1071
1246
1273
1196
1190
1149
1109
1056
1034
1113
1122
1094
1080
1068
1130
1141
1048
985
973
977
1063
1127
1079
1031
984
1039
1130
1227
1184
1127
1092
1076
1095
1133
1168
1089
1021
986
979
1073
1159
1154
1070
1047
1101
1063
1076
1044
1017
1028
1020
1028
1047
1009
986
1004
994
995
985
1024
1170
1284
1142
1096
1129
1127
1062
1043
1081
1166
1201
1161
1196
1257
1252
1128
1110
1203
1252
1182