850
793
756
854
1000
913
875
876
916
862
849
832
850
875
928
870
884
938
936
909
863
896
919
954
868
836
852
862
834
833
894
894
846
863
846
795
763
818
799
754
846
895
864
867
798
704
682
764
762
724
769
697
806
805
761
703
722
742
777
693
651
703
725
817
744
863
911
893
820
828
868
829
777
712
692
816
956
866
865
871
915
935
889
763
747
781
783
736
787
904
850
860
813
759
686
695
663
666
907
951
821
877
866
891
827
773
740
776
848
802
821
802
831
781
815
898
930
797
768
857
867
776
914
901
790
759
753
766
834
805
901
906
891
819
859
887
807
756
804
824
857
761
769
776
781
751
728
685
700
697
655
681
634
602
583
560
569
597
641
679
658
767
706
722
757
777
773
721
677
606
628
627
646
638
627
694
721
735
688
660
629
654
729
709
705
627
713
720
666
622
618
615
627
619
603
604
608
762
722
666
675
711
700
712
683
646
658
805
844
759
822
961
882
887
856
859
856
813
784
751
750
835
894
877
787
896
914
765
757
767
770
769
806
825
806
730
759
765
798
724
779
846
886
831
728
698
760
844
932
806
877
769
848
800
752
703
692
796
916
881
811
917
923
882
786
849
932
925
885
827
773
764
741
851
811
738
797
746
802
861
822
853
748
768
838
889
838
776
861
885
882
825
755
824
842
854
791
843
938
905
797
744
731
734
742
733
674
697
716
766
697
658
694
742
791
843
765
859
832
869
745
766
824
835
776
846
837
868
814
848
787
822
789
771
775
727
730
743
726
800
820
782
780
739
735
682
669
639
625
605
608
654
744
724
708
865
834
733
784
798
768
709
700
664
639
629
628
640
646
625
614
587
565
552
542
532
529
531
544
619
803
858
817
802
849
840
852
938
884
869
876
854
856
839
795
759
733
726
736
861
771
748
705
679
640
626
608
607
604
607
738
772
764
723
684
646
611
597
586
589
646
724
735
680
660
626
615
588
581
587
566
583
626
822
688
671
783
855
886
807
830
921
877
761
716
654
688
712
748
764
732
704
669
619
603
634
720
734
711
691
674
669
691
688
687
646
658
732
769
712
701
688
688
685
686
700
687
639
779
864
730
825
800
873
741
706
666
635
611
593
574
558
548
544
544
584
663
781
803
801
818
873
911
859
731
742
875
949
778
732
714
674
678
684
767
814
836
756
763
840
809
752
793
744
808
854
806
834
848
816
760
801
817
776
757
688
732
763
825
764
862
882
889
768
855
765
675
647
604
604
629
634
622
612
600
633
646
678
649
668
653
643
615
604
589
580
566
568
593
704
766
739
737
705
773
787
701
760
870
754
817
882
904
894
872
871
858
885
819
851
812
826
856
768
726
834
794
745
764
763
744
757
716
695
676
668
631
620
586
580
571
552
550
560
596
637
671
842
799
826
809
739
704
649
612
619
703
781
781
690
703
674
650
688
725
755
778
742
714
684
683
662
720
763
751
732
698
683
707
760
742
702
889
853
849
839
852
870
856
906
862
835
854
879
851
867
838
736
807
858
826
764
861
841
766
737
668
642
609
588
575
619
712
768
839
864
888
836
789
757
779
812
851
793
815
951
913
881
881
907
862
770
734
775
729
820
799
1035
957
883
899
845
851
841
884
883
887
774
764
811
795
743
848
876
892
768
768
777
789
781
722
818
800
816
739
717
762
798
791
719
758
782
841
820
739
778
849
808
798
757
904
931
912
832
875
815
744
829
1005
953
800
907
805
769
718
790
853
786
767
828
850
813
773
804
958
987
986
954
914
772
821
896
1020
916
946
958
810
735
745
776
714
749
707
738
652
603
593
585
696
655
637
630
600
589
574
566
556
544
540
537
540
547
542
534
529
522
518
524
562
692
887
718
856
875
862
810
660
600
591
678
856
757
713
693
728
769
741
677
641
618
610
707
946
834
820
798
807
705
707
686
685
853
752
729
694
659
616
584
564
550
539
534
529
531
529
533
547
580
570
616
581
639
600
898
701
636
607
585
604
608
614
831
784
757
707
656
635
591
564
560
562
554
559
555
613
687
624
692
751
792
849
755
671
670
749
724
738
689
701
874
880
763
688
675
754
777
787
718
710
699
752
723
713
678
656
643
641
615
693
781
749
719
667
676
717
757
676
645
604
582
563
596
750
744
718
735
737
730
672
732
785
813
711
741
843
877
755
876
875
864
832
824
841
805
761
703
705
670
653
624
612
585
565
556
544
541
596
838
773
776
791
767
712
629
609
614
612
595
594
577
568
595
624
699
756
642
706
726
688
639
671
726
758
687
812
764
686
711
753
828
724
705
644
677
685
768
681
699
719
733
702
675
788
743
748
688
682
697
702
648
674
671
755
698
826
854
783
724
730
696
669
639
640
681
736
811
698
701
672
684
654
621
667
746
798
713
705
732
728
694
675
653
625
590
582
614
688
685
633
709
740
757
800
769
697
667
637
741
723
696
670
655
636
606
609
654
727
687
637
661
645
645
607
590
599
613
644
648
648
643
608
607
656
695
642
594
577
578
589
775
827
769
740
685
681
710
700
666
626
601
622
749
753
690
654
610
602
575
559
561
580
618
656
702
647
646
623
613
625
689
750
828
820
827
744
688
705
816
923
861
759
774
925
872
866
761
696
707
721
768
752
739
722
692
668
629
707
847
845
802
740
676
698
778
876
937
896
901
891
896
858
826
702
674
662
675
938
878
759
755
826
874
855
737
697
668
617
719
769
788
746
700
654
604
627
597
689
810
699
713
804
917
785
810
802
763
691
682
652
613
653
729
735
692
647
616
616
603
614
605
587
573
561
557
571
591
599
576
561
545
542
542
558
556
552
533
528
524
537
540
557
537
524
522
520
521
537
553
535
529
529
556
573
576
546
534
540
543
572
574
563
547
540
544
572
574
563
545
549
553
566
563
547
537
531
546
563
563
541
538
539
553
571
582
568
553
544
538
523
514
516
512
507
499
506
500
492
494
507
537
610
617
590
558
546
549
568
581
568
543
537
546
576
580
561
531
523
514
508
504
501
488
487
489
483
478
470
464
466
464
462
453
450
446
448
446
452
453
442
438
433
433
434
437
431
436
437
432
429
418
419
418
419
416
415
414
415
415
413
414
413
414
411
413
406
410
406
407
402
407
404
405
403
403
405
405
405
403
408
404
408
405
408
407
411
407
406
403
404
401
404
398
402
396
398
394
400
396
399
396
403
397
400
398
405
397
401
399
401
399
403
401
400
400
403
401
399
401
398
399
397
399
397
398
396
397
396
397
396
397
396
398
397
398
397
401
396
401
397
397
396
397
397
398
396
397
395
398
396
397
395
398
397
396
394
396
396
397
394
394
393
395
393
393
389
390
387
391
388
387
385
387
384
387
384
388
386
387
386
389
389
393
391
393
392
395
392
393
391
395
390
391
389
393
390
390
388
393
390
392
387
393
388
391
388
391
386
392
387
390
385
387
386
390
384
389
384
389
386
393
388
394
389
394
389
394
389
391
388
395
388
392
390
394
390
394
390
392
388
393
389
392
390
395
388
392
389
391
388
390
388
388
387
387
384
385
383
385
382
383
381
379
381
377
380
377
377
374
379
374
383
381
386
384
388
387
392
390
393
391
392
392
390
390
388
389
386
384
384
383
383
383
381
379
378
379
376
379
374
376
377
380
376
385
381
388
386
393
390
394
392
394
393
395
391
395
389
390
387
387
387
385
384
383
384
379
382
378
378
376
378
375
378
371
376
374
378
377
383
381
386
384
388
386
389
388
389
386
388
384
384
383
381
379
378
377
377
377
371
375
372
377
373
377
377
380
379
379
379
377
377
377
378
374
374
371
376
368
374
372
376
374
376
376
379
376
377
375
377
376
374
376
372
373
367
372
367
375
370
376
373
377
374
377
376
378
375
377
375
374
377
373
375
370
373
372
374
369
376
371
380
374
381
377
382
378
380
379
383
380
382
380
382
377
378
375
375
374
372
372
368
369
367
373
365
371
369
374
370
374
372
372
373
372
371
371
374
371
373
367
372
369
374
370
375
373
377
372
375
370
372
370
370
370
368
370
369
369
365
368
367
372
367
375
373
376
374
377
377
375
378
373
374
374
376
368
373
370
373
371
377
375
378
377
381
376
380
377
378
377
376
374
374
374
371
369
366
371
364
370
367
375
371
377
373
375
376
376
379
374
377
375
378
376
375
372
378
372
377
373
378
375
379
379
383
377
381
379
378
375
374
375
374
373
370
369
369
371
368
365
364
371
366
370
372
373
370
371
372
367
370
369
370
364
370
365
371
367
368
366
367
365
363
365
362
362
361
364
362
366
364
366
365
366
368
362
365
363
368
363
371
368
371
369
371
369
370
372
366
369
367
368
361
367
363
369
364
367
365
365
364
362
364
362
365
357
364
361
365
362
364
359
360
363
362
360
355
362
358
359
357
357
362
359
362
356
360
358
362
359
363
361
361
362
360
363
360
363
360
365
360
367
363
368
364
366
365
363
367
362
360
359
363
359
365
360
362
363
362
364
358
360
361
360
357
364
360
365
364
363
364
358
362
357
364
360
362
360
362
363
358
360
354
361
356
357
358
358
359
356
358
354
360
356
358
355
356
359
357
358
354
360
358
356
358
355
359
356
358
355
361
355
361
357
362
361
361
363
358
360
359
362
358
365
360
363
361
362
363
362
365
359
362
357
366
358
367
364
364
364
363
364
363
367
359
363
360
366
361
363
364
362
365
361
364
360
365
358
367
362
369
362
363
364
364
366
363
364
361
367
362
369
364
367
366
365
367
362
368
362
367
367
364
368
369
364
370
371
372
369
371
373
371
374
381
384
381
380
382
382
386
387
387
382
382
390
389
389
387
389
392
394
395
392
391
392
392
395
396
396
393
392
393
398
401
398
398
396
398
404
412
413
410
416
423
432
430
428
432
439
448
450
445
438
433
438
442
441
442
437
431
426
434
434
430
428
429
433
445
443
438
439
449
462
461
455
452
465
461
451
445
447
446
450
447
440
436
436
444
458
458
452
450
460
476
471
460
457
451
458
461
451
446
453
443
439
441
445
449
444
441
443
458
482
492
479
472
475
495
510
499
480
474
482
496
494
478
478
491
505
509
490
484
495
509
522
518
495
483
478
487
508
513
498
494
504
514
507
494
494
497
504
511
500
495
507
528
531
514
509
521
525
519
504
494
487
480
476
477
474
466
466
479
493
509
501
494
504
538
546
528
516
525
530
532
512
506
504
516
522
520
513
493
486
491
496
507
503
496
500
529
539
526
525
547
573
543
530
544
548
530
522
526
539
541
527
521
525
538
536
521
527
534
526
514
505
506
520
516
511
514
521
539
537
522
522
523
528
526
511
519
528
527
520
514
521
529
523
511
508
512
525
522
512
504
500
504
514
516
512
504
503
511
505
497
495
503
512
516
504
513
534
543
536
525
527
534
536
528
516
503
505
509
517
517
503
502
517
528
525
520
521
543
544
537
523
521
532
532
531
525
510
513
518
518
505
501
509
513
502
499
503
504
511
502
489
486
485
497
502
491
487
484
487
486
484
491
490
479
478
479
469
474
479
469
466
469
469
472
470
469
475
501
503
495
503
515
521
513
507
508
520
519
515
509
509
521
519
509
503
501
508
511
498
495
497
504
523
521
511
507
504
506
492
483
479
476
477
470
463
456
461
447
446
443
442
439
439
436
435
433
431
430
427
427
423
422
420
423
421
416
417
417
418
416
414
414
413
418
412
415
411
417
414
417
416
419
418
423
417
421
417
425
416
419
413
420
414
418
414
418
414
416
410
415
412
415
409
414
411
420
413
415
412
419
416
415
410
414
411
416
408
412
405
409
405
412
409
408
407
407
408
404
403
404
403
402
399
398
397
396
391
395
395
392
394
389
395
390
399
396
400
397
402
404
401
401
401
402
398
399
400
401
395
395
395
395
392
391
389
391
388
388
384
395
386
395
390
397
394
405
399
403
400
406
397
402
396
399
394
393
394
393
395
386
391
390
397
394
395
395
399
393
390
391
392
392
385
387
384
389
380
382
381
387
379
386
385
390
391
390
391
393
389
390
390
388
389
386
385
383
386
380
388
386
390
389
393
389
390
391
387
386
388
387
387
388
381
383
383
390
381
388
387
395
396
396
394
401
400
401
397
401
398
396
396
397
396
395
394
392
392
385
386
384
386
382
383
379
380
381
385
388
391
391
389
389
390
389
388
390
386
389
384
388
759
391
386
381
387
383
381
375
377
379
383
371
381
380
383
379
386
383
385
379
388
388
388
386
387
384
386
384
385
383
387
387
388
388
379
382
383
382
375
380
380
391
384
392
393
402
398
403
400
403
398
400
397
396
396
394
392
390
391
391
387
383
393
388
389
388
390
392
383
384
382
390
383
384
384
382
380
375
377
374
380
376
377
373
369
375
370
377
374
373
375
372
376
375
373
373
376
379
373
374
373
377
375
374
378
379
380
371
376
372
379
372
374
377
375
375
368
373
369
375
373
374
376
372
374
373
377
368
374
377
376
375
370
373
370
379
372
374
376
375
375
368
375
370
377
372
374
377
374
375
367
372
373
372
375
372
376
368
373
370
379
367
378
374
378
378
375
376
375
377
376
379
373
379
378
377
378
371
379
376
377
378
379
378
379
380
372
378
374
382
375
380
380
377
377
373
381
376
378
379
381
379
376
376
378
379
377
375
380
378
378
381
380
379
381
383
380
384
388
387
392
395
394
395
397
398
402
400
396
407
407
403
403
399
397
398
399
399
402
399
396
398
392
397
402
403
402
406
412
428
438
437
432
426
428
426
430
442
445
441
436
429
434
437
443
446
438
435
437
439
451
443
439
441
451
457
451
449
463
467
461
455
459
471
467
460
452
456
461
460
456
452
458
463
466
459
455
454
459
458
455
453
456
467
464
462
460
473
477
465
463
459
470
476
469
463
459
464
468
471
468
468
468
460
455
460
462
468
459
458
464
465
472
465
466
478
486
509
508
493
483
488
494
499
502
491
487
489
503
506
489
483
485
497
506
502
490
489
505
517
516
502
514
521
524
503
492
497
502
505
491
491
498
508
502
488
482
480
489
499
502
486
479
484
485
484
481
483
478
473
480
488
494
488
480
483
490
505
499
493
486
493
505
502
496
491
502
509
514
503
499
501
499
504
493
484
479
482
485
493
488
480
479
480
485
477
474
473
479
477
469
472
478
484
483
471
469
475
480
473
473
481
484
493
484
481
470
466
468
472
488
489
484
480
487
494
487
487
494
506
511
514
501
488
484
484
496
499
496
490
487
503
518
516
505
505
514
525
521
505
500
502
512
508
503
493
493
504
503
500
491
503
519
528
521
506
508
515
531
521
512
498
488
479
471
478
473
474
474
469
488
504
528
509
497
504
509
528
540
533
514
506
498
502
499
492
485
480
491
495
501
500
487
481
478
476
470
465
462
458
464
472
480
475
476
490
505
504
494
494
496
507
511
500
491
485
494
477
480
475
467
468
465
475
479
472
474
475
488
496
496
491
493
514
528
537
517
514
517
517
505
497
509
512
509
498
497
502
504
507
493
491
490
503
510
509
499
492
502
501
505
498
493
486
494
496
503
494
484
491
497
508
502
499
498
515
520
509
505
496
510
512
503
494
497
506
513
505
498
503
510
510
494
496
497
509
516
511
497
495
498
498
485
477
483
485
489
479
484
481
482
491
481
483
476
474
465
462
461
457
465
469
468
461
470
479
483
480
479
500
519
518
507
510
522
516
501
498
500
495
487
479
484
486
487
479
483
481
496
493
482
484
486
491
480
478
479
488
490
486
481
483
488
490
488
477
482
489
493
484
486
480
487
483
490
486
478
477
479
475
465
469
476
483
480
478
482
492
498
496
488
486
493
488
486
476
479
484
483
474
481
480
487
479
477
480
482
482
470
475
477
486
481
479
473
479
471
464
463
460
459
454
455
454
454
449
454
454
457
455
447
451
454
455
447
454
452
460
463
453
453
454
461
469
479
471
474
476
484
482
474
475
472
474
473
471
462
463
461
465
463
463
457
459
466
461
459
452
459
468
463
459
466
472
481
471
473
478
483
482
471
478
480
477
471
474
478
480
475
473
465
473
470
468
461
459
450
456
453
456
452
457
455
463
450
450
449
454
452
448
442
448
445
453
443
442
437
441
439
438
438
438
438
436
435
431
428
427
423
422
416
420
415
421
417
418
419
424
424
421
418
423
418
413
418
413
418
412
419
417
417
415
417
415
416
410
410
410
407
407
401
407
407
408
406
407
405
406
405
401
404
402
402
394
403
396
405
402
409
404
410
410
410
405
403
404
401
399
398
404
396
399
396
401
399
405
398
402
403
401
398
398
403
397
399
397
404
402
407
399
402
401
399
398
396
400
396
400
399
402
401
402
399
397
397
395
396
392
396
393
395
394
390
389
388
391
387
391
391
393
392
396
394
395
394
394
394
390
393
388
396
392
403
400
400
396
405
398
407
399
402
402
401
397
397
395
393
394
388
389
389
395
391
394
391
390
391
387
390
386
392
390
392
389
387
385
386
385
381
386
384
386
383
383
381
377
382
375
379
378
382
379
381
380
382
381
380
378
382
381
382
379
379
379
381
382
380
381
378
382
384
388
384
384
385
386
383
384
386
386
386
386
389
385
388
390
393
390
393
391
395
399
398
395
396
393
396
392
394
395
392
383
385
384
385
379
383
379
380
379
377
381
376
380
380
383
381
383
382
380
385
379
380
382
384
381
384
382
383
383
377
379
373
379
378
378
376
375
377
371
375
371
375
371
372
370
368
372
367
371
366
370
366
371
370
370
372
368
370
365
372
371
375
370
373
372
370
373
368
373
372
372
373
370
371
371
373
370
374
370
372
370
370
373
371
372
368
371
368
370
369
367
354
380
367
366
366
365
364
366
359
365
363
365
361
361
364
359
363
359
361
362
364
364
361
363
360
362
360
364
363
363
366
359
366
363
364
365
361
362
362
363
354
361
358
362
361
359
363
355
361
358
361
359
362
363
361
361
357
362
359
363
362
363
364
361
365
358
367
361
367
364
365
364
363
363
362
365
360
368
362
365
362
364
365
364
366
360
365
361
365
361
367
364
366
367
365
366
362
366
364
364
364
365
365
365
367
360
365
362
366
360
364
362
365
365
361
363
360
365
360
366
364
365
366
364
365
362
366
360
367
363
362
362
360
361
356
362
356
361
357
360
360
358
359
355
362
356
360
359
361
362
359
363
357
362
357
364
360
366
365
367
362
362
366
363
365
363
364
360
362
359
361
357
364
359
360
357
360
359
357
363
356
360
357
359
356
361
360
362
359
358
361
357
362
354
363
358
358
358
358
358
359
359
354
359
356
357
354
354
358
353
355
353
356
353
354
354
354
354
356
354
351
355
350
354
354
355
355
352
355
352
354
350
354
353
354
354
352
355
351
354
350
356
354
354
355
352
355
349
356
352
356
353
352
354
354
354
350
355
351
352
350
353
355
352
355
350
355
350
354
349
354
354
354
355
349
354
349
353
352
354
351
351
354
351
354
352
354
349
356
353
353
354
354
356
354
356
352
357
351
358
355
356
355
354
356
354
354
349
356
350
352
350
353
354
352
353
349
353
348
353
352
352
353
350
354
348
353
347
355
352
352
354
349
354
349
351
349
350
354
345
352
350
354
349
348
352
347
351
344
351
351
353
353
351
354
349
353
347
352
353
353
353
349
353
347
353
349
352
348
350
349
349
352
350
350
345
353
348
350
346
349
351
350
351
346
351
349
350
348
347
352
344
351
346
350
347
349
347
347
349
345
349
346
351
348
349
348
345
350
346
348
343
351
345
347
343
345
348
344
345
344
347
343
342
343
344
345
338
346
344
343
344
340
343
337
341
340
342
343
341
341
338
344
339
340
342
338
343
337
340
340
342
341
338
345
340
343
335
340
342
343
340
339
341
340
342
335
344
342
342
338
338
339
338
341
338
345
339
340
340
344
344
343
345
339
347
339
343
343
345
344
342
346
341
345
339
347
343
346
342
344
345
340
345
340
344
339
342
343
340
342
337
343
334
338
336
339
341
333
340
335
337
334
335
339
335
338
334
339
336
338
336
336
342
336
341
337
341
336
341
341
341
341
338
343
337
341
336
341
339
341
340
336
341
336
339
335
338
337
338
340
332
339
337
340
336
337
338
340
341
335
342
337
339
336
341
341
340
340
339
341
338
341
334
342
340
340
339
337
340
340
338
333
339
337
335
335
334
339
330
338
337
336
336
334
337
332
334
332
336
335
333
336
330
338
333
334
330
334
336
334
336
332
338
334
334
332
335
335
336
338
331
336
333
340
334
335
335
336
336
334
335
331
338
336
339
335
341
338
336
337
338
341
334
339
335
337
334
341
335
334
339
334
338
335
337
331
338
335
336
334
334
338
329
336
332
338
332
332
333
334
335
330
336
330
333
330
334
335
332
334
331
336
327
333
332
332
331
331
334
329
331
327
334
330
329
329
328
332
326
329
326
333
329
657
326
327
325
329
334
326
330
327
331
327
328
332
330
331
327
334
326
329
326
334
332
328
333
327
330
327
333
330
328
329
328
331
325
329
326
331
329
327
329
327
333
323
327
328
330
327
326
329
328
327
325
329
328
329
327
327
332
324
327
328
331
326
326
329
329
328
324
331
328
331
328
324
332
325
333
323
329
327
331
331
326
331
325
331
324
329
329
325
331
325
331
326
326
327
328
333
327
330
329
331
328
333
330
327
328
327
330
330
333
327
330
328
332
328
332
329
330
333
324
331
328
330
325
329
331
330
329
328
330
327
330
329
328
332
326
331
325
327
325
328
330
321
327
325
327
325
322
328
325
327
324
328
326
326
323
324
326
325
324
325
328
323
324
325
325
326
321
328
324
323
324
323
329
323
326
325
329
323
326
327
326
328
324
329
322
327
323
325
328
321
327
323
325
321
325
323
325
321
319
326
320
323
320
323
323
320
324
320
325
321
321
319
320
325
321
323
320
324
319
322
322
319
325
320
325
317
321
318
322
322
320
325
321
322
319
321
321
323
323
319
325
319
321
318
323
322
320
324
321
321
317
323
321
322
319
317
323
320
321
314
318
318
320
323
318
319
318
322
313
319
318
320
319
318
324
318
318
320
322
319
318
323
321
320
318
323
319
320
320
322
320
313
319
317
322
320
323
318
318
322
319
317
315
321
320
318
318
316
321
315
321
318
319
316
319
320
317
322
319
320
316
322
316
318
316
319
320
315
322
318
316
315
318
320
314
319
315
318
312
316
318
315
316
315
318
315
316
316
317
314
315
319
316
313
318
314
320
317
318
316
319
313
317
318
317
318
316
320
313
317
317
318
318
315
320
316
317
314
318
318
315
319
316
320
313
316
316
319
313
315
318
316
315
315
318
314
316
314
316
316
313
319
313
315
313
317
316
314
320
315
319
313
318
315
316
316
313
316
316
313
314
318
311
314
315
315
314
313
318
313
314
313
316
315
311
315
313
314
312
316
313
313
316
313
317
310
313
313
314
313
313
315
313
313
313
316
313
313
314
315
312
313
316
312
313
312
313
315
313
313
313
314
310
313
314
313
312
316
314
309
314
310
314
313
314
313
311
315
311
313
313
314
308
313
313
313
312
312
314
310
316
311
313
314
312
311
310
314
313
311
618
313
309
315
312
313
313
312
313
308
312
311
313
313
311
314
309
312
313
312
308
314
313
310
313
312
312
309
314
312
310
315
311
312
311
314
310
313
313
313
311
311
314
309
311
312
312
313
312
313
309
310
312
312
313
312
313
311
312
311
314
307
312
313
310
313
312
314
308
310
312
313
312
312
313
309
311
310
311
308
313
311
308
617
312
310
313
313
309
312
313
313
307
313
309
308
309
313
312
308
314
309
309
308
313
310
311
313
312
309
309
313
308
311
313
290
332
310
313
307
311
312
311
305
313
311
308
308
312
313
311
313
311
311
312
311
313
311
309
312
313
314
313
317
316
317
312
322
319
318
316
324
316
321
321
316
322
321
320
316
320
321
317
318
322
321
323
318
319
324
325
325
320
329
329
324
332
334
326
330
333
328
332
334
332
329
329
339
335
329
331
331
334
333
334
330
331
334
335
329
332
338
333
326
334
330
333
334
336
667
340
333
335
334
348
335
341
339
343
337
341
343
341
340
350
337
341
343
350
342
345
343
340
355
342
344
341
347
345
345
344
354
345
350
354
354
354
349
358
356
354
354
358
357
354
354
361
360
353
358
359
358
360
350
357
354
354
349
352
353
354
354
355
356
359
357
354
351
358
357
354
355
360
363
362
359
362
365
371
370
369
368
361
364
370
368
362
360
360
364
361
354
363
367
358
367
369
369
364
364
370
366
373
368
368
370
370
372
368
364
359
367
364
365
362
371
373
378
378
402
400
407
403
397
411
408
396
409
404
398
400
404
399
393
398
395
393
387
394
392
382
389
384
382
385
389
387
384
380
376
383
382
377
378
386
382
376
391
389
393
392
395
405
407
401
403
409
406
402
402
405
402
398
394
402
397
393
395
397
397
397
394
398
401
404
398
403
402
408
407
399
397
404
398
400
403
396
394
400
398
397
398
401
406
407
403
416
413
409
410
417
413
409
413
414
410
408
402
411
408
404
399
410
404
402
401
407
403
399
409
409
405
405
412
416
419
422
420
417
409
403
407
408
402
400
403
408
413
412
408
411
421
420
418
421
427
424
422
421
429
422
418
419
422
421
416
411
416
415
411
410
418
415
414
415
419
418
415
422
419
414
411
419
413
408
413
417
411
412
410
416
410
409
411
414
412
411
410
417
414
411
414
415
412
407
413
412
408
407
413
413
413
409
409
417
418
416
417
416
425
421
420
418
426
429
426
426
420
427
429
429
425
424
424
434
434
428
431
427
435
431
426
432
433
429
425
422
429
424
418
426
426
423
420
425
427
429
432
433
428
420
417
422
426
422
424
419
427
427
424
425
436
438
434
432
437
445
445
438
441
439
446
438
435
437
438
433
432
432
438
438
432
435
435
433
438
439
439
440
441
445
444
436
437
432
438
432
425
438
437
431
432
443
441
438
437
444
448
446
441
440
442
440
436
435
442
432
431
435
432
430
428
437
438
434
435
438
443
443
435
436
439
439
434
433
439
443
436
435
446
442
440
442
444
454
444
442
451
449
439
443
447
443
444
441
450
448
442
439
446
443
439
438
440
439
438
443
448
443
437
437
433
441
434
431
432
438
433
433
434
436
438
444
448
446
440
439
438
439
439
434
435
436
440
434
434
438
439
437
436
442
443
441
441
447
449
442
441
444
449
445
441
443
449
450
444
445
442
452
450
443
447
445
454
450
447
453
457
448
448
453
454
447
444
453
454
449
451
450
458
459
452
455
452
457
458
455
449
452
454
456
449
450
452
456
449
450
457
454
451
454
459
452
454
460
454
454
452
453
455
454
451
450
455
453
454
446
449
453
456
451
447
450
458
456
453
453
457
463
462
459
456
462
469
467
465
458
459
467
461
461
460
469
470
465
466
467
472
469
463
466
468
473
468
463
466
470
474
471
462
461
465
465
462
454
456
457
453
450
449
455
453
448
449
456
452
453
450
456
456
454
455
447
442
446
446
440
439
438
444
443
437
439
444
447
445
442
446
456
452
451
454
458
462
459
458
456
463
458
454
454
460
452
453
451
458
454
452
453
455
457
460
461
465
458
453
452
452
445
444
449
446
445
444
448
454
455
448
446
455
454
451
452
455
462
459
455
456
454
461
456
450
459
460
458
458
456
467
462
458
465
467
465
460
461
466
461
459
466
472
469
463
465
470
463
465
461
465
463
465
468
463
455
452
455
460
456
448
453
452
460
458
453
458
463
470
468
461
465
474
466
466
463
472
466
460
458
462
462
457
454
458
460
456
458
461
464
456
455
462
461
459
455
463
464
460
460
463
468
463
459
460
465
465
458
455
459
461
456
457
454
464
466
464
465
463
470
471
467
466
464
467
468
461
459
466
460
457
456
461
458
453
461
463
458
456
465
459
455
452
457
459
454
452
459
458
452
448
456
450
447
446
452
446
443
446
447
447
446
440
437
441
440
439
438
438
445
444
441
442
445
450
447
445
457
455
450
452
458
454
449
455
457
452
448
452
456
451
446
446
452
450
448
445
457
457
451
449
458
456
453
451
461
457
453
450
456
453
451
449
453
454
449
451
452
449
447
452
455
451
448
454
455
453
451
455
460
458
454
454
455
458
453
451
452
450
454
453
449
455
454
449
449
447
451
450
447
444
442
447
449
446
441
443
447
447
446
445
448
451
453
449
449
451
450
446
447
454
451
451
451
452
455
459
458
452
451
453
452
453
447
442
445
443
440
440
446
447
442
443
450
454
453
453
460
460
456
457
460
458
457
460
459
456
453
459
459
458
454
450
456
451
446
446
446
447
445
441
450
446
444
446
447
447
445
443
450
447
442
447
449
444
443
444
448
444
442
446
439
438
440
440
440
440
438
442
435
434
437
436
436
437
435
435
432
433
433
429
430
426
422
419
423
423
428
430
437
438
437
440
438
433
438
432
436
435
432
429
423
423
423
423
422
426
429
425
426
429
429
427
428
438
438
436
438
444
444
440
438
441
441
441
440
439
440
437
430
432
438
431
428
428
428
428
427
433
431
431
431
427
426
428
431
435
434
433
431
431
428
432
433
431
427
428
429
436
441
443
437
440
445
450
444
443
451
451
445
444
448
446
448
447
446
440
439
438
433
436
435
428
431
436
433
430
431
437
438
436
446
448
443
443
449
448
449
447
445
447
441
438
436
430
433
428
424
429
429
430
428
429
431
435
435
434
433
439
445
440
438
442
443
440
438
440
444
440
438
436
438
435
436
433
438
440
438
440
445
444
445
443
449
446
442
446
442
437
440
440
436
438
438
438
435
437
438
438
438
441
436
430
431
427
427
430
428
431
433
431
428
427
438
444
443
448
461
476
470
465
465
466
458
461
456
452
446
451
450
447
442
451
446
441
449
448
444
446
443
448
449
444
443
445
450
450
446
445
449
450
450
451
448
453
453
449
448
449
451
447
444
446
444
443
448
447
440
441
441
443
442
438
437
436
435
434
438
440
438
439
448
451
451
449
451
456
455
451
456
455
451
451
448
449
446
442
448
447
442
443
443
445
441
440
439
441
442
446
446
441
439
434
440
438
438
436
443
445
444
444
453
450
448
453
454
450
450
452
452
452
449
451
451
446
448
445
449
448
446
444
447
448
447
446
443
447
446
445
443
448
451
444
442
442
440
443
441
435
439
439
438
436
434
435
437
437
435
430
433
434
434
437
435
438
436
431
432
436
432
430
437
440
438
438
446
443
439
449
444
444
444
445
443
443
440
443
441
438
441
440
436
438
438
437
436
438
438
440
439
437
433
433
437
438
435
435
435
440
440
438
438
441
442
441
437
440
438
435
433
433
430
432
426
426
425
420
419
418
412
412
421
413
418
426
423
422
426
439
444
441
444
453
459
453
450
454
460
450
448
456
453
447
448
453
450
445
447
448
445
443
442
445
447
445
449
446
444
444
442
439
439
436
441
442
443
440
442
446
456
454
449
449
454
458
452
453
459
449
443
448
445
444
438
445
442
438
438
439
441
443
441
442
448
449
448
447
448
452
452
446
449
451
453
446
449
453
451
446
439
446
444
438
434
439
437
434
436
432
432
433
431
430
435
434
434
438
437
433
428
429
436
437
436
435
441
444
444
449
466
463
461
466
471
469
467
470
479
480
473
473
476
476
478
471
465
467
467
459
456
466
462
457
457
456
453
452
457
459
459
463
467
478
478
477
487
505
509
509
498
500
507
510
499
496
495
500
498
480
498
487
483
482
479
471
466
470
466
466
468
470
469
474
482
503
509
516
538
556
551
529
531
532
524
513
515
520
515
505
497
499
498
491
488
489
497
495
492
498
510
511
509
521
516
509
502
510
506
502
497
498
500
496
495
498
503
496
497
499
505
511
504
513
521
522
510
520
512
504
504
508
501
493
492
492
492
487
491
501
499
494
497
493
488
483
480
473
469
463
461
461
461
467
471
496
533
591
595
574
558
564
564
546
528
549
540
527
523
523
516
509
500
504
504
496
495
496
501
499
493
494
500
501
494
495
500
506
501
496
500
507
507
500
502
510
511
504
502
505
505
501
494
488
486
487
491
496
505
500
495
488
488
483
482
480
479
477
479
483
485
480
477
482
479
479
480
487
500
503
507
504
493
492
488
484
479
474
472
471
461
463
460
482
478
480
496
505
493
492
499
495
499
494
491
487
482
478
469
461
458
460
463
460
458
454
457
473
469
478
477
484
505
516
518
512
518
523
521
511
506
506
499
490
494
490
487
484
482
480
479
486
498
495
501
511
528
515
517
547
556
542
546
556
544
534
536
537
530
520
523
526
521
515
519
522
522
514
510
503
497
504
503
502
502
508
519
518
515
521
537
535
525
525
537
527
518
517
517
511
528
550
565
574
584
578
579
571
567
551
528
536
523
517
511
506
505
499
496
510
556
563
575
827
687
672
661
656
629
622
573
563
555
542
539
544
541
532
524
526
525
521
521
532
548
548
555
542
542
549
561
562
549
557
558
554
544
537
545
550
553
546
545
555
562
556
546
543
546
548
540
535
529
527
523
515
508
503
500
497
496
492
494
496
498
500
495
506
500
497
499
496
497
508
502
505
513
528
531
530
532
539
546
542
548
562
571
579
572
580
589
589
583
570
550
539
532
536
545
549
554
548
539
541
547
568
593
582
580
593
618
646
622
597
589
604
586
578
555
547
543
548
561
590
588
589
566
561
557
552
540
538
535
531
525
536
535
531
529
524
520
513
507
502
497
494
490
486
486
479
491
516
542
566
576
565
608
643
628
712
854
740
734
737
698
666
677
692
673
692
741
750
727
693
700
705
683
664
663
662
639
581
562
553
555
550
541
536
542
541
540
555
566
575
575
596
610
598
575
571
570
574
566
561
565
572
571
572
561
549
540
537
536
542
565
571
621
690
694
672
628
621
626
604
603
612
625
616
609
616
624
613
596
586
593
575
559
552
549
541
542
550
564
588
595
610
636
661
646
658
660
626
609
604
581
566
563
565
551
540
535
533
540
554
555
550
561
602
686
734
721
662
641
647
645
634
623
597
587
588
601
617
611
589
591
607
620
638
611
601
604
623
631
615
605
618
629
616
605
596
582
563
551
541
547
562
557
556
569
606
931
802
764
755
744
693
695
685
680
669
631
599
608
667
660
625
599
620
626
637
617
622
641
653
657
639
616
616
633
633
626
620
647
659
670
653
642
613
608
625
627
648
644
620
603
600
617
642
684
643
662
696
717
689
653
651
646
633
624
609
591
583
602
607
613
602
610
642
669
693
674
649
623
614
618
620
625
604
599
595
601
589
584
584
574
564
563
579
604
612
602
594
606
633
647
654
632
615
625
619
602
596
582
566
561
563
578
590
582
576
587
608
659
660
659
622
604
600
590
579
574
567
558
548
548
538
538
559
578
574
577
565
564
581
593
605
611
603
586
576
586
584
590
584
579
568
556
554
557
569
581
644
640
639
627
638
652
639
626
648
653
660
645
622
611
626
637
628
616
626
651
635
632
615
603
615
619
627
613
597
620
629
637
625
607
591
584
595
601
579
602
635
649
634
620
625
641
646
621
603
606
609
603
602
593
585
588
604
631
665
694
665
663
657
662
671
662
655
627
611
611
623
617
605
601
666
684
688
647
673
703
678
656
659
667
639
635
610
597
593
584
577
579
584
573
565
577
583
587
618
636
649
637
626
608
602
591
593
585
573
565
592
589
588
582
616
657
680
668
687
676
653
624
615
633
646
672
647
634
646
675
703
668
646
649
661
657
636
621
632
637
648
621
598
617
602
599
589
593
604
604
600
607
606
605
618
619
632
620
609
618
638
683
694
676
658
652
633
609
584
575
568
563
560
562
558
549
545
529
537
538
538
543
563
580
585
610
601
605
614
601
584
594
597
601
593
587
575
563
553
544
537
538
541
560
583
594
594
615
670
639
604
599
573
561
547
534
529
519
512
508
502
504
512
502
502
503
499
500
497
498
493
491
491
488
480
480
474
472
474
472
476
477
475
478
480
498
503
503
506
516
528
529
528
522
525
523
519
514
508
501
500
500
503
505
506
517
522
534
540
537
540
546
551
549
536
531
528
521
513
505
500
502
496
497
496
522
539
575
563
555
558
536
532
521
517
514
508
503
498
492
489
486
486
491
492
503
506
506
512
525