677
665
707
698
689
658
661
671
667
681
650
645
640
646
651
670
671
670
655
682
677
652
644
658
683
683
676
680
670
685
683
674
662
671
674
670
642
658
661
659
636
651
668
664
662
644
672
658
645
629
649
652
649
625
654
674
638
626
644
674
647
613
632
665
634
609
640
643
644
604
615
639
648
639
610
631
655
631
615
628
669
652
618
624
658
661
649
619
626
636
652
635
605
615
655
643
619
626
647
653
630
620
657
646
620
635
654
627
605
615
641
634
594
596
625
618
597
597
609
608
609
591
604
607
604
584
592
610
610
603
581
600
613
586
586
621
604
587
604
631
621
587
614
635
634
624
603
640
629
631
640
641
640
616
645
646
638
616
616
658
652
649
615
633
638
625
596
615
629
606
598
632
625
617
602
633
627
614
598
630
621
602
625
621
607
596
633
629
610
600
639
627
592
599
597
629
623
612
590
606
622
579
585
612
604
602
581
605
620
592
604
642
631
607
646
632
607
603
626
635
622
609
637
631
604
623
649
635
615
631
640
630
607
609
634
630
630
604
646
654
657
631
667
657
660
629
658
644
634
603
617
637
630
610
619
648
642
615
617
643
642
633
616
644
637
615
613
638
624
603
602
623
621
618
604
631
624
609
600
627
619
609
606
624
627
614
611
629
623
617
606
621
621
617
607
616
619
622
615
631
637
630
624
639
632
612
607
615
631
633
620
605
640
633
622
613
642
636
619
612
629
626
605
601
628
627
615
601
617
632
597
597
625
613
588
585
605
623
612
585
598
618
595
576
596
623
614
587
584
597
610
636
635
624
595
630
620
591
589
600
613
611
585
588
620
609
584
589
613
587
572
581
611
592
565
581
607
594
562
581
605
575
563
575
586
579
561
574
598
576
564
576
584
606
580
570
588
600
560
570
597
567
558
558
575
594
579
556
571
589
564
558
566
571
560
550
565
575
570
564
585
603
572
579
604
594
570
563
574
594
586
563
567
572
582
585
561
570
594
589
563
567
584
594
564
561
576
594
585
577
567
579
581
576
575
556
571
580
580
563
589
582
572
559
575
595
590
575
566
589
588
583
564
569
589
577
562
582
583
578
571
590
591
585
588
596
593
583
578
589
592
589
589
578
590
592
585
588
591
590
568
583
575
565
574
576
566
557
573
562
551
543
558
559
547
537
554
553
544
535
553
558
550
541
547
562
563
553
551
563
569
556
549
561
564
545
538
550
558
561
546
554
567
573
556
563
588
577
568
566
587
581
555
553
569
573
567
543
553
566
569
552
557
576
579
569
557
574
570
565
546
557
563
556
543
554
574
570
561
557
575
590
581
580
560
573
582
580
573
557
567
579
579
563
567
591
591
564
571
598
594
592
568
602
598
588
575
599
596
577
583
591
580
567
589
587
567
569
578
586
574
565
569
584
584
590
586
577
591
586
578
561
585
575
559
552
570
575
553
563
591
586
567
587
605
607
609
586
618
597
587
571
598
586
571
585
595
598
580
597
594
588
578
591
581
579
568
586
588
584
566
592
586
582
576
599
586
570
590
586
581
572
586
585
585
575
592
595
593
582
602
594
576
580
582
577
581
563
576
568
564
547
562
569
564
559
562
571
573
568
572
573
584
571
567
587
579
576
563
573
573
577
574
569
586
585
572
563
571
582
584
584
573
569
572
569
567
561
545
560
576
584
589
596
573
555
597
559
552
565
600
557
580
633
606
587
628
618
607
584
589
591
581
567
554
572
557
544
540
557
552
541
539
542
563
554
580
569
586
543
548
563
559
1078
412
381
341
550
544
566
581
551
545
563
566
561
538
538
554
551
538
529
545
550
547
531
536
551
546
547
535
562
563
561
533
547
561
556
551
541
541
549
549
556
533
548
552
561
521
538
547
555
524
543
552
528
530
550
533
522
529
546
539
530
522
541
539
539
525
533
545
542
534
537
543
540
527
525
523
541
544
543
531
536
558
543
527
530
552
547
527
530
549
556
544
527
546
561
545
518
527
545
550
525
524
534
540
560
553
523
542
557
560
528
533
542
554
557
519
528
552
531
521
531
545
568
560
544
561
572
563
545
546
565
550
547
536
554
550
548
531
551
557
555
546
562
564
564
553
552
568
567
563
551
545
568
563
546
545
560
559
559
549
547
556
555
549
542
556
556
551
541
555
563
561
550
556
569
566
549
556
573
566
556
549
563
564
566
557
554
572
571
561
559
572
568
548
544
566
560
549
540
559
563
563
554
557
573
569
565
558
576
579
585
595
584
587
584
579
568
563
563
559
550
539
557
550
537
542
557
557
539
551
560
570
567
546
571
575
555
547
563
572
560
535
544
566
554
529
540
567
561
553
539
574
563
544
543
554
570
561
563
557
534
545
564
551
531
526
544
550
542
520
527
538
547
534
528
548
557
546
536
558
552
556
546
553
552
544
534
550
548
529
527
547
544
529
518
531
531
542
524
511
525
550
533
516
516
524
535
546
525
510
526
530
522
517
521
540
535
527
526
540
538
538
529
532
539
540
527
527
532
533
523
521
531
533
526
524
531
535
544
532
530
547
544
534
522
532
544
540
521
521
539
543
534
512
523
531
553
542
530
535
548
559
557
540
538
558
568
564
551
546
565
559
544
538
560
550
537
528
538
539
555
546
523
528
524
549
552
550
555
538
556
561
557
543
559
557
550
545
556
559
541
535
554
552
532
521
535
553
535
516
521
539
547
522
512
527
548
521
520
554
541
519
529
552
545
524
535
551
536
519
534
556
536
526
544
562
557
542
557
560
551
534
537
547
544
533
530
555
544
534
537
558
553
529
546
558
557
541
549
561
555
537
545
552
558
560
543
564
565
557
537
537
557
558
562
547
554
561
559
542
554
565
554
537
563
559
553
541
559
558
538
546
568
554
539
568
552
548
547
559
546
533
536
547
553
544
526
561
551
533
528
530
559
543
523
523
540
554
532
530
543
563
551
527
531
560
550
533
524
542
556
541
522
553
546
538
524
540
557
549
520
534
560
549
522
537
551
541
521
522
538
545
537
526
526
552
545
528
538
555
540
527
531
544
543
521
531
538
551
544
526
523
527
541
547
550
544
531
547
546
544
527
535
548
544
530
534
557
551
533
559
558
552
531
562
548
545
533
553
543
537
524
551
547
536
521
554
539
540
523
532
550
552
551
556
553
521
518
561
536
536
510
520
532
556
548
555
543
532
550
543
525
531
542
547
530
528
551
549
544
533
545
546
544
536
537
550
548
538
536
548
557
545
553
560
557
535
558
562
556
537
563
555
543
528
560
543
540
521
530
546
542
518
521
533
537
545
523
523
535
560
552
548
527
533
539
563
550
524
534
559
545
530
526
551
548
541
522
536
552
543
525
538
559
552
543
544
566
562
558
561
570
562
543
548
560
562
560
549
543
552
555
533
541
542
544
536
529
529
537
540
553
539
521
525
549
540
524
520
537
544
523
513
532
532
518
520
530
552
532
513
535
541
533
519
524
535
541
538
535
521
543
532
534
525
542
537
534
529
545
544
531
530
547
542
534
522
526
529
534
529
509
521
541
527
510
527
541
516
511
523
541
534
534
522
521
536
538
546
540
540
531
515
519
530
528
539
520
522
528
539
558
555
533
530
546
553
555
554
526
539
555
549
540
527
550
545
528
520
537
532
518
532
542
532
517
517
526
536
533
538
513
530
532
521
517
509
525
527
519
509
519
518
521
519
514
523
526
522
523
531
535
535
527
535
547
543
544
535
544
546
544
538
537
549
550
546
529
538
562
554
545
545
569
563
561
545
578
563
553
538
571
566
563
560
545
558
580
575
571
543
559
584
576
552
548
582
564
538
540
559
548
536
539
569
564
547
547
578
563
544
563
578
568
561
558
570
572
560
545
562
566
558
546
565
560
542
539
546
563
561
561
549
545
556
558
537
538
563
559
545
545
566
566
552
552
572
563
557
548
568
559
558
548
565
565
554
555
568
565
566
558
567
566
563
551
558
563
560
545
555
556
553
548
542
559
552
549
538
551
562
559
544
550
563
557
543
538
557
550
545
541
543
557
555
549
553
581
572
572
591
589
579
578
588
588
583
565
589
579
579
563
567
579
566
550
570
583
576
552
574
595
582
555
579
604
586
562
564
602
587
585
564
578
587
576
566
567
572
572
558
569
572
578
561
581
580
564
558
578
572
558
555
576
571
566
563
581
577
575
572
582
577
563
566
570
566
552
570
572
564
560
566
568
556
545
548
569
569
560
565
552
572
562
569
550
555
575
565
550
551
571
566
544
562
576
571
545
583
576
556
559
586
579
553
569
584
572
554
581
568
566
554
573
568
556
564
572
571
557
582
574
575
560
587
575
569
562
577
570
559
565
574
575
553
568
568
563
550
569
568
558
546
569
563
550
547
559
571
570
546
556
571
568
545
565
570
560
548
570
569
561
555
575
567
565
563
579
577
563
584
572
570
562
576
568
563
576
580
581
571
572
583
581
582
563
562
568
583
587
559
571
588
579
562
588
573
574
551
586
581
572
560
587
581
563
578
589
591
563
601
590
586
561
591
586
584
565
593
582
578
557
562
586
593
597
575
576
604
596
592
572
598
590
583
563
590
580
587
559
593
589
581
555
570
589
575
539
544
1107
575
566
569
548
588
577
572
549
584
578
556
556
590
575
548
554
577
566
554
550
579
569
548
555
580
576
577
555
587
584
562
566
589
584
573
563
577
570
551
549
567
565
562
547
557
572
572
572
553
578
568
566
552
569
567
561
549
561
562
559
548
563
563
557
544
570
560
543
547
562
555
539
554
559
555
535
549
562
561
542
550
572
563
534
546
560
556
534
534
547
562
557
537
547
572
564
545
562
574
564
538
550
563
563
557
541
562
562
559
543
569
564
569
551
555
581
570
571
553
584
570
562
544
545
568
561
561
556
544
563
556
548
547
564
561
547
566
559
565
553
569
568
553
559
565
560
545
563
555
539
552
554
551
535
561
558
546
544
563
561
537
554
562
555
530
566
558
555
540
565
566
562
545
569
558
552
535
559
548
543
531
536
545
552
558
557
545
572
568
542
548
566
554
533
536
557
551
533
536
561
548
531
542
563
554
521
532
566
561
557
535
543
562
554
554
540
558
555
559
547
544
560
553
540
551
563
560
541
551
574
562
565
537
573
560
563
529
550
559
551
534
532
563
555
533
541
568
560
534
542
571
566
542
560
575
563
543
569
557
552
545
556
560
560
550
549
571
564
542
551
575
564
532
537
548
563
559
556
541
544
564
556
531
566
563
557
541
568
563
538
572
564
562
544
573
563
537
550
562
548
525
538
557
553
540
554
567
563
550
574
564
567
554
570
566
551
547
552
563
561
559
544
559
556
552
537
546
560
553
531
542
554
544
533
529
547
552
546
531
551
550
548
536
546
555
550
533
533
563
560
559
542
568
559
561
540
565
563
551
537
554
559
561
554
565
565
564
562
568
568
553
549
556
557
557
550
548
559
555
555
556
566
570
570
554
571
566
561
550
561
566
570
565
554
572
566
564
551
568
563
563
553
558
564
570
565
549
548
562
564
568
560
550
564
557
539
554
552
535
538
561
556
547
541
563
559
539
543
554
538
528
541
543
539
536
532
524
533
539
538
540
522
536
533
535
517
525
536
530
523
528
547
542
525
534
549
552
536
538
551
543
550
533
520
537
546
523
521
533
554
552
525
537
563
558
531
534
569
555
524
533
564
554
525
542
563
550
528
544
558
538
525
548
553
549
539
552
564
563
548
551
561
562
559
544
542
564
546
529
552
549
531
532
558
548
528
545
567
555
534
567
555
533
542
563
555
531
544
556
544
525
531
536
546
543
529
537
551
546
538
542
560
554
527
550
552
543
525
532
554
549
534
539
558
548
529
539
556
552
528
538
557
548
533
541
557
551
529
532
547
562
558
550
547
563
560
542
566
562
560
550
571
562
542
573
556
550
553
560
563
550
565
565
557
550
563
555
555
549
556
556
562
551
556
562
556
550
565
563
551
549
556
561
561
557
547
560
550
537
533
542
548
547
529
545
555
543
533
562
556
537
558
560
539
540
563
554
538
557
554
547
531
537
544
537
541
521
535
551
527
540
560
553
530
545
550
544
539
529
546
544
521
542
540
523
518
531
545
544
541
523
559
543
527
532
557
545
523
534
550
549
521
535
553
542
520
545
547
531
525
553
546
529
543
554
545
528
551
560
552
530
549
560
549
526
539
553
544
527
532
555
545
528
536
560
550
528
547
556
549
534
560
549
544
533
543
553
546
529
552
551
525
525
540
546
542
539
524
537
531
524
520
523
528
529
517
528
531
529
527
535
536
537
534
543
546
538
532
547
542
534
535
538
542
540
534
528
541
540
524
544
545
532
528
554
548
526
561
550
544
524
560
550
523
535
561
548
522
547
556
530
535
548
556
548
525
543
553
527
524
550
539
520
533
547
539
530
531
553
543
522
543
546
537
533
551
545
536
548
552
544
531
546
543
526
532
542
549
530
532
547
550
545
540
561
558
557
569
563
564
553
569
566
555
541
551
558
568
567
550
567
560
541
548
552
546
535
556
548
529
539
563
561
570
563
549
574
559
526
569
551
540
534
566
553
532
543
559
544
532
561
553
542
540
563
550
526
545
555
544
527
556
549
534
538
556
547
529
536
555
543
524
537
548
539
526
534
540
536
521
545
540
529
517
537
543
550
534
535
542
546
544
536
548
544
522
525
538
541
540
524
530
543
536
542
530
542
547
547
524
532
558
549
547
533
550
566
555
541
567
554
557
541
557
562
562
546
567
568
551
567
566
561
550
567
560
540
556
560
544
562
557
553
551
559
567
566
561
553
560
552
548
538
543
535
523
539
529
520
514
531
542
520
533
564
554
542
583
572
547
584
544
544
581
555
535
564
552
537
558
551
549
537
556
552
533
551
547
540
535
553
551
538
565
564
558
547
571
553
543
561
555
535
542
560
542
530
547
536
518
538
534
533
525
511
525
536
512
516
531
543
511
531
552
546
520
539
558
533
528
558
552
537
546
561
546
533
557
553
539
550
560
555
546
563
563
563
568
564
564
556
571
567
547
570
563
556
564
559
558
547
556
559
561
557
550
566
563
553
572
563
537
563
550
528
542
549
544
524
535
558
546
531
550
575
571
547
588
579
558
584
567
560
541
568
556
528
541
558
550
524
562
555
527
565
556
552
543
568
567
548
578
574
552
555
571
542
539
561
527
536
560
549
531
569
558
538
551
570
562
543
573
555
530
565
551
528
542
555
528
532
544
553
521
542
556
524
535
556
544
523
549
548
533
539
562
556
559
543
564
561
538
554
562
530
537
553
542
526
532
547
540
527
532
549
543
527
544
555
525
537
555
545
519
522
539
538
533
535
533
533
545
545
536
539
545
532
528
541
537
521
541
539
526
543
548
525
532
553
547
521
540
551
536
517
541
532
522
532
537
534
535
541
546
534
547
546
532
539
547
547
535
531
550
543
531
546
545
527
550
551
536
546
554
551
556
546
551
553
538
542
548
546
549
537
550
548
545
552
549
540
541
556
549
537
563
562
561
559
570
562
549
563
557
536
547
556
544
532
553
555
552
558
557
565
574
585
589
608
602
590
571
598
574
531
547
566
557
553
533
557
544
528
531
548
534
521
547
539
522
542
551
553
537
568
554
559
555
567
559
550
568
575
569
573
571
579
577
563
579
567
557
567
566
562
569
574
563
564
566
567
565
571
569
580
552
567
570
569
567
554
566
563
547
563
562
547
568
563
566
558
569
563
563
551
563
562
560
561
557
566
563
552
566
566
555
554
570
567
564
570
571
566
570
578
573
582
582
561
589
579
571
582
575
577
560
588
593
586
575
574
571
566
549
566
568
561
531
533
554
561
546
529
567
543
530
546
561
519
541
555
529
526
545
534
531
547
556
544
549
572
563
540
571
563
540
559
550
535
547
553
522
523
538
557
550
544
536
553
550
530
560
542
526
538
557
530
526
550
539
522
538
550
528
534
560
556
526
547
559
546
529
561
556
531
543
565
556
531
545
556
549
532
566
555
561
542
570
563
553
573
568
548
567
559
545
545
567
560
544
574
567
562
573
568
566
556
578
574
554
583
574
567
553
570
560
552
563
558
542
567
557
562
566
564
572
570
571
573
562
574
566
573
552
571
570
563
554
559
558
547
560
556
544
544
556
558
556
562
564
573
569
575
568
567
560
566
566
563
571
576
575
570
577
576
572
555
577
571
571
555
572
568
548
560
567
557
541
563
545
538
550
556
552
533
547
553
553
544
562
562
543
561
561
559
548
568
563
556
566
564
565
566
569
566
562
568
573
573
574
582
583
565
570
576
569
558
563
558
546
540
551
549
546
543
554
549
530
550
557
537
542
557
553
542
550
553
535
542
552
535
531
555
545
547
545
526
525
538
552
554
546
533
533
555
533
522
532
557
548
521
546
561
552
526
557
550
533
537
550
547
539
528
549
542
529
537
549
535
534
557
540
536
557
549
529
554
545
550
528
554
548
523
554
547
527
530
551
526
519
530
551
524
523
552
535
522
518
537
540
517
535
556
551
522
541
550
539
521
536
529
518
530
549
541
526
552
539
545
525
556
545
522
536
549
538
518
537
538
516
513
523
535
532
514
512
534
529
514
508
514
525
530
523
529
518
537
534
529
524
536
536
525
520
529
526
521
513
535
528
531
526
530
548
538
524
545
536
520
545
534
535
516
544
538
536
522
545
540
540
523
547
543
519
531
552
535
514
530
547
521
515
541
531
507
516
521
533
516
510
541
531
530
515
549
539
523
530
545
534
516
529
531
537
528
527
543
538
522
536
548
540
522
546
546
540
540
537
552
550
535
552
540
533
529
544
543
524
556
538
541
531
550
547
546
527
551
541
538
519
550
544
544
534
554
543
521
556
549
557
536
564
558
561
532
527
547
562
557
555
555
558
551
545
530
549
548
543
538
548
547
534
557
555
551
554
552
550
533
554
547
544
532
556
548
531
542
556
549
528
540
551
541
520
549
536
540
531
548
545
547
548
555
555
550
555
551
540
535
543
539
529
529
531
535
528
542
541
535
543
559
555
546
554
555
543
545
556
541
546
546
541
551
545
551
548
548
544
553
557
543
553
551
554
541
553
551
553
543
562
555
547
532
543
547
542
534
535
553
537
535
557
546
531
547
548
540
539
547
547
536
551
544
534
540
532
529
521
531
538
537
541
530
545
541
530
526
543
534
521
529
540
525
521
533
530
518
520
534
533
535
540
537
536
543
547
546
538
544
545
539
539
539
536
524
528
541
529
513
527
533
508
512
524
532
502
511
517
517
501
509
515
519
508
500
513
517
503
512
510
500
493
503
507
501
498
497
1024
532
532
524
524
546
538
528
521
544
530
527
530
530
521
518
525
527
516
523
516
521
518
504
521
520
501
516
520
499
512
526
505
510
534
512
511
518
514
511
537
507
513
524
503
503
506
506
496
511
507
497
507
529
506
515
494
513
514
523
533
515
541
536
515
534
534
539
520
542
536
515
524
528
506
510
514
527
511
516
538
529
509
542
532
524
537
544
534
541
539
539
541
539
536
546
540
531
546
548
535
547
542
542
538
529
526
538
535
521
544
536
521
544
532
520
542
503
549
534
509
550
533
515
549
543
519
561
553
556
535
566
559
557
561
562
563
567
568
583
590
599
599
598
600
602
592
591
587
591
585
585
590
583
584
592
587
565
581
572
577
579
574
581
583
585
586
587
587
586
595
1113
573
568
557
554
562
557
551
561
563
567
563
560
570
563
563
558
558
556
541
531
550
549
547
559
563
570
558
576
566
553
570
570
566
558
566
561
558
551
559
550
561
552
553
551
562
564
556
569
565
566
537
538
561
562
563
571
563
573
568
562
568
563
548
557
556
551
563
566
565
575
579
593
587
592
593
588
574
586
570
570
571
567
565
567
562
568
565
571
578
589
578
585
583
575
576
566
571
560
558
540
554
542
537
524
547
552
549
543
573
550
582
580
558
564
587
558
560
571
558
550
559
554
542
552
549
547
536
548
548
548
539
549
552
553
550
561
561
553
563
563
562
551
557
548
538
547
551
552
535
552
551
541
549
551
543
543
550
551
546
553
553
556
548
555
548
544
536
543
537
539
529
543
541
530
538
545
541
529
540
544
543
536
548
545
529
544
549
550
539
549
555
552
542
552
551
542
527
541
544
550
544
547
546
547
541
538
542
535
531
528
538
533
518
1598
543
548
537
546
545
537
536
539
529
525
521
535
516
515
502
514
518
521
525
518
534
537
545
524
539
547
553
545
534
541
543
546
537
521
532
544
536
537
532
540
532
531
526
549
533
520
539
531
514
535
535
522
536
538
537
535
542
549
530
542
539
525
531
526
523
528
532
522
531
532
520
534
534
533
527
538
531
528
542
547
538
549
556
550
552
552
552
555
552
557
554
551
531
562
552
528
555
556
570
566
554
565
562
553
557
561
547
523
540
543
505
509
524
533
548
538
522
560
547
521
540
564
559
538
570
558
542
548
552
536
527
532
546
532
523
540
540
526
541
537
535
541
536
533
532
546
547
540
553
555
550
563
552
551
555
552
557
553
557
563
558
560
561
564
561
564
568
569
566
570
564
559
549
555
549
545
547
551
556
553
548
558
558
548
551
550
541
547
551
540
547
557
555
543
558
557
541
555
558
553
546
556
553
536
559
551
549
551
548
557
542
557
553
548
544
547
546
541
546
545
545
541
549
544
550
540
563
559
561
559
566
560
544
553
555
554
534
554
545
545
538
543
551
535
544
553
546
542
555
547
539
560
551
535
549
540
521
513
534
536
528
530
532
510
538
538
521
526
536
528
515
523
531
518
521
535
530
517
533
535
520
536
540
523
532
550
544
531
542
545
546
533
552
553
529
555
538
540
553
539
527
542
535
524
535
533
528
521
536
523
523
540
539
521
542
536
523
528
530
524
520
527
530
525
512
523
532
537
525
549
546
530
547
549
552
526
549
551
543
528
545
538
533
525
542
534
519
540
542
525
547
539
538
537
543
544
541
552
539
523
533
538
534
522
530
540
536
525
547
547
541
545
546
544
546
553
535
550
550
535
547
554
550
540
556
555
546
561
555
558
547
563
561
558
555
562
561
540
554
553
543
540
540
539
540
538
528
524
547
540
541
522
533
554
553
562
564
544
569
558
541
560
559
562
549
566
565
551
562
563
562
563
560
554
553
552
550
545
544
548
548
539
552
547
550
536
558
551
551
543
557
554
537
538
545
544
542
537
543
549
548
540
551
551
546
546
554
557
556
556
562
560
544
561
553
546
551
549
558
558
565
563
561
566
564
562
556
562
557
545
544
549
547
545
542
547
543
545
541
538
525
540
541
546
550
552
557
537
556
558
533
545
553
530
535
560
523
530
546
537
525
530
545
534
526
544
544
535
537
552
545
532
549
544
529
526
536
542
541
539
546
546
551
552
552
554
557
550
554
548
549
544
551
546
545
549
556
547
552
555
547
547
553
540
524
531
539
543
519
517
533
534
527
511
521
540
539
525
545
546
552
537
557
556
546
543
558
557
544
532
553
539
519
521
539
529
529
519
542
543
540
532
552
551
563
546
542
554
554
536
536
545
543
535
533
553
550
536
547
554
549
527
555
541
527
521
541
533
511
530
535
516
512
524
529
515
507
518
526
527
537
505
530
536
510
517
539
530
511
526
546
521
516
523
549
542
515
531
552
538
517
543
539
519
525
549
526
513
521
546
547
550
526
555
540
542
526
535
556
544
521
551
544
525
542
563
557
535
572
558
566
547
565
560
560
542
563
549
538
531
553
545
543
532
539
553
552
559
544
563
560
551
541
559
549
533
554
548
536
521
524
550
546
554
563
544
567
563
569
563
568
567
562
544
558
553
531
539
550
548
534
538
552
549
530
553
547
550
538
552
549
533
533
544
542
523
541
533
521
492
555
545
538
519
522
541
532
533
519
531
524
527
520
527
531
519
520
527
521
518
520
527
528
522
521
534
530
535
528
536
545
529
530
539
527
518
547
544
544
522
541
550
534
523
545
550
534
517
533
530
512
509
528
514
507
512
525
542
508
533
533
516
521
529
517
503
521
511
505
497
505
517
505
488
504
504
491
991
492
483
481
488
480
466
475
481
473
464
468
472
469
458
469
465
461
459
470
458
459
450
466
458
453
452
464
453
443
451
452
457
441
450
450
457
440
447
448
455
453
450
445
458
446
442
451
449
444
442
444
453
445
440
445
449
449
441
449
445
457
443
448
449
453
449
445
458
450
452
449
453
461
449
456
451
456
461
459
453
460
462
461
452
465
459
457
450
459
461
465
458
458
462
473
465
460
471
472
465
462
469
469
479
460
474
478
473
472
478
480
490
486
491
492
494
502
507
503
504
507
507
502
508
509
514
506
517
521
521
519
522
531
519
528
521
518
512
522
521
522
526
533
534
526
543
538
536
533
538
538
530
540
528
536
536
528
533
532
525
523
527
539
531
544
536
557
563
564
576
566
567
577
561
561
578
563
567
573
566
574
569
573
575
560
571
565
558
575
555
570
583
569
569
588
570
571
568
577
557
566
574
559
563
569
559
546
556
562
572
572
573
547
537
544
532
526
537
524
520
528
517
523
517
520
512
506
506
503
496
503
503
502
495
505
498
496
499
499
500
496
500
502
494
501
497
494
499
490
501
490
499
493
486
505
487
489
497
492
502
496
508
495
493
506
487
508
495
507
492
506
502
495
506
502
508
495
500
511
509
507
511
513
531
518
531
517
518
520
519
525
521
521
521
519
526
517
529
522
529
522
536
532
542
539
534
540
534
546
538
548
548
546
539
549
543
546
543
546
543
557
557
548
562
551
553
547
543
541
538
548
540
552
552
555
568
554
576
561
551
573
559
560
573
567
570
574
563
566
563
557
560
557
555
561
557
566
566
561
574
563
572
579
566
574
571
575
581
583
582
591
585
578
561
584
572
570
574
572
572
572
575
576
571
576
572
574
579
563
578
581
554
580
572
561
573
562
562
562
569
559
550
561
559
557
557
565
558
562
561
557
556
549
552
549
563
554
553
554
550
536
532
530
517
1043
514
501
518
504
492
505
495
481
490
490
479
483
481
478
472
478
469
464
470
469
464
456
468
462
451
461
456
448
445
461
449
440
447
454
443
438
446
452
437
439
448
442
437
435
443
449
442
434
441
442
438
433
446
437
433
435
438
440
428
433
435
440
427
429
444
433
429
433
439
431
425
433
438
430
423
424
436
431
430
430
425
438
430
428
428
442
428
431
434
443
439
437
438
442
440
454
438
447
446
458
444
445
452
458
451
449
456
455
466
455
463
463
472
462
467
474
470
464
475
467
464
466
465
466
466
466
471
477
475
473
481
473
480
470
477
476
478
474
485
488
487
491
501
499
504
513
521
510
505
507
515
502
511
506
519
511
519
509
514
513
521
521
516
524
523
522
523
529
529
529
529
525
528
518
521
530
525
536
531
538
539
541
546
544
556
535
547
546
541
555
549
549
550
549
555
538
554
543
543
550
538
546
538
539
541
532
541
543
534
531
542
533
538
549
544
548
544
543
531
524
531
519
517
506
517
510
504
505
499
488
498
486
486
477
489
483
473
470
479
476
466
469
477
475
465
465
477
469
460
473
469
460
462
469
460
457
457
462
458
449
463
457
450
450
449
455
451
454
461
452
458
445
452
462
455
458
459
446
467
462
452
459
465
462
454
473
466
455
462
470
460
465
466
471
467
466
468
478
471
469
477
485
473
468
471
487
472
471
468
472
478
478
482
475
480
486
481
484
480
492
503
484
489
496
485
491
500
499
490
505
494
502
497
504
500
492
507
493
506
507
504
507
503
515
513
502
516
519
522
515
518
526
515
521
521
531
521
534
525
525
532
525
535
527
538
539
530
529
520
524
521
528
528
533
544
554
560
560
561
561
562
557
541
536
534
533
523
524
521
535
521
534
535
529
552
537
543
554
553
557
1099
564
560
579
591
592
596
604