729
795
834
783
780
790
820
855
862
792
761
784
855
919
870
823
876
895
891
874
770
768
800
768
769
841
796
794
823
844
866
846
802
798
846
820
897
947
967
966
940
874
790
744
755
833
813
762
683
703
733
731
830
735
753
802
824
816
715
765
791
833
852
887
893
830
832
835
798
786
803
770
753
774
800
801
777
689
729
689
688
767
683
704
686
808
805
716
691
771
873
902
847
819
834
853
915
910
809
854
845
861
906
806
819
829
808
712
689
755
920
966
955
973
880
836
870
900
932
839
890
968
1006
882
904
989
1017
920
896
981
923
921
962
1012
1002
892
859
867
875
925
955
983
973
896
846
826
778
839
934
869
905
916
797
737
780
854
906
885
823
735
768
834
896
948
989
1007
936
922
976
1014
1003
856
788
760
834
876
808
834
897
938
971
979
913
931
938
966
993
965
889
872
961
1002
1006
986
963
906
901
836
713
688
707
911
975
823
938
1021
888
874
896
803
822
842
875
818
831
820
725
704
706
758
851
871
827
773
691
691
751
838
907
851
848
906
956
973
943
820
850
868
874
786
769
790
825
778
829
915
921
888
867
921
950
960
916
950
976
1003
913
911
945
965
918
884
941
948
848
854
870
910
892
815
881
891
869
813
863
923
983
977
834
843
882
919
870
839
866
881
891
824
821
793
768
695
764
706
762
758
772
735
789
775
802
820
884
873
847
872
915
935
945
846
806
817
802
772
785
781
810
825
772
804
830
836
769
778
831
858
763
764
555
816
659
643
637
641
724
796
882
912
934
942
938
904
796
754
751
813
869
850
882
778
807
849
878
905
901
831
841
836
861
864
872
910
937
904
825
753
706
679
703
689
702
709
705
699
671
671
665
645
641
633
652
647
679
735
779
781
799
802
762
736
765
843
858
889
893
876
863
840
758
719
734
757
889
924
988
977
950
908
844
746
720
683
738
697
719
756
887
806
910
881
780
712
733
729
835
928
956
966
972
962
867
852
763
749
737
746
826
899
916
799
814
828
859
895
916
920
917
838
871
914
971
901
967
979
856
883
894
875
797
758
723
758
772
811
841
813
776
702
694
737
802
937
917
963
971
908
861
899
922
819
864
965
1039
1070
907
900
980
1021
904
963
973
915
865
952
1004
982
870
912
819
836
864
869
869
857
768
799
813
838
861
872
873
877
767
771
775
815
755
806
803
835
862
878
902
896
889
861
838
766
705
717
695
743
825
851
888
888
898
825
792
774
696
690
632
682
709
767
814
766
813
832
824
824
828
821
730
697
678
723
791
751
721
756
851
795
840
837
827
751
732
764
845
879
838
828
881
914
932
938
837
865
905
979
937
966
966
969
880
936
983
937
917
994
1036
925
1013
1034
917
947
1009
1042
997
942
972
988
939
802
765
707
714
856
955
839
886
941
974
974
861
812
822
835
816
772
740
670
692
725
766
828
872
846
858
867
914
933
944
942
924
833
750
775
850
903
952
880
875
898
897
882
875
854
848
828
739
699
702
691
738
836
867
917
944
969
972
954
932
892
869
792
816
846
802
766
735
775
842
884
887
842
772
710
674
661
658
719
793
803
907
986
912
911
951
932
899
965
983
977
852
888
905
847
900
888
833
888
915
934
934
912
888
762
743
705
698
678
706
660
675
744
777
792
801
877
789
771
751
752
767
727
708
709
768
824
851
728
660
669
662
731
879
849
868
901
907
911
910
909
897
894
817
772
716
744
760
806
765
787
753
775
762
754
756
793
821
844
831
811
751
705
712
756
741
802
797
788
776
723
701
702
680
653
639
632
633
637
639
638
688
721
797
851
852
848
813
812
834
782
758
737
778
819
802
830
893
800
773
740
696
690
732
677
677
722
729
681
729
756
761
730
731
736
697
754
772
778
793
845
832
806
844
814
756
707
739
731
764
755
768
772
739
741
747
760
746
738
747
743
762
726
697
731
688
781
751
740
760
750
688
675
659
664
719
775
798
783
783
770
710
710
691
646
635
620
614
610
589
577
583
574
572
567
556
549
545
535
532
527
523
516
525
543
565
643
654
692
621
622
694
711
633
617
635
635
624
610
683
682
672
679
675
664
662
639
623
619
614
610
605
596
587
586
589
588
597
607
621
608
612
623
636
641
623
618
612
606
612
616
611
611
610
604
601
606
605
616
591
592
591
624
642
596
604
599
601
620
623
621
611
609
601
594
588
585
579
586
624
704
726
722
734
746
811
771
754
795
748
723
713
736
763
765
767
767
698
675
680
761
696
670
665
716
738
787
782
767
728
757
718
734
728
683
763
781
821
851
843
789
804
817
819
855
833
807
854
883
832
857
817
768
753
749
766
783
778
721
693
691
717
701
700
680
681
719
730
711
704
751
782
753
764
730
723
721
726
766
703
676
704
730
706
710
720
681
720
726
766
780
804
816
847
865
884
874
820
766
779
815
815
807
801
807
849
878
805
759
695
698
726
786
781
780
752
693
703
763
817
826
782
790
804
824
793
758
756
764
786
800
802
802
800
764
726
740
804
896
929
845
820
828
786
780
786
811
840
811
810
814
790
753
739
722
755
811
837
843
843
798
786
793
800
799
778
748
755
779
764
768
765
769
775
767
768
758
726
727
747
774
781
805
845
853
836
781
776
771
753
733
762
764
694
781
770
783
738
734
731
723
665
677
663
646
659
697
698
688
691
735
755
735
722
756
788
800
804
792
749
715
773
775
810
843
879
896
899
893
878
770
732
744
813
890
849
839
831
833
837
803
763
709
739
786
828
849
833
784
767
810
850
802
790
809
836
847
826
772
751
793
855
882
858
858
866
803
805
818
770
754
745
735
697
675
680
725
750
742
744
774
793
778
771
778
713
708
733
779
832
865
878
909
889
877
855
761
706
695
794
873
848
750
681
653
646
649
646
684
719
770
814
865
810
787
801
825
832
812
775
698
692
688
799
880
894
932
846
805
813
830
837
869
896
893
857
822
799
833
882
911
920
862
862
885
903
903
897
897
897
887
876
859
802
797
841
860
834
863
867
886
869
873
859
856
865
819
851
831
796
776
779
781
761
743
738
744
748
771
771
781
796
777
780
789
761
756
754
719
702
697
683
681
743
795
829
808
803
812
816
818
812
771
747
768
806
838
806
770
781
788
759
733
730
735
723
715
759
784
802
811
845
872
897
903
905
905
918
923
863
877
877
854
876
885
828
790
770
758
777
784
765
763
790
812
816
750
746
761
808
820
818
850
872
872
883
889
872
876
891
899
831
804
837
850
869
865
812
794
783
774
713
712
719
723
704
722
770
799
800
739
721
679
678
718
715
742
742
680
665
651
643
637
677
707
769
759
799
849
873
862
786
768
784
778
758
820
869
903
873
899
916
825
805
852
906
942
908
934
919
870
851
774
766
759
703
693
717
719
738
761
700
750
728
653
644
648
665
728
751
702
650
662
699
704
711
644
661
701
648
654
648
634
637
637
642
646
652
691
698
683
639
646
639
640
646
650
629
616
606
606
629
657
610
610
604
622
636
636
622
609
608
616
636
640
640
670
640
657
655
642
646
627
607
604
598
616
651
652
675
630
622
610
605
611
605
604
596
595
606
645
614
605
606
607
605
584
588
576
584
563
571
560
563
545
545
537
544
530
528
523
521
521
510
516
507
504
510
497
496
504
489
495
500
482
485
492
481
481
490
481
477
480
484
473
468
477
479
466
469
476
473
465
465
470
470
455
464
467
469
460
454
461
469
454
451
457
460
461
445
445
458
458
451
441
442
454
455
452
438
438
445
444
444
437
435
443
442
451
438
434
433
434
443
445
438
427
429
437
437
449
438
430
429
427
439
438
438
429
424
432
430
438
435
427
423
422
424
422
433
431
429
423
418
419
417
428
425
431
422
417
412
411
419
413
424
422
421
419
419
411
406
410
410
414
410
419
415
418
413
409
406
406
407
405
412
404
418
410
415
414
413
408
407
409
402
405
403
409
405
412
411
412
410
412
405
404
400
401
406
400
405
402
411
404
407
405
409
405
405
402
398
399
396
397
394
397
397
399
398
401
399
400
400
403
401
405
400
401
398
396
397
396
397
396
396
399
398
397
400
398
402
401
403
400
403
401
403
399
400
397
399
396
396
396
396
396
396
396
396
397
397
397
396
399
398
397
396
398
397
398
395
396
393
394
394
392
391
390
389
389
390
389
389
388
389
388
390
389
392
392
394
392
395
394
396
392
392
390
391
391
392
393
390
390
391
392
393
393
393
394
394
396
394
395
394
396
393
396
395
397
392
395
391
391
389
390
388
390
390
389
389
389
388
386
387
387
389
776
386
391
391
390
390
392
392
392
391
394
389
390
390
393
390
395
389
391
388
391
389
390
389
387
387
390
388
386
388
386
391
388
389
390
391
389
391
388
391
388
390
387
393
386
387
386
389
388
390
385
386
385
384
385
385
385
387
386
383
384
385
386
385
385
385
388
384
386
385
386
385
386
385
386
386
384
386
386
384
387
384
387
387
387
385
386
384
386
384
387
383
387
385
386
384
389
382
386
385
387
386
389
384
389
385
387
385
389
385
387
385
385
384
387
386
382
383
382
384
386
380
383
382
382
384
381
382
383
382
384
383
383
384
385
386
383
388
386
387
387
386
388
386
387
388
384
388
386
388
386
389
387
389
386
390
384
387
385
385
384
387
382
384
383
382
382
384
385
384
384
382
383
386
381
383
382
382
382
379
383
381
384
380
387
385
387
386
388
385
390
386
388
385
387
387
389
385
385
385
385
385
387
383
385
385
382
384
386
382
383
382
381
384
383
381
382
382
382
381
380
381
380
379
378
379
383
380
382
379
381
380
383
380
381
380
381
381
380
379
381
380
383
379
380
380
381
379
379
379
378
379
379
376
378
376
377
377
377
378
376
377
375
376
376
374
375
377
375
376
374
372
373
376
376
375
374
376
374
374
375
376
374
376
374
376
377
372
377
377
376
377
374
375
374
376
379
374
374
377
375
377
374
378
375
376
377
374
378
376
376
375
379
374
375
376
376
376
376
376
375
375
374
373
376
371
373
375
372
373
373
374
370
371
372
371
369
371
372
370
369
370
369
370
370
369
369
370
371
370
371
370
370
369
373
369
371
369
371
371
373
370
372
372
372
370
372
372
371
373
371
369
370
369
370
370
371
368
371
369
368
368
366
368
368
370
368
369
371
369
372
369
371
372
372
372
372
371
372
373
372
373
372
371
372
372
373
373
370
372
370
370
376
372
371
373
370
371
374
369
370
372
367
370
371
368
370
370
368
369
369
367
371
369
371
367
369
370
368
371
370
370
371
373
373
376
374
376
376
377
380
382
383
383
382
382
381
385
385
387
388
388
387
389
389
392
392
390
391
392
392
394
395
394
393
394
395
396
397
395
397
400
403
406
405
405
407
408
409
411
413
414
418
416
414
416
421
424
426
424
422
421
425
430
437
440
443
446
451
451
446
442
440
443
445
448
442
439
440
444
449
447
457
474
491
493
479
471
473
476
477
475
466
461
457
462
469
461
460
469
484
493
482
476
483
497
502
490
491
499
514
526
524
521
500
494
499
506
495
492
504
524
547
557
547
522
505
502
510
520
513
496
486
487
499
512
526
522
508
515
527
536
527
517
521
529
526
516
516
527
542
531
517
512
525
542
541
523
522
541
562
551
538
546
558
559
542
537
543
545
528
510
499
499
510
524
539
550
544
535
541
548
536
529
538
535
521
516
521
529
537
523
517
526
536
540
530
521
523
516
515
518
511
502
500
504
503
497
490
485
492
508
517
511
515
545
680
580
576
571
568
556
539
538
545
547
533
527
531
535
530
532
546
545
537
526
533
550
565
552
545
554
568
558
546
550
558
559
545
534
537
551
560
555
542
538
544
549
539
530
532
544
549
543
536
536
536
529
531
538
555
558
550
542
531
527
538
551
558
544
532
531
531
527
521
532
541
545
538
543
559
562
549
539
548
552
551
541
524
519
527
532
543
547
537
535
534
529
534
555
579
581
564
560
572
573
564
551
549
552
560
565
562
563
568
568
570
562
555
540
539
534
525
518
523
536
551
556
539
530
531
540
541
530
521
522
522
521
519
524
548
573
575
564
558
564
557
542
541
542
531
521
524
519
512
511
501
497
504
501
495
499
487
487
494
488
482
491
487
482
492
481
476
484
481
475
483
479
477
477
482
477
472
474
480
475
471
479
471
468
472
473
468
462
465
471
459
457
464
459
454
453
454
458
450
444
447
450
453
449
448
449
454
457
450
446
454
461
461
459
456
463
462
458
457
461
460
451
443
451
450
450
442
437
443
446
445
439
436
436
439
443
440
436
436
438
444
441
439
438
440
448
448
442
439
438
447
447
446
439
438
446
446
444
438
438
443
444
442
438
437
889
443
438
434
438
441
445
437
436
432
434
438
438
433
429
427
430
432
434
427
423
424
418
425
423
426
425
424
419
418
418
419
423
424
426
422
422
420
416
417
418
423
423
422
417
418
415
414
420
420
422
419
416
412
410
414
415
422
413
417
414
414
418
419
423
422
422
422
416
417
416
421
422
426
426
424
423
418
418
418
421
423
426
419
419
417
414
410
409
411
414
413
411
414
409
408
406
400
402
401
402
401
406
405
407
402
408
403
405
400
396
401
401
401
402
406
402
408
407
409
408
411
407
407
406
405
403
401
406
404
403
407
407
407
407
407
410
405
407
405
402
402
403
403
400
403
400
403
404
404
407
407
403
404
401
401
397
400
398
396
400
396
399
396
398
396
400
397
400
396
399
398
400
396
399
396
397
396
393
389
394
391
391
390
392
392
390
395
393
396
395
398
400
403
400
403
401
402
399
398
401
400
401
398
404
403
404
404
405
405
407
402
403
402
402
400
399
403
402
404
401
403
401
403
398
396
396
396
397
392
395
396
396
395
399
399
397
397
400
396
399
396
393
392
390
394
395
397
396
402
402
402
401
403
401
401
398
402
397
396
398
396
397
396
396
396
400
399
402
397
400
399
403
401
400
399
399
396
397
398
397
398
397
398
396
401
399
402
399
399
399
400
396
396
396
396
395
396
398
399
399
401
405
405
405
404
406
407
409
409
409
409
410
409
415
420
423
425
424
425
425
428
431
427
427
429
432
435
433
436
438
442
445
444
441
439
447
450
453
450
449
455
458
459
455
459
461
464
459
456
461
465
467
465
468
472
477
469
464
461
465
468
477
472
470
471
465
469
471
470
463
459
460
467
467
463
461
465
477
482
478
474
480
490
501
502
493
483
490
497
500
492
484
483
491
490
485
476
481
489
493
490
485
491
499
511
504
500
497
506
510
517
513
504
491
482
476
482
487
496
508
518
521
508
499
498
491
488
483
485
486
493
495
488
479
476
481
485
485
479
475
474
482
492
492
485
481
482
490
490
487
479
479
486
494
499
495
489
483
483
480
478
481
489
492
506
511
514
506
499
492
494
492
491
480
485
493
498
500
493
488
487
497
498
504
499
498
501
505
504
498
495
501
506
509
507
513
514
514
505
502
505
509
508
505
497
491
486
482
476
474
472
475
482
487
492
492
486
482
484
486
494
497
495
488
489
493
500
499
494
489
487
494
495
498
493
493
492
500
510
518
514
511
514
522
523
522
516
509
508
514
510
505
500
493
495
504
510
510
504
499
502
507
511
508
502
492
487
483
491
493
497
497
492
489
492
496
492
496
506
501
496
486
483
479
478
481
480
489
486
482
479
476
477
479
482
481
479
480
488
493
500
496
497
498
506
508
506
500
497
500
509
515
514
513
520
527
533
526
520
525
532
535
536
524
517
511
516
517
516
506
501
502
509
509
505
500
508
515
529
537
535
526
518
512
510
506
500
490
489
493
496
498
491
489
491
491
491
490
484
490
498
498
497
502
504
503
497
502
502
508
509
511
508
500
499
500
495
490
486
490
494
492
492
492
499
501
504
501
507
511
516
511
509
504
510
510
507
504
502
503
509
506
502
497
496
497
500
499
495
491
495
494
495
492
490
482
480
474
474
475
473
473
471
473
478
482
479
477
477
478
481
486
488
487
484
483
488
495
500
501
498
494
490
491
495
500
497
497
493
496
493
491
487
486
488
493
493
492
486
493
494
494
492
493
491
498
496
501
504
506
503
499
505
503
500
494
486
486
484
484
485
490
493
493
491
484
485
484
488
490
494
492
488
483
484
487
492
493
492
488
487
488
492
494
498
497
493
488
487
488
490
494
493
486
484
479
477
475
474
472
470
466
464
467
473
479
487
487
485
483
483
485
488
485
485
480
482
485
484
481
480
483
486
484
482
482
484
481
480
480
483
481
482
480
483
485
486
486
487
486
484
484
480
480
484
482
482
482
478
479
477
473
470
468
468
472
474
471
469
468
467
467
468
466
466
461
460
459
459
457
456
456
457
458
458
458
460
463
463
461
460
460
459
460
464
465
464
463
462
464
465
465
465
463
463
463
462
457
456
460
465
460
455
462
462
464
454
459
464
462
456
454
457
459
452
452
455
455
453
448
447
453
451
446
440
444
446
448
441
438
440
441
442
439
435
434
438
440
442
437
436
436
438
446
441
441
438
438
441
443
445
438
438
434
435
439
438
438
430
430
429
432
435
435
432
428
428
426
427
434
429
424
421
420
421
421
430
426
425
418
419
420
422
425
423
418
416
413
415
414
419
418
425
417
416
415
412
415
416
419
418
419
414
412
411
411
412
415
419
416
417
415
412
410
412
412
412
414
419
420
418
419
414
414
413
411
417
419
420
421
416
412
413
416
415
418
413
413
411
408
415
415
416
415
414
412
408
408
408
416
415
414
412
413
409
408
409
409
412
411
415
407
408
407
403
404
406
410
408
410
407
404
400
398
399
397
402
402
404
404
408
402
406
399
398
396
396
397
394
396
395
397
400
401
400
404
400
399
395
398
396
394
396
394
398
396
401
400
402
400
401
398
397
396
396
396
393
397
395
400
398
399
397
400
394
392
391
389
388
389
386
386
388
385
388
385
390
391
389
385
389
388
391
387
389
385
389
387
386
384
384
385
383
383
382
385
382
386
383
387
385
386
385
387
385
388
386
388
384
389
383
387
385
389
384
386
384
387
382
383
383
380
383
383
383
383
381
380
382
379
380
380
380
379
380
377
378
377
378
379
378
378
376
377
376
376
376
374
376
377
379
379
384
381
383
383
386
383
389
383
388
383
387
387
389
387
387
386
388
384
387
383
384
381
382
381
383
382
382
380
381
378
380
380
379
381
378
380
378
380
378
383
380
382
383
383
383
386
383
386
384
389
386
388
385
385
386
385
386
382
383
385
381
380
382
380
379
377
378
376
380
374
376
374
377
375
373
373
373
371
376
376
374
747
748
757
376
379
374
375
373
371
374
373
372
371
372
371
374
374
378
375
374
376
375
378
375
376
377
372
375
373
377
374
375
374
376
372
375
373
375
370
373
370
373
368
372
369
370
398
344
368
371
370
371
368
370
369
368
369
368
368
368
367
367
367
363
365
364
366
363
365
364
364
364
362
364
365
367
366
367
365
366
366
365
365
363
366
365
366
365
365
363
366
364
363
367
361
362
364
361
364
363
361
365
363
364
362
364
363
362
362
365
363
366
363
368
361
364
364
365
364
366
362
366
363
369
363
368
365
366
363
368
366
366
366
366
362
367
366
366
363
365
362
364
365
365
363
363
361
365
363
364
361
361
360
364
359
361
360
360
359
362
360
360
359
359
358
360
357
359
356
359
358
356
360
357
357
357
358
357
358
357
357
358
359
357
360
357
359
355
358
359
358
356
356
354
357
355
357
354
357
353
352
354
354
352
354
355
354
354
353
355
354
354
352
357
351
354
354
352
351
354
351
353
351
351
352
352
353
352
353
354
354
354
353
354
354
354
355
351
354
354
355
353
354
353
354
354
354
354
353
354
351
353
353
352
354
350
352
351
351
353
351
354
350
350
351
349
347
353
349
352
345
350
350
350
347
349
346
348
347
347
344
344
347
346
349
346
345
345
348
344
348
345
346
345
345
343
346
344
343
343
345
345
345
346
341
346
342
347
343
345
345
344
343
346
344
339
345
341
345
343
346
343
345
343
345
344
342
342
345
345
346
343
346
339
344
346
340
349
339
345
342
344
342
346
338
345
343
344
343
343
339
343
343
340
343
343
344
342
343
341
343
343
341
339
343
342
343
343
340
337
343
341
342
341
342
342
342
343
340
344
340
340
338
341
339
341
339
339
339
340
338
341
340
341
340
339
343
339
341
338
338
335
338
338
338
338
339
337
337
340
339
340
339
339
335
340
340
339
337
339
337
340
337
334
338
336
340
341
339
339
343
339
341
339
343
338
342
337
339
340
341
337
340
339
341
339
339
341
339
342
337
342
336
337
672
336
338
339
339
335
337
342
339
340
338
341
336
338
337
340
340
341
338
336
335
339
339
338
340
338
338
339
343
336
336
337
338
338
337
335
338
337
337
337
335
336
336
339
337
339
331
334
336
338
334
337
334
338
332
336
335
333
337
333
336
335
338
334
333
330
335
334
335
334
335
331
332
335
334
336
333
333
332
337
332
333
331
332
329
334
334
333
334
332
335
334
335
332
331
329
331
334
329
334
332
332
332
333
334
334
332
331
330
334
331
331
328
332
331
333
331
331
333
331
335
329
335
327
331
330
332
329
332
327
329
330
327
331
330
333
333
334
330
331
330
333
332
331
330
332
331
331
329
333
332
331
334
331
331
327
332
330
330
327
332
329
332
328
329
332
333
335
329
329
327
333
330
328
330
330
330
328
327
328
332
330
330
326
328
328
331
329
330
329
328
329
330
334
330
331
329
331
325
329
329
331
330
328
328
330
329
331
332
326
332
331
329
330
332
324
331
328
330
325
328
328
329
329
324
329
327
330
327
329
322
330
327
326
324
327
329
326
325
325
330
326
330
323
326
326
328
327
326
324
326
327
326
325
327
329
321
325
325
326
327
326
325
325
325
330
325
324
327
326
327
323
322
323
325
326
325
328
323
326
326
325
325
324
324
324
323
326
327
326
325
323
327
323
322
320
324
324
326
323
324
328
324
326
321
326
324
324
320
325
327
324
325
325
323
321
325
321
323
320
323
325
323
324
321
328
322
322
317
320
321
323
319
323
323
323
326
323
326
326
325
317
324
321
324
326
321
323
326
326
325
324
321
327
323
323
323
322
320
324
325
323
324
323
326
322
323
317
321
322
322
322
320
323
324
325
320
318
320
322
321
323
323
322
321
322
323
320
320
320
322
319
321
322
323
326
323
319
319
321
322
324
323
321
322
322
324
322
322
317
320
322
322
323
319
323
323
323
317
321
318
323
320
314
323
319
324
316
317
316
320
317
320
319
317
322
318
321
316
314
313
318
320
318
319
317
315
319
318
316
315
318
319
318
318
320
313
318
315
318
320
313
317
318
319
316
316
314
315
317
318
317
318
318
312
315
316
317
318
313
319
318
318
315
314
313
318
319
315
317
317
319
316
315
313
317
315
319
316
314
320
316
315
313
315
314
314
313
318
313
317
319
320
316
314
318
315
314
313
316
318
315
320
318
320
313
318
316
316
317
315
317
317
320
318
316
316
319
316
315
313
318
318
318
317
316
319
314
315
313
316
317
316
634
318
317
316
313
314
314
316
319
316
315
317
320
313
313
313
315
315
315
315
317
319
313
316
315
314
315
313
314
318
318
314
316
315
315
313
313
627
314
317
315
314
318
314
313
311
313
315
315
317
313
313
314
315
313
313
309
314
315
317
317
311
311
312
313
315
310
314
316
315
310
313
309
312
314
312
311
314
316
312
313
310
313
312
313
312
311
315
313
312
311
314
309
310
310
310
313
314
313
311
314
312
311
309
313
314
312
312
314
316
309
310
311
312
316
309
311
316
315
312
310
310
312
313
311
310
312
315
311
307
308
313
311
306
306
311
312
313
312
312
311
313
313
311
310
313
313
316
313
314
313
314
314
314
314
316
316
314
313
314
316
317
316
317
315
318
318
317
317
319
319
319
317
316
317
319
321
322
319
320
322
322
320
321
324
324
322
322
321
324
322
322
323
326
323
321
326
327
326
328
328
325
327
324
327
327
328
329
328
329
327
331
330
329
330
330
333
334
334
332
331
334
333
332
331
332
335
337
334
336
336
336
336
332
338
337
336
336
336
338
337
337
335
338
340
339
335
340
341
341
339
340
343
343
343
340
344
344
342
347
346
345
347
347
349
349
345
349
348
349
348
351
347
350
348
350
349
349
349
347
350
350
354
351
352
354
353
350
354
351
351
353
353
354
356
355
354
355
358
355
354
359
355
355
359
354
360
359
359
359
361
361
361
363
363
365
361
366
366
364
365
367
364
364
367
367
364
368
368
367
370
369
373
368
373
374
370
374
374
371
375
373
372
375
375
376
375
376
379
381
381
385
384
383
381
381
379
377
379
378
380
378
382
380
382
383
386
386
383
386
384
387
384
386
386
385
382
382
386
384
386
385
382
385
386
388
385
385
388
389
387
390
389
388
391
391
392
391
393
391
394
394
396
395
396
399
398
398
396
396
397
397
396
396
398
395
398
395
396
397
396
399
399
401
398
399
406
404
406
406
405
406
404
405
401
401
404
404
406
406
406
403
406
407
405
406
410
409
408
409
410
411
412
409
413
413
410
410
408
409
411
410
411
408
412
414
412
414
417
421
417
423
425
425
424
427
427
429
425
427
422
424
427
423
426
426
428
427
428
431
430
432
434
436
433
430
435
438
438
441
442
446
447
452
457
455
446
454
455
459
457
450
453
456
456
445
450
447
445
446
444
440
442
438
441
442
436
443
440
440
439
440
444
437
441
442
438
443
443
445
438
444
446
446
445
442
444
439
438
442
440
440
436
444
443
444
447
447
453
445
455
454
454
454
453
454
453
447
449
449
448
444
448
450
446
444
451
449
450
448
445
447
444
448
447
443
441
441
444
443
442
439
439
444
442
442
439
439
441
442
444
440
441
445
449
447
443
444
440
445
446
445
448
443
445
447
451
452
449
456
455
457
452
460
461
456
460
455
457
451
455
456
450
455
456
452
449
454
459
459
461
460
462
463
464
464
465
468
468
469
463
465
461
462
462
459
460
463
461
459
461
458
463
465
458
464
465
462
461
461
459
460
459
457
462
455
458
456
453
458
459
461
460
457
451
456
459
456
460
459
456
453
453
456
458
463
456
462
461
465
460
466
467
464
467
465
468
463
461
463
465
466
463
467
468
468
465
471
469
469
479
478
481
479
477
474
478
474
478
479
476
473
465
475
474
477
477
474
477
480
480
479
478
475
476
469
470
468
473
467
472
475
474
473
472
475
474
470
477
476
477
471
477
477
472
473
475
473
472
473
474
478
470
477
476
479
472
477
477
473
475
473
478
472
471
471
476
477
478
482
479
483
483
482
481
488
488
490
488
486
488
489
486
486
489
485
482
480
487
487
484
486
487
490
489
493
494
490
488
492
487
488
488
489
484
487
491
490
490
490
492
480
487
488
495
492
488
484
484
485
484
483
482
485
479
482
484
484
480
476
486
482
485
483
479
479
483
485
482
485
481
480
473
477
477
476
471
478
476
479
480
479
479
479
483
479
482
483
489
490
490
486
487
492
490
490
489
491
482
488
486
483
485
486
484
486
489
485
485
485
486
479
485
484
479
488
484
487
483
488
489
485
479
482
485
487
484
481
477
469
480
476
479
476
478
477
482
483
481
485
480
480
478
483
482
481
476
483
484
483
479
478
481
482
480
475
478
482
485
486
484
483
480
489
487
488
481
479
475
477
482
479
480
476
481
481
479
479
484
484
487
484
489
490
486
485
483
483
480
479
475
469
469
476
474
471
470
465
472
466
469
467
471
468
468
470
468
470
470
466
465
471
473
470
473
471
470
468
469
466
468
471
471
473
469
473
474
472
471
462
468
474
477
475
474
472
477
478
476
476
480
482
479
480
479
482
473
480
479
478
477
479
481
475
482
480
483
477
483
482
479
483
486
485
482
488
485
485
478
484
482
480
478
480
475
477
479
479
480
474
480
481
480
475
484
484
483
482
485
488
479
487
487
485
484
490
485
487
492
489
485
484
493
489
490
486
490
489
482
482
475
485
484
489
486
489
486
493
490
497
494
490
493
498
496
494
490
489
489
482
486
479
481
473
478
479
483
485
480
484
481
485
478
483
482
480
479
483
483
477
476
473
478
477
476
476
479
475
478
483
482
487
477
484
483
480
477
482
478
482
485
480
480
479
484
474
482
481
484
480
483
489
486
487
479
487
487
484
482
486
478
486
484
484
482
481
486
484
481
482
487
484
485
484
485
482
487
487
484
486
487
488
486
485
483
486
483
484
485
484
482
479
486
482
492
488
492
492
486
484
488
483
487
486
486
482
483
488
487
484
481
486
485
482
484
489
490
486
494
494
497
489
498
496
496
488
493
492
484
493
494
487
492
493
490
492
491
494
486
491
488
486
486
490
491
486
484
482
486
486
483
481
486
485
483
488
489
494
493
493
486
491
487
493
484
490
491
486
489
487
492
485
489
487
489
481
487
493
492
493
488
497
494
499
505
513
508
508
503
505
496
498
491
485
479
479
478
474
475
472
479
472
480
484
485
483
485
486
480
484
479
481
474
480
480
480
481
482
485
478
485
481
484
479
482
480
485
483
487
489
487
488
486
490
487
486
485
489
487
484
489
486
489
481
487
485
483
483
489
489
483
488
485
486
482
482
478
481
479
486
486
484
486
485
487
486
484
480
484
482
479
479
473
477
474
478
478
480
479
480
476
479
479
480
479
475
483
481
486
480
485
482
485
479
488
487
483
485
485
488
482
486
484
486
480
488
488
489
489
490
492
489
489
488
491
488
484
479
479
483
485
486
483
486
480
484
484
482
479
485
484
487
487
484
492
485
488
484
484
477
479
482
482
479
478
481
481
478
476
478
475
480
483
479
484
481
486
479
484
479
481
476
483
484
485
483
485
489
487
488
488
491
488
496
494
498
496
501
504
501
503
500
504
494
499
496
497
488
492
490
493
486
494
494
496
494
498
502
497
498
495
496
491
494
490
490
485
491
486
487
490
490
488
488
488
487
487
485
487
479
481
484
483
486
477
485
483
485
479
486
486
489
483
489
492
477
487
485
489
486
486
479
486
485
484
487
487
488
488
494
496
493
496
500
506
505
502
502
504
503
503
492
497
494
495
488
488
491
483
483
480
470
479
483
486
489
489
491
491
493
490
489
486
481
483
489
488
493
493
492
488
493
484
491
495
492
491
496
498
493
502
501
503
505
497
500
494
503
499
499
501
500
491
492
491
486
486
488
482
483
491
492
492
499
496
497
502
507
509
504
511
513
511
509
516
521
516
527
543
557
561
557
568
568
563
563
569
570
563
563
570
574
570
570
591
604
591
590
604
599
580
594
592
588
576
573
576
577
568
581
600
616
608
609
626
620
599
592
594
587
573
572
577
583
587
585
608
617
614
607
621
623
611
593
600
593
576
584
583
586
582
596
615
624
610
614
614
608
595
589
587
583
573
575
583
589
581
580
593
598
596
586
586
589
586
583
574
582
586
591
592
601
615
619
607
603
612
608
601
583
587
581
576
567
576
584
587
582
582
595
597
592
584
581
581
577
572
563
566
565
568
565
585
600
604
593
604
609
603
591
590
591
588
584
572
577
580
580
582
577
594
596
599
586
600
596
594
583
590
586
580
572
571
571
573
568
580
587
590
581
596
594
582
579
578
571
570
568
564
563
572
587
597
591
612
619
617
604
608
607
602
589
595
593
590
579
587
593
597
585
596
603
599
589
584
587
587
581
573
580
584
587
584
594
604
606
595
596
601
599
586
592
591
590
578
574
580
586
589
579
588
598
601
591
599
600
598
588
594
592
589
578
587
588
590
585
600
601
598
591
599
596
579
575
574
573
563
569
566
567
565
565
564
573
575
572
580
580
570
577
586
592
585
587
588
585
566
564
579
583
582
578
568
570
567
569
569
569
567
563
556
558
542
556
578
586
588
583
585
564
570
570
561
551
558
560
560
563
557
566
579
582
589
595
596
597
591
597
595
592
587
580
575
580
595
608
609
591
574
566
564
562
567
575
578
580
581
580
564
571
568
566
563
563
561
559
556
556
562
572
585
589
585
591
606
627
648
639
621
598
593
590
587
589
588
583
570
576
582
593
605
606
598
615
615
614
607
591
596
597
602
606
609
605
601
595
604
610
616
624
638
651
649
634
640
635
625
609
593
591
587
593
599
593
588
573
577
575
573
575
571
569
564
566
574
588
595
594
619
632
643
641
628
612
619
617
618
610
604
597
587
589
587
586
585
584
578
587
584
587
595
598
600
594
589
580
581
575
566
592
571
576
579
578
577
567
565
559
552
550
546
558
578
615
644
626
603
622
623
613
606
606
598
592
583
581
577
569
561
556
553
542
553
566
579
586
587
584
586
581
575
569
566
566
568
581
606
641
659
661
640
625
604
606
598
588
595
594
587
582
576
580
579
586
604
606
617
629
636
626
616
628
628
625
620
616
617
629
637
647
636
634
648
644
635
625
645
633
622
615
622
616
606
600
609
605
599
597
613
622
612
606
604
606
603
595
588
595
599
595
604
611
625
626
623
615
617
604
597
589
593
596
597
602
617
625
613
610
617
616
610
603
597
601
603
597
597
607
608
604
598
602
607
599
596
599
590
584
582
576
569
566
570
584
607
618
616
630
631
628
631
633
631
625
622
625
622
626
621
614
611
624
626
628
625
643
642
635
627
637
634
631
621
615
621
622
616
613
611
616
615
604
605
599
592
596
603
611
609
609
614
620
612
612
606
618
623
619
618
632
641
639
623
613
616
608
600
600
609
617
618
612
610
624
619
618
616
623
614
607
604
606
601
601
604
623
645
634
639
649
651
633
628
629
621
609
604
602
609
614
609
613
627
642
642
628
624
636
633
616
609
608
604
595
593
597
609
604
611
624
637
626
619
616
622
612
604
593
594
586
587
591
603
606
615
622
636
628
619
614
618
610
606
604
605
602
602
600
607
606
604
597
590
578
576
574
579
590
600
609
610
610
604
599
602
604
613
609
602
594
596
596
587
593
596
592
584
583
566
566
557
555
550
546
537
530
535
531
533
543
550
552
553
544
554
556
566
575
577
575
571
563
1093
536
536
524
519
526
521
525
526
534
551
579
609
647
644
628
616
608
604
606
589
594
593
591
589
574
570
572
567
562
564
552
549
558
570
569
571
572
562
555
561
549
552
558
566
577
581
581
582
563
561
561
563
565
565
563
563
561
557
552
537
531
528
525
1054
526
521
525
526
522
527
532
537
543
550
559
567
574
577
582
581
583
577
573
564
561
557
558
561
567
571
565
561
558
558
563
575
587
604
620
623
621
630
625
603
593
593
591
587
591
573
579
573
573
588
592
602
599
596
591
584
576
568
564
563
562
563
563
562
552
555
543
556
563
560
563
593
620
638
640
618
608
627
633
620
610
604
596
591
591
593
604
619
620
621
625
629
624
617
603
596
596
603
603
604
618
646
659
635
633
640
639
629
616
604
617
622
627
618
620
633
642
637
626
621
625
620
609
600
609
619
621
615
617
636
645
627
623
637
635
618
610
613
623
615