924
827
904
923
832
866
921
819
746
751
926
1037
1021
929
815
799
1021
1051
1068
1090
1095
979
984
1010
949
1093
1104
1039
847
885
912
768
845
772
1035
989
1021
1088
926
985
964
890
1028
1019
974
1088
978
1008
929
845
872
814
776
885
815
813
819
806
852
829
778
793
865
847
893
1015
943
985
1043
933
826
1022
1051
996
967
1081
1036
953
1084
1061
1049
1020
864
952
999
884
896
876
777
820
768
739
767
737
727
754
688
676
649
638
625
625
603
600
599
586
587
573
577
563
562
554
549
549
552
546
541
532
537
528
533
530
533
528
521
523
517
516
517
513
515
515
518
515
512
518
504
500
501
494
494
490
485
491
494
487
488
494
489
482
492
487
476
487
488
487
499
507
505
514
517
516
519
518
523
502
529
528
523
523
535
532
519
523
520
519
517
519
521
529
531
521
521
519
520
516
519
521
515
516
511
509
509
506
509
496
479
507
498
497
503
499
495
494
485
500
477
497
489
488
490
487
471
489
483
471
491
486
484
490
493
475
498
497
482
507
496
479
507
478
496
501
480
499
501
479
497
501
497
502
506
504
508
505
509
515
524
522
521
519
516
513
515
517
522
523
520
511
512
509
514
521
513
507
510
521
518
515
518
505
499
497
478
489
494
489
485
491
496
495
498
510
506
518
527
515
519
512
492
516
491
507
508
508
509
507
513
523
524
526
524
523
522
523
520
498
516
498
516
511
507
517
518
512
514
526
521
518
521
507
507
514
507
501
498
496
498
506
508
514
508
524
526
523
527
529
521
527
527
521
523
522
525
521
522
515
525
523
526
517
508
503
499
504
501
498
501
490
493
498
493
489
497
493
493
501
499
500
499
497
502
498
498
507
507
512
515
519
519
520
514
498
521
511
501
511
516
514
516
526
521
526
529
524
524
519
521
518
522
521
526
523
528
533
529
516
496
516
510
500
515
514
512
514
521
517
513
521
509
501
507
500
493
490
493
489
489
494
495
503
507
508
509
516
508
501
495
483
501
501
515
521
516
521
515
488
505
479
494
494
492
496
500
500
500
502
509
504
499
517
521
515
520
528
518
506
513
522
520
520
518
516
507
515
514
512
521
524
523
529
531
524
526
530
529
528
522
519
521
520
521
523
523
509
512
515
517
516
514
517
510
500
503
501
502
512
506
508
513
517
512
486
508
505
507
512
514
519
511
510
503
497
500
503
503
497
506
510
513
525
525
521
513
517
514
514
517
516
515
517
519
518
519
521
521
522
519
520
514
508
512
522
521
509
519
502
503
505
501
502
508
510
511
511
512
509
511
507
503
502
499
504
500
493
491
490
487
484
486
491
493
494
493
488
507
502
502
509
517
516
510
521
517
515
522
531
529
522
532
546
539
531
539
531
531
528
530
524
522
522
527
514
508
511
520
514
512
524
520
524
526
528
514
510
512
508
513
507
514
499
494
495
493
488
487
491
493
496
502
505
500
510
502
499
507
501
497
502
506
498
491
495
479
470
479
474
468
471
466
467
475
477
476
489
490
485
493
498
500
506