694
729
712
706
717
767
714
727
745
768
714
700
701
721
706
724
732
741
697
686
688
706
715
744
712
743
711
709
687
669
655
646
639
639
635
627
609
631
678
696
710
774
851
1111
934
779
772
770
726
732
711
718
695
704
703
746
754
786
796
898
745
784
722
740
709
701
676
683
683
694
854
825
796
752
716
706
673
672
695
651
647
640
647
670
702
761
733
777
749
768
753
712
714
705
717
705
661
669
658
634
636
654
645
663
766
729
720
690
686
694
661
657
643
674
685
708
694
849
793
777
759
731
720
688
682
686
683
704
659
686
731
695
725
758
716
743
743
739
718
729
709
690
705
747
690
713
727
758
746
693
711
742
710
717
749
771
688
711
701
688
638
624
621
634
646
676
721
740
746
726
690
671
664
658
669
701
704
679
697
714
718
730
699
729
747
734
731
739
733
690
722
734
718
793
869
837
923
746
774
772
683
686
710
706
668
690
775
756
816
887
749
780
759
739
729
716
726
729
716
717
652
658
647
663
753
1179
912
857
801
755
788
737
725
768
755
743
695
660
660
660
668
697
767
870
963
898
864
778
736
720
707
672
690
703
729
936
907
984
769
796
754
727
688
676
678
677
694
748
783
746
741
871
817
726
736
710
689
723
736
739
808
854
977
914
754
804
781
739
691
706
756
745
795
915
794
902
781
797
740
704
708
724
711
727
726
709
707
741
691
692
681
674
730
755
734
771
833
742
751
710
708
668
650
719
761
744
744
678
682
680
662
655
688
721
729
946
803
820
760
706
732
720
729
725
670
680
698
722
694
681
670
681
732
864
1002
909
830
724
742
749
755
759
736
691
684
689
740
854
922
836
781
807
790
745
696
693
722
789
843
796
757
799
810
768
779
816
781
739
784
820
716
723
738
774
702
678
651
659
689
773
892
865
768
812
708
698
715
681
651
647
660
688
728
700
760
810
832
752
702
702
713
725
726
725
672
692
739
730
772
788
839
844
730
742
764
727
721
741
778
711
753
748
754
788
774
729
759
742
738
736
722
701
707
675
707
754
708
722
771
743
752
788
746
755
757
719
766
776
732
771
781
802
805
777
745
759
815
785
744
711
679
659
651
644
668
764
1318
1102
980
855
835
743
755
685
700
657
637
681
719
806
831
830
786
761
748
745
696
700
701
725
771
799
810
740
750
708
706
726
734
733
707
688
699
761
783
804
776
747
722
687
659
649
660
688
711
1059
835
1050
1036
806
898
718
690
673
693
757
952
741
774
806
842
735
738
772
815
837
742
724
734
757
784
860
828
739
768
782
799
719
734
788
1173
911
786
784
814
775
763
779
729
738
737
713
740
749
700
698
702
689
682
662
656
658
663
636
646
672
733
849
847
767
780
779
749
694
677
672
692
676
705
771
743
802
871
825
869
877
770
783
758
734
726
752
811
724
734
726
701
693
687
647
633
624
632
667
698
819
804
783
749
725
710
702
704
711
708
729
759
787
737
773
783
787
807
786
705
728
755
768
815
771
806
818
909
770
789
775
772
779
856
972
789
885
787
760
783
796
737
781
807
731
811
865
800
793
815
826
729
756
800
835
792
824
889
897
770
754
730
721
722
693
685
689
700
719
748
707
754
774
771
764
760
715
711
682
650
658
702
704
695
705
708
684
699
712
743
786
791
803
740
706
712
681
684
655
756
785
824
825
805
689
667
724
718
704
678
657
646
632
629
639
679
904
839
1079
965
958
745
731
749
734
728
719
709
692
685
677
648
650
658
682
731
784
951
759
778
734
723
691
689
701
702
729
724
723
703
656
656
686
707
752
752
768
751
730
714
684
669
669
657
691
681
708
772
1104
919
783
751
698
679
669
675
707
846
888
889
759
828
799
754
742
704
671
658
697
699
719
710
724
723
717
714
705
700
681
688
696
697
701
671
674
669
695
788
810
816
757
748
735
697
721
764
988
946
1081
891
770
832
790
704
763
678
656
644
658
689
872
947
950
827
871
872
844
786
820
821
843
894
733
720
761
867
1027
974
910
743
797
814
823
857
856
846
816
756
795
801
893
1025
885
822
781
783
769
729
731
700
721
787
788
930
886
824
828
741
751
706
722
705
736
772
796
777
912
915
879
785
827
798
796
724
761
761
781
742
820
915
849
756
802
729
758
707
726
723
749
773
706
715
679
676
677
688
683
694
734
705
713
698
691
688
694
688
703
725
748
696
723
720
668
688
682
658
663
644
646
654
641
640
646
648
642
664
686
709
689
727
751
762
746
709
727
739
729
708
737
769
731
755
790
810
730
761
780
746
715
729
749
742
713
750
806
820
811
896
816
763
802
788
739
770
790
771
800
961
840
809
826
773
745
761
774
733
775
789
802
769
815
830
755
785
790
780
755
810
918
775
777
812
908
889
771
844
857
929
752
817
850
887
797
904
847
764
785
842
813
867
932
748
794
785
733
769
804
776
806
827
817
833
862
747
773
720
713
692
688
726
773
753
830
952
912
769
806
810
826
780
925
880
823
813
836
866
780
823
883
905
734
729
1098
779
734
729
718
688
693
717
754
782
827
754
806
844
959
797
844
845
841
749
793
798
752
750
787
855
850
972
917
871
869
899
844
828
827
811
755
799
843
799
831
872
798
755
303
476
807
762
810
827
776
808
847
801
751
783
826
855
770
853
881
851
793
830
866
808
817
841
874
792
850
885
840
776
832
885
810
845
879
835
778
811
837
774
813
845
865
768
822
866
823
779
831
902
798
868
896
813
813
830
835
764
846
972
778
886
948
788
793
806
795
755
793
797
810
757
786
845
834
797
846
867
784
826
834
813
787
817
870
769
773
802
820
745
763
797
790
757
800
835
792
788
830
826
747
771
801
816
750
794
843
866
769
849
910
804
790
837
839
775
844
865
796
858
903
789
860
859
786
841
929
781
826
865
778
817
771
726
749
789
783
763
821
811
782
762
797
765
738
768
815
787
793
845
791
765
771
711
731
774
841
807
789
844
876
771
803
750
695
685
660
856
758
730
738
754
736
771
785
819
819
741
770
812
896
1001
978
963
853
877
910
974
921
860
827
907
928
1066
841
807
781
708
724
751
843
1117
936
858
952
915
813
808
824
810
789
790
850
952
835
941
930
874
791
818
874
909
846
989
898
805
789
806
816
762
799
840
881
780
873
940
819
846
979
904
784
813
824
778
824
929
844
796
880
911
854
777
804
804
767
762
792
848
882
813
920
877
797
840
859
832
807
859
843
797
879
940
808
839
846
781
771
796
813
781
864
926
827
817
866
940
791
858
848
834
796
940
947
823
900
910
815
825
833
799
779
821
863
771
831
858
791
801
819
856
792
858
857
749
774
782
762
744
792
920
800
831
927
909
783
826
807
793
756
789
840
852
846
970
826
781
804
780
739
766
798
761
805
822
773
772
940
909
777
857
870
809
786
834
867
793
825
840
950
781
786
800
821
770
805
854
825
797
938
820
831
957
948
785
791
807
827
813
801
856
906
794
834
860
897
783
848
849
837
771
816
850
812
799
850
870
799
925
937
857
828
856
915
788
817
830
860
812
947
842
805
911
826
800
937
924
792
855
858
823
853
971
870
798
831
846
827
747
762
769
788
801
793
823
771
773
739
713
688
764
717
712
713
710
690
669
680
670
657
665
658
653
644
646
640
639
624
624
634
633
618
630
621
638
646
653
662
645
660
669
649
655
671
658
656
656
652
644
641
640
634
636
638
622
635
628
612
622
646
688
728
737
882
866
756
850
785
761
824
795
707
768
734
712
728
731
703
710
681
686
692
707
705
678
696
715
720
720
699
698
701
711
704
704
718
734
726
768
873
852
812
736
727
761
938
997
809
1178
1023
1017
1018
857
837
1041
957
812
965
1035
973
918
963
1136
1016
1068
800
904
921
867
847
1320
1152
998
1096
1054
843
1038
938
873
1063
1000
862
924
966
869
917
980
874
932
1006
864
974
1004
832
900
997
846
901
998
829
954
933
903
778
848
974
824
815
971
843
966
1010
817
933
968
879
806
773
821
958
961
859
1006
1077
1026
833
880
917
897
835
826
785
820
1071
959
897
921
901
784
810
814
855
805
793
909
1100
1046
804
747
779
765
756
745
703
693
688
690
694
687
709
697
761
870
796
900
842
818
840
825
781
792
805
822
748
783
836
950
924
835
829
947
945
928
915
786
796
834
977
940
778
909
944
935
775
848
877
781
811
928
904
771
892
874
840
781
884
891
771
800
859
839
781
878
879
800
768
798
861
775
769
811
847
743
765
771
771
843
721
841
860
889
768
786
824
866
787
748
837
861
894
751
783
809
874
742
796
799
881
743
805
893
774
787
867
881
776
813
832
830
730
772
861
880
756
878
863
803
778
811
877
749
822
797
760
760
782
907
754
929
910
787
858
891
852
758
845
874
814
811
891
849
751
761
763
768
734
793
893
732
828
851
844
761
852
836
764
755
773
855
775
749
847
888
761
763
775
836
780
759
886
858
801
853
862
814
827
871
868
763
863
871
800
767
841
889
848
861
930
815
757
785
878
775
919
885
813
813
967
869
778
892
927
843
899
919
816
782
854
858
738
793
911
848
748
854
892
771
764
782
851
778
766
883
884
771
821
875
805
764
877
855
768
857
879
772
757
845
725
703
699
692
688
703
696
723
716
680
693
689
687
703
709
715
727
744
748
759
809
832
900
941
961
960
885
801
730
729
714
725
711
769
1037
908
1020
839
931
892
938
942
861
774
772
786
798
918
914
821
771
739
735
736
750
771
818
800
780
805
768
751
801
824
844
842
761
770
724
698
688
688
688
718
771
970
861
894
847
814
776
838
843
904
871
836
834
865
821
832
936
884
894
828
764
695
732
727
749
738
929
858
1018
894
948
903
888
866
761
824
782
772
746
790
832
971
896
894
892
793
781
783
779
786
812
773
786
861
1002
940
966
818
932
880
858
810
848
929
880
905
989
929
800
887
835
772
781
787
796
794
802
890
910
931
897
824
867
853
779
756
717
689
698
698
763
1033
869
910
771
882
871
877
765
771
778
781
802
801
803
828
835
880
823
796
802
798
779
736
694
691
698
726
797
999
855
928
915
888
808
874
891
853
824
781
902
1016
939
938
830
816
864
871
858
792
838
883
841
830
931
854
771
817
862
919
848
810
857
851
770
806
804
833
764
810
832
837
805
762
791
798
809
780
760
777
815
896
796
1038
898
792
853
824
814
792
731
738
739
753
769
761
892
872
895
794
841
834
806
740
765
763
760
731
771
799
953
783
880
900
917
824
865
845
749
774
771
750
750
827
972
921
812
918
814
797
733
713
717
746
867
766
900
959
943
797
902
916
840
744
748
734
711
692
692
696
697
683
668
660
662
672
713
725
742
717
706
704
692
678
655
641
635
634
633
620
619
623
614
611
605
610
607
605
606
617
623
627
629
619
617
630
688
1357
1282
1264
1188
1113
1049
936
927
1019
816
834
781
728
740
738
744
727
769
884
866
820
809
863
897
874
868
783
723
739
719
732
876
949
995
806
928
881
853
821
855
836
779
835
845
922
869
794
851
852
782
789
805
904
789
773
806
891
758
901
944
972
813
900
890
937
904
791
883
844
754
741
719
714
688
681
655
668
668
657
647
646
646
649
653
661
655
642
646
650
676
766
756
966
1120
1221
1060
1022
1011
964
823
913
949
977
819
1056
928
901
941
945
812
874
895
974
823
1018
891
856
826
923
880
796
901
917
788
884
885
810
762
755
734
720
712
734
857
886
798
907
905
885
805
888
857
838
749
813
855
910
827
928
884
806
914
811
763
721
727
736
815
846
807
748
772
842
747
817
827
770
742
722
710
711
689
677
671
659
648
643
677
708
750
710
725
726
701
692
688
677
650
658
670
679
699
742
736
698
682
684
654
636
657
650
641
635
647
673
657
660
665
673
673
685
699
684
720
842
836
811
838
751
777
782
845
865
938
868
869
789
771
750
690
714
666
671
675
699
789
758
774
850
855
837
818
819
767
737
863
884
1006
970
837
1029
815
753
759
807
802
879
879
754
775
863
909
840
781
839
773
726
735
805
856
880
776
890
837
766
720
726
715
701
756
824
849
809
883
893
770
876
850
816
750
819
820
857
757
886
835
852
844
748
838
879
867
771
876
831
829
738
779
799
750
740
722
706
689
677
666
644
635
630
632
630
628
623
629
654
691
752
811
861
874
844
749
753
731
741
797
802
726
810
843
914
931
934
900
893
840
733
735
703
719
730
678
757
709
665
697
706
709
737
742
746
732
707
710
724
813
896
885
813
822
838
856
782
906
868
902
795
806
905
955
861
801
836
983
927
885
786
811
882
839
898
836
742
785
802
758
754
731
718
706
693
685
666
660
648
649
658
656
650
675
846
851
976
989
911
902
999
935
995
865
778
745
751
833
988
954
967
798
807
775
728
711
676
683
682
664
644
657
657
652
632
646
653
653
657
638
657
679
712
698
658
701
772
853
725
849
823
790
769
835
806
791
749
775
785
785
728
780
751
740
708
694
690
680
669
659
659
658
675
659
690
772
814
909
970
856
735
762
820
877
786
865
830
788
792
781
782
761
750
771
844
874
887
774
751
771
758
742
701
733
788
791
769
723
740
724
741
806
821
813
779
734
705
715
710
723
695
772
859
1031
1127
1044
781
794
785
774
694
747
761
813
857
787
948
926
940
859
793
720
751
743
831
846
731
747
756
784
885
810
769
920
920
869
831
753
834
854
817
723
726
729
778
733
734
864
779
733
801
801
725
723
736
742
698
702
722
766
731
728
820
798
752
909
916
767
802
808
830
742
879
910
976
796
921
825
810
717
765
854
849
784
787
774
814
729
831
848
874
743
805
763
689
718
729
842
758
914
899
896
909
865
919
855
786
758
859
864
745
786
915
939
779
923
887
886
756
793
802
879
751
826
737
734
710
724
702
658
660
662
671
699
752
769
762
773
772
771
750
757
759
788
872
918
983
990
969
933
847
799
749
693
708
696
677
729
912
979
803
1047
865
873
788
816
806
804
762
842
898
889
762
972
851
994
763
868
886
821
732
749
739
724
714
727
728
691
719
675
686
688
690
676
669
649
632
624
613
611
604
605
602
593
606
632
675
710
701
867
924
936
1007
913
854
909
833
968
1036
1009
1040
1042
849
814
794
769
748
738
729
733
732
769
724
717
696
687
674
674
670
687
778
887
871
939
755
846
833
797
734
803
830
878
760
916
924
969
881
756
798
797
852
749
838
905
837
852
951
939
773
933
975
874
847
915
899
808
956
969
824
841
849
855
741
800
830
867
759
867
839
821
761
713
685
668
675
657
652
652
641
645
642
637
644
641
640
633
644
646
640
650
660
650
659
666
658
652
652
652
662
680
875
830
843
966
901
1278
1263
1242
1197
1137
1131
1159
1162
977
1055
1006
990
1046
1065
1080
1095
1071
986
909
886
885
1035
908
895
762
849
860
916
832
764
831
816
832
741
817
820
947
854
840
793
889
893
854
768
795
770
736
691
707
705
715
739
943
997
923
869
805
826
803
816
827
755
768
746
741
721
770
823
1313
917
1000
894
896
914
966
866
805
826
817
827
851
778
831
845
875
803
820
849
874
870
828
759
818
915
940
784
839
901
984
881
941
935
951
806
812
828
877
822
818
983
949
825
899
889
823
734
755
729
713
688
729
921
943
777
911
888
810
867
828
742
762
756
765
728
723
719
737
766
806
752
888
902
771
764
787
799
797
768
821
849
883
865
799
767
792
832
877
878
802
859
868
849
820
814
793
774
753
811
932
813
1228
830
794
801
752
720
766
908
889
848
1255
1049
813
797
802
772
756
736
787
940
1041
1035
983
834
821
813
783
731
703
712
684
683
649
664
652
635
643
638
636
629
629
630
627
624
620
618
608
605
614
613
600
592
597
600
596
588
607
695
1212
1217
1203
1163
1128
1082
796
785
788
830
775
801
941
777
868
987
961
837
898
865
896
799
792
862
917
887
794
916
934
856
781
805
939
956
820
933
847
741
766
704
663
678
667
660
642
646
653
659
659
658
667
679
677
650
649
660
729
950
759
980
1063
817
887
854
775
811
853
779
792
811
806
780
771
753
723
733
748
777
981
1025
1053
964
858
849
904
879
798
896
780
743
739
762
755
760
836
870
792
986
954
979
933
791
760
745
734
729
814
943
891
782
889
900
792
979
945
933
886
976
952
1059
892
1017
1110
1055
838
841
786
773
848
1062
811
923
888
938
825
1050
1005
947
974
927
869
813
861
854
929
872
855
849
812
762
775
779
757
749
730
724
712
789
730
776
733
758
877
762
878
861
899
867
779
923
909
936
785
936
914
979
796
990
930
795
1073
945
834
1016
981
846
963
816
779
854
896
936
820
1233
1011
841
962
969
830
967
821
916
905
813
833
845
925
873
828
923
904
852
1049
1068
933
919
973
850
916
940
994
829
989
932
806
794
914
1003
873
1220
991
789
788
877
778
751
911
757
717
743
724
788
794
775
761
744
699
703
681
664
662
650
623
614
608
603
606
632
771
1198
1137
1133
1211
1207
1154
1063
1015
1063
1039
917
830
762
791
1427
1367
1184
1144
1154
1045
848
768
709
708
733
761
977
848
812
961
933
1007
897
841