1157
1173
1151
1144
1194
1172
1162
1104
1065
1078
1133
1167
1125
1070
1109
1186
1172
1119
1157
1187
1183
1161
1112
1176
1226
1176
1140
1195
1243
1242
1168
1139
1205
1267
1193
1147
1096
1110
1162
1207
1188
1102
1111
1210
1220
1246
1146
1164
1236
1201
1156
1115
1147
1242
1200
1143
1115
1190
1206
1212
1174
1109
1100
1150
1167
1182
1074
1067
1067
1130
1159
1109
1124
1206
1218
1138
1132
1207
1221
1188
1140
1244
1237
1214
1164
1257
1292
1230
1220
1323
1314
1183
1151
1183
1206
1200
1152
1267
1263
1143
1147
1202
1226
1237
1164
1223
1270
1163
1112
1129
1372
1359
1284
1244
1243
1189
1099
1139
1173
1151
1188
1315
1315
1225
1178
1187
1190
1194
1189
1264
1254
1190
1198
1203
1187
1113
1121
1215
1238
1208
1117
1135
1192
1187
1115
1137
1123
1074
1050
1063
1108
1077
1101
1155
1134