1272
1360
1318
1258
1338
1346
1276
1174
1244
1326
1195
1257
1378
1355
1197
1215
1231
1188
1112
1141
1275
1318
1283
1163
1209
1305
1297
1197
1161
1251
1227
1241
1208
1182
1285
1336
1326
1216
1138
1202
1344
1273
1168
1117
1200
1227
1249
1148
1158
1266
1328
1194
1162
1229
1245
1202
1133
1153
1178
1206
1132
1155
1275
1348
1262
1135
1170
1259
1255
1186
1162
1228
1183
1145
1179
1260
1183
1135
1205
1262
1154
1110
1188
1267
1191
1179
1245
1219
1153
1148
1186
1179
1104
1117
1211
1282
1167
1159
1220
1221
1153
1122
1138
1175
1115
1129
1188
1271
1238
1163
1220
1243
1252
1173
1213
1304
1284
1182
1173
1229
1262
1203
1134
1202
1200
1215
1136
1212
1243
1190
1123
1126
1150
1177
1187
1131
1110
1153
1279
1219
1108
1058
1103
1253
1300
1313
1231
1109
1146
1188
1200
1188