604
591
575
572
580
597
604
612
605
605
617
626
615
642
645
647
630
611
586
572
561
556
564
562
566
575
600
605
601
589
578
564
558
550
552
558
576
626
673
757
723
688
635
608
603
599
601
613
616
641
669
672
667
621
619
626
650
674
665
635
619
596
599
598
615
621
623
627
631
603
603
611
617
625
610
613
618
615
621
624
635
624
630
621
612
608
599
593
570
565
566
575
578
587
594
614
621
639
643
649
641
619
609
606
627
648
648
647
626
615
622
636
654
656
645
641
627
636
654
649
652
641
630
638
647
671
667
672
668
688
672
635
606
592
582
574
563
560
561
567
572
565
612
683
705
709
679
627
605
582
560
541
533
533
538
538
548
563
600
642
704
724
755
756
748
720
688
667
642
625
612
601
589
582
573
565
569
578
590
627
649
679
660
646
612
586
572
555
549
559
583
672
827
858
849
793
737
670
649
625
612
590
586
590
594
604
635
694
801
794
804
776
753
696
646
604
589
579
579
578
581
572
566
562
569
585
607
645
689
703
690
670
651
637
630
624
626
617
596
570
560
557
563
580
614
644
625
611
597
610
649
678
680
670
657
630
620
615
595
596
586
599
615
662
774
787
766
732
712
684
663
659
654
615
618
617
633
638
653
655
677
685
684
687
686
661
610
1165
602
628
653
661
641
622
615
598
575
571
570
589
633
651
672
671
686
668
635
627
620
617
609
593
586
584
591
603
592
587
593
616
641
634
611
596
597
597
625
688
749
719
652
624
598
572
567
562
563
573
588
591
589
587
597
604
602
597
612
623
632
634
618
604
592
578
560
549
548
552
561
569
580
569
569
595
625
655
669
659
636
632
621
617
611
601
590
584
593
616
652
674
691
711
718
734
705
670
634
611
595
597
633
658
705
681
683
680
682
652
646
637
634
637
625
618
613
621
670
690
691
693
673
650
632
614
596
579
578
572
578
592
608
635
670
768
830
780
752
734
692
650
620
612
623
646
665
678
678
682
692
648
648
623
602
598
597
615
637
651
688
763
791
747
713
693
684
689
677
670
645
632
629
622
631
633
639
627
636
643
658
665
650
654
662
686
663
656
633
636
606
588
579
567
565
570
584
613
644
658
636
609
600
639
697
754
730
687
629
591
569
562
561
564
567
576
592
604
626
640
615
620
622
631
651
671
683
681
643
616
594
592
624
717
832
775
712
680
645
631
616
625
618
638
655
676
685
680
671
653
639
620
598
582
590
603
628
646
633
623
611
598
589
580
579
568
564
565
575
580
590
592
598
604
609
626
615
624
625
651
656
652
654
633
624
590
570
560
555
571
619
671
719
693
682
667
673
674
684
653
632
617
602
587
577
575
583
604
656
713
853
940
900
781
690
640
602
595
591
591
590
588
588
581
572
561
550
546
549
566
580
599
594
585
575
582
586
601
610
614
618
625
646
659
656
640
636
624
607
586
572
559
564
582
644
714
699
682
662
639
620
620
604
615
620
609
611
590
590
597
623
643
635
635
658
612
607
632
645
609
629
633
621
602
590
563
559
563
569
586
599
615
634
658
715
727
739
716
692
697
675
649
627
604
579
567
564
582
607
654
707
791
831
836
765
737
712
653
637
613
594
585
579
578
582
576
568
559
557
569
641
842
875
827
775
680
635
600
584
572
577
583
586
604
616
646
627
610
606
591
580
569
565
575
579
594
615
622
640
663
719
729
709
685
652
652
605
604
592
587
582
582
572
580
600
639
636
660
661
665
646
662
650
642
612
600
593
598
587
596
606
623
646
647
677
682
682
653
634
612
599
577
581
583
608
627
639
641
648
651
642
653
652
664
655
635
620
615
617
612
622
641
660
673
672
657
651
663
678
661
653
638
640
626
612
618
624
646
637
661
672
654
662
655
653
635
611
605
598
584
584
592
601
604
617
642
661
642
645
623
622
618
601
588
593
598
593
611
634
703
695
699
700
684
644
625
605
593
574
578
583
596
593
595
600
593
597
577
573
573
577
564
574
571
588
594
604
616
615
616
613
606
593
574
557
546
551
554
556
551
541
532
527
525
531
536
540
543
561
569
570
585
587
566
552
537
531
531
537
550
568
601
648
693
668
653
650
654
665
670
621
604
610
624
636
665
705
717
721
689
675
673
693
684
685
705
755
779
838
838
794
789
729
691
693
686
688
713
699
698
670
639
637
610
617
630
709
803
811
763
806
742
687
657
649
630
610
592
582
571
566
557
552
542
536
540
552
561
607
708
730
747
813
742
784
697
686
661
653
619
605
585
579
580
585
584
572
561
566
588
649
752
856
784
729
672
664
651
604
591
575
573
574
572
577
567
583
607
643
636
648
656
674
675
675
660
643
625
616
594
571
573
573
564
557
559
568
586
596
620
681
665
674
670
643
629
621
618
591
590
581
575
554
547
539
532
531
537
574
635
629
654
636
631
648
631
626
615
603
581
565
549
537
527
518
517
521
531
545
566
690
854
782
810
798
736
709
696
668
657
641
611
608
588
568
563
563
568
561
578
595
617
609
607
624
620
645
654
636
657
672
723
771
704
704
680
651
645
668
696
713
722
702
688
662
635
645
621
637
639
676
687
650
629
627
608
628
617
639
635
625
633
652
673
702
733
723
701
637
602
592
586
584
589
612
636
654
653
663
683
690
691
687
644
631
613
598
583
604
621
724
784
669
682
703
749
711
700
697
671
642
627
607
592
582
581
587
587
597
611
643
674
662
687
677
639
601
604
597
581
569
569
574
594
637
719
773
754
784
759
778
733
678
656
642
626
618
652
714
692
713
720
773
753
691
699
696
689
639
658
672
683
697
695
673
652
636
619
613
638
651
663
689
803
909
919
845
770
734
716
695
676
639
614
620
634
690
836
874
867
877
807
800
769
752
669
629
607
605
606
803
1111
921
864
829
763
704
688
675
668
660
671
679
669
657
667
652
653
648
645
632
626
613
620
621
619
595
609
597
600
628
708
696
720
686
700
678
690
666
654
634
629
606
605
606
601
600
618
618
630
648
688
714
742
717
712
689
646
631
606
582
576
570
573
590
578
586
594
589
577
582
578
570
569
569
563
552
556
560
557
573
601
650
728
833
857
833
764
754
732
715
710
647
614
608
589
582
575
562
553
553
1108
554
543
549
551
563
564
549
539
544
571
709
818
746
704
646
620
597
608
607
616
615
630
649
659
733
729
725
688
662
611
616
604
615
615
634
650
643
632
637
650
670
666
646
639
652
655
648
640
664
691
706
692
693
734
732
742
715
696
639
647
636
651
643
656
679
692
698
688
710
723
730
687
644
644
649
664
654
696
726
703
685
659
655
628
602
576
563
553
554
551
545
548
571
660
847
873
937
890
875
857
827
734
693
671
666
656
672
656
621
622
611
659
634
634
621
617
638
645
631
627
616
604
584
575
577
587
589
593
587
1148
587
557
558
548
532
532
528
520
521
525
530
528
539
556
557
560
573
545
557
565
564
580
593
603
599
569
553
549
542
536
540
534
532
540
555
561
584
606
623
612
629
636
661
641
634
605
603
590
606
574
561
550
535
524
521
514
506
508
515
502
508
514
510
521
529
524
527
527
539
541
547
573
611
612
611
617
594
588
581
638
676
697
686
647
632
599
591
601
601
602
616
609
593
591
604
625
606
605
617
629
616
601
601
596
602
598
608
610
606
622
613
613
604
578
552
551
551
568
566
545
532
529
521
517
524
541
566
606
606
610
672
731
756
739
725
698
673
642
646
629
621
634
649
690
678
699
729
706
690
673
626
609
610
622
638
695
820
729
709
695
655
645
646
671
669
685
696
683
671
658
649
649
641
616
609
607
594
604
610
600
600
610
629
624
620
604
625
646
643
646
655
667
649
660
635
605
587
575
568
564
567
574
615
630
741
755
713
726
677
659
620
597
595
592
582
585
611
623
626
614
628
664
726
688
671
647
617
585
559
551
552
571
633
636
675
710
729
722
717
679
651
641
624
605
613
593
594
578
590
594
598
602
604
622
627
651
655
638
616
601
590
563
553
535
524
533
588
676
738
711
646
634
618
606
569
558
555
549
547
545
564
594
655
734
684
662
601
612
610
605
591
601
600
612
626
604
611
626
651
638
650
638
644
657
669
694
754
725
743
735
699
685
671
649
614
602
589
577
583
590
617
632
666
705
695
665
649
632
611
599
596
609
609
619
628
643
646
629
613
600
580
564
558
561
543
528
514
460
447
1017
504
519
563
702
740
730
1396
1273
596
575
557
544
541
551
554
546
541
573
1247
702
675
729
796
849
794
775
744
663
620
603
590
582
582
604
609
596
599
600
618
649
655
630
578
561
537
532
524
522
521
514
510
515
513
521
521
518
517
513
507
709
442
346
509
500
493
493
496
487
489
982
498
382
692
588
609
384
844
604
591
566
561
540
528
520
520
556
599
598
560
554
556
562
566
582
571
559
561
565
578
596
633
634
650
646
626
609
596
579
585
583
584
581
600
605
622
641
632
608
584
570
559
544
534
532
535
548
565
597
647
666
664
626
630
647
643
662
631
607
574
573
574
589
569
562
556
555
566
570
608
646
742
748
717
690
659
628
606
581
585
564
547
540
540
513
536
517
520
511
530
538
295
326
465
550
563
560
553
545
667
404
523
523
519
511
509
501
504
501
496
499
502
509
516
529
558
560
569
581
597
658
711
694
645
618
582
581
606
588
600
614
638
625
589
588
566
545
533
534
534
550
570
563
589
587
572
563
571
565
571
553
553
541
523
520
1021
521
558
618
691
653
637
611
589
579
548
530
518
515
510
499
490
482
487
481
484
510
536
561
544
555
577
604
636
647
655
660
632
589
554
538
521
500
499
492
494
491
499
489
490
500
488
484
491
480
481
472
476
481
487
502
531
540
516
513
517
527
536
543
536
525
517
502
497
494
498
493
489
492
488
481
483
491
493
508
517
546
599
654
704
700
653
642
589
597
564
566
560
566
561
540
535
522
517
506
500
502
510
534
558
576
584
595
615
587
574
551
534
532
524
519
522
513
508
522
521
509
513
515
510
520
528
545
576
584
580
592
587
580
568
554
538
531
532
520
514
506
506
512
518
526
543
579
601
612
610
623
634
629
596
594
569
569
563
573
578
572
588
588
592
590
599
614
601
606
598
585
577
552
529
518
518
528
599
1036
796
870
832
839
786
730
693
636
644
600
587
582
602
630
630
657
647
677
659
625
614
615
646
646
601
582
558
551
546
540
544
539
555
552
549
543
547
552
570
572
572
569
575
602
621
581
554
538
534
531
520
518
521
531
535
553
551
547
538
531
516
506
496
496
506
506
525
521
528
582
725
766
706
645
622
573
561
547
540
533
533
543
548
547
537
546
554
576
591
616
606
578
594
617
641
661
643
612
602
610
601
578
558
543
533
535
532
532
1568
586
635
685
690
659
630
589
570
570
560
568
573
579
548
555
550
539
540
531
522
513
506
509
538
594
681
700
658
642
629
644
627
618
604
589
562
558
534
525
519
514
512
535
610
684
709
764
765
744
744
690
653
587
554
530
513
507
511
513
519
522
522
528
520
514
515
519
517
517
515
514
520
548
568
556
543
544
537
538
524
517
517
530
532
525
527
530
515
513
514
517
521
532
545
557
546
523
515
515
514
513
511
496
496
496
494
501
501
506
513
511
496
523
580
593
600
546
530
527
524
527
530
537
549
556
545
540
527
513
501
498
498
501
504
495
507
521
524
539
538
532
524
1019
507
529
531
544
537
528
520
515
518
526
541
567
612
664
686
684
685
659
621
594
571
554
542
535
529
528
529
521
514
522
547
591
615
596
599
626
656
665
660
646
610
580
567
567
557
534
527
536
563
563
606
618
642
691
663
643
629
613
615
622
618
621
621
602
596
615
605
614
617
613
598
585
563
548
548
546
561
552
550
559
560
569
602
607
647
645
605
599
617
638
627
601
553
541
525
514
502
506
519
532
581
602
624
637
665
627
608
608
604
565
548
550
537
545
536
525
524
511
522
518
538
531
524
522
530
546
574
603
581
565
541
529
512
517
503
1022
528
532
534
524
531
532
528
530
515
515
489
494
491
494
497
491
507
505
529
548
547
555
547
540
532
528
534
539
527
538
521
523
495
493
489
489
489
484
493
498
511
531
545
567
577
559
557
532
528
516
492
504
493
499
494
488
491
486
495
510
1099
581
565
545
515
522
523
516
526
512
530
501
510
485
488
491
484
476
485
481
493
476
479
476
464
470
462
462
469
462
466
451
460
461
452
469
449
458
438
901
438
442
433
437
433
431
443
427
438
432
441
440
443
442
441
442
443
438
438
438
444
428
443
424
438
422
429
422
424
430
425
854
431
422
429
428
433
428
431
441
429
437
421
431
420
421
418
417
420
838
416
420
410
424
411
421
419
417
415
416
1659
405
405
1234
824
414
410
414
412
408
408
409
822
413
404
1215
415
405
677
540
406
405
402
407
369
440
412
398
407
403
804
408
399
402
393
1218
397
409
399
412
402
400
797
397
400
406
394
396
396
401
405
795
401
390
404
797
395
400
587
407
371
633
397
401
398
398
393
408
392
401
392
402
396
393
394
399
396
396
391
388
390
387
387
391
775
383
393
392
395
389
394
389
388
392
390
391
387
391
388
389
391
267
526
1202
394
401
399
397
397
407
396
408
396
404
391
798
394
394
782
397
395
396
395
394
393
395
785
391
783
393
396
381
402
393
408
795
393
403
393
396
387
399
390
393
397
395
396
393
393
395
390
394
386
393
395
387
392
392
394
392
391
386
394
383
389
394
392
390
391
392
393
393
1173
390
776
1173
388
403
393
414
386
404
394
398
388
395
387
392
393
391
387
396
390
396
390
397
392
391
389
388
383
403
381
391
386
389
387
383
392
380
387
386
388
388
390
386
396
399
398
395
798
403
390
400
389
389
388
393
381
391
393
397
395
391
385
395
384
396
379
391
391
393
392
384
394
393
390
389
772
384
391
389
390
778
389
781
389
401
378
395
384
389
386
390
768
384
388
393
389
382
405
783
382
394
772
772
383
388
378
389
381
393
385
391
769
379
392
379
384
381
380
372
395
387
395
383
394
778
382
773
391
385
383
394
381
386
382
380
381
388
379
379
387
383
391
395
393
394
392
394
389
396
391
392
395
389
389
391
388
388
388
389
383
384
390
391
387
391
389
386
389
395
783
382
399
390
396
389
395
387
394
381
396
381
387
380
385
378
390
780
382
397
773
381
392
376
390
379
385
383
382
766
770
382
389
392
386
387
391
382
382
385
381
387
385
371
381
386
382
395
381
771
394
393
399
393
399
396
401
391
394
785
381
389
384
390
508
257
388
391
380
396
775
379
392
771
372
392
765
380
385
378
381
388
376
382
387
381
384
383
385
374
380
377
760
374
766
384
387
387
389
378
380
387
381
378
384
377
396
375
391
378
384
377
383
375
836
305
379
383
386
382
385
382
375
384
381
379
382
377
382
378
378
396
382
382
559
602
385
388
383
385
384
389
383
383
388
774
766
396
395
394
394
395
393
396
381
392
386
385
383
388
377
384
380
382
761
374
380
379
385
370
380
376
385
364
384
368
390
374
378
369
379
379
380
377
386
379
381
379
381
374
386
375
386
371
387
368
384
369
379
378
376
375
378
369
382
376
379
383
371
381
378
375
374
380
747
376
372
375
373
546
494
468
373
381
745
371
377
372
369
367
377
370
382
371
385
370
385
370
380
378
372
370
378
367
384
366
378
374
377
747
371
373
370
376
372
371
369
379
371
371
375
372
375
369
377
377
373
374
379
373
378
378
375
754
374
380
383
375
380
383
377
375
384
377
384
374
380
384
389
387
384
388
385
395
397
390
396
394
391
396
379
396
389
389
384
392
382
387
384
387
388
388
391
388
395
393
393
395
396
396
397
392
398
396
396
397
392
400
401
400
396
408
404
407
408
404
407
413
412
412
409
411
409
414
418
424
440
896
443
438
438
438
428
426
430
427
426
423
423
416
418
420
431
437
437
428
425
418
423
427
427
425
419
304
475
450
430
435
438
435
434
443
461
478
490
515
508
501
494
479
470
462
456
448
450
454
450
442
439
441
445
1089
296
350
434
432
440
430
432
434
431
432
433
444
455
452
447
443
438
438
433
431
433
429
430
430
433
438
447
450
459
452
452
452
464
479
479
483
478
487
481
470
466
464
452
458
454
457
454
452
459
462
477
462
462
456
461
460
463
461
472
457
457
446
447
444
439
445
450
444
445
442
449
458
455
453
459
461
469
465
478
496
506
503
488
479
466
464
462
453
450
445
449
456
452
456
460
467
473
472
475
476
479
487
481
486
486
485
488
475
476
474
464
473
467
460
461
452
464
465
466
465
461
461
465
463
461
460
462
469
468
475
481
493
519
517
521
505
489
483
472
474
466
456
457
448
452
448
445
456
449
451
463
468
476
472
470
478
477
477
468
463
462
453
453
456
463
472
475
486
501
519
527
518
507
492
485
473
469
465
459
462
457
461
470
477
489
503
516
521
508
504
498
501
510
520
521
514
511
495
492
486
479
489
479
484
480
483
495
488
491
492
489
499
492
493
481
474
472
467
469
471
478
496
501
513
509
508
494
488
493
484
484
481
477
483
474
477
478
477
501
500
511
501
509
512
514
529
535
536
520
516
502
488
486
468
470
467
479
478
481
486
490
482
487
482
476
479
471
466
466
458
463
452
451
453
455
458
447
446
445
449
451
449
454
443
4917
434
447
437
443
442
438
447
430
448
430
439
429
432
431
433
436
434
437
429
428
430
432
444
438
442
434
444
425
439
428
432
430
433
434
864
432
433
429
434
426
426
437
426
437
428
435
427
430
423
436
436
424
444
428
439
430
438
433
431
437
425
437
430
435
429
436
430
433
432
430
440
430
434
430
432
428
427
426
428
430
426
436
425
433
432
435
863
436
422
436
416
428
424
422
436
418
431
416
425
419
421
423
423
426
428
436
418
436
420
423
415
419
414
412
820
410
402
407
808
406
420
412
415
408
408
404
404
409
400
401
402
401
398
400
396
401
395
410
394
399
396
405
391
401
391
405
386
401
392
397
387
398
392
401
390
399
387
395
384
396
388
390
388
392
388
391
396
399
396
397
400
390
393
394
395
389
389
392
391
388
390
390
389
392
392
396
385
396
393
390
388
392
384
386
392
387
381
386
392
387
389
390
395
396
388
396
394
396
390
395
395
392
387
393
395
390
391
390
396
383
399
387
396
386
396
385
396
387
390
387
393
390
397
396
407
408
399
408
401
399
401
399
396
403
395
400
397
407
392
407
393
403
395
407
397
400
397
398
399
397
408
409
401
405
396
401
403
392
398
390
398
388
401
387
405
393
406
395
405
398
406
406
406
407
400
398
405
402
396
396
398
400
396
396
398
403
393
402
392
404
389
401
385
402
387
399
386
394
390
391
390
395
390
400
390
388
383
396
385
387
381
395
379
393
383
396
385
395
384
400
393
405
394
397
396
395
393
396
393
405
395
402
392
396
389
391
388
390
389
393
394
391
396
397
397
397
398
397
403
398
396
403
399
390
396
396
403
388
400
390
398
388
403
389
399
396
403
394
399
397
399
396
398
399
394
398
394
398
393
397
389
390
392
399
393
389
400
388
401
397
387
399
386
393
390
392
396
396
394
411
390
399
389
397
405
396
396
401
399
413
403
413
406
411
418
406
414
409
417
415
409
412
410
412
407
397
420
403
411
405
413
425
412
423
419
427
420
419
438
425
434
428
434
422
420
429
414
416
413
419
426
421
428
423
424
427
428
444
426
438
429
432
423
432
435
426
436
434
433
432
448
442
438
443
433
437
431
433
428
430
447
433
451
446
445
443
441
453
458
478
458
469
449
452
438
436
425
439
423
421
442
433
439
444
455
454
460
456
458
461
457
459
444
451
441
445
439
439
443
455
447
450
448
438
446
439
445
451
459
468
484
480
479
478
481
474
473
474
468
476
464
471
454
459
450
454
445
444
442
442
440
441
453
455
471
468
467
454
449
439
446
439
431
448
430
432
429
429
426
423
429
426
443
446
449
447
456
466
458
469
460
464
456
465
463
459
455
455
447
454
454
448
462
449
459
454
456
451
455
450
448
460
445
455
450
460
454
454
452
467
452
451
462
452
473
454
463
453
450
448
449
449
452
457
446
464
447
451
444
445
438
439
442
428
442
428
437
438
438
438
442
447
445
459
449
460
454
458
463
473
467
471
475
475
482
474
488
464
476
458
459
448
455
446
456
443
445
461
452
471
463
482
465
484
480
481
470
472
467
467
460
461
457
462
470
455
464
454
457
449
452
453
464
485
502
506
505
489
486
469
465
454
452
454
439
449
441
443
444
461
460
475
468
468
481
468
484
467
476
463
463
458
448
443
442
442
432
441
431
442
441
449
449
450
465
464
481
463
477
468
472
463
464
462
472
465
464
468
462
477
454
471
460
463
457
454
452
453
460
449
454
446
446
440
437
445
447
460
455
478
462
479
470
479
468
477
471
469
469
473
457
460
457
447
458
439
450
442
454
443
448
444
440
449
450
468
463
491
465
481
463
469
460
461
460
461
458
462
451
450
454
438
452
434
444
438
444
439
446
444
445
448
446
470
456
477
452
468
450
454
442
452
437
442
438
427
437
425
434
428
435
435
443
444
448
455
444
456
444
461
443
457
448
460
459
455
452
449
442
440
436
437
444
440
441
440
458
453
457
460
464
464
468
481
480
488
476
478
464
465
455
456
441
441
436
445
441
445
442
453
443
447
446
451
455
460
457
455
452
449
452
462
457
466
461
463
456
457
454
456
447
454
448
450
446
446
444
447
447
450
446
450
443
445
437
442
438
452
449
451
466
468
460
470
460
469
452
459
452
445
442
446
443
458
441
455
436
453
432
449
427
444
427
444
429
436
428
431
427
429
432
434
434
439
434
437
441
450
451
450
448
452
446
449
438
448
434
447
429
443
427
442
424
441
423
439
419
435
412
433
415
424
421
427
428
440
447
444
450
437
445
449
438
448
438
443
442
439
445
435
442
425
437
438
429
435
429
433
428
430
426
431
430
430
437
425
429
430
426
431
425
438
434
446
439
443
439
442
442
442
443
441
438
440
433
432
428
426
433
421
432
425
428
425
434
427
430
433
420
423
420
420
422
417
427
410
434
416
438
423
430
427
422
432
419
430
421
426
418
424
422
420
431
420
436
423
426
415
431
424
415
424
557
777
3278
420
417
421
424
424
419
426
413
423
409
416
415
417
404
410
416
408
410
407
422
407
419
405
415
405
404
404
406
405
408
411
409
417
411
418
408
419
405
406
406
404
399
403
402
396
405
393
407
396
410
395
407
398
409
400
400
398
401
405
405
398
400
409
393
407
390
407
393
402
394
396
391
391
390
398
401
396
403
393
402
391
398
393
402
389
400
388
400
392
395
393
398
395
408
395
408
394
399
401
398
396
398
400
396
398
396
400
398
403
392
404
391
402
390
399
385
396
391
397
392
403
390
401
395
394
396
396
396
395
397
395
397
395
402
387
407
393
404
395
401
392
404
393
396
394
395
395
401
400
394
407
579
599
400
391
399
390
399
393
403
392
397
398
399
396
403
397
395
400
397
394
394
396
394
391
388
391
382
396
382
396
382
398
383
392
384
395
380
391
384
389
385
383
380
386
383
398
381
393
382
393
384
389
386
384
381
384
382
381
379
379
378
386
385
389
377
394
379
393
378
389
377
385
378
387
380
380
377
383
377
391
377
391
376
380
375
384
373
380
378
383
379
382
385
378
385
377
387
385
386
376
390
377
383
382
383
381
376
384
375
385
378
388
376
388
375
388
382
384
377
390
378
378
387
381
387
383
392
388
386
387
394
378
399
386
390
385
391
384
394
383
389
386
385
383
385
388
378
383
381
386
373
389
378
383
377
388
381
380
379
375
377
380
382
377
379
378
382
376
383
373
384
375
382
371
387
374
383
370
378
371
383
376
369
376
376
371
376
371
369
372
371
372
368
374
369
376
364
380
365
378
370
378
370
380
368
375
372
375
369
376
375
371
374
374
377
368
377
370
374
368
377
371
370
370
367
369
368
374
375
372
369
470
273
753
382
747
363
378
369
375
367
378
367
378
369
378
371
374
368
370
370
369
366
373
374
369
371
367
375
363
371
366
379
364
373
364
378
364
367
363
370
366
379
366
375
364
376
363
367
367
366
367
362
366
369
368
363
363
366
368
363
366
367
367
363
370
362
373
371
370
362
378
359
374
363
373
360
369
359
374
362
364
356
373
361
364
367
362
357
365
361
366
359
363
363
361
360
357
369
354
360
359
366
359
365
355
364
354
371
354
367
353
368
352
370
360
360
357
360
350
367
355
363
353
370
354
359
356
355
359
354
356
359
356
354
364
349
363
360
365
352
368
352
368
355
362
354
363
353
361
356
355
354
359
360
350
356
356
359
353
353
356
356
349
354
716
347
358
354
360
346
362
356
356
354
354
348
356
348
361
348
360
351
353
354
349
350
360
348
354
357
353
351
361
350
357
350
354
355
352
352
358
350
354
360
353
360
351
363
351
364
352
355
351
362
350
358
346
358
348
359
353
354
353
355
354
356
348
351
354
347
352
354
351
350
349
355
344
361
348
349
345
364
349
355
349
354
349
355
346
361
345
360
344
356
352
354
343
360
350
352
346
351
348
352
349
350
353
354
347
355
354
354
353
355
354
351
354
354
355
350
357
352
355
345
358
347
353
348
357
345
354
346
354
343
350
345
351
349
345
341
349
344
352
345
348
343
349
344
348
340
349
344
345
347
347
347
347
351
345
345
346
351
346
349
349
345
343
348
346
348
344
348
343
351
349
349
346
348
351
340
352
348
350
345
349
347
353
349
346
354
350
351
349
348
349
349
346
355
343
353
345
353
339
352
346
353
341
351
339
349
338
355
336
350
339
347
341
344
341
346
334
344
341
346
337
343
341
345
333
341
340
333
350
340
338
346
335
346
340
344
342
344
344
339
682
346
336
349
341
349
342
348
339
351
342
354
340
354
342
350
347
345
345
347
347
344
341
345
344
339
346
342
340
338
346
345
339
336
343
342
340
342
338
342
335
344
334
339
338
338
664
286
301
436
335
346
336
347
340
340
338
338
332
347
336
345
327
348
336
342
332
346
335
341
335
343
334
344
333
347
338
340
334
342
333
349
335
345
335
345
335
351
339
345
332
348
337
347
341
343
334
353
342
347
339
349
340
347
333
354
338
342
334
349
334
346
341
340
342
343
336
338
337
339
340
338
341
340
340
341
331
344
340
339
334
341
339
337
332
343
338
331
339
339
331
339
338
337
331
337
339
332
336
336
334
331
338
332
677
328
338
336
330
334
336
331
334
336
339
335
335
335
334
329
344
337
335
329
345
333
338
330
347
335
341
330
349
332
344
337
338
332
343
332
345
326
348
331
343
673
331
342
326
341
333
337
334
335
328
334
331
336
328
335
327
341
324
332
332
335
328
330
329
336
327
335
326
333
336
334
330
332
338
329
338
332
337
329
339
334
335
330
336
333
337
333
336
326
344
333
334
332
337
324
340
331
336
321
341
328
337
330
332
327
333
330
334
331
335
323
337
322
338
329
333
326
329
330
333
323
327
330
337
321
334
321
338
319
332
327
327
330
330
326
324
331
326
325
329
326
333
326
323
333
325
337
327
333
325
337
326
334
329
335
332
330
326
333
326
336
320
338
327
332
326
330
324
328
330
332
325
327
330
337
320
329
333
324
328
329
327
328
330
329
326
321
338
323
333
324
335
325
335
321
334
322
335
321
335
323
333
321
336
323
333
321
332
320
333
324
329
321
324
646
332
325
327
321
329
321
328
322
330
321
331
317
334
321
329
321
331
321
332
318
330
324
326
324
328
324
324
328
320
328
323
330
318
334
318
330
321
323
319
328
323
325
326
322
324
326
325
311
330
315
331
322
322
319
333
324
326
316
331
321
326
317
327
325
311
338
324
324
326
318
321
326
321
323
647
318
326
321
328
313
333
317
328
313
331
323
325
320
324
323
328
314
330
324
322
316
330
322
325
320
331
318
324
320
316
331
320
326
323
327
317
332
324
325
317
329
323
326
319
333
323
329
316
333
319
331
314
331
320
329
319
330
320
327
315
331
320
327
308
334
320
311
332
324
322
320
321
325
322
318
320
327
317
320
321
326
315
323
321
319
321
320
321
317
326
322
321
321
325
314
328
323
322
313
335
320
324
321
329
315
333
311
328
325
326
314
326
324
325
313
327
321
325
320
323
322
312
332
325
309
334
317
327
316
328
306
331
321
325
315
323
322
304
332
324
320
324
316
324
319
317
319
328
315
321
317
316
323
313
328
317
326
313
328
316
326
307
330
314
325
312
321
324
321
314
320
319
308
330
324
306
330
317
323
319
313
319
313
325
319
318
320
320
312
326
314
323
310
327
317
322
309
322
319
323
314
320
318
321
315
317
320
317
319
311
323
320
320
311
325
315
326
313
325
316
325
315
322
313
323
318
321
314
322
317
324
315
320
322
323
315
319
318
327
313
314
319
640
322
313
311
328
319
634
321
314
316
322
320
317
320
322
314
319
315
317
313
321
321
319
323
308
329
321
323
313
325
321
323
316
313
329
325
324
317
329
321
323
325
326
319
321
323
329
326
315
332
327
328
317
331
331
325
321
334
327
323
324
331
327
317
338
325
326
324
333
328
327
321
335
324
328
321
329
327
325
324
329
326
325
323
330
327
329
321
331
325
321
336
327
321
337
324
331
329
321
331
333
325
328
334
329
328
327
327
336
332
333
322
340
331
330
327
335
334
326
336
335
332
328
340
338
323
345
332
335
330
338
338
331
343
341
339
335
333
349
338
332
344
337
335
345
341
332
345
341
336
341
342
333
351
340
337
340
352
344
334
355
346
344
345
353
353
349
344
359
345
344
354
351
348
349
354
352
343
360
354
347
354
359
357
352
354
359
363
358
359
356
364
367
361
358
354
371
363
366
363
355
369
364
361
363
361
355
365
364
359
362
368
368
366
364
359
372
368
364
378
369
368
384
386
376
391
381
376
392
384
380
378
389
382
383
382
382
385
385
386
383
386
388
384
381
387
390
383
374
400
385
375
398
385
381
396
386
390
384
391
394
393
384
399
384
392
397
389
381
397
389
389
380
399
390
387
388
398
393
394
405
401
391
409
406
402
402
408
406
404
397
410
404
404
399
396
407
408
405
400
409
409
400
416
410
405
411
408
407
419
412
410
397
417
412
402
414
414
411
406
422
413
408
419
415
419
411
420
420
413
423
418
411
419
419
412
416
412
408
426
415
414
413
417
420
417
417
428
419
421
434
424
418
438
423
426
425
430
431
426
430
434
426
426
427
421
435
427
420
428
428
426
427
433
429
433
435
431
432
435
438
432
437
446
437
444
444
440
440
434
445
438
437
438
437
432
437
428
433
429
429
427
420
429
420
425
429
422
422
439
428
435
437
435
438
440
439
438
428
447
435
430
432
433
433
429
436
440
433
424
451
434
441
438
436
440
437
429
447
436
434
430
434
436
426
425
438
430
428
429
432
436
433
430
449
435
438
435
433
446
446
445
444
443
441
438
444
450
445
445
443
451
450
447
449
459
453
453
447
455
462
451
456
454
452
457
451
450
450
450
452
446
440
460
446
455
453
448
452
453
451
453
448
454
454
444
449
446
451
451
449
459
453
448
468
451
462
460
456
466
459
465
461
465
464
459
471
461
459
470
455
460
447
457
469
452
454
455
451
458
454
455
455
455
462
454
462
459
454
463
460
459
461
458
464
465
458
465
464
462
463
458
455
463
467
457
458
460
459
450
473
458
461
458
456
475
457
462
459
453
468
457
459
452
447
464
452
444
469
448
461
459
449
461
453
458
452
445
451
446
444
462
454
466
457
453
472
458
462
456
466
468
459
472
468
460
480
468
470
466
473
476
466
473
470
469
469
462
476
469
461
484
465
472
467
476
471
459
476
466
455
466
460
459
452
459
465
455
465
468
464
466
463
468
465
474
470
460
463
460
459
454
451
452
446
466
464
468
462
458
465
456
457
462
448
455
455
451
456
453
450
455
456
468
467
467
466
464
468
465
460
474
472
479
479
474
479
475
478
474
477
478
474
477
470
480
479
476
482
477
482
479
476
485
478
482
477
482
477
470
486
473
478
472
478
482
476
479
476
465
486
466
472
470
469
471
472
474
466
475
483
472
475
479
473
479
480
479
474
474
474
470
469
469
473
484
481
479
476
472
475
470
469
477
475
487
477
479
472
467
466
461
461
463
467
479
466
470
475
473
476
470
476
489
473
477
475
469
475
473
484
480
479
479
475
483
476
473
488
478
486
487
482
495
489
487
486
476
493
484
484
481
479
479
474
475
474
486
480
478
480
474
481
478
470
480
478
476
484
476
485
478
487
481
474
495
477
485
482
474
484
480
479
479
472
486
475
475
482
473
479
479
480
479
472
482
474
472
474
463
477
466
461
464
466
468
465
462
488
470
475
471
479
479
468
474
476
479
478
473
476
477
478
479
470
480
479
479
475
479
483
476
475
490
481
483
492
497
485
482
499
479
483
478
483
476
468
482
476
470
478
480
479
472
479
489
474
477
471
480
484
471
476
463
459
473
465
466
467
460
462
468
472
475
470
477
480
472
471
475
471
479
466
473
479
469
476
479
478
478
484
485
479
483
488
477
478
480
479
478
470
480
474
469
485
478
476
474
479
484
475
478
486
474
478
479
483
479
473
485
487
485
479
483
496
486
483
482
490
490
480
490
483
488
485
482
489
481
475
489
477
474
479
466
479
479
471
464
473
478
465
464
468
463
473
457
471
459
461
466
462
462
456
465
468
468
475
479
475
473
466
472
472
473
479
468
470
468
468
467
463
464
467
473
483
476
473
469
466
473
469
469
463
469
480
462
467
469
465
465
468
471
465
460
457
455
469
466
463
462
465
477
459
470
466
457
454
454
462
460
454
460
459
458
460
453
459
463
457
460
457
466
478
472
474
472
466
480
469
476
475
465
466
462
460
458
458
465
460
466
462
461
467
463
458
472
464
469
466
465
477
470
472
468
470
473
468
477
470
466
469
466
467
464
462
474
461
467
462
464
469
464
461
471
469
472
466
467
474
461
467
466
463
471
462
466
458
465
473
464
464
458
464
467
458
466
470
466
468
473
472
467
460
474
468
461
463
464
466
461
455
474
466
468
470
470
470
466
470
470
473
482
479
480
475
467
478
472
477
469
463
481
474
473
473
473
476
473
472
474
475
484
478
476
479
479
479
470
477
481
468
471
469
470
464
458
474
469
468
473
476
477
473
479
485
476
479
479
480
473
465
479
474
465
470
466
473
461
467
472
456
473
469
474
470
470
474
471
461
479
469
471
459
471
473
461
475
465
459
468
462
468
456
463
480
471
471
469
460
479
465
476
472
464
473
471
477
473
468
483
475
479
476
479
491
480
484
483
492
490
484
495
493
488
488
488
493
484
496
493
488
497
494
499
491
489
507
491
494
495
502
493
488
508
496
495
485
496
505
484
494
490
491
485
483
499
488
489
483
483
500
485
487
481
475
479
472
470
467
462
469
470
475
488
479
481
473
480
489
480
479
476
485
490
478
487
485
491
484
485
497
483
487
483
490
489
484
493
491
488
489
484
484
483
485
499
488
489
483
479
496
480
489
480
489
497
480
491
491
493
501
484
495
489
496
492
485
505
488
493
488
485
493
483
491
482
479
490
475
483
479
483
481
486
481
485
483
478
487
484
490
486
474
490
483
473
490
477
472
483
473
466
470
465
465
465
474
490
481
478
479
482
483
483
487
490
499
505
504
508
511
511
507
510
511
515
515
518
523
521
525
532
531
534
533
542
541
544
550
544
546
546
542
543
544
553
548
558
561
563
568
563
558
559
560
564
558
558
555
555
549
548
550
547
546
553
547
546
550
553
550
550
556
553
561
566
562
564
566
560
559
558
561
551
551
548
547
541
540
546
549
554
554
564
560
563
563
565
562
565
571
576
571
567
563
556
556
558
556
558
560
565
557
553
549
544
538
529
531
533
533
534
536
530
529
526
526
528
521
515
521
519
514
517
503
513
508
516
504
505
507
496
500
498
488
490
489
496
486
479
480
478
479
480
479
535
818
763
753
733
595
572
555
546
547
536
537
537
537
531
527
533
528
524
521
522
516
514
518
515
513
514
524
518
517
521
521
521
521
531
527
525
528
521
515
509
508
497
493
491
488
486
485
485
484
489
503
517
525
542
564
565
560
551
551
545
540
532
531
520
516
513
511
506
505
509
513
515
518
525
534
537
542
545
551
552
545
549
554
559
562
548
545
544
532
521
515
507
511
512
505
503
514
515
506
508
518
519
511
512
528
519
518
514
517
511
515
510
505
503
500
499
494
511
514
517
516
515
515
510
508
506
504
506
512
539
580
629
644
615
617
600
580
563
561
556
544
536
541
537
530
524
528
532
534
538
546
562
568
580
605
580
571
558
541
545
530
523
522
512
503
513
507
496
492
501
503
503
506
496
496
505
508
522
530
538
540
553
576
581
583
575
569
561
552
546
540
537
536
533
532
529
529
527
532
536
535
534
533
536
540
544
548
548
549
544
540
540
538
533
533
532
530
522
525
533
550
563
562
568
571
567
562
563
559
556
547
550
553
553
550
550
559
567
572
569
560
563
551
528
525
523
519
509
505
506
503
496
492
500
510
514
517
533
562
592
584
574
571
567
555
543
541
539
534
523
523
527
524
522
520
532
544
553
556
569
595
607
590
575
580
566
553
558
557
540
528
532
530
523
522
529
535
545
563
579
583
590
593
583
564
564
559
541
536
536
533
526
526
532
533
528
530
536
537
540
551
552
549
547
554
550
540
533
531
535
540
547
539
531
528
532
529
522
525
519
515
513
510
509
510
510
510
508
507
509
514
519
536
558
559
564
571
577
584
573
568
566
563
553
552
550
547
539
537
540
538
536
537
544
557
564
571
580
591
593
580
572
575
572
561
557
559
553
545
542
543
541
536
543
556
557
547
541
531
525
540
556
560
557
552
548
540
532
530
526
525
525
525
531
534
537
544
553
565
565
569
568
562
552
544
539
530
522
521
520
519
524
547
574
600
615
629
630
633
620
604
593
580
565
554
550
543
535
532
535
536
536
538
553
575
594
594
602
606
593
582
572
556
546
538
530
525
526
526
526
524
527
541
555
553
555
548
566
582
588
580
576
571
559
551
550
547
542
536
536
533
534
537
545
563
578
583
606
619
619
600
591
587
569
558
552
545
534
530
532
531
533
534
551
569
578
586
596
609
592
576
576
564
552
545
542
534
530
532
530
532
537
544
552
553
556
567
571
572
575
569
561
561
554
544
538
536
531
530
533
539
549
547
550
560
563
562
557
560
559
553
551
552
556
549
553
557
565
563
563
571
578
569
564
571
570
563
558
561
560
558
552
554
564
577
576
578
589
586
579
579
578
569
562
561
558
553
550
558
570
584
592
604
609
604
595
593
587
571
563
562
559
555
550
551
559
567
564
569
587
602
604
600
604
602
591
582
579
577
567
563
563
563
561
557
560
566
567
572
572
582
576
568
563
562
560
557
559
557
546
539
532
529
525
531
559
595
616
622
603
572
563
556
551
548
543
534
530
529
530
528
528
529
525
526
526
530
536
541
549
551
555
546
539
539
542
549
563
590
627
604
610
592
585
568
561
564
558
550
544
545
542
541
538
538
541
543
547
550
553
560
567
574
575
579
587
586
588
577
572
576
569
566
563
565
566
565
562
562
574
587
578
574
583
586
577
568
562
564
563
566
563
563
567
574
575
577
579
583
588
573
566
564
563
561
555
553
556
563
550
554
555
553
556
558
559
553
552
551
545
543
541
537
536
537
539
555
584
644
703
685
671
663
606
591
574
558
555
551
548
547
542
540
540
540
537
540
545
564
605
636
635
611
595
587
577
569
563
561
560
560
558
565
569
584
597
591
600
596
598
593
594
592
589
584
575
573
572
573
572
564
561
559
556
563
571
579
585
606
621
623
616
608
604
593
591
581
575
570
566
564
572
589
604
605
624
636
629
626
615
604
591
585
583
582
576
581
587
590
590
587
585
586
589
581
589
600
609
606
606
606
606
599
601
601
586
580
574
573
570
568
577
588
597
595
605
610
604
596
593
584
573
570
568
573
577
578
583
592
618
654
676
655
625
612
594
580
573
567
561
561
566
572
588
596
619
629
624
603
603
600
596
582
582
583
579