961
931
932
1010
1289
1239
1145
1059
1000
968
928
903
933
937
956
926
919
929
999
1129
1076
1010
1054
1120
1206
1162
1068
1028
1043
1093
1113
1111
1063
997
967
988
1071
1180
1211
1199
1142
1053
1091
1119
1169
1171
1104
1097
1140
1217
1163
1072
1063
1119
1331
1305
1187
1020
989
999
1025
1088
1142
1107
1038
995
1003
1059
1147
1199
1188
1146
1078
1044
1069
1122
1237
1173
1131
1064
993
964
1037
1390
1259
1208
1150
1123
1081
1057
1101
1185
1233
1201
1217
1170
1178
1263
1303
1256
1147
1123
1165
1280
1278
1239
1284
1230
1156
1074
1083
1196
1325
1231
1167
1158
1184
1193
1145
1092
1074
1081
1114
1126
1165
1139
1087
1056
1087
1126
1140
1126
1102
1125
1208
1264
1272
1161
1150
1143
1180
1183
1153
1109
1160
1191
1210
1168
1145
1116
1120
1147
1144
1196
1119
1119
1138
1159
1131
1069
1087
1098