1165
1194
1229
1241
1247
1253
1221
1227
1172
1266
1348
1327
1269
1272
1267
1229
1188
1239
1320
1305
1202
1170
1188
1314
1405
1413
1330
1318
1274
1229
1236
1324
1411
1300
1285
1176
1171
1268
1354
1399
1337
1204
1213
1338
1361
1348
1231
1166
1160
1353
1441
1394
1295
1251
1277
1295
1295
1335
1225
1222
1296
1276
1189
1187
1321
1328
1242
1162
1217
1276
1245
1167
1174
1300
1346
1345
1252
1246
1258
1270
1237
1192
1181
1215
1264
1188
1118
1169
1293
1332
1267
1217
1305
1328
1287
1314
1247
1219
1256
1384
1400
1366
1245
1197
1337
1417
1279
1182
1103
1113
1190
1251
1214
1172
1123
1225
1280
1253
1193
1127
1226
1369
1355
1282
1229
1194
1317
1352
1367
1284
1220
1294
1415
1415
1363
1304
1237
1312
1383
1361
1300
1217
1354
1435