769
796
785
775
783
789
775
754
754
743
744
749
753
771
770
777
793
790
786
771
757
751
741
524
955
788
805
831
864
868
878
499
1105
887
885
882
876
859
866
866
848
847
856
850
830
843
870
884
875
882
890
882
849
835
841
829
797
789
760
721
709
729
752
772
801
812
795
795
810
507
1007
782
775
763
761
781
823
832
502
1048
847
654
984
801
798
793
798
813
809
812
825
835
824
829
828
816
794
791
815
825
809
824
844
834
831
812
793
773
772
782
794
799
779
754
710
684
681
673
655
648
652
653
645
641
642
644
633
637
629
641
642
634
630
634
642
643
631
636
640
648
642
641
637
645
647
635
630
642
646
641
634
634
652
653
646
650
657
669
663
655
656
661
670
658
657
662
670
665
650
659
663
670
660
671
682
702
694
691
690
699
694
685
680
689
708
715
695
702
703
699
687
692
701
726
737
745
767
803
811
792
639
946
740
710
720
709
753
790
796
776
795
536
1033
787
767
776
797
800
799
834
855
847
822
834
833
812
795
816
823
816
796
770
772
703
812
739
759
801
797
789
813
842
845
814
813
834
842
839
814
802
812
847
841
838
854
851
826
837
855
854
820
806
824
850
862
842
864
869
869
830
845
844
839
813
824
831
823
802
827
826
823
799
790
809
832
827
823
545
1023
812
794
794
804
782
766
779
791
798
815
843
858
833
835
824
781
798
799
809
777
767
780
800
786
770
778
790
819
788
748
737
713
689
689
678
666
656
654
654
645
635
636
637
636
619
616
619
623
616
607
607
613
620
586
636
612
618
624
612
605
608
611
609
600
603
605
605
596
598
601
603
591
592
595
597
585
585
587
592
589
579
580
583
588
585
581
579
577
582
592
596
604
609
601
595
595
594
584
581
582
583
583
575
578
579
580
576
575
577
583
576
516
637
583
577
577
578
581
589
584
581
578
580
584
581
576
573
572
575
579
570
568
569
568
564
560
562
562
564
559
561
493
626
566
559
558
559
556
551
548
549
552
558
556
552
554
556
558
555
555
554
557
554
555
557
561
556
555
553
557
555
553
554
558
561
559
558
557
562
568
566
565
566
568
568
560
558
558
563
561
557
558
558
560
563
558
561
556
456
662
568
563
559
558
559
559
562
559
556
556
557
560
555
557
556
488
633
568
562
568
570
564
566
565
567
560
560
559
561
555
557
558
565
517
607
567
569
567
564
563
567
575
568
566
563
568
565
559
556
556
560
552
552
553
558
560
561
557
557
553
547
548
545
459
637
540
541
539
539
536
536
536
459
619
537
533
534
533
534
534
528
531
532
535
531
532
534
533
536
531
533
532
532
535
534
531
529
528
529
529
530
530
532
531
532
534
528
527
453
597
536
530
532
535
439
641
549
544
548
557
555
557
557
563
562
559
564
567
569
563
563
567
569
565
562
566
566
561
560
486
636
560
555
552
556
557
564
562
560
565
566
576
570
566
565
567
560
556
553
556
559
549
547
545
548
559
572
573
576
572
563
556
554
549
549
555
548
546
547
548
540
540
537
539
542
539
540
535
534
532
533
535
533
534
537
538
543
548
547
548
550
545
543
541
539
541
539
474
597
538
531
531
528
531
531
533
534
535
534
497
566
529
490
562
529
522
512
531
522
519
518
521
517
519
519
521
515
518
516
515
513
514
513
511
511
509
508
508
507
506
505
505
504
503
500
497
466
527
500
494
496
496
493
494
492
495
495
497
496
499
498
498
497
500
499
446
542
496
492
495
492
489
491
489
490
490
482
501
492
497
499
501
503
500
501
501
499
498
496
497
496
497
493
497
493
494
493
492
454
526
489
489
493
491
489
407
563
494
490
488
487
487
487
484
485
476
490
483
484
482
482
483
481
483
409
551
486
484
484
483
483
481
484
483
481
484
483
484
482
483
480
482
480
479
479
478
479
478
430
518
478
476
475
474
473
474
473
472
472
470
473
471
469
470
469
470
469
468
468
462
475
468
468
467
468
471
469
467
449
480
469
467
465
467
469
469
467
391
535
475
468
465
468
465
467
465
465
463
465
464
461
464
462
464
464
463
466
465
467
466
465
464
464
465
462
465
465
464
466
463
463
462
464
464
462
464
461
463
464
463
464
461
465
465
462
465
465
466
466
464
466
466
467
465
465
464
465
466
463
463
463
463
464
461
461
461
463
461
461
460
460
463
460
461
460
462
462
460
460
459
463
461
459
462
459
463
463
458
462
460
462
462
460
460
460
461
459
458
457
458
459
453
458
454
457
456
455
453
457
456
454
455
454
455
455
453
453
453
407
493
454
453
453
452
451
454
455
453
456
454
455
458
464
464
464
465
464
469
465
464
466
464
460
462
461
462
462
460
462
460
459
461
458
455
458
457
454
455
453
457
455
454
456
459
458
457
458
459
460
456
456
458
457
454
452
454
455
451
451
449
452
449
446
446
446
445
442
443
443
442
440
438
440
441
438
438
436
440
438
437
434
436
438
435
435
433
438
433
435
432
435
434
432
433
431
436
434
433
431
434
435
433
411
451
434
435
432
431
429
431
432
434
429
431
429
434
430
412
451
431
436
431
433
431
436
434
421
440
432
435
433
431
430
433
432
430
429
430
432
430
429
428
433
431
430
428
431
431
429
428
428
431
430
427
429
430
430
428
427
428
429
428
426
426
428
429
426
426
426
428
429
426
426
424
427
427
425
425
423
427
425
422
422
423
426
423
421
421
421
425
422
421
418
422
422
419
419
419
421
421
418
420
364
472
421
418
417
419
420
417
417
416
417
419
415
415
414
416
418
414
415
414
415
416
412
415
412
416
414
413
413
372
451
417
415
413
404
422
417
415
413
413
416
415
412
412
413
415
413
412
412
414
414
412
412
411
415
412
412
411
412
414
411
412
410
414
412
411
411
411
415
411
412
410
414
412
411
412
408
413
413
412
409
411
414
412
411
409
413
412
410
409
411
411
411
410
408
407
409
411
409
408
410
411
411
410
409
413
411
411
410
411
413
411
410
410
411
414
410
409
408
410
413
410
409
398
423
410
409
408
411
409
408
406
409
409
407
406
407
409
407
406
405
408
406
405
403
266
542
407
404
402
408
396
415
403
403
405
405
403
404
403
406
404
405
404
404
408
404
404
404
404
408
406
403
407
405
409
407
405
406
405
393
824
412
407
407
406
407
405
404
403
401
412
408
406
400
413
409
407
277
434
406
490
410
405
406
407
406
406
406
404
406
404
407
409
406
297
348
411
392
379
369
361
568
378
353
393
525
432
411
409
307
379
517
409
405
401
401
402
403
390
409
400
403
398
400
397
401
399
399
396
400
400
398
398
397
399
399
398
397
398
327
371
489
403
400
398
396
397
377
418
398
396
398
398
394
401
398
400
397
398
398
400
399
398
397
399
399
397
397
399
398
397
397
399
397
396
397
399
397
396
396
350
440
399
396
394
397
396
381
400
344
449
374
337
467
399
393
395
393
396
352
428
395
301
315
519
405
392
389
391
389
379
394
390
389
387
387
387
387
389
387
387
387
388
386
382
391
389
389
386
386
387
388
387
386
387
385
362
410
389
384
387
387
386
386
384
387
385
385
300
373
471
389
346
418
390
383
384
383
384
384
383
383
382
383
288
342
505
394
387
381
384
380
378
339
424
383
381
382
380
380
381
380
380
380
379
380
381
379
380
380
380
379
379
377
380
379
379
379
380
380
325
329
414
420
404
381
379
379
380
378
380
378
380
378
378
378
378
379
377
378
379
377
378
375
311
444
376
377
377
377
375
375
375
376
375
375
376
377
375
375
375
376
376
376
374
378
375
376
376
378
373
376
375
317
307
491
386
373
376
374
311
439
374
373
375
371
377
375
374
319
421
380
372
372
371
372
373
370
372
374
373
372
371
372
312
433
322
424
277
287
430
445
409
360
387
370
370
369
368
370
369
357
383
374
374
374
375
375
376
376
357
396
382
377
302
446
324
440
382
372
389
382
382
382
382
383
383
381
382
386
382
385
385
275
484
393
380
278
485
394
383
389
302
465
392
385
301
469
396
384
277
490
396
382
389
394
390
393
386
397
393
393
392
390
396
395
396
389
404
400
398
396
400
375
425
402
396
403
403
400
377
417
339
464
407
344
461
356
448
407
401
406
402
404
406
407
410
388
433
412
413
415
339
482
396
437
416
415
396
436
420
281
554
427
418
396
438
419
282
555
348
494
424
282
320
552
450
436
427
421
422
422
418
427
421
427
423
430
340
512
438
428
435
429
433
432
436
374
492
439
436
438
438
438
438
440
443
439
313
400
605
349
547
345
541
451
442
390
491
425
463
443
442
445
448
354
536
455
452
454
450
449
457
332
409
615
376
547
464
453
455
455
373
533
464
454
460
455
458
456
462
458
459
460
432
489
351
563
362
559
351
563
354
558
463
452
456
449
451
450
450
462
460
414
515
471
464
474
467
470
376
577
396
566
486
479
480
485
495
486
490
477
492
496
492
477
445
354
417
304
940
504
484
392
479
559
484
473
492
478
477
487
444
528
491
481
451
522
491
479
487
494
488
488
484
486
484
486
486
492
485
484
500
497
492
496
490
510
497
496
500
496
387
595
503
492
479
493
493
488
481
484
491
486
483
487
497
491
495
493
506
499
498
504
512
504
501
515
515
512
510
521
515
513
504
522
510
511
517
514
511
507
514
524
517
519
521
347
677
525
513
521
513
512
516
512
507
513
510
510
503
517
512
512
512
519
515
512
511
516
513
510
521
518
520
521
523
519
521
518
523
378
653
529
528
522
522
379
659
532
527
523
529
523
524
524
530
525
527
527
530
528
523
528
525
525
371