590
620
617
614
620
621
617
613
612
619
623
614
609
604
604
610
610
613
622
635
641
632
630
630
623
614
610
601
599
592
599
603
604
603
593
576
578
573
580
569
575
574
573
568
555
564
560
552
546
541
536
529
533
519
532
515
526
525
523
524
526
531
528
531
527
534
521
541
534
536
536
537
538
539
540
531
544
548
562
569
564
557
551
554
538
545
547
537
540
538
540
538
539
526
539
532
534
534
526
526
524
523
526
524
514
524
516
524
522
527
531
537
540
543
544
532
548
532
544
546
542
546
547
547
535
544
544
540
538
540
539
538
537
531
541
537
552
550
556
558
554
556
550
554
550
551
548
540
544
536
539
540
539
542
543
543
537
539
529
543
537
551
554
553
562
567
573
562
570
567
572
568
561
566
563
566
569
572
572
561
564
556
554
555
556
559
552
563
567
567
567
577
580
580
591
586
594
594
580
588
583
587
582
563
572
574
573
576
566
585
593
585
587
586
588
576
586
582
573
582
581
582
576
576
575
568
563
562
557
565
557
564
553
565
567
559
568
556
568
555
565
566
572
567
563
574
581
570
583
566
587
575
579
575
563
572
568
565
559
560
548
545
551
549
543
552
549
546
536
547
540
543
549
542
551
554
561
552
567
572
570
574
565
564
565
552
544
552
551
545
551
563
561
560
555
566
564
555
561
559
565
565
573
580
583
584
584
589
584
586
588
591
585
585
582
587
584
579
592
578
588
590
587
595
580
604
604
604
611
625
615
618
607
589
582
580
583
583
584
580
585
589
591
587
586
583
587
583
576
570
550
557
552
551
547
555
558
551
560
566
574
581
574
591
590
583
582
569
577
564
572
567
549
563
558
556
551
541
544
546
541
538
538
535
538
541
551
552
555
543
545
534
531
534
526
526
528
526
518
523
524
518
510
517
509
501
505
511
502
500
500
500
500
496
504
501
505
512
504
511
514
507
510
521
514
514
514
520
508
513
520
513
511
519
519
510
517
518
513
504
509
512
505
501
505
497
488
498
495
492
486
487
485
496
480
491
494
485
484
488
494
488
497
500
491
497
508
496
495
496
496
496
496
494
501
506
498
495
505
504
495
499
510
503
498
505
503
503
507
504
499
509
498
496
499
499
494
492
496
485
487
498
489
491
496
494
487
495
490
487
496
488
491
497
485
492
498
492
485
497
495
488
497
490
480
489
489
474
487
492
478
482
492
481
485
487
473
480
487
474
488
479
475
485
479
475
478
479
475
484
472
481
483
479
478
480
479
477
478
475
474
476
464
475
477
463
477
472
468
479
466
473
381
564
475
484
473
481
482
478
484
472
469
479
468
473
476
475
472
475
475
472
480
473
471
482
473
473
476
466
475
479
464
479
471
476
479
471
465
477
463
465
469
459
467
456
452
463
452
461
454
447
456
453
449
455
442
457
448
447
453
449
454
452
447
458
456
446
458
442
455
453
452
452
447
897
441
454
448
904
442
458
448
455
454
457
450
458
448
463
452
458
452
453
454
458
449
462
453
455
455
456
454
458
446
461
453
454
457
453
451
459
446
454
460
453
456
449
456
459
445
456
457
447
459
443
453
455
443
454
444
441
454
435
445
447
439
445
432
445
440
438
437
433
439
434
431
441
431
434
430
424
869
432
423
432
433
430
434
425
435
431
423
430
431
431
433
426
430
430
436
423
438
428
425
438
420
437
429
430
430
427
439
429
422
438
429
430
422
435
422
423
439
419
432
427
428
432
418
432
425
428
417
423
431
414
428
421
420
422
1245
424
415
419
413
407
834
416
405
416
416
408
414
412
409
406
415
409
405
827
822
416
415
408
408
412
411
405
413
403
414
405
819
405
417
402
417
404
417
409
407
414
405
416
400
416
411
406
413
412
411
402
416
405
418
405
827
406
410
403
417
409
403
407
402
417
397
414
401
414
406
806
397
412
397
407
408
402
399
399
808
408
396
405
406
402
398
804
396
405
395
406
396
396
410
398
408
396
408
395
407
406
400
409
403
409
401
411
407
402
415
403
417
399
413
404
410
398
408
410
810
399
411
401
817
400
409
403
414
403
400
416
395
416
400
413
408
396
416
400
418
398
415
409
403
417
396
415
399
404
413
407
407
401
410
404
405
408
396
417
398
412
399
403
413
403
409
399
413
398
411
407
406
411
404
410
403
414
403
402
413
401
411
403
415
401
403
414
401
412
408
410
404
818
396
411
405
810
403
406
396
410
403
406
396
403
404
402
407
397
407
395
804
801
396
405
400
393
409
393
411
394
408
403
398
401
397
407
393
404
396
400
398
395
401
393
403
388
398
402
394
393
394
403
389
397
391
398
390
388
400
391
397
383
399
390
392
391
387
402
386
396
386
394
392
396
390
385
780
398
385
397
384
396
386
777
390
390
386
394
379
392
388
391
387
379
772
391
379
391
377
387
389
382
383
765
376
390
375
389
380
386
381
377
389
384
379
377
391
372
388
378
385
382
371
382
379
388
376
384
377
381
375
383
377
372
383
758
368
392
370
381
369
379
377
379
374
365
381
370
384
370
378
373
385
370
378
378
381
373
368
383
379
378
374
381
373
377
376
380
375
373
383
375
373
373
385
373
380
370
382
370
374
383
375
375
373
388
750
369
381
748
382
373
379
369
391
358
390
368
382
368
386
371
369
382
756
750
367
381
367
379
380
372
375
369
386
751
369
378
371
374
377
368
380
365
385
372
378
368
380
374
373
377
372
367
370
382
367
379
367
379
366
375
378
371
372
1107
381
363
379
367
374
368
369
375
368
368
367
379
369
371
366
374
365
367
379
365
374
368
376
368
377
365
376
371
361
378
364
376
364
377
365
377
362
375
372
368
369
366
367
368
378
363
378
361
376
373
369
363
362
378
367
373
359
378
363
370
374
370
359
365
380
733
364
372
367
370
368
356
377
362
376
364
373
355
378
368
370
365
354
378
363
370
361
376
360
374
735
364
732
363
370
365
369
358
373
366
370
362
358
373
354
379
360
371
353
374
359
370
365
353
370
732
358
371
355
370
360
367
365
721
729
360
368
352
370
361
367
362
351
369
363
366
357
368
352
372
360
365
364
353
368
356
367
359
368
352
372
356
364
365
352
365
354
366
354
369
721
354
363
353
364
360
360
359
714
354
364
356
366
346
369
354
364
359
348
365
358
364
354
366
350
366
355
361
362
358
254
440
370
356
362
350
366
347
368
354
362
359
349
360
354
365
352
365
354
358
354
362
354
359
363
359
353
348
367
716
354
364
347
367
356
360
359
345
365
352
368
353
362
354
358
349
360
361
358
354
346
367
351
362
351
362
344
364
354
357
355
705
343
362
349
364
350
360
351
356
351
353
360
355
350
1056
361
347
358
348
357
354
355
354
343
353
348
365
349
356
346
358
339
362
350
356
353
342
354
709
346
359
342
360
347
354
357
351
351
346
350
349
362
341
360
345
355
341
356
356
351
353
340
357
347
360
348
355
343
357
352
350
352
348
351
345
361
345
356
345
356
340
358
354
351
348
340
360
345
356
347
357
340
358
351
353
351
346
353
340
361
341
359
342
355
347
352
349
347
354
350
345
340
360
346
354
341
356
336
356
344
354
347
343
348
342
354
340
354
337
355
340
353
341
350
340
348
352
343
341
340
348
345
347
341
353
338
354
340
348
333
352
349
345
345
332
349
338
350
338
687
354
338
350
330
355
340
349
345
341
347
328
350
338
354
686
337
352
337
349
337
347
332
351
346
343
343
340
349
340
337
335
351
336
354
333
349
339
347
335
347
330
350
339
343
342
336
350
338
337
331
348
335
347
337
350
334
347
334
346
331
347
337
343
337
340
346
337
338
336
344
336
334
337
350
336
347
331
348
334
346
331
347
331
344
339
342
337
340
342
338
338
335
333
334
345
333
342
337
347
330
349
330
346
330
352
331
341
326
352
334
345
341
337
338
326
345
339
341
329
342
339
341
681
339
339
339
343
344
343
347
346
344
345
345
343
344
343
342
348
344
345
347
346
345
345
348
347
346
347
350
349
348
350
347
350
350
348
700
351
353
353
355
349
354
706
353
355
356
352
1069
358
719
355
361
359
360
356
361
359
361
365
362
359
365
363
364
366
367
736
738
375
373
377
373
373
378
756
379
384
762
383
387
768
379
390
383
392
389
386
383
385
388
388
388
393