1041
1063
1077
1088
1073
1128
1133
1065
1071
1092
1085
1091
1159
579
488
1080
1099
1037
1038
1119
822
287
1104
1125
665
391
1099
627
451
416
614
1084
1089
982
1053
1206
2055
1048
1038
1022
1024
876
867
979
1012
950
1007
989
929
938
1008
971
501
1210
996
997
972
892
884
793
765
813
1759
969
982
936
979
1011
988
913
971
1008
426
603
1099
1037
1859
955
906
903
989
1029
995
1050
1065
996
1052
1058
1005
1071
1125
1075
445
641
2056
1025
946
959
1036
1023
1006
1074
951
1002
1014
1037
1133
1067
920
1003
1013
968
1092
1038
959
1001
1082
981
1019
968
946
1023
1069
1020
1080
1120
1043
1077
1053
957
981
1025
970
990
1005
981
939
1015
956
907
965
948
857
777
741
851
1002
1078
1072
1030
956
914
838
814
779
728
809
958
921
958
989
943
984
993
975
980
959
898
885
950
981
923
857
931
1012
971
965
1004
952
910
968
1050
1030
1023
1042
993
965
1029
1063
979
992
1019
950
972
1024
947
961
1010
967
846
901
987
990
981
1040
1055
993
979
1014
1007
922
936
1018
1056
998
1037
1088
1094
1084
1082
1100
1095
1072
1028
943
869
1017
1076
1070
1054
1013
1014
1048
1063
1017
939
872
913
1030
1071
1078
1080
1095
1005
1041
1055
1031
998
953
1029
1075
1019
931
926
912
816
871
943
1010
949
951
995
1084
967
996
1016
925
882
879
954
1014
962
860
821
997
1033
1048
1066
972
969
1047
1072
1057
996
1008
1063
1074
1063
1073
1078
1079
1056
1061
1068
1073
1036
879
843
800
744
841
854
794
836
867
903
831
876
875
858
825
870
899
904
881
824
845
866
867
813
872
885
856
799
811
904
963
907
845
885
850
849
920
1002
999
867
766
784
815
868
957
863
877
929
981
953
979
1045
935
876
805
844
899
938
941
1001
982
938
821
858
852
894
892
864
872
904
855
831
856
925
896
848
891
959
1001
978
1104
1132
1035
1036
1078
1023
1018
1086
1086
1023
1118
1155
1127
1115
1120
1117
1065
1109
1137
1096
1095
1139
1044
943
1007
1112
1096
1032
1016
957
1122
1058
887
765
710
651
646
770
908
941
990
997
980
1026
998
981
928
920
916
912
977
1017
969
951
994
1010
915
936
932
905
837
889
938
956
858
804
842
879
916
880
797
788
821
840
815
765
780
837
865
857
845
924
972
947
890
926
933
901
833
917
925
863
984
961
856
886
950
896
797
883
877
854
857
896
927
880
852
922
910
888
796
843
903
919
843
989
962
886
898
922
891
821
858
879
878
814
849
873
842
776
833
855
883
857
828
803
768
720
652
669
779
997
1046
1031
947
926
908
874
806
813
937
1041
1063
976
982
951
879
867
990
1031
968
882
813
818
1046
1099
1025
969
950
982
933
885
860
903
980
1017
923
968
967
967
959
902
912
903
1009
1045
997
944
894
793
748
856
950
959
1000
948
884
731
689
654
665
701
920
993
904
927
1001
906
806
864
920
914
817
844
903
937
855
929
917
870
887
992
961
901
937
948
887
924
955
898
871
919
860
771
767
746
695
849
834
1002
1048
945
928
924
871
798
813
803
862
888
981
1039
917
947
1026
1039
1013
899
815
709
682
697
795
938
892
833
873
902
890
830
705
674
693
773
860
901
983
999
982
966
1009
1021
1005
926
927
955
934
978
1021
1021
953
805
821
830
894
925
819
885
900
926
909
888
989
1027
1010
928
957
938
918
912
983
1024
1016
972
822
780
761
696
731
910
908
870
832
863
987
996
989
903
948
954
954
935
955
1005
1005
920
974
1014
1013
956
1007
988
947
983
990
980
861
920
940
910
903
990
1010
971
820
784
812
875
960
1014
1038
1034
1032
1005
999
919
834
752
706
714
930
999
1021
1014
1021
1015
904
881
950
998
1005
909
978
1001
991
985
973
988
994
950
847
863
907
940
824
777
829
938
1002
1004
965
984
958
926
925
974
986
987
994
1010
1014
1005
996
995
995
981
891
933
976
986
988
993
931
850
790
818
736
752
923
815
734
788
892
973
919
832
776
746
791
822
798
952
999
1002
989
861
719
813
942
979
975
983
981
997
988
956
968
970
977
988
996
980
928
745
793
804
804
896
1008
1040
1004
923
921
789
722
713
811
938
915
842
775
760
718
680
701
749
728
768
833
847
835
721
671
686
748
896
957
875
894
1036
974
879
919
993
994
949
925
915
928
919
894
952
929
906
908
968
891
748
698
658
696
813
959
860
877
885
909
827
770
711
694
698
695
672
687
782
813
766
755
763
760
768
718
735
756
813
817
794
753
741
726
714
695
627
616
594
589
638
825
844
830
906
965
926
849
838
785
676
640
611
589
563
565
566
575
558
556
553
537
524
530
524
529
535
534
523
524
532
526
517
516
510
512
508
519
524
521
526
543
561
552
547
539
535
542
548
547
550
559
570
592
595
589
620
649
647
652
648
679
735
673
711
718
691
686
718
740
780
747
688
678
696
710
716
704
724
676
655
638
655
694
833
915
817
827
839
831
722
693
677
671
668
709
838
912
984
997
943
857
841
801
725
703
702
712
742
741
748
786
835
778
745
693
679
678
688
741
757
735
739
710
726
739
804
867
949
1021
1051
980
859
748
729
741
755
715
698
796
785
610
1006
800
724
664
649
651
694
754
855
806
819
833
849
850
793
814
798
784
829
870
908
882
823
767
741
785
734
706
719
708
681
709
760
844
876
896
940
894
848
782
786
824
906
865
819
848
877
883
880
885
895
883
835
879
966
976
954
907
965
905
821
777
782
829
854
811
832
826
790
734
738
746
760
770
771
729
710
730
760
720
732
767
767
766
810
831
833
848
771
765
758
709
665
652
619
633
813
948
869
811
801
830
815
764
724
691
683
660
703
827
849
788
857
902
893
861
764
739
697
676
693
715
767
794
779
732
667
639
598
611
650
700
795
727
734
748
715
709
733
749
796
786
763
728
742
737
781
836
765
745
669
670
648
690
773
750
699
707
700
700
677
687
709
733
779
739
693
663
680
712
731
728
694
688
710
688
681
680
650
619
621
656
709
729
693
727
744
824
844
832
729
684
682
725
726
683
729
769
718
698
695
734
704
696
660
617
592
570
572
574
593
627
636
626
606
569
550
545
542
550
543
582
592
604
591
575
575
589
617
617
566
558
561
539
535
536
551
568
616
687
630
681
668
792
780
697
650
645
646
664
649
672
607
621
620
624
619
665
818
776
764
664
653
659
716
689
672
655
641
646
648
704
724
660
719
735
683
638
665
681
719
648
645
668
790
802
720
697
656
645
648
626
586
272
355
273
708
532
509
501
498
479
481
483
469
470
476
470
464
464
458
461
453
446
455
448
446
886
446
444
434
1189
391
586
863
349
590
361
432
866
438
424
427
863
1097
589
2029
4078
425
431
432
432
424
426
425
857
425
424
845
424
281
563
422
419
428
410
423
416
416
414
414
414
826
610
614
406
411
818
407
409
402
402
406
404
409
817
401
402
396
399
398
398
400
399
364
438
397
397
375
1233
806
401
400
400
399
810
804
407
257
541
398
398
2397
285
1338
914
1946
1846
390
391
394
785
388
638
418
492
380
384
383
386
382
389
388
1160
379
395
769
378
390
385
389
392
778
388
393
687
363
504
389
385
393
385
396
386
397
780
260
517
387
387
389
385
388
390
1446
503
389
388
391
387
393
388
391
777
777
772
381
385
385
386
774
393
384
532
539
350
529
391
388
1183
512
259
401
253
905
389
387
392
1167
395
784
271
520
394
389
394
392
396
391
394
358
431
394
395
390
390
383
393
392
389
396
787
801
400
400
397
796
795
797
295
494
389
389
389
386
391
389
1170
391
396
390
393
395
390
400
396
396
792
393
786
391
385
387
390
389
524
258
396
390
721
484
396
392
396
392
394
793
1184
389
383
386
386
387
585
591
786
396
396
393
391
396
395
395
394
396
394
393
390
392
386
387
386
385
387
382
388
385
391
384
390
386
386
383
383
386
390
396
391
396
392
394
392
393
387
394
394
396
396
395
399
396
397
395
396
398
396
395
392
396
391
399
394
396
391
391
395
395
396
390
397
394
396
395
397
395
396
394
396
395
396
397
396
397
393
397
393
395
389
390
386
386
382
384
384
386
388
384
386
383
390
386
387
382
384
379
381
375
377
375
373
376
375
376
376
378
374
378
371
377
371
376
370
375
369
375
365
374
370
373
369
373
369
374
371
371
372
372
373
372
373
373
370
372
371
372
369
373
374
371
374
373
746
373
369
378
371
372
376
374
332
320
461
607
499
739
371
363
374
614
415
304
528
369
372
376
374
379
374
376
380
382
379
382
380
1896
373
750
375
379
376
378
380
378
378
379
759
382
534
610
490
268
375
603
715
568
381
382
385
381
382
769
765
380
381
496
269
1149
382
379
381
376
377
379
381
381
378
383
989
901
382
1137
385
753
377
968
517
591
535
368
764
378
380
379
378
380
382
1127
733
1347
2166
786
621
380
306
1567
383
740
284
1568
1033
328
521
370
373
374
366
368
372
492
612
372
364
364
370
364
363
360
733
1091
373
740
1457
1135
377
382
381
378
381
380
380
758
533
603
380
376
381
386
383
760
375
385
343
418
759
1022
500
379
380
378
381
382
373
381
372
372
371
370
369
370
367
367
363
732
366
363
364
368
363
358
544
332
574
364
357
365
360
271
317
342
510
825
417
912
729
369
369
377
377
376
380
377
539
1086
1105
383
384
386
395
393
391
391
396
395
396
399
403
404
403
405
408
405
410
411
408
401
403
813
328
485
416
408
410
410
417
428
439
435
433
447
441
453
459
459
908
457
454
448
457
458
451
446
446
470
469
462
470
490
483
495
488
480
473
471
485
475
473
470
504
515
506
498
517
541
534
445
766
617
598
567
534
499
505
482
1498
664
812
341
445
728
639
1235
1151
1177
460
686
508
369
522
302
537
506
578
580
443
620
621
1852
655
708
687
469
861
689
668
654
635
618
556
541
539
563
628
797
818
807
759
652
1025
1016
580
575
1411
1295
1916
1755
551
524
519
509
503
493
496
505
517
552
637
632
605
615
609
571
556
1077
512
510
521
532
654
417
545
417
749
560
563
565
560
548
532
521
527
523
510
505
492
495
494
499
505
511
507
502
498
501
531
561
576
548
554
555
555
550
539
562
571
597
557
528
522
520
527
527
523
526
531
549
549
559
531
529
532
529
526
527
528
543
548
540
543
551
543
528
521
512
509
511
509
517
512
511
533
539
535
544
554
562
550
537
542
533
528
521
525
532
552
546
537
510
506
500
498
512
517
518
527
549
551
551
536
531
523
527
532
537
528
522
520
514
521
521
521
525
521
519
510
504
505
504
506
502
509
514
517
521
523
524
545
559
560
556
563
576
593
585
574
554
541
542
554
562
553
556
560
565
560
545
554
550
542
529
529
527
526
520
506
494
496
483
969
479
476
470
465
462
461
456
447
449
451
444
443
443
439
438
432
1023
278
284
575
425
421
431
852
1273
423
419
419
1627
510
549
1199
2575
433
524
633
675
820
820
411
405
411
408
411
410
412
407
409
404
815
409
402
408
399
404
395
400
391
404
941
253
398
396
398
395
396
399
407
407
410
1239
825
411
407
809
399
407
406
402
404
398
406
404
406
403
403
402
803
400
398
805
403
402
397
405
801
396
790
396
394
285
509
396
399
396
402
787
791
395
259
533
396
392
396
395
392
393
391
390
386
389
386
385
289
485
386
384
381
387
383
388
388
388
384
772
775
384
387
447
325
384
387
383
393
383
392
386
388
388
388
389
393
385
389
387
388
391
393
395
796
398
788
401
398
396
391
393
390
391
385
390
391
1564
786
782
454
319
389
394
1564
791
393
396
394
782
388
381
399
1178
389
390
783
786
396
399
395
796
795
396
397
401
400
793
801
398
401
401
399
398
396
398
400
403
1142
1265
398
395
398
801
502
334
769
400
403
811
256
556
410
405
415
342
480
407
415
405
406
396
403
1204
797
399
406
401
404
400
400
405
404
404
814
370
448
412
410
408
410
407
408
406
817
814
297
510
798
397
400
401
799
803
807
801
799
1206
403
1204
403
405
400
402
401
400
407
816
406
411
816
406
406
408
821
815
405
409
400
809
393
827
409
404
403
409
821
836
309
530
423
419
414
417
417
314
522
410
419
401
401
404
524
1084
402
812
408
269
544
412
829
833
818
401
402
401
802
402
407
400
407
399
405
338
456
1189
399
402
800
798
392
402
399
398
397
393
403
402
407
408
404
403
406
410
408
409
413
414
832
420
415
411
412
415
416
423
420
421
419
419
415
415
413
415
415
417
416
423
420
424
424
427
436
444
439
438
441
448
442
438
437
432
432
429
435
438
442
443
451
466
461
459
460
465
945
472
471
467
460
461
461
467
1378
451
455
450
461
462
463
462
462
462
456
449
448
434
438
438
439
441
449
426
438
1312
435
430
430
428
425
430
435
435
435
437
448
445
441
439
441
437
439
439
441
445
443
442
445
449
459
462
459
458
462
473
476
471
471
469
473
470
477
938
456
454
453
452
453
461
455
460
466
479
487
480
472
468
464
459
457
454
462
467
474
473
472
481
493
495
492
494
494
499
486
962
482
480
469
468
462
462
464
468
467
474
475
476
479
488
515
522
524
511
498
499
485
472
474
467
458
452
450
455
460
469
948
486
484
485
477
478
471
470
470
488
1007
496
489
487
487
474
470
469
957
492
479
473
467
473
467
467
935
470
473
478
484
277
676
475
470
470
471
470
473
469
470
469
955
477
478
486
480
476
479
476
478
474
476
967
488
484
490
486
494
497
492
488
488
487
483
477
477
476
480
484
481
481
479
483
484
483
476
478
471
477
471
476
480
480
480
481
489
489
489
489
487
491
490
487
493
488
494
487
491
956
471
467
472
462
466
469
469
470
947
478
474
483
937
463
458
458
458
476
953
478
488
483
954
529
424
472
481
484
489
493
496
499
1002
498
505
487
951
474
946
476
477
480
489
486
494
1009
987
492
486
490
477
469
462
463
460
463
465
453
454
459
458
463
458
465
469
477
488
494
480
473
473
465
469
457
463
462
460
461
466
468
471
474
471
945
479
628
313
474
472
479
479
478
475
479
478
477
472
945
471
473
451
479
466
466
468
464
470
464
473
469
943
473
466
470
474
474
470
469
473
948
478
472
474
466
464
464
464
459
452
899
406
503
279
633
451
455
456
456
465
450
459
456
457
460
452
439
445
351
543
449
443
453
360
549
448
451
453
924
454
457
465
457
463
474
497
496
480
496
491
486
487
486
470
479
493
484
481
485
471
648
290
464
293
625
465
470
474
466
464
471
486
474
480
483
479
470
470
470
466
447
451
450
445
438
436
438
440
443
449
440
445
445
899
443
440
444
444
453
447
439
440
443
448
443
443
437
440
443
445
447
436
431
431
432
434
432
437
428
426
428
428
437
433
440
429
435
433
433
445
435
429
425
420
419
419
420
414
422
418
417
414
422
425
428
430
425
431
422
427
426
426
426
422
423
413
418
417
419
424
422
425
420
425
425
426
433
431
865
428
430
428
432
427
432
422
420
424
420
427
427
429
423
425
427
430
441
439
436
433
434
441
436
438
430
431
435
439
442
439
436
436
438
444
436
443
435
882
441
444
428
428
431
431
434
428
851
428
434
431
433
427
431
440
445
452
440
440
437
445
450
443
434
435
438
438
439
439
434
886
445
441
438
438
443
437
442
430
869
868
425
423
421
850
423
425
417
412
409
409
414
815
817
407
407
401
402
396
401
400
399
402
428
377
398
401
393
398
793
390
396
389
399
389
398
395
396
400
401
402
402
402
803
396
403
398
403
402
815
410
819
815
404
403
408
413
413
422
414
417
413
411
413
413
418
417
424
422
422
423
423
275
585
435
422
427
432
431
440
433
427
423
421
424
419
423
420
418
416
415
419
416
420
414
834
413
415
417
421
419
421
415
413
416
417
425
418
420
411
415
416
417
421
415
422
420
420
422
420
422
417
424
410
411
408
406
409
404
406
402
409
401
402
397
396
397
397
397
395
396
391
396
390
394
387
390
387
388
383
383
383
382
382
384
383
384
385
381
385
377
382
378
382
373
378
374
377
372
376
372
377
371
378
373
376
371
375
372
376
376
377
377
374
372
372
375
373
372
373
372
377
373
377
375
378
378
379
379
380
382
379
381
374
381
376
380
375
380
375
378
372
378
374
377
374
383
373
381
378
380
379
381
379
377
380
377
381
379
378
377
377
375
376
375
371
369
378
371
376
373
379
373
378
373
377
374
379
374
379
373
375
377
374
375
378
382
380
384
380
384
377
384
380
383
379
384
383
382
379
382
377
375
374
377
377
378
380
377
761
381
377
380
755
372
376
375
383
383
385
386
389
391
388
390
779
385
390
383
385
380
385
381
382
386
383
387
385
391
385
389
384
391
383
770
381
381
382
382
380
381
378
382
374
378
372
375
372
377
373
376
373
378
372
378
372
374
373
371
370
369
369
369
371
371
371
368
371
366
370
366
367
364
367
360
365
361
365
360
364
360
364
361
365
360
366
362
367
363
370
360
369
364
370
362
367
362
368
363
366
362
365
362
364
366
363
361
363
361
361
363
361
361
360
360
362
360
359
356
356
359
357
354
354
354
352
353
355
352
353
350
354
350
353
348
353
350
351
351
349
350
350
352
353
351
352
350
353
351
355
352
355
354
355
355
358
360
364
366
368
367
366
367
368
368
365
366
365
365
361
363
359
359
358
359
354
356
354
356
353
353
351
352
350
351
349
350
348
345
345
344
346
342
345
343
346
342
347
341
345
342
350
343
349
342
348
339
350
345
344
341
345
344
345
341
345
342
681
344
342
340
340
338
340
337
340
337
341
338
342
338
341
337
340
336
340
337
338
338
338
337
333
337
331
337
330
337
333
341
333
343
335
336
338
340
336
342
335
342
337
339
338
340
337
333
337
334
334
333
340
336
339
334
337
335
337
335
336
673
335
333
335
330
333
328
335
332
337
331
336
335
335
334
336
333
330
333
327
336
334
338
331
334
334
337
332
335
334
335
335
336
334
336
337
338
336
339
336
337
335
335
335
333
339
334
338
336
339
335
339
335
341
335
338
332
339
338
336
337
339
335
337
335
337
332
336
335
334
333
332
336
333
670
663
340
330
338
334
337
332
335
334
338
332
337
336
338
334
336
333
337
335
335
336
333
336
333
336
329
337
333
338
331
337
332
334
327
335
330
333
330
331
332
333
328
329
329
327
330
327
330
327
329
325
328
327
327
326
327
328
326
327
324
325
323
328
324
330
323
333
328
330
330
333
331
332
331
332
333
330
329
329
333
329
331
334
332
330
331
331
333
331
334
330
333
329
332
329
328
329
326
330
328
332
667
340
330
330
334
329
331
329
332
332
329
326
326
327
325
333
327
331
326
329
325
332
326
330
328
332
327
329
329
327
328
326
329
327
331
331
331
330
334
331
333
327
337
330
331
328
332
329
333
330
331
329
327
331
327
328
329
333
327
332
326
331
323
332
328
329
327
327
326
328
328
325
325
322
327
324
326
321
329
320
322
324
324
325
322
325
320
320
318
319
323
324
320
324
318
323
319
322
321
319
323
316
324
314
328
317
323
319
323
320
320
323
318
318
318
323
317
324
316
324
318
321
319
320
322
316
319
320
321
319
322
322
320
320
323
319
322
321
322
317
320
322
318
319
323
318
320
321
321
320
321
320
317
316
315
320
319
320
319
317
322
318
321
320
315
321
315
320
319
319
314
321
316
323
317
322
319
636
315
323
313
326
315
319
318
321
318
320
322
318
316
319
320
318
317
322
316
318
321
318
320
317
320
315
315
321
321
320
641
317
641
324
319
323
382
260
323
324
320
318
322
317
321
320
320
318
321
318
323
316
323
319
319
322
319
319
319
320
315
321
318
320
318
322
317
319
319
320
317
320
316
316
321
314
322
314
322
313
320
315
322
315
320
317
317
314
312
317
315
319
314
318
315
315
316
317
316
315
315
312
318
314
317
314
317
314
320
313
318
316
318
313
314
317
312
324
313
319
314
319
316
317
314
315
319
630
320
314
315
316
319
316
317
320
316
313
318
315
318
314
318
316
314
316
320
317
318
316
316
315
313
317
630
631
316
320
313
315
316
948
311
315
314
315
317
315
318
316
313
315
312
314
313
316
313
316
279
665
313
311
309
314
312
313
313
314
313
314
313
311
310
313
313
312
313
313
314
313
315
309
312
312
312
311
313
311
313
314
315
312
308
308
311
313
312
310
316
312
312
313
314
313
308
313
311
313
313
312
313
313
313
315
314
311
315
313
313
313
314
313
313
317
313
314
315
315
313
315
312
310
316
313
313
313
313
315
311
316
311
314
312
308
317
312
315
308
317
312
314
316
313
313
311
622
309
312
315
311
311
625
316
311
307
313
313
309
310
314
313
312
316
310
307
310
308
315
308
312
311
313
312
313
313
312
311
932
314
309
316
313
312
313
310
311
306
314
308
313
311
313
313
313
310
311
312
308
316
313
312
313
315
314
312
314
309
314
311
313
310
317
312
313
314
313
313
311
313
307
314
306
312
313
313
313
316
312
311
309
622
309
311
309
313
313
310
313
310
311
309
313
308
312
307
314
311
311
307
615
310
307
310
308
308
309
312
308
614
309
304
314
307
311
310
309
310
308
308
311
308
311
308
308
313
311
309
308
308
312
308
311
308
310
308
311
311
311
310
307
310
306
313
307
311
307
314
310
310
307
309
309
310
309
311
308
308
311
308
308
310
305
309
308
307
308
312
307
307
310
305
311
302
314
305
309
308
310
309
309
310
305
307
311
305
309
309
308
306
311
305
306
304
612
303
310
307
307
303
310
305
307
306
309
308
306
305
305
308
307
308
309
308
304
306
306
304
307
308
306
311
306
307
299
310
304
306
304
312
306
307
303
308
305
304
308
306
307
309
306
308
303
302
311
304
304
309
306
306
308
303
306
305
305
307
306
304
308
308
302
304
304
305
299
313
303
308
303
305
304
302
307
305
306
307
306
306
304
307
301
304
305
306
305
303
305
303
307
304
307
306
308
306
302
307
305
307
309
307
306
309
308
306
305
308
304
307
304
311
304
307
301
309
300
313
303
306
305
303
308
303
307
299
310
303
306
303
309
300
305
305
302
308
306
303
302
310
306
304
303
307
304
301
308
307
304
308
302
305
307
303
301
308
306
304
308
303
303
308
301
305
303
308
297
309
302
305
299
308
304
304
308
303
303
299
308
301
303
304
306
304
304
304
298
307
302
304
299
311
305
304
301
307
303
298
308
304
305
305
302
303
300
306
303
306
305
304
304
301
304
606
304
304
305
304
304
301
302
304
303
299
311
303
303
300
305
304
304
300
303
304
304
302
301
306
302
300
305
305
303
308
301
304
302
309
301
305
303
309
307
302
307
302
305
305
304
301
312
304
303
306
303
304
306
304
301
307
305
307
305
303
304
303
303
304
305
304
304
306
305
303
302
302
307
302
302
305
303
305
305
303
301
304
302
304
301
304
308
305
301
303
302
304
299
307
304
307
304
301
306
296
311
302
304
305
305
302
308
303
306
302
302
308
302
303
304
302
307
304
302
301
304
304
301
299
309
304
296
312
305
301
306
308
305
302
312
309
299
314
305
307
306
313
310
308
311
308
307
312
312
307
313
314
312
306
318
315
309
320
313
314
314
316
313
317
318
316
313
324
320
313
322
319
314
326
313
328
322
316
323
322
322
319
326
321
319
322
321
320
321
325
323
319
337
326
326
329
326
321
334
330
322
336
330
322
338
329
326
335
332
329
333
326
335
330
326
329
328
331
332
329
331
333
330
332
332
329
338
331
331
334
334
334
332
336
338
331
342
339
336
339
342
339
338
343
339
341
342
342
341
343
347
339
345
350
340
348
347
349
349
348
350
349
349
348
351
351
348
355
351
355
360
359
357
364
362
358
366
363
364
360
368
365
364
365
365
367
365
366
369
370
368
367
373
368
365
374
368
364
373
365
367
371
366
368
367
368
367
366
371
370
368
370
370
373
371
367
373
370
367
369
371
369
367
374
369
374
372
379
378
379
384
384
385
388
383
389
390
389
384
381
384
378
376
379
378
381
382
392
391
391
400
400
397
401
405
402
396
405
401
398
392
404
398
393
399
397
396
396
396
401
399
402
404
404
415
409
411
410
417
411
405
414
413
403
408
404
409
404
408
411
411
417
414
417
421
423
424
423
422
416
420
414
407
415
410
403
410
408
408
415
417
419
417
424
421
425
424
423
421
413
418
418
410
418
416
418
423
424
427
426
426
422
425
425
421
426
423
422
421
430
427
429
428
434
435
432
430
429
427
432
429
423
429
429
431
432
430
428
429
427
421
423
419
420
422
424
426
424
429
432
427
434
431
435
432
431
430
426
432
430
429
424
421
425
425
420
428
429
429
431
435
434
437
442
440
439
436
432
426
431
426
423
424
423
430
425
434
434
432
438
436
438
434
438
437
434
439
438
434
439
435
433
430
430
429
428
437
437
437
442
447
450
447
448
448
453
453
455
454
450
448
447
441
446
439
439
441
443
445
443
450
448
451
453
454
452
449
444
444
444
445
445
448
444
446
451
451
446
445
444
445
443
446
440
442
441
447
448
448
450
455
456
454
450
452
449
441
440
440
439
439
443
441
441
438
442
444
445
446
443
447
446
444
447
441
441
444
438
443
438
443
442
444
447
445
445
445
445
450
448
448
447
447
445
459
461
457
460
458
460
459
455
457
450
450
452
449
448
440
444
442
448
449
448
450
453
451
451
456
453
451
453
451
450
447
446
443
443
443
443
448
450
449
447
453
453
456
460
460
457
462
465
461
463
457
457
450
449
446
444
448
441
444
441
449
450
445
456
454
453
464
461
462
460
456
459
452
451
446
442
443
441
442
443
447
449
449
452
450
459
453
460
455
457
448
447
453
448
448
447
446
446
447
441
443
439
438
436
440
438
437
444
441
446
442
452
446
449
455
452
451
447
446
444
450
447
445
445
438
446
444
444
446
446
445
451
446
448
448
446
445
446
448
450
447
458
455
457
451
458
449
457
453
454
452
458
455
455
453
456
456
458
457
461
458
457
462
463
463
463
465
462
461
456
454
453
455
455
455
455
458
460
461
463
462
460
466
468
467
466
463
460
464
460
458
461
459
459
458
468
462
461
470
470
467
466
460
455
456
455
452
456
453
450
456
455
456
456
451
455
452
453
453
453
448
443
452
443
443
445
444
438
446
445
444
442
441
441
438
446
443
443
444
444
439
438
445
441
439
434
434
431
438
437
438
437
435
439
438
439
439
440
437
433
438
436
436
433
427
436
431
432
428
424
421
429
424
425
419
429
427
427
422
421
422
424
423
420
423
421
418
423
422
421
417
415
420
421
421
421
418
416
419
418
415
415
412
410
415
417
423
420
418
424
424
422
422
419
419
413
418
414
417
417
419
419
422
424
422
421
426
427
428
426
422
424
424
423
422
422
421
418
416
421
422
424
425
426
420
429
430
424
425
424
421
427
423
427
434
434
436
436
435
436
438
438
438
438
437
435
430
434
429
430
426
431
429
431
430
435
432
431
438
437
438
438
436
436
430
435
432
430
429
429
433
430
431
431
435
437
438
438
438
436
430
438
435
436
434
434
433
431
434
434
433
436
439
440
446
450
445
444
449
446
446
455
450
453
451
449
449
447
450
447
447
448
447
449
451
451
450
454
458
457
454
449
448
443
448
445
444
444
442
450
449
454
452
455
457
458
457
463
460
456
456
450
447
448
448
446
443
446
446
453
458
458
457
462
458
458
456
460
455
451
457
453
455
452
450
446
448
449
448
447
450
449
448
449
456
457
460
458
465
462
461
460
458
455
449
453
450
451
451
455
454
453
452
450
448
452
448
448
448
452
456
455
453
463
462
464
460
463
461
464
459
458
455
456
454
458
457
457
461
462
463
463
468
469
467
466
473
470
472
465
463
459
461
455
450
457
454
455
454
462
460
460
470
469
468
463
462
456
460
460
457
460
458
461
458
465
464
463
460
457
453
458
459
460
457
458
462
461
459
464
464
462
459
453
453
449
451
451
450
449
452
454
454
455
462
460
456
464
461
461
461
459
454
450
450
450
450
450
455
454
451
458
455
457
451
457
449
449
454
454
453
455
459
455
457
456
453
450
451
448
445
450
448
448
443
449
447
448
448
452
452
455
454
455
454
456
453
450
450
458
459
462
460
461
456
454
460
457
453
450
448
454
455
456
462
466
466
463
470
466
469
464
469
465
462
462
459
455
455
456
451
449
458
458
463
463
463
471
473
475
475
472
479
476
472
468
463
462
459
460
459
458
456
460
462
462
465
466
466
464
471
468
469
467
469
470
466
472
473
468
469
466
460
462
459
460
459
458
463
464
464
468
471
469
469
468
461
466
460
460
457
461
463
462
460
466
462
465
466
470
468
466
461
455
463
460
461
462
460
458
458
457
455
457
455
451
451
448
449
446
445
443
442
443
442
442
444
446
445
444
448
450
448
446
448
451
450
454
450
456
456
454
452
450
459
458
455
453
454
452
458
457
459
458
465
466
471
467
475
472
474
470
477
477
476
475
479
476
473
475
478
476
472
477
476
473
472
471
471
466
471
471
470
467
472
470
467
464
463
462
461
462
461
460
457
464
464
466
462
460
460
456
462
461
462
461
461
463
465
466
465
472
472
470
469
473
474
473
473
480
479
479
478
483
481
483
479
487
482
482
477
479
475
474
473
478
479
479
478
475
471
477
472
474
473
475
474
479
482
486
483
481
486
479
476
479
479
477
477
480
482
481
478
484
483
484
482
484
486
484
481
479
481
480
479
475
475
470
470
470
466
463
466
466
467
466
472
470
470
470
475
475
476
474
475
477
474
475
472
477
475
473
475
469
472
472
472
471
476
478
478
479
481
477
472
479
476
475
468
472
469
472
464
466
462
464
465
464
466
470
466
465
462
467
465
464
462
463
458
461
461
458
461
459
459
458
458
457
454
461
460
455
457
454
459
453
460
456
454
464
462
468
465
459
467
465
464
461
463
464
468
462
466
464
467
468
464
477
475
477
475
476
476
476
474
475
472
471
473
473
471
478
483
483
480
491
495
495
493
504
500
499
499
496
493
490
488
493
496
495
498
497
497
496
491
500
501
500
497
508
511
512
510
522
524
522
520
524
519
513
507
512
509
505
503
508
504
506
505
507
507
513
507
505
504
497
502
498
496
492
499
499
500
500
512
523
524
526
538
540
541
533
527
533
531
526
520
525
527
521
519
518
521
525
520
521
521
520
530
545
553
547
555
568
573
566
563
569
579
576
565
558
565
569
561
555
555
557
563
562
559
561
576
569
566
561
569
566
559
556
566
567
563
554
546
544
536
532
526
526
533
537
535
531
525
534
538
539
540
535
531
538
546
549
541
537
540
537
530
525
527
527
521
524
528
533
532
537
541
544
540
538
535
541
530
527
522
529
521
519
520
527
530
532
535
551
547
541
534
537
534
527
521
519
511
507
505
503
506
517
522
524
525
532
534
529
528
531
534
529
525
527
525
520
519
524
529
526
530
536
546
540
538
541
538
524
519
515
511
505
507
509
512
519
518
521
523
520
514
515
514
511
505
501
500
496
493
490
496
491
491
491
491
490
493
496
494
496
492
490
489
489
493
495
500
510
514
518
517
525
531
526
522
525
526
521
521
522
526
522
522
526
531
529
525
523
521
518
514
514
513
509
509
504
504
507
513
516
520
522
535
544
545
545
556
557
547
541
541
533
525
517
521
519
521
520
529
535
541
539
536
543
546
539
534
529
527
524
521
521
526
526
529
538
557
564
563
566
580
589
582
578
577
580
566
565
566
577
569
572
568
574
559
537
536
534
534
534
540
537
537
534
535
524
524
523
523
532
537
540
543
555
563
546
563
561
562
554
553
560
563
565
569
574
591
598
588
582
574
581
578
574
563
556
546
544
550
557
562
566
576
607
631
610
606
603
593
571
561
551
547
539
533
531
529
533
533
531
533
528
526
526
531
531
533
535
543
552
551
546
545
546
552
563
576
580
575
586
591
596
588
591
605
600
594
585
582
594
602
599
605
618
633
605
600
584
575
558
551
546
547
536
536
537
536
537
543
554
570
578
572
567
573
579
575
571
573
583
585
580
590
608
609
594
586
582
578
567
561
555
563
571
578
593
602
619
604
594
588
598
602
587
578
576
585
584
580
572
574
586
589
587
590
597
574
568
560
559
549
543
538
537
531
530
524
525
522
527
526
527
532
536
535
541
547
546
543
544
552
558
559
559
563
578
588
581
587
602
599
586
581
572
574
556
552
550
556
554
562
550
548
546
543
565
563
567
555
548
545
537
531
525
521
522
519
523
518
529
537
544
560
592
606
609
594
582
576
576
580
581
578
568
559
552
563
611
679
792
761
655
643
628
620
614
612
607
604
607
610
632
646
649
648
646
647
641
624
614
613
614
624
642
635
638
628
642
650
642
626
604
595
580
578
584
590
603
614
624
632
624
630
616
618
606
599
589
580
574
564
556
541
539
547
549
553
558
574
590
572
574
561
558
558
556
544
542
533
529
527
530
526
521
525
528
528
526
526
530
534
543
557
568
570
572
566
556
550
543
533
527
527
537
545
558
562
570
593
593
586
591
590
585
567
558
552
548
541
533
528
526
525
522
525
526
531
543
543
539
540
550
550
547
548
559
586
634
646
651
677
647
617
605
597
598
592
590
577
581
585
605
622
609
604
606
632
638
620
606
592
577
569
562
563
563
572
587
610
624
650
659
694
674
647
634
624
598
589
584
581
566
566
568
577
586
584
587
604
592
579
576
574
571
563
550
552
537
535
535
541
559
570
570
565
568
569
564
551
538
533
528
521
520
521
524
529
547
577
600
583
591
604
602
593
583
577
586
591
588
595
591
615
620
638
618
602
595
593
574
564
563
569
587
604
605
620
622
594
597
580
570
567
574
569
564
565
579
592
597
595
603
626
604
597
596
608
591
589
588
607
609
593
593
596
612
614
615
615
625
600
582
567
567
553
547
544
554
555
558
573
592
637
651
626
625
615
605
587
571
565
570
570
566
581
604
638
622
632
626
640
608
599
594
597
587
587
591
604
634
647
618
620
617
616
597
592
596
600
597
597
591
599
612
626
604
609
606
612
602
587
580
586
577
575
581
593
624
647
649
657
652
632
602
589
583
574
564
556
557
573
611
673
699
743
764
702
655
637
630
607
590
586
600
600
620
628
652
684
684
634
629
616
592
579
559
547
540
544
548
565
578
576
563
555
550
553
546
547
541
537
534
534
539
558
570
580
586
570
569
575
571
563
563
577
591
604
596
594
602
636
621
620
629
608
594
568
555
542
536
536
554
572
620
670
656
747
711
680
641
629
617
600
594
587
593
595
598
590
602
621
646
644
647
648
636
619
613
599
593
586
571
559
546
565
546