1194
1301
1212
1136
1159
1248
1196
1084
1094
1184
1374
1311
1208
1147
1094
1111
1135
1183
1189
1158
1266
1353
1374
1240
1171
1334
1449
1410
1300
1280
1386
1382
1284
1347
1403
1362
1283
1257
1379
1373
1284
1245
1336
1375
1242
1268
1393
1396
1241
1209
1307
1285
1210
1182
1224
1266
1218
1154
1108
1196
1334
1300
1204
1128
1210
1301
1260
1162
1209
1281
1205
1163
1242
1309
1222
1237
1310
1207
1132
1207
1256
1175
1178
1215
1303
1192
1121
1177
1236
1149
1072
1051
1089
1164
1163
1140
1074
1066
1081
1085
1033
1041
1144
1273
1190
1126
1202
1254
1210
1154
1202
1188
1063
1071
1120
1203
1153
1095
1085
1143
1191
1188
1098
1124
1212
1239
1185
1121
1227
1263
1147
1093
1123
1212
1330
1213
1122
1224
1270
1126
1087
1142
1125
1093
1069
1011
1080
1107
1099
1025