890
935
880
896
900
894
855
830
836
847
813
820
818
832
794
808
792
785
765
767
786
827
836
876
887
887
837
854
840
840
814
835
857
895
909
932
960
935
861
875
860
884
841
847
849
837
812
811
802
773
753
740
751
783
784
807
825
808
779
774
757
737
729
724
737
751
762
768
787
816
800
798
787
794
782
786
786
815
809
846
871
881
838
837
824
852
823
863
872
911
884
941
981
934
977
952
877
872
889
922
882
912
903
905
870
896
900
867
893
895
898
854
876
870
870
830
824
785
760
741
730
699
690
719
765
789
815
843
834
816
814
807
788
785
772
787
806
840
848
883
881
867
877
865
839
874
884
914
876
896
905
908
894
901
915
882
869
869
883
881
879
880
952
932
878
894
887
861
851
854
886
842
874
871
876
823
832
833
846
819
852
852
852
817
820
800
793
784
793
794
823
822
815
820
843
823
799
789
782
781
772
783
807
809
788
784
765
762
752
771
782
836
808
834
847
865
840
851
844
824
809
834
848
861
832
870
879
896
840
847
828
847
815
837
833
845
813
832
814
816
784
793
791
805
789
801
814
829
808
815
805
813
795
794
801
826
831
832
857
873
854
836
826
824
815
809
820
836
850
852
869
871
857
858
857
847
814
832
832
864
841
871
868
884
823
836
822
811
801
811
817
871
844
851
851
864
836
865
879
875
836
830
843
871
823
857
871
892
845
863
853
844
814
823
836
850
867
838
843
854
868
837
850
853
856
840
851
837
850
833
872
920
931
890
908
884
878
822
845
866
874
889
938
943
897
901
888
872
837
848
868
875
853
890
885
878
844
877
890
884
857
847
850
820
810
790
837
882
900
914
916
879
865
831
811
792
791
786
782
759
736
713
695
690
709
727
716
713
730
754
773
779
773
785
771
767
754
753
763
802
899
938
1018
1054
1007
910
876
872
895
889
974
1032
1016
913
890
883
866
807
762
720
734
728
721
748
790
765
741
727
717
533
837
673
658
649
646
641
640
631
628
635
665
726
793
826
847
888
893
875
859
839
824
790
785
770
799
784
838
897
856
833
815
800
779
794
811
816
834
857
882
897
897
895
892
890
909
912
933
897
809
782
745
757
745
713
726
706
701
693
707
702
701
715
728
743
742
727
711
698
692
719
699
676
669
680
678
690
698
722
787
872
956
1100
1084
1061
1038
1002
996
1003
999
1041
1026
998
919
816
840
857
981
872
1044
968
1118
1114
1019
995
1000
1005
980
893
988
1046
1033
1048
1061
1053
1001
968
973
958
983
977
965
844
872
863
883
828
900
953
949
827
894
898
937
844
1013
1034
1034
968
872
912
935
983
958
851
929
943
1021
1031
876
968
943
881
790
777
755
753
733
767
794
794
790
766
723
726
715
701
694
684
671
685
676
668
663
663
659
646
645
643
643
642
647
650
652
654
656
663
670
697
716
775
765
743
763
800
800
818
762
787
783
754
715
709
686
675
663
666
661
674
667
676
680
679
680
694
701
713
703
712
701
698
705
719
707
712
721
711
709
686
696
686
511
821
669
661
652
670
669
688
682
698
695
718
735
749
776
756
753
738
715
709
691
682
680
672
672
682
688
700
690
695
694
693
688
683
676
668
658
665
657
660
658
651
646
645
638
634
631
627
622
620
618
614
615
623
629
654
682
712
723
722
775
780
777
761
754
720
728
736
765
976
1186
988
967
936
898
844
855
900
897
874
877
868
831
812
837
881
831
827
828
803
766
733
722
714
689
677
667
665
729
861
985
982
976
950
937
905
917
905
925
959
985
983
991
982
993
945
908
914
851
876
860
910
883
945
952
881
872
858
828
828
833
848
818
827
824
834
836
896
911
950
895
930
930
961
936
957
939
920
894
908
915
918
895
879
831
804
787
785
771
740
727
708
716
778
831
869
895
855
863
844
835
790
794
796
825
854
880
917
922
903
890
870
856
816
841
835
865
858
900
928
899
877
871
882
836
828
842
861
834
855
861
873
882
896
913
886
865
875
881
868
891
881
889
848
871
866
865
832
857
854
888
883
924
961
960
883
855
832
816
816
854
880
891
901
883
882
830
804
800
798
813
842
959
916
901
885
840
835
836
863
881
870
838
847
849
873
888
887
851
849
856
833
838
836
862
841
868
854
864
841
844
859
837
833
839
851
846
856
832
827
813
812
814
821
805
800
806
824
824
819
817
826
818
831
836
876
843
857
848
847
807
806
781
803
795
804
808
824
800
794
777
784
785
826
915
977
916
939
931
852
844
825
801
791
791
811
839
876
927
1013
947
971
948
893
876
873
898
885
921
990
1000
939
952
958
950
924
938
993
989
949
949
943
892
868
868
925
948
974
985
955
928
933
918
863
865
868
871
896
990
1007
960
967
917
883
846
860
883
865
923
972
999
945
923
896
840
880
896
883
883
888
912
866
881
890
867
847
845
843
848
828
866
906
904
891
888
892
854
849
850
852
835
882
904
909
877
866
863
824
842
865
854
838
857
871
869
881
890
869
844
857
855
856
875
903
898
861
843
833
848
846
884
932
928
872
860
854
855
828
836
835
847
843
845
862
893
858
875
872
850
828
832
870
892
873
883
875
843
827
818
830
840
818
829
813
808
813
812
804
801
803
805
834
821
845
841
819
817
813
817
810
845
854
878
855
871
847
857
829
835
827
860
857
910
984
937
875
859
846
813
819
819
896
862
872
866
849
829
813
827
808
841
847
889
848
846
832
825
788
791
792
793
794
795
804
814
796
785
790
797
805
837
884
898
957
979
959
958
969
931
889
902
915
906
911
928
926
912
931
940
910
895
905
926
889
898
918
918
896
950
957
901
893
878
882
850
837
838
857
844
875
903
903
889
903
894
884
862
866
887
883
906
957
945
896
889
872
875
849
867
878
890
879
927
921
918
891
909
916
899
874
867
842
806
790
813
857
919
896
915
898
894
828
808
807
817
817
815
833
848
823
826
809
792
779
764
744
724
702
691
688
700
698
717
727
727
729
734
746
738
734
739
738
737
731
718
727
751
769
782
783
770
800
819
809
819
821
825
834
818
822
831
869
860
868
854
881
873
857
861
893
881
856
841
821
819
829
860
895
862
862
843
825
818
808
823
829
847
865
878
862
854
850
889
864
884
880
894
886
881
899
911
898
899
931
901
867
877
869
874
856
879
869
895
880
923
933
895
860
875
886
898
863
886
870
849
825
829
844
835
851
883
895
883
899
881
857
804
811
812
830
817
840
842
854
836
834
847
854
840
847
847
824
836
820
836
811
843
839
872
837
848
849
839
787
773
747
724
705
685
658
702
698
713
710
707
703
690
688
676
677
669
668
680
691
699
700
703
711
711
705
710
710
719
734
752
748
727
711
695
701
714
682
669
681
771
851
934
988
1025
1043
1042
1027
987
959
951
966
963
941
864
781
765
718
720
1157
836
888
878
1028
866
1088
1041
920
979
954
937
892
1010
1047
1050
1059
1053
977
992
1012
1014
968
989
999
981
877
911
953
958
860
941
983
871
907
948
1013
868
960
977
934
864
960
1016
1010
905
979
1011
995
883
944
949
955
939
933
844
896
915
936
916
877
942
914
880
818
859
872
880
813
853
835
853
793
847
845
864
806
816
775
740
710
707
689
678
687
702
702
706
698
710
718
720
731
727
718
704
694
689
684
670
660
649
654
677
654
644
643
639
665
760
788
811
805
790
767
758
791
817
826
828
824
794
747
720
699
708
741
784
879
991
944
862
827
778
745
732
724
726
736
808
867
913
1023
1065
969
978
955
896
841
836
839
866
849
862
883
859
819
783
796
788
825
797
777
752
723
711
700
689
688
683
687
695
702
697
685
670
671
674
664
657
654
647
651
690
742
784
859
831
852
849
834
818
806
807
807
804
807
824
870
934
978
1010
1002
980
952
840
851
837
801
788
760
736
766
790
806
851
954
924
951
974
1004
979
894
887
912
960
944
1005
1034
1030
1013
1022
1016
1048
1033
1035
987
924
954
960
879
911
967
1006
871
904
916
877
880
887
861
828
845
840
791
760
760
750
736
769
814
910
945
910
901
908
869
824
834
829
887
922
905
928
963
954
922
883
911
929
942
890
957
979
926
956
1043
1067
884
969
976
940
871
898
912
864
840
800
763
729
705
708
727
749
786
759
769
767
784
756
798
795
814
798
832
863
891
919
895
930
951
940
906
942
944
949
899
947
996
983
944
998
999
914
934
961
942
927
982
1032
952
952
906
834
856
860
940
874
955
957
878
858
829
837
816
846
841
896
894
922
939
971
957
886
891
902
889
854
885
925
923
907
946
960
978
885
938
939
991
899
972
994
964
889
934
938
913
853
906
954
919
910
980
999
891
901
879
832
815
854
894
879
940
981
993
929
922
941
967
1009
900
899
894
980
943
963
1011
985
904
907
896
927
886
894
956
958
866
831
817
832
812
876
932
1055
952
997
984
954
868
899
919
960
967
845
885
898
967
935
1090
1137
1039
933
934
970
1022
883
897
896
849
801
811
835
877
896
946
877
827
799
766
767
739
711
720
708
699
688
686
682
682
688
703
724
748
739
754
787
848
880
887
913
902
835
779
755
750
777
829
800
771
751
711
711
703
683
669
665
652
639
635
629
627
632
651
699
746
738
770
820
872
893
856
899
838
949
1267
1039
1034
1159
974
993
1053
943
1010
1132
1038
1066
1029
909
797
810
825
944
1102
1176
1231
1116
1003
918
865
886
907
867
986
1111
1117
1026
1034
1037
1016
930
900
906
879
969
1008
910
849
833
820
817
852
910
939
863
937
971
923
930
885
854
788
771
751
738
728
765
823
904
938
946
886
864
882
872
844
831
837
874
933
884
936
959
1003
832
807
769
791
750
742
762
799
805
771
768
744
728
721
726
702
703
673
681
673
671
658
657
657
646
646
657
650
638
637
636
631
627
628
630
633
634
633
631
630
632
642
647
638
632
627
628
661
755
947
1040
1082
1027
868
832
793
788
764
800
858
838
851
982
977
914
992
1060
992
1110
1124
1111
1126
1233
1215
1134
1093
993
1044
1090
1140
1057
1141
1116
992