1042
1070
1069
1051
1082
1037
1063
1064
1059
1161
1332
1347
1234
1123
1077
1252
1448
1392
1281
1211
1129
1147
1217
1286
1260
1145
1079
1054
1170
1322
1265
1229
1148
1104
1236
1256
1218
1102
1044
1072
1316
1388
1363
1239
1232
1263
1276
1281
1188
1087
1142
1313
1317
1254
1148
1083
1116
1332
1312
1276
1138
1137
1210
1306
1245
1177
1134
1220
1279
1240
1148
1104
1148
1237
1223
1121
1042
1060
1217
1266
1217
1108
1125
1191
1329
1232
1139
1051
1081
1196
1269
1233
1113
1163
1178
1223
1095
1069
1083
1199
1303
1170
1158
1104
1076
1149
1190
1101
1085
1028
989
982
1074
1217
1244
1173
1143
1064
1054
1107
1168
1205
1190
1114
1145
1292
1326
1248
1151
1079
1111
1371
1342
1236
1132
1158
1177
1224
1215
1146
1107
1112
1161
1243
1269
1230
1211