843
853
865
822
826
823
808
771
754
747
729
721
713
708
691
676
692
683
672
657
653
654
652
669
688
698
690
701
712
711
715
715
707
709
712
732
731
718
751
788
834
833
845
878
827
849
849
799
792
754
739
759
777
786
816
825
836
817
824
839
814
809
819
793
821
812
801
801
805
797
764
777
786
790
787
831
903
896
889
888
891
850
882
923
932
911
912
905
854
871
866
864
836
888
870
803
792
764
734
737
715
692
686
681
666
662
652
644
649
646
645
657
665
668
666
683
684
676
693
691
695
686
690
690
679
669
677
666
660
656
654
649
641
651
649
646
645
651
659
643
661
650
641
635
634
647
650
654
664
666
675
661
665
661
648
645
647
637
630
622
623
629
622
623
618
619
629
634
637
634
633
631
628
630
623
627
627
630
627
629
625
639
650
655
687
695
714
715
697
678
689
684
672
658
652
655
675
671
668
683
675
666
678
676
670
683
684
678
688
701
705
691
703
714
695
724
739
744
751
713
688
687
688
687
676
659
653
655
670
673
672
690
695
697
704
730
726
748
758
737
743
744
727
711
692
685
694
691
696
713
717
708
719
720
711
727
741
727
752
756
733
731
723
703
698
692
688
684
693
691
696
715
715
715
726
724
720
717
727
716
713
728
720
700
706
693
674
683
690
704
698
718
727
720
744
746
732
738
723
701
703
702
693
688
697
698
703
709
719
715
709
731
734
726
738
736
716
724
735
724
719
742
730
727
739
749
738
770
756
736
754
733
714
724
709
699
710
699
688
677
678
688
707
709
695
706
700
696
707
726
740
740
755
755
738
752
735
719
725
723
710
724
730
723
729
763
755
769
779
767
746
753
729
710
715
710
711
748
751
744
795
770
746
755
734
710
693
680
678
676
684
691
709
712
708
717
693
714
712
694
693
698
695
688
696
693
687
693
685
677
672
674
690
709
694
715
711
701
714
714
704
710
713
710
715
712
697
700
696
688
683
684
686
675
663
657
678
689
701
710
720
713
715
720
715
715
731
746
730
748
763
742
745
745
732
718
737
737
723
755
762
731
740
730
712
721
713
704
713
722
728
718
730
737
719
726
712
710
720
718
713
735
744
729
744
729
710
692
693
691
688
693
687
697
696
696
700
689
701
696
693
681
685
698
714
735
716
727
723
708
681
667
666
673
688
689
726
731
714
729
725
699
716
711
692
697
668
652
652
642
633
628
630
616
613
269
260
674
598
596
583
579
573
575
573
569
565
559
558
555
550
551
544
542
537
548
526
536
531
532
528
526
519
523
516
518
507
519
509
506
507
504
509
508
1009
502
508
500
500
501
503
501
501
504
498
504
503
496
500
499
502
321
278
398
498
495
501
991
493
496
672
805
495
494
492
982
490
489
653
276
302
382
846
1460
751
818
379
487
364
606
662
302
489
481
747
701
825
517
580
480
262
1178
273
353
810
342
2729
1211
471
511
680
702
1413
948
471
475
264
326
651
294
342
292
645
469
397
1019
1202
726
417
270
663
650
295
468
466
470
466
465
461
399
435
366
1117
407
426
1371
315
254
458
340
284
302
1394
582
644
358
1101
1354
359
331
442
267
516
2436
411
1114
508
478
436
2627
353
262
446
348
266
818
2754
1528
554
1933
374
350
840
668
626
339
1343
459
832
565
465
468
254
681
479
936
363
307
448
280
272
385
1368
470
798
943
468
935
938
465
767
634
880
522
1401
528
580
301
476
698
1183
716
2229
308
635
1383
1000
1112
1014
932
452
283
2013
450
422
952
604
521
394
782
886
491
466
421
289
355
319
463
459
569
1100
639
789
295
763
465
460
462
465
455
461
462
459
457
458
919
455
458
461
456
454
461
452
454
460
453
452
458
457
906
381
409
1027
458
450
458
459
457
457
457
458
339
575
456
912
452
459
453
451
456
454
456
450
453
452
451
356
553
449
448
456
453
451
452
450
447
451
448
453
445
447
450
448
446
450
450
448
448
451
451
450
451
453
450
454
451
454
352
545
447
454
446
452
453
453
447
451
451
453
450
451
452
450
451
453
451
449
451
451
449
451
449
450
446
451
449
444
448
451
445
449
446
449
446
446
448
450
445
447
447
445
447
446
450
445
445
447
445
439
450
446
445
448
449
447
447
446
450
446
449
450
449
447
451
451
450
449
450
451
447
452
451
448
447
449
450
446
448
450
453
323
561
447
445
1342
447
444
447
447
444
445
446
443
446
444
448
444
444
446
450
446
447
449
447
452
446
448
448
446
447
446
444
447
445
448
444
443
449
444
442
454
453
452
455
454
452
455
452
461
450
453
455
452
455
450
449
448
452
447
448
446
450
447
447
449
449
446
454
449
450
453
449
450
452
450
448
451
449
447
452
447
451
448
449
449
449
452
446
448
453
449
448
454
446
452
452
451
446
450
451
445
448
446
445
445
451
449
447
446
447
446
447
443
444
445
443
449
441
444
446
449
449
448
446
447
449
446
451
447
452
447
446
446
450
446
448
443
450
449
444
442
447
443
444
444
448
445
445
446
447
445
445
447
444
444
446
441
446
443
447
439
445
445
447
440
446
444
448
442
444
447
446
442
444
444
445
443
444
445
442
445
441
441
442
444
439
444
441
441
442
440
445
438
444
445
444
439
443
444
441
440
446
446
443
440
445
443
444
439
445
445
442
441
445
445
446
445
446
448
447
445
443
443
447
440
445
443
443
445
442
440
445
444
438
444
432
454
438
444
443
446
440
444
442
446
441
441
443
444
444
441
442
443
442
438
442
438
442
442
443
438
438
443
440
438
442
444
438
444
439
446
439
440
444
443
441
441
442
440
439
443
440
439
442
440
442
443
441
443
443
440
447
446
446
443
453
454
451
448
453
450
450
452
455
455
462
457
456
460
456
459
453
456
454
452
453
449
446
448
448
445
446
444
446
446
441
443
442
445
440
440
443
443
439
440
440
443
437
438
441
436
435
441
439
436
441
438
438
438
437
440
437
438
435
439
438
435
436
439
433
437
437
435
437
433
439
438
432
438
436
439
435
438
440
437
436
439
437
439
438
439
440
437
439
441
440
438
439
441
441
438
443
443
440
441
438
445
437
442
442
442
438
440
440
442
441
438
438
436
439
438
438
438
435
441
433
441
440
441
437
438
438
441
437
437
439
436
438
436
439
435
435
439
430
437
435
438
433
435
435
438
434
432
437
433
433
432
438
432
430
435
432
434
431
431
436
429
432
433
433
434
426
432
433
430
431
427
431
434
429
430
426
432
428
426
428
427
432
429
427
429
428
434
427
429
433
433
429
433
430
433
429
432
435
429
437
430
432
434
431
432
429
437
429
429
435
431
432
432
430
436
428
436
434
435
432
430
435
433
430
431
431
432
430
430
435
428
435
436
435
435
433
437
438
434
434
438
435
436
435
435
434
431
438
436
430
437
433
434
431
432
435
428
432
433
430
431
430
435
432
430
433
430
433
431
428
434
427
431
429
431
427
429
428
430
430
427
430
432
429
427
432
429
430
430
431
431
429
433
433
429
429
429
431
430
431
436
429
432
433
430
434
431
437
436
432
437
435
435
433
439
434
434
437
437
434
435
437
441
433
439
437
439
435
436
435
438
435
438
438
437
438
438
439
438
439
441
440
439
443
441
439
441
441
440
439
439
440
438
438
439
435
438
438
435
438
434
442
434
438
440
439
435
440
437
439
439
438
439
435
441
438
436
437
435
439
433
438
437
438
434
433
430
436
434
435
437
432
436
436
431
436
434
434
434
437
431
431
438
429
435
433
435
436
433
435
435
432
431
435
431
433
431
433
429
430
434
433
429
432
431
432
430
427
432
431
433
432
427
435
431
435
434
432
435
431
435
436
430
432
430
434
436
429
436
429
436
432
431
435
431
432
433
433
432
429
433
433
428
433
431
433
431
430
429
427
431
432
427
431
430
433
429
429
432
429
433
431
429
432
429
433
430
427
431
431
433
431
427
434
430
433
429
429
433
427
433
431
431
429
426
433
430
434
428
429
432
428
432
433
431
429
429
433
426
430
431
428
435
426
432
433
430
432
431
434
430
428
435
431
431
431
428
435
430
431
433
430
434
429
435
431
430
433
431
432
435
431
439
435
437
443
444
444
442
442
445
445
439
438
445
441
441
446
442
440
438
443
438
439
439
441
438
437
440
438
440
438
441
438
438
436
441
437
433
437
435
438
433
433
436
431
433
434
433
433
430
436
433
430
433
430
436
429
431
434
430
431
428
435
429
427
435
427
429
432
430
431
431
435
430
428
434
431
434
433
431
436
430
436
434
431
432
431
435
428
429
433
430
430
432
428
431
429
431
433
428
430
431
435
429
427
433
432
428
431
429
431
428
432
431
428
429
432
430
430
428
434
431
428
431
428
432
426
432
428
430
433
429
425
433
430
432
430
431
429
428
431
433
424
434
430
430
429
430
429
428
432
435
427
320
517
439
431
432
428
430
432
433
430
431
433
432
431
432
433
430
434
435
432
433
434
435
432
432
437
431
435
435
433
435
432
437
436
432
438
432
434
434
437
431
432
436
433
433
433
431
431
430
433
428
427
433
430
428
430
428
429
427
430
427
426
429
431
424
431
428
429
428
427
428
427
428
429
427
430
427
433
430
429
432
428
430
431
431
428
426
435
431
427
434
428
430
431
429
431
429
434
432
429
433
429
431
432
429
431
428
433
432
428
433
429
431
432
431
429
428
431
433
426
433
427
433
431
427
431
428
430
430
428
429
428
432
431
427
432
427
430
429
428
428
428
431
431
426
431
426
428
432
426
428
430
429
430
426
427
428
430
427
424
431
426
426
426
430
423
430
429
426
425
428
428
425
424
430
423
427
428
425
427
423
429
424
423
426
429
423
424
423
425
427
423
422
425
424
423
422
423
426
422
421
429
424
424
426
424
426
425
426
426
423
427
427
425
425
426
428
432
428
428
434
434
436
438
439
442
445
444
437
445
438
445
438
437
438
437
439
438
435
434
435
437
433
435
436
437
431
436
434
436
432
434
433
432
433
433
435
433
429
431
434
431
429
430
433
431
429
432
426
434
427
430
431
429
431
426
430
430
429
434
426
430
430
428
433
428
432
432
429
429
431
429
429
430
433
428
429
429
429
427
427
431
426
425
427
430
425
427
425
428
429
426
427
428
427
426
426
429
426
427
428
433
425
434
431
433
429
431
432
430
430
430
431
428
430
428
432
426
430
429
429
426
430
429
425
427
431
422
430
428
429
428
423
430
426
425
427
426
423
427
424
427
423
423
423
417
426
426
423
423
426
425
422
421
420
426
419
419
424
425
417
425
420
425
419
422
421
421
421
419
426
422
420
424
421
423
423
423
422
423
426
425
421
426
423
425
423
429
421
428
427
425
425
424
429
423
421
424
424
422
420
425
424
423
423
422
425
424
421
429
422
423
425
421
424
425
423
424
422
425
424
426
421
428
424
423
425
425
429
423
424
426
429
423
429
426
427
428
430
425
430
430
427
428
427
428
427
425
432
427
426
429
425
428
426
429
426
424
431
428
425
430
424
427
428
426
422
427
429
425
425
428
423
425
425
427
424
426
426
425
430
423
428
429
425
427
424
430
424
422
426
429
424
426
425
428
427
423
430
425
426
425
427
423
427
426
426
423
427
428
422
430
428
429
425
428
431
425
430
430
425
430
430
432
424
430
425
427
428
428
423
427
425
423
425
425
419
421
420
420
420
424
414
420
418
418
417
412
417
416
412
412
410
415
409
409
411
412
405
405
407
413
408
408
408
408
406
403
410
408
401
408
403
408
406
403
401
404
408
403
405
404
400
407
403
402
402
405
403
398
405
401
404
400
401
403
402
398
400
402
402
404
398
403
402
400
401
401
400
400
401
402
398
405
402
397
404
398
398
401
403
401
398
404
398
399
397
401
404
396
400
399
401
397
398
404
392
396
398
403
399
403
399
397
401
400
400
396
397
403
396
401
398
400
397
398
400
395
401
397
399
398
400
396
401
397
397
402
399
397
399
400
397
397
399
400
397
397
395
401
396
399
396
402
396
398
397
399
398
397
396
399
397
396
399
396
395
400
398
395
398
397
398
396
397
397
400
395
395
401
393
399
397
399
396
397
398
396
397
397
398
398
398
396
400
399
397
400
396
396
398
399
397
396
401
396
396
402
393
397
396
400
396
399
401
396
398
399
397
395
400
399
395
399
397
400
397
399
398
398
397
396
400
395
399
396
400
397
397
396
400
399
396
399
401
396
400
396
400
399
400
402
398
402
401
399
399
404
398
396
398
398
399
399
400
399
399
397
399
401
396
398
400
396
399
398
396
396
399
397
396
395
397
396
393
396
396
399
396
396
396
394
395
392
395
395
395
393
394
393
395
395
391
395
396
390
394
392
394
392
393
393
396
392
390
394
390
394
391
390
393
394
389
393
391
393
393
390
392
397
396
395
396
397
396
401
400
399
399
397
401
400
402
399
398
400
396
396
400
395
396
399
395
396
397
393
397
396
394
392
398
395
392
394
400
392
394
396
395
395
396
390
397
394
394
392
396
396
392
393
393
396
396
395
391
395
396
390
395
396
396
394
395
396
397
395
395
394
397
396
393
396
396
395
394
394
397
393
396
394
399
396
392
398
394
391
395
399
395
396
399
391
397
395
395
393
398
396
392
396
392
397
395
394
393
399
395
396
394
398
397
396
396
396
399
396
392
400
395
396
395
401
397
395
397
396
396
397
400
396
398
393
400
396
395
398
399
396
396
401
397
398
400
396
398
401
394
401
397
398
398
397
400
397
396
400
396
397
399
397
396
396
397
400
396
400
397
402
397
399
398
398
400
396
399
403
396
396
399
399
396
403
398
396
397
399
397
396
396
398
398
394
398
398
394
396
396
396
396
393
396
393
396
396
395
398
395
394
396
397
393
395
395
395
389
396
394
391
393
391
396
393
390
393
391
389
391
393
391
396
394
390
392
395
391
391
395
390
391
393
391
389
393
393
388
393
390
395
391
392
390
387
395
391
392
391
394
399
392
392
389
400
395
396
393
396
396
397
393
396
397
395
397
394
400
397
396
396
399
400
396
401
400
399
397
400
400
397
398
400
398
401
396
401
400
397
396
399
401
396
399
399
399
396
396
398
399
396
393
401
396
397
395
399
396
396
396
395
396
394
396
394
397
398
396
394
397
394
396
397
394
397
399
396
397
396
399
396
396
397
398
396
794
393
395
396
401
397
395
398
396
398
396
399
396
399
397
396
396
402
402
396
399
399
399
396
401
396
399
401
397
396
402
396
400
398
397
395
403
399
394
401
396
394
396
400
397
397
397
395
399
396
397
394
402
394
396
400
396
396
395
400
788
398
395
396
396
396
394
397
398
392
399
396
391
392
398
396
395
396
393
391
396
397
392
396
392
398
393
392
395
395
395
392
395
394
396
392
393
392
396
396
390
395
397
392
394
392
391
391
392
393
394
394
396
392
389
395
391
393
392
391
393
396
393
393
394
395
395
391
396
394
396
394
393
394
396
396
390
396
394
396
392
392
394
395
397
391
396
396
393
395
394
394
396
396
391
395
396
394
395
391
395
395
392
393
396
394
395
397
391
398
395
396
395
396
397
397
393
399
395
396
397
394
397
399
393
399
395
397
395
396
397
398
398
397
399
403
406
406
406
402
407
408
401
407
407
408
407
406
407
405
411
411
406
403
405
408
401
408
404
403
398
406
402
399
403
405
398
401
402
401
397
401
398
399
396
402
396
396
398
396
397
400
393
400
395
397
394
396
396
395
392
396
394
396
396
391
395
397
392
392
396
396
392
396
392
395
396
394
393
396
394
394
396
394
395
397
389
398
393
396
390
395
393
396
394
395
393
396
396
392
396
396
395
391
392
394
395
396
391
394
396
391
393
392
394
393
391
389
395
393
393
392
388
394
391
393
390
393
393
392
390
393
391
393
392
390
393
395
390
392
392
394
392
391
390
395
394
391
390
388
395
393
392
390
395
392
390
396
390
390
395
393
390
392
393
394
395
391
392
395
393
393
396
395
396
396
391
397
393
396
392
396
394
395
395
391
396
391
395
394
394
395
396
390
394
392
395
393
391
394
396
390
392
395
395
392
395
393
397
395
393
395
396
397
393
397
399
394
396
396
399
394
398
396
400
396
395
398
395
397
395
396
395
399
393
393
394
396
396
396
397
396
395
392
397
396
394
396
397
394
397
393
398
396
395
395
399
398
396
394
399
396
395
398
401
394
397
398
401
396
399
397
402
397
399
399
399
398
396
401
403
396
402
398
400
396
400
401
401
396
404
396
398
400
400
398
399
397
399
397
400
401
399
400
402
396
397
399
401
402
403
398
400
399
399
396
401
399
399
396
401
399
396
400
400
398
398
396
400
396
397
395
399
398
397
394
399
397
392
398
395
399
396
395
395
398
397
394
396
400
394
396
398
396
396
397
396
397
397
394
396
396
396
395
399
396
396
396
392
398
396
397
395
397
398
396
395
396
397
394
397
396
400
396
396
396
394
399
396
397
398
399
393
398
396
395
397
394
396
400
393
399
396
397
394
397
396
396
394
793
393
398
396
396
397
395
399
396
396
395
397
396
396
395
393
397
396
395
396
396
398
395
395
399
397
394
396
396
401
393
394
396
395
396
395
397
397
396
394
398
396
396
396
395
396
398
392
399
396
397
396
397
397
397
394
399
396
396
398
395
396
397
393
398
395
397
395
396
397
396
393
400
396
395
397
396
396
398
392
399
396
397
393
397
396
396
394
395
396
394
397
393
401
396
396
391
396
394
393
395
395
395
396
392
393
395
394
393
396
393
395
394
389
396
392
395
389
396
393
392
391
392
391
393
394
388
394
393
391
393
388
391
391
390
389
391
390
390
391
388
389
391
390
386
388
385
389
388
388
386
388
387
389
388
385
388
390
387
391
385
388
393
387
387
392
388
390
392
389
389
391
392
390
390
388
393
389
390
394
386
388
387
395
387
396
390
392
390
389
393
391
391
390
393
391
391
390
396
392
390
392
395
391
392
394
389
391
393
395
394
392
392
393
392
393
394
392
394
390
395
394
393
392
396
394
392
396
396
395
393
395
395
393
392
397
391
394
396
398
392
397
397
394
393
397
395
394
396
396
394
395
393
397
392
396
394
393
396
396
394
397
393
396
396
393
395
396
395
392
394
394
393
392
392
392
393
392
389
394
390
393
394
388
391
395
389
389
390
392
391
394
388
392
392
391
390
391
393
389
391
389
396
393
392
391
395
393
389
395
392
395
396
392
392
397
393
393
396
394
396
396
392
396
393
397
394
397
396
395
394
398
396
391
399
398
395
394
398
396
394
397
394
396
398
391
398
394
397
393
396
397
395
393
397
395
395
399
392
395
398
392
396
395
394
392
396
394
396
393
392
396
393
395
392
399
398
393
395
399
396
396
400
396
399
398
395
400
394
397
397
400
400
396
396
401
399
396
400
401
395
401
397
400
396
399
400
397
397
398
396
396
399
398
397
393
400
397
395
397
400
393
397
395
393
393
398
396
398
400
392
399
396
396
394
396
396
396
393
398
396
394
396
396
394
397
391
397
395
396
392
398
394
394
394
395
390
391
397
392
397
395
392
392
395
396
390
394
396
389
393
393
396
391
396
392
398
393
393
393
396
395
392
395
397
392
393
395
397
392
397
393
397
395
393
395
398
392
391
398
392
400
396
395
391
398
395
392
396
396
395
397
391
398
398
395
395
396
396
392
398
396
397
394
396
396
396
393
397
395
395
401
393
396
396
392
397
396
397
393
397
398
396
395
400
397
396
400
396
398
400
394
400
396
397
396
398
401
396
396
400
398
392
399
404
398
404
402
401
400
406
404
399
405
402
406
402
404
406
403
403
408
410
407
412
413
411
414
414
413
412
412
408
409
406
403
413
405
405
402
401
405
399
403
398
397
399
397
397
398
398
398
394
396
396
396
392
396
396
394
391
395
396
390
396
389
397
392
392
389
785
391
392
392
393
394
389
390
396
390
391
393
390
391
394
386
392
392
388
386
396
389
393
394
386
391
390
391
387
392
386
394
390
390
389
389
392
388
391
388
391
388
392
388
389
388
392
391
388
391
391
390
393
389
389
392
390
390
393
389
391
394
387
391
392
388
389
394
391
394
394
393
388
390
391
393
394
388
391
394
388
393
388
393
392
390
388
391
390
391
390
385
395
389
391
388
394
388
389
393
387
391
392
390
388
392
390
390
392
387
394
390
391
389
394
389
393
390
390
389
393
393
389
392
393
389
393
387
395
390
391
389
394
392
392
390
392
393
390
392
391
392
394
390
389
782
390
393
387
394
392
385
395
391
392
391
390
388
393
391
391
389
389
392
389
392
390
393
390
391
389
389
390
389
391
388
388
389
391
388
387
387
392
391
387
390
390
389
390
387
387
392
388
391
393
387
391
393
388
390
392
393
389
393
389
395
395
390
388
391
397
390
393
392
394
396
393
393
394
395
393
396
395
396
395
393
397
395
396
392
397
396
394
393
397
393
392
396
396
395
396
391
396
395
395
392
398
395
395
393
396
395
393
396
396
393
395
392
396
395
395
392
398
396
394
392
397
395
393
396
396
395
394
393
396
396
397
393
395
395
394
391
396
393
394
396
391
394
396
390
394
393
396
392
394
393
398
394
392
394
397
395
392
396
396
393
396
392
397
396
395
392
397
401
393
393
398
395
396
399
396
397
397
395
396
394
398
395
397
398
392
399
397
398
395
397
397
397
394
397
398
393
398
394
399
396
394
396
397
397
394
396
397
393
396
398
396
395
396
395
397
394
789
393
396
392
393
394
395
391
396
394
396
394
394
396
394
394
393
396
395
393
395
396
394
396
391
396
395
396
392
397
395
396
394
392
397
394
395
395
396
398
393
396
396
394
394
396
397
393
397
394
398
394
396
395
398
394
394
396
396
399
392
394
398
392
393
397
395
392
396
395
394
394
391
395
393
394
391
395
395
393
391
395
389
391
397
393
399
394
393
392
396
394
393
394
398
394
396
393
399
392
399
394
399
394
396
395
396
396
395
396
398
391
397
395
396
394
396
398
395
393
398
395
394
396
396
396
394
392
398
396
395
393
397
394
396
392
396
393
393
394
394
394
396
391
392
396
392
392
395
391
393
392
387
395
391
393
389
393
392
395
392
391
392
390
395
391
397
394
391
390
396
394
391
394
396
392
396
389
396
393
394
391
397
395
394
390
396
396
392
395
396
393
395
391
396
393
395
391
397
395
393
391
396
395
392
394
396
390
394
392
396
391
396
392
397
393
391
393
392
393
391
396
391
390
394
388
394
393
391
389
392
393
390
391
387
391
392
389
389
392
387
390
391
385
392
390
391
389
391
387
393
391
386
390
387
393
390
389
388
394
393
390
388
389
395
390
392
388
394
392
387
392
392
393
390
393
389
396
393
392
391
392
392
390
393
396
391
397
390
395
395
396
395
394
396
396
393
398
395
395
396
395
396
398
392
397
396
398
394
396
397
397
396
397
396
397
398
396
397
398
393
398
395
397
395
397
396
394
394
398
395
394
396
394
396
396
387
400
395
396
392
396
394
396
392
396
394
395
395
394
396
397
390
396
396
396
392
396
395
397
394
394
395
397
395
395
396
398
392
396
396
399
394
398
394
400
396
394
396
395
397
394
397
395
396
390
396
394
392
395
396
394
397
391
395
397
395
394
396
396
396
395
392
396
395
395
395
396
397
393
393
398
395
393
397
395
396
394
392
396
394
395
393
396
396
393
393
397
393
393
396
394
396
394
789
392
392
393
397
393
395
392
395
395
391
396
393
395
396
389
394
393
395
391
396
393
390
396
389
395
394
395
391
392
396
389
395
393
389
391
392
393
397
392
396
395
394
392
390
396
391
394
394
393
393
394
394
392
395
393
396
394
391
393
396
395
392
394
396
391
395
394
390
391
396
395
396
396
396
389
396
393
391
393
394
392
395
388
393
392
394
390
395
394
392
391
395
394
392
396
396
392
394
390
396
394
392
392
396
395
395
392
397
395
393
396
396
394
396
392
396
395
396
393
398
397
394
393
395
398
392
396
395
396
391
396
394
395
395
392
394
396
390
394
394
396
390
395
393
396
392
395
393
396
396
393
396
397
391
398
393
395
394
394
397
391
395
395
394
394
397
397
393
393
389
400
392
396
393
395
395
393
391
396
395
392
395
392
394
393
392
394
392
394
390
392
391
393
395
388
391
393
392
390
396
392
391
394
388
395
391
394
389
394
393
395
391
394
394
392
394
395
393
396
392
390
395
390
394
396
395
394
396
389
396
395
393
392
396
394
395
392
396
393
393
394
394
393
396
389
396
393
393
390
395
393
393
389
394
392
390
394
393
394
395
390
394
393
395
392
396
394
395
392
391
390
391
396
392
396
394
392
388
394
391
390
392
392
392
394
388
390
395
390
390
394
392
393
393
392
387
392
395
393
395
392
395
396
390
394
394
396
392
396
391
397
394
393
390
395
395
390
393
393
396
395
388
397
393
394
390
394
392
394
395
388
397
394
396
393
395
396
394
391
397
393
395
394
392
395
396
389
396
394
395
392
392
394
396
393
393
392
395
393
391
395
396
391
394
392
396
394
395
393
397
396
394
392
396
395
392
394
392
396
396
391
390
790
392
393
394
392
396
389
396
393
392
391
394
392
393
392
388
395
391
395
390
393
393
395
392
392
393
395
393
391
393
396
391
391
393
395
390
395
391
396
394
392
392
395
396
393
395
397
392
395
396
396
392
396
395
399
396
396
396
397
397
396
397
399
393
399
395
396
395
397
399
396
396
400
397
396
398
401
394
399
398
401
396
397
401
399
396
402
397
396
399
399
399
396
798
396
399
401
396
398
399
395
393
403
396
397
397
395
397
395
397
398
396
400
392
400
397
396
396
402
396
396
397
399
396
396
398
399
393
399
396
397
394
398
397
394
396
396
400
396
396
396
397
395
397
396
395
398
395
398
396
396
396
396
396
397
396
399
392
399
396
396
396
401
397
396
396
396
398
396
397
398
397
396
398
396
394
399
396
397
395
398
396
395
397
399
395
397
395
399
396
398
396
402
396
395
396
396
398
397
397
400
392
398
396
397
395
400
396
395
395
398
398
396
396
399
391
397
396
397
393
397
397
393
396
397
392
392
397
396
394
396
393
395
392
392
392
394
395
391
391
395
391
390
395
391
392
392
387
394
391
394
389
393
392
393
389
392
391
391
393
390
391
395
387
393
392
394
389
394
392
395
390
392
391
393
394
389
392
396
389
392
393
388
389
395
391
394
396
385
396
393
393
392
392
391
395
390
388
395
390
394
390
390
391
394
389
389
392
392
391
389
391
392
391
394
388
389
389
392
393
396
395
392
390
394
392
392
394
391
393
397
390
393
394
396
391
395
392
396
393
392
392
395
393
392
394
396
388
393
392
396
389
392
389
395
392
393
387
395
390
389
392
392
393
395
389
391
392
392
390
394
394
393
391
385
397
390
393
390
393
393
389
390
394
389
392
392
389
392
394
386
394
391
391
388
391
389
394
391
389
389
394
391
389
391
393
390
393
388
391
392
391
390
393
391
392
393
388
394
389
394
392
393
396
392
391
396
391
394
395
392
395
395
389
397
391
392
393
395
393
396
392
393
395
392
392
395
393
395
392
393
396
395
392
394
392
395
391
395
393
395
396
393
396
396
391
396
396
396
396
397
397
395
394
396
394
395
397
397
394
395
391
397
393
395
391
399
395
394
393
396
396
394
396
396
391
396
392
397
392
396
392
398
394
393
393
396
396
393
395
397
394
392
786
392
395
396
395
396
389
396
393
395
390
396
393
394
392
391
394
393
393
394
394
396
390
393
394
393
391
396
393
392
396
388
395
391
394
391
393
394
394
389
396
391
392
395
391
394
394
391
392
391
396
390
395
393
395
391
394
395
394
394
391
394
396
390
393
393
396
390
396
392
396
394
391
391
396
391
391
393
394
394
390
390
392
391
394
388
392
392
391
392
387
389
392
388
389
390
388
388
392
385
389
389
391
388
389
386
391
388
389
389
386
391
388
391
388
390
396
391
397
397
394
399
402
403
396
402
401
402
399
401
404
399
397
402
403
398
400
401
396
398
398
401
396
398
396
395
399
392
399
396
396
394
399
396
394
394
396
397
394
398
394
398
394
392
397
393
395
394
395
396
392
393
396
393
392
396
393
393
392
397
391
396
393
392
396
396
390
396
395
396
392
396
394
396
393
395
394
394
395
391
396
395
389
397
393
394
391
395
393
395
391
391
394
393
393
392
395
396
391
393
396
392
393
395
393
394
392
389
395
392
394
393
394
394
394
388
394
393
388
393
392
394
392
392
390
394
395
389
393
389
396
392
391
389
395
393
391
392
394
391
395
388
396
395
394
392
395
394
392
395
393
397
395
396
394
396
397
390
400
393
394
396
396
397
394
397
397
396
394
398
395
398
394
398
396
396
398
396
396
399
391
399
396
396
396
398
398
394
396
397
398
394
398
396
398
395
396
396
396
397
399
396
398
395
400
395
399
396
401
396
399
396
398
397
396
397
398
394
399
397
397
396
398
399
395
398
397
396
395
401
401
395
396
396
399
396
397
399
394
397
396
397
396
399
397
396
394
399
397
395
397
398
395
395
397
396
395
396
395
398
395
395
395
396
396
395
396
399
394
396
398
398
396
396
398
396
394
400
395
393
397
399
396
400
394
400
396
399
396
401
396
398
397
397
400
396
399
396
396
398
396
398
396
397
399
393
401
396
397
396
402
396
396
396
396
397
396
398
396
396
396
394
397
397
395
398
393
400
396
396
396
399
396
396
396
396
398
394
396
396
392
397
396
396
396
396
398
394
396
396
395
392
397
394
394
393
400
392
396
394
394
396
398
393
399
396
397
396
397
400
396
397
399
397
396
400
398
396
396
399
399
396
398
402
394
397
397
398
395
397
398
395
394
397
396
393
397
396
396
394
396
396
396
396
397
394
397
392
399
394
398
395
400
396
397
396
398
397
395
396
399
392
397
396
395
393
397
398
396
395
396
399
394
397
398
394
396
395
399
394
399
395
401
393
398
396
396
399
396
396
395
396
396
395
397
397
396
397
395
399
394
400
395
400
396
397
396
396
399
396
396
396
792
394
396
396
395
787
396
395
396
393
396
394
395
394
782
391
397
395
399
395
393
393
395
396
392
396
398
390
396
396
397
394
397
395
398
393
396
396
396
395
394
396
396
389
398
395
394
393
396
396
392
390
396
393
396
394
392
395
396
388
397
392
395
391
394
393
392
389
395
392
393
394
389
392
395
389
395
393
388
389
395
392
395
393
387
395
392
393
391
394
394
392
391
785
392
392
392
394
394
391
389
395
392
392
396
391
394
395
387
396
392
396
391
393
393
394
391
395
396
392
396
391
396
393
392
393
398
393
392
394
397
388
397
394
391
391
398
394
393
393
395
394
394
393
396
392
396
392
396
395
395
391
396
396
392
393
396
397
392
396
394
392
393
396
392
391
393
394
393
395
389
392
393
395
392
394
390
392
393
390
395
393
393
391
393
395
387
394
394
394
391
393
394
396
393
393
396
394
395
392
394
397
390
396
394
396
392
397
395
394
392
396
394
393
397
393
396
393
391
396
395
394
394
396
397
390
396
394
395
392
396
396
395
390
397
393
393
396
397
393
396
389
396
392
393
390
394
393
393
390
785
388
392
393
394
394
393
388
396
392
391
392
394
394
395
391
392
396
392
394
396
392
395
396
389
396
394
396
393
394
396
394
391
397
392
392
396
394
396
392
388
397
392
394
394
395
396
394
391
396
391
395
396
392
395
395
390
396
393
395
392
396
396
395
393
395
392
393
396
396
396
396
389
396
392
394
390
396
393
392
396
391
392
391
396
391
394
392
394
392
388
395
392
395
392
395
396
393
391
396
394
394
396
396
396
396
393
397
396
396
396
397
398
395
396
397
392
395
395
398
391
396
393
397
394
396
393
396
395
393
396
392
396
395
396
396
391
398
395
395
394
398
396
395
396
396
396
394
397
399
394
399
395
400
396
397
399
398
396
400
398
398
400
401
399
399
400
403
402
406
405
409
406
412
414
412
414
413
407
413
408
412
408
410
410
408
410
406
404
408
405
406
407
402
411
405
407
403
409
406
403
409
403
408
401
404
406
403
399
407
403
402
406
403
399
405
401
404
401
400
404
407
399
407
404
404
405
407
404
406
408
403
405
410
405
407
406
405
402
406
409
406
412
406
408
405
408
410
408
412
410
405
414
408
411
412
412
411
411
414
410
417
412
412
411
413
412
412
409
417
412
413
416
409
406
405
415
412
409
415
411
413
412
405
416
412
412
409
413
410
409
413
409
415
413
406
412
412
412
408
413
414
407
410
409
410
411
410
411
407
412
410
412
409
412
408
414
412
408
412
413
407
414
409
411
415
410
411
413
405
413
413
409
411
407
414
410
409
414
415
411
414
410
415
415
415
413
413
415
413
414
414
413
412
414
411
411
418
412
414
412
408
415
414
414
409
417
411
410
414
411
410
410
413
411
409
412
411
408
414
409
413
413
410
411
412
414
410
413
414
408
415
411
412
410
417
409
415
412
411
416
413
411
412
411
407
413
412
411
410
410
410
408
408
411
410
409
408
411
410
408
411
411
407
411
409
412
407
411
412
410
410
412
409
408
412
415
409
410
413
411
410
413
411
410
413
414
413
412
411
416
416
417
418
414
416
408
421
417
415
413
416
417
417
416
412
413
417
416
419
410
413
418
413
416
413
413
413
415
416
414
414
417
410
417
414
415
411
417
409
417
414
409
416
418
411
415
416
416
412
412
415
407
416
410
414
409
417
410
413
411
411
415
410
412
409
411
413
408
414
412
412
408
415
409
410
413
410
412
408
408
414
411
412
413
411
410
412
411
410
412
412
412
411
414
411
413
415
414
413
414
417
417
413
417
418
414
420
414
417
416
418
416
416
419
416
419
421
419
416
421
421
422
418
421
422
414
424
419
419
415
421
416
416
417
421
416
415
419
415
415
422
415
417
414
416
418
418
411
418
413
418
413
415
417
411
418
412
415
416
417
413
417
414
414
419
416
415
414
417
414
417
419
419
414
419
417
421
422
417
420
417
419
418
418
419
413
422
416
418
419
419
415
422
419
418
419
420
416
421
419
421
422
420
422
419
421
420
426
418
423
418
418
424
423
415
425
417
419
418
420
414
421
419
417
419
421
414
413
413
423
416
418
415
420
417
417
421
419
418
421
419
422
423
419
421
420
420
421
424
419
421
420
420
425
420
420
418
418
421
422
419
419
420
421
419
420
421
416
423
420
421
423
418
426
421
424
424
424
421
424
424
423
425
419
422
425
422
425
425
419
427
423
428
429
424
429
430
434
438
434
431
435
443
441
433
439
434
436
434
432
434
432
433
434
426
432
429
430
431
425
431
427
429
429
426
430
424
428
430
422
430
426
428
429
423
429
426
428
426
423
428
425
428
425
425
427
427
426
427
427
424
429
425
426
431
424
429
427
428
430
427
428
429
428
432
431
429
429
429
431
432
426
430
428
430
431
427
429
427
430
431
425
423
427
430
430
424
429
427
429
427
423
431
425
429
429
428
430
427
430
429
428
431
428
429
430
431
429
429
429
430
431
430
428
430
431
425
431
427
434
426
430
429
429
431
428
426
427
429
431
426
426
426
430
426
427
426
429
423
430
426
424
427
423
426
429
421
430
427
427
428
424
427
425
430
428
426
427
428
430
429
426
431
428
430
430
430
431
429
432
433
425
432
426
430
430
430
428
427
431
430
428
431
427
431
429
427
431
427
430
429
431
429
429
429
430
433
430
430
430
431
431
433
430
434
432
431
431
430
433
433
432
430
432
438
431
432
430
433
437
432
433
433
434
433
434
431
434
435
429
435
432
435
434
432
433
433
434
433
433
432
431
436
429
433
432
431
431
429
432
431
430
429
427
430
429
428
429
426
431
430
428
429
426
430
428
428
428
426
430
428
428
429
425
428
430
429
427
429
429
429
431
427
431
426
430
430
429
430
426
429
428
428
429
428
426
428
429
427
427
426
427
430
425
428
425
426
430
427
426
426
426
428
422
428
424
424
428
422
422
427
422
424
424
420
424
422
422
425
419
425
420
422
423
427
420
424
422
422
427
421
425
424
422
429
425
426
423
425
428
427
425
427
426
430
429
424
429
424
431
430
424
430
424
428
428
427
426
424
428
427
429
426
427
425
427
428
424
428
424
426
428
425
427
425
425
428
426
425
423
425
426
424
423
425
423
427
426
422
423
423
426
427
420
424
424
425
427
420
426
422
427
426
422
424
424
425
423
426
420
426
422
423
427
423
425
425
425
426
422
428
427
429
425
431
428
429
428
430
429
429
432
429
429
429
429
432
430
431
430
430
435
426
430
429
428
432
427
429
428
425
433
423
429
426
427
431
424
429
426
428
429
426
429
430
429
427
430
428
432
430
428
429
430
432
431
426
430
428
432
432
426
433
427
429
430
425
428
428
429
429
424
429
425
429
426
425
427
425
426
427
425
427
425
425
424
427
422
427
425
424
422
422
423
423
422
424
422
422
423
421
427
423
422
422
421
425
424
419
425
421
426
423
421
423
422
423
424
425
420
423
425
425
427
422
425
425
423
425
424
422
423
422
426
424
422
421
422
424
421
420
419
423
421
420
422
419
423
422
421
422
421
420
421
419
425
423
416
423
418
421
422
418
418
418
422
422
422
418
422
422
420
421
418
423
420
421
419
419
419
420
416
423
417
418
416
417
420
421
417
421
418
419
420
425
418
423
421
422
423
424
417
426
421
424
422
420
421
423
424
423
421
421
422
423
421
429
419
423
422
424
429
422
428
425
425
427
424
426
427
425
429
426
428
427
425
432
423
427
425
426
428
428
423
428
425
428
428
421
429
424
427
425
423
424
423
426
425
421
426
423
423
425
426
421
425
424
422
428
424
424
422
424
426
426
419
425
423
425
422
421
421
421
421
425
419
420
422
420
419
426
420
421
419
420
424
422
417
421
419
422
420
419
418
421
419
420
421
419
417
419
417
422
419
417
418
416
416
417
418
414
418
414
415
417
419
414
417
414
413
415
420
416
413
416
414
417
418
417
413
412
413
416
416
418
411
417
414
419
419
416
416
420
417
421
422
419
422
423
421
425
420
428
422
424
426
425
422
427
425
427
424
424
425
423
429
419
425
422
424
423
420
421
422
422
421
421
423
423
420
423
419
420
421
420
426
422
421
424
423
426
426
421
429
427
429
428
424
431
427
429
428
424
427
427
431
429
425
429
426
428
428
421
430
426
429
426
425
427
427
428
429
424
430
428
431
430
431
428
430
438
435
435
435
440
439
437
438
444
441
437
438
445
438
437
439
447
445
441
444
446
443
444
447
449
447
446
446
447
449
445
451
450
447
450
452
456
454
460
465
462
466
467
472
470
476
479
483
480
483
491
487
485
491
487
494
487
486
491
489
487
486
493
491
493
488
492
491
493
488
492
501
502
499
499
511
511
505
504
503
506
516
522
520
515
514
516
514
514
511
518
517
512
514
525
530
534
544
556
560
553
555
563
560
552
550
556
552
547
550
560
556
547
549
553
543
546
547
546
537
534
529
527
526
529
534
531
524
527
534
544
540
530
534
530
531
522
526
524
521
517
521
530
530
529
536
539
541
534
533
538
537
534
536
542
553
550
548
554
557
557
549
547
551
548
545
550
561
565
560
558
564
556
556
558
562
559
557
558
562
563
560
557
563
564
557
553
552
556
551
544
548
552
545
544
547
544
538
548
544
551
548
543
540
539
541
549
547
550
555
560
554
549
549
542
540
542
542
537
536
539
546
544
543
548
544
546
551
557
553
556
560
567
566
563
564
564
557
558
559
563
562
561
566
570
571
564
563
559
560
560
564
565
561
561
563
565
561
558
563
562
561
562
558
560
563
568
571
573
580
587
599
601
592
583
580
572
571
574
579
578
577
582
586
590
588
579
581
578
570
566
560
559
552
551
554
559
558
561
563
563
560
560
561
563
562
561
562
557
557
558
560
563
562
565
572
579
583
581
580
578
576
568
567
567
569
567
568
570
579
591
589
594
598
600
600
594
590
587
588
584
577
574
572
575
575
572
580
589
589
585
582
578
576
574
576
578
576
571
568
567
569
571
576
576
572
572
567
572
573
579
584
583
589
589
592
597
594
592
595
598
602
597
592
591
584
582
579
578
580
575
573
569
572
573
571
567
563
561
558
556
555
559
557
560
566
571
578
584
583
589
599
607
620
620
617
611
614
614
617
612
617
624
629
628
628
626
622
611
603
592
587
584
583
580
588
598
613
611
616
624
635
628
621
620
625
632
634
634
631
633
638
639
637
626
626
633
634
632
627
628
630
625
617
609
604
603
605
604
614
624
636
644
644
649
643
643
634
626
633
646
659
657
650
642
633
631
618
607
605
602
594
586
583
577
571
563
562
558
555
554
547
547
546
545
542
540
543
543
541
545
549
555
559
563
559
557
558
554
554
557
561
566
563
565
569
574
579
580
593
613
632
634
624
624
622
619
614
605
600
593
591
592
595
589
592
592
588
586
579
575
571
569
563
559
556
557
559
564
566
575
589
607
614
616
614
609
609
610
611
612
616
618
622
624
624
617
613
610
608
605
599
596
592
593
600
601
606
615
621
625
618
608
604
596
592
583
577
578
579
577
573
577
583
586
586
588
592
596
597
594
594
596
595
600
595
595
589
592
600
606
612
612
622
629
633
634
628
630
637
636
637
633
639
644
646
640
643
640
639
634
635
637
637
635
638
644
645
646
642
644
639
635
638
644
646
647
644
646
636
631
624
619
611
606
598
591
589
592
591
600
604
604
607
611
614
616
611
613
617
622
624
626
633
640
641
637
638
643
643
640
635
640
647
639
635
623
623
626
628
624
625
630
627
625
617
624
628
627
626
627
625
621
619
614
617
613
621
622
628
633
631
624
622
623
619
619
615
616
614
615
609
606
604
607
604
615
622
628
628
626
628
628
630
620
619
625
624
628
627
629
627
624
624
628
633
630
616
614
608
604
599
593
589
583
581
580
573
580
582
585
588
585
588
592
595
601
602
611
622
641
646
650
643
647
644
648
646
644
638
645
644
641
638
637
645
655
656
659
650
651
659
660
658
650
651
655
657
653
647
647
657
660
656
657
651
655
659
654
656
655
661
663
660
661
666
670
669
664
666
672
686
684
680
676
671
672
672
666
665
658
666
669
665
666
662
661
660
662
658
670
677
673
668
663
668
668
671
671
667
673
677
672
675
674
683
683
673
666
664
671
676
678
678
675
683
680
672
668
661
665
662
661
653
643
640
634
629
621
612
613
625
642
658
666
684
699
714
705
688
680
670
671
672
682
683
685
689
700
708
704
696
682
689
692
686
681
676
674
676
675
675
670
678
671
674
669
677
678
671
668
680
696
707
703
707
694
700
692
685
685
681
686
687
684
693
687
699
697
688
681
682
690
688
696
698
699
688
682
668
663
652
649
645
652
677
698
719
719
724
714
695
688
681
681
688
680
683
682
694
694
691
686
682
694
698
699
701
697
701
697
689
689
685
689
695
688
696
696
701
692
698
691
695
690
688
682
691
703
689
694
681
676
661
652
642
633
625
626
627
630
638
640