1324
1240
1229
1303
1381
1388
1321
1215
1188
1384
1460
1359
1243
1245
1382
1356
1271
1242
1429
1329
1378
1383
1356
1253
1316
1417
1432
1354
1275
1359
1411
1343
1218
1316
1455
1333
1363
1394
1288
1318
1352
1303
1310
1336
1313
1259
1342
1262
1215
1319
1335
1278
1314
1338
1227
1211
1314
1351
1215
1271
1311
1219
1259
1313
1250
1294
1367
1275
1209
1314
1349
1172
1310
1344
1288
1242
1348
1358
1219
1281
1322
1270
1249
1296
1344
1300
1425
1346
1302
1370
1336
1245
1253
1352
1299
1240
1340
1357
1294
1333
1350
1233
1232
1318
1270
1201
1261
1315
1213
1251
1241
1261
1216
1265
1271
1212
1231
1219
1182
1210
1275
1283
1272
1313
1237
1213
1287
1260
1158
1185
1361
1262
1217
1261
1309
1247
1221
1267
1304
1201
1163
1237