696
667
653
655
711
979
946
832
834
744
658
655
729
1160
986
840
855
806
725
725
714
722
715
760
765
761
763
820
876
843
821
816
750
759
776
779
841
901
813
805
809
764
759
791
793
743
751
736
729
678
640
635
640
681
810
836
852
822
771
766
718
700
705
728
746
778
823
805
822
822
776
775
740
718
729
731
732
745
794
784
783
723
673
661
659
677
724
775
804
816
779
739
774
782
776
762
774
778
761
769
749
714
691
725
1050
939
884
853
802
728
712
713
734
764
769
777
811
806
777
741
733
710
700
649
616
611
607
641
1005
958
938
874
889
869
826
816
788
762
752
762
753
741
743
703
663
696
707
715
729
727
699
688
691
676
681
693
670
650
642
743
1045
832
851
829
786
832
897
840
771
691
659
654
686
754
753
777
821
826
817
829
811
780
766
756
718
721
747
753
795
843
808
813
812
794
806
842
786
783
753
698
694
837
983
805
762
764
721
691
700
719
713
697
691
696
678
681
691
713
695
674
651
641
652
645
623
618
614
639
640
648
679
683
674
680
728
803
769
731
738
716
698
675
664
643
633
642
689
719
731
784
839
782
764
748
699
668
643
627
622
633
691
698
693
696
727
745
707
678
682
671
656
640
652
690
708
711
692
693
711
744
752
727
689
664
662
702
763
777
736
743
822
925
914
801
718
693
708
755
747
845
993
929
858
783
744
676
633
603
594
607
682
914
901
771
739
822
867
815
779
745
705
688
705
728
710
695
681
700
734
713
659
629
606
585
572
566
564
578
618
730
724
724
814
879
855
787
768
745
689
663
645
640
636
659
663
680
722
695
641
615
610
606
626
678
736
766
725
712
727
770
785
761
739
770
766
702
688
688
726
764
750
775
840
931
818
769
769
729
685
682
683
714
709
720
706
675
652
630
627
629
654
674
685
722
775
783
736
747
725
695
653
648
727
1208
888
849
907
1663
859
1703
785
774
756
768
735
694
670
664
654
646
647
635
643
611
582
568
555
545
543
545
560
584
648
718
735
674
646
651
656
687
679
658
657
658
640
622
630
667
634
609
358
265
634
634
643
668
671
655
659
673
651
612
577
552
535
533
539
544
551
560
568
577
575
590
613
621
640
651
682
734
755
758
718
721
764
788
719
705
707
723
740
684
711
795
765
736
723
690
679
668
651
635
625
633
628
599
600
619
631
754
989
877
796
741
738
705
662
654
677
702
738
827
951
854
849
854
800
770
800
798
750
762
760
719
684
680
717
789
857
953
894
814
802
803
794
765
743
771
841
785
697
643
622
607
610
636
752
836
786
777
772
792
777
789
785
735
699
675
710
830
860
824
816
811
767
746
718
701
708
769
1045
980
878
824
779
714
700
699
748
855
1089
946
861
790
699
661
636
625
670
1142
970
874
854
867
856
801
756
713
688
707
815
900
820
753
688
664
639
646
669
728
813
865
840
774
733
711
695
691
696
696
701
704
709
729
732
744
755
768
739
746
729
736
696
681
663
698
766
908
894
835
823
793
719
705
724
778
813
801
784
826
849
804
785
768
734
707
705
706
709
692
678
661
702
804
838
788
748
718
710
671
638
613
623
643
650
654
677
676
719
760
700
665
651
655
660
660
668
680
700
687
660
661
652
642
624
611
607
628
632
648
657
690
689
685
688
699
685
651
632
633
643
644
625
612
599
597
603
614
613
603
597
587
576
563
553
563
584
604
627
784
802
749
703
687
695
729
726
698
667
666
678
690
692
668
671
678
666
637
623
607
614
636
690
746
732
743
776
771
749
786
822
817
811
835
779
753
773
794
747
731
741
772
802
777
800
810
813
765
754
745
754
717
728
742
784
744
743
738
729
688
660
645
635
668
755
889
844
777
765
775
750
759
730
691
667
653
685
786
846
807
769
742
660
637
658
637
624
602
587
574
564
559
554
557
554
555
548
546
542
536
531
526
521
517
514
517
519
525
544
560
553
555
545
547
543
540
538
530
527
523
524
531
538
542
544
564
592
639
690
712
684
626
630
618
606
603
603
615
624
624
608
597
584
577
592
638
763
755
672
622
625
626
632
653
695
683
653
649
675
710
710
685
649
627
611
604
604
615
660
689
683
751
760
767
759
725
658
619
587
573
570
583
627
766
853
800
763
746
730
714
675
668
682
705
692
651
640
631
640
661
674
669
657
631
624
631
650
665
648
631
654
625
630
596
598
638
706
689
676
680
784
770
769
760
752
718
691
656
653
648
652
647
635
632
631
654
682
694
709
690
690
712
729
690
663
631
621
638
667
688
702
766
794
821
837
820
773
696
678
650
644
629
621
629
647
726
790
785
762
680
686
631
630
611
601
598
592
584
578
568
563
562
575
603
619
627
633
641
647
669
671
677
639
623
596
589
581
585
594
601
627
624
620
627
650
658
632
625
605
602
591
594
610
676
739
713
650
634
627
630
616
603
579
564
549
543
568
587
620
666
678
664
626
599
585
583
588
580
574
571
565
556
539
527
528
549
581
665
892
885
853
841
830
802
767
708
635
614
613
664
708
751
761
746
732
721
680
659
637
627
623
651
665
648
658
673
690
686
683
662
615
614
616
618
606
628
662
771
783
714
684
673
643
609
622
619
612
605
597
586
574
563
563
593
777
875
814
776
737
766
796
795
761
686
620
604
599
594
601
622
638
646
647
629
605
583
570
563
566
580
616
669
684
654
604
604
602
610
651
740
730
733
750
728
684
669
664
669
670
679
679
662
636
611
598
603
613
626
627
604
589
572
574
572
576
569
566
555
545
536
530
525
521
516
517
509
508
505
500
489
483
484
484
487
495
508
519
531
532
525
527
522
518
518
522
530
524
525
528
533
555
571
594
590
579
550
535
521
508
502
493
497
495
497
499
510
528
571
638
688
683
658
626
578
556
541
541
549
552
562
548
537
537
546
554
557
556
543
535
527
526
520
512
508
504
494
489
485
486
489
501
519
571
629
676
650
634
619
601
598
592
589
563
539
523
507
495
488
479
483
483
484
489
484
486
488
479
477
480
479
478
479
475
474
475
470
463
465
463
459
453
453
449
449
447
448
443
438
438
438
438
432
430
433
429
430
431
439
454
457
452
447
449
455
455
458
465
462
455
458
455
452
450
451
452
447
445
446
443
443
447
448
449
454
455
450
448
446
443
440
440
438
439
433
434
435
438
435
435
442
439
445
443
445
446
442
446
448
444
440
438
437
439
438
441
438
437
437
438
430
426
427
422
425
428
427
431
425
427
424
426
427
429
433
438
439
438
435
437
435
436
438
433
430
428
432
431
428
425
421
420
418
420
419
421
426
426
427
425
432
434
429
429
430
433
434
432
429
427
429
429
424
426
423
423
419
418
417
418
419
424
424
421
421
423
424
424
425
429
431
433
432
429
430
425
431
428
427
426
421
423
420
425
419
415
416
416
415
410
413
414
416
416
413
416
413
420
423
423
425
420
424
423
425
424
427
430
427
428
427
429
424
419
420
419
416
413
415
417
413
413
412
414
414
421
420
417
418
420
421
415
419
415
412
412
410
412
412
411
408
409
415
408
410
409
414
411
410
415
413
413
409
410
410
415
413
409
410
410
411
407
414
418
415
416
414
416
412
420
419
412
416
415
416
408
415
415
408
411
409
409
404
405
401
401
401
400
404
400
401
398
400
400
407
409
410
412
410
410
412
417
413
410
415
413
413
410
413
415
412
415
411
414
407
408
409
412
413
409
408
408
408
407
406
403
405
403
399
401
401
400
396
397
396
399
395
396
398
399
402
402
404
405
410
410
416
413
411
416
414
410
408
408
407
405
400
399
401
400
396
394
395
395
396
391
393
391
397
399
402
399
401
407
403
403
402
406
398
401
402
399
397
396
401
400
398
396
398
363
357
369
447
395
390
391
394
395
394
392
394
394
395
397
396
398
397
397
393
394
397
397
398
396
397
397
396
398
396
392
396
396
396
398
396
396
396
398
396
395
393
396
395
392
395
394
396
392
394
393
396
391
398
394
394
388
390
389
390
393
394
397
395
396
396
395
397
394
392
394
392
388
394
392
392
391
396
395
393
389
393
394
394
392
391
395
396
394
392
394
394
391
389
391
385
386
385
388
389
386
389
387
391
387
394
388
389
388
393
388
391
392
396
396
393
399
399
397
396
396
398
397
394
396
396
396
399
395
396
393
396
393
394
392
396
393
390
390
390
391
385
387
388
389
361
359
426
391
354
361
427
390
383
383
388
387
386
384
387
388
391
387
393
387
386
381
386
383
384
383
386
387
386
386
387
394
390
392
393
395
399
396
366
366
431
396
389
388
391
390
389
388
396
393
395
394
398
396
395
389
395
394
390
393
392
391
388
389
389
387
384
386
384
380
387
386
385
384
387
383
388
385
386
384
387
384
384
382
387
365
368
403
387
380
380
383
386
381
381
383
384
390
391
392
389
392
393
391
393
391
384
387
389
387
391
381
388
386
387
385
385
360
358
369
417
382
379
374
379
372
375
376
381
378
375
379
381
382
377
385
386
387
386
390
388
385
386
392
356
363
428
393
385
383
388
385
385
378
387
386
384
383
385
385
383
380
380
382
383
381
381
376
383
381
378
377
380
380
377
379
380
383
383
383
381
382
384
387
381
388
364
363
409
383
359
368
401
384
378
379
382
381
382
383
384
385
387
389
390
389
388
393
393
395
394
399
398
398
400
402
401
400
400
403
404
404
405
407
412
383
438
417
414
415
387
435
418
414
386
437
416
414
416
415
417
418
424
427
389
459
435
431
434
390
460
433
430
391
457
432
426
420
419
417
415
416
414
413
408
413
416
418
422
396
439
424
419
424
429
432
435
442
457
389
521
475
476
480
389
392
560
474
460
393
394
504
443
379
391
484
438
435
442
444
452
466
393
391
598
509
496
383
387
399
579
492
386
390
563
486
384
377
395
403
521
456
385
393
523
473
393
522
480
386
390
601
510
493
396
543
485
475
392
513
468
458
394
506
469
468
475
482
399
534
486
480
392
394
557
479
470
469
463
461
393
394
521
463
385
389
558
486
479
504
539
562
558
545
528
390
577
491
385
382
543
478
469
393
388
551
483
482
498
523
540
392
387
398
684
551
392
382
607
513
487
479
475
470
392
386
536
470
387
386
538
485
483
491
502
512
505
502
500
502
504
502
497
386
384
567
492
474
471
467
465
465
455
455
454
382
380
386
547
383
378
389
593
515
384
380
389
596
507
382
383
581
503
386
379
394
555
482
477
485
504
521
525
523
392
387
657
550
529
525
514
507
398
388
583
509
493
489
398
542
495
488
497
513
398
396
619
527
514
509
500
499
494
398
393
404
569
497
482
479
474
472
471
391
385
575
518
531
385
650
539
380
369
377
588
509
509
514
524
527
388
382
396
619
526
514
518
392
390
401
618
525
395
559
501
390
386
545
479
468
473
501
386
379
392
801
614
383
370
379
720
563
545
533
387
381
392
398
610
522
512
507
506
503
392
388
400
575
506
488
491
489
482
397
385
548
482
470
474
472
472
480
387
382
395
596
516
509
509
390
375
384
387
393
566
494
474
388
518
477
462
386
370
383
390
385
384
521
463
448
384
368
379
510
448
437
436
434
377
370
375
375
375
374
509
451
440
445
369
368
373
521
456
445
449
444
438
441
443
446
443
443
442
444
378
369
384
505
445
438
379
474
437
429
431
428
427
426
429
425
420
422
418
419
366
362
374
479
421
413
411
409
409
406
406
407
406
363
360
370
372
372
464
413
406
403
405
407
405
403
406
404
403
401
406
404
403
402
404
404
406
410
409
365
371
471
421
416
362
363
376
469
417
413
416
414
417
417
422
420
420
417
420
367
364
475
422
412
410
409
409
411
409
411
408
409
406
406
405
404
403
370
368
444
404
403
406
406
409
411
413
412
412
416
416
417
416
418
414
420
417
414
374
444
417
409
409
408
409
370
432
407
404
403
403
405
403
404
402
405
366
373
446
406
398
399
401
401
402
398
402
403
401
399
400
401
403
369
372
445
408
368
372
442
405
399
401
396
399
396
394
393
392
391
389
395
393
393
395
399
396
399
399
402
396
400
399
402
399
406
408
404
409
409
411
373
369
457
413
403
401
399
400
399
396
395
396
396
390
394
393
395
398
400
398
401
400
404
405
406
402
410
411
410
413
414
415
367
446
415
409
369
433
405
404
402
403
406
402
403
405
405
405
405
406
406
401
405
406
403
407
405
406
403
404
401
370
363
455
404
397
398
398
398
396
398
402
404
400
401
399
403
399
402
404
405
403
402
406
403
401
401
401
400
400
395
401
399
400
398
402
406
403
406
407
410
405
406
404
406
399
399
396
402
398
399
397
403
404
401
405
404
409
404
405
403
403
402
404
370
423
402
407
405
405
409
407
409
410
411
405
405
406
402
398
402
402
402
399
398
404
400
401
401
405
402
403
399
405
400
401
402
401
401
398
366
423
400
394
395
371
369
411
386
388
391
392
391
389
390
388
394
392
389
396
394
394
394
396
397
400
400
402
363
362
449
406
399
399
398
401
368
428
406
401
398
396
402
399
398
398
399
401
401
396
399
401
402
400
396
399
400
398
396
396
396
397
396
400
401
403
403
403
406
407
407
408
407
414
414
417
417
380
441
418
378
428
404
403
404
405
408
412
413
418
419
424
421
423
424
419
421
378
389
461
418
409
405
404
402
399
398
371
419
396
397
397
402
403
406
365
443
417
415
370
374
470
424
361
369
378
475
416
409
366
369
463
412
407
409
366
441
418
416
371
447
423
417
419
418
420
371
379
469
423
367
374
379
463
412
399
400
400
371
427
402
408
416
423
428
430
429
430
429
434
437
373
484
442
441
439
438
374
378
504
438
371
376
392
478
423
418
418
382
388
478
433
426
428
378
393
509
450
442
433
434
435
437
442
446
454
452
454
453
453
453
455
449
388
480
438
431
430
432
436
440
438
436
438
378
380
507
450
374
484
444
437
376
470
436
432
375
376
506
447
371
377
521
454
369
375
517
451
373
378
514
442
374
375
493
436
431
432
376
385
388
511
449
375
479
438
432
377
382
493
438
429
425
428
373
375
490
435
371
375
381
510
445
437
431
438
437
442
444
444
438
435
436
432
431
433
433
437
434
437
373
377
490
430
421
416
369
447
418
415
410
415
414
365
455
421
421
366
371
497
438
368
372
383
508
449
441
373
378
515
455
446
375
370
521
445
374
380
486
431
427
379
382
485
434
430
434
441
458
479
493
493
484
474
468
452
444
376
373
383
484
428
415
419
426
439
463
479
482
478
479
363
363
372
585
469
457
451
442
439
437
435
371
375
500
442
368
374
388
507
446
438
377
380
501
446
434
426
380
387
477
431
421
425
425
430
438
373
378
529
463
451
374
374
530
458
372
371
515
444
375
380
505
452
379
380
556
481
377
374
563
483
466
382
382
385
381
379
382
520
450
378
376
495
436
424
420
422
375
376
467
421
419
423
430
429
427
428
362
356
368
372
368
473
417
407
360
367
450
408
355
365
453
407
356
363
462
416
405
411
413
358
362
375
374
371
368
378
379
375
383
482
426
410
409
408
410
408
404
405
400
402
401
399
399
396
396
360
357
444
395
358
367
432
395
389
392
394
431
361
396
397
353
357
456
406
400
395
399
401
358
430
399
398
396
400
357
357
455
402
399
361
366
445
402
397
396
396
366
374
442
399
397
395
362
371
438
401
365
375
427
400
392
389
391
357
374
442
401
396
393
395
362
365
436
391
360
413
396
391
386
392
390
392
393
397
398
364
365
376
447
401
393
394
391
393
361
367
431
391
384
384
386
381
379
385
385
392
396
357
450
422
425
355
358
371
512
433
425
422
420
359
362
368
371
374
375
477
423
362
360
462
411
363
370
449
403
397
397
372
425
372
371
447
408
368
377
448
405
366
377
436
401
369
413
394
367
411
394
391
394
365
365
432
396
361
367
429
394
358
415
390
390
387
389
388
361
359
424
386
384
383
385
383
384
383
384
380
381
379
381
355
401
381
382
378
380
380
383
379
381
382
385
384
381
384
385
387
356
348
436
394
354
410
385
354
363
408
381
383
360
401
361
355
412
382
354
363
408
382
354
400
383
381
383
386
386
386
385
386
387
384
386
385
386
385
386
361
362
412
385
356
359
410
381
379
381
384
383
381
384
364
400
390
390
361
418
393
391
390
393
391
389
387
389
392
369
404
393
389
370
404
389
368
398
386
368
396
382
385
385
385
367
372
404
388
361
396
379
379
377
379
375
379
377
378
373
376
377
377
374
377
379
377
374
379
378
378
377
381
380
379
382
385
382
385
389
388
387
390
390
389
391
392
393
388
391
390
388
386
389
381
386
381
363
392
380
365
373
387
378
371
379
377
378
367
385
379
379
377
380
382
383
381
382
385
387
386
386
384
386
387
387
366
374
407
389
386
386
384
388
386
383
382
384
382
378
382
382
380
378
386
382
382
381
386
384
382
382
383
382
359
400
383
382
363
369
365
413
382
380
379
377
378
380
385
360
368
414
391
387
386
383
385
388
387
386
386
390
383
385
384
384
381
385
384
385
366
400
382
361
360
365
375
418
377
378
376
377
363
380
372
374
370
368
367
372
368
368
365
370
368
369
368
368
364
371
369
366
367
371
371
369
367
371
370
367
368
371
368
367
370
371
371
370
370
372
373
370
370
370
372
368
370
369
366
366
365
368
371
367
368
365
369
371
371
366
372
371
368
365
372
367
366
364
372
366
363
363
368
367
364
364
368
363
365
367
364
361
367
366
366
362
367
365
369
360
367
366
365
360
366
364
361
360
364
362
360
359
360
360
357
361
356
356
356
360
353
357
357
357
354
358
356
356
356
360
354
361
358
360
358
361
718
361
359
359
359
363
363
361
362
362
365
363
361
365
364
362
363
361
363
360
362
356
360
356
358
356
358
354
354
355
360
352
355
358
359
352
357
356
355
354
354
357
356
354
353
355
354
355
352
355
350
354
352
353
353
352
351
351
352
351
350
350
351
356
355
352
350
351
356
350
356
354
358
355
354
358
356
355
358
354
354
355
353
353
349
354
353
353
349
354
353
352
350
351
348
354
349
347
352
352
354
350
356
355
356
355
359
357
359
354
360
361
356
358
358
355
358
355
355
357
355
351
354
353
355
354
354
355
351
357
356
357
354
355
354
354
354
355
358
356
355
356
355
354
354
353
351
354
357
356
353
352
354
354
357
357
358
354
354
355
360
355
356
351
355
354
355
353
351
348
354
350
351
347
352
352
352
351
353
354
356
354
359
361
359
358
364
361
359
360
360
360
356
360
359
359
356
360
358
361
356
358
357
358
353
359
356
356
358
358
354
350
355
354
352
350
353
351
351
353
351
350
351
355
346
352
352
351
349
349
352
350
351
351
354
349
354
350
351
347
348
345
349
346
344
343
352
347
347
340
345
345
349
350
346
346
342
347
347
351
345
348
344
350
348
345
349
349
346
344
347
345
345
346
344
344
341
347
341
341
341
344
344
340
342
341
345
341
347
342
345
345
346
343
344
344
344
342
344
339
342
347
342
338
341
343
338
341
342
346
342
344
345
347
343
348
348
348
346
347
347
346
344
348
343
344
346
343
339
341
344
337
342
342
345
342
341
342
346
343
341
341
344
342
344
336
340
339
338
342
338
341
341
345
343
342
342
348
347
345
346
348
344
344
346
349
341
345
343
344
346
344
346
345
348
344
349
346
346
340
348
345
341
341
345
346
348
341
342
340
340
341
342
338
339
343
338
340
337
342
338
339
335
338
341
336
339
337
336
340
335
337
334
335
340
337
341
335
340
337
341
342
342
341
342
339
344
341
339
336
342
339
338
338
332
340
336
337
336
336
336
336
338
336
335
338
337
337
333
330
335
333
333
332
334
333
336
336
339
336
338
337
338
336
338
337
338
334
335
333
332
336
332
333
333
338
332
333
335
335
334
334
334
335
335
337
332
332
331
331
335
329
335
332
337
332
332
334
334
332
335
332
333
329
336
331
329
331
328
329
334
333
328
333
332
333
332
332
329
336
331
329
332
329
331
332
337
332
332
335
335
333
337
336
333
333
332
336
331
337
332
335
335
335
334
333
332
337
332
330
334
330
334
327
333
333
330
332
335
332
333
330
332
328
332
331
329
332
325
333
329
333
332
332
332
331
331
335
329
327
332
328
333
329
332
329
331
332
331
329
332
327
335
327
326
328
327
329
324
330
328
328
328
328
327
329
327
331
325
330
329
326
326
328
330
324
330
328
329
328
329
327
328
328
329
324
327
327
322
325
325
327
323
326
328
325
326
325
324
324
325
325
325
319
326
326
326
324
326
325
325
326
328
321
328
324
323
327
320
325
325
323
326
325
325
327
322
324
322
323
328
321
327
321
323
325
324
324
326
323
325
326
323
322
323
325
322
324
324
327
324
325
326
324
325
325
322
325
324
318
324
321
324
322
325
319
322
324
326
326
325
324
321
328
325
324
322
326
320
326
327
260
384
328
324
327
324
326
324
330
323
323
326
322
326
321
327
325
326
324
325
328
328
322
326
326
323
325
321
323
325
325
324
325
324
324
325
326
321
327
323
319
325
318
325
319
323
321
321
323
324
320
318
325
321
321
323
325
321
316
323
323
323
324
323
321
323
323
321
322
322
322
325
323
324
326
322
321
321
319
323
321
322
320
322
320
323
323
320
319
320
320
320
320
321
321
321
325
321
320
324
319
323
320
323
323
326
325
324
324
328
320
322
322
318
324
323
322
320
322
325
324
324
324
321
322
324
320
321
319
324
321
322
320
321
321
323
321
321
320
322
320
317
320
320
320
316
322
318
322
320
320
318
319
321
314
320
321
321
316
321
320
323
319
322
320
320
320
314
321
319
318
316
321
320
321
318
319
321
318
318
318
321
317
320
316
319
316
319
318
318
317
320
319
318
317
317
316
316
320
316
317
317
318
319
320
318
319
320
316
317
315
320
317
319
316
319
316
320
317
317
317
320
316
313
321
316
317
313
319
315
319
317
321
314
319
314
322
314
314
319
316
315
314
319
316
319
316
318
317
319
319
318
315
322
314
316
318
315
316
315
317
313
320
316
317
316
315
313
322
313
313
316
316
315
311
315
317
315
314
316
317
316
313
317
313
312
317
312
316
313
314
314
315
317
315
314
313
314
315
313
310
314
314
314
313
316
313
316
315
314
314
316
313
311
315
313
313
313
314
312
314
314
313
314
315
311
315
313
311
311
311
316
311
314
311
315
313
313
313
313
313
308
313
313
315
311
315
312
316
313
313
313
316
311
311
315
307
314
311
314
311
313
312
315
312
314
313
315
311
311
313
312
313
313
315
310
313
313
316
311
315
314
313
313
313
313
308
313
311
313
312
313
310
313
313
312
312
315
309
313
311
310
310
312
311
310
312
310
310
312
313
309
313
313
310
309
307
312
311
309
310
311
309
309
313
313
308
308
312
310
311
309
312
309
312
312
310
312
312
309
312
310
309
310
307
310
311
313
307
311
307
313
308
307
310
308
309
305
311
309
311
308
311
308
312
310
310
311
312
306
311
311
308
308
309
309
305
309
309
310
309
307
309
311
307
311
306
311
308
304
309
303
311
306
310
306
311
309
308
309
313
307
305
310
310
310
306
311
307
309
310
308
310
311
306
310
309
308
308
307
309
307
308
307
309
309
311
307
311
308
306
306
306
307
305
306
306
307
309
309
305
310
306
305
304
306
307
303
307
306
306
306
308
303
310
305
305
305
303
309
303
307
305
305
306
309
303
311
307
307
306
310
305
305
309
305
306
305
306
303
309
304
308
306
309
305
310
307
307
307
308
304
303
306
302
306
304
307
304
309
303
306
307
305
305
304
306
302
308
304
306
306
307
302
310
304
307
305
308
303
303
306
305
305
301
306
304
305
303
305
305
307
302
303
303
304
304
303
300
299
298
903
295
301
298
606
300
301
305
305
303
303
304
306
302
303
305
618
302
308
928
307
309
626
310
312
311
631
313
313
636
313
316
319
321
317
315
315
323
320
314
321
321
325
318
321
650
320
323
977
327
325
330
325
324
323
993
329
664
331
330
670
331
330
333
338
337
334
334
337
342
335
338
337
341
338
337
338
334
336
336
339
334
339
335
344
338
337
340
339
334
337
338
343
336
340
688
340
343
345
345
337
344
344
346
340
342
347
340
346
345
346
339
346
346
348
341
346
348
349
347
343
350
348
347
346
346
350
347
350
351
351
351
351
352
354
350
354
354
354
354
354
357
358
357
357
363
363
358
361
361
360
357
359
358
360
360
361
356
361
361
355
362
359
361
362
360
360
359
362
363
364
360
360
362
361
360
362
362
362
362
360
358
362
360
358
364
363
360
356
359
357
356
357
358
357
358
360
358
361
362
361
362
362
363
364
365
365
360
362
363
361
359
365
364
361
366
366
364
366
365
369
366
368
370
374
370
370
365
368
369
369
369
365
369
368
368
368
371
371
372
374
376
374
375
378
376
375
377
378
375
379
376
379
379
379
376
382
384
383
384
383
384
388
389
388
388
387
390
389
387
390
390
386
386
390
393
387
389
386
386
389
387
382
385
385
379
383
383
379
381
383
382
381
383
386
383
382
389
389
385
385
389
382
385
387
383
381
384
382
383
388
391
395
395
396
393
396
398
399
396
396
398
398
395
396
391
396
392
393
396
391
387
395
390
386
393
393
389
392
394
394
391
396
393
396
392
395
399
400
399
400
399
401
402
398
400
400
399
400
396
402
403
400
403
407
403
404
408
407
404
409
407
406
408
407
405
406
408
406
408
410
411
407
413
414
412
417
416
412
417
416
414
414
418
420
423
413
429
423
419
424
422
419
420
422
420
417
415
417
416
412
415
414
411
413
411
411
414
410
407
408
410
403
408
406
404
407
402
407
398
397
417
409
407
413
398
398
438
396
396
460
427
397
406
449
429
410
399
438
421
417
415
415
416
414
407
424
414
413
408
424
419
417
422
421
419
424
424
421
422
410
438
425
427
413
440
429
429
417
437
429
413
414
459
437
410
443
432
413
443
432
433
431
428
433
411
442
432
406
446
431
406
439
428
402
406
458
432
405
405
451
427
419
422
400
430
421
401
430
400
396
449
423
391
437
422
395
394
401
403
404
472
429
395
399
454
397
395
456
425
419
416
420
419
415
415
418
397
393
443
420
414
412
409
411
405
407
392
420
404
388
420
405
409
389
385
440
389
384
450
388
433
412
378
437
412
412
413
410
413
392
394
448
422
390
434
415
383
438
416
414
396
430
417
394
396
451
423
388
436
418
411
416
393
394
399
463
425
415
411
417
398
396
442
419
410
408
389
394
398
450
419
390
391
445
416
407
413
410
391
429
414
409
415
391
396
459
428
423
425
395
451
431
429
405
448
433
431
433
435
433
431
435
433
428
430
432
413
442
433
430
426
424
427
422
420
426
402
437
421
423
400
438
421
425
423
390
448
427
421
422
397
442
423
423
420
423
428
432
430
431
431
433
431
429
435
438
413
455
439
437
435
435
435
438
441
419
408
482
443
436
434
435
438
438
412
458
441
433
437
436
431
432
435
433
434
434
409
453
437
430
432
434
435
434
403
452
435
431
430
432
431
435
434
433
432
433
434
406
458
438
431
435
430
429
434
405
455
432
434
437
431
429
428
429
429
424
427
428
423
426
429
426
425
429
429
427
427
399
447
430
430
403
451
433
396
403
472
435
428
425
430
429
425
429
430
424
427
429
402
445
429
430
428
426
398
447
426
394
448
427
424
423
423
427
425
420
427
426
422
426
391
457
429
426
430
424
422
423
427
396
452
432
428
397
395
475
435
430
427
431
433
432
431
431
430
434
437
438
437
438
441
443
438
437
438
438
438
407
403
486
441
438
439
436
437
401
400
480
435
432
432
430
430
432
430
430
429
400
450
432
429
429
428
426
427
431
432
427
432
432
429
432
432
433
432
434
435
432
429
431
430
432
430
433
435
429
427
427
426
426
422
426
426
424
421
423
421
419
422
421
419
423
390
451
425
427
430
427
423
429
429
427
429
434
435
431
437
438
438
436
441
440
438
439
440
438
441
443
440
446
446
445
443
445
446
449
452
453
453
452
451
450
453
453
449
446
448
448
448
445
441
442
441
441
440
441
440
438
442
444
442
445
448
447
446
449
450
448
454
454
451
451
454
450
451
452
452
448
445
445
446
446
440
438
439
437
435
438
434
433
436
433
433
436
437
436
433
397
462
434
435
437
436
436
435
439
439
437
442
441
438
444
445
446
443
444
445
445
443
448
444
442
447
447
445
445
443
444
446
448
451
451
448
448
449
450
445
443
444
444
441
439
440
442
438
439
439
438
436
436
436
436
436
438
434
434
436
396
462
435
435
436
434
434
434
437
435
430
433
434
431
429
433
432
431
429
395
458
435
394
461
436
433
430
433
437
436
436
435
439
441
440
436
440
438
436
437
438
438
438
436
441
439
438
440
441
441
439
443
444
441
441
443
445
443
440
441
440
438
439
438
436
434
436
435
434
432
430
429
428
429
427
426
422
427
426
423
429
430
427
429
432
429
429
433
434
434
432
436
438
438
435
440
442
440
438
438
434
433
434
431
431
433
430
432
433
431
431
435
437
438
439
394
477
443
440
444
441
439
442
442
445
442
449
452
453
453
452
449
448
444
444
442
445
446
449
453
454
455
457
455
453
455
452
451
450
451
451
446
446
442
438
440
435
435
436
434
436
435
434
433
431
437
437
436
435
437
437
436
436
436
438
438
438
439
440
438
438
443
446
446
447
448
447
446
446
445
449
451
452
455
451
450
449
448
448
448
452
453
453
451
448
448
448
447
452
450
453
452
452
449
453
453
453
450
453
451
445
445
448
448
448
445
448
444
444
447
447
444
443
444
446
444
440
444
442
438
438
434
437
435
438
442
445
446
443
447
447
444
443
445
445
442
441
441
441
440
441
440
444
444
444
444
445
446
448
447
450
450
447
445
451
452
452
450
452
452
447
451
453
449
452
450
448
451
450
447
449
451
451
446
446
444
446
442
442
440
438
439
439
439
441
443
442
442
443
442
445
446
443
446
446
450
451
449
454
451
447
452
454
451
448
449
449
447
447
448
446
443
443
444
441
442
444
441
442
444
443
442
439
442
442
437
438
440
440
439
437
438
439
438
437
438
441
443
440
439
443
444
441
443
440
443
443
445
447
443
450
448
447
447
443
444
442
440
438
437
438
438
438
436
440
441
441
440
439
445
444
445
445
444
449
445
446
443
447
447
445
442
445
443
441
441
439
441
440
438
437
436
438
438
435
438
439
438
439
438
439
438
438
438
436
438
438
436
436
437
435
435
435
437
438
436
438
441
440
439
444
446
446
444
447
450
449
448
451
452
451
448
444
448
448
449
448
447
447
447
447
451
453
459
461
462
462
460
459
460
458
456
454
453
453
453
460
457
455
455
456
457
456
453
453
451
451
450
449
452
449
448
447
448
450
450
448
453
453
456
458
459
459
456
463
465
466
464
457
459
459
456
455
454
453
452
450
453
453
451
453
455
456
454
455
459
460
463
460
461
461
459
458
457
455
452
452
453
450
454
456
456
456
456
457
459
458
456
458
460
465
461
464
464
462
461
455
457
453
452
457
456
458
460
458
463
466
467
471
471
473
472
471
472
470
471
469
471
470
468
469
470
472
475
477
479
480
483
480
479
478
477
477
478
476
477
477
479
481
479
488
486
484
486
488
486
964
479
479
479
476
474
475
474
475
476
477
479
481
485
486
490
493
492
496
498
498
494
497
494
494
490
493
492
490
488
491
496
499
503
506
507
508
507
504
503
502
497
501
500
501
498
503
504
507
506
511
511
511
509
513
511
506
509
508
506
502
500
498
501
504
505
508
510
515
517
517
518
521
520
518
517
521
518
517
512
513
511
509
509
509
513
510
509
510
514
517
518
521
520
524
523
521
523
522
520
519
516
521
521
521
521
525
527
527
531
528
527
523
522
520
519
520
524
523
524
529
532
534
531
530
527
526
523
520
517
516
514
512
508
506
504
503
502
503
504
507
506
507
509
510
512
512
514
513
512
511
512
511
509
509
509
508
511
514
517
516
519
521
519
519
519
521
524
527
525
532
533
532
531
531
527
525
524
518
522
520
521
520
516
515
508
506
505
503
504
506
506
508
515
522
533
544
547
548
545
549
547
545
540
538
531
526
522
516
512
508
507
507
507
508
513
519
536
545
547
549
553
552
547
543
542
536
531
530
527
524
522
519
518
517
516
520
523
535
547
556
558
560
557
555
552
545
543
539
536
529
530
527
527
525
527
529
531
531
537
541
542
545
541
540
538
534
534
527
524
521
518
515
518
519
529
548
557
563
557
554
548
545
543
540
536
533
532
530
528
525
525
527
525
523
523
525
526
525
525
526
527
526
526
525
525
526
525
526
524
529
526
528
528
528
527
524
528
532
532
530
531
529
527
522
521
520
521
519
522
524
532
534
538
541
543
542
538
537
531
528
525
522
519
514
513
512
513
512
525
536
543
548
549
546
554
551
547
539
536
534
529
525
524
525
523
525
525
529
536
537
539
542
542
542
537
532
527
526
526
521
521
521
523
524
531
538
541
554
561
562
556
561
561
560
551
547
542
537
529
526
521
515
516
515
514
516
516
516
519
521
522
524
525
524
524
521
520
521
520
531
541
548
551
557
566
567
564
557
556
557
556
552
547
539
531
525
522
520
521
527
542
562
574
575
579
580
575
566
565
560
554
552
549
544
539
537
533
527
524
521
520
520
520
523
523
531
539
548
551
551
554
558
556
552
550
548
541
535
530
533
528
531
535
539
541
539
539
535
531
525
521
517
514
509
513
520
547
616
633
613
618
612
591
579
566
561
554
547
540
536
535
534
529
525
529
528
526
526
526
525
530
533
530
530
531
530
530
530
528
528
527
526
525
525
522
524
523
521
521
520
521
524
530
532
534
535
532
528
525
523
522
522
522
519
519
515
509
510
507
502
505
523
562
613
641
645
636
629
606
590
574
571
560
552
541
540
533
531
530
526
526
521
521
519
521
522
522
525
527
533
546
556
562
562
551
562
559
552
545
538
533
529
523
521
521
519
520
519
519
521
522
532
538
542
542
542
544
544
541
538
537
536
531
528
524
524
525
525
531
541
549
558
563
557
573
571
572
567
567
564
560
556
546
541
534
533
529
527
528
530
530
534
540
546
549
549
551
553
551
543
547
542
535
532
530
530
530
534
538
548
558
564
561
563
563
559
555
550
549
543
537
533
531
528
526
524
528
528
532
535
542
542
540
540
536
532
527
525
525
527
527
529
530
531
536
540
543
544
545
548
550
551
548
547
542
545
546
546
545
543
543
544
545
543
547
553
554
554
555
556
553
547
541
541
541
537
534
530
529
526
523
520
521
520
520
523
532
543
565
584
583
585
582
573
564
566
561
548
550
545
540
538
537
534
532
527
525
530
539
547
556
556
554
553
550
546
542
539
538
538
537
535
533
532
532
531
528
536
535
534
535
538
540
542
543
540
540
544
540
540
538
539
533
531
528
528
529
534
536
542
545
549
553
551
549
550
547
544
538
535
532
528
526
523
528
543
561
570
590
601
595
586
580
568
561
557
552
546
539
534
528
521
519
519
520
523
526
526
540
544
547
546
548
541
548
550
549
545
538
531
533
531
530
531
532
533
538
539
541
544
542
537
530
521
519
519
516
517
518
509
509
510
515
521
523
525
536
543
544
545
543
544
542
543
539
535
531
529
532
542
550
563
563
569
569
566
562
554
549
545
535
529
522
521
517
517
524
542
589
687
708
659
627
608
593
579
566
560
552
546
539
527
527
522
521
523
523
534
545
555
575
587
592
593
579
583
575
566
558
556
551
545
538
532
529
531
538
551
575
597
609
621
624
611
597
581
575
570
558
550
543
540
538
534
536
537
545
555
568
582
590
591
585
593
587
582
573
565
557
553
546
539
539
536
536
532
537
541
548
552
557
559
564
563
560
556
557
553
550
547
547
546
543
542
540
538
543
542
540
540
539
533
529
525
522
521
520
516
516
513
515
520
523
528
533
539
545
548
546
541
544
544
539
538
535
533
530
526
522
521
523
528
550
596
637
631
613
596
582
566
560
552
543
538
533
526
522
518
516
514
513
518
524
531
535
536
535
529
525
521
516
508
502
497
494
495
497
497
505