1067
1195
1285
1251
1154
1079
1093
1193
1222
1106
1061
1099
1289
1443
1339
1271
1326
1264
1285
1300
1251
1198
1307
1364
1290
1155
1111
1227
1398
1350
1254
1175
1232
1252
1296
1226
1149
1188
1319
1328
1254
1168
1170
1257
1275
1152
1086
1156
1059
1136
1055
1017
1073
1119
1067
1043
1069
1143
1168
1112
1061
1132
1279
1280
1238
1169
1218
1314
1345
1353
1309
1285
1309
1310
1268
1206
1291
1415
1347
1206
1174
1283
1337
1257
1246
1327
1334
1276
1175
1213
1256
1227
1158
1253
1554
1489
1333
1210
1188
1250
1381
1327
1215
1263
1304
1263
1199
1268
1353
1253
1139
1029
1024
1116
1261
1257
1349
1337
1300
1190
1182
1207
1180
1193
1374
1431
1291
1175
1244
1332
1315
1372
1352
1229
1164
1235
1292
1235
1249
1360
1305
1152
1199
1336
1314
1260
1408
1342