760
611
593
584
892
271
1145
599
628
647
658
662
672
685
690
706
721
727
751
775
760
747
729
708
713
728
758
826
823
819
802
792
777
763
747
774
788
775
787
771
799
780
760
760
762
751
725
706
742
729
740
743
731
717
722
692
703
699
651
658
662
668
690
683
697
685
687
688
689
673
674
679
679
674
685
688
672
669
666
667
679
705
752
760
749
764
761
735
697
684
678
650
652
641
653
682
684
684
689
663
674
660
665
642
633
620
613
604
588
587
595
615
652
695
730
749
793
820
806
797
766
739
705
667
656
657
674
708
743
762
752
744
721
730
697
680
682
735
801
799
810
786
789
776
750
744
745
757
771
746
756
761
729
702
703
711
717
704
715
720
703
695
688
689
697
703
708
724
732
709
1385
674
699
705
751
771
760
735
696
673
660
650
674
690
756
810
793
783
780
770
763
739
716
698
678
672
661
688
685
710
736
747
742
727
720
706
683
663
641
634
634
626
669
686
692
700
729
780
795
800
780
739
701
680
650
604
597
593
588
601
645
735
812
782
741
758
756
753
752
696
687
683
706
749
825
836
839
834
698
829
699
698
692
701
723
740
729
740
750
750
770
797
816
803
785
760
740
755
784
819
833
839
825
803
752
715
722
717
743
756
735
726
1411
655
643
637
611
616
589
593
600
618
655
737
771
751
731
697
670
662
663
662
653
684
737
789
795
815
804
775
719
715
713
701
722
726
749
749
763
783
785
773
738
682
674
663
668
692
680
675
646
639
604
600
611
606
612
621
634
631
618
610
610
609
607
600
590
590
586
591
583
591
592
601
600
598
605
607
623
626
618
603
601
590
573
568
572
579
582
579
577
571
567
563
582
594
607
618
1028
777
597
599
603
590
591
580
577
579
584
605
612
614
605
589
580
574
570
566
563
565
570
565
563
565
579
596
598
592
584
593
595
599
589
583
569
569
571
572
573
574
569
586
576
578
579
574
583
586
589
598
604
596
598
582
573
570
576
586
590
575
566
567
583
587
597
588
574
559
551
554
553
551
555
562
566
560
551
547
554
550
548
542
541
553
553
559
572
579
576
563
558
571
572
573
566
562
572
572
574
579
571
571
565
557
572
585
585
583
580
569
563
564
564
561
562
560
563
573
577
592
597
588
575
567
578
574
584
589
576
574
564
564
558
546
547
552
555
555
550
567
585
594
586
569
557
538
537
547
546
551
554
562
563
557
553
554
566
572
1148
563
549
550
547
542
539
551
566
565
558
552
548
545
535
551
551
563
563
551
552
555
556
561
556
553
545
550
552
560
563
572
564
558
552
555
557
563
568
558
554
560
568
570
578
568
571
564
558
556
563
569
578
565
554
559
557
560
551
547
547
553
545
541
549
550
546
537
540
543
551
554
546
543
547
537
538
545
552
561
558
554
549
550
555
553
550
555
552
542
544
553
557
556
542
549
551
547
537
536
545
545
547
554
548
550
547
535
529
523
521
525
521
521
515
521
521
523
519
509
510
515
515
515
507
512
516
515
517
517
513
516
526
523
522
518
516
515
519
516
513
510
506
508
507
512
509
506
510
508
510
508
508
503
502
506
521
534
536
526
527
521
508
504
513
507
507
508
499
510
504
504
502
499
501
508
502
496
502
495
494
502
498
498
494
495
501
500
501
501
501
498
493
495
497
496
492
493
490
494
494
494
488
480
487
487
488
485
484
489
492
487
482
479
490
485
486
480
480
486
483
485
485
475
477
479
485
485
479
476
474
480
482
483
485
482
480
481
477
474
469
468
468
464
464
472
474
475
470
467
470
472
473
477
473
472
473
470
472
478
475
474
470
474
479
475
476
471
466
473
475
475
473
463
468
475
476
471
467
465
472
470
470
473
476
480
478
473
471
471
468
470
473
469
473
465
467
471
471
470
473
463
468
472
475
474
472
468
469
465
469
468
477
470
471
464
466
469
468
469
469
466
463
460
466
469
468
466
456
462
470
468
465
458
458
461
462
461
456
451
454
458
458
457
456
455
453
453
456
463
459
459
454
456
460
462
459
458
452
452
464
459
458
453
452
460
461
458
455
450
457
458
454
453
451
454
450
444
447
450
453
452
448
446
448
449
450
458
456
453
450
449
451
451
456
453
456
454
449
455
458
458
455
450
449
453
457
455
450
447
448
452
454
452
450
444
445
449
447
451
452
451
454
451
444
449
452
455
454
451
450
450
451
455
452
454
456
454
455
453
448
452
455
453
451
445
450
454
453
454
445
451
451
455
452
448
443
448
453
449
445
442
444
446
449
449
444
441
442
449
447
446
442
443
446
447
447
448
447
446
444
444
453
453
448
454
445
443
438
440
443
439
435
436
443
436
430
436
437
434
431
426
425
434
429
428
422
426
429
423
423
421
428
422
421
419
416
421
425
421
415
419
418
416
415
413
417
417
413
411
409
415
415
414
408
409
408
408
413
409
822
405
406
406
411
407
405
404
402
406
405
408
405
401
401
404
407
403
399
399
403
403
402
401
396
399
401
399
396
396
397
398
398
395
396
396
398
396
394
394
396
396
395
392
392
392
397
391
392
389
390
395
389
393
387
390
392
391
391
388
388
390
387
390
389
384
386
388
389
389
385
386
384
390
389
388
384
381
390
388
387
384
382
388
387
389
385
383
385
387
389
385
383
382
386
389
385
382
384
384
388
385
384
383
382
385
386
382
382
383
384
384
382
384
382
381
380
383
383
384
379
380
381
383
382
379
379
379
384
379
379
376
379
381
378
378
378
376
380
379
378
377
376
378
378
377
377
376
375
375
378
378
378
375
375
375
378
377
376
373
373
377
374
376
375
372
374
373
377
377
375
373
372
374
377
375
374
372
373
375
374
374
376
372
370
372
374
374
376
371
371
373
377
375
369
371
372
375
374
372
370
370
374
372
372
372
369
373
373
372
372
369
372
372
371
375
372
370
371
373
373
373
368
372
374
372
374
365
371
369
369
373
371
374
371
368
371
372
371
371
366
371
372
373
736
371
371
369
372
367
370
368
370
372
369
367
369
371
371
370
368
368
371
371
369
366
369
372
370
370
364
369
370
369
371
366
368
367
369
372
369
364
369
368
370
371
365
366
370
368
369
363
367
369
369
387
344
367
366
366
371
368
365
365
369
368
369
364
364
370
369
367
614
482
366
369
364
365
366
366
372
362
731
365
368
369
365
363
368
734
365
363
369
368
364
365
366
367
366
367
363
364
365
367
726
364
364
362
367
366
363
365
363
419
307
364
363
360
373
733
364
368
369
370
361
367
370
424
313
363
365
367
371
443
281
368
370
264
375
2283
1096
363
699
3209
1763
407
1067
938
1400
2536
362
722
1090
358
726
720
357
506
860
433
363
360
360
362
360
357
359
366
359
358
725
355
356
359
727
356
358
363
653
424
361
355
363
356
1078
357
357
364
357
711
1432
717
720
357
356
358
719
713
944
489
714
536
537
1069
354
1309
347
379
462
358
1076
711
762
1013
720
355
1427
2856
1068
356
361
568
492
357
354
709
354
711
355
359
712
354
360
356
703
354
532
892
269
278
516
888
527
357
354
355
2485
286
418
361
351
418
647
316
465
287
255
444
361
354
351
354
358
351
355
353
1065
355
709
359
1062
357
710
269
792
356
354
352
352
353
269
440
351
352
354
355
354
352
356
355
356
352
352
358
357
357
351
1782
1076
360
356
356
360
358
357
360
363
362
360
357
363
362
360
360
366
363
363
360
363
366
368
365
364
364
368
366
366
366
365
370
374
370
365
370
373
374
370
365
371
376
375
368
369
372
378
376
366
370
378
375
371
370
368
375
378
366
372
375
372
375
366
368
379
374
374
366
370
374
376
372
372
373
376
375
378
372
375
373
376
370
377
379
380
373
376
377
383
377
381
378
378
380
385
384
383
379
379
378
380
386
384
383
381
385
387
390
383
383
393
772
383
383
391
386
385
381
383
390
388
386
381
382
387
382
388
384
380