762
741
761
735
721
720
728
733
746
755
766
782
806
827
815
806
823
837
837
804
802
787
768
752
733
466
874
729
702
691
690
690
687
689
684
682
684
685
686
688
702
712
709
708
724
713
704
695
701
709
711
724
734
729
722
721
714
714
725
746
767
782
795
798
806
818
813
813
821
829
861
873
942
1089
997
999
965
936
923
918
901
883
874
806
774
786
787
781
788
807
799
791
797
814
806
808
827
849
836
836
862
853
841
827
811
802
791
818
844
832
834
848
860
854
847
860
853
828
796
776
769
770
785
781
774
771
777
785
790
767
775
766
757
753
751
756
758
742
737
739
740
737
728
731
730
729
736
744
751
751
757
737
736
744
745
743
743
748
548
849
746
708
693
684
678
670
669
665
657
649
646
639
628
626
621
615
611
604
600
596
591
587
581
578
577
573
570
571
569
568
569
565
565
565
564
561
560
560
558
559
558
558
556
553
551
550
544
542
539
536
534
532
529
527
527
523
523
523
525
526
527
528
532
536
536
539
540
539
536
538
540
541
543
542
544
544
544
545
547
546
545
545
546
546
544
543
542
539
540
542
544
546
545
543
545
545
545
546
546
541
545
542
546
549
554
556
558
558
556
555
559
560
561
562
561
562
562
563
562
560
558
558
560
563
564
563
561
561
563
566
565
567
565
564
564
565
564
564
564
562
559
562
563
565
563
566
569
571
572
570
569
571
572
575
575
577
580
588
589
591
588
585
585
587
586
586
582
579
580
582
582
585
582
583
585
589
590
591
589
587
588
588
588
589
586
586
583
583
582
580
576
576
576
580
581
583
583
584
587
589
590
588
584
581
577
576
572
568
565
560
556
557
561
563
563
561
562
562
564
569
574
573
573
570
573
579
584
587
588
584
586
590
596
600
606
616
625
637
642
632
614
604
598
593
587
585
579
576
579
581
579
580
576
577
581
587
588
592
588
589
591
594
594
594
589
587
585
588
590
588
584
585
588
591
590
591
586
588
591
594
593
586
584
582
585
586
582
576
571
569
567
569
565
563
564
566
569
571
570
571
569
569
562
557
556
554
555
552
551
554
561
563
570
571
573
580
584
587
585
580
578
577
576
576
574
569
568
567
567
566
563
561
559
559
562
563
563
561
559
559
560
560
558
553
553
552
551
550
548
545
543
544
546
545
543
541
538
539
536
537
536
539
541
541
540
534
533
534
534
534
535
531
528
529
531
531
533
531
529
526
526
530
532
531
528
529
530
532
535
537
533
531
532
532
531
530
527
521
521
521
524
523
521
518
516
518
521
522
521
518
520
521
522
524
525
521
520
521
521
522
523
521
520
517
517
520
523
527
529
529
526
523
523
522
522
521
517
514
517
517
518
519
517
513
512
512
514
513
514
515
511
512
515
516
518
518
515
516
519
520
521
519
517
516
519
521
524
521
520
521
522
521
523
523
523
520
521
524
527
532
534
531
527
522
521
521
524
524
521
514
512
512
511
512
511
506
508
510
512
514
514
510
510
514
514
514
511
508
508
510
512
514
511
506
505
506
508
507
507
504
499
496
500
500
499
501
498
493
497
496
498
498
496
492
496
497
499
498
497
496
499
504
504
503
501
502
505
508
509
504
500
502
502
503
504
502
497
501
502
504
506
505
499
499
501
502
504
503
499
497
503
503
504
502
498
497
499
500
502
501
498
496
498
502
503
502
499
502
504
504
504
502
504
507
507
506
510
508
505
504
505
506
510
515
520
519
521
521
513
511
513
513
508
506
509
509
507
504
507
509
506
510
512
513
516
517
517
516
516
515
516
517
517
517
515
508
502
502
504
506
497
499
501
501
502
498
497
498
502
499
499
498
503
502
501
501
500
500
500
502
494
494
494
491
488
489
488
489
491
485
484
486
488
420
541
494
481
484
484
482
483
479
479
480
482
482
478
478
478
480
479
475
474
475
477
477
473
472
473
474
475
470
469
472
471
469
467
463
467
467
462
462
462
464
461
460
463
462
462
463
462
461
456
451
456
456
452
451
450
452
452
449
448
446
449
450
447
445
444
446
447
445
446
441
443
444
445
446
444
441
442
441
443
440
438
438
436
438
436
436
433
431
433
433
434
431
429
430
428
432
431
430
429
426
428
428
430
428
428
428
422
429
427
430
431
432
432
426
431
430
431
432
428
430
429
431
431
431
431
430
430
432
433
437
436
433
434
429
434
431
433
434
430
429
427
430
431
430
426
424
428
427
427
427
423
426
424
425
425
423
423
420
422
423
423
423
417
422
420
421
422
420
419
417
419
419
418
420
418
415
416
419
420
421
422
413
422
418
421
421
419
420
414
420
418
420
421
420
420
414
419
418
419
420
414
417
416
417
419
418
415
415
418
419
419
418
416
418
415
420
418
416
417
413
417
416
415
412
413
413
413
414
409
413
410
411
412
409
410
407
411
411
410
411
407
410
408
411
411
410
409
407
410
409
409
405
407
406
408
409
405
408
406
408
409
408
407
406
408
409
410
408
409
410
409
412
410
409
407
408
409
409
410
406
408
406
407
409
407
407
403
407
406
407
408
405
407
403
409
407
407
405
405
406
407
409
404
407
407
408
409
408
406
404
409
408
409
408
404
408
405
410
409
407
406
405
407
407
409
408
406
405
406
408
407
407
403
405
405
406
409
408
407
401
408
405
407
407
404
405
403
407
404
405
402
402
404
403
405
398
403
399
404
402
402
400
400
401
401
403
401
401
400
402
403
405
406
405
403
404
408
407
406
405
404
408
409
411
406
408
408
408
411
410
413
413
416
412
409
410
410
415
414
412
409
416
415
415
414
408
414
411
414
414
409
411
409
413
412
411
410
411
413
414
416
413
413
413
413
417
416
411
412
413
414
412
408
408
411
408
411
411
410
414
414
416
411
407
412
411
410
403
410
409
408
407
402
405
400
405
404
402
400
400
401
400
400
396
398
399
400
395
398
397
396
397
394
396
393
396
396
395
394
393
393
393
394
390
392
388
393
390
391
389
389
388
389
389
387
388
385
387
385
387
382
386
382
384
383
383
386
380
381
382
383
383
384
384
384
382
383
384
385
381
385
382
385
383
384
382
383
381
382
383
381
382
380
381
377
384
381
379
375
380
379
380
378
378
377
379
378
379
377
377
375
375
377
376
378
376
376
375
375
374
376
372
375
373
375
373
374
370
374
372
374
371
373
370
373
372
374
371
372
373
373
373
372
372
372
372
373
372
372
372
372
372
373
373
372
372
371
373
370
373
371
372
372
371
370
372
370
373
370
371
369
372
370
372
368
371
370
370
369
372
367
370
367
370
369
370
367
370
368
370
369
370
366
370
368
370
368
368
366
370
368
369
365
368
366
368
365
369
365
369
367
369
366
368
368
368
368
368
368
369
370
369
369
369
370
370
371
368
370
368
369
369
370
369
368
368
369
368
370
369
371
367
370
368
369
369
368
367
368
367
368
369
367
368
368
367
368
368
368
366
368
367
369
365
368
366
367
366
366
365
366
365
367
363
366
361
367
363
364
363
365
363
364
363
363
364
363
363
363
362
364
362
364
362
363
363
363
362
363
362
363
364
361
363
362
363
363
364
364
363
362
362
364
362
363
361
362
362
362
361
362
360
363
361
363
360
362
361
362
360
363
361
361
362
362
361
360
360
360
361
360
359
359
359
357
359
358
362
360
362
362
363
356
363
359
362
363
361
361
363
361
364
363
363
361
362
362
362
362
363
361
362
362
363
364
362
362
362
363
363
365
359
365
361
364
363
365
360
366
362
365
363
364
361
364
363
363
362
364
362
362
362
363
361
362
361
360
362
361
359
359
363
360
362
361
359
357
363
360
362
357
363
358
362
362
359
360
362
363
363
363
362
360
362
362
361
361
360
361
361
363
357
361
360
361
357
362
358
360
360
359
360
358
359
359
360
357
360
357
360
358
359
357
359
357
360
357
359
357
357
358
359
357
357
357
356
359
354
358
355
356
356
356
356
355
355
357
356
354
356
356
356
355
356
343
369
356
354
356
354
358
355
356
356
357
355
354
357
355
358
356
357
354
356
355
356
356
355
356
356
355
355
355
354
356
356
354
355
354
358
353
355
354
353
354
354
355
353
354
354
354
354
353
354
354
354
354
353
352
354
353
354
352
353
352
350
354
352
352
353
351
354
351
352
352
352
353
351
351
353
352
352
352
352
350
354
349
352
350
350
352
349
352
348
349
350
351
351
349
350
349
351
351
349
351
349
352
349
352
349
350
351
350
352
350
350
350
352
350
349
352
350
351
350
352
350
350
350
349
352
350
351
349
351
350
349
350
349
352
350
349
349
348
351
351
349
348
347
350
350
349
349
348
347
350
347
351
348
349
348
351
351
348
350
349
348
352
348
350
349
350
350
349
349
350
350
349
348
349
349
350
348
347
349
349
348
349
346
349
347
349
347
347
349
346
349
346
345
349
349
348
346
343
349
347
347
346
344
349
347
347
346
345
346
341
353
345
345
346
346
348
345
344
349
344
349
345
343
348
345
345
344
345
349
343
346
344
344
349
344
345
345
345
345
346
344
346
344
348
345
344
346
347
345
343
344
344
346
342
345
345
344
345
344
345
345
345
344
347
344
345
344
347
344
346
344
344
345
342
347
344
346
347
344
346
346
344
345
347
344
346
346
346
345
348
344
347
347
347
345
344
345
351
344
346
346
346
346
348
345
345
345
347
345
345
345
347
346
344
343
347
344
347
344
344
348
344
346
343
344
344
346
343
344
346
344
345
342
345
345
343
343
345
345
343
343
343
345
341
343
344
343
341
345
342
342
342
343
343
342
343
343
343
342
342
346
342
341
341
344
342
342
341
340
344
342
342
341
342
343
342
340
341
342
342
339
341
341
343
340
340
342
342
341
340
339
343
341
340
339
342
342
340
338
341
340
341
338
342
340
340
338
339
341
339
340
339
341
340
340
339
342
341
339
339
340
342
339
339
342
339
340
340
340
341
339
340
339
340
339
341
341
339
339
341
340
340
340
337
343
338
342
338
339
339
342
338
338
344
340
339
339
342
338
341
337
341
340
337
341
340
340
342
337
341
335
341
339
338
341
337
340
337
338
340
336
341
338
339
337
341
338
339
338
339
342
337
338
338
340
336
341
338
337
336
340
340
336
341
338
337
338
339
337
338
339
339
336
339
339
340
341
339
339
340
341
340
340
344
342
342
337
313
378
347
343
346
342
343
344
350
347
345
342
351
350
346
343
345
350
349
347
345
349
351
347
345
349
351
347
343
352
352
347
345
354
354
350
343
347
353
354
350
350
351
358
361
366
354
310
423
376
361
371
375
376
382
381
365
376
377
382
377
377
372
376
376
372
373
375
373
368
372
374
372
365
376
372
372
371
366
370
370
370
366
371
373
373
367
368
376
373
374
368
373
376
374
374
371