1148
1080
1001
975
992
979
1016
1053
1023
991
989
968
954
970
925
880
849
866
892
945
933
936
962
967
946
931
942
942
954
943
896
896
931
1007
1028
973
973
960
952
906
929
938
967
966
940
922
961
1035
1023
962
960
943
960
949
953
987
1021
1038
984
927
929
951
972
966
934
912
924
938
918
857
828
828
830
827
862
877
871
848
857
885
974
1032
1079
1076
1015
981
954
922
904
913
937
984
1045
1140
1323
1192
1009
936
976
1030
1017
927
902
886
887
890
867
845
840
845
854
867
897
910
948
987
1033
979
924
932
924
905
904
917
947
986
974
948
948
976
986
941
919
906
894
899
870
882
914
972
973
985
999
980
955
944
931
928
935
909
886
915
979
1001
1028
949
951
952
971
953
927
964
977
1007
974
974
1005
1021
976
909
877
863
871
860
842
846
849
898
912
924
933
938
925
922
943
898
900
904
884
881
910
892
894
926