539
553
577
570
550
522
517
520
523
523
535
559
593
632
616
610
590
585
595
590
588
586
579
562
558
545
552
563
584
582
582
574
574
579
575
559
555
555
562
567
574
576
582
587
564
545
530
526
541
557
578
583
573
548
544
547
566
590
615
615
589
562
545
530
527
539
582
667
664
661
609
583
555
547
557
585
634
653
610
599
587
590
587
578
559
545
536
526
526
527
552
591
630
608
596
574
564
563
553
535
534
528
531
543
567
604
601
592
578
559
538
534
537
566
673
777
747
659
622
603
599
607
604
589
577
563
561
574
610
607
606
585
591
604
583
585
577
576
570
552
545
534
535
553
569
590
575
569
557
556
559
563
591
602
624
592
592
588
583
575
562
538
534
532
541
580
624
631
638
646
652
642
620
607
572
562
550
553
559
586
621
650
617
608
606
608
629
623
617
592
588
579
578
574
563
564
568
596
676
686
645
631
617
617
580
576
571
569
578
602
599
590
567
563
554
562
573
596
581
581
582
594
590
574
562
551
547
548
563
553
561
571
608
658
720
720
673
613
581
563
557
567
615
688
709
686
663
636
585
574
560
558
555
572
596
638
667
638
627
632
622
607
582
573
563
559
547
547
544
548
573
617
608
634
633
640
626
596
564
555
547
549
561
553
558
560
567
589
595
576
567
558
552
548
534
532
532
546
574
589
579
575
564
561
565
549
539
532
528
530
532
529
529
528
538
546
554
546
548
548
533
525
520
512
503
497
494
498
511
549
598
628
654
644
596
576
555
547
526
521
521
518
522
533
522
508
509
502
503
508
515
516
510
493
492
485
479
476
479
489
516
553
594
621
603
578
523
513
500
493
490
492
498
497
503
504
505
501
499
495
489
483
476
471
466
461
456
452
452
450
451
451
450
450
452
456
452
456
456
457
456
454
458
476
517
516
502
509
509
507
498
491
482
473
466
457
451
449
447
449
458
483
642
819
669
683
637
616
610
592
565
562
568
567
543
516
502
492
483
478
472
477
484
490
496
497
494
489
480
476
470
465
461
457
457
459
462
466
471
475
468
464
461
458
454
453
452
450
447
451
459
463
480
522
632
767
701
696
687
653
656
610
599
586
595
579
608
978
801
771
730
674
622
597
580
574
600
667
720
670
637
633
657
684
671
632
599
584
574
588
625
660
703
693
632
606
585
574
574
583
589
585
583
578
593
622
654
635
585
560
545
538
559
643
835
772
807
734
687
635
603
586
589
604
641
644
616
617
603
590
583
566
582
615
672
694
664
689
656
639
619
577
563
554
547
541
552
552
544
533
514
510
499
494
496
507
528
548
581
657
723
698
690
651
635
566
533
526
519
513
510
503
502
502
503
502
517
532
548
547
545
554
569
611
602
582
563
543
510
507
497
494
493
496
498
498
500
499
499
500
503
511
531
567
652
769
757
661
619
615
616
621
598
578
556
535
521
509
500
493
487
477
479
481
511
666
752
676
638
620
592
553
533
540
579
591
600
567
556
539
526
506
502
496
499
522
565
725
716
791
778
740
710
715
667
612
583
554
547
558
604
783
782
708
600
592
561
545
543
1064
521
518
514
512
510
507
503
500
495
494
493
496
498
499
499
508
511
508
505
497
492
486
483
486
492
503
504
512
522
548
555
551
565
563
564
568
573
563
551
531
533
537
559
628
627
622
612
611
687
806
785
707
667
631
626
616
606
584
567
557
563
601
764
846
754
688
624
600
600
629
685
654
608
592
584
600
684
760
715
661
634
614
608
625
628
639
626
618
611
637
698
743
710
636
609
586
594
619
680
692
645
615
590
577
603
727
948
823
753
683
640
624
639
642
651
645
624
602
587
591
601
639
654
621
601
596
606
622
608
614
634
655
660
637
610
594
591
603
612
606
598
574
560
547
543
544
567
622
643
632
624
666
697
692
664
631
602
577
574
573
577
584
583
575
569
563
566
582
595
584
593
594
576
552
538
528
532
576
691
679
685
655
634
587
575
576
584
591
593
575
564
551
547
559
584
609
616
609
601
582
561
547
538
536
546
583
766
788
751
712
638
605
580
572
585
604
621
627
607
572
557
548
547
568
629
702
633
608
589
589
617
666
688
645
609
590
584
581
586
604
603
592
589
586
587
580
572
562
559
563
594
630
636
626
591
576
568
565
574
613
646
631
611
584
567
550
522
521
521
530
570
626
647
643
604
585
581
580
594
642
656
650
633
614
588
571
546
532
523
525
557
819
745
728
698
614
585
568
562
603
668
652
609
580
571
570
578
575
563
555
550
548
548
552
557
564
558
562
567
584
653
766
756
705
685
655
603
580
567
570
574
604
628
603
580
569
567
596
675
736
732
695
657
633
615
592
574
559
551
550
565
621
813
839
773
720
685
621
596
575
582
606
635
676
661
652
648
664
713
706
693
680
642
611
601
596
599
602
593
585
583
604
679
742
779
724
653
609
573
566
572
593
645
717
715
653
648
633
622
599
586
572
573
588
629
702
757
773
757
703
636
612
592
585
588
636
649
636
662
732
760
728
688
627
590
562
560
573
627
729
692
642
606
594
599
632
693
691
641
602
596
605
613
612
596
577
568
559
559
566
576
580
596
607
604
586
570
555
547
537
521
519
513
512
501
498
493
479
480
479
475
465
465
456
455
448
441
441
435
428
426
421
418
414
416
410
408
405
408
410
413
414
415
420
422
418
416
414
412
410
406
409
409
408
408
407
409
408
406
403
406
401
402
404
403
405
403
403
404
404
406
411
412
416
423
429
437
441
440
442
441
439
436
430
430
420
418
413
412
412
408
412
418
433
458
512
526
513
489
466
457
446
438
431
425
418
417
414
413
410
409
406
404
404
404
405
406
407
406
406
407
405
407
408
410
412
412
411
410
408
408
410
414
418
423
429
437
442
446
443
441
438
436
433
434
436
436
435
435
437
442
449
458
465
470
467
460
459
458
461
463
462
461
460
456
452
452
457
467
491
518
532
524
517
519
510
496
479
469
459
453
450
450
445
446
448
465
512
633
657
646
589
540
520
516
515
503
496
489
479
474
476
477
489
495
507
512
501
498
492
492
489
487
490
502
524
555
568
582
575
551
533
514
502
489
480
480
496
520
600
685
692
654
645
634
593
567
540
519
502
489
481
476
474
478
485
495
504
516
531
541
547
535
520
498
483
477
471
472
473
478
481
483
488
497
497
505
512
521
522
530
543
555
554
538
526
510
497
484
476
471
474
474
483
487
490
495
511
531
552
559
539
525
509
491
479
468
461
458
455
454
452
449
444
446
448
447
444
444
440
438
437
436
435
438
443
455
486
502
516
496
484
478
469
462
452
444
438
431
431
425
424
421
419
417
416
416
419
420
430
432
441
453
460
469
466
464
460
456
454
451
447
443
439
436
435
437
450
467
479
479
474
470
463
462
464
464
465
458
451
445
440
437
431
431
425
427
422
427
446
488
547
590
646
652
602
560
548
528
502
477
463
454
448
445
444
445
448
468
517
597
640
629
592
551
512
490
478
471
469
463
464
472
480
484
483
474
466
461
457
452
449
447
446
446
456
491
577
729
666
606
557
512
495
488
484
484
481
480
474
471
469
464
459
453
447
445
445
452
482
549
602
597
556
529
500
487
484
487
488
485
479
478
475
476
478
479
477
467
459
456
457
462
472
498
618
861
729
730
677
626
558
518
501
495
498
508
517
529
535
540
542
544
545
552
547
538
521
508
495
487
481
479
487
510
561
651
676
632
586
553
522
508
499
488
479
476
475
483
507
545
643
676
626
576
549
527
508
493
484
473
468
464
463
463
465
469
478
482
479
487
507
527
561
573
578
564
549
533
520
506
497
491
499
526
617
715
707
661
616
570
537
517
507
503
511
526
547
558
547
519
498
487
480
473
471
471
479
484
489
487
480
479
479
481
481
476
475
467
465
461
460
456
457
460
460
460
460
453
449
446
446
446
445
445
440
444
442
441
443
442
449
450
444
444
439
444
446
451
453
451
452
448
444
441
435
437
438
439
441
444
454
462
459
457
455
456
451
447
443
438
442
444
444
448
450
454
453
456
450
445
448
449
447
449
448
448
449
445
441
438
438
439
438
444
453
471
480
480
472
465
459
456
455
454
453
455
456
456
453
446
441
440
439
438
438
442
441
444
445
445
447
447
448
447
449
455
461
460
451
444
438
437
437
429
428
430
432
430
431
423
412
411
409
409
409
408
409
410
413
409
409
407
406
408
404
402
401
399
401
402
398
396
396
396
399
398
397
396
394
393
396
393
394
390
390
388
389
388
388
386
386
381
378
382
375
375
372
376
382
384
386
380
383
380
378
379
377
375
370
370
371
366
369
371
371
374
371
370
372
370
369
366
365
365
362
365
369
369
369
366
365
366
361
360
358
357
359
364
364
367
363
362
364
359
361
357
358
357
360
360
358
359
358
354
356
351
354
358
359
361
359
355
354
354
352
356
358
360
355
358
353
354
350
354
357
357
358
354
354
352
350
351
357
354
357
355
353
353
349
349
354
354
354
354
354
350
349
347
354
351
355
354
348
352
349
349
353
354
353
351
349
349
345
349
351
349
348
350
348
347
345
351
350
349
351
348
349
346
347
348
352
350
354
347
352
345
348
349
348
351
348
348
345
346
348
348
349
347
346
343
347
347
346
349
346
346
343
345
346
346
347
344
345
342
345
347
346
347
343
343
344
346
346
347
346
346
343
347
347
345
349
344
346
342
345
347
345
349
342
345
342
347
344
346
347
343
343
342
344
345
344
343
342
340
343
343
346
345
340
341
338
344
343
344
343
342
339
336
342
343
343
341
341
339
339
342
338
343
340
340
337
340
340
341
344
340
339
339
341
342
340
344
343
339
340
338
340
341
342
342
340
339
339
340
339
343
338
340
336
342
336
342
342
337
340
337
341
340
341
342
338
338
337
338
340
340
338
337
335
337
338
337
338
335
332
332
337
335
339
332
334
329
335
335
337
336
333
330
332
337
333
337
333
334
331
334
333
337
333
333
333
335
334
336
332
334
331
334
331
336
329
333
328
333
333
336
331
330
328
335
332
336
332
335
328
334
332
336
335
336
333
334
337
335
338
336
336
335
339
337
341
337
337
336
337
338
337
338
336
332
334
334
337
335
335
332
332
335
334
334
332
334
329
335
335
336
331
332
328
334
332
335
332
332
327
333
331
334
333
333
329
331
332
332
334
331
331
332
331
334
337
331
330
331
333
333
335
333
332
330
330
331
333
329
330
326
329
331
332
327
327
326
327
330
331
328
327
328
329
331
332
329
328
330
331
331
332
329
329
328
329
332
330
330
327
330
328
331
332
327
327
329
329
334
329
332
326
330
328
333
334
332
329
330
333
334
336
332
333
333
332
335
335
336
334
332
334
333
334
337
332
332
331
332
330
333
331
328
330
329
331
332
328
328
328
330
332
331
330
325
331
330
332
330
331
327
331
328
332
329
328
327
331
329
332
329
327
326
328
328
330
325
327
325
327
330
330
327
325
326
326
328
329
328
324
326
326
330
328
329
328
329
327
330
326
327
325
328
327
328
324
324
325
328
329
330
329
323
330
328
332
328
332
330
328
330
332
332
328
328
329
327
330
332
330
326
327
329
329
331
327
328
325
326
329
330
326
326
326
328
330
329
328
324
328
326
329
331
328
326
326
327
328
330
327
328
326
327
329
328
329
327
328
327
327
330
330
329
327
327
326
330
330
330
327
329
328
329
332
328
329
328
328
332
335
328
330
328
330
331
332
330
331
326
331
327
333
332
331
327
327
330
330
332
328
327
326
328
329
333
329
329
326
328
327
329
329
326
324
326
326
329
324
325
322
326
324
327
324
323
320
325
323
328
323
323
321
325
325
326
322
322
323
325
324
325
324
321
323
323
325
322
322
320
323
324
325
325
319
324
323
326
323
325
322
322
323
326
323
324
322
322
325
325
323
323
322
321
326
325
323
320
322
321
325
322
322
319
321
320
325
323
323
320
321
323
325
321
322
322
323
323
325
322
324
322
322
323
326
322
323
321
324
324
323
317
647
319
323
326
321
321
319
324
324
328
324
323
323
323
326
328
326
323
324
325
325
327
323
326
323
325
326
329
325
326
325
327
324
327
327
327
324
325
325
326
328
326
325
324
327
325
328
325
326
323
324
325
325
323
325
321
321
327
324
320
323
323
324
322
324
322
320
325
321
325
323
325
324
322
322
323
323
322
323
325
324
325
323
325
325
326
328
328
328
328
328
328
328
329
330
330
331
331
330
330
330
332
332
333
334
334
334
334
334
334
333
335
336
336
337
338
339
338
339
339
338
342
340
344
345
346
346
346
346
348
347
349
351
352
354
355
356
355
353
352
351
349
353
352
356
354
359
361
360
359
360
360
360
362
361
365
365
364
367
366
364
362
361
360
360
359
365
365
369
372
373
373
375
375
373
371
369
368
367
368
371
370
375
378
377
378
379
380
378
376
375
376
375
377
378
379
381
383
382
381
382
379
379
377
375
374
372
374
375
379
384
388
391
391
391
393
392
389
386
385
385
386
386
386
390
389
390
390
391
388
387
386
385
386
384
386
389
388
393
396
394
395
394
395
391
390
388
388
390
390
394
396
397
400
398
400
400
399
396
394
394
392
392
393
394
397
400
402
402
404
400
399
397
395
393
391
391
392
393
393
395
395
396
402
402
406
402
402
402
396
397
394
392
392
390
393
396
397
399
403
405
402
402
400
400
402
405
407
407
407
407
405
404
408
409
411
414
414
412
410
409
406
405
411
410
410
410
408
407
407
406
404
401
400
400
401
407
407
408
405
407
409
410
413
412
411
411
412
412
415
414
414
412
412
409
405
406
403
402
404
404
405
404
407
406
405
406
407
410
415
414
416
417
413
414
412
411
407
406
403
402
401
405
408
412
414
419
418
415
418
418
416
414
412
413
415
417
420
422
424
421
418
417
412
413
417
420
422
424
426
428
431
434
436
432
433
429
425
423
420
419
423
423
424
424
422
419
418
416
414
416
417
416
419
417
415
413
413
412
412
417
418
419
423
423
421
418
420
417
414
417
417
417
421
418
418
419
416
413
409
413
414
416
418
420
423
425
426
429
431
429
424
421
418
414
411
412
408
405
409
409
410
416
417
416
419
415
414
413
413
414
415
418
418
418
417
416
414
414
413
412
412
415
416
416
417
416
414
410
407
405
403
404
401
402
403
402
402
406
409
410
412
412
411
407
408
406
403
403
400
399
400
397
397
394
391
389
388
384
383
384
386
391
391
389
388
387
386
387
382
377
375
374
373
375
378
376
378
377
379
374
371
370
369
368
374
374
373
376
375
370
370
363
366
369
372
369
372
373
371
369
369
367
370
370
370
373
373
368
365
364
364
367
367
365
367
362
361
357
363
362
362
363
363
362
359
357
359
361
363
363
363
361
359
357
360
361
359
360
361
358
357
354
354
356
358
355
360
354
355
351
354
356
354
358
354
354
349
353
355
355
354
354
350
352
350
355
353
352
348
352
353
352
356
352
353
351
353
354
356
353
352
348
351
352
352
354
350
349
348
350
354
352
350
350
346
352
352
353
351
352
345
351
351
353
354
349
352
349
353
352
354
350
351
345
349
349
351
353
349
349
348
349
350
352
350
347
344
348
349
347
351
345
341
342
347
346
347
342
342
344
345
345
345
341
340
341
343
342
344
343
339
342
342
344
343
340
339
339
342
343
341
339
339
340
340
343
338
335
337
337
340
337
339
336
336
338
339
336
337
334
336
339
338
338
333
336
335
339
339
336
333
334
337
338
335
333
333
335
337
336
335
333
338
333
335
334
330
332
332
337
334
334
331
334
335
335
333
331
332
333
337
334
334
331
332
335
334
332
328
332
332
335
333
333
332
333
335
334
333
330
333
334
338
334
332
332
335
336
335
333
329
335
331
339
334
332
333
332
335
334
331
329
332
334
336
332
331
331
334
336
333
333
329
334
335
337
333
331
332
332
337
334
332
332
331
336
333
334
329
332
334
335
332
330
332
332
335
332
333
328
331
333
334
333
331
332
330
335
331
327
331
330
333
330
331
332
330
334
334
330
327
328
334
330
333
332
331
333
331
331
328
330
332
330
332
330
332
330
332
330
328
329
332
333
329
327
329
331
334
330
328
328
332
334
332
329
328
331
334
331
329
326
331
333
334
330
328
330
330
333
331
329
330
328
334
330
330
327
330
332
330
329
331
330
333
334
329
328
327
330
334
330
328
328
332
331
330
330
324
331
328
334
330
329
329
329
332
329
331
327
329
332
333
330
328
328
331
334
327
329
327
329
331
334
330
329
330
332
332
331
326
330
329
335
329
332
329
333
331
336
331
328
330
331
333
331
333
327
334
329
337
332
331
333
332
333
336
333
329
328
331
333
332
328
330
333
331
329
331
331
335
331
332
335
330
333
331
333
333
333
336
332
332
334
330
334
334
335
335
334
336
332
337
335
336
339
337
338
337
337
340
338
341
340
341
343
342
338
341
341
343
343
343
346
343
347
345
342
345
346
349
347
348
350
348
345
351
345
349
349
348
350
349
348
350
350
352
354
354
357
360
358
361
359
358
360
357
357
358
356
359
360
361
364
365
366
369
369
368
370
369
368
369
369
368
370
370
369
371
369
370
370
369
369
369
367
368
370
371
375
379
381
383
386
387
386
387
385
383
384
381
380
381
383
380
385
388
389
391
392
396
393
396
394
392
390
390
384
384
385
384
383
387
393
390
393
395
394
393
394
387
388
387
385
384
386
386
387
389
388
387
388
392
389
388
392
397
395
396
398
398
397
399
394
394
394
397
397
397
398
399
393
396
398
400
399
400
401
402
402
402
401
398
399
401
400
404
405
405
407
407
410
413
411
412
409
411
407
404
403
398
397
400
400
399
404
409
412
412
414
413
415
411
410
409
403
404
403
403
405
409
411
409
409
412
413
411
411
413
413
413
411
411
410
407
406
405
402
404
407
410
414
415
418
419
415
414
412
410
406
406
406
408
405
410
412
415
415
415
414
413
410
412
412
410
410
409
406
406
405
407
410
410
413
413
412
413
414
412
412
411
415
417
414
416
415
414
413
413
413
415
412
408
413
409
409
409
408
405
405
407
412
411
418
422
423
421
422
424
426
425
429
430
430
429
425
424
421
416
416
415
417
416
416
419
422
423
427
430
431
429
430
431
432
434
433
431
431
429
426
425
424
424
425
424
424
426
422
422
420
422
424
424
423
425
423
422
422
421
425
424
425
426
424
424
424
425
426
426
426
428
425
422
420
419
420
416
418
422
426
429
428
427
428
425
423
421
420
421
414
419
419
417
414
414
416
415
413
414
414
413
413
411
413
414
410
410
410
404
403
403
403
405
405
414
419
417
421
422
422
420
418
419
417
412
413
415
414
413
413
413
405
406
405
406
402
405
410
407
411
409
410
412
408
406
410
404
404
404
400
399
398
398
397
398
400
401
399
405
408
410
410
411
410
409
406
409
407
406
407
406
403
402
397
400
400
400
400
402
399
401
404
403
401
400
402
404
401
404
403
400
399
399
397
399
396
401
402
401
401
405
404
403
404
407
407
405
405
405
403
403
403
405
404
402
403
402
400
398
399
402
400
399
400
401
402
400
397
400
400
400
402
401
398
396
394
397
396
396
398
400
398
398
397
402
404
404
405
405
404
402
398
399
401
396
398
398
400
396
392
390
387
390
391
388
391
384
381
382
380
383
382
383
382
375
378
373
374
380
377
378
375
372
371
371
373
373
374
374
368
370
363
369
370
368
372
369
369
363
367
370
369
372
368
366
364
370
369
371
371
368
367
366
367
367
370
369
366
361
364
368
366
366
364
362
358
359
362
363
364
359
359
355
359
360
362
360
359
356
355
358
358
361
358
356
354
355
358
359
360
354
355
351
357
354
358
355
356
354
356
357
356
360
354
355
352
355
355
358
356
353
349
354
354
355
356
351
354
351
355
353
356
353
354
348
351
354
352
357
352
354
350
354
354
355
352
353
346
351
350
352
351
349
346
350
351
349
354
350
349
348
350
351
354
347
350
343
350
347
351
348
347
343
346
348
349
350
346
344
345
349
350
351
347
348
344
350
347
349
347
348
342
346
345
348
348
345
340
343
345
346
349
345
342
345
345
347
348
346
345
341
345
346
348
345
348
344
347
348
347
349
344
346
343
348
345
349
347
347
343
344
347
346
350
343
347
344
345
348
349
352
347
344
346
349
347
349
348
346
340
344
344
346
349
343
343
340
344
343
346
346
344
340
344
345
344
347
344
345
340
342
342
347
344
343
339
340
339
343
344
339
340
335
339
341
342
338
339
335
339
338
342
339
338
333
340
337
341
336
339
335
338
339
341
338
338
333
336
338
337
337
336
334
336
337
336
341
338
337
337
337
339
340
339
336
338
338
339
341
338
337
335
338
339
340
341
338
339
340
341
342
343
343
340
338
341
340
345
344
341
342
339
342
342
342
346
342
341
339
342
341
340
344
340
342
334
341
336
342
341
339
335
336
339
337
340
339
338
334
336
339
338
341
338
335
332
338
336
340
337
336
333
338
336
340
339
337
333
335
338
335
340
338
335
335
334
334
337
338
334
333
333
334
336
337
333
334
332
334
333
336
338
333
332
332
336
334
336
335
335
330
332
333
336
333
332
327
333
330
336
335
331
331
331
331
336
334
331
331
329
330
332
335
330
334
327
331
331
332
333
330
331
329
332
331
333
330
330
327
328
331
332
334
329
328
329
331
332
335
329
333
326
332
327
337
331
332
329
332
332
332
335
331
330
327
329
333
334
331
330
326
329
327
334
332
330
327
330
329
329
335
327
329
326
329
329
332
328
329
328
330
329
332
333
329
326
328
330
330
332
330
331
326
326
328
330
332
329
327
329
326
329
332
329
328
326
328
328
330
328
329
323
325
325
331
328
329
321
325
328
329
326
326
323
325
326
329
326
328
322
327
326
326
331
327
325
325
327
325
332
326
329
326
326
329
328
331
327
324
325
328
327
328
324
325
323
325
328
327
325
322
323
324
325
329
324
325
322
326
325
327
325
326
323
325
325
326
326
326
322
322
325
326
327
324
324
320
323
325
325
325
322
319
322
322
327
323
325
320
324
321
325
326
324
322
322
325
322
327
324
326
322
322
322
327
326
325
321
322
324
323
327
323
324
320
323
325
326
324
323
321
323
323
327
325
325
323
324
323
325
327
323
325
323
325
323
328
324
324
321
322
325
323
328
323
326
322
323
325
328
327
324
322
324
324
324
326
324
324
319
324
324
323
324
321
319
321
321
323
324
320
321
321
320
323
325
320
322
317
320
321
324
320
323
318
319
322
324
323
322
319
321
322
322
323
321
319
319
322
320
325
320
322
319
319
322
323
324
320
317
320
317
323
324
321
318
318
322
321
325
320
322
321
321
322
324
321
323
318
321
322
325
321
321
319
321
322
326
319
322
317
321
319
324
324
321
319
320
322
319
328
323
322
320
322
323
326
322
325
320
322
319
324
325
323
319
321
323
321
323
325
322
318
322
322
320
326
321
324
320
321
319
322
325
321
321
319
320
320
325
318
322
316
318
319
322
320
317
316
316
318
319
321
317
315
317
318
317
322
318
319
314
318
316
320
318
320
316
316
318
321
320
318
318
318
317
318
323
317
317
318
319
318
320
319
318
316
315
318
319
318
318
314
316
316
317
321
313
315
314
317
316
319
318
314
314
314
315
322
318
319
313
317
314
317
321
318
315
314
317
316
318
320
317
315
315
317
317
320
317
315
314
316
317
321
316
319
313
317
315
318
320
319
314
313
318
318
319
317
320
316
316
317
319
322
317
317
318
319
318
322
319
319
318
318
319
319
323
318
316
317
320
318
321
320
319
316
317
319
318
322
318
320
315
316
319
320
320
319
316
316
319
316
322
318
319
314
318
317
318
320
316
316
314
315
318
319
317
315
314
317
314
319
317
317
313
315
315
316
320
316
317
313
317
315
317
318
316
314
314
317
315
319
315
317
315
315
316
316
319
315
315
315
315
315
319
317
316
314
315
316
315
318
315
313
314
313
317
317
315
315
312
312
315
315
315
314
311
313
313
316
315
312
311
313
313
315
314
315
310
314
312
314
316
315
312
313
315
313
316
313
316
313
313
315
316
314
314
313
313
313
315
317
313
313
310
313
312
314
316
311
313
311
312
313
315
313
312
312
311
312
314
313
314
309
312
311
314
315
313
313
310
314
312
315
313
315
313
312
313
314
316
313
313
312
313
313
316
315
315
313
313
313
313
317
314
313
313
313
316
313
316
313
311
312
314
313
314
313
313
311
311
313
313
313
313
311
310
312
313
314
311
313
310
309
314
313
313
312
311
311
312
313
313
311
310
309
311
312
316
311
313
308
311
311
311
315
311
310
310
313
312
314
310
313
311
311
311
313
314
310
312
311
312
313
313
314
312
310
311
313
313
314
311
313
311
312
312
312
315
310
312
311
313
312
312
313
313
311
312
312
311
313
314
310
310
311
310
312
313
314
310
308
311
311
313
312
312
311
308
310
311
310
313
311
310
309
618
310
312
310
308
307
308
311
311
309
311
306
308
311
309
313
310
306
308
309
308
313
307
308
306
308
307
312
309
309
307
307
308
308
311
306
310
306
309
309
307
311
309
306
306
309
309
310
308
310
306
308
308
310
311
307
309
306
308
309
311
309
310
307
308
308
310
311
307
308
309
307
309
310
312
306
306
306
309
308
310
307
308
305
306
308
310
308
309
306
304
306
308
309
306
307
305
303
309
308
306
304
304
306
307
307
308
304
303
306
305
310
306
306
305
305
307
309
308
306
306
306
306
308
309
307
305
306
305
308
309
306
307
303
308
305
309
309
306
304
306
309
303
308
305
306
304
307
307
307
306
306
304
306
307
309
305
307
303
306
306
307
308
306
305
305
307
308
309
303
308
305
305
308
309
307
307
306
306
305
309
309
306
304
306
306
307
308
305
305
303
306
304
308
303
307
302
304
306
306
309
305
304
304
305
309
305
304
304
304
304
306
308
304
304
303
304
306
306
305
303
303
302
306
310
299
304
301
304
304
306
305
300
302
303
307
305
304
304
304
303
306
305
308
303
303
303
304
307
304
304
304
300
305
305
306
303
304
302
303
303
306
301
302
301
302
306
304
300
301
301
304
302
307
301
300
301
303
304
305
301
303
303
304
305
307
301
302
301
303
305
307
302
300
303
303
300
309
303
301
302
302
302
305
302
302
300
302
305
299
303
301
298
305
303
301
301
300
301
302
305
298
302
299
302
301
305
301
298
301
301
303
304
301
299
299
303
303
301
302
300
301
300
305
299
300
299
302
301
304
298
300
298
302
301
299
299
297
301
300
301
299
299
299
300
300
304
297
299
298
300
300
301
298
297
300
298
302
299
298
298
300
299
304
298
299
298
302
299
304
298
299
298
300
301
303
299
300
299
300
303
297
300
298
299
300
300
299
295
298
298
301
299
298
298
297
298
299
299
298
297
298
300
300
298
300
298
299
300
301
300
297
297
301
300
299
296
297
300
299
300
298
296
299
297
301
301
293
298
298
300
298
297
298
295
298
299
299
297
297
299
300
299
297
299
298
299
300
297
301
297
298
300
301
299
296
297
298
298
300
294
297
300
296
298
297
296
295
299
297
297
298
294
299
298
302
297
298
297
297
303
295
296
295
300
295
300
295
297
294
299
299
299
298
296
298
298
302
298
295
297
298
299
298
294
295
300
298
295
297
296
294
299
300
298
297
296
297
298
300
297
296
297
294
304
295
297
293
298
300
297
296
297
297
299
297
297
293
296
296
300
295
294
293
296
296
298
298
296
296
296
300
293
295
292
297
299
295
297
294
291
299
300
297
297
296
296
299
297
295
295
295
296
301
297
295
293
296
300
295
296
296
296
299
296
299
294
296
295
299
293
295
291
298
299
296
295
296
295
300
296
293
294
294
298
294
298
293
297
295
298
294
294
292
298
294
295
293
293
297
298
295
294
296
296
298
297
293
294
292
299
295
295
292
297
296
296
293
294
294
297
293
294
291
296
296
294
298
294
297
296
295
294
293
295
295
298
295
295
291
301
295
294
291
298
294
293
296
296
295
289
301
297
294
297
298
298
295
298
299
299
296
296
300
301
297
297
302
300
300
299
302
303
302
301
304
303
302
303
302
307
304
300
306
306
304
301
307
308
304
304
309
308
305
307
310
307
305
309
311
309
306
312
311
311
307
313
311
313
309
316
311
313
309
313
314
314
311
313
316
314
310
314
316
315
313
315
317
315
316
313
317
318
313
316
316
317
316
316
317
313
314
316
315
316
313
318
317
315
318
314
317
315
320
319
316
318
319
319
317
317
317
323
317
314
321
322
322
319
321
321
323
323
317
323
322
323
321
317
323
324
326
322
322
326
325
327
326
324
326
326
328
326
327
325
328
328
328
331
325
330
329
332
333
332
334
330
330
335
333
332
334
334
335
331
334
336
334
336
330
334
333
336
336
334
335
338
339
340
337
341
342
339
343
342
342
342
342
342
340
336
340
341
342
343
339
345
346
346
348
345
346
350
349
351
346
348
353
352
354
353
349
354
354
354
354
352
354
355
355
354
357
358
359
358
354
362
358
360
364
362
362
363
360
366
366
366
368
366
364
369
371
370
372
371
369
372
369
369
372
373
373
375
372
370
373
370
373
374
376
376
381
378
376
381
377
376
375
379
373
375
375
372
371
372
373
371
374
376
370
378
376
374
373
376
376
375
377
374
373
372
375
371
374
376
373
371
374
372
372
373
369
373
370
369
367
369
371
370
369
366
370
371
371
372
375
372
372
374
377
375
376
374
374
374
376
374
374
375
375
374
375
377
377
375
376
375
375
375
373
374
374
375
376
379
376
378
378
378
380
379
383
383
379
386
382
382
382
380
376
383
382
383
386
387
386
390
390
391
391
391
389
389
390
388
390
389
392
391
391
393
392
392
394
392
392
394
395
395
392
397
398
400
402
403
402
401
406
406
406
407
411
411
412
414
413
413
416
418
421
418
419
418
418
418
419
420
420
418
420
418
422
422
423
423
424
420
421
421
419
418
419
422
426
423
422
417
421
418
416
417
418
415
414
419
423
421
422
420
419
418
418
422
420
421
415
419
421
420
421
420
417
415
409
414
415
414
418
418
422
426
424
425
424
420
421
423
422
421
422
422
419
418
420
419
417
421
420
421
420
421
425
423
423
425
425
429
428
427
425
425
424
424
420
422
421
422
423
422
421
426
427
430
430
431
431
434
433
434
434
438
435
436
435
437
437
434
438
438
438
438
438
438
438
436
440
438
437
437
441
438
438
438
438
434
438
438
439
440
437
438
438
438
435
434
433
436
435
437
435
434
435
430
436
434
436
437
436
438
438
438
439
438
438
442
444
443
442
443
447
450
447
445
447
448
446
444
443
442
441
445
445
444
447
446
449
450
446
447
444
443
443
440
440
439
440
439
438
439
438
441
442
440
444
445
441
443
440
443
444
443
443
442
442
445
442
443
443
441
440
441
443
443
444
443
440
442
441
442
441
438
439
439
439
438
436
438
438
438
436
431
436
436
435
435
435
433
436
433
434
435
433
437
435
437
438
435
439
437
438
438
436
438
434
438
438
435
438
435
436
438
436
437
438
437
434
433
435
437
437
437
433
436
436
435
436
437
435
439
436
438
431
435
433
430
431
428
429
433
429
433
436
434
433
435
438
439
438
440
438
438
442
438
439
440
438
439
438
441
443
443
443
440
442
442
441
441
440
439
443
445
443
441
439
440
437
438
438
438
439
439
439
442
441
438
435
438
438
435
434
430
432
431
430
432
433
433
432
430
434
436
432
437
433
435
433
435
432
432
431
431
430
433
433
433
432
428
433
436
437
438
433
438
438
437
438
437
439
439
438
438
439
440
439
437
439
441
440
442
440
444
446
444
448
447
450
447
445
444
443
441
442
438
440
442
444
445
443
444
445
443
443
440
440
440
437
438
434
436
434
437
437
437
436
437
439
438
437
435
437
432
435
435
433
434
432
436
438
440
439
439
438
441
440
440
440
439
443
440
443
443
438
442
439
441
443
441
446
445
447
446
450
449
446
443
445
443
444
438
440
440
438
441
438
441
440
438
439
439
438
440
438
439
436
437
436
435
436
437
437
437
434
438
436
436
436
434
435
435
429
429
430
427
426
421
425
423
423
423
426
427
425
426
428
428
429
430
429
429
431
429
429
429
431
430
431
431
435
433
435
434
432
436
431
433
431
434
432
431
431
433
430
432
432
430
433
430
431
431
432
430
431
433
436
432
433
434
433
431
430
430
430
432
435
438
439
442
440
443
443
445
441
438
440
439
441
442
438
439
438
437
436
433
435
436
437
438
439
438
438
436
438
438
438
441
438
440
439
441
438
438
437
436
436
436
436
437
436
436
435
437
438
438
437
440
438
441
440
439
439
441
440
439
438
436
439
433
433
433
428
432
430
435
435
436
437
438
438
438
438
439
439
440
437
438
437
435
438
438
434
436
435
433
431
430
428
432
431
434
433
436
437
436
437
438
439
439
437
438
438
437
437
438
437
440
437
434
437
437
434
435
434
435
439
438
437
438
440
444
440
440
441
441
442
442
441
441
441
439
439
438
439
440
436
438
440
440
438
437
438
440
440
439
435
438
438
438
436
433
433
437
437
438
437
437
437
433
435
435
435
437
433
435
433
435
431
430
430
429
428
428
430
432
436
435
434
435
434
432
431
429
429
429
432
434
435
437
435
437
439
437
440
436
438
440
438
440
438
442
441
439
443
442
445
445
444
445
444
445
444
442
442
442
441
441
438
441
444
444
445
442
446
448
448
447
446
443
445
445
443
441
443
444
444
447
446
448
451
448
449
446
448
450
449
452
448
450
451
445
447
443
448
450
451
449
449
450
453
455
457
455
454
455
451
446
443
442
443
444
447
446
447
448
447
446
442
444
445
441
440
438
448
452
455
459
458
457
458
456
453
449
450
450
447
453
449
453
453
452
453
451
449
447
445
443
441
440
440
444
446
452
462
466
467
467
467
461
457
456
452
448
445
440
440
440
437
438
438
445
447
450
450
452
451
451
450
448
444
444
441
437
438
438
437
443
440
443
444
444
444
440
437
438
437
432
432
431
433
433
438
445
457
465
471
467
465
465
463
459
456
450
448
447
444
441
440
440
446
447
455
452
455
453
451
450
444
446
443
444
449
447
449
449
449
447
447
446
442
444
442
439
438
438
439
442
444
450
453
456
456
460
457
455
455
451
448
443
442
441
440
437
438
439
441
445
445
448
448
446
444
444
440
439
438
438
434
435
437
439
445
447
450
451
452
453
452
449
446
444
443
439
438
439
440
443
446
449
453
453
454
455
450
452
449
448
447
446
442
445
448
448
451
448
449
450
449
447
446
443
444
447
450
450
452
455
456
455
450
453
454
450
447
444
448
453
455
456
458
461
460
460
460
457
455
451
454
456
457
459
456
458
457
456
454
449
450
450
451
455
458
465
467
465
466
464
460
456
453
451
449
442
440
442
440
441
450
447
451
452
451
454
449
449
447
445
442
438
438
439
438
444
444
451
451
454
455
451
452
451
449
444
438
438
439
441
442
442
445
450
449
455
452
452
450
448
445
442
441
438
438
440
440
444
454
459
464
466
465
463
461
461
459
452
449
448
447
448
447
445
447
447
445
444
442
449
452
453
456
450
452
451
450
447
445
449
452
454
457
457
457
456
454
453
449
444
446
448
449
452
457
458
461
462
462
461
455
455
450
450
446
441
441
439
440
443
445
454
463
464
465
467
464
461
459
458
457
448
446
448
450
449
452
450
455
456
454
458
456
455
451
452
451
447
442
442
444
444
449
455
460
460
460
456
458
453
448
451
447
445
438
437
438
438
438
433
439
435
432
431
432
436
432
426
430
432
433
432
432
430
433
430
432
435
434
436
435
440
440
444
440
444
444
441
446
449
447
449
445
449
451
453
452
453
452
452
452
450
451
452
449
449
448
456
460
458
463
468
472
471
474
477
482
481
478
480
478
480
481
477
480
486
492
490
499
505
505
498
503
503
505
499
495
487
484
481
484
487
486
493
503
513
511
510
511
510
503
498
492
490
485
485
481
480
478
477
481
490
506
521
526
521
517
512
512
515
515
515
513
510
508
500
497
493
487
491
503
505
505
501
504
505
512
518
512
503
501
492
489
484
482
487
505
542
603
613
574
555
539
533
534
535
521
515
513
513
514
513
511
517
524
532
531
529
530
536
539
535
533
529
525
516
515
511
511
516
525
537
536
539
535
537
540
533
531
525
521
520
521
529
544
553
560
549
545
538
533
534
537
537
545
541
538
535
533
523
523
520
521
537
557
579
592
579
553
539
530
521
518
514
512
519
530
549
562
558
553
550
537
530
523
520
519
520
534
537
540
534
538
543
548
549
550
545
542
531
525
520
516
520
529
539
559
564
567
566
554
545
535
527
522
521
521
524
526
523
519
513
513
510
511
508
505
507
514
533
569
591
594
575
563
550
545
542
539
536
538
537
534
525
522
517
515
519
527
541
556
552
535
526
522
519
517
516
514
506
508
504
501
500
509
530
550
565
558
550
547
547
550
555
551
541
535
529
528
527
533
539
534
536
534
539
541
546
549
540
538
531
526
521
521
522
526
524
531
534
540
544
552
553
554
541
538
533
533
534
533
534
530
531
530
534
537
549
553
546
549
547
549
549
548
537
535
529
525
525
533
555
582
568
563
561
571
570
563
555
542
534
530
526
523
524
515
514
507
502
497
495
494
491
486
490
494
487
489
492
488
484
485
485
486
485
485
470
470
472
478
483
489
491
495
490
489
487
483
479
478
477
475
477
477
482
492
506
516
522
580
588
592
552
533
515
516
502
494
488
482
481
474
475
477
478
489
506
517
521
536
542
536
532
538
526
519
515
508
501
498
482
485
482
489
501
514
520
521
529
520
508
523
527
530
527
522
517
513
507
504
501
502
507
518
556
690
730
686
667
639
585
565
566
558
548
539
530
521
516
510
498
493
491
491
491
488
491
489
493
495
499
507
521
524
541
555
590
582
581
561
547
537
537
534
534
528
528
528
529
530
548
548
554
561
563
550
545
543
539
543
538
535
534
537
544
543
561
563
564
563
564
550
548
547
538
529
526
516
509
503
497
491
485
490
486
490
497
507
511
504
505
507
504
505
509
504
502
497
498
493
491
493
496
497
498
509
528
539
537
533
525
526
526
521
518
519
525
537
549
563
572
579
573
563
549
549
551
547
545
547
559
626
719
705
637
599
580
559
543
536
529
528
531
533
532
531
532
536
552
567
584
587
574
570
568
568
567
565
554
547
545
544
546
544
548
548
560
575
592
611
601
574
564
550
545
536
532
529
531
530
538
543
555
573
590
581
577
571
570
565
558
549
544
536
531
526
523
525
530
540
559
591
610
620
607
576
562
555
543
539
536
536
543
556
564
576
580
585
588
580
574
569
569
570
571
564
569
570
571
578
581
572
573
569
562
552
546
539
535
535
532
535
546
570
593
601
589
581
573
567
563
552
548
539
536
536
540
550
563
577
580
582
582
571
564
560
556
555
557
564
571
574
572
567
562
558
551
547
545
540
538
544
540
529
539
552
555
552
551
549
550
547
542
535
532
528
523
520
517
515
513
515
516
522
538
556
565
561
550
545
542
538
534
531
526
524
534
564
626
679
699
676
648
610
589
575
565
562
561
564
565
572
572
571
571
570
568
563
558
557
557
567
591
621
596
584
583
580
574
562
557
551
545
543
545
557
567
574
570
571
570
570
576
580
585
587
580
585
581
576
575
572
564
564
564
567
579
592
587
598
605
623
633
608
597
585
579
574
573
575
572
571
567
566
568
574
574
573
575
572
575
579
578
582
582
578
575
569
565
564
560
558
558
559
561
566
575
579
575
568
565
564
563
563
563
563
562
558
553
547
540
533
534
530
533
534
539
543
545
551
569
583
590
590
584
570
563
554
545
538
533
526
522
527
550
613
696
718
681
642
591
573
554
541
530
523
518
515
513
515
517
521
531
566
678
729
689
674
622
594
578
566
560
554
552
544
543
544
549
576
626
680
698
673
623
595
579
572
571
578
588
602
605
594
590
584
585
595
604
606
606
595
584
571
559
548
540
535
535
536
539
540
543
557
585
617
619
608
594
589
574
563
552
547
549
565
606
666
713
681
642
620
604
600
611
621
618
614
597
588
583
586
604
623
635
617
616
608
611
618
622
623
619
600
589
581
579
582
597
618
628
623
611
597
583
574
567
566
571
595
643
707
688
668
635
609
595
584
579
574
569
564
560
553
547
540
537
537
537
543
549
559
571
583
585
583
569
561
559
566
581
597
615
619
620
607
595
585
585
580
582
581
596
603
602
607
601
587
575
566
559
550
549
550
555
566
565
584
599
627
621
629
627
615
609
601
591
578
567
560
558
556
558
563
571
576
567
563
569
575
571
568
563
551