1176
1266
1329
1320
1247
1227
1144
1148
1277
1336
1260
1232
1228
1309
1351
1341
1261
1299
1439
1521
1448
1316
1316
1439
1424
1310
1331
1472
1513
1438
1365
1447
1418
1391
1394
1464
1525
1411
1321
1378
1445
1365
1343
1367
1385
1295
1272
1329
1458
1389
1235
1297
1381
1356
1258
1256
1348
1359
1277
1192
1275
1407
1390
1318
1353
1438
1451
1329
1366
1480
1447
1312
1392
1443
1419
1294
1295
1466
1435
1279
1288
1483
1411
1295
1210
1308
1410
1374
1254
1343
1426
1279
1220
1310
1345
1294
1236
1362
1455
1431
1320
1290
1388
1404
1294
1215
1249
1357
1430
1339
1176
1233
1360
1265
1171
1196
1237
1392
1253
1130
1120
1212
1240
1174
1216
1320
1359
1257
1163
1171
1243
1272
1217
1140
1167
1227
1290
1239