798
781
722
779
710
841
688
763
759
693
781
749
757
737
700
741
668
720
692
689
657
711
656
706
661
704
731
797
819
886
887
834
806
730
738
782
697
780
756
775
782
822
848
854
881
898
881
854
832
815
803
797
793
782
770
770
775
761
761
760
739
731
716
701
698
681
686
684
695
693
682
692
692
704
735
752
750
745
689
727
676
707
679
707
718
746
771
782
781
775
760
760
748
771
788
782
750
739
747
786
824
831
862
828
754
750
768
755
787
788
805
852
818
813
800
774
764
755
777
820
849
839
836
835
813
816
804
803
789
783
795
819
840
841
876
866
846
843
828
818
840
837
833
846
836
848
844
826
847
846
843
841
807
738
840
788
821
833
838
850
825
837
830
823
859
871
879
878
844
834
823
805
794
740
813
764
877
864
905
911
874
783
765
819
793
811
839
891
890
920
888
892
890
875
881
844
851
836
813
793
791
779
792
802
813
825
853
844
877
847
841
814
792
791
805
811
854
853
848
867
850
850
857
844
850
899
891
845
831
806
806
802
803
799
813
831
835
825
832
800
793
791
773
778
776
772
782
798
794
807
835
800
813
796
780
776
778
771
796
797
785
777
753
736
749
770
762
775
791
786
778
780
779
790
790
786
807
795
777
792
804
814
828
826
813
776
730
774
696
747
742
745
758
747
738
727
725
713
699
692
700
713
738
766
788
780
753
754
736
728
718
729
728
752
776
801
820
806
801
782
752
732
730
748
757
778
770
753
741
731
720
707
705
711
716
716
721
715
707
691
691
691
718
758
771
753
739
715
688
669
661
646
635
633
633
622
618
624
606
613
610
601
607
597
602
603
590
596
587
588
584
585
596
584
596
585
583
585
571
581
569
572
563
569
560
565
561
564
564
563
568
563
575
563
571
562
572
559
568
554
562
551
550
531
564
553
555
562
562
575
571
575
566
572
557
563
552
551
547
549
541
544
541
542
537
544
538
548
545
554
549
560
548
559
554
564
555
565
555
566
555
565
554
558
546
548
535
536
531
531
522
529
526
534
529
532
538
538
543
540
552
552
556
557
554
554
549
545
536
541
539
533
534
532
532
527
531
526
531
529
533
531
533
533
526
532
521
530
523
524
526
527
529
522
526
517
524
519
512
515
509
514
516
508
514
509
512
513
510
513
512
517
519
518
522
513
525
514
518
522
510
517
457
565
521
512
520
515
520
521
513
517
510
518
518
505
511
508
513
515
509
514
511
513
512
507
510
505
507
514
510
517
518
520
522
521
526
521
530
524
524
524
516
518
511
514
512
502
505
499
498
499
492
492
496
491
493
494
493
497
497
498
502
493
499
500
494
495
493
490
491
486
485
486
481
482
483
482
482
485
479
479
479
951
479
480
476
474
478
473
470
476
467
467
473
465
467
467
466
462
466
467
461
465
472
462
468
473
468
470
472
470
471
470
471
467
466
470
464
464
473
461
462
469
459
461
463
461
458
463
464
459
462
465
459
462
461
462
460
459
465
459
458
468
459
462
468
463
467
471
470
471
477
471
473
475
469
471
472
468
471
474
471
472
475
470
472
480
473
474
479
469
472
477
469
469
477
468
467
473
465
463
469
466
467
472
468
468
472
469
469
472
471
473
472
471
471
468
469
470
401
530
471
460
465
466
459
463
464
456
461
462
454
459
461
454
460
460
456
460
459
458
458
457
461
459
456
462
458
455
465
458
458
464
459
459
464
458
458
462
456
456
460
454
454
455
453
451
452
451
447
451
451
444
449
449
440
444
442
444
440
436
445
438
439
442
440
436
439
440
436
438
437
441
438
435
442
436
437
438
440
432
435
434
435
431
429
436
430
428
429
428
427
427
424
434
425
426
428
431
425
428
426
433
428
429
431
430
427
427
431
427
426
424
433
427
426
427
430
422
425
420
429
423
424
423
425
418
422
419
424
418
418
417
421
414
420
411
420
417
413
418
413
418
415
416
417
417
412
405
424
419
413
413
414
418
412
413
412
417
414
410
414
413
413
411
411
414
412
406
412
408
414
410
410
411
407
411
408
409
408
407
410
405
408
405
410
404
405
404
410
408
403
398
411
409
407
400
407
401
409
402
401
403
403
408
398
400
402
401
403
399
403
400
401
399
400
396
401
398
398
400
398
399
400
396
396
399
398
400
395
396
396
400
397
396
397
393
400
397
394
395
396
399
396
394
398
392
401
396
394
396
392
402
396
392
396
391
398
396
393
394
392
396
393
391
394
386
396
391
389
392
386
396
390
386
390
388
391
392
386
388
384
391
390
386
385
385
386
387
389
383
384
386
382
391
384
383
383
384
385
387
381
382
383
383
383
382
382
384
381
380
387
383
378
385
379
383
383
380
344
416
379
383
381
382
378
382
379
384
381
379
382
378
380
381
379
378
379
381
379
382
379
376
380
375
381
381
377
378
378
381
380
376
381
378
376
377
380
379
378
380
374
382
379
376
338
419
379
382
375
377
377
381
378
374
379
376
375
374
378
374
375
375
372
378
374
373
366
380
376
375
369
370
372
370
373
370
373
371
370
370
373
371
366
372
367
372
371
367
367
370
369
368
371
368
366
367
368
369
372
363
365
367
369
365
367
367
369
366
365
369
367
362
367
365
363
362
368
365
361
369
361
370
364
362
363
365
364
363
367
365
359
365
363
365
361
362
364
365
364
359
364
363
361
360
364
363
362
364
361
362
354
371
364
364
359
360
362
360
360
363
361
358
361
360
361
363
358
360
362
360
359
363
360
357
363
358
363
361
356
362
359
358
358
362
358
355
363
356
362
358
356
356
358
360
355
362
358
354
356
358
357
358
360
355
355
356
357
357
360
358
354
356
357
355
357
360
354
354
354
360
355
358
354
354
354
354
359
354
358
356
353
358
356
356
354
358
358
352
356
354
356
354
359
359
354
353
357
356
355
363
356
353
357
357
358
356
361
357
355
360
356
358
358
359
357
354
357
356
360
354
357
356
356
359
354
360
354
355
355
354
360
355
359
357
354
355
355
357
357
356
354
358
357
354
358
356
352
353
355
357
353
355
354
348
356
353
356
351
354
352
350
356
350
356
352
350
349
352
354
350
354
348
350
350
348
354
349
354
349
347
349
348
354
348
355
349
345
349
351
350
348
351
353
347
347
348
352
346
354
347
346
347
347
353
346
350
350
348
347
346
351
348
351
347
348
347
350
351
346
350
352
347
346
350
351
345
351
352
344
347
349
351
346
350
349
344
351
347
350
346
313
376
348
349
344
347
350
345
344
348
349
344
347
348
344
344
348
348
344
347
349
341
342
347
347
342
347
346
343
342
347
347
342
346
346
342
341
346
345
342
344
346
341
340
345
345
341
345
345
341
339
344
343
341
343
343
343
341
343
343
340
342
343
342
341
343
343
339
342
343
342
340
343
343
340
343
342
338
340
342
343
338
344
341
338
339
341
323
691
345
338
340
341
342
337
342
341
338
338
340
340
338
340
342
337
337
339
317
357
341
341
340
337
341
340
339
339
339
339
338
338
339
325
349
340
339
339
337
338
337
341
340
341
340
331
341
336
339
341
340
339
333
340
336
339
339
341
339
332
337
336
340
338
340
340
331
340
335
339
339
340
338
332
342
336
339
336
338
338
332
341
337
336
339
339
337
334
341
335
338
339
336
336
334
341
336
336
339
336
336
334
340
335
336
338
335
336
334
340
334
338
338
334
336
337
337
334
341
668
337
334
337
335
338
337
334
337
335
336
334
337
667
337
336
336
334
342
334
333
337
336
337
334
334
337
332
334
335
335
334
339
664
338
332
337
335
335
335
333
334
335
336
333
343
332
333
335
336
336
333
336
336
329
338
334
336
335
334
339
331
338
334
337
336
335
336
334
334
334
340
335
337
335
334
335
335
338
335
338
334
336
337
332