1045
1030
961
980
1019
992
1049
1064
1038
1102
1079
1121
1114
1080
1047
1021
1063
1050
1067
1074
1042
1116
1081
1107
1087
1082
1092
1015
1053
1064
1008
1063
1069
1074
1105
1076
1125
1141
1064
1119
1080
1060
1099
1114
1057
1081
1067
1063
1074
1035
1087
1064
948
947
905
923
984
969
929
923
885
905
883
868
905
965
955
915
898
883
869
855
846
831
834
837
848
849
860
865
856
867
854
854
797
854
756
833
734
804
727
790
483
1051
725
802
731
768
761
765
768
766
768
769
756
766
755
747
753
749
745
762
797
742
823
755
851
817
777
785
771
761
769
753
753
807
745
829
769
844
787
821
829
841
820
853
863
890
892
905
869
852
823
815
803
810
838
788
883
848
868
854
796
870
776
857
783
884
862
864
865
878
868
871
878
877
896
886
881
867
871
858
861
847
813
903
863
891
877
876
878
899
885
893
1765
822
886
806
885
839
808
806
863
877
880
893
916
875
876
814
878
784
856
769
837
777
864
845
893
916
956
914
917
875
874
821
886
799
886
858
867
901
897
908
912
935
924
916
925
923
920
904
920
897
890
872
867
860
857
896
922
941
932
941
933
900
895
875
861
819
888
844
862
853
868
877
870
897
890
920
910
928
894
912
884
895
881
897
895
889
904
905
902
889
891
872
865
861
859
899
896
929
918
930
900
891
867
863
810
885
794
874
780
841
828
884
960
933
983
923
903
820
875
787
866
833
864
882
928
886
909
895
870
864
847
864
861
874
856
861
867
864
892
890
892
900
882
892
862
880
861
852
849
848
850
851
857
894
899
970
953
968
917
905
883
815
886
852
860
871
904
896
904
907
886
907
901
868
855
797
873
837
858
864
864
867
869
885
880
884
880
865
889
863
854
792
815
855
833
859
863
865
858
864
852
853
839
839
840
852
841
854
854
879
862
863
854
866
880
854
876
895
865
869
845
844
830
833
820
820
811
827
832
850
867
881
896
871
799
788
777
734
778
674
701
665
663
642
632
624
619
595
598
568
578
559
549
547
545
532
523
525
515
516
507
507
493
507
496
495
485
492
493
491
480
499
484
487
475
489
477
481
477
482
474
481
469
477
946
478
393
555
470
476
470
476
468
474
469
465
468
472
473
720
1150
470
469
471
937
466
340
589
462
469
462
467
357
500
481
462
458
466
459
450
467
448
458
451
456
455
807
543
449
452
452
445
451
452
445
447
448
444
447
447
440
333
561
439
444
443
440
445
446
433
443
447
872
443
875
441
775
540
433
436
440
436
438
436
438
433
432
443
433
433
440
435
438
437
438
429
434
440
431
740
566
436
426
438
434
433
435
435
429
436
438
511
320
456
442
436
691
1042
286
589
427
438
438
430
437
440
432
758
320
667
686
615
435
435
438
771
533
1298
436
429
432
438
431
426
437
432
432
727
571
855
1290
430
432
423
863
434
428
425
438
429
856
433
428
427
350
321
1228
683
422
433
427
429
429
419
434
426
430
423
432
426
854
434
1145
563
849
428
422
426
420
435
424
427
428
429
424
423
427
430
424
428
423
428
421
423
427
432
1159
545
421
427
421
431
1154
550
480
790
429
425
425
430
429
1283
428
429
419
436
427
423
431
434
427
428
428
433
486
369
433
435
427
760
542
1142
593
776
440
523
770
550
435
883
880
445
442
438
443
448
797
530
438
360
527
441
885
445
442
437
448
879
289
345
335
356
438
441
437
874
438
437
427
444
435
437
434
435
427
435
438
433
428
428
438
431
432
434
434
430
430
430
436
429
863
430
429
434
431
429
779
510
428
428
432
429
428
434
423
1277
314
559
423
435
424
433
854
434
429
425
432
283
323
682
423
438
428
425
431
433
428
426
419
436
426
423
433
429
427
425
690
592
424
430
428
426
422
420
433
426
422
426
422
427
851
429
426
424
396
450
435
427
421
430
432
427
424
420
435
426
422
428
424
429
423
418
433
426
420
361
502
429
424
423
434
427
421
432
431
427
423
420
437
392
461
870
430
436
428
439
431
430
438
437
427
438
437
428
856
436
861
432
432
426
431
427
434
429
428
434
433
423
864
427
428
424
439
427
423
438
436
425
429
429
440
471
388
434
430
429
435
428
431
428
425
438
427
427
430
431
430
854
437
426
428
431
433
423
432
429
430
425
424
433
425
423
411
432
430
423
423
423
425
420
424
418
428
420
420
426
423
425
419
421
425
422
417
419
845
420
413
426
415
426
418
419
420
425
416
423
413
431
421
418
422
416
428
419
419
421
425
417
420
410
433
421
418
423
415
429
418
419
420
423
417
423
415
431
419
417
421
417
430
420
841
427
417
420
418
425
422
420
424
418
431
421
424
423
431
419
424
424
433
424
429
431
430
424
431
424
438
427
426
437
432
428
440
442
431
441
438
445
440
438
449
442
441
456
445
449
446
448
441
446
449
434
445
438
440
438
430
444
434
438
438
436
430
437
428
438
427
425
435
434
423
428
428
428
424
419
435
426
421
426
421
430
421
425
426
422
420
428
416
432
418
421
425
423
423
420
418
426
427
414
428
421
426
419
424
426
424
419
421
420
433
422
418
427
427
425
419
421
428
428
417
425
421
432
423
419
426
428
424
423
418
432
431
419
429
422
431
424
423
434
430
421
428
420
434
422
423
425
432
420
428
416
435
426
420
431
430
423
422
420
434
424
422
421
422
431
421
420
426
429
420
423
416
433
422
422
429
425
427
424
419
432
431
420
428
419
434
423
426
426
426
427
422
419
430
428
417
429
417
431
661
601
429
424
421
420
428
427
413
427
416
433
420
419
426
419
426
420
422
419
427
417
420
414
431
421
415
425
416
431
419
416
424
419
427
415
419
424
423
420
417
419
424
422
421
423
416
426
422
415
428
414
429
415
422
421
422
419
418
416
427
422
419
425
414
427
417
417
423
413
427
418
416
422
422
418
416
421
418
420
417
417
414
418
421
417
412
418
419
418
413
414
410
422
420
409
417
409
425
413
412
418
409
424
414
409
423
406
423
414
415
828
423
416
410
421
416
418
826
416
413
420
414
410
421
412
419
411
414
418
410
419
413
408
419
411
420
410
412
418
411
419
412
409
419
412
418
1232
419
421
414
408
423
411
423
414
411
418
413
417
413
415
421
407
423
413
413
419
415
424
415
412
420
417
424
411
417
421
420
419
415
416
417
421
415
416
417
416
423
413
415
415
421
421
411
417
409
422
417
410
415
413
428
412
412
417
412
424
410
415
416
415
418
414
412
416
419
413
411
417
414
415
414
412
411
415
420
408
411
414
417
415
411
412
410
417
418
408
412
410
419
412
411
414
410
418
419
406
418
408
424
413
409
415
410
423
414
407
421
408
424
413
411
418
407
424
414
408
422
408
421
412
414
420
410
422
412
411
420
412
419
825
828
418
412
408
418
415
420
408
410
416
416
420
408
412
418
412
419
413
409
424
413
420
414
416
419
412
422
415
411
420
417
418
414
412
417
415
423
412
416
422
418
417
415
415
422
416
413
418
411
421
423
413
417
412
426
417
412
424
410
422
420
411
420
418
418
417
418
422
420
416
419
415
425
424
413
425
412
429
419
417
424
415
429
419
418
425
427
419
419
419
425
422
417
420
418
428
418
414
428
417
421
421
420
419
424
417
420
414
427
419
417
422
417
424
418
415
422
423
413
418
412
426
415
414
420
415
424
418
414
420
419
422
416
419
427
426
416
423
417
426
425
418
422
419
426
423
422
428
425
420
422
419
435
424
419
422
422
432
422
417
429
429
416
425
420
432
418
422
426
427
420
421
418
430
422
414
428
415
429
415
420
418
420
419
417
416
420
423
412
417
409
424
416
411
422
410
426
412
411
419
411
427
412
415
416
414
423
415
411
420
421
420
413
420
417
419
411
417
415
426
417
411
421
421
420
419
420
427
421
417
421
417
431
422
416
429
422
424
421
419
424
427
414
421
415
428
419
416
421
415
426
419
414
419
419
417
419
417
421
425
410
421
411
429
417
414
424
410
425
421
413
420
416
422
416
411
425
423
417
421
418
421
426
413
422
414
427
418
416
416
418
426
418
414
425
419
419
416
414
421
423
409
420
410
426
414
413
415
411
425
416
409
419
410
421
414
409
418
418
421
408
414
417
414
423
409
413
419
415
418
411
411
415
419
415
408
415
412
417
414
410
413
414
416
409
411
413
417
415
413
409
413
415
415
412
412
408
417
415
413
411
411
420
414
410
413
409
417
418
409
412
410
420
415
412
414
407
420
419
407
415
412
420
414
413
413
410
422
419
411
415
412
426
416
412
416
413
423
419
409
421
413
426
419
413
422
418
425
419
419
423
425
420
419
421
430
421
418
422
418
428
422
415
429
412
430
421
415
423
414
422
418
414
419
420
420
414
412
421
418
419
414
414
417
418
415
412
417
418
416
418
412
412
415
420
414
412
416
415
416
414
413
410
417
419
415
411
415
418
415
417
412
414
418
419
412
412
410
424
415
411
414
408
419
416
407
416
409
422
415
408
411
408
417
417
407
413
405
421
413
410
416
406
424
414
407
413
409
423
414
411
415
408
421
414
413
413
407
418
419
407
414
410
422
416
410
412
414
420
415
409
414
408
418
417
406
415
412
417
415
411
411
411
419
414
412
411
412
413
418
411
412
413
416
297
492
425
414
417
420
417
413
415
418
417
415
415
417
419
417
419
416
416
414
424
415
412
416
418
424
412
418
412
424
418
411
422
411
424
416
415
415
413
428
415
414
415
414
425
415
409
425
405
425
413
411
826
422
415
407
419
407
423
414
410
414
408
423
413
411
413
408
417
419
408
413
416
413
415
414
412
415
411
418
414
824
416
417
418
411
415
417
420
417
416
414
421
422
421
419
420
428
424
421
426
420
435
427
421
427
425
434
425
423
432
429
428
424
423
429
430
415
426
421
432
423
420
427
416
433
416
419
423
423
423
832
425
425
414
418
414
423
421
412
420
413
426
420
412
418
415
425
419
414
416
416
424
418
411
419
412
426
416
413
830
425
417
410
422
410
425
414
410
417
414
419
418
413
421
410
424
415
410
423
408
427
415
410
425
411
428
413
415
833
425
417
411
426
412
426
417
413
420
414
428
411
414
418
413
423
415
409
423
411
422
414
415
416
412
421
414
408
423
407
423
413
409
825
419
417
406
417
410
421
414
407
417
410
424
409
410
415
409
425
411
412
413
413
424
417
408
421
411
426
414
412
423
411
424
417
411
420
410
424
415
414
422
418
418
419
412
421
420
418
415
420
418
420
416
414
415
421
421
411
418
411
427
418
412
418
408
426
416
413
416
414
422
418
409
418
412
423
419
410
421
408
426
414
413
421
412
425
416
411
422
412
428
411
413
418
412
423
416
409
422
407
421
415
411
417
411
418
415
413
420
407
424
413
409
414
414
424
414
412
415
413
422
418
409
423
412
427
412
415
419
415
423
418
413
423
416
420
415
417
421
414
420
417
414
840
419
414
415
419
420
416
414
413
423
422
409
421
413
426
419
415
419
416
425
418
412
424
419
419
414
412
429
422
414
419
417
430
416
417
419
421
424
417
415
425
422
414
426
418
418
418
416
427
423
415
426
428
415
421
416
428
419
416
426
423
414
427
425
419
421
416
424
421
424
424
422
419
418
417
426
418
414
424
416
414
422
416
411
420
417
410
415
404
418
410
411
416
409
405
409
403
415
407
401
412
408
405
402
406
407
405
399
402
398
409
404
393
408
397
407
398
395
405
401
400
398
402
399
398
400
396
400
396
402
396
396
395
398
397
396
396
396
398
396
396
396
391
400
392
404
392
394
396
392
404
396
388
405
388
402
397
390
397
392
403
396
392
398
390
400
399
387
397
394
401
396
395
391
397
395
397
396
394
392
399
396
396
393
395
786
401
395
387
399
391
401
395
390
396
387
404
395
391
393
393
395
396
395
393
396
787
400
395
386
791
399
396
387
400
389
403
393
392
394
392
400
395
395
393
389
396
396
400
388
392
396
388
401
394
386
398
387
400
397
386
394
395
396
392
395
394
387
402
389
398
393
387
399
389
401
393
392
394
393
397
396
392
392
398
396
394
398
393
390
402
388
399
396
389
395
390
400
395
393
394
392
396
398
389
394
395
396
396
396
389
396
398
394
396
396
388
399
386
399
395
389
397
387
404
394
392
392
393
394
396
396
393
389
398
385
399
394
390
392
394
396
396
386
395
395
395
395
399
389
394
396
392
398
396
385
398
387
402
395
393
390
395
397
393
399
393
386
395
391
400
393
391
391
393
395
392
397
393
386
398
389
403
393
386
392
389
395
393
396
396
386
396
388
398
392
390
391
390
393
395
394
388
393
395
388
401
389
389
394
387
396
396
388
391
392
396
392
400
390
389
394
390
398
394
391
393
393
393
395
393
394
391
396
388
396
396
390
390
395
394
389
401
390
389
395
388
398
395
393
391
394
396
386
400
393
385
397
389
401
390
393
390
390
398
388
399
395
386
398
389
398
395
390
391
394
391
395
395
392
392
394
389
400
389
391
390
390
394
394
392
779
393
386
400
388
388
390
389
390
393
395
387
387
390
388
396
390
387
389
388
390
387
395
388
386
390
385
394
389
392
387
385
397
380
396
388
384
387
385
393
387
393
388
379
396
384
396
389
385
388
384
395
382
394
389
379
390
388
389
388
393
386
381
390
387
390
392
383
385
389
390
381
394
387
379
388
386
390
386
392
387
383
388
385
391
389
383
384
387
389
383
395
383
384
385
386
384
391
388
384
380
393
379
391
391
382
386
380
390
383
395
386
384
384
382
394
381
394
386
383
387
385
386
390
388
387
385
388
384
391
389
385
385
382
394
380
395
386
383
386
386
387
384
392
389
382
385
387
389
386
391
386
380
393
380
394
386
386
382
385
385
385
389
389
384
379
388
386
381
396
383
383
382
383
390
381
391
386
379
385
385
388
385
389
385
379
392
380
391
384
389
384
380
392
380
392
386
388
381
382
385
386
388
390
383
384
381
389
383
392
388
384
385
380
394
380
393
387
382
383
387
390
385
391
387
379
385
387
386
384
396
382
383
386
384
388
388
390
387
384
389
383
389
390
384
386
380
391
380
395
387
385
384
383
391
386
391
388
378
393
383
393
386
386
385
384
391
379
394
387
381
384
385
392
385
390
385
380
392
381
395
386
385
380
387
386
382
395
382
381
383
381
389
380
390
384
382
383
382
387
383
390
385
379
386
380
388
385
385
384
381
394
378
391
385
382
380
386
386
379
391
386
379
383
378
391
377
391
384
381
383
379
392
375
393
384
379
380
387
385
381
394
383
375
765
386
382
386
387
380
386
378
387
387
383
382
379
385
381
390
382
383
380
386
387
381
393
382
382
384
385
389
387
388
387
379
392
382
393
389
384
381
391
389
383
395
387
378
388
386
391
386
391
383
385
387
384
393
385
386
384
380
393
380
392
387
381
383
386
388
386
390
380
384
386
383
389
388
381
383
384
386
384
395
387
378
388
386
390
390
389
388
387
387
390
392
392
388
386
389
391
382
397
387
384
387
390
387
387
390
387
382
395
380
395
385
384
384
381
393
378
392
386
380
383
386
389
384
387
384
378
391
379
390
384
386
380
382
384
384
387
387
381
381
385
385
379
394
381
381
382
381
385
383
393
380
378
381
384
770
387
382
377
766
391
388
380
383
383
385
380
391
382
381
382
379
391
377
387
385
376
385
379
385
378
391
384
380
382
378
389
377
392
381
384
379
374
390
382
390
380
386
381
379
390
378
391
383
380
382
377
387
379
389
386
381
381
384
385
380
391
383
380
383
379
389
377
388
385
378
380
385
385
380
391
382
374
381
382
295
441
392
386
379
376
383
380
376
388
378
380
379
376
386
378
387
380
377
379
377
385
373
383
383
380
384
375
380
381
381
377
383
383
375
380
382
381
376
391
377
379
380
381
382
381
384
385
375
386
375
390
382
383
377
383
382
381
386
387
379
383
377
387
377
390
381
383
379
381
383
379
387
384
384
382
381
383
379
385
384
382
386
376
386
380
387
385
386
379
381
382
381
383
386
389
379
381
381
381
384
386
384
380
382
383
377
383
385
387
378
379
381
379
381
384
386
381
374
380
382
382
379
389
381
372
383
385
381
378
391
384
374
382
384
385
377
393
380
379
382
378
389
375
387
388
376
381
382
384
378
391
380
380
380
378
764
386
384
377
381
382
382
380
384
384
380
382
375
386
375
389
382
384
380
376
383
380
382
383
383
381
379
378
380
385
374
388
381
378
376
381
378
381
383
382
380
381
374
382
379
381
379
385
380
373
381
376
385
374
389
377
379
378
375
386
377
387
374
384
381
371
381
380
383
377
391
378
378
379
377
385
379
389
376
382
380
375
388
375
384
385
380
384
380
380
381
378
379
386
382
376
379
379
386
376
389
381
371
380
381
386
373
385
383
375
380
376
382
378
387
381
382
379
376
385
375
385
382
384
377
377
381
381
377
384
387
382
375
379
382
385
377
392
378
379
382
379
387
373
391
380
380
382
376
386
377
384
386
377
383
375
379
381
384
378
387
375
376
377
376
387
371
387
378
377
377
373
385
374
384
381
375
380
377
379
376
378
378
385
377
378
376
373
384
374
381
383
374
381
377
378
377
378
377
386
378
375
378
374
385
374
386
377
380
379
373
387
376
382
380
383
376
376
381
377
379
380
386
380
375
382
373
386
377
384
383
372
379
382
380
378
384
383
378
380
373
386
377
386
382
386
377
377
381
379
380
382
390
377
379
377
380
383
376
384
383
373
380
373
384
374
388
379
377
378
373
385
375
383
378
381
375
374
380
373
382
376
382
378
366
383
375
383
376
381
383
375
377
381
386
373
383
383
377
377
383
383
377
389
381
379
380
376
384
380
386
385
375
380
376
384
376
389
379
383
376
378
381
376
383
383
382
379
373
378
381
382
377
389
377
379
379
376
388
375
387
378
380
379
373
384
376
384
381
380
381
377
380
377
381
381
384
380
370
381
380
381
380
383
383
376
377
381
383
377
388
380
371
378
374
379
378
385
379
380
374
378
380
379
383
378
385
380
374
385
380
382
381
386
383
374
383
377
387
377
386
384
378
380
384
384
378
394
377
380
381
381
383
317
442
386
376
381
378
387
378
388
387
378
382
384
382
386
389
387
386
382
385
389
379
399
385
384
385
384
391
384
393
386
385
384
386
389
384
394
388
378
387
387
387
385
389
387
385
382
384
386
383
389
387
378
383
384
385
381
391
382
374
384
378
387
376
388
382
380
377
381
383
379
384
383
384
377
378
378
380
380
380
384
379
372
379
377
387
372
387
379
378
377
374
761
382
382
373
379
378
382
373
379
377
385
378
369
378
374
380
374
386
376
379
377
373
379
756
375
386
378
376
374
379
377
377
379
382
380
376
370
380
376
379
376
383
379
375
375
380
380
375
385
379
374
380
371
383
374
383
376
384
375
374
378
375
384
374
380
380
374
378
376
378
375
379
375
384
377
370
377
378
379
376
380
380
375
380
372
380
376
380
378
386
375
360
393
375
385
372
384
382
374
379
372
384
374
379
378
387
377
376
378
374
387
373
381
382
373
379
376
379
375
381
375
384
379
374
375
380
379
376
381
378
376
375
376
378
373
382
374
384
377
369
378
371
381
371
383
376
381
373
319
430
371
380
370
384
376
377
377
369
377
376
382
372
384
375
376
374
372
384
374
385
375
379
375
375
377
373
383
374
380
380
371
377
375
378
376
376
375
384
377
374
375
379
378
375
383
375
379
375
373
383
372
380
378
380
381
372
376
379
380
373
382
383
376
373
376
379
375
381
376
383
378
370
382
376
381
375
387
375
374
377
375
385
369
385
380
375
376
377
379
378
375
374
385
379
375
374
379
378
375
385
375
382
376
373
380
375
382
375
385
380
373
376
377
384
376
388
378
382
381
380
392
379
392
391
383
390
388
393
395
392
388
393
394
389
399
391
388
394
390
395
398
390
392
386
398
387
398
391
384
394
387
393
395
386
389
383
394
381
396
386
382
384
386
384
384
390
383
375
386
380
384
382
383
382
378
381
377
380
378
385
378
370
379
373
380
374
386
377
378
374
374
377
375
376
373
385
374
373
374
370
382
370
377
376
378
378
370
373
378
374
372
378
375
375
375
369
373
376
377
371
383
370
375
373
367
379
374
377
371
383
372
374
374
371
382
373
377
370
383
376
373
376
369
377
374
379
373
385
373
374
375
371
383
370
380
375
380
376
374
374
370
381
370
379
374
384
373
372
375
371
384
372
380
377
379
374
372
375
376
379
372
385
377
374
373
376
378
373
382
374
381
376
369
378
377
379
371
386
372
376
373
371
379
374
376
371
380
375
373
372
369
382
370
380
372
379
375
365
376
369
379
371
382
373
376
371
371
376
375
376
371
381
349
398
377
367
375
371
377
371
381
374
379
375
367
376
369
381
371
380
374
382
372
374
374
371
382
373
378
371
381
376
368
376
370
379
372
382
376
379
376
369
377
373
382
373
382
376
375
376
372
382
375
381
379
375
382
372
378
377
380
376
382
379
375
376
372
382
375
384
378
378
376
372
386
375
382
378
384
379
372
381
375
383
378
385
380
378
374
377
381
374
381
378
383
379
375
379
374
382
372
384
378
375
372
375
378
373
381
375
381
377
368
377
377
378
372
378
379
376
377
370
374
377
378
373
381
378
372
374
372
374
376
375
373
382
377
368
376
369
381
370
381
374
380
376
743
371
381
371
383
375
378
582
529
757
373
381
746
744
376
371
376
373
381
375
741
375
375
373
744
381
374
371
374
366
374
372
378
371
380
377
373
371
375
376
373
378
377
382
376
375
374
374
382
372
380
380
372
378
372
378
377
380
375
386
374
375
375
373
383
373
381
380
375
380
373
377
373
380
374
383
377
748
371
381
373
381
375
382
374
374
376
376
379
373
385
376
372
377
369
383
370
383
375
383
375
374
377
374
382
372
383
378
371
373
378
375
376
381
374
383
376
369
379
373
382
370
385
377
376
373
373
376
375
378
373
382
378
371
376
375
377
374
379
375
381
379
372
378
374
380
373
384
378
379
377
371
380
379
379
377
385
376
381
377
374
318
435
385
380
381
382
375
376
379
376
378
383
377
382
378
370
379
379
380
373
379
380
372
378
371
381
372
381
374
385
375
373
376
372
384
372
385
373
380
374
374
377
375
378
375
383
378
370
378
372
382
373
382
377
382
378
371
377
372
383
372
385
377
378
375
375
378
375
377
376
386
379
374
374
378
379
374
385
373
384
377
372
383
376
380
375
387
377
378
378
373
385
375
384
378
382
377
376
378
377
381
375
384
380
372
378
378
378
375
383
376
383
379
371
380
375
383
371
385
378
374
378
375
377
373
381
375
383
377
371
379
375
383
373
384
379
377
377
374
383
375
382
377
380
382
373
378
379
383
374
385
381
374
376
377
381
372
381
378
380
380
375
376
380
378
376
382
375
382
376
370
379
372
384
371
385
378
376
375
372
379
374
382
371
385
377
377
373
376
379
372
378
378
380
378
375
377
371
384
374
379
379
372
379
370
379
374
379
374
386
375
372
375
373
380
376
381
378
372
378
376
375
374
379
373
382
378
368
378
371
380
374
383
376
379
376
370
379
374
380
373
387
375
375
375
371
382
372
381
378
377
381
374
378
373
378
374
381
374
381
376
369
378
373
384
371
383
377
377
371
375
375
376
379
375
381
378
368
378
372
382
368
385
379
376
376
372
378
378
380
381
383
375
376
382
377
383
379
381
386
376
380
381
385
377
389
379
377
378
377
385
375
385
381
372
381
372
381
374
385
377
379
377
374
376
371
384
373
379
378
374
378
371
376
377
378
373
385
374
375
375
371
380
372
378
373
383
373
377
373
371
378
373
380
371
383
377
373
372
376
377
371
380
371
383
375
367
377
369
381
371
376
374
383
375
372
373
371
382
372
379
372
380
375
367
376
370
379
373
381
375
379
373
372
374
372
383
369
382
375
375
371
373
375
374
377
372
382
377
370
376
369
376
375
377
372
384
374
372
373
371
382
371
378
371
379
376
366
376
368
377
370
378
376
379
372
370
375
370
382
369
381
370
379
372
370
375
371
380
369
381
376
371
378
369
375
375
378
375
383
376
372
374
375
378
373
379
374
382
377
368
377
371
381
372
384
376
376
378
368
376
373
380
372
380
377
372
378
369
380
372
380
373
381
378
372
372
375
377
373
378
374
380
375
369
377
372
379
370
381
750
375
367
376
371
381
368
381
748
374
369
375
372
379
368
381
375
373
371
372
373
374
374
374
385
743
373
369
381
370
377
374
376
375
374
373
369
378
373
378
375
373
378
369
374
372
379
371
383
375
370
375
368
375
374
378
372
382
376
370
374
369
380
371
379
375
384
747
375
371
382
373
380
373
379
374
371
382
370
377
374
377
379
370
373
375
382
371
381
371
378
375
369
378
373
379
371
381
377
374
372
376
375
377
378
378
378
378
371
374
377
377
374
381
376
372
374
369
376
373
377
373
384
376
742
375
377
371
380
371
380
373
368
376
371
380
370
380
374
375
374
370
374
375
378
371
384
372
372
373
370
380
371
380
370
380
374
367
375
371
377
371
381
375
376
375
369
376
373
380
370
382
378
375
372
373
376
375
375
375
385
375
374
377
372
381
372
382
378
376
378
371
376
378
378
373
383
378
371
375
369
382
370
379
375
385
374
373
374
373
378
372
380
372
383
375
368
375
370
384
372
382
375
381
374
373
374
376
379
375
382
378
369
378
370
381
372
383
379
375
373
375
375
376
376
374
386
373
374
377
371
377
375
380
374
385
375
375
376
371
382
373
381
376
378
380
372
376
376
379
373
383
372
380
374
370
378
373
379
371
381
377
373
371
375
376
373
379
372
382
377
367
377
370
379
371
381
373
382
372
373
374
372
381
370
378
376
372
378
374
373
370
380
371
378
377
370
375
371
375
374
376
371
381
375
376
369
371
374
373
376
370
378
376
375
371
370
373
373
377
372
382
376
367
376
373
374
370
381
370
378
376
372
377
368
375
374
378
372
384
372
373
374
370
380
374
377
370
379
376
367
374
370
377
372
376
373
380
375
367
373
374
375
372
379
372
377
374
368
376
373
377
370
381
370
377
374
368
376
370
380
368
380
373
372
375
372
373
368
381
370
376
376
373
378
371
373
375
379
373
385
373
373
373
370
381
371
378
376
376
377
371
373
375
378
370
379
374
375
374
369
373
374
375
372
379
374
371
374
368
373
372
376
369
382
371
373
372
368
377
373
375
368
382
370
371
371
369
376
369
375
370
380
373
370
372
369
375
370
377
367
379
374
372
369
370
373
371
379
367
381
370
374
371
370
372
371
378
369
378
375
370
376
372
373
369
375
372
376
375
373
375
371
373
369
376
372
376
376
374
377
371
371
376
374
371
378
372
378
377
365
375
374
376
371
379
375
379
377
370
377
375
380
371
383
379
376
377
372
377
378
379
374
387
376
376
375
373
383
373
379
377
380
378
375
374
370
382
370
379
375
380
372
373
374
370
378
373
378
375
375
376
373
372
367
378
371
376
374
375
375
371
372
374
375
369
374
373
382
371
371
372
370
380
370
376
373
376
377
372
371
368
379
370
377
373
376
375
373
372
367
379
370
376
373
376
376
372
371
375
374
371
375
374
383
371
370
374
369
375
373
375
373
380
373
372
373
369
379
369
379
374
375
377
369
356
390
374
373
378
370
378
371
368
374
370
378
367
380
374
372
368
370
371
371
378
369
377
375
370
375
371
372
369
379
368
377
373
373
375
369
370
374
375
371
376
373
376
372
369
369
373
375
369
379
368
377
373
363
374
371
374
369
374
369
378
374
370
368
372
372
371
375
369
378
374
366
372
373
374
369
376
370
380
373
369
372
373
374
371
375
370
379
374
366
373
373
376
371
376
370
380
374
367
372
369
377
371
379
371
379
372
370
373
369
379
371
376
370
378
373
366
374
368
376
370
379
373
378
371
370
374
370
373
373
377
371
379
373
365
374
368
377
371
378
372
378
374
365
374
368
378
370
377
374
378
371
371
372
370
379
368
379
371
378
371
372
372
368
748
376
373
374
375
372
371
366
380
369
375
370
378
373
373
369
372
372
371
377
367
381
374
372
369
371
372
371
376
368
381
375
372
369
372
374
372
374
371
380
375
366
374
372
376
371
376
371
377
377
372
371
372
372
374
374
371
379
374
368
375
367
378
370
377
372
381
373
372
372
369
380
370
378
273
509
470
404
392
379
378
373
371
372
373
374
369
378
374
366
375
367
374
371
375
369
381
370
371
370
368
380
371
373
368
378
372
371
368
368
373
367
375
369
379
372
367
372
371
372
370
377
369
379
375
371
376
371
372
371
377
371
377
374
371
375
372
373
371
378
367
379
372
375
372
370
372
373
378
369
377
374
371
374
372
372
369
379
369
377
375
370
374
371
373
370
377
368
380
369
373
372
367
374
370
375
367
378
372
373
372
363
373
366
375
368
378
371
375
369
369
371
368
377
368
377
363
376
374
369
368
371
373
368
373
370
378
373
365
374
367
374
372
374
368
380
371
368
374
367
373
373
375
369
381
371
375
372
367
376
370
379
368
378
374
372
371
371
373
370
380
367
377
373
372
376
367
371
373
375
370
377
376
373
369
368
370
370
375
368
378
368
375
374
367
372
374
374
371
378
373
372
372
367
372
372
374
371
380
370
376
371
366
375
374
377
367
377
372
376
371
368
372
374
375
371
377
374
372
376
372
372
371
378
369
378
375
369
376
368
380
369
379
373
379
372
372
372
372
380
371
380
371
376
376
369
376
371
378
373
383
372
378
374
369
377
373
380
370
380
378
374
372
370
376
374
377
372
379
378
368
374
369
378
369
381
373
379
372
371
373
370
377
371
378
374
374
377
371
372
373
372
373
378
369
378
372
365
373
373
373
302
429
377
379
372
366
374
367
376
368
375
370
380
367
376
372
365
375
373
376
367
377
744
375
367
374
371
375
371
381
371
371
371
368
379
368
376
370
378
375
370
369
373
372
371
374
370
380
372
365
373
372
372
370
373
368
377
372
365
374
366
371
371
374
369
378
370
368
375
365
372
372
373
369
375
369
377
371
365
371
373
372
369
375
366
380
369
371
371
369
374
373
371
367
378
373
372
369
369
371
368
378
368
376
373
373
375
369
369
372
373
369
372
367
378
371
367
371
371
370
368
374
368
376
374
373
368
367
373
369
379
370
376
379
375
372
368
327
421
381
371
379
376
375
375
370
375
377
379
375
385
377
376
376
373
384
373
382
376
382
376
369
378
371
382
372
383
377
374
374
370
377
375
376
372
378
379
373
371
368
374
370
376
367
380
370
375
374
364
327
417
372
370
378
369
376
372
364
373
366
375
369
376
369
374
373
369
368
371
371
370
373
369
378
371
366
372
365
375
370
374
370
380
371
367
372
366
371
371
374
369
380
368
372
370
365
374
366
375
366
377
370
378
371
365
371
367
373
369
374
369
377
371
374
370
368
371
367
376
369
374
372
374
374
369
368
371
373
368
373
368
379
370
370
367
370
372
369
373
365
377
371
368
373
370
371
363
378
368
375
371
376
370
368
370
367
376
368
374
368
377
371
370
370
367
374
370
373
369
379
367
374
372
363
374
371
373
369
376
369
378
372
366
373
367
373
370
375
370
377
376
369
369
370
371
370
376
368
376
377
372
370
367
373
371
375
371
377
373
377
373
373
372
368
379
370
377
374
373
377
369
372
374
375
372
374
377
376
371
365
372
367
377
368
378
372
378
372
372
371
369
377
370
376
368
378
375
371
370
371
372
370
380
367
379
372
375
371
368
372
367
380
369
378
371
381
373
368
374
371
373
372
379
369
382
372
374
376
369
378
375
378
373
385
375
374
373
372
383
373
380
374
377
374
372
373
373
379
371
380
375
371
378
369
375
374
377
371
382
375
370
374
370
372
370
378
368
377
373
372
378
368
371
373
374
370
375
369
379
372
366
373
371
371
369
376
365
377
370
374
370
368
372
367
378
368
375
368
378
369
368
369
367
373
369
374
366
376
369
373
369
368
369
366
376
369
373
365
376
368
369
371
366
368
369
376
365
372
367
378
368
368
368
367
373
367
373
365
375
368
373
370
363
370
363
372
369
372
367
379
366
370
370
362
372
364
374
367
373
366
377
368
366
370
363
370
369
371
367
374
366
374
369
363
369
369
370
365
373
363
375
368
370
368
365
370
365
378
366
374
367
377
368
368
369
366
373
369
374
365
376
369
372
371
366
367
371
370
370
370
367
374
371
372
368
364
370
372
372
369
373
370
376
369
367
370
369
377
368
377
366
379
373
367
375
367
373
371
377
370
382
371
372
373
368
376
370
377
368
379
372
376
371
368
371
369
376
368
374
371
373
374
368
366
371
371
369
372
365
378
368
372
370
363
371
364
375
367
373
368
373
366
377
369
369
373
368
369
371
370
368
378
372
373
371
374
371
378
372
375
379
369
375
373
377
373
377
375
381
380
373
375
374
379
376
376
373
383
377
374
380
375
384
371
382
379
389
384
383
384
381
390
387
389
384
396
389
382
390
386
388
388
392
389
390
387
384
388
381
392
392
377
388
384
389
380
390
390
386
389
391
392
391
395
393
393
395
392
393
392
395
389
396
395
387
396
387
394
394
391
394
388
389
387
391
391
387
384
383
389
378
394
383
386
387
383
385
385
391
378
389
387
387
384
378
385
382
387
383
387
388
380
387
381
387
381
387
379
386
387
375
385
384
384
382
387
383
388
388
384
381
380
389
383
389
385
387
385
381
385
380
386
378
388
384
379
387
765
385
386
379
389
391
384
388
377
389
384
391
384
391
387
388
390
383
385
385
388
383
390
383
389
385
380
385
377
388
383
388
384
376
386
382
393
379
390
388
390
386
382
389
386
396
384
395
392
385
394
384
390
391
391
388
396
390
392
387
385
388
386
393
385
394
384
392
387
379
390
386
393
384
392
388
381
386
384
390
381
394
390
388
388
384
396
388
394
390
397
393
386
395
389
398
388
399
396
392
392
390
394
391
396
393
388
391
388
396
388
394
395
388
395
391
394
394
398
395
397
400
389
398
396
400
394
401
397
391
398
389
400
392
398
396
400
391
391
394
393
395
392
391
394
388
396
390
394
393
393
389
388
400
389
397
398
395
393
392
402
392
402
399
397
396
396
398
395
404
396
398
396
392
404
393
400
396
393
399
390
402
393
402
399
392
397
394
402
394
400
401
394
396
396
398
395
401
398
394
394
393
397
393
398
394
402
396
387
396
393
399
389
399
393
395
390
390
394
389
397
391
400
393
395
393
384
399
390
396
387
409
398
395
396
388
402
400
398
400
410
405
396
401
401
403
401
408
402
395
402
399
400
398
406
399
400
400
393
402
396
403
401
394
399
390
399
390
405
396
399
394
388
396
391
399
389
400
395
394
391
391
394
392
394
393
401
393
394
392
389
397
391
395
392
400
396
393
391
394
396
392
399
393
402
396
389
396
396
399
390
401
398
391
399
392
397
396
399
395
406
398
395
397
392
405
394
406
397
398
396
394
400
392
406
398
405
398
393
402
395
401
396
403
401
397
396
394
403
395
403
400
392
400
391
404
392
404
399
398
394
394
397
395
399
395
403
396
388
398
396
398
391
400
396
390
397
388
399
393
399
392
403
393
393
394
391
399
390
401
389
398
395
387
397
389
399
390
401
397
396
393
393
396
396
396
393
405
396
391
396
396
397
393
404
396
396
396
391
401
393
401
396
399
397
395
396
389
401
392
398
396
397
398
392
396
395
400
394
404
397
393
397
396
396
395
403
395
402
397
392
401
396
400
396
401
402
395
397
397
399
396
400
403
398
396
394
399
395
403
396
405
397
396
398
394
403
395
402
399
393
400
392
400
394
401
396
405
397
394
397
394
404
392
404
398
397
395
394
398
397
401
397
405
399
391
402
394
404
394
407
400
396
397
397
399
398
402
401
403
396
396
400
397
402
397
403
399
395
402
396
404
399
400
401
396
399
395
401
397
404
399
391
399
395
403
391
407
399
396
396
396
399
396
405
395
404
398
393
399
402
403
398
409
397
395
404
398
403
396
410
401
397
401
396
406
396
407
402
397
398
402
401
397
408
399
398
400
393
406
395
407
396
403
398
393
404
395
402
401
400
402
394
400
398
400
396
407
403
392
402
396
404
397
404
403
394
400
400
403
396
407
404
396
400
401
403
396
409
400
400
401
399
401
398
406
399
405
400
396
404
398
402
396
409
401
396
402
396
404
397
408
398
403
401
395
409
396
406
397
406
402
395
404
398
404
401
403
405
396
401
401
402
398
409
401
400
400
398
404
396
407
405
399
402
397
404
399
406
292
479
418
399
405
403
404
403
414
405
400
406
401
407
403
413
410
404
407
407
409
407
414
412
404
408
408
410
409
415
406
404
407
404
411
407
406
409
398
408
398
413
405
406
402
400
402
402
407
403
405
403
396
406
397
406
403
401
405
396
402
400
401
399
408
401
396
401
396
400
398
404
403
399
396
397
400
397
403
398
404
401
394
402
397
405
396
407
403
396
401
401
402
398
409
398
404
401
396
408
396
405
399
403
400
396
401
398
401
399
407
403
396
402
398
405
397
407
403
400
400
397
409
397
410
400
399
401
401
403
401
407
402
408
402
399
403
401
401
399
409
405
397
402
403
404
399
413
400
401
402
396
410
396
412
399
405
399
399
403
402
402
402
412
402
401
403
399
408
398
408
406
398
405
397
406
399
410
403
404
401
402
404
402
408
404
407
403
399
409
399
407
402
406
409
399
404
404
405
400
412
402
402
403
397
410
399
406
405
399
404
399
405
398
406
403
403
407
397
403
402
404
401
413
400
400
404
396
408
401
408
405
401
401
400
404
399
408
399
408
403
396
405
398
405
400
407
404
399
400
401
401
397
409
399
402
400
396
406
395
403
399
403
401
398
399
395
402
395
406
399
401
397
397
398
398
402
396
406
401
396
401
399
402
398
404
400
404
405
396
401
402
403
399
411
401
398
402
398
405
397
412
400
399
405
397
407
398
412
404
406
403
403
405
403
405
403
416
404
403
405
404
404
401
414
401
407
405
399
409
399
410
405
404
408
398
404
403
405
402
412
403
400
403
401
407
396
414
403
403
404
399
409
401
410
407
401
407
398
406
401
411
401
410
405
401
406
402
406
405
412
402
402
405
403
407
404
416
406
401
406
406
409
405
412
411
402
409
404
412
403
414
409
406
407
406
409
404
415
409
402
408
406
411
405
414
404
403
406
405
408
404
412
404
400
409
402
409
405
408
411
401
406
406
411
405
415
403
405
408
405
413
406
414
407
403
411
405
412
408
410
413
403
408
408
410
407
418
409
406
407
406
410
407
415
408
402
409
405
410
404
415
408
400
406
407
408
404
410
411
400
406
402
409
402
410
407
400
407
399
410
400
413
409
406
404
406
407
405
413
404
410
406
402
413
401
415
405
408
405
404
407
407
415
407
410
408
403
415
402
417
407
408
410
404
413
408
415
412
406
412
403
414
405
416
414
408
409
410
415
408
418
411
405
418
405
418
411
412
408
409
410
409
416
409
412
411
403
414
407
417
413
406
410
409
413
406
415
411
406
412
405
415
404
417
414
406
410
409
413
409
419
408
406
411
408
414
409
415
408
404
412
407
414
412
403
409
409
413
402
417
408
406
408
407
412
408
413
410
403
413
407
414
411
403
410
402
413
402
415
410
401
408
407
410
297
495
417
404
406
404
408
403
414
408
399
407
403
411
400
412
410
403
406
406
408
402
415
405
406
405
400
412
397
416
404
403
405
401
413
402
411
409
402
407
406
410
402
415
406
406
408
402
415
400
417
409
402
408
406
415
407
416
409
404
414
406
417
413
407
411
408
413
405
416
410
410
410
406
412
406
417
409
402
412
405
413
407
414
410
407
407
406
411
409
410
412
403
411
402
410
408
415
404
404
406
406
409
405
412
406
402
413
401
413
408
409
407
404
410
407
412
408
419
412
413
418
418
419
430
433
426
434
440
445
442
448
452
456
456
458
462
461
465
464
470
468
469
473
474
478
475
479
468
479
474
477
485
486
485
490
488
483
485
490
486
492
497
492
493
500
506
504
501
503
507
503
505
510
507
510
500
512
519
535
534
543
544
536
540
533
530
537
537
533
553
555
552
569
566
562
572
579
575
572
576
576
567
573
579
574
582
583
575
573
567
565
556
563
568
565
572
562
575
579
577
572
562
559
558
557
551
559
571
570
575
586
585
583
586
588
587
581
573
581
593
616
643
644
631
621
615
610
608
629
626
612
597
601
607
623
644
649
645
634
622
604
607
605
598
582
599
601
617
613
601
609
602
602
591
580
601
604
606
615
645
654
665
690
673
655
668
650
636
655
643
628
657
647
634
658
649
639
637
637
628
625
637
636
635
660
686
700
684
669
667
652
645
642
642
640
649
672
686
687
687
677
644
657
642
620
637
630
627
628
623
611
630
638
639
637
664
659
646
668
661
645
662
651
644
636
634
630
623
614
631
637
637
649
671
682
688
676
688
678
677
661
664
663
655
642
663
663
657
686
686
680
697
690
682
670
648
666
684
684
678
659
678
675
681
679
680
676
657
639
642
619
633
649
682
704
723
719
705
705
687
673
680
666
650
659
654
646
632
636
636
645
663
670
678
681
673
666
658
659
642
661
657
657
671
660
671
679
684
670
675
681
674
665
675
678
679
686
715
720
706
701
686
682
674
662
666
679
681
680
701
697
689
708
698
684
694
689
678
670
657
666
690
722
748
744
742
721
704
699
688
676
684
681
679
695
705
706
719
725
718
720
713
701
694
693
680
698
693
695
686
712
709
700
700
688
682
682
669
684
687
687
708
718
729
736
734
740
727
721
721
708
694
695
687
683
683
688
700
708
733
732
722
717
708
707
701
704
700
707
704
710
717
716
718
728
734
727
714
702
689
683
677
669
666
683
693
698
720
742
745
742
752
737
729
733
726
719
731
723
718
713
702
696
708
713
713
728
725
720
710
705
696
690
698
715
736
742
740
735
727
715
706
698
688
688
700
702
708
750
754
761
774
754
735
735
716
707
716
713
715
747
757
771
789
771
762
765
747
743
756
749
754
757
757
757
756
759
763
764
775
777
769
759
757
734
724
707
705
712
717
733
748
747
737
732
725
715
703
700
698
696
703
696
699
705
710
709
703
706
710
722
729
714
721
698
687
689
679
674
667
675
692
726
763
777
775
767
758
750
748
745
748
753
760
758
748
730
714
703
693
688
688
698
732
783
787
781
769
756
737
728
725
726
727
731
751
756
775
789
784
791
786
772
768
768
763
773
792
785
788
786
772
771
766
763
757
763
773
778
787
789
778
783
783
783
771
769
763
751
739
724
710
707
702
697
692
697
720
740
753
749
755
741
721
730
723
715
725
754
749
745
752
740
731
720
705
690
695
703
703
702
710
736
775
771
759
761
758
746
730
740
748
748
747
771
804
806
799
804
787
776
767
755
738
725
742
765
778
793
816
798
786
780
766
757
752
760
761
770
794
798
801
813
804
800
797
779
774
785
775
773
791
792
797
795
788
787
778
773
755
742
741
749
748
749
746
773
777
786
781
796
771
753
748
736
724
716
729
741
756
773
792
788
784
782
761
755
757
745
742
746
732
725
732
726
734
738
734
726
734
740
735
732
730
752
773
774
773
792
778
778
769
780
779
782
782
801
788
783
792
784
783
788
815
827
821
814
814
789
784
780
777
775
763
773
771
783
808
798
800
792
796
777
770
771
773
768
760
775
774
764
758
765
764
762
763
781
782
795
816
804
805
795
782
776
776
764
764
761
777
778
783
790
801
804
802
801
785
780
781
772
767
773
771
779
810
799
803
817
795
794
794
771
770
771
769
763
756
773
772
774
772
790
779
775
785
782
781
779
800
791
786
781
795
784
783
783
791
782
778
796
782
783
777
778
769
770
788
793
804
803
810
792
792
800
785
787
797
783
786
788
783
783
779
798
781
776
777
786
772
768
784
781
786
787
779
781
782
783
789
787
797
783
781
795
780
779
778
787
772
766
759
764
752
751
760
781
777
773
778
775
762
754
767
757
757
770
771
770
767
777
773
770
768
780
769
769
782
770
775
784
774
778
790
777
776
771
788
785
801
820
821
826
822
790
775
761
746
738
725
722
744
742
743
741
741
739
729
713