1371
1257
1157
1157
1265
1291
1259
1198
1078
1030
1059
1225
1274
1188
1207
1188
1096
1163
1246
1296
1268
1179
1151
1140
1229
1261
1192
1083
1068
1186
1323
1331
1248
1148
1212
1317
1269
1205
1143
1223
1312
1336
1239
1132
1186
1381
1438
1321
1215
1310
1290
1283
1194
1098
1188
1310
1291
1234
1319
1379
1305
1186
1080
1136
1271
1235
1184
1100
1157
1276
1310
1199
1212
1314
1271
1234
1225
1271
1347
1259
1211
1115
1173
1272
1354
1316
1225
1285
1354
1259
1242
1246
1329
1348
1301
1199
1205
1251
1301
1277
1215
1179
1242
1317
1286
1173
1156
1229
1259
1204
1087
1072
1171
1250
1227
1112
1238
1299
1299
1262
1126
1172
1235
1217
1201
1251
1255
1226
1131
1066
1055
1118
1267
1215
1106
1106
1217
1288
1214
1141
1130
1034
1009
1011
1046
1149
1144
1111
1083
1187