1063
1074
1136
1150
1135
1046
1023
1049
1133
1124
1071
1003
964
970
949
954
993
1125
1174
1120
1028
1026
1061
1120
1124
1087
1024
1022
1087
1174
1182
1128
1054
1076
1136
1180
1074
1070
1143
1292
1271
1118
1087
1153
1182
1134
1139
1238
1181
1086
1133
1233
1209
1126
1073
1131
1181
1150
1098
1150
1235
1138
1035
1039
1069
1071
1038
1041
1102
1135
1054
1009
993
1034
982
973
1160
1241
1133
1063
1148
1169
1152
1299
1282
1196
1251
1254
1213
1134
1103
1242
1271
1164
1250
1357
1281
1163
1267
1362
1311
1272
1401
1367
1305
1407
1524
1357
1263
1412
1407
1349
1343
1263
1161
1206
1440
1404
1264
1302
1308
1151
1200
1253
1207
1138
1166
1201
1150
1115
1229
1280
1180
1211
1305
1242
1147
1226
1256
1179
1144
1229
1261
1174
1232
1277
1224
1121
1226
1276
1222
1179
1258
1230
1118