962
998
1031
1032
975
958
947
966
1056
1104
1053
987
985
995
1039
1081
1074
999
989
1026
1079
983
989
953
946
959
1061
1088
1046
972
953
979
1046
1061
1060
1036
1079
1087
1061
1014
1032
1068
1119
1094
1016
981
1021
1042
1065
1010
987
1005
980
960
942
925
938
982
1018
972
988
989
993
969
941
976
1024
1029
987
1006
1018
1007
995
1074
1226
1205
1057
979
973
980
1006
982
992
1035
1203
1118
1027
1069
1070
1028
983
967
1014
1060
1116
1063
1075
1100
1093
1020
962
956
969
1008
995
996
1128
1109
1041
1007
993
982
954
957
981
1067
1043
1047
1048
1074
1079
1040
1054
1085
1064
1010
1039
1078
1082
1073
1088
1112
1059
1012
1031
1001
965
1008
1063
1022
988
994
1006
978
956
975
998
979
959
926
947
998
1019
986
1008
1022
991
949
911
902
948
973
1001
966
962
995
1042
1002
956
963
957
945
899
892
896
908
899
913
886