1074
1241
1142
1143
1074
1066
1021
1021
1025
1016
1046
1058
445
636
1036
992
1018
1015
994
995
967
967
983
995
946
986
982
959
1020
1010
1036
1082
1075
1122
1093
1112
1046
1071
1041
1065
1065
1049
1121
1114
1034
1018
1024
1023
1010
942
884
915
821
833
1590
771
761
2147
836
527
659
644
636
625
616
604
589
495
642
1141
548
260
819
795
785
513
317
1205
427
323
641
575
492
480
477
479
482
479
467
644
305
478
463
475
468
473
935
464
464
465
1299
570
465
461
461
470
470
456
475
462
464
462
468
469
460
465
461
457
461
461
464
459
460
459
456
325
325
720
464
767
603
486
815
309
683
455
815
561
456
461
456
449
913
458
453
910
813
259
284
449
454
451
904
495
847
448
438
451
476
416
445
444
440
914
277
379
325
313
438
445
443
431
442
468
401
444
438
432
441
441
427
440
437
435
874
432
440
435
863
869
271
328
268
431
303
328
337
334
313
548
774
507
435
863
393
459
440
432
428
385
467
1264
452
435
431
434
426
430
666
885
589
413
258
621
421
345
526
431
429
441
862
435
398
464
337
335
623
637
408
985
331
640
412
471
863
300
322
677
428
434
1291
429
431
429
438
859
270
460
569
433
435
431
435
435
860
432
431
430
436
1293
266
333
270
434
301
563
432
337
522
426
433
431
432
436
420
438
425
420
319
283
272
427
430
435
422
737
502
410
790
323
681
322
261
283
396
896
410
816
276
1325
344
256
748
478
414
445
478
408
390
385
546
1259
445
424
429
405
353
608
762
423
421
439
1279
428
1106
1212
619
473
368
339
589
427
433
431
1130
344
358
316
368
297
1345
583
271
479
329
351
311
435
440
1312
437
737
334
685
437
444
1310
308
1011
438
326
554
438
788
529
470
328
276
392
276
723
592
875
438
434
430
435
819
350
567
280
583
434
1139
334
678
338
347
603
430
314
331
1341
343
676
333
319
330
1157
429
437
329
527
857
294
336
352
331
670
504
513
315
544
857
621
669
424
436
1277
429
856
265
582
746
1391
299
255
311
851
599
254
424
423
429
423
726
266
292
1114
329
672
333
516
420
322
527
428
414
432
427
538
306
334
367
337
338
319
348
334
589
422
432
429
843
431
431
1274
848
677
347
253
344
507
429
488
361
306
540
1143
563
848
433
421
847
417
650
516
563
854
290
330
655
343
511
421
418
430
423
501
342
342
519
735
537
368
470
428
423
428
421
416
336
512
417
420
418
425
418
319
430
341
592
416
421
429
418
410
428
426
833
845
420
423
420
425
412
425
416
428
417
424
834
416
423
710
547
1066
1439
286
334
1488
421
836
427
422
411
424
413
424
414
743
513
412
415
413
422
415
1118
330
1454
423
410
739
514
416
415
341
496
420
412
405
422
416
408
421
416
419
408
422
413
418
826
409
271
331
646
834
1522
564
414
839
422
418
844
427
843
425
843
369
477
419
426
422
422
412
431
418
677
585
415
416
688
282
606
505
409
305
293
310
602
1205
318
896
1221
962
402
398
658
305
308
318
276
303
300
605
309
300
268
342
305
287
318
576
325
300
290
311
301
941
264
515
771
525
631
294
297
305
264
385
256
313
296
601
455
380
384
295
305
302
537
379
309
545
385
379
390
754
382
383
1004
1525
302
1207
498
383
636
309
557
385
376
382
748
381
379
747
374
379
377
372
379
376
372
368
761
376
368
379
381
371
374
371
381
372
1123
372
740
274
295
303
310
306
373
380
370
373
372
371
684
805
373
305
308
307
408
288
606
343
752
387
328
310
283
1219
296
301
603
335
752
384
374
270
313
523
375
737
369
362
376
367
741
287
375
314
479
342
399
313
293
302
567
369
371
372
359
370
363
376
366
729
351
390
364
363
737
368
365
375
628
266
1304
371
361
727
368
371
443
282
359
376
368
355
371
733
362
730
730
366
727
361
370
364
1093
370
363
729
362
368
360
358
374
290
282
505
365
369
359
362
363
1088
368
361
357
364
731
361
723
294
434
359
724
356
263
466
357
1085
368
359
358
361
910
308
1223
453
361
354
728
369
360
720
605
477
355
1086
368
355
357
365
613
467
361
718
362
364
472
604
354
370
356
357
363
721
360
361
359
364
921
516
357
354
359
364
360
350
366
633
444
359
358
357
623
305
414
445
364
358
362
362
347
360
354
721
601
465
366
718
505
568
269
807
363
355
354
363
602
479
356
708
364
360
359
357
1075
364
358
351
716
293
425
498
570
360
598
478
354
716
354
360
355
356
710
720
358
350
357
359
357
356
359
356
349
715
277
307
308
536
352
359
355
356
360
352
356
356
357
352
359
354
1063
357
357
354
303
486
632
586
312
530
1067
364
356
348
297
409
360
358
714
350
366
707
715
266
443
362
354
354
355
357
352
717
355
357
363
360
357
727
359
368
362
366
358
379
363
374
368
373
361
380
374
375
373
373
380
376
378
378
384
375
386
379
384
380
384
382
389
382
388
385
391
386
390
392
394
390
395
394
396
399
398
395
399
400
401
400
401
401
398
405
403
406
407
403
407
413
412
411
411
413
416
414
419
416
419
422
421
425
424
426
426
427
435
431
436
438
439
438
439
446
446
446
453
452
454
457
459
457
463
466
464
469
472
474
473
479
479
485
479
484
482
484
482
480
479
481
482
483
486
487
494
489
501
492
501
494
503
496
501
501
502
505
506
514
508
513
517
518
519
526
529
524
527
524
530
523
520
528
519
520
519
530
521
530
524
542
528
539
528
540
541
535
530
531
545
529
532
537
545
542
535
543
555
543
542
544
557
542
546
555
564
562
556
572
570
565
572
571
574
568
574
567
568
567
561
569
563
559
558
563
555
571
572
579
579
576
573
575
575
577
579
580
584
583
593
584
586
580
576
580
577
585
586
596
590
597
595
596
593
594
599
600
606
604
612
607
610
610
618
614
618
625
622
623
622
623
628
627
636
633
638
636
636
634
627
623
630
636
622
618
620
613
638
646
643
650
693
633
645
644
633
634
643
634
634
636
646
641
640
655
649
650
656
703
645
661
653
660
646
648
646
661
679
661
659
655
655
654
647
654
651
646
648
656
716
639
661
662
653
658
652
666
709
659
670
681
669
654
650
642
638
635
646
649
654
659
719
648
712
655
663
659
650
636
629
632
614
605
601
597
595
596
454
655
585
560
553
554
545
530
521
521
514
501
511
492
489
480
482
472
471
472
454
457
903
894
438
441
426
440
435
428
421
428
417
423
420
412
414
414
410
409
409
407
406
406
403
406
399
398
404
398
399
404
395
400
399
395
397
400
396
393
796
389
397
392
393
390
387
398
388
382
396
392
387
394
388
385
392
380
394
380
383
388
389
377
386
382
382
380
384
387
378
376
384
379
381
374
378
380
381
368
378
372
386
372
368
382
376
375
374
747
380
369
375
370
378
375
743
365
377
371
363
377
368
375
368
373
367
372
371
364
367
380
368
366
340
393
369
374
364
364
367
369
365
362
728
367
371
358
363
365
367
364
359
364
365
366
364
358
339
387
365
369
355
364
363
366
360
359
332
383
369
367
361
356
363
364
358
364
360
354
369
358
364
359
1015
433
361
350
366
722
357
356
338
373
364
358
362
356
359
715
364
357
348
365
356
361
358
358
355
356
357
356
360
356
357
362
349
362
360
351
356
355
714
361
354
351
362
352
357
355
354
1068
358
352
353
355
627
442
354
345
361
351
356
358
351
346
362
359
350
357
355
352
706
356
355
351
354
355
701
361
352
346
354
345
356
356
354
350
345
359
607
447
351
338
357
358
344
355
354
348
704
346
351
351
351
704
344
353
354
349
351
350
355
623
424
349
351
704
347
351
351
350
348
351
354
698
351
344
349
351
349
348
355
350
346
349
350
352
347
355
349
344
349
349
348
702
351
344
347
699
344
261
443
346
346
350
347
702
347
347
347
698
696
349
346
348
342
353
345
350
351
347
348
342
354
343
352
350
348
345
351
346
693
350
345
347
699
337
277
313
456
347
349
689
349
346
347
348
348
689
615
428
352
337
350
693
342
355
693
349
693
350
344
349
351
347
338
701
345
346
355
346
342
348
342
353
695
346
350
343
694
1041
351
348
340
348
344
353
342
353
346
348
1046
690
352
345
345
693
348
696
350
349
348
345
350
346
350
352
346
345
352
342
354
352
349
354
354
347
357
351
355
353
354
357
359
353
358
362
360
359
360
366
358
364
363
367
362
366
367
360
367
368
374
361
372
372
375
361
378
372
377
379
377
371
376
379
380
384
371
385
381
383
386
379
384
388
381
386
388
383
390
391
390
391
390
392
397
389
396
396
396
394
397
400
401
398
402
406
403
403
408
408
413
405
413
413
413
417
420
421
425
423
425
433
432
437
431
438
439
442
441
439
446
445
445
449
446
451
450
449
454
454
458
456
458
459
463
466
463
465
462
463
464
466
471
469
476
474
479
476
479
482
479
483
480
486
480
492
485
493
492
495
494
496
495
493
497
491
502
493
502
497
501
503
503
505
508
508
508
513
506
516
511
520
514
523
519
528
521
527
523
529
523
528
523
528
527
530
533
532
537
535
537
536
539
539
533
535
531
538
532
540
538
546
537
550
546
557
545
558
549
558
546
557
549
554
547
554
550
557
552
548
550
547
549
552
556
563
563
569
569
571
570
565
571
567
570
567
570
561
566
563
567
563
570
572
577
574
587
585
590
589
583
586
580
586
574
586
581
590
587
589
589
599
596
594
602
589
600
592
600
597
597
596
602
603
595
600
597
598
595
598
600
603
606
601
606
608
609
607
611
613
603
603
597
595
593
605
609
616
621
620
624
620
624
618
615
619
614
614
610
617
613
616
610
626
620
621
632
621
635
610
638
608
632
604
632
596
637
597
641
626
625
612
639
615
633
616
646
610
639
614
650
606
655
634
635
641
640
647
643
644
634
635
616
652
593
606
652
591
600
653
585
602
605
589
638
572
615
554
575
554
558
547
542
530
522
519
512
519
492
460
535
487
485
481
475
463
473
458
463
447
455
391
493
741
601
437
430
433
436
427
430
425
420
424
416
413
419
817
422
368
441
419
806
413
399
398
406
398
396
400
400
390
398
399
389
398
391
394
390
387
395
388
384
390
393
382
390
379
393
384
386
390
383
380
384
379
390
369
388
384
385
375
382
375
385
375
378
383
374
382
375
374
381
379
371
376
373
382
372
1123
382
373
368
381
375
370
372
375
377
373
369
332
404
380
378
363
376
365
383
367
364
372
365
376
370
359
374
361
373
365
367
365
364
374
365
355
372
361
369
364
361
725
371
366
355
364
361
365
366
362
717
370
365
359
361
366
360
358
368
359
354
369
354
367
361
356
722
360
364
357
357
359
360
356
366
357
350
365
353
363
358
356
714
361
357
358
358
356
359
327
386
359
353
355
361
710
360
354
350
363
353
358
357
352
355
353
358
352
359
354
353
359
348
359
354
352
352
353
353
354
361
352
345
354
352
705
359
351
343
355
349
350
354
355
345
353
354
348
353
353
349
353
342
357
341
359
352
349
351
352
353
346
354
353
349
351
350
353
345
355
352
349
351
349
354
342
356
351
349
351
349
354
345
355
353
346
350
352
352
346
353
353
348
352
344
352
622
429
354
346
343
357
342
353
351
349
344
349
350
345
354
349
347
346
346
353
334
360
351
347
348
350
351
695
350
346
350
340
353
349
350
348
350
348
342
354
692
347
354
344
345
689
353
275
414
351
347
346
343
350
346
347
346
349
343
345
690
348
346
348
348
345
344
347
349
342
353
345
339
347
346
347
344
695
349
344
341
354
345
343
348
351
344
336
352
345
654
385
347
339
688
349
344
348
347
348
342
339
354
346
343
346
349
342
344
335
354
347
340
346
349
682
345
344
340
352
343
343
349
339
345
341
690
352
342
337
684
348
688
346
347
343
336
688
348
341
347
346
345
338
347
685
348
343
342
342
342
346
340
687
347
343
335
348
337
350
343
344
343
347
339
348
688
343
346
340
349
345
346
345
349
339
352
345
347
339
352
348
352
342
352
345
352
349
350
347
354
344
355
347
353
349
354
347
353
354
350
351
353
348
350
354
353
347
350
356
351
353
353
353
349
358
350
354
356
353
354
356
355
354
354
358
354
357
354
710
361
355
354
360
356
351
361
355
362
351
363
355
359
353
355
358
359
354
352
323
394
356
354
359
357
357
356
363
358
361
354
359
360
359
356
363
352
363
357
362
356
365
356
354
361
359
356
354
360
362
358
357
365
355
363
360
361
361
362
355
363
360
365
355
369
358
367
356
361
364
361
359
358
328
401
360
361
368
363
368
361
367
364
368
364
372
360
373
368
367
364
360
369
362
368
366
370
367
369
367
371
367
374
366
375
366
364
371
369
367
368
737
372
366
373
369
373
369
374
367
376
368
364
371
369
372
366
377
369
373
369
374
368
380
373
373
373
372
372
372
375
374
377
372
375
372
381
374
380
374
368
379
369
378
377
378
376
378
376
384
380
379
377
371
382
374
382
374
383
380
382
381
380
380
379
379
375
387
375
763
387
381
378
382
379
382
377
385
380
385
381
391
381
375
382
379
383
381
384
379
389
382
387
382
376
384
380
386
383
384
382
391
386
384
385
382
390
385
389
382
394
387
382
346
427
386
387
389
382
396
390
385
384
385
390
384
391
387
392
391
385
385
390
389
388
394
389
392
388
384
393
389
390
367
418
389
383
392
385
391
386
394
392
396
388
390
391
387
393
385
398
393
390
390
381
397
389
394
392
394
348
438
392
389
398
386
401
396
392
388
392
394
391
397
394
394
346
439
393
393
395
391
401
395
390
393
393
399
387
401
392
395
392
389
400
388
402
396
396
390
394
396
390
396
384
409
393
394
392
394
396
392
399
395
393
393
392
396
391
402
396
392
393
395
396
394
402
396
389
395
396
396
394
399
396
392
397
389
397
394
398
397
400
394
387
396
392
398
395
396
393
393
393
391
396
392
398
395
386
391
391
289
441
414
397
400
396
388
391
394
393
392
398
394
389
390
390
395
391
396
393
396
393
386
394
392
397
388
400
393
389
391
389
398
388
402
397
394
389
393
397
391
402
397
394
396
394
398
393
400
396
401
397
392
398
396
397
400
398
397
397
398
397
400
400
397
402
394
401
392
408
403
399
393
397
556
499
421
415
404
399
400
393
399
393
403
396
400
395
392
402
389
402
398
394
395
396
396
392
402
392
396
394
390
402
389
401
394
396
393
388
400
392
398
396
400
392
394
395
394
396
396
398
394
394
394
392
399
396
402
396
388
397
393
400
395
801
392
393
397
397
397
405
395
394
398
396
401
401
396
400
391
403
394
408
399
398
396
395
404
393
406
399
395
397
393
403
394
404
400
392
399
398
401
400
404
397
391
403
397
404
400
396
394
396
397
395
409
396
395
396
396
398
396
403
397
396
396
394
400
397
403
398
390
397
396
403
396
405
399
388
402
396
401
399
405
397
390
403
396
403
398
398
402
393
403
396
406
403
401
398
395
406
395
406
404
391
397
400
400
395
404
398
389
397
395
400
396
405
396
387
399
393
401
399
398
400
390
401
394
405
398
399
395
391
405
392
404
401
394
396
398
397
397
406
398
390
398
393
401
394
404
398
396
397
396
400
399
405
395
395
397
397
401
400
396
399
392
404
392
407
399
397
396
391
405
394
404
400
394
398
393
404
397
406
399
392
403
396
403
403
398
399
399
404
396
407
402
393
399
395
406
400
400
398