1005
1024
1044
1179
1340
1267
1138
1052
1096
1301
1312
1206
1122
1166
1424
1428
1334
1208
1131
1147
1370
1426
1316
1182
1078
1059
1174
1609
1461
1280
1121
1100
1191
1410
1346
1196
1131
1193
1404
1406
1265
1144
1067
1089
1221
1316
1225
1148
1079
1095
1362
1470
1303
1181
1087
1106
1229
1367
1338
1185
1087
1121
1186
1250
1218
1149
1150
1230
1345
1258
1162
1103
1173
1251
1190
1104
1095
1176
1250
1172
1126
1204
1273
1188
1110
1056
1090
1184
1393
1250
1151
1187
1248
1238
1152
1116
1144
1128
1097
1096
1113
1123
1108
1065
1083
1295
1228
1099
1071
1065
1089
1113
1203
1224
1189
1128
1101
1197
1327
1146
1067
1054
1106
1113
1091
1151
1273
1195
1136
1203
1225
1163
1238
1155
1130
1188
1259
1186
1250
1306
1210
1164
1205
1327
1282
1198
1285
1334
1303
1199
1276
1315
1242
1165
1257
1247
1190
1203
1262
1211
1308
1259
1149
1119
1152
1131
1086
1214
1302
1204
1289
1243
1171
1231
1221
1160
1241
1280
1197
1252
1374
1281
1288
1245
1269
1315
1208
1282
1337
1262
1396
1372
1324
1288
1192
1216
1253
1210
1143
1199
1378
1255
1155
1185
1228
1210
1155
1289
1293
1155
1090
1011
971
978
979
1015
1004
1039
1052
1016
979
975
1001
1093
1124
1082
1128
1066
1091
1097
1077
1056
1075
997
969
938
941
951
958
948
972
988
1001
1108
1210
1172
1117
1038
1051
1149
1213
1159
1085
1108
1252
1320
1245
1108
1077
1201
1519
1253
1136
1146
1206
1220
1229