1222
1177
1125
1134
1102
1070
1118
1152
1116
1057
1101
1215
1160
1078
1048
1104
1174
1162
1068
1065
1104
1165
1106
1104
1212
1269
1243
1134
1054
1076
1157
1171
1080
1016
1027
1135
1202
1146
1060
1007
1010
1069
1177
1140
1066
1057
1132
1192
1147
1058
1063
1129
1170
1103
1038
1052
1117
1155
1169
1109
1096
1176
1247
1221
1135
1071
1081
1221
1322
1258
1161
1096
1206
1220
1188
1107
1148
1267
1375
1222
1069
1030
1076
1117
1157
1115
1107
1135
1124
1002
1008
1049
1046
1082
990
1040
1058
1117
1079
994
1054
1064
1089
1078
982
1027
1021
1087
1083
1030
1037
1125
1167
1118
1055
1061
1113
1107
1040
960
1046
1063
1098
1053
1037
1104
1157
1096
1040
1036
1096
1109
1073
1117
1116
1082
1112
1110
1080
1151
1171
1088
1089
1139
1153
1116
1022
1111
1130
1139
1046
1092
1079
1058
986
988
1069
1121
1157
1066
1013
1063
1088
1135
1056
1030
1108
1132
1122
1015
1077
1079
1146
1089
1002
1070
1115
1205
1147
1060
1104
1135
1228
1168
1052
1020
1084
1124
1163
1081
1001
1044
1035
1104
1064
985
1061
1099
1183
1146
1055
1025
1069
1104
1156
1125
1030
1091
1133
1225
1132
1041
1013
1082
1101
1119
1060
979
1068
1106
1147
1009
990
1041
1061
1177
1103
1015
1102
1146
1180
1126
1055
1111
1145
1148
1121
1164
1160
1129
1135
1062
1064
1131
1137
1083
1065
1146
1163
1099
1047
1126
1211
1146
1080
1133
1144
1065
1015
1055
1105
1120
1058
1013
1010
998
993
1021
999
1001
1007
906
916
906
882
853
881
938