1190
1101
1072
1125
1259
1209
1107
1103
1184
1153
1065
1035
1057
1158
1240
1156
1037
1068
1138
1126
1086
1063
1159
1235
1129
1074
1091
1162
1197
1117
1105
1151
1196
1161
1057
1113
1186
1177
1106
1108
1134
1123
1070
1079
1125
1164
1103
1092
1062
1071
1073
1050
1106
1188
1168
1094
1120
1157
1135
1077
1113
1173
1168
1099
1124
1142
1134
1079
1145
1188
1133
1089
1119
1108
1058
1063
1143
1164
1075
1112
1140
1137
1065
1096
1159
1161
1082
1043
1050
1115
1097
1015
999
1063
1114
1114
1038
1035
1049
1048
1019
999
1045
1066
1053
988
999
1019
1045
1047
1015
1049
1065
1039
1036
1000
1030
1031
1058
1027
1049
1090
1104
1099
1086
1019
1026
1134
1191
1204
1212
1071
1016
1017
1065
1147
1168
1069
1043
1086
1115
1118
1103
1078
1153
1210
1205
1168
1091
1043
1091
1217
1198
1156
1087
1080
1118
1121
1109
1055
1056
1105
1282
1225
1147