608
620
641
706
683
675
730
931
745
694
702
731
740
805
913
854
780
867
823
720
703
706
690
646
688
750
826
785
853
854
797
740
1057
894
908
841
793
796
795
699
698
720
847
857
766
698
661
630
608
589
582
568
566
577
610
734
972
851
834
889
998
877
813
869
924
865
868
948
1074
957
826
825
1071
994
989
987
987
766
783
874
875
1007
1009
926
820
814
822
846
844
830
846
930
820
789
772
823
803
870
1014
960
849
777
812
847
866
939
1046
970
951
944
933
814
816
872
813
793
863
1008
897
880
954
925
864
832
816
794
814
814
867
901
865
827
937
898
871
831
771
752
748
789
791
807
904
775
722
662
624
622
679
851
814
837
820
822
836
908
838
840
821
758
813
763
783
848
885
810
737
715
863
854
847
873
840
836
848
918
824
917
820
864
813
764
727
793
896
925
914
846
928
826
914
814
761
837
869
944
824
923
843
938
851
862
858
940
837
937
839
934
839
936
827
854
761
721
799
896
926
839
868
869
942
839
932
778
734
787
886
865
853
845
849
869
929
845
862
812
724
776
874
875
1065
753
840
838
859
931
830
854
830
821
827
850
842
836
822
822
849
920
838
862
836
831
836
846
867
864
858
853
754
740
731
721
701
706
774
821
861
874
851
838
830
822
729
778
791
815
757
806
833
903
844
840
847
856
860
845
825
751
781
871
841
838
827
815
807
813
806
734
742
714
751
819
879
843
874
914
847
824
672
644
645
638
629
601
604
637
626
621
618
613
604
600
590
587
583
575
579
572
572
561
559
565
572
604
768
723
712
729
771
888
889
910
902
913
923
933
927
924
921
924
918
836
923
835
926
846
941
921
923
926
841
869
931
848
865
865
933
854
937
842
933
821
872
847
925
839
935
833
934
854
887
880
938
847
865
858
853
848
850
838
842
856
849
856
861
852
859
869
862
862
876
882
855
869
873
884
856
860
883
870
858
851
858
866
879
857
883
868
863
851
852
852
841
824
758
799
887
849
834
828
834
850
859
868
848
842
844
850
855
843
758
752
802
896
849
842
846
854
858
859
845
846
851
848
850
868
881
864
868
885
887
888
862
877
887
936
848
940
863
900
859
879
877
857
856
858
861
856
874
939
854
882
888
889
878
867
874
873
864
855
859
860
857
854
855
856
842
838
842
852
843
839
850
859
863
857
870
868
862
857
861
865
859
856
872
884
866
874
904
871
866
862
877
855
879
854
838
811
832
866
844
764
809
798
884
844
843
851
856
849
851
854
855
844
835
769
745
729
783
826
815
841
837
850
864
865
855
858
853
846
839
839
841
837
839
849
855
852
859
867
863
852
854
852
844
847
853
854
842
841
837
830
762
747
730
757
825
849
798
845
883
857
852
844
789
694
664
674
724
847
811
813
822
838
846
838
841
844
843
805
725
729
747
790
754
732
776
880
850
919
833
844
796
704
740
867
850
848
839
833
835
820
748
759
771
728
747
806
899
870
856
857
843
739
698
665
709
746
857
892
916
833
853
772
744
750
769
897
864
779
803
806
785
767
805
822
868
780
836
892
870
821
784
822
818
810
729
724
719
721
732
674
674
688
854
862
841
816
729
777
794
805
804
790
714
698
711
780
885
861
837
833
833
727
646
635
620
636
643
681
767
821
759
693
690
649
646
641
646
695
836
910
853
748
742
745
745
752
820
771
775
750
719
647
661
634
607
624
596
602
611
632
697
725
838
895
863
926
898
875
835
798
778
703
748
891
854
963
841
922
877
741
694
705
712
715
779
810
833
731
713
711
743
765
778
716
664
636
638
661
763
722
725
721
699
701
728
738
710
677
699
704
670
678
704
761
742
706
661
640
637
618
613
603
597
577
581
581
627
773
665
644
636
621
616
599
598
589
582
595
601
575
593
605
632
676
658
661
646
620
611
614
614
604
621
630
657
664
662
668
684
692
725
754
714
717
708
698
686
668
669
658
655
714
720
722
727
733
693
632
650
646
674
730
772
752
780
751
719
698
699
677
686
704
693
693
724
804
812
865
840
782
756
727
740
756
786
800
804
796
868
823
821
812
806
762
721
656
653
610
632
647
671
688
816
824
815
816
807
838
799
758
706
730
729
722
695
744
770
762
786
796
762
742
727
701
718
696
732
769
834
802
780
689
677
677
710
732
712
670
669
694
744
725
717
795
844
807
807
757
701
680
656
675
726
795
855
749
805
822
742
698
671
648
668
662
651
660
665
619
643
644
672
720
722
690
658
691
701
729
715
683
624
628
601
610
627
676
722
837
799
806
802
775
681
639
645
631
670
771
811
725
828
839
825
794
804
771
736
650
637
647
649
684
694
722
721
686
686
729
807
804
786
761
710
757
725
719
688
667
678
679
661
671
723
745
763
765
830
832
893
886
788
713
675
680
737
849
794
795
806
801
810
819
818
805
679
678
685
714
762
745
801
748
798
814
762
744
745
748
757
749
751
755
750
749
748
746
742
715
662
632
658
706
777
730
733
734
735
746
749
753
805
805
760
732
629
641
646
671
698
741
776
737
737
733
729
670
680
696
688
676
678
665
613
626
614
613
649
747
729
720
724
736
766
742
780
696
630
613
578
585
578
574
577
577
583
593
588
588
592
592
583
578
585
575
641
768
719
720
691
629
609
591
581
568
560
552
542
534
527
517
505
512
545
564
737
686
686
748
677
607
551
550
542
535
552
566
598
694
785
746
746
704
665
635
637
657
645
650
648
661
673
672
703
718
702
629
609
631
720
646
726
801
737
804
918
911
774
699
647
622
631
691
880
850
838
938
876
714
672
659
693
834
815
796
829
897
780
706
747
729
752
749
726
706
760
791
758
780
834
713
696
688
670
689
693
720
791
919
824
757
722
757
872
822
771
742
732
767
911
873
753
703
720
740
805
729
742
889
1079
992
956
855
789
800
770
821
932
885
864
863
863
861
778
759
701
814
755
761
813
763
755
754
720
665
667
666
667
689
684
695
707
713
717
700
680
701
726
808
809
729
708
783
780
758
758
760
760
755
750
748
747
746
749
749
742
662
666
721
789
739
745
753
806
809
765
753
748
747
749
750
805
830
853
776
706
655
790
738
739
744
750
754
759
755
754
748
745
742
689
689
711
754
758
737
698
688
711
799
749
752
804
834
807
740
669
651
648
612
640
710
796
751
764
814
831
771
758
749
672
654
629
646
706
774
821
792
814
833
846
901
814
736
709
702
685
675
665
670
650
791
747
757
818
831
825
769
757
746
710
694
788
741
747
752
758
756
813
812
761
752
750
748
750
749
750
752
752
748
745
740
702
648
626
608
593
579
571
556
551
538
533
535
523
516
513
513
517
541
624
694
669
665
674
679
685
694
700
707
589
564
542
531
529
532
514
514
516
510
509
507
507
512
511
507
507
510
518
530
562
580
591
594
581
561
568
563
557
550
543
548
551
563
560
547
549
558
561
557
562
566
565
550
550
552
552
551
547
544
534
528
531
541
559
563
559
567
560
554
549
548
562
597
615
606
577
579
580
575
573
573
567
565
559
554
553
574
624
653
648
616
588
579
581
581
592
602
591
579
586
588
589
584
579
566
562
556
558
552
545
546
560
573
571
583
598
575
584
579
565
566
563
552
541
528
528
540
537
541
549
555
566
571
563
558
548
550
553
575
579
579
584
569
574
560
552
546
540
530
528
522
526
521
516
520
534
543
618
684
708
668
628
604
588
577
568
557
546
532
523
515
518
532
586
736
700
765
802
833
708
632
600
585
573
569
567
567
564
559
557
550
565
570
604
624
634
630
631
620
600
599
607
621
610
605
602
599
592
600
616
638
651
628
629
635
632
610
602
582
576
565
563
561
556
578
611
614
616
593
578
567
568
573
585
637
654
643
613
624
614
616
609
607
582
600
628
601
622
646
683
695
682
633
613
602
596
600
590
584
582
590
589
599
572
568
564
571
572
573
571
567
563
561
554
549
537
530
525
517
510
504
503
504
533
613
707
668
680
727
854
785
630
571
548
531
523
506
504
496
491
489
483
484
482
476
476
476
479
477
477
482
489
498
498
493
492
487
479
483
481
483
487
487
485
482
476
479
479
482
485
489
492
496
509
522
519
517
528
533
524
515
511
511
510
509
503
500
498
498
508
520
528
529
567
569
545
533
530
532
542
533
529
519
514
510
510
510
518
522
542
573
596
579
568
549
542
540
532
525
529
535
558
569
565
549
551
540
538
531
521
511
507
522
567
611
610
576
568
594
599
601
615
580
559
545
535
527
517
516
513
516
521
524
531
530
535
534
548
563
571
594
629
648
644
646
624
594
562
558
550
552
636
735
758
700
687
664
622
607
624
680
684
651
623
616
607
603
597
575
578
572
583
586
567
561
572
590
633
646
599
578
587
570
566
563
557
546
548
534
527
522
514
504
493
489
485
481
478
472
466
465
470
479
476
474
479
493
505
501
512
520
508
504
504
501
494
493
492
487
491
492
500
504
515
521
525
522
519
513
508
509
520
548
581
596
584
565
546
539
536
532
524
518
511
509
537
570
570
571
585
592
575
559
547
541
531
523
524
529
551
549
546
539
531
522
515
505
507
518
539
556
579
577
563
570
570
571
559
547
533
524
517
512
519
550
617
690
708
700
659
648
638
623
621
587
593
584
596
579
584
578
577
572
569
569
568
568
572
556
567
581
591
598
601
593
571
567
562
559
558
547
541
531
533
527
531
536
537
538
531
527
518
513
508
521
553
572
585
576
583
597
642
730
683
680
688
647
633
624
609
607
583
592
585
583
564
572
565
583
569
591
582
581
559
559
550
543
534
538
539
545
546
542
552
552
562
561
563
558
556
550
548
545
574
590
588
577
558
550
547
548
563
582
599
607
601
624
616
607
588
577
578
574
581
578
567
563
567
574
569
574
566
567
573
587
604
587
583
582
584
579
569
580
580
579
570
570
566
572
576
561
555
544
560
563
578
567
562
567
569
575
579
549
545
534
526
512
513
516
506
500
489
502
495
489
493
495
486
486
484
495
487
478
478
476
480
473
471
479
478
490
479
480
482
487
493
480
480
489
485
483
486
488
479
475
475
484
476
473
470
470
479
471
476
480
484
490
484
481
486
480
476
483
488
500
491
489
492
493
494
489
489
498
486
483
479
480
484
477
471
476
474
482
473
475
485
491
495
486
475
479
476
479
472
469
473
474
474
468
466
479
486
496
489
484
490
488
485
484
480
483
481
478
484
479
473
469
471
479
476
476
471
465
471
471
476
465
464
468
466
472
465
462
466
478
487
485
479
474
471
480
476
471
467
463
472
468
481
479
482
490
483
481
476
474
477
477
480
470
464
471
472
480
468
464
473
475
482
474
467
473
475
484
473
471
464
459
465
457
457
460
466
473
469
469
456
460
474
471
479
464
462
463
470
473
472
467
457
459
465
465
471
461
459
455
458
468
462
470
458
456
458
461
477
479
481
479
474
480
472
469
459
460
463
462
466
458
454
454
455
458
460
464
465
458
464
460
468
467
465
454
453
454
452
466
460
456
448
449
458
457
467
459
451
451
461
472
473
478
465
462
472
476
484
479
469
470
470
479
474
465
460
466
472
469
472
460
460
466
470
480
473
467
459
461
473
472
471
464
463
473
468
477
455
465
467
462
470
461
454
456
463
467
466
472
463
469
472
472
462
461
462
468
466
475
463
458
467
468
477
469
461
459
456
456
451
461
453
450
448
451
457
471
479
474
470
471
474
484
477
470
468
468
479
474
463
461
459
476
473
481
469
470
463
463
470
462
457
458
454
469
469
464
460
461
475
467
463
453
448
454
455
466
458
454
456
452
457
459
467
461
457
457
457
466
466
471
460
464
465
464
463
460
456
456
453
459
454
460
449
444
439
439
444
454
465
467
464
460
457
464
461
466
457
450
448
447
449
450
454
446
434
433
431
437
447
454
457
459
448
451
445
441
444
447
456
451
449
440
439
448
446
451
448
449
443
445
443
441
446
446
452
449
449
442
434
431
429
440
445
446
442
456
448
445
436
435
438
440
440
436
442
438
444
441
437
429
430
438
439
439
430
441
435
438
438
439
438
437
438
442
440
440
448
443
436
435
436
435
438
443
442
445
441
434
427
428
432
440
444
440
449
443
450
445
435
434
437
443
442
446
446
454
450
448
440
442
446
452
461
453
453
443
440
447
452
456
454
454
443
444
443
442
450
447
455
453
445
441
440
450
445
451
443
446
442
443
443
443
446
448
452
447
437
435
434
442
445
449
438
457
449
447
440
436
438
445
445
438
446
443
444
436
433
430
431
442
434
438
438
442
437
436
436
437
436
436
438
434
437
434
435
436
432
431
427
432
426
435
438
445
438
448
442
441
437
432
433
434
437
432
433
429
436
429
432
424
421
424
431
437
429
446
443
446
429
428
429
430
433
432
432
429
438
434
435
427
429
430
429
432
428
438
435
434
437
434
434
436
439
438
434
432
438
431
431
433
425
429
428
427
432
428
431
431
433
435
435
434
435
434
435
433
432
429
434
434
434
437
435
435
433
437
435
439
437
435
437
438
435
440
439
439
441
443
441
438
441
442
439
438
438
438
442
439
445
455
453
457
456
460
462
460
459
456
452
457
448
452
454
458
464
471
474
486
500
523
511
515
518
522
516
515
520
521
519
517
512
512
500
499
500
510
502
519
521
530
521
511
523
501
513
511
507
510
498
498
495
494
501
505
514
510
515
515
513
519
510
506
506
505
505
496
502
508
512
508
511
512
513
506
534
527
527
524
521
524
520
505
505
504
507
502
513
517
531
537
525
529
527
518
517
513
510
515
514
520
526
525
532
538
549
548
555
552
552
532
529
530
526
530
522
526
526
531
533
526
530
531
527
517
521
514
507
503
500
495
499
503
514
525
546
540
529
530
547
528
541
547
554
542
539
540
532
521
520
520
522
528
541
543
547
555
563
556
561
558
562
563
558
554
552
540
542
541
545
560
552
560
561
567
571
566
569
568
577
567
563
559
561
560
563
569
574
580
563
562
558
560
557
562
564
557
543
542
548
541
518
529
523
522
521
526
539
566
576
583
563
563
554
539
534
529
526
530
538
543
540
546
538
535
530
531
534
537
539
535
529
534
526
534
529
535
533
541
542
530
530
528
527
526
515
513
517
522
545
542
548
557
571
572
567
554
543
559
546
541
537
533
531
526
515
516
511
523
528
531
532
539
557
569
572
565
561
557
555
544
531
540
542
548
559
577
576
570
560
558
550
528
527
531
518
510
510
509
506
502
491
499
498
498
490
479
487
485
480
475
465
479
472
479
469
468
476
475
479
474
470
479
480
471
462
468
467
461
473
476
472
461
469
471
466
478
470
462
461
466
472
472
477
470
469
473
470
473
473
476
470
470
473
472
477
476
477
471
467
465
455
471
467
467
452
455
468
463
479
470
468
471
475
479
477
483
481
480
480
479
488
490
482
476
474
483
481
479
476
471
479
477
484
478
474
471
475
481
477
473
468
474
485
481
476
471
469
477
474
477
472
475
469
474
473
468
468
470
463
469
453
459
452
448
452
447
453
460
468
468
463
459
455
463
466
476
472
466
461
464
477
478
483
479
469
470
467
465
461
462
457
455
460
467
466
462
471
468
465
456
453
457
459
468
464
466
454
455
458
461
464
457
471
465
459
449
448
449
447
461
455
466
460
452
450
457
465
465
469
466
468
457
460
454
454
466
460
468
456
448
448
452
454
447
461
456
464
456
448
451
458
462
457
469
462
459
455
462
469
465
473
467
465
462
460
460
456
469
462
460
444
446
444
446
456
455
462
458
453
458
459
459
453
461
454
459
448
443
434
438
445
447
447
451
462
454
453
442
439
445
448
453
449
460
456
458
456
454
455
454
460
460
464
455
443
441
446
450
449
453
448
455
446
440
435
438
428
428
424
426
427
435
449
454
463
456
455
450
448
445
439
445
448
457
456
460
448
453
448
449
443
441
447
439
448
443
434
432
437
435
436
438
444
450
443
449
446
452
449
450
446
447
453
461
465
462
465
454
451
451
451
452
452
461
453
462
451
442
445
448
449
444
453
449
459
454
451
442
447
461
457
466
462
463
473
470
462
460
455
468
455
460
442
441
446
448
452
452
454
453
457
447
455
456
452
447
453
449
451
440
443
443
439
439
435
438
439
438
438
441
441
442
446
451
457
456
459
465
467
471
466
468
467
463
466
463
460
463
463
463
467
466
469
476
485
493
495
489
494
494
492
488
481
470
473
470
467
473
476
481
484
486
485
490
481
482
479
476
481
472
475
477
467
477
477
484
467
479
477
476
475
479
481
477
475
477
475
471
467
469
470
466
468
469
467
468
478
477
475
479
470
469
472
476
471
467
466
470
470
472
468
472
474
486
488
483
488
491
492
492
491
485
490
485
479
475
474
478
478
479
479
480
481
487
493
492
491
494
498
498
493
495
498
507
508
508
507
508
498
499
500
497
494
496
510
519
511
507
498
490
480
484
483
480
481
485
486
489
512
528
533
536
523
519
516
511
509
499
499
501
501
499
500
507
509
515
518
514
525
526
526
521
516
512
512
513
511
502
502
511
513
505
516
519
521
520
523
516
507
510
509
505
486
495
493
494
494
493
488
476
476
478
478
484
493
506
511
515
545
529
536
531
525
523
510
503
495
492
489
492
489
487
487
489
495
504
516
516
516
520
525
520
508
508
512
528
528
527
515
512
510
507
503
497
497
507
507
511
508
510
519
522
519
515
515
512
510
508
495
497
489
483
481
481
485
490
504
503
508
507
512
515
507
512
510
503
499
503
499
488
490
487
485
477
489
487
491
506
506
509
516
525
519
520
511
511
507
500
493
489
488
481
482
484
496
518
538
538
528
527
521
529
534
533
523
523
519
509
504
503
498
499
495
497
496
494
492
493
490
495
490
498
496
496
490
497
500
487
493
497
498
498
499
499
490
492
487
484
478
469
474
483
487
493
486
494
501
495
502
486
476
479
471
477
479
479
480
479
485
484
476
471
470
473
473
473
473
476
479
482
480
480
479
473
482
480
476
461
457
460
462
462
468
476
478
487
485
483
488
496
498
493
496
494
493
483
484
486
483
482
472
477
481
475
466
472
466
463
459
460
464
465
467
470
475
469
469
472
480
485
484
487
479
485
479
479
480
474
479
479
474
469
464
471
467
474
465
459
461
462
460
462
472
467
471
460
452
456
459
458
450
462
459
461
451
442
442
450
452
451
449
453
459
454
454
440
437
437
438
446
448
452
445
450
449
453
450
439
437
438
439
440
440
443
443
443
449
446
450
444
438
440
437
434
430
438
439
441
436
439
437
444
441
444
439
438
430
433
438
453
457
459
460
463
462
457
449
445
444
448
453
455
450
456
449
448
442
441
438
437
442
441
445
438
445
442
441
428
428
431
434
436
434
438
436
445
438
444
434
438
433
434
431
433
428
431
438
441
439
438
440
434
436
430
430
428
432
429
426
424
422
429
432
437
434
438
433
437
438
442
437
438
430
433
426
432
428
424
424
426
432
430
432
426
432
426
428
425
428
426
425
422
421
423
426
426
420
429
428
428
426
424
420
423
423
427
419
424
418
425
419
425
417
425
424
424
423
428
425
428
425
428
423
423
427
429
429
428
431
430
434
429
428
420
431
424
423
429
432
426
435
427
432
435
440
439
443
445
446
453
448
449
439
436
436
437
438
438
438
431
432
427
433
428
431
430
434
423
425
430
435
436
433
440
441
448
443
446
439
438
436
434
433
433
437
441
447
444
452
442
445
442
438
435
436
441
438
440
437
445
438
444
430
433
434
433
434
429
438
438
441
437
444
440
438
437
436
440
439
440
433
442
441
443
440
445
438
442
433
433
428
427
431
433
435
431
434
434
438
435
436
425
426
427
428
434
435
439
429
432
435
438
436
435
436
430
425
423
426
431
426
432
432
436
434
434
431
432
430
430
427
427
436
434
436
436
446
439
439
434
425
426
425
426
422
427
424
427
426
428
424
433
425
432
421
423
420
423
416
419
423
427
427
424
428
424
426
421
421
422
427
423
425
421
415
415
417
414
415
412
412
417
414
413
408
412
410
414
416
419
412
415
408
414
407
410
403
408
405
409
403
410
405
411
406
411
409
414
407
415
411
415
410
408
407
408
406
406
402
407
403
410
406
406
402
410
404
407
408
409
404
402
400
404
403
400
398
403
402
404
396
402
402
403
404
404
411
413
415
409
411
412
412
403
409
407
403
402
404
400
402
399
398
396
404
399
404
405
404
401
409
406
405
402
397
402
401
397
398
393
396
400
400
400
401
399
400
400
403
398
397
396
397
396
402
398
404
402
399
399
402
402
402
399
396
397
398
398
395
394
396
396
398
397
395
396
401
398
404
398
403
398
399
400
403
400
404
400
398
398
401
396
398
396
399
395
396
393
397
393
398
397
396
394
396
396
399
400
399
396
398
397
398
399
398
399
397
396
399
396
398
401
396
403
398
392
398
396
394
392
396
392
396
395
399
399
397
396
396
396
390
393
385
390
384
388
389
389
386
382
382
387
384
385
382
382
391
383
387
391
389
391
392
388
392
392
390
394
392
388
391
391
389
392
391
390
389
386
387
383
385
385
385
381
383
381
382
378
374
378
373
376
371
376
374
380
382
386
390
390
390
390
385
387
386
385
380
385
375
380
369
376
365
365
370
368
368
371
375
381
382
382
382
380
382
379
380
377
378
375
373
369
371
371
371
373
372
377
374
384
380
383
381
386
380
383
376
380
370
377
371
370
364
367
363
370
367
367
371
372
374
376
372
372
373
372
373
366
366
363
364
369
363
369
370
376
372
377
375
376
372
377
370
375
366
367
364
365
368
364
366
372
375
373
372
374
377
375
377
376
378
376
378
372
377
372
374
370
368
365
367
368
366
371
368
375
377
374
381
377
371
376
368
374
369
370
366
369
367
368
369
371
376
376
376
378
379
376
374
373
373
369
371
364
366
362
363
367
361
366
369
374
373
372
372
372
369
374
368
375
368
373
366
368
369
367
363
361
370
365
368
367
371
368
369
368
370
363
368
362
363
367
363
363
361
367
362
370
365
369
369
369
364
368
360
363
356
360
363
359
356
354
361
360
363
361
362
360
361
356
355
355
353
353
354
358
355
362
355
361
354
360
354
355
353
351
354
352
359
358
362
359
360
355
358
354
351
356
352
354
354
358
355
359
355
360
354
356
350
355
356
354
356
355
356
357
359
354
355
355
352
355
349
351
348
354
360
359
356
358
361
360
354
360
353
357
349
351
351
349
353
354
354
360
355
355
356
351
350
347
354
349
352
353
353
354
352
354
349
350
347
349
349
348
351
357
354
354
354
351
348
346
349
347
348
351
351
353
350
354
345
348
345
352
349
346
350
354
353
352
352
348
347
350
343
352
347
355
350
353
350
353
344
353
344
351
348
348
354
353
352
350
349
344
350
343
343
345
352
351
350
351
346
348
344
346
346
342
349
350
354
349
350
347
345
343
348
346
345
348
347
351
348
351
343
347
343
348
343
344
349
349
351
350
351
347
346
342
349
347
346
348
345
349
349
349
342
350
341
346
345
341
347
345
351
348
349
346
347
343
345
345
342
347
349
351
348
351
347
348
343
350
345
345
342
343
347
348
346
355
349
351
350
344
347
345
346
347
350
347
356
354
349
354
347
352
346
346
347
347
344
351
352
351
351
347
348
345
343
350
344
343
346
349
351
351
348
350
341
348
342
346
344
347
346
352
349
347
349
343
342
348
343
343
347
350
348
349
347
351
345
346
345
345
343
346
348
347
348
344
348
342
342
344
341
340
343
349
346
351
343
349
342
343
344
340
340
346
346
345
347
343
346
341
339
346
337
341
345
348
344
348
341
344
339
341
341
342
345
346
347
342
344
337
342
341
337
340
344
347
345
345
337
342
336
338
339
334
342
341
340
339
338
338
336
338
332
338
337
339
337
341
334
336
339
336
338
340
340
338
339
335
334
337
333
336
340
341
338
342
335
342
334
337
334
342
341
341
342
338
340
333
339
336
338
337
343
341
337
339
335
337
335
334
333
344
336
337
335
334
337
333
331
336
338
336
334
336
333
331
333
338
339
338
339
335
334
333
335
332
333
334
337
338
336
333
335
330
336
335
337
336
338
333
333
336
337
335
335
336
335
333
330
333
335
333
334
336
336
332
334
333
331
333
329
334
334
334
327
329
333
324
331
333
334
336
328
332
328
330
331
334
332
334
328
332
330
335
331
335
335
331
330
331
330
333
326
335
332
334
331
331
332
327
331
329
335
328
333
327
332
328
329
333
332
336
327
328
330
328
324
337
331
331
331
330
329
330
325
332
331
333
328
330
328
332
333
331
332
330
330
324
330
326
331
331
328
332
327
328
326
327
329
329
331
325
326
328
328
328
331
332
323
333
322
328
323
331
330
326
331
327
324
326
332
331
329
327
324
328
326
326
328
327
331
325
328
326
325
329
326
328
325
324
328
323
329
327
329
325
329
322
330
328
328
331
323
327
327
324
327
329
330
327
325
330
320
326
328
331
327
329
328
326
326
330
330
328
326
327
327
328
324
330
326
325
324
321
326
329
329
329
323
326
321
327
320
331
321
326
323
321
324
329
326
325
326
320
324
322
324
326
323
325
322
325
326
323
327
321
323
321
321
320
325
325
325
322
323
319
324
320
328
319
320
327
317
320
322
323
323
319
322
322
323
324
325
318
321
321
322
322
322
326
320
322
322
317
323
323
323
317
323
315
328
323
321
320
324
319
318
318
325
320
321
323
319
320
325
323
320
321
319
319
325
321
322
317
321
321
315
328
319
322
320
321
325
320
324
322
321
321
317
324
326
326
321
325
319
321
317
325
323
322
324
320
325
324
322
326
317
326
319
320
317
326
324
320
319
318
322
323
321
325
317
324
318
313
323
322
324
317
325
320
318
321
321
322
314
316
317
322
319
323
316
321
316
317
322
319
319
319
318
316
322
318
321
318
315
322
313
323
316
320
316
317
319
318
320
318
318
316
319
314
325
321
318
317
316
321
323
320
320
319
319
320
310
324
320
322
317
322
318
316
321
319
320
319
313
321
320
322
316
322
317
316
315
323
321
317
318
315
321
321
318
321
318
318
318
313
325
315
319
315
321
320
319
320
315
319
319
311
320
317
320
315
321
317
316
318
321
317
314
312
319
320
320
316
320
316
314
315
323
320
316
317
315
322
319
318
319
316
318
313
318
318
318
314
321
315
317
313
325
317
318
313
324
319
318
319
317
317
314
320
319
318
321
316
318
316
312
323
317
321
316
318
319
312
323
314
319
313
319
320
318
317
314
320
317
309
317
314
321
313
322
316
313
319
317
317
314
312
317
319
318
313
323
314
313
316
321
320
315
314
317
320
318
315
320
316
315
312
327
318
316
316
320
314
316
321
322
313
318
316
322
319
318
320
316
317
311
323
318
317
317
313
321
321
315
320
316
319
312
322
318
318
316
319
315
314
319
322
316
317
318
323
316
318
321
315
316
315
323
319
318
323
317
311
321
322
319
310
320
318
319
316
316
322
323
318
319
321
326
324
316
324
326
326
315
326
325
327
324
318
327
324
324
326
321
328
325
324
325
332
328
321
329
326
329
325
324
328
329
325
328
328
325
329
333
329
330
331
333
331
329
337
333
334
330
334
332
334
334
329
335
338
338
331
338
336
337
331
341
337
343
332
339
337
339
337
336
339
340
336
340
340
339
341
334
342
341
338
338
339
340
341
342
334
345
341
343
338
346
343
342
343
339
345
345
343
338
346
344
341
343
344
345
348
343
347
345
348
346
342
349
347
342
349
347
346
347
349
346
346
346
348
347
345
349
349
349
347
349
349
353
350
350
350
352
352
351
347
354
353
353
351
353
354
348
357
351
356
351
354
354
356
359
355
357
360
357
361
360
357
362
359
363
356
361
362
361
361
362
361
364
357
369
362
364
364
364
365
366
361
372
364
371
364
369
369
368
370
369
369
372
364
370
370
369
372
366
372
370
368
371
369
369
370
365
371
368
368
368
371
368
373
366
376
371
373
374
373
374
377
373
378
373
375
376
372
376
375
376
375
378
377
381
377
378
380
378
378
376
378
379
373
380
380
379
380
379
378
383
379
381
381
381
377
382
380
380
381
380
381
382
376
387
381
382
382
385
385
385
385
389
385
388
390
387
388
389
389
385
385
388
384
388
388
386
385
391
389
390
386
391
391
385
393
393
391
389
396
392
397
390
396
395
394
394
396
393
396
395
397
396
397
396
398
399
396
398
398
398
396
398
392
395
395
390
397
396
394
396
399
395
397
398
397
398
400
391
406
398
396
402
401
398
396
404
397
398
401
396
401
398
400
398
402
400
404
401
400
401
397
395
396
397
396
400
396
399
400
400
398
402
398
400
400
400
399
402
403
401
403
401
404
405
402
403
410
406
405
410
408
407
407
409
407
408
404
410
411
411
405
413
411
410
407
416
410
409
416
412
417
417
416
417
417
417
413
418
418
415
417
414
414
415
419
419
416
420
416
409
421
415
411
414
416
411
415
417
418
418
415
425
422
422
420
424
422
420
426
423
424
422
424
425
425
423
427
428
422
428
427
426
421
430
429
427
422
431
431
423
431
430
427
425
432
426
429
425
432
430
426
434
430
428
426
432
428
429
429
428
427
432
432
431
429
429
426
422
431
424
424
426
429
426
427
432
433
430
429
435
433
431
429
433
431
432
429
429
433
430
429
434
435
432
429
438
436
433
432
435
434
432
431
437
433
435
433
434
435
434
433
436
436
435
434
436
435
432
435
434
438
434
437
438
438
438
440
440
441
438
441
438
438
438
440
437
442
438
440
439
443
437
441
438
442
439
438
446
444
441
440
449
444
439
442
441
443
438
443
439
440
442
444
445
444
443
447
445
441
438
443
439
444
439
445
442
444
442
445
442
445
440
444
444
446
442
448
446
447
446
446
445
443
443
447
446
443
450
449
447
443
447
449
448
445
449
451
448
334
563
455
448
446
450
447
446
446
450
452
448
445
449
446
443
441
451
444
445
454
453
453
449
451
453
450
451
454
453
454
452
453
452
448
450
455
452
450
453
457
455
452
452
460
454
451
457
452
455
455
455
453
457
457
457
454
455
454
454
454
456
455
452
455
456
456
456
463
460
460
457
464
460
454
456
462
456
455
455
460
455
454
457
457
453
452
459
457
455
453
453
453
449
455
454
450
457
452
455
451
453
457
457
453
458
457
459
455
457
455
456
456
456
458
455
458
454
455
459
458
455
454
461
458
454
452
460
456
454
454
460
457
454
456
459
455
453
451
462
458
456
455
461
456
456
457
459
456
454
455
459
452
452
457
456
456
452
461
459
456
455
463
460
460
453
465
462
456
454
464
461
459
454
463
460
455
460
461
461
455
459
461
463
457
464
459
461
457
459
458
459
458
461
460
459
462
459
461
461
462
462
461
460
464
460
460
459
461
461
461
460
460
458
458
465
464
459
457
464
460
458
460
463
460
457
457
463
457
455
460
461
460
456
452
460
455
453
453
460
458
452
455
461
453
455
456
462
460
456
453
460
454
453
456
459
459
455
454
459
457
458
459
461
462
461
461
460
462
458
461
461
463
463
463
460
465
461
466
461
468
465
461
463
470
466
467
465
465
468
465
468
465
462
458
462
460
461
461
460
459
460
463
462
459
460
460
460
454
460
456
453
456
458
454
452
456
455
456
451
458
456
456
454
453
454
452
452
455
456
451
457
454
457
452
456
459
461
455
463
459
462
458
463
464
466
459
467
464
468
463
463
467
467
462
468
464
468
465
466
468
469
465
474
466
471
469
474
472
469
470
465
458
467
463
461
456
462
460
463
457
466
463
464
462
465
466
465
464
470
472
470
472
469
469
470
471
475
473
472
476
473
476
472
479
474
473
474
478
478
478
479
475
480
476
476
474
481
475
476
479
479
478
477
471
474
475
471
469
466
466
469
465
461
467
468
467
466
470
469
470
466
462
469
464
466
467
471
470
470
473
471
471
466
476
470
469
468
469
478
474
476
476
479
470
472
474
472
470
476
465
462
466
460
461
460
458
458
456
456
456
457
454
460
456
456
458
461
463
466
463
470
465
468
465
468
469
470
467
472
469
470
469
472
469
470
467
476
470
474
470
478
473
470
469
474
469
469
469
472
471
468
473
471
473
470
468
471
471
471
473
470
470
471
475
473
472
470
473
469
469
468
470
466
467
466
465
463
464
467
467
463
459
469
464
465
467
469
470
468
468
473
472
471
473
470
471
469
470
470
472
470
474
471
472
470
464
479
469
474
475
471
477
475
475
478
472
476
477
478
478
473
472
479
477
475
475
479
477
477
475
484
480
479
482
482
483
481
485
480
480
484
483
481
477
487
479
482
481
479
479
478
479
477
480
475
478
474
478
479
479
479
476
482
476
472
473
476
474
473
474
473
469
466
469
464
464
464
468
465
465
474
470
471
467
477
471
477
466
481
478
474
470
478
474
476
472
475
473
474
470
473
470
474
475
473
473
474
481
480
477
473
481
479
478
475
480
476
479
475
478
475
476
477
474
479
475
475
474
476
475
479
478
482
479
482
479
484
478
481
479
478
475
472
479
473
474
473
472
475
474
473
474
468
469
462
453
468
461
465
462
460
469
460
463
473
464
466
464
463
471
465
460
479
464
466
468
462
473
471
471
467
460
477
464
467
470
471
463
468
471
470
465
468
471
470
465
457
475
468
467
465
477
469
470
472
476
469
469
479
474
473
471
477
474
474
466
481
468
473
470
472
467
468
471
471
469
464
473
472
468
463
476
474
468
467
479
475
470
469
476
474
469
471
469
476
478
474
468
480
475
475
468
479
473
474
477
477
471
473
479
474
475
474
481
476
477
479
481
477
477
483
482
485
482
484
485
482
483
483
486
478
475
486
480
482
483
488
484
482
487
483
483
486
486
479
472
490
482
482
479
483
484
486
480
477
472
472
466
471
467
465
466
472
472
473
468
477
473
471
470
469
472
474
464
464
467
467
461
466
468
477
474
482
487
500
497
497
500
517
507
501
504
508
509
506
513
514
510
510
513
521
511
514
511
529
516
519
531
528
518
522
520
535
521
528
535
539
525
534
534
543
533
530
534
549
529
540
541
551
535
533
537
550
531
537
538
550
539
533
539
533
549
534
531
540
539
559
547
545
553
549
564
540
549
553
563
560
544
556
556
559
535
544
543
544
536
544
546
563
546
552
556
559
557
538
544
538
553
534
547
546
559
543
556
548
561
542
550
563
542
553
553
540
548
553
562
551
555
561
563
563
559
563
544
541
533
552
531
539
539
548
539
538
539
553
551
539
549
557
559
545
560
563
572
553
567
564
572
553
565
561
557
546
549
568
551
551
554
562
578
580
580
563
570
573
573
571
553
559
563
561
541
555
554
555
539
537
547
530
540
538
533
534
528
532
529
529
527
528
524
524
523
521
520
520
520
517
513
511
507
494
504
509
518
522
533
546
545
551
554
561
549
554
551
558
545
552
554
554
554
559
565
560
564
567
579
570
575
580
568
572
570
575
565
567
573
564
572
581
582
578
582
589
579
581
578
566
569
567
569
563
566
572
563
574
576
583
572
576
575
587
579
580
578
567
568
568
564
556
562
565
567
561
568
575
578
583
579
585
585
577
571
568
566
563
563
563
558
561
563
553
559
562
565
566
563
563
563
555
554
558
565
570
570
576
582
574
577
575
576
564
569
571
572
570
578
583
580
582
583
587
588
584
581
579
569
565
560
545
551
552
557
547
558
540
554
561
557
559
548
552
551
548
537
542
528
529
525
523
521
518
513
509
503
509
503
496
501
497
492
495
496
488
492
499
493
499
494
498
491
491
484
481
490
480
479
479
506
505
517
521
521
521
521
521
515
513
510
509
500
508
506
504
508
515
504
513
513
508
503
499
494
498
487
495
491
499
503
515
541
577
594
590
607
588
575
589
566
569
571
564
559
556
557
550
549
548
556
546
553
559
563
563
566
577
575
576
577
588
572
578
576
579
567
572
572
578
571
578
583
594
587
589
593
595
588
589
591
576
571
572
589
590
596
590
585
584
583
581
578
573
575
578
570
576
581
603
602
605
608
603
592
580
575
576
573
570
570
582
585
589
590
597
595
588
586
591
588
588
586
593
594
590
589
595
594
589
590
594
594
583
581
587
590
586
591
592
594
595
589
590
596
589
594
602
602
598
597
606
597
599
595
600
596
593
592
593
583
582
584
590
584
590
595
596
599
604
626
625
623
613
589
591
586
585
579
577
582
582
573
575
575
574
574
571
576
578
580
581
584
588
596
595
586
586
589
595
588
591
592
594
585
583
582
583
578
576
567
571
573
577
578
576
581
591
597
600
600
606
599
597
601
592
594
601
597
600
598
604
597
603
603
605
599
603
604
604
598
595
597
603
605
598
607
615
618
618
615
617
613
604
610
611
613
604
603
605
595
600
601
603
593
598
601
604
601
603
607
607
600
604
610
595
605
609
619
637
629
638
645
644
624
622
616
607
597
599
600
602
607
602
607
611
610
605
604
606
599
596
600
602
605
600
605
613
599
604
607
607
597
602
601
599
592
596
598
595
577
583
584
575
576
574
571
579
583
582
588
592
597
596
596
599
604
606
594
602
606
608
603
601
598
611
618
612
614
607
599
593
592
592
592
604
616
628
642
629
627
623
614
608
604
590
592
595
591
585
585
586
583
585
581
583
587
591
588
590
591
595
595
594
593
597
591
589
590
595
597
594
595
600
598
594
591
592
588
588
592
598
601
596
601
605
606
602
600
595
599
598
587
594
598
602
592
600
606
623
626
630
632
626
610
604
595
591
589
593
599
604
603
608
612
609
606
607
611
615
606
614
624
624
620
620
626
623
608
612
612
613
608
600
609
613
621
631
639
623
625
621
619
619
602
615
620
628
617
618
612
620
613
611
605
594
594
592
590
591
587
598
605
615
623
615
618
620
615
601
601
597
596
593
591
591
598
597
593
594
599
600
597
604
606
611
610
600
603
604
602
602
595
599
601
603
597
594
596
600
601
594
595
597
607
609
608
612
609
598
596
595
594
592
593
588
591
599
600
598
594
585
587
587
590
594
588
593
600
604
593
602
602
605
606
604
600
602
605
608
617
623
614
620
622
626
628
616
619
619
618
616
603
604
604
610
614
605
613
619
623
606
616
617
618
609
609
611
615
615
604
610
613
614
606
611
616
616
610
606
606
611
604
607
611
620
608
616
617
619
606
609
611
616
616
610
612
620
622
615
623
632
633
621
630
630
628
615
614
610
609
606
603
609
617
630
637
625
632
617
626
621
613
418
1223
319
286
1129