1309
1244
1226
1474
1473
1262
1078
1132
1371
1379
1272
1226
1185
1215
1162
1138
1243
1226
1145
1097
1216
1398
1306
1149
1146
1373
1405
1313
1171
1264
1378
1363
1236
1281
1312
1352
1248
1211
1373
1356
1273
1228
1304
1358
1310
1231
1218
1285
1313
1216
1124
1104
1216
1346
1303
1246
1228
1294
1412
1350
1208
1293
1356
1335
1311
1188
1295
1367
1418
1281
1345
1350
1333
1234
1178
1336
1356
1283
1186
1273
1315
1211
1207
1308
1414
1348
1284
1330
1340
1246
1236
1307
1260
1150
1195
1322
1254
1253
1462
1421
1348
1425
1378
1245
1335
1316
1215
1275
1361
1270
1217
1354
1316
1259
1221
1278
1290
1267
1371
1306
1219
1312
1263
1264
1201
1316
1298
1271
1336
1355
1297
1160
1251
1384
1327
1257
1368
1354
1226
1197
1301
1371