749
754
741
737
746
750
747
742
738
738
740
746
748
740
742
759
775
788
807
822
832
807
798
801
797
790
789
810
812
828
830
834
827
832
841
827
824
812
787
784
792
793
791
798
820
810
810
810
802
790
781
799
798
799
795
808
791
790
796
787
786
786
806
792
784
774
770
756
753
756
770
783
781
781
794
787
776
767
750
725
746
750
748
747
759
766
764
755
747
737
735
732
729
730
750
768
775
781
791
807
797
800
795
807
791
782
781
788
783
790
793
802
792
795
808
799
799
793
800
784
786
803
798
812
831
807
807
803
809
810
815
813
794
783
780
788
781
782
783
793
784
785
798
794
800
801
804
794
785
798
790
802
814
809
825
835
813
816
820
800
796
788
770
765
765
790
814
810
807
803
776
767
764
761
755
761
788
794
813
816
827
836
844
835
839
825
803
795
784
791
782
788
812
810
815
813
792
772
758
758
751
748
750
775
787
810
820
831
813
814
821
802
794
788
777
768
766
783
772
769
765
768
770
770
768
771
804
810
795
769
759
747
741
735
732
738
760
784
783
788
799
805
805
807
809
795
794
794
802
805
803
804
810
813
795
787
781
791
799
798
805
810
820
832
843
829
819
814
811
803
785
772
767
787
819
816
825
829
814
806
805
821
818
827
816
811
784
775
762
792
867
931
916
889
854
832
798
773
753
740
734
739
753
783
816
814
825
829
833
818
829
842
838
850
842
840
843
833
831
814
797
794
811
837
827
813
816
821
829
815
809
802
813
811
802
808
829
819
834
830
826
812
805
811
802
813
811
815
796
791
806
837
880
899
875
878
857
844
834
825
836
832
834
838
832
799
777
759
753
748
743
739
741
746
740
739
749
749
739
733
742
744
735
721
729
719
719
728
742
755
764
763
758
757
756
749
743
757
791
817
841
878
865
874
850
841
822
817
821
869
894
878
868
862
854
841
813
798
786
789
800
809
834
858
852
857
868
893
896
896
882
852
848
829
830
826
819
813
821
800
790
775
774
773
775
775
773
771
763
745
732
729
727
719
708
715
759
821
844
441
394
828
813
802
790
777
769
769
771
794
814
826
826
819
821
816
808
783
768
755
743
758
798
826
814
806
799
800
786
768
763
752
741
732
723
725
741
772
787
806
817
822
814
805
826
824
822
818
839
836
853
862
856
866
861
834
821
820
808
803
805
804
809
798
783
778
764
752
756
760
766
771
806
902
919
903
891
885
842
830
814
813
812
813
828
863
877
891
888
867
862
850
850
849
846
853
833
837
846
851
870
865
848
826
819
821
815
828
836
853
845
830
822
821
818
807
808
818
831
846
863
881
920
911
887
880
892
856
859
854
848
854
852
837
841
833
843
830
828
816
797
776
762
744
738
733
740
752
740
736
749
722
737
726
712
719
715
724
724
735
750
756
757
754
755
763
763
773
794
830
827
845
854
855
842
834
826
802
797
799
832
838
830
836
870
876
871
854
839
813
807
811
817
840
859
886
888
884
862
854
844
837
829
838
862
847
853
870
854
855
856
830
813
800
797
787
780
779
779
771
773
772
766
758
746
737
729
723
722
739
772
830
867
899
898
891
862
845
820
813
806
811
818
858
865
881
878
861
860
860
834
836
838
838
848
862
886
880
868
856
847
849
852
856
860
848
848
842
851
859
850
861
848
841
834
826
836
836
848
857
878
868
864
874
834
817
801
785
775
758
747
741
751
770
789
812
854
845
855
867
839
837
834
821
838
840
828
829
842
861
853
857
862
839
838
843
821
831
830
825
833
846
871
877
893
891
854
844
845
827
835
847
831
847
854
831
828
818
816
807
809
834
839
849
851
834
834
829
828
834
836
853
841
854
866
834
835
830
813
803
805
825
807
815
822
836
838
835
853
835
834
838
834
857
869
863
883
886
873
874
853
850
841
820
827
823
826
844
847
840
855
878
850
854
850
818
816
819
812
813
818
822
823
825
825
807
805
826
813
827
834
831
845
846
837
836
834
815
821
818
799
808
817
812
829
816
800
790
777
777
764
766
771
768
775
790
821
820
826
837
825
842
874
857
862
854
832
847
870
841
838
834
824
828
822
804
806
804
804
809
813
848
842
846
841
823
821
815
820
813
813
816
797
798
812
805
813
822
821
831
831
818
816
804
798
792
786
796
787
794
810
824
837
837
820
809
798
803
788
792
801
791
798
806
809
816
818
830
836
834
829
807
810
801
782
782
791
795
818
827
842
854
850
826
824
818
795
797
802
787
791
790
796
792
791
808
806
805
797
802
786
786
785
794
803
812
841
827
829
822
802
797
778
765
739
729
717
717
737
775
803
802
794
784
768
760
751
739
734
730
728
729
738
743
750
762
779
798
783
764
757
755
754
762
766
764
761
769
770
770
766
768
776
786
780
784
786
791
784
790
788
809
812
824
833
812
821
810
807
798
788
779
769
765
761
773
814
829
856
873
903
880
881
877
855
862
862
878
871
882
887
881
869
857
856
840
837
833
868
892
913
909
882
882
872
875
856
863
880
866
873
874
884
868
870
860
840
833
828
853
858
885
909
878
885
866
856
818
806
796
816
826
856
876
896
923
920
890
904
882
866
881
886
868
878
855
863
835
841
853
868
843
843
841
827
824
814
826
833
864
888
866
896
902
859
841
839
825
825
830
850
853
874
900
898
903
888
873
871
859
833
809
804
782
768
762
759
770
792
847
864
880
872
861
844
830
827
819
815
797
778
774
791
788
798
813
858
852
868
873
857
855
840
830
825
814
826
828
836
854
930
904
918
908
859
860
860
846
849
853
883
899
920
923
910
897
885
858
854
855
832
837
851
854
864
876
900
872
887
889
849
826
798
792
800
807
846
879
919
927
930
920
884
884
884
859
876
881
886
920
941
924
958
936
894
884
858
836
824
822
844
855
838
837
857
878
878
876
861
850
839
845
836
847
860
858
855
836
835
805
787
774
773
784
796
807
816
827
855
850
848
817
793
777
755
729
736
714
707
702
706
710
718
746
764
793
816
847
838
840
860
848
858
871
879
895
908
905
910
896
881
848
837
849
903
870
863
857
875
862
855
853
827
833
849
862
866
881
893
877
868
848
844
835
844
841
841
866
854
863
858
824
836
842
879
884
912
912
906
901
888
879
869
849
853
843
815
820
829
860
859
881
869
843
832
827
793
785
771
776
776
771
775
805
827
816
812
813
812
785
776
778
761
756
755
745
745
748
754
748
744
736
732
727
733
749
774
798
839
899
908
861
843
821
802
782
767
759
749
750
755
779
838
895
861
851
829
835
823
832
820
804
782
765
755
740
744
742
764
823
839
816
816
815
854
886
850
843
837
842
836
828
801
794
780
783
783
802
805
813
816
816
828
835
859
855
869
896
875
887
897
853
856
866
854
812
792
803
803
910
978
933
934
893
849
831
825
813
811
793
798
802
811
858
895
884
883
857
851
819
813
819
848
866
862
850
836
834
825
813
801
791
776
776
786
810
853
857
863
871
870
892
886
909
917
896
908
917
897
901
901
943
891
851
834
832
823
839
851
847
852
839
837
834
838
857
848
820
814
801
776
768
757
750
733
731
731
757
813
857
956
972
934
926
875
823
807
778
765
752
741
740
755
788
815
849
862
848
850
829
819
813
800
824
861
954
963
988
911
861
839
834
828
848
853
872
901
944
958
935
927
912
886
854
837
817
812
801
777
753
750
752
745
777
792
820
818
801
793
795
801
810
837
881
946
963
937
940
921
891
894
876
849
864
858
841
814
806
804
831
888
875
885
901
860
860
848
825
836
854
845
860
868
875
873
875
895
886
876
870
857
872
868
857
876
858
854
847
837
858
840
854
854
854
845
820
817
811
797
808
789
765
765
751
739
733
739
752
780
858
955
949
965
908
879
854
818
814
810
831
822
845
870
874
884
892
896
877
867
849
820
817
825
847
875
903
900
880
863
862
854
862
867
849
845
835
829
811
799
787
788
803
794
780
772
778
778
797
798
800
817
860
851
848
849
834
839
839
821
828
841
849
855
854
873
877
877
883
874
869
849
845
833
813
804
800
835
849
902
922
885
901
868
849
845
836
858
867
851
876
880
841
842
854
845
859
859
853
855
857
837
838
842
840
849
843
827
829
824
847
818
825
830
808
812
802
798
775
768
753
749
733
710
723
702
707
699
698
704
729
777
814
843
844
842
824
807
805
799
799
802
813
822
837
839
848
827
825
813
806
794
779
778
766
760
757
757
778
812
848
862
838
834
828
843
848
872
874
862
865
854
849
861
850
865
858
845
851
844
823
816
818
821
813
822
829
842
870
871
878
888
890
891
907
904
880
883
875
849
853
857
849
869
883
854
863
870
846
854
862
853
868
882
849
852
837
813
815
809
838
836
839
833
832
799
802
778
769
759
750
744
739
736
719
730
722
717
719
708
714
740
779
809
820
819
820
823
821
818
823
828
826
833
837
815
794
782
778
765
755
764
793
791
780
781
789
815
816
792
787
781
781
775
789
809
859
855
883
898
869
845
816
785
775
762
751
744
741
753
781
799
827
858
905
892
880
867
846
827
820
837
835
859
875
872
902
935
933
888
875
871
834
848
862
852
885
880
851
855
854
855
865
891
897
887
902
939
909
913
938
933
963
924
911
896
860
854
842
846
900
925
896
927
925
898
887
865
854
832
804
794
783
779
766
756
748
741
751
783
826
847
871
869
852
848
848
819
838
874
874
901
905
895
912
884
858
853
835
804
802
815
818
853
876
857
870
863
845
865
864
824
821
808
790
776
777
788
798
830
841
876
903
907
877
889
882
880
857
856
854
835
844
853
839
833
833
860
845
864
852
843
838
835
818
839
857
834
865
887
885
872
861
848
821
837
845
842
852
874
928
874
890
882
850
852
845
815
825
822
815
813
813
839
845
865
869
854
861
871
864
875
884
870
844
822
814
785
782
762
751
744
740
728
728
719
717
711
714
721
727
744
758
745
740
738
740
736
743
755
758
769
792
828
815
811
817
818
804
786
769
765
750
768
775
808
884
940
945
940
915
900
893
854
847
836
855
856
876
930
927
915
879
859
836
822
803
813
866
882
899
938
969
918
896
862
832
824
835
840
866
901
922
940
936
882
896
890
855
873
892
879
885
891
898
889
884
865
837
815
799
774
752
752
747
742
751
767
776
779
775
772
763
752
738
727
714
702
690
688
693
729
781
809
844
904
879
854
837
813
804
789
791
804
824
856
882
875
886
884
870
892
887
863
862
858
883
860
874
887
923
892
896
896
896
901
907
920
909
914
902
892
886
908
908
913
912
921
937
920
951
954
895
922
905
871
887
893
883
916
957
940
938
917
879
851
837
844
841
880
898
888
889
884
856
821
811
796
802
802
826
841
862
864
867
876
877
868
871
888
939
904
927
912
885
892
897
886
899
903
909
952
966
944
933
884
879
846
817
838
845
942
977
974
915
877
834
804
783
771
742
756
731
738
720
713
710
721
753
826
879
897
896
878
833
799
769
756
736
724
716
716
731
744
835
887
895
915
900
874
874
875
850
832
821
812
813
843
844
878
877
904
892
899
935
897
904
904
897
896
872
889
911
916
951
910
890
881
890
882
882
881
870
894
945
919
941
913
895
876
852
812
786
771
759
757
758
751
744
737
730
726
710
706
689
677
662
678
658
675
684
697
766
847
941
956
938
893
880
861
846
844
847
835
838
842
845
854
825
822
800
813
848
833
830
838
838
841
828
845
836
838
840
853
856
869
876
865
851
867
859
870
874
879
889
917
917
932
929
936
917
903
906
900
919
930
927
941
899
880
877
883
884
876
881
855
852
844
828
800
781
778
768
767
752
741
740
765
827
820
804
785
766
753
742
735
730
729
735
789
893
875
899
870
854
838
813
831
812
816
830
847
850
837
840
826
822
841
836
848
885
892
904
886
851
831
837
838
853
891
871
888
943
907
902
891
896
902
901
927
912
930
942
904
924
922
878
878
888
886
907
923
934
944
978
985
955
951
928
927
902
853
860
873
846
861
855
834
823
809
818
830
848
866
877
860
912
947
914
927
923
908
909
905
882
883
883
881
887
899
914
898
939
961
921
909
865
831
813
797
780
767
759
748
761
762
761
784
758
763
775
758
772
767
761
750
741
736
729
727
721
720
719
722
732
762
824
872
912
954
981
951
940
906
882
883
851
836
833
850
848
867
910
908
901
887
876
854
851
842
859
845
822
826
874
878
908
959
939
914
884
876
866
896
930
947
974
956
977
922
912
914
900
896
890
897
899
901
924
895
913
938
930
963
968
953
964
974
948
963
945
949
949
950
952
934
900
915
858
843
847
865
865
894
899
874
886
902
874
877
866
873
895
925
941
899
873
840
832
813
795
774
765
758
752
768
796
813
807
813
839
836
840
857
831
826
843
837
862
878
859
876
883
848
826
805
809
841
842
878
911
879
897
896
854
849
852
851
851
855
885
864
892
906
891
887
867
878
861
862
878
848
862
855
842
847
821
811
808
789
778
761
762
750
740
731
731
735
749
758
752
761
760
749
751
743
734
725
717
714
710
715
732
755
800
872
956
967
963
932
865
848
828
814
803
813
823
842
898
869
924
948
904
923
920
893
909
909
910
902
864
868
848
866
864
844
851
872
885
899
937
950
950
972
952
949
940
914
927
956
954
971
965
975
960
925
923
906
895
912
922
921
912
913
927
922
898
900
908
911
938
930
930
961
935
957
944
919
931
933
945
963
935
935
927
882
896
903
887
935
950
978
966
993
966
947
934
914
905
919
942
907
926
902
843
852
844
848
844
814
796
777
773
754
750
744
730
727
735
745
768
798
836
877
863
842
809
799
784
765
740
761
725
732
723
712
708
704
731
814
844
820
803
787
771
760
743
732
722
717
722
775
807
794
772
762
759
742
751
744
736
730
717
715
704
699
707
716
768
818
889
1009
1045
1016
1002
949
899
872
862
849
855
858
884
876
878
902
891
918
944
942
979
982
949
982
994
951
967
970
938
969
993
960
949
942
931
886
869
896
926
901
935
948
928
923
931
948
925
922
909
894
908
906
884
885
892
885
903
906
909
914
888
853
849
829
831
836
841
840
830
833
821
815
826
834
822
816
838
911
910
877
879
866
851
824
815
817
820
831
844
865
847
803
809
782
783
767
756
748
740
748
791
838
868
873
860
853
841
824
805
787
768
770
809
831
861
918
964
898
898
867
841
811
789
765
759
745
736
731
729
725
714
712
714
708
730
781
773
765
757
753
748
741
744
756
793
839
913
974
952
938
914
897
907
924
909
922
928
887
877
879
844
837
865
910
908
876
832
813
795
778
759
763
763
783
807
827
830
843
854
857
839
816
817
824
837
840
858
880
899
948
919
918
923
876
865
821
864
938
921
887
864
839
816
789
788
767
753
757
786
892
980
1096
1047
1083
1042
1004
984
943
916
901
911
901
905
937
927
944
944
946
951
937
932
931
908
938
964
979
1001
993
963
968
942
930
921
928
950
960
967
996
979
992
960
911
906
877
858
839
834
823
813
798
781
774
763
753
746
747
771
819
835
815
817
824
869
923
910
938
953
912
907
903
892
882
889
931
907
948
957
909
888
872
838
831
817
833
858
869
900
959
973
940
948
959
919
939
950
936
987
964
948
958
976
973
990
982
982
980
937
944
924
925
921
897
898
895
913
906
902
899
854
859
856
880
879
918
928
918
900
877
867
876
858
885
906
922
912
921
926
880
877
884
860
878
897
908
885
881
907
899
934
945
950
972
969
962
978
988
959
961
959
949
961
974
969
973
973
994
952
954
942
916
903
900
911
897
925
938
914
922
900
868
845
823
810
805
787
779
780
773
774
766
776