1005
1076
1044
914
973
1045
1035
1053
941
855
901
1025
1073
1039
913
941
941
803
760
741
675
635
608
641
728
778
721
766
720
651
673
659
670
639
673
705
806
775
841
926
886
958
969
868
899
987
947
907
1007
933
951
1017
950
1034
1056
927
911
972
1045
925
788
887
1057
1009
931
1021
977
896
964
978
870
858
967
1038
1021
904
962
1023
1007
981
849
772
859
1095
1092
973
1101
1013
969
1006
930
896
1026
1034
936
998
1021
899
991
999
897
1045
960
944
1040
995
943
1023
990
914
968
969
868
932
999
899
988
989
896
966
975
922
813
896
902
833
1002
884
840
940
1001
951
845
851
997
1071
961
1067
1064
957
972
1016
918
825
904
1162
1038
969
1078
1059
927
1000
1012
936
853
1003
1059
1044
929
922
980
974
864
949
1030
1004
921
997
1033
906
881
975
946
838
957
963
813
806
1044
1081
956
965
987
926
863
993
1043
960
1034
999
911
971
903
820
998
1094
977
1098
997
890
892
891
855
805
730
787
931
950
843
848
907
862
753
744
801
849
768
784
828
787
788
841
793
735
745
760
765
683
673
689
765
804
776
729
726
780
879
869
782
710
702
822
952
994
965
830
745
709
751
894
851
811
911
951
914
803
907
938
804
704
685
663
774
813
754
888
876
856
1005
999
886
851
870
887
894
815
914
923
867
1006
984
887
784
855
985
990
974
1041
1025
939
990
1067
1038
941
1005
1104
1094
977
1045
1079
987
862
945
1037
1055
1011
935
1042
1043
896
861
904
891
804
916
1093
1073
944
1010
990
959
854
789
921
1126
1098
1072
938
912
979
1036
1032
1005
994
895
774
849
1085
1079
864
996
1062
888
931
941
892
746
773
958
953
979
1070
1065
966
937
998
1049
959
1038
1157
1169
1043
1120
1061
964
1036
1061
1021
1035
1108
1042
987
1034
1087
1064
1020
1006
927
817
805
1123
1180
1060
909
994
1041
961
829
847
933
947
871
991
1076
972
945
1040
997
885
970
1051
919
1012
1037
1002
867
946
1069
1064
957
906
973
987
927
811
799
856
1027
1107
1046
906
888
936
979
940
833
766
896
1024
977
1132
1046
915
982
997
828
843
1015
905
1020
1085
938
1030
1040
915
934
932
925
907
851
970
1049
1012
921
950
984
938
780
798
1019
1025
883
1022
1029
902
1018
975
835
869
884
825
970
1021
931
1007
995
897
916
895
782
833
872
829
729
738
805
886
907
1007
944
862
887
841
767
805
849
776
865
946
1007
939
822
763
804
925
880
831
977
989
902
813
881
901
869
760
708
675
774
979
859
724
765
922
904
818
854
878
774
788
891
885
807
888
898
929
887
791
785
956
1031
933
888
940
997
899
943
956
932
813
910
966
941
837
852
992
965
906
1010
981
887
944
975
845
910
952
857
891
945
834
936
1034
928
977
989
859
917
902
803
889
1001
902
1004
1024
870
918
930
825
862
953
923
888
1050
1027
895
929
911
826
854
960
991
966
852
868
929
892
869
999
1013
922
949
953
856
905
992
928
967
976
883
922
957
881
787
853
947
846
828
898
967
925
894
925
889
846
928
867
770
790
897
949
908
758
762
820
903
828
731
717
704
701
653
653
670
673
632
634
646
619
593
613
612
595
609
585
628
595
576
570
566
546
547
540
521
516
513
499
497
502
505
506
496
490
496
500
503
496
488
490
492
504
556
634
698
734
735
756
726
729
703
720
712
706
678
729
765
755
700
741
825
809
818
797
801
767
800
822
809
759
710
652
641
654
711
760
770
767
756
709
755
795
825
777
753
812
849
871
819
749
676
660
750
933
957
902
804
740
720
816
908
895
836
771
778
846
938
947
942
845
831
843
865
866
778
729
707
747
835
903
885
802
797
747
704
656
644
635
708
876
807
892
952
835
842
866
893
848
752
724
756
854
872
853
832
828
868
887
977
836
722
703
715
784
869
893
886
924
913
929
900
867
893
935
963
1060
1048
982
932
835
705
669
687
766
745
837
840
740
748
701
721
719
698
704
658
689
666
691
707
740
745
726
723
661
644
654
708
790
727
703
761
829
841
788
748
746
747
762
790
741
711
697
702
690
742
797
844
828
814
774
724
652
636
643
661
646
646
660
634
650
659
688
701
711
697
664
635
619
604
594
641
653
649
745
899
799
746
923
871
751
745
714
787
865
864
741
705
685
656
636
664
738
840
827
856
852
845
810
865
856
769
766
799
852
836
857
817
766
766
728
743
806
905
941
885
907
935
916
853
854
877
924
943
915
851
776
784
813
778
823
902
910
875
895
873
825
700
692
708
706
684
658
669
685
697
686
711
743
712
697
729
809
836
773
734
686
731
788
718
715
771
811
812
770
795
791
776
795
817
790
815
837
830
756
768
752
730
688
727
691
675
683
643
627
633
647
658
618
609
626
612
593
610
623
613
588
584
602
571
557
545
555
566
604
577
565
562
560
546
540
554
588
604
610
643
674
657
638
626
628
669
695
750
660
638
652
681
677
642
631
638
654
663
610
586
602
648
729
756
713
692
711
688
617
584
563
560
558
557
569
628
676
651
644
725
789
668
623
604
591
578
574
555
551
565
632
715
787
718
641
592
551
538
528
519
521
518
515
510
506
505
509
499
498
494
487
488
490
486
487
489
487
482
482
482
477
476
476
476
487
480
472
476
479
478
473
472
475
469
467
467
461
469
470
474
487
483
479
478
478
480
483
484
486
487
479
474
471
471
472
474
482
482
478
479
478
479
488
486
485
485
480
482
479
474
466
466
462
463
464
459
458
462
461
453
459
455
460
463
457
453
454
453
451
454
456
458
456
454
449
449
447
448
443
440
439
440
433
438
442
443
452
451
452
448
446
451
453
455
455
454
450
455
455
449
446
448
446
445
440
438
437
433
439
438
433
429
435
434
430
431
437
437
437
433
442
454
448
445
443
444
437
437
439
446
460
473
472
466
465
457
453
440
443
433
434
431
432
430
428
430
442
433
432
442
449
448
447
450
447
451
439
444
438
434
434
433
432
436
438
438
436
444
453
469
470
470
460
459
453
454
446
444
439
434
437
438
443
437
433
438
441
440
438
437
441
441
439
442
438
443
446
442
438
444
441
446
441
443
450
443
438
444
442
441
438
441
442
438
434
441
439
433
432
433
429
428
423
427
433
431
437
434
444
435
432
438
443
439
434
439
439
438
438
435
441
436
442
446
446
441
437
438
443
439
443
436
438
437
437
448
446
440
443
443
446
442
438
440
432
426
428
434
438
444
440
444
439
443
449
450
444
444
441
441
440
433
431
434
426
431
438
436
430
424
426
428
430
432
426
425
433
429
436
434
434
430
428
427
421
423
417
419
422
417
418
416
421
425
425
425
421
419
424
425
423
427
424
427
433
431
440
442
441
437
434
438
444
441
443
439
441
445
454
461
455
450
452
454
446
442
444
439
445
441
443
436
438
441
438
432
429
431
433
434
434
432
437
437
435
436
434
433
432
436
430
432
430
431
429
427
424
424
428
426
427
425
435
432
443
435
427
426
425
426
423
424
426
426
422
423
426
429
426
422
418
424
424
432
428
428
427
429
428
435
439
448
434
433
431
436
429
430
431
431
436
427
428
428
433
427
426
428
431
428
423
423
430
428
429
429
427
429
425
424
423
418
422
417
418
415
416
419
416
419
417
420
426
418
418
420
421
427
422
421
427
426
430
428
425
423
427
424
424
421
427
427
427
432
430
432
429
431
434
438
428
428
427
428
423
421
418
420
419
420
411
411
418
419
424
434
440
443
430
432
435
432
437
428
426
426
426
419
422
419
419
423
420
419
419
419
420
420
418
417
421
422
416
415
414
417
420
415
412
414
415
421
412
413
411
415
419
416
413
417
418
421
419
418
422
423
421
423
417
422
422
426
421
419
422
426
424
425
426
427
428
425
425
428
428
427
423
425
425
426
424
428
430
430
428
427
428
433
426
427
426
429
422
422
425
428
422
422
419
419
420
416
416
415
418
416
417
412
412
415
412
417
415
419
421
420
423
420
417
422
424
421
421
420
420
425
430
425
421
422
423
425
423
421
418
423
423
421
411
414
416
417
407
402
402
406
406
410
409
408
407
408
413
415
412
412
412
412
416
411
408
413
408
408
411
407
403
403
406
408
406
407
409
414
420
425
426
426
431
444
453
450
440
437
432
431
438
452
478
500
519
540
515
497
492
499
494
480
474
483
505
501
499
515
545
560
546
535
542
558
539
520
512
519
525
531
520
511
515
545
604
597
570
553
562
580
589
553
535
531
543
553
554
539
523
535
566
611
603
569
560
579
608
588
559
550
542
528
526
547
554
546
533
554
595
646
607
586
599
626
614
571
555
577
625
646
612
611
645
669
624
601
611
634
664
621
583
569
588
617
593
571
589
616
647
590
571
578
592
592
575
568
580
625
640
600
588
616
605
574
579
598
604
603
564
553
555
564
582
600
577
581
616
649
604
587
596
598
574
565
561
581
607
589
568
551
559
570
563
550
548
561
556
543
535
552
547
532
526
531
545
542
534
531
535
547
537
530
529
533
556
575
579
550
538
536
544
547
528
527
532
547
555
556
556
585
607
600
572
564
572
571
545
537
538
552
546
547
550
569
581
559
548
558
570
558
538
533
543
536
546
591
636
624
638
671
631
618
626
611
580
577
572
586
579
558
552
564
585
572
564
578
590
574
565
576
581
560
560
569
585
561
554
554
559
580
578
562
573
592
610
584
578
586
600
573
559
561
569
563
555
554
565
570
559
560
569
600
603
617
600
617
619
599
568
567
557
553
531
536
551
591
597
648
715
724
659
665
646
621
593
576
589
602
587
575
576
569
553
550
581
611
599
610
629
616
606
615
588
546
526
522
509
519
516
509
512
504
499
501
496
497
493
500
488
489
484
481
480
482
479
478
474
479
474
469
473
471
466
463
465
461
462
461
458
462
467
467
465
464
468
469
466
466
473
468
473
474
471
471
475
474
470
469
460
461
461
463
466
465
466
467
465
462
460
459
460
464
462
464
464
467
468
474
473
476
474
475
471
471
468
469
472
467
468
469
468
467
463
464
460
463
463
462
471
472
464
464
463
456
461
459
463
465
463
462
464
469
471
469
468
461
457
453
456
448
455
459
460
455
457
457
455
456
450
448
448
447
448
441
438
441
438
438
436
435
432
432
426
428
434
431
431
431
431
438
437
441
441
446
447
447
445
438
435
440
436
439
447
448
446
442
445
449
446
443
447
446
442
446
448
453
448
450
450
453
450
448
451
453
446
453
451
457
453
454
458
448
454
458
457
453
458
453
456
456
457
460
448
448
442
443
436
438
441
444
441
442
444
449
446
445
449
448
447
450
458
460
458
467
469
459
458
465
470
470
466
468
469
479
485
479
493
491
486
479
475
470
476
474
470
474
467
469
470
471
463
464
473
466
461
463
462
454
456
464
468
481
474
471
471
471
473
477
463
461
454
457
457
450
458
456
468
468
481
477
458
464
464
452
452
452
447
442
441
438
439
435
436
440
433
436
429
432
431
431
430
429
429
438
434
432
432
432
435
435
436
433
438
439
442
442
440
438
442
438
441
443
440
444
440
443
439
440
436
438
443
440
440
438
442
447
447
443
443
448
446
442
443
451
453
448
454
455
452
453
451
451
449
444
446
446
438
435
433
433
430
429
434
438
444
438
443
447
446
445
439
444
446
444
442
446
448
449
451
450
449
451
450
450
448
451
441
443
444
445
442
440
445
444
445
443
444
439
442
441
439
438
437
442
443
443
445
453
459
467
463
459
453
455
452
441
449
447
445
448
455
466
464
464
464
471
493
513
505
491
493
495
494
481
478
484
490
491
486
491
500
512
501
499
502
514
496
494
492
506
506
501
500
512
515
510
497
486
473
462
462
475
497
537
564
567
563
535
520
515
511
496
483
479
483
497
522
533
521
513
511
518
528
526
509
498
494
493
492
486
482
490
504
503
496
510
523
536
521
518
521
536
532
521
517
512
511
506
507
495
489
489
500
513
502
498
500
514
520
505
504
513
515
506
510
531
542
530
527
522
533
509
498
489
499
505
513
507
500
503
524
549
555
538
532
537
547
547
528
520
516
527
535
521
514
513
518
500
500
501
511
511
501
497
500
512
523
524
519
544
561
550
554
563
555
531
514
510
509
498
497
509
530
527
525
534
554
554
550
554
553
521
518
519
520
509
504
508
512
504
489
488
495
518
512
513
514
532
532
521
519
519
515
501
493
484
483
482
492
507
507
508
528
534
515
519
525
514
503
500
506
525
529
518
511
510
513
527
525
517
506
503
504
502
495
493
495
500
485
481
480
488
503
514
518
529
551
543
539
552
549
549
532
528
548
565
553
545
545
549
521
521
521
519
516
506
511
524
522
517
510
517
528
549
533
521
510
506
509
515
534
540
530
535
547
574
611
576
560
552
553
544
520
518
521
541
563
547
546
546
542
525
521
512
516
525
562
574
548
534
525
517
503
495
492
500
516
514
511
515
532
550
530
521
517
520
527
512
512
511
516
499
506
504
506
494
501
509
513
501
497
494
496
492
485
487
495
497
505
491
486
481
482
487
486
474
475
473
476
473
474
471
473
480
473
469
465
469
477
491
479
473
470
479
486
478
478
479
496
501
495
490
492
500
490
483
479
478
484
475
468
463
464
463
461
453
449
452
455
456
455
460
471
472
468
472
475
470
468
470
463
459
456
456
464
451
461
450
446
447
449
451
447
451
457
451
457
451
458
455
463
455
458
457
454
452
451
451
448
450
453
457
458
458
468
475
471
465
471
479
489
482
486
492
496
488
488
499
484
484
477
480
476
469
464
462
461
466
464
469
468
471
455
453
450
459
458
460
459
465
480
493
482
482
483
502
487
480
471
464
462
467
471
468
465
460
464
466
461
461
462
471
469
468
476
471
474
463
458
455
456
460
468
474
479
475
468
459
460
456
455
454
460
460
465
468
472
476
479
481
480
494
487
483
492
481
476
479
472
467
460
457
450
454
448
442
440
447
450
455
458
457
458
460
466
463
454
454
452
451
448
439
439
435
435
435
440
445
457
460
462
465
467
462
455
452
449
441
442
441
439
437
445
438
444
442
449
455
455
450
449
446
445
445
444
443
442
443
443
447
442
450
446
447
448
444
448
446
447
444
448
443
448
449
447
447
448
448
449
456
454
454
454
457
453
445
445
444
441
438
438
434
437
438
434
432
437
438
438
438
439
438
432
432
424
425
423
421
417
417
419
419
424
425
423
425
435
436
438
435
438
436
436
434
440
441
449
439
433
431
429
427
424
424
422
419
423
421
420
421
420
419
421
417
419
418
414
415
416
415
415
420
426
430
427
425
423
421
420
422
421
424
426
421
426
421
426
425
424
425
419
417
416
409
411
410
410
412
411
413
414
419
416
418
419
419
420
418
413
411
415
413
417
411
410
412
415
415
412
410
409
413
417
415
417
413
414
413
413
412
415
412
412
413
414
421
418
416
418
424
422
425
421
419
421
419
417
415
414
412
417
420
418
420
422
423
423
420
422
423
417
420
419
830
420
418
419
417
416
418
418
417
415
412
413
410
404
405
406
406
403
399
403
409
407
411
406
407
404
399
406
407
406
411
423
420
419
419
414
413
408
407
409
405
402
403
404
399
402
404
404
401
401
408
409
409
410
408
413
413
416
417
420
415
407
406
406
405
403
403
402
407
406
408
409
404
408
408
409
406
405
403
404
402
396
404
404
400
402
399
397
396
398
399
393
395
395
401
395
396
397
393
394
397
397
400
401
396
394
396
396
397
396
400
400
404
400
407
410
410
410
412
416
415
417
418
416
419
421
419
420
419
421
420
420
413
412
406
406
405
407
409
405
406
413
415
413
409
409
412
416
421
411
410
411
414
410
413
401
404
409
404
404
403
401
401
396
402
400
400
401
399
397
399
401
397
396
393
390
391
392
390
389
392
392
393
391
395
395
398
393
397
396
397
392
389
391
393
389
392
391
392
384
390
385
387
385
385
388
391
393
394
394
396
394
398
399
391
394
394
392
394
396
393
391
392
393
391
389
392
394
392
394
389
388
389
391
389
388
388
390
390
389
388
388
389
388
394
391
391
389
389
388
389
386
386
389
388
386
383
382
386
385
385
386
384
386
387
384
388
386
389
390
388
393
393
389
391
392
396
385
392
393
388
388
389
390
390
385
391
392
389
390
390
390
385
385
386
387
383
379
380
380
379
375
378
378
378
377
379
377
379
378
385
382
385
379
382
382
378
379
381
383
385
384
384
385
383
383
382
383
377
376
381
378
379
379
376
376
377
374
375
377
376
370
373
374
375
373
367
370
370
369
370
371
369
367
368
368
372
373
374
372
379
374
381
380
379
377
375
379
374
373
376
375
379
381
381
377
377
381
375
378
380
377
382
382
381
380
378
376
375
376
373
374
375
390
354
375
375
373
373
375
375
374
374
373
372
373
377
375
377
378
375
379
376
377
379
378
379
378
380
382
380
377
380
378
377
374
375
375
369
371
370
367
371
368
367
366
370
369
370
372
372
376
372
372
371
368
370
367
369
371
372
377
371
370
373
373
375
368
371
370
372
365
367
367
368
369
369
366
368
369
365
366
368
369
371
370
367
371
374
375
371
368
371
370
369
367
363
365
363
366
366
365
362
365
365
366
367
369
364
363
364
368
365
369
365
362
364
366
367
366
369
367
370
371
372
367
370
368
369
366
366
368
369
368
368
370
364
364
365
365
368
363
366
372
370
369
369
370
372
367
368
370
366
367
369
365
362
361
366
364
367
359
363
363
363
361
365
365
365
364
365
369
367
363
366
363
362
362
359
362
362
362
357
360
358
358
360
359
357
356
357
356
354
354
356
355
356
356
358
355
356
355
354
357
357
356
355
356
360
358
358
358
357
365
358
355
360
355
357
356
354
356
355
354
354
357
356
357
360
361
368
368
363
367
366
366
364
363
366
363
364
366
366
365
366
361
365
366
363
358
360
359
362
358
358
362
364
357
357
361
361
360
363
358
361
361
363
363
361
362
360
361
360
362
359
356
356
353
354
350
353
354
353
350
353
352
354
349
348
348
353
351
350
354
348
350
349
352
352
350
348
351
352
349
353
351
351
350
354
354
351
347
351
350
353
351
348
347
352
347
347
345
343
346
348
345
346
346
349
345
348
347
347
350
348
348
347
351
351
346
346
346
347
345
344
349
348
350
348
348
353
353
351
351
353
353
350
351
354
354
352
351
348
349
351
351
354
352
354
355
353
352
355
352
354
350
348
352
350
353
347
347
351
350
345
348
349
347
345
344
348
348
348
349
345
348
349
346
347
346
348
349
348
347
346
348
350
347
347
345
346
350
342
345
343
345
345
346
344
345
345
345
347
348
350
348
352
351
349
347
349
344
348
344
348
345
343
345
344
340
341
341
344
342
339
338
340
339
341
337
339
337
338
338
337
334
333
333
334
334
332
332
331
335
334
333
331
335
333
332
333
331
336
331
331
333
333
333
331
329
330
332
330
328
327
330
331
328
329
325
331
328
329
324
326
329
328
325
324
322
327
325
324
322
325
324
324
320
324
323
323
323
322
320
323
322
325
320
323
322
321
323
326
323
322
317
327
321
326
321
323
325
326
325
327
330
329
329
329
330
333
332
329
328
330
329
330
323
327
326
329
327
325
327
322
325
323
325
326
321
324
325
326
325
326
327
328
329
326
328
329
660
328
330
332
332
332
330
333
336
333
330
329
332
328
331
329
326
326
329
328
326
330
324
323
328
327
328
325
324
328
327
329
325
324
329
331
324
325
324
327
329
326
322
323
325
326
323
324
319
324
322
320
322
323
321
324
319
320
322
321
321
319
321
321
321
320
319
320
319
324
322
318
316
323
320
319
320
317
321
321
323
316
319
323
319
323
323
963
318
321
324
317
320
316
323
317
319
317
317
319
315
315
316
313
317
316
315
312
314
314
317
315
311
313
317
316
313
314
315
314
313
314
313
315
313
313
311
312
313
314
312
315
311
311
313
314
316
313
313
315
318
314
313
315
312
316
315
313
313
314
317
313
313
316
312
630
624
313
313
312
313
314
314
313
313
312
317
317
315
312
313
314
313
314
316
313
317
313
318
317
315
316
315
319
317
313
318
314
312
314
315
315
312
313
315
313
313
315
311
313
315
313
313
311
311
315
312
315
313
310
311
317
313
314
313
314
314
313
311
313
315
307
311
308
313
310
308
309
313
305
309
310
313
307
307
311
313
312
306
307
315
311
312
313
310
313
313
310
311
310
313
312
312
308
312
311
311
312
311
311
308
309
311
313
311
310
313
313
313
309
317
315
313
313
314
315
314
312
311
311
314
312
311
311
312
308
313
309
313
313
312
312
309
312
313
311
313
312
312
315
311
313
311
315
314
313
313
314
311
314
311
309
312
313
308
310
312
312
309
311
309
313
313
310
311
311
313
309
310
310
313
309
312
307
312
312
310
312
309
294
321
310
305
309
311
308
308
308
312
307
309
306
311
312
308
302
310
312
308
307
307
313
311
307
309
310
616
306
308
310
309
302
306
310
307
309
310
306
305
312
303
312
308
307
311
308
303
305
308
306
304
309
305
311
310
303
305
308
305
307
304
308
307
306
302
304
306
304
300
304
308
302
303
303
308
302
304
300
310
306
304
306
307
308
302
301
306
305
303
305
303
308
306
304
304
304
304
306
302
309
306
307
300
303
305
302
304
300
304
607
296
306
306
302
305
302
303
307
305
307
303
303
302
305
305
300
305
302
305
306
302
298
303
305
304
301
301
303
305
301
298
301
303
302
297
302
301
306
598
301
302
302
298
305
600
300
300
297
301
295
299
303
299
299
298
307
297
305
295
300
304
300
299
298
299
301
298
295
299
303
300
295
297
304
300
297
294
305
301
298
298
302
301
298
301
294
302
297
298
297
302
298
301
296
300
301
305
302
297
298
305
302
299
299
303
302
300
300
306
601
296
299
301
299
297
301
301
300
296
301
302
302
299
295
302
302
296
299
302
301
298
298
303
298
302
295
300
299
298
295
299
298
301
295
293
306
296
299
292
305
297
596
302
299
295
294
299
299
298
296
295
301
299
296
293
303
297
297
297
302
297
297
297
298
298
296
294
298
300
297
293
298
298
298
295
294
300
299
294
295
299
297
297
298
594
298
296
295
295
294
297
295
298
293
297
301
295
295
296
300
295
298
295
300
588
292
299
294
294
298
299
297
293
296
297
297
299
295
294
300
888
296
295
296
295
296
294
293
297
297
298
291
292
302
297
291
288
303
294
294
291
301
292
292
292
297
296
295
295
296
294
296
294
589
296
294
292
299
293
292
294
292
590
297
298
292
288
304
296
291
296
297
295
296
288
297
296
291
292
296
296
296
291
291
299
294
292
292
298
294
292
292
299
294
290
289
297
297
293
291
297
297
585
297
881
296
291
473
405
291
292
293
297
587
589
587
588
590
585
296
292
292
292
295
295
296
285
296
297
292
293
293
297
290
292
587
290
289
294
297
295
290
290
297
292
292
290
298
294
287
289
295
295
294
290
299
289
292
296
290
295
286
296
295
293
289
295
294
291
293
296
291
417
461
293
288
292
294
294
287
297
292
291
293
295
296
291
295
291
300
293
296
294
302
296
296
299
297
305
296
300
301
297
303
300
304
300
303
298
306
307
303
306
302
310
307
307
307
310
312
306
310
311
311
305
311
309
313
306
311
311
313
310
313
314
310
318
313
314
311
317
320
316
314
319
320
316
316
318
318
317
315
314
321
325
323
321
319
320
318
323
324
321
318
326
324
321
325
322
325
325
323
330
322
333
326
328
328
327
334
335
331
334
341
342
336
338
338
337
336
336
336
330
342
335
336
337
340
335
335
337
333
340
334
339
338
339
336
342
344
349
349
346
352
349
354
353
352
360
353
350
357
358
356
354
355
361
356
355
354
355
362
366
365
367
376
377
378
381
380
379
381
378
378
377
377
378
377
381
375
377
376
376
374
372
379
374
371
373
379
377
375
385
381
384
381
391
383
386
381
390
393
383
384
384
387
382
384
380
389
382
385
392
390
396
396
400
407
406
406
407
411
408
405
409
405
402
404
402
402
402
404
403
403
409
415
405
406
409
404
401
410
397
396
407
401
397
397
399
394
391
399
399
399
400
400
400
405
408
403
404
414
410
415
418
415
414
420
412
413
410
411
416
410
405
405
409
408
408
415
412
415
424
424
425
428
434
431
433
438
435
432
437
438
435
424
428
431
431
428
430
438
430
435
443
441
442
445
446
447
450
452
449
438
436
433
428
427
428
422
422
430
429
430
435
435
441
439
440
441
449
441
439
441
440
436
432
431
432
435
434
439
429
428
433
426
422
425
425
427
424
424
427
422
418
416
420
419
418
419
417
412
409
414
414
415
414
417
417
416
417
411
411
416
407
407
413
413
419
420
418
421
422
428
425
433
438
433
439
443
439
441
444
450
443
443
447
439
441
447
442
447
451
450
453
452
454
459
449
454
452
455
455
448
445
451
452
457
451
447
450
455
448
454
456
463
468
460
467
465
467
470
476
471
476
483
477
480
479
480
480
477
480
479
476
471
471
469
465
464
467
464
468
475
472
478
479
478
488
480
483
483
481
470
469
468
463
457
460
459
459
464
466
472
478
476
483
479
484
482
481
482
475
475
473
476
478
472
478
480
474
478
474
472
476
469
476
476
468
468
465
470
463
461
463
466
469
472
471
460
460
464
464
463
461
460
456
449
447
449
449
450
453
447
451
455
458
460
462
460
461
455
451
443
440
444
444
442
445
447
448
453
453
449
440
442
448
441
442
444
445
443
449
462
454
462
465
473
469
475
477
477
479
479
478
480
466
468
468
470
455
459
459
454
456
458
461
464
464
470
466
463
471
462
461
464
466
467
463
465
461
461
459
455
452
449
444
443
435
434
433
431
435
438
438
443
446
448
455
453
454
453
448
441
435
438
436
431
438
442
433
433
445
449
452
458
461
462
454
459
452
452
455
450
454
457
453
459
466
470
475
474
479
485
484
481
484
488
480
480
479
476
476
473
477
472
465
462
464
468
460
460
464
458
455
454
455
455
451
456
460
466
462
464
470
477
478
473
475
472
467
470
469
470
475
479
483
490
487
489
489
488
486
481
482
477
477
478
480
487
488
489
494
497
485
486
481
482
472
473
473
472
469
468
471
471
472
479
482
483
489
496
489
497
499
493
498
499
491
493
494
486
490
491
487
479
484
480
476
475
475
475
473
470
469
469
473
466
464
470
471
472
476
476
477
480
483
477
480
480
482
479
480
482
483
479
480
481
483
475
481
482
479
482
485
483
483
485
488
488
482
483
486
484
480
481
486
478
480
483
477
481
483
480
480
485
480
486
484
476
479
482
479
477
480
475
476
480
476
478
481
479
482
487
485
489
494
487
494
496
487
473
479
472
474
475
465
468
471
467
471
467
473
478
476
477
481
479
479
480
473
477
476
477
478
474
475
476
472
468
469
476
471
478
483
482
493
497
496
502
505
493
501
499
496
493
495
488
485
485
482
479
478
475
472
471
476
471
478
480
481
481
485
489
481
484
481
475
472
474
469
466
462
462
458
459
463
459
464
469
466
472
477
478
483
483
486
488
487
491
494
489
493
485
488
490
479
484
484
479
480
482
480
476
481
483
480
479
479
483
479
481
481
482
484
485
486
485
486
487
479
478
479
473
475
479
477
479
470
466
468
468
466
463
463
463
469
471
476
479
487
483
488
493
491
487
482
484
483
477
479
480
478
477
480
482
480
483
487
483
479
480
487
479
486
490
486
488
490
492
489
492
493
489
490
489
482
483
482
480
481
476
476
478
474
471
474
477
479
479
486
492
489
495
499
495
496
497
494
491
490
491
485
485
488
481
484
484
486
490
481
482
482
480
479
480
484
479
482
484
484
482
480
482
480
481
486
485
487
491
496
491
495
496
488
493
492
489
485
484
487
484
487
487
484
483
483
487
492
497
495
497
499
503
504
497
493
491
491
486
485
486
487
487
489
486
485
487
484
479
479
481
479
481
489
494
494
499
507
503
506
507
502
499
501
496
494
492
491
486
486
486
478
477
480
473
476
478
481
481
487
493
492
497
501
500
498
501
497
491
492
491
488
490
491
485
487
489
484
487
489
487
485
491
488
492
497
492
496
496
490
492
492
483
484
479
476
475
475
474
476
474
475
476
479
480
485
489
489
496
497
495
496
493
487
487
486
479
481
480
474
473
471
468
467
468
469
467
471
474
476
481
485
487
491
494
491
492
494
486
490
489
485
490
491
487
485
487
477
479
476
470
473
476
475
468
466
472
464
464
470
474
476
479
481
488
493
493
488
489
481
481
479
474
473
471
476
468
468
471
476
469
473
479
479
479
479
480
484
488
491
489
491
486
489
485
488
492
484
488
485
488
484
476
475
477
474
476
476
476
476
482
479
483
487
487
488
489
488
483
483
476
479
481
478
479
480
483
479
482
486
479
487
489
486
492
496
493
496
502
501
498
493
491
490
487
486
489
487
488
484
486
485
486
482
482
483
484
480
485
488
486
490
493
492
494
494
489
487
489
483
479
477
475
470
469
475
473
476
485
496
501
513
517
512
521
521
515
516
517
503
500
500
500
496
496
497
495
494
494
486
487
486
482
483
483
479
479
479
477
478
483
483
487
493
495
498
503
505
505
503
494
496
495
485
483
483
485
480
479
482
481
478
479
482
486
480
485
488
491
486
487
492
494
492
491
493
483
481
482
480
482
477
479
485
482
486
488
494
486
491
490
492
487
490
491
485
482
481
479
479
473
476
482
477
479
486
488
488
491
493
493
493
490
494
400
566
478
479
476
477
479
475
478
473
478
472
476
476
481
484
484
493
500
507
510
511
511
513
513
511
504
511
504
507
514
505
505
509
499
498
501
508
512
507
508
510
516
524
531
541
538
530
533
538
530
530
542
535
532
532
536
533
528
530
523
521
517
509
499
496
499
497
492
492
493
499
503
508
514
533
563
602
600
604
615
623
627
597
589
577
571
571
556
554
553
558
568
568
581
603
599
612
618
600
583
587
580
565
561
558
559
562
558
558
563
568
578
585
590
577
577
578
579
575
569
572
580
588
578
577
580
582
578
571
558
559
559
552
546
546
549
553
544
546
551
553
555
554
560
571
579
574
571
570
577
580
584
587
576
576
580
585
591
598
588
585
585
588
603
622
645
650
649
645
620
606
590
587
588
592
602
600
596
593
601
616
630
619
619
621
620
612
593
583
578
579
583
594
595
588
588
596
605
617
610
600
598
600
594
575
572
569
567
571
582
594
587
592
601
618
635
642
641
648
646
633
616
612
613
616
608
609
620
635
640
633
646
649
647
644
623
612
608
607
612
610
629
648
677
668
663
673
671
646
634
629
628
621
612
619
631
644
645
663
684
708
685
670
673
659
637
618
619
623
642
649
669
700
710
683
687
684
661
636
625
623
619
605
604
611
624
654
646
654
671
684
678
652
625
619
615
616
612
609
624
636
640
647
665
680
657
642
643
639
628
613
617
629
641
639
643
648
653
638
635
636
633
625
609
610
613
618
617
633
652
682
681
675
682
679
654
647
641
637
629
616
626
645
672
669
675
673
667
640
627
628
628
626
607
601
596
590
584
576
582
590
599
599
595
605
623
633
646
654
635
634
636
636
627
615
625
630
624
617
630
638
632
632
646
655
644
630
621
621
619
616
615
619
606
599
602
612
625
647
668
652
646
635
626
623
626
634
639
639
638
634
626
617
599
584
573
569
574
589
620
655
673
690
669
660
644
639
650
666
672
671
642
625
611
608
605
606
613
621
629
636
641
628
618
608
603
598
605
621
647
676
692
670
649
633
621
618
622
629
640
648
647
647
647
627
613
604
603
610
630
664
694
713
730
727
712
662
632
608
593
578
582
616
668
719
763
788
781
756
726
701
660
636
618
609
610
620
638
663
681
691
692
682
654
634
618
615
619
633
657
690
709
713
718
715
691
657
638
617
605
604
620
654
699
739
751
747
716
675
652
631
622
620
632
642
654
663
664
670
668
664
640
620
603
592
584
583
594
634
747
833
861
847
804
755
726
676
642
616
601
587
584
594
616
647
681
701
715
719
719
691
660
627
602
584
572
573
585
612
657
694
702
720
713
708
668
642
623
609
601
600
605
616
628
641
647
651
661
661
655
644
620
605
594
588
588
595
621
659
708
739
750
743
720
692
668
629
606
588
572
567
574
601
642
652
654
701
730
680
653
634
622
624
637
648
656
659
660
654
654
639
616
603
594
591
604
642
704
757
777
757
721
675
647
626
623
629
646
673
700
713
711
701
688
653
629
609
600
601
620
665
714
731
696
676
668
677
685
688
688
670
647
629
614
609
611
623
655
677
696
710
669
655
643
651
662
670
674
677
649
627
611
601
602
614
641
684
700
682
664
675
690
729
738
687
675
678
681
667
636
625
618
622
633
656
673
659
637
620
621
603
590
596
609
591
589
595
594
574
569
568
558
554
557
551
544
543
531
523
523
504
507
502
497
494
504
506
504
509
530
560
650
681
668
632
625
614
582
572
567
564
565
567
566
569
566
560
552
546
536
528
532
534
551
580
619
638
641
635
626
642
646
638
624
611
597
583
573
563
548
547
550
541
550
560
571
586
577
585
599
612
620
625
613
624
631
618
603
594
583
570
561
554
550
552
563
556
561
583
622
646
664
655
622
600
599
599
606
602
606
621
589
582
577
588
581
588
595
605
609
606
612
616
620
622
619
604
600
598
599
601
598
592
1146
565
560
573
587
609
626
630
608
613
617
599
570
572
580
596
620
652
662
646
632
620
619
625
622
612
607
602
595
591
590
585
574
577
600
641
693
698
675
643
632
625
606
598
595
588
575
559
555
562
566
573
586
607
625
640
635
648
650
651
628
621
616
604
591
586
584
583
577
569
571
570
565
574
615
643
645
640
638
628
617
605
592
593
590
593
594
602
602
604
624
652
645
645
653
643
628
614
614
605
603
594
591
582
591
599
594
614
637
636
641
654
666
651
639
635
627
608
606
610
602
616
635
639
661
687
687
668
662
663
663
656
650
620
606
582
575
562
555
561
563
599