1069
1036
1006
1039
1109
1138
1133
1079
1043
1112
1140
1152
1192
1169
1077
1043
1174
1401
1315
1284
1197
1122
1079
1063
1126
1356
1313
1229
1172
1091
1105
1253
1319
1323
1273
1258
1208
1165
1154
1122
1084
1172
1317
1339
1245
1131
1086
1152
1204
1243
1169
1085
1050
1092
1229
1193
1139
1097
1114
1148
1123
1112
1073
1054
1093
1173
1193
1132
1050
1070
1107
1142
1112
1076
1081
1155
1149
1127
1085
1029
1057
1098
1112
1109
1069
1047
1022
1087
1106
1130
1139
1032
1049
1098
1054
1028
1002
1011
1038
1056
1073
1087
1056
1059
1027
1073
1150
1147
1162
1108
1078
1131
1150
1141
1080
1126
1256
1325
1190
1106
1054
1092
1093
1067
1018
990
1015
1105
1202
1171
1101
1115
1116
1169
1187
1069