1011
894
962
973
973
902
942
1008
990
914
978
1008
951
908
967
981
937
875
931
981
937
842
827
851
915
880
830
859
844
896
885
914
870
846
868
885
916
860
881
882
896
839
840
845
850
833
869
949
1001
876
934
933
883
880
916
965
899
903
934
958
875
886
895
922
866
912
964
963
869
911
939
934
887
949
981
966
901
933
962
917
857
891
900
858
841
863
870
867
819
842
847
870
824
822
841
865
863
819
835
847
868
831
824
840
860
838
841
856
888
850
860
884
917
859
875
866
886
833
858
879
864
834
874
908
880
874
871
872
832
860
913
944
879
889
886
902
837
871
875
887
827
854
869
879
825
873
899
875
864
889
888
838
840
844
881
832
857
859
873
856
898
921
888
868
880
891
889
836
869
901
936
870
901
914
863
881
916
926
872
907
914
910
882
958
992
979
929
957
968
902
904
947
1021
975
938
969
983
916
874
929
979
930
924
962
987
909
866
858
862
826
856
884
910
863
905
916
864
841
823
794
758
737
729
747
795
816
829
817
849
852
853
820
826
831
832
795
832
853
892
864
901
941
939
895
922
937
938
893
930
970
988
939
967
937
857
861
871
888
845
875
913
966
916
947
949
928
875
901
909
888
860
874
899
915
864
877
866
878
822
829
795
778
758
775
761
747
733
736
744
764
785
795
786
777
785
775
758
759
779
796
823
818
851
880
862
847
875
886
858
866
876
886
854
885
915
961
910
942
955
976
911
938
948
960
909
947
977
982
895
907
893
887
832
888
924
927
843
871
861
832
828
852
886
841
859
876
895
847
826
818
827
792
789
796
809
795
808
820
814
791
813
837
808
817
839
838
813
841
860
875
839
851
846
800
814
854
863
815
829
864
868