1018
1032
1050
1077
1028
994
1001
1027
1191
1179
1148
991
960
945
1005
1253
1183
1103
1077
1015
1036
1144
1234
1215
1162
1100
1132
1229
1272
1157
1099
1131
1223
1246
1156
1224
1233
1196
1164
1150
1167
1184
1109
1147
1193
1240
1205
1173
1192
1209
1125
1071
1067
1156
1187
1164
1102
1138
1198
1199
1156
1078
1066
1109
1115
1082
1110
1200
1242
1165
1113
1170
1230
1165
1092
1039
1067
1117
1112
1077
1094
1162
1165
1126
1146
1152
1115
1061
1059
1065
1114
1144
1121
1133
1161
1176
1160
1158
1195
1215
1186
1171
1222
1198
1122
1080
1121
1238
1229
1225
1264
1216
1147
1188
1247
1194
1144
1183
1198
1174
1134
1188
1219
1163
1131
1151
1310
1208
1176
1219
1206
1152
1160
1208
1188
1132
1238
1330
1267
1179
1223
1219
1223
1149
1169
1189
1112
1080
1130
1211
1165
1128
1146
1193
1176
1149
1108
1119