1305
1447
1466
1333
1265
1233
1171
1169
1371
1457
1386
1280
1367
1511
1479
1408
1453
1440
1380
1438
1500
1444
1351
1404
1517
1369
1275
1383
1493
1406
1286
1413
1476
1452
1356
1296
1376
1339
1284
1362
1424
1398
1318
1327
1363
1394
1280
1219
1389
1392
1248
1186
1334
1415
1365
1298
1380
1381
1319
1381
1305
1245
1260
1306
1347
1242
1308
1411
1413
1344
1384
1521
1458
1361
1480
1439
1331
1338
1522
1521
1386
1413
1470
1319
1277
1420
1485
1426
1324
1404
1401
1306
1183
1215
1408
1432
1414
1360
1204
1219
1347
1418
1322
1238
1335
1395
1365
1334
1475
1394
1234
1219
1429
1426
1288
1461
1522
1364
1343
1501
1533
1442
1436
1480
1465
1352
1401
1537
1447
1365
1415
1449
1389