744
686
664
704
754
731
729
760
783
745
680
619
620
605
592
612
619
658
672
675
676
662
654
601
612
621
665
730
785
727
746
762
697
728
761
718
757
729
775
747
695
676
681
704
745
704
713
780
797
773
785
814
803
780
792
760
778
796
769
785
797
751
691
707
694
730
780
805
820
804
807
803
801
776
796
805
811
789
794
811
820
793
822
850
841
798
805
773
743
747
757
770
753
764
737
712
714
687
687
702
697
725
677
691
709
684
735
766
742
685
702
701
698
663
677
667
670
673
682
674
651
623
624
607
613
622
625
619
613
611
616
630
651
661
642
645
653
639
608
588
579
596
645
688
664
701
726
697
740
753
736
738
775
794
751
791
801
760
775
794
769
738
739
699
665
692
773
853
885
876
924
948
947
940
900
875
898
892
894
871
882
902
899
869
807
799
790
809
828
792
842
875
903
896
866
895
897
915
915
907
902
884
887
882
868
860
867
878
871
896
833
865
848
849
861
825
769
725
737
689
729
816
806
766
776
771
735
708
711
704
707
695
737
804
823
787
816
826
801
803
826
854
840
870
874
876
859
879
872
870
886
887
875
873
838
778
754
740
698
750
784
771
768
782
745
757
753
713
721
678
642
625
634
678
693
756
755
809
811
789
833
851
847
813
832
823
779
802
840
859
827
850
876
875
855
811
813
823
821
802
812
851
859
832
849
841
810
808
819
794
824
823
794
824
794
789
785
781
721
768
835
869
821
860
851
846
853
772
723
703
760
744
734
805
840
837
803
792
805
814
806
780
746
769
816
814
830
819
864
848
848
813
772
776
770
779
713
729
777
801
774
749
754
746
705
655
645
640
665
696
693
727
743
731
712
752
766
745
722
760
745
735
723
693
660
648
672
737
714
701
761
794
771
722
769
817
773
755
778
778
762
722
663
660
661
685
703
760
846
838
854
861
859
840
795
780
732
696
656
620
612
625
683
756
807
827
854
844
835
866
879
878
850
847
826
816
742
753
709
706
744
789
774
721
716
723
723
715
760
799
804
775
739
721
725
733
688
687
689
713
705
710
735
752
725
734
738
697
666
666
654
643
657
692
688
672
651
645
649
663
664
678
668
685
710
728
695
703
701
680
670
672
664
635
655
675
690
668
699
722
684
702
696
653
657
664
672
663
678
694
661
679
694
695
668
670
673
662
685
737
714
698
812
831
840
832
822
768
710
726
791
829
857
880
842
847
829
829
826
785
786
808
834
835
857
842
835
851
835
857
864
844
868
866
870
824
876
860
904
879
878
878
880
855
819
772
805
805
822
788
810
804
851
879
871
878
871
875
876
858
827
813
772
780
816
825
843
831
816
765
699
700
697
732
767
803
752
799
829
815
834
844
836
779
775
813
817
733
756
728
762
828
820
821
798
837
832
823
828
765
790
833
869
804
838
860
850
849
789
771
787
786
837
856
842
814
828
848
862
876
798
796
783
825
837
821
828
882
892
851
908
870
857
868
830
823
810
798
779
775
785
800
792
801
868
897
892
897
889
899
897
861
848
780
798
822
859
868
869
872
832
875
899
905
897
897
897
900
900
896
876
874
827
773
774
809
803
767
797
794
747
781
738
704
712
725
732
698
733
768
793
725
753
789
814
793
742
739
757
764
732
704
715
712
676
697
691
691
642
642
637
659
632
634
675
711
714
687
698
741
781
760
730
765
779
729
701
716
736
764
751
795
813
773
804
808
795
756
766
780
789
751
776
800
798
760
758
771
790
775
807
827
799
806
794
769
761
775
806
768
808
838
848
829
834
824
780
779
780
775
747
748
743
709
729
761
730
752
771
747
774
784
760
749
719
707
646
657
681
691
716
733
755
701
710
816
811
797
805
758
734
720
704
677
654
676
675
651
668
676
668
660
659
658
639
630
653
680
650
636
646
643
646
609
608
614
622
612
619
639
654
642
650
655
670
641
650
662
656
632
646
650
644
646
692
751
708
723
745
733
692
703
712
660
703
729
706
668
684
675
647
654
654
658
651
661
669
638
652
657
641
656
665
646
623
642
654
652
618
636
646
652
632
655
701
688
651
674
676
650
641
644
620
616
622
641
652
637
605
605
622
670
649
658
699
743
709
742
790
734
757
706
714
753
784
760
694
679
664
691
754
791
774
830
870
890
893
905
896
869
796
770
740
747
723
760
824
841
822
867
853
815
840
855
789
801
772
726
729
746
741
732
777
791
761
800
786
758
755
761
744
752
764
775
723
708
714
671
735
769
763
811
842
832
872
896
871
864
886
892
899
908
870
871
883
854
847
827
782
761
767
776
796
835
831
844
840
785
761
744
675
678
693
725
688
732
753
721
762
772
716
711
713
667
668
677
686
678
739
772
707
729
729
696
703
703
683
660
650
646
621
630
637
643
626
629
624
599
604
600
593
590
604
581
569
563
559
559
569
573
575
569
584
601
602
576
580
575
563
558
566
593
604
615
653
643
611
627
631
641
627
644
665
697
702
669
644
628
621
584
585
601
646
713
763
801
794
733
721
668
681
723
683
701
724
745
736
716
645
640
652
684
662
731
770
813
845
827
823
827
784
707
693
674
647
644
646
674
711
688
684
694
631
605
586
592
604
627
661
660
688
714
726
687
671
676
685
686
699
674
661
671
650
663
642
621
635
669
705
723
717
675
675
664
656
639
630
620
627
627
617
626
638
630
634
629
632
609
606
604
595
580
563
552
572
576
575
567
547
543
545
543
537
531
527
525
526
524
521
508
506
502
506
516
517
521
533
539
537
545
547
573
604
591
582
606
597
601
625
623
607
628
640
624
604
618
624
634
626
635
604
590
592
586
578
589
622
667
649
688
690
695
679
724
757
711
735
742
690
688
705
696
692
651
644
636
651
701
758
792
752
726
744
767
716
671
671
638
632
673
741
747
735
769
755
703
742
804
802
792
783
747
740
738
736
721
772
801
832
823
813
790
764
685
661
680
733
767
752
761
719
700
726
691
691
707
685
636
623
615
630
662
671
671
674
649
641
652
673
699
710
742
705
650
658
689
646
666
674
711
692
731
769
755
670
657
640
616
587
629
791
830
830
823
816
833
845
862
775
787
796
804
736
662
629
594
617
690
810
813
813
748
787
825
835
829
764
734
729
738
718
696
673
658
681
729
765
795
729
761
777
794
825
766
793
830
831
830
786
776
777
779
797
746
764
771
713
679
728
795
786
779
778
748
719
705
735
825
842
844
797
828
856
802
821
792
726
691
703
737
771
745
780
816
797
856
879
854
858
833
856
854
840
831
811
759
743
744
764
813
769
799
825
835
790
790
769
751
759
735
753
769
797
739
745
752
729
733
729
694
686
704
710
699
679
640
650
667
722
710
782
863
889
831
854
839
774
761
773
796
753
771
771
747
771
750
802
826
780
773
752
729
681
659
626
654
704
800
821
813
832
818
790
778
746
717
698
670
645
604
597
615
638
695
724
684
661
626
609
598
592
610
640
700
736
757
770
765
756
735
711
710
705
713
665
689
703
691
690
689
725
720
701
648
643
636
627
619
594
617
648
690
698
712
759
752
723
719
742
735
727
680
673
675
699
696
648
642
643
648
606
594
608
607
641
659
658
630
655
674
663
648
664
679
655
646
652
652
640
619
645
653
657
644
683
682
672
641
648
661
629
626
643
610
617
615
632
646
632
634
631
630
613
586
590
599
624
667
656
680
764
768
800
812
806
788
758
701
692
697
661
632
658
734
709
646
676
740
754
752
704
671
652
645
635
636
633
620
631
614
590
585
585
562
558
547
536
531
528
521
511
504
502
497
492
492
502
519
539
517
522
539
553
564
558
556
561
559
546
547
550
549
553
558
556
563
556
542
538
533
527
528
517
516
521
532
545
537
541
544
561
563
562
554
549
546
543
536
520
517
513
512
516
511
507
502
505
510
520
522
512
504
495
494
493
493
493
494
494
502
498
497
491
493
487
484
485
480
475
469
467
472
465
478
487
506
499
503
508
517
542
536
545
535
540
537
530
521
520
520
505
501
501
507
512
515
521
516
530
552
558
562
592
611
582
588
593
588
567
559
555
534
528
531
538
530
543
564
597
580
587
579
568
573
560
543
543
559
537
534
539
524
527
537
555
538
544
576
609
577
571
595
601
595
593
591
573
570
567
570
588
598
628
617
635
619
633
655
631
637
604
604
609
602
593
606
653
663
679
694
639
632
637
618
610
601
617
598
599
618
637
620
630
639
646
664
624
638
654
626
639
655
655
636
644
631
620
606
618
638
621
644
685
646
666
682
684
632
623
613
611
611
582
589
603
597
608
604
576
569
576
579
564
575
600
578
589
622
642
603
616
621
624
637
626
613
611
612
600
587
575
589
630
643
714
740
700
727
699
689
688
678
637
646
636
627
614
610
595
598
610
615
592
590
613
603
599
613
601
574
555
554
557
569
562
589
604
593
620
632
604
624
633
621
616
638
612
625
636
633
620
646
661
635
655
645
629
615
617
623
597
599
603
613
609
623
619
610
629
642
607
601
602
601
581
604
639
668
671
630
638
634
634
600
604
597
598
575
579
592
616
639
653
625
638
650
661
662
648
640
623
586
580
598
625
634
689
757
738
722
760
715
717
701
667
649
646
641
620
616
609
602
606
609
634
651
664
664
651
642
641
625
614
591
578
585
605
618
593
625
647
648
622
629
632
623
611
603
588
580
571
571
567
547
546
578
712
733
709
619
589
607
656
643
615
624
633
624
595
582
586
583
592
572
581
599
589
627
659
684
669
682
659
633
639
636
631
664
703
722
712
722
714
730
721
708
726
718
697
685
695
685
687
665
636
634
646
625
626
646
653
641
655
664
658
646
617
600
589
577
572
578
572
571
574
583
600
637
636
610
614
597
591
595
589
586
583
590
593
582
603
631
611
614
652
662
686
681
650
616
596
566
556
547
544
547
621
746
733
712
748
692
633
641
646
675
644
638
628
658
636
646
613
588
590
585
573
583
609
616
609
638
654
640
636
643
647
636
642
642
628
637
650
650
656
635
632
652
655
658
637
616
639
645
640
603
602
584
559
570
582
597
592
589
563
569
563
571
592
589
581
584
590
594
567
571
581
592
574
576
605
649
641
608
627
635
613
597
611
620
595
585
595
594
572
578
583
584
576
603
654
689
666
676
665
621
627
647
642
641
658
693
705
727
695
682
660
636
618
607
592
583
588
622
653
693
741
729
746
755
695
655
633
646
680
697
666
694
730
717
739
761
737
726
713
665
647
680
704
669
710
747
728
737
729
708
663
653
636
622
618
603
613
635
646
663
656
659
650
617
624
626
636
624
639
655
658
669
667
647
622
622
634
683
739
720
753
750
697
714
688
671
646
633
626
611
609
600
602
602
615
646
622
659
761
795
762
783
781
733
686
658
663
685
687
651
641
601
590
599
604
623
639
665
655
700
645
639
609
605
612
633
640
621
631
648
638
665
701
663
641
655
653
640
631
604
592
581
575
561
565
558
572
608
582
600
621
631
624
632
646
631
608
588
581
576
587
610
622
647
624
625
648
650
627
658
681
658
634
651
656
647
688
707
676
684
692
668
701
689
690
677
627
657
666
643
664
665
644
659
664
638
616
629
657
682
661
664
683
706
677
654
631
605
587
596
609
602
638
649
624
656
675
686
642
638
628
624
607
610
605
596
604
581
579
601
626
599
598
601
594
579
577
572
575
600
616
621
643
630
593
607
605
571
587
591
580
582
596
593
574
593
596
581
585
574
558
559
556
563
555
563
554
540
545
538
534
523
528
523
522
509
518
517
514
512
518
516
507
517
516
507
506
508
510
507
505
509
511
504
511
510
506
515
523
527
514
523
525
519
511
502
495
505
514
525
507
514
521
522
513
521
533
540
527
534
526
532
538
534
529
542
554
561
548
547
554
554
550
548
557
558
561
551
546
545
547
535
516
540
554
561
544
559
566
559
539
547
554
540
523
527
526
514
499
497
498
487
479
470
479
488
473
473
482
483
473
473
479
484
471
480
485
472
471
478
469
465
465
466
466
465
460
463
470
469
457
466
466
461
461
471
465
462
464
455
454
460
458
449
446
447
452
459
452
451
445
440
437
441
447
444
446
438
435
432
431
432
430
430
427
427
425
427
427
430
425
428
419
417
415
415
415
419
420
417
418
416
415
416
421
416
418
413
413
412
415
419
423
419
419
418
420
422
421
427
427
429
423
423
421
422
422
428
427
427
422
423
427
429
435
435
434
429
426
424
424
424
429
424
424
420
421
424
424
428
426
428
421
423
419
421
417
420
416
413
407
408
409
410
415
412
413
407
407
407
405
407
409
406
401
399
399
398
399
400
404
401
401
396
397
396
398
401
406
403
406
401
401
400
401
400
405
404
403
397
397
398
399
401
406
404
401
398
399
400
399
400
400
398
394
392
393
394
392
396
396
396
391
390
390
393
391
396
396
396
394
392
392
394
394
398
396
396
393
394
393
394
393
396
396
397
393
394
392
394
394
396
396
396
392
392
390
394
392
395
396
395
392
391
390
393
393
396
396
394
389
390
391
392
393
390
387
386
385
386
387
388
389
391
389
387
385
387
387
388
390
390
384
385
385
386
385
388
385
384
380
382
384
385
388
387
382
383
383
386
388
389
387
385
384
386
387
390
389
386
384
386
386
388
389
387
382
385
385
389
388
387
383
384
386
388
386
383
381
384
384
386
381
380
379
383
382
383
377
378
379
382
381
377
376
378
378
382
376
375
375
378
378
379
373
373
374
378
373
370
367
371
372
368
365
367
370
372
374
370
371
369
372
373
375
375
376
374
372
372
374
373
374
370
369
368
370
370
369
369
370
367
364
367
367
370
371
372
366
368
366
369
369
373
370
369
369
372
372
375
372
372
368
371
372
371
372
370
369
368
371
373
375
376
377
374
376
378
381
382
379
376
378
379
380
377
374
372
376
374
377
372
372
372
373
373
376
376
377
374
372
372
370
371
371
371
372
376
374
375
372
373
375
376
378
381
385
389
383
385
381
384
382
383
383
386
383
382
380
383
381
385
385
388
384
383
380
384
381
384
383
382
380
381
380
383
381
386
385
387
382
387
382
384
382
385
383
389
384
385
381
385
385
389
387
385
380
384
384
387
379
379
381
380
380
376
376
380
379
379
374
377
377
382
376
376
373
379
377
376
372
372
372
374
373
372
368
370
369
369
368
371
369
370
368
366
366
366
366
370
370
372
372
372
373
372
373
373
375
376
381
380
378
376
377
377
377
376
376
372
371
369
370
371
373
373
374
371
370
371
369
370
369
373
372
371
367
369
371
372
371
377
375
377
371
372
369
370
370
373
373
374
370
369
369
369
367
366
367
366
363
362
363
361
363
362
364
362
368
362
362
359
361
361
360
361
361
361
358
361
363
365
364
364
361
363
364
366
366
368
363
360
359
361
361
361
363
361
362
360
363
362
365
362
362
363
365
364
365
362
363
362
358
360
361
363
366
366
362
364
366
368
367
367
365
368
369
371
369
367
365
364
365
367
367
365
364
363
367
367
367
363
366
365
369
368
365
365
366
366
366
363
361
362
357
359
358
361
362
364
357
359
359
362
363
360
357
361
361
364
358
356
354
358
352
353
357
354
356
354
356
354
354
354
358
354
351
349
352
354
352
357
352
354
352
354
354
358
354
354
353
352
355
357
361
357
358
357
359
359
358
357
356
355
358
357
354
357
358
361
359
359
361
364
362
361
362
364
365
364
360
364
365
366
362
362
365
365
362
364
365
366
366
364
364
368
369
365
366
370
370
366
365
368
369
369
365
367
369
373
368
369
372
376
373
370
374
377
378
376
374
377
379
379
379
379
377
375
375
379
380
382
383
382
381
381
384
389
395
397
396
396
396
396
399
404
407
405
403
401
404
407
413
414
409
407
409
411
419
421
419
420
416
414
417
420
420
420
418
413
410
412
415
420
417
415
421
425
419
424
426
427
425
425
434
430
429
435
438
442
438
443
444
444
437
438
440
438
438
442
451
452
447
447
452
447
440
442
442
439
444
446
446
444
441
443
451
452
452
441
448
452
452
443
441
448
448
443
441
447
453
450
449
453
457
454
456
460
465
457
451
459
460
464
455
465
469
467
462
467
470
472
464
464
466
464
460
452
453
452
451
443
440
447
456
457
453
455
464
466
463
465
473
478
466
476
476
479
470
475
471
466
471
474
478
472
481
500
500
495
499
502
499
501
509
506
492
499
507
503
487
498
488
482
489
485
479
486
489
486
478
485
488
483
481
484
489
490
490
482
484
485
485
486
490
478
468
465
460
461
465
475
478
479
467
460
462
466
470
467
466
461
462
460
457
462
477
499
506
508
501
493
486
481
482
489
493
494
494
481
476
482
486
486
480
478
486
497
498
485
492
487
485
478
483
481
476
478
482
482
477
482
490
490
477
492
489
480
487
487
485
480
483
479
471
466
472
477
479
472
480
487
489
481
473
482
484
476
469
467
469
468
463
459
459
461
463
468
471
463
463
469
479
489
497
490
479
476
474
473
478
481
476
484
479
476
480
490
505
515
497
504
516
516
512
508
515
512
499
503
497
496
503
492
501
500
498
496
492
483
492
488
479
471
466
462
468
470
463
470
478
473
470
468
467
456
452
450
450
461
459
452
448
441
445
451
450
449
441
437
434
434
438
438
441
436
430
421
422
427
429
435
430
424
422
422
424
430
429
430
429
429
430
431
439
439
441
432
435
436
438
441
438
435
429
423
417
416
418
423
424
419
416
415
413
414
421
419
422
412
413
415
416
423
424
424
420
418
414
415
418
419
425
427
424
422
421
419
425
423
425
415
418
422
422
426
424
425
419
418
414
413
415
421
427
425
422
419
418
415
420
418
419
408
409
407
410
414
417
416
415
412
406
411
412
419
416
415
411
414
417
416
422
423
423
419
418
414
416
416
418
416
420
414
413
413
409
414
412
414
404
401
400
399
400
403
402
397
398
394
392
391
390
389
392
391
389
384
382
384
383
383
386
388
387
383
381
382
383
383
386
386
388
383
380
382
383
381
383
384
386
382
380
379
379
378
379
382
382
379
378
379
380
382
388
391
387
388
386
389
389
390
395
395
398
392
393
394
394
395
396
398
397
395
395
394
396
396
402
401
407
399
399
398
396
396
398
397
394
393
394
395
394
396
396
395
390
389
390
389
388
392
391
393
386
386
384
389
391
391
389
390
388
392
392
396
394
396
392
393
392
396
396
398
397
396
390
390
389
388
388
390
390
386
383
383
386
385
389
387
388
382
384
385
387
384
381
377
378
377
378
380
381
381
376
378
379
380
381
385
387
390
387
387
386
389
387
392
391
394
387
388
388
388
387
390
387
388
384
383
383
385
386
390
392
389
385
388
388
389
390
395
393
394
392
394
395
393
395
395
394
395
389
388
389
389
391
394
392
390
387
389
388
389
389
391
390
389
382
383
384
383
384
387
387
387
381
383
381
383
385
390
390
393
387
387
389
390
393
395
394
396
390
391
390
389
389
392
393
388
385
387
389
388
392
393
391
388
390
387
390
385
386
381
384
382
380
379
380
380
386
383
383
379
379
381
380
380
382
384
382
379
377
378
379
379
380
383
379
382
378
379
379
382
381
387
387
388
383
384
385
389
382
387
390
389
387
388
389
388
383
385
391
381
384
387
382
384
385
384
382
383
382
382
379
380
379
380
382
378
381
383
384
381
382
382
384
387
382
382
385
388
384
383
386
390
383
382
388
388
387
385
386
390
393
389
392
394
396
397
394
396
396
396
397
393
390
391
392
396
393
392
393
396
399
403
399
399
403
406
404
405
407
408
406
408
407
404
407
403
402
403
404
407
410
407
408
405
405
406
410
413
412
408
408
411
418
415
412
413
413
412
416
419
429
437
440
438
438
440
435
431
430
434
444
445
448
442
441
441
446
453
460
459
455
448
448
446
450
456
455
451
444
443
444
448
453
460
456
455
455
456
465
468
471
467
462
461
465
470
467
460
457
462
468
465
462
464
467
464
459
463
463
467
463
467
470
469
463
469
472
468
461
466
472
470
462
464
465
468
458
463
463
461
455
453
458
459
456
452
450
450
452
448
445
443
448
459
459
448
448
455
459
455
452
453
456
454
445
445
444
446
450
456
457
456
450
451
456
463
477
474
468
466
464
470
469
464
458
453
444
442
447
451
453
447
447
457
463
469
462
468
472
472
462
460
465
462
456
448
448
446
445
438
433
438
440
443
435
430
432
434
439
435
428
428
432
437
436
433
431
433
433
435
434
429
427
432
433
430
426
432
438
432
431
437
442
444
441
448
449
444
450
451
452
445
441
443
445
445
446
444
451
455
453
453
455
447
443
439
438
446
453
460
458
459
452
447
452
457
466
468
470
464
458
454
456
461
460
464
456
456
461
467
462
462
470
471
463
454
458
456
452
447
452
452
443
441
445
446
447
449
454
451
445
443
447
457
457
456
449
451
455
465
472
471
464
457
452
445
442
443
441
442
453
467
486
489
483
471
470
469
467
462
458
458
455
454
446
441
438
443
454
463
473
459
451
454
461
470
466
463
463
464
458
451
453
451
446
445
446
446
441
444
450
454
444
449
449
444
447
451
457
456
449
444
445
447
439
439
438
440
436
434
439
438
437
435
434
423
425
426
428
433
429
424
419
425
425
427
416
415
416
417
421
422
420
417
415
411
411
408
410
412
413
408
406
401
402
405
406
411
408
409
404
406
405
406
407
407
403
403
400
403
402
408
406
409
405
404
400
400
401
403
403
407
410
409
409
402
405
402
401
401
407
405
407
403
403
403
406
407
409
403
400
397
398
397
401
407
402
400
396
396
396
395
395
400
396
396
393
393
393
396
400
407
405
409
407
407
401
403
400
402
404
410
407
410
404
400
397
397
397
401
398
397
392
393
393
396
396
397
393
390
387
388
389
393
395
400
397
394
393
398
396
396
394
394
391
395
396
399
396
396
392
393
391
393
396
401
402
404
399
398
399
401
405
411
413
408
406
405
405
405
409
409
413
409
409
407
412
414
421
421
423
422
422
419
418
420
419
418
415
415
412
413
414
418
417
418
417
414
416
414
416
416
417
414
413
413
415
414
421
421
416
413
413
411
409
413
412
409
404
405
404
404
409
411
412
410
407
407
406
402
404
398
398
394
395
392
395
395
399
397
397
393
393
392
394
396
397
395
390
389
388
388
388
389
391
389
388
386
386
388
389
393
389
388
386
389
389
390
385
386
388
390
390
390
384
388
387
388
387
393
392
396
390
392
391
393
392
396
389
392
393
393
392
396
390
390
390
392
393
393
390
390
390
391
395
392
388
386
388
386
390
385
384
383
385
384
388
388
390
388
389
388
388
389
393
392
395
390
390
389
394
394
398
399
399
395
395
396
397
400
400
400
398
397
396
396
393
396
395
393
390
393
389
392
392
398
398
397
396
396
395
396
398
402
400
399
394
395
393
393
396
397
397
394
391
392
392
390
392
390
390
383
385
384
388
388
392
386
387
386
387
387
390
391
393
389
388
387
389
388
391
390
390
387
386
380
381
381
381
382
385
384
385
379
381
381
381
382
385
383
383
379
379
380
379
382
386
383
379
379
379
380
380
383
386
388
384
382
383
384
385
388
387
389
386
384
383
384
381
382
381
380
376
376
377
378
376
378
372
375
373
376
373
373
369
368
368
370
368
365
363
362
364
366
369
369
369
366
368
368
372
373
377
376
376
374
374
374
375
375
375
370
374
373
372
372
373
373
375
372
369
368
368
368
367
365
361
363
365
367
368
368
363
364
363
367
366
369
365
360
360
361
362
362
363
364
365
361
361
361
360
360
364
361
361
358
357
356
356
357
358
361
362
362
359
359
358
360
359
364
362
363
359
357
358
357
358
358
364
363
362
360
362
361
368
364
363
362
361
361
363
362
364
368
365
367
365
368
369
372
367
366
367
367
365
364
366
366
365
361
361
362
364
363
367
364
363
360
361
362
365
363
359
358
356
358
357
359
357
358
356
359
354
357
354
360
357
356
354
353
353
354
356
355
357
354
354
355
358
354
354
354
351
353
352
356
356
357
354
357
356
358
356
356
354
353
357
359
361
357
358
359
361
360
357
355
354
354
354
359
357
362
358
359
358
356
357
357
360
357
358
356
357
357
361
358
354
354
354
354
353
359
354
355
354
357
354
355
355
353
355
354
357
355
360
357
356
357
354
354
354
357
356
356
354
356
354
359
354
352
352
353
353
354
355
352
353
354
355
354
355
354
350
352
351
355
353
354
356
354
354
355
353
354
354
354
354
353
354
353
357
354
353
348
351
351
349
353
348
349
347
351
350
350
349
345
346
347
350
345
354
348
346
348
347
349
347
351
347
348
347
348
347
352
346
344
345
346
350
345
348
346
350
349
347
345
348
348
347
347
345
347
348
350
351
347
346
347
349
347
352
350
349
347
349
348
350
347
347
345
343
346
346
349
348
349
344
345
344
345
344
346
344
342
344
344
347
345
343
341
339
343
343
344
345
346
340
341
341
342
341
343
341
341
341
341
345
341
340
340
337
340
340
341
342
341
339
339
339
341
339
340
339
338
340
338
343
340
339
338
335
339
340
341
342
342
338
338
338
339
339
339
341
338
339
339
342
342
337
337
336
338
338
341
341
338
337
338
338
339
339
339
338
338
340
340
342
336
336
339
337
341
339
340
338
342
340
340
337
336
340
337
340
337
339
337
336
338
335
340
335
337
335
338
339
336
334
333
337
336
338
338
338
336
333
336
334
339
337
339
335
339
338
337
336
336
338
334
336
336
339
338
335
336
333
335
335
338
339
339
335
338
336
339
334
333
336
333
336
335
337
333
334
334
331
334
332
333
332
333
332
332
331
332
333
330
332
331
333
334
330
330
329
331
330
334
333
331
330
331
331
332
330
332
331
330
330
333
331
332
330
332
329
333
330
332
331
328
329
327
330
328
332
331
329
329
327
331
327
329
328
329
327
329
328
329
326
327
327
326
327
329
327
328
325
329
326
328
324
329
328
326
325
323
327
327
327
327
325
322
323
324
321
325
323
324
324
324
324
325
326
324
324
322
326
326
325
325
325
326
324
325
324
328
325
324
325
322
327
326
325
328
324
324
322
325
324
326
326
325
323
324
327
325
325
324
325
324
326
327
325
325
324
327
325
326
325
327
327
324
325
322
325
325
326
327
326
325
324
327
325
325
324
327
324
328
322
324
325
325
325
324
327
325
325
325
327
328
324
329
324
327
325
329
327
327
327
325
327
323
328
326
329
328
325
324
324
327
324
328
326
328
324
328
330
326
326
326
327
325
327
326
329
329
325
325
323
326
324
327
325
327
324
327
327
326
327
325
327
324
326
324
329
326
326
323
323
326
323
328
325
325
323
327
325
327
325
324
326
323
326
324
327
325
324
322
323
326
321
326
322
325
324
326
324
324
322
321
324
322
324
323
323
322
322
324
321
323
320
324
321
320
321
321
322
320
321
320
322
321
319
316
322
319
320
320
319
320
321
317
317
318
318
317
317
318
320
318
317
318
316
319
317
318
318
320
320
316
318
316
320
317
316
318
318
319
317
317
316
318
319
316
315
316
318
315
316
315
319
316
318
316
315
319
314
320
317
313
316
318
317
315
317
316
320
317
317
317
316
320
318
318
317
321
319
317
318
316
319
319
315
317
319
319
317
319
316
320
319
315
317
320
319
319
318
317
321
319
318
317
318
318
320
318
317
320
319
318
317
317
319
316
317
316
318
318
317
317
313
318
316
320
315
313
315
316
316
315
314
314
317
315
316
315
313
318
315
313
315
315
315
316
315
314
316
317
312
314
313
315
313
313
313
316
314
313
314
313
316
313
312
313
313
314
313
314
313
316
313
313
313
312
315
313
319
313
312
313
313
316
314
313
312
314
313
313
313
313
317
313
314
313
312
317
313
313
313
313
314
313
313
313
317
313
313
313
312
315
313
313
313
314
314
314
313
313
316
313
313
313
312
315
314
313
311
312
313
310
313
312
313
311
311
313
312
314
313
313
312
312
314
312
313
313
314
314
312
312
313
314
311
311
313
314
313
309
313
313
315
313
309
312
312
313
311
311
312
313
314
311
312
311
315
313
312
310
310
313
310
311
310
313
312
311
312
310
313
312
309
310
309
312
310
309
311
311
312
309
310
309
313
311
307
309
309
311
309
309
310
312
311
310
309
309
311
311
306
309
307
311
308
308
309
308
309
308
308
307
311
310
305
308
307
309
305
307
307
308
308
305
307
307
310
309
307
308
307
311
308
307
307
307
309
309
306
307
310
307
307
308
307
311
308
306
306
307
310
308
305
306
308
308
307
307
307
308
310
306
308
305
308
308
310
308
307
307
306
310
308
304
305
307
308
306
306
308
309
308
306
307
307
311
306
306
307
307
307
306
305
307
308
306
307
305
306
310
307
307
306
303
309
308
312
303
304
309
305
307
303
308
308
308
307
304
309
307
310
304
308
306
308
306
306
310
307
304
308
306
308
304
307
307
308
306
303
307
306
312
304
303
307
305
307
304
306
308
308
305
303
308
306
307
304
307
306
306
305
306
308
308
302
305
305
307
303
304
307
306
304
303
305
305
308
302
302
306
303
304
302
304
306
304
305
301
304
302
306
304
307
302
303
303
303
308
305
301
304
304
304
302
303
305
304
303
298
305
304
305
300
302
304
303
301
302
306
301
303
301
301
306
305
301
301
303
303
302
302
302
305
302
300
304
301
302
299
304
303
303
300
300
305
302
301
303
303
303
297
304
303
301
301
304
302
301
302
302
305
299
301
303
302
301
301
305
304
299
301
300
303
300
303
301
303
301
302
302
301
301
301
304
302
298
305
302
301
302
303
302
300
302
302
304
298
302
302
301
301
303
304
298
301
302
302
300
302
304
300
299
303
302
300
302
304
298
302
302
302
300
304
303
300
300
303
301
301
300
304
303
297
299
304
301
297
304
303
299
300
303
302
298
303
302
302
296
304
299
299
301
301
304
297
300
302
300
299
301
305
296
300
302
301
299
300
304
300
297
302
298
299
297
305
302
295
300
299
300
295
302
299
303
298
297
302
301
297
299
300
299
296
301
301
296
297
301
300
297
300
299
299
296
301
297
296
297
305
297
590
296
298
295
297
298
297
295
298
299
295
299
296
301
295
300
299
300
300
301
301
301
299
304
304
301
301
304
303
302
302
305
304
303
304
306
306
304
308
309
307
307
309
310
308
310
309
312
311
309
312
313
313
312
311
313
313
313
312
314
315
313
314
315
315
315
314
317
316
316
319
316
318
318
319
317
321
315
318
319
320
320
320
322
320
323
320
320
321
322
317
321
319
320
320
319
320
322
320
322
321
320
321
321
323
319
322
320
322
319
321
323
319
323
322
323
324
324
326
322
326
327
325
327
327
326
325
325
328
326
324
326
323
321
327
324
325
325
325
325
325
324
327
323
326
326
324
324
325
326
326
326
327
329
326
328
328
330
329