1005
982
994
999
999
957
991
986
1046
1061
1064
1045
1003
968
956
976
1035
1159
1084
1091
1104
1115
1035
978
993
1022
1066
1040
1029
958
961
1007
1027
1027
1088
1110
1116
1163
1132
1082
1113
1139
1060
1043
1071
1071
1079
1120
1152
1091
1081
1130
1110
1063
1015
1084
1074
1037
1110
1179
1195
1107
1142
1187
1058
1012
1043
1112
1143
1102
1011
978
977
1046
1156
1116
997
932
913
960
992
984
987
945
954
990
1024
948
892
856
851
882
870
917
1006
1026
976
1007
1121
1187
1088
1081
1134
1193
1142
1143
1146
1167
1141
1188
1317
1270
1107
1133
1240
1177
1180
1368
1350
1280
1264
1365
1252
1120
1043
1051
1169
1243
1145
1104
1199
1180
1092
1075
1204
1208
1083
1114
1190
1215
1139
1108
1146
1121
1040
997
1052
1127
1052
1007
1042
1104
1155
1097
1033
1050
1093
1056
1007
1030
1058
1074
1019
1022
1056
1132
1068
1036
1089