877
912
844
794
753
804
799
816
773
810
798
763
729
757
783
831
889
923
1056
1080
995
1083
1196
1109
990
1162
1060
968
1051
914
860
808
813
896
749
868
934
1026
931
1009
1170
1150
1103
1190
1139
954
941
884
899
910
835
860
866
822
801
807
775
730
753
797
839
829
925
1228
1098
1022
1346
1083
1249
1006
1017
962
847
941
862
771
811
854
763
814
833
785
804
862
836
782
873
900
845
794
837
812
788
855
833
761
812
772
745
728
795
767
746
755
808
758
750
775
776
740
759
778
760
744
780
801
747
792
842
795
760
813
812
778
750
775
785
755
767
809
750
730
751
764
737
754
824
780
745
707
717
709
751
731
702
739
744
717
715
742
719
759
783
753
789
805
756
785
757
726
737
728
755
714
716
743
754
735
768
831
750
813
778
736
721
729
706
697
728
719
712
728
770
729
735
772
728
729
736
723
714
734
750
740
802
806
776
821
822
763
755
751
695
711
713
712
771
777
749
838
828
752
826
823
744
766
845
791
796
847
778
809
838
775
795
812
766
789
799
746
805
848
777
795
815
774
812
795
745
785
781
737
741
758
730
742
839
846
804
882
806
767
819
779
747
756
764
717
725
765
736
742
766
777
783
845
771
778
814
764
743
773
761
732
752
827
776
782
819
772
747
780
795
728
714
740
706
721
720
688
735
772
730
810
837
812
760
803
777
751
764
814
801
780
864
853
798
851
855
801
885
875
826
815
894
788
781
823
800
788
875
915
796
850
855
755
762
741
720
744
782
765
766
859
810
788
858
838
781
820
805
767
735
775
817
790
842
900
804
844
928
831
771
821
898
848
779
803
734
725
755
726
773
873
846
766
816
840
750
776
792
776
740
759
875
844
779
903
807
778
874
868
776
799
835
813
789
900
893
818
951
935
837
880
897
804
850
919
800
837
868
779
798
830
794
767
754
722
716
734
722
747
834
801
742
760
780
786
734
813
769
815
859
783
729
724
762
825
919
908
806
815
865
820
758
761
788
809
771
790
832
807
773
813
797
740
729
786
780
755
754
791
746
732
717
696
690
673
653
636
622
616
606
604
597
594
583
570
567
560
565
557
545
538
535
543
522
522
523
523
517
514
521
512
513
497
511
502
501
506
502
504
492
498
496
485
500
490
484
496
490
498
492
491
494
490
499
487
480
495
491
490
485
485
490
479
489
483
476
487
487
480
482
478
483
478
475
482
473
471
478
470
468
475
467
466
472
461
467
466
458
469
464
457
460
466
464
464
462
465
472
463
465
465
460
458
467
458
460
463
451
464
465
449
467
462
454
457
465
453
454
465
453
457
462
456
452
456
448
450
456
455
456
454
457
460
454
457
460
448
457
459
443
460
457
449
451
461
450
453
456
453
448
447
452
447
440
452
451
447
454
446
451
448
435
448
446
436
440
443
441
447
440
442
449
439
442
448
439
442
447
441
442
445
448
449
452
446
445
441
445
448
443
441
446
444
439
436
445
440
434
444
443
439
445
442
442
443
439
437
439
440
443
430
445
442
438
448
444
440
447
435
442
443
439
438
444
438
442
438
443
439
444
441
437
439
444
430
446
440
436
441
447
438
445
447
444
450
446
450
449
446
448
451
456
453
442
443
449
440
450
451
452
455
452
456
449
450
451
450
448
456
454
455
455
457
457
464
459
460
467
461
456
463
464
460
471
466
464
469
466
462
465
461
466
459
451
470
462
449
473
462
451
468
463
458
465
464
458
464
467
457
456
463
458
456
455
463
460
466
462
459
452
460
456
454
455
459
453
449
448
447
452
447
446
442
436
449
446
444
452
445
444
451
444
448
450
448
443
451
451
445
447
449
450
438
457
451
443
457
452
449
456
453
450
459
454
453
463
452
461
460
454
462
459
451
458
455
447
454
452
449
448
456
453
453
451
462
453
445
454
450
438
455
451
440
451
455
446
448
458
455
447
445
452
448
456
457
452
452
453
461
454
453
453
455
458
455
461
458
454
464
461
455
458
465
451
451
465
455
449
461
454
450
446
464
456
447
457
450
446
457
457
448
456
460
452
454
463
448
453
462
448
449
459
452
447
451
454
451
447
462
452
451
452
458
448
453
459
459
452
448
459
448
441
460
449
438
462
451
441
449
461
444
447
457
447
448
445
449
449
447
447
443
440
443
446
447
442
436
451
443
429
445
450
438
440
449
442
448
445
450
447
443
446
451
442
438
453
444
438
444
449
438
432
446
448
440
445
450
442
441
444
452
446
442
453
448
436
459
450
442
447
464
445
443
456
449
451
449
457
449
441
460
448
444
453
451
452
454
445
452
454
442
448
452
441
448
445
449
445
435
447
443
439
433
442
436
434
424
443
437
435
439
438
442
446
436
436
449
443
436
438
451
441
432
460
439
436
457
445
438
456
447
438
458
450
446
450
459
451
445
457
454
453
440
454
457
447
451
452
445
449
457
446
448
450
450
455
435
456
448
438
441
458
441
449
458
452
449
447
454
452
438
446
453
448
456
438
446
446
434
445
442
433
439
439
438
439
435
430
445
436
434
427
452
435
432
439
439
438
441
434
441
447
437
435
449
440
435
432
452
439
431
454
446
439
450
443
448
440
438
441
438
427
452
441
436
448
446
445
456
448
447
447
436
459
441
439
449
453
446
465
451
450
459
446
447
454
440
449
450
442
447
447
440
442
451
447
444
451
445
438
437
451
448
438
451
456
443
461
457
447
458
461
446
460
459
453
471
456
462
449
459
456
456
449
466
460
455
466
465
460
463
455
461
465
456
458
464
460
449
462
451
439
455
452
446
452
461
454
451
462
460
465
463
452
445
461
453
448
458
450
453
461
455
447
457
450
455
453
453
457
447
457
456
452
457
459
453
456
459
452
453
463
454
458
454
452
459
449
454
459
443
453
455
442
452
452
453
453
448
450
450
437
459
448
441
451
456
443
447
444
451
446
437
452
450
441
442
456
442
450
448
450
450
445
450
451
449
452
451
455
460
454
459
450
446
456
452
447
456
455
441
455
443
442
457
456
449
461
449
443
461
459
448
456
453
445
452
456
453
465
454
454
447
451
459
457
449
456
456
453
447
451
448
444
448
450
448
440
457
454
450
446
453
444
450
452
443
444
446
444
444
452
449
448
443
456
454
448
453
452
452
453
447
454
456
449
454
444
434
451
442
434
449
450
440
446
451
441
449
449
444
453
442
446
450
434
447
443
437
437
447
442
441
434
449
439
434
453
443
450
443
441
446
441
442
447
440
435
454
444
436
460
449
440
458
453
444
462
454
451
462
452
455
455
443
454
448
440
454
451
451
445
449
452
449
443
442
441
438
452
443
443
436
447
436
444
437
440
444
436
436
440
438
440
431
440
429
426
441
433
437
430
415
436
429
433
433
425
432
432
426
424
433
437
432
432
430
438
433
432
440
440
436
420
438
438
437
442
436
440
442
426
440
446
432
438
438
446
437
435
447
446
445
438
438
447
448
430
451
447
439
446
447
443
438
437
449
444
444
439
442
439
442
445
443
445
440
444
444
438
433
445
437
441
428
441
436
432
426
437
435
433
417
438
440
431
442
438
440
440
425
444
435
439
443
437
438
436
422
442
444
434
444
444
442
446
434
444
447
431
446
445
441
454
440
447
439
427
449
439
438
446
441
441
442
445
440
441
438
444
442
438
435
443
437
438
433
446
443
440
432
444
437
440
435
440
441
439
432
440
438
438
437
437
436
432
440
443
434
439
441
438
432
439
438
438
422
444
443
434
444
441
441
446
438
447
446
439
436
446
441
435
433
449
443
445
447
441
445
447
437
446
450
443
438
446
442
439
434
449
442
443
433
445
438
435
433
442
440
439
445
439
438
444
438
443
443
436
440
436
430
435
433
433
438
426
433
437
431
440
437
433
438
434
439
442
439
444
445
438
431
438
445
440
435
450
444
444
450
438
445
448
431
448
443
441
447
437
438
436
427
443
440
435
446
440
437
447
443
443
447
442
444
448
439
438
451
442
447
452
440
456
448
442
449
453
443
453
459
446
455
444
452
454
441
454
449
452
455
449
450
441
443
445
441
433
450
442
440
452
446
445
449
444
441
442
432
438
438
436
426
436
431
436
430
432
437
433
428
431
432
430
425
444
436
428
448
443
441
449
437
445
449
440
438
447
441
436
436
446
441
438
445
448
443
445
449
440
447
451
446
446
445
448
447
441
446
450
439
446
449
442
439
452
439
447
441
445
447
435
442
439
433
436
442
439
435
424
442
439
426
443
442
434
438
439
438
437
435
443
439
432
444
441
438
445
426
451
441
437
451
447
443
449
445
444
438
447
445
447
443
445
443
435
444
443
441
437
443
434
437
448
434
444
438
440
446
428
452
445
443
452
453
448
435
447
446
446
437
442
445
446
440
441
441
444
442
443
437
438
443
444
429
452
444
431
446
448
444
439
446
447
439
448
445
453
438
447
447
886
447
442
446
436
440
430
429
439
438
428
441
441
432
442
441
424
446
437
432
442
443
440
451
439
446
446
431
445
444
440
444
438
441
437
436
448
447
438
460
450
442
460
452
455
459
456
455
445
455
446
452
441
446
448
429
445
441
435
445
442
438
435
436
445
438
436
434
445
437
442
432
438
440
430
440
440
436
441
433
435
439
435
433
439
435
438
436
439
442
429
435
437
438
441
438
438
435
436
441
438
431
437
438
434
438
435
438
438
421
449
438
436
445
440
439
432
434
439
440
429
436
438
438
433
437
438
443
437
440
438
432
439
438
436
440
425
440
437
439
437
448
438
441
439
440
445
431
447
440
441
445
439
438
434
429
439
433
423
436
436
434
440
426
434
438
435
438
439
439
442
438
443
446
439
446
451
442
443
451
443
447
452
440
451
444
446
447
441
443
448
438
446
450
430
454
446
433
449
446
439
449
440
442
450
442
448
448
443
439
448
442
440
446
441
450
448
442
438
437
446
435
438
444
440
438
429
431
438
431
425
439
438
434
422
435
432
437
429
432
440
430
434
447
435
443
436
442
442
426
449
442
438
448
443
438
446
432
441
440
430
444
441
441
431
443
436
442
434
439
438
429
437
435
430
437
428
433
435
436
429
431
438
438
429
434
437
436
440
427
438
438
423
443
438
437
441
431
438
432
422
438
435
428
430
434
431
432
421
426
434
428
421
423
430
437
427
427
434
432
431
428
432
434
433
434
431
436
436
423
443
439
426
441
444
438
440
429
445
440
428
438
444
435
442
444
438
445
432
442
445
433
443
445
438
445
444
444
447
432
450
439
437
448
445
438
452
443
439
447
436
444
445
427
448
441
445
438
448
438
448
438
440
443
431
441
446
438
437
437
437
438
433
440
438
437
431
437
435
430
438
438
436
431
436
438
431
433
442
438
436
432
442
438
428
438
443
436
426
436
436
435
435
431
437
432
425
426
433
429
432
423
428
427
429
424
429
426
431
430
416
436
433
430
435
425
436
433
427
440
435
439
427
432
434
438
428
437
436
431
438
444
431
439
437
442
435
435
442
443
434
445
445
427
444
448
440
445
441
442
441
424
446
440
431
433
440
436
438
432
438
438
435
433
440
438
435
436
438
439
434
439
439
436
432
438
433
431
441
437
436
442
433
436
439
433
436
440
433
442
439
435
446
444
434
446
438
424
441
431
429
440
431
433
433
420
438
436
430
439
437
438
437
430
434
438
433
436
438
437
434
432
437
425
429
435
435
426
427
432
424
431
431
433
433
422
437
432
426
441
438
426
430
437
429
424
435
428
432
427
431
433
419
433
438
428
436
428
435
423
425
432
432
423
429
434
418
430
429
432
425
420
428
428
421
426
419
427
420
409
426
429
424
423
409
426
427
423
423
408
427
427
423
425
408
426
426
426
423
406
429
427
423
422
412
429
425
422
426
417
423
426
417
418
426
420
419
417
419
424
420
418
413
427
428
424
426
419
426
431
426
428
420
437
433
428
438
427
441
436
433
438
432
435
433
425
444
436
434
426
433
433
434
429
436
427
432
430
430
429
435
426
432
433
427
438
424
434
437
433
434
418
429
436
434
430
427
425
433
435
430
426
424
437
429
428
414
431
429
428
422
418
430
425
430
423
414
427
430
425
425
415
413
416
424
420
415
417
416
418
422
419
421
418
419
427
421
423
417
433
429
430
419
422
433
429
428
414
421
433
429
423
425
423
427
430
425
426
424
427
433
420
425
429
427
432
419
430
432
428
431
417
432
432
428
431
417
433
436
425
434
419
436
434
431
438
428
436
434
429
441
446
438
438
432
436
435
420
433
436
425
431
419
432
431
417
429
411
429
426
417
422
408
422
423
419
418
410
423
423
424
420
404
416
425
427
425
406
428
427
421
428
416
431
427
423
435
423
432
428
423
433
425
429
428
423
434
429
431
428
421
435
432
433
426
423
436
427
427
419
427
430
428
427
427
426
431
430
427
430
426
427
427
420
430
421
427
426
425
417
425
431
425
426
418
426
431
425
423
418
418
428
426
424
420
425
428
430
426
419
427
434
428
430
424
430
428
432
426
427
431
423
429
429
430
435
420
434
434
429
431
431
428
435
433
438
432
435
437
423
437
439
432
437
423
433
430
424
433
430
428
423
426
431
428
427
426
434
426
432
427
432
430
423
432
434
426
435
420
437
431
421
435
436
431
424
441
436
438
432
436
438
425
439
439
431
438
424
431
436
432
431
439
431
437
428
436
430
427
438
432
432
431
422
438
432
432
425
429
432
429
425
429
430
427
432
426
434
871
438
436
431
433
431
434
437
428
436
420
438
429
426
434
431
429
434
431
430
426
434
426
438
435
429
439
431
432
437
429
446
441
432
448
436
438
438
433
443
436
439
437
442
434
447
438
436
443
429
448
435
434
443
438
436
434
429
440
433
431
442
438
432
438
428
430
435
419
438
436
430
433
419
438
434
424
437
423
436
427
428
431
429
431
433
423
432
433
425
431
413
434
425
425
426
421
427
423
419
424
417
424
421
416
426
415
424
422
415
428
419
423
423
416
428
420
422
423
415
425
422
424
424
417
427
424
426
424
415
431
426
425
418
414
425
432
421
424
425
427
432
423
430
427
425
434
420
431
432
425
433
421
429
431
426
436
428
431
430
438
431
434
428
436
440
429
438
423
437
438
428
444
429
438
433
429
442
441
438
438
440
440
438
441
440
442
436
443
439
438
440
431
442
441
429
444
427
444
432
432
444
436
435
435
427
440
437
434
430
434
438
434
435
430
439
868
435
431
438
430
434
424
433
430
421
426
418
424
431
422
417
419
421
430
421
419
414
422
424
414
421
417
422
418
415
423
414
424
424
417
424
412
424
426
420
420
406
422
425
423
417
412
426
424
426
422
416
431
427
429
421
421
434
430
428
420
422
430
428
428
419
430
426
430
413
428
429
423
428
415
429
431
426
428
412
433
431
423
430
417
433
429
421
431
416
434
428
422
433
418
435
424
422
431
422
426
424
416
426
419
420
421
410
425
423
421
421
414
413
420
422
419
412
414
422
421
420
414
413
420
426
423
419
416
420
429
422
419
415
421
427
429
416
422
422
421
430
410
422
422
420
428
418
425
426
425
431
420
426
422
423
428
415
423
422
419
428
421
422
410
423
427
416
417
414
413
418
416
417
419
411
426
420
420
415
415
422
418
418
416
416
423
420
421
416
417
425
424
425
416
418
427
424
424
423
417
419
420
427
421
423
416
418
427
411
424
424
421
423
410
429
435
424
429
419
433
432
433
426
432
426
432
422
435
431
427
435
436
432
433
416
438
437
429
434
425
437
437
427
438
422
436
431
424
437
426
434
428
421
427
428
419
429
427
424
422
415
432
424
425
424
415
428
426
426
421
419
420
424
418
418
413
418
421
409
422
420
417
422
405
423
418
419
413
406
411
420
418
415
407
424
418
418
418
411
424
416
421
420
412
426
418
419
415
408
422
417
419
415
408
425
418
423
419
409
422
427
420
415
417
429
424
419
421
425
424
426
414
426
431
425
429
420
434
428
423
438
434
436
427
428
435
434
430
432
436
429
434
428
430
432
424
431
426
425
431
419
429
428
422
427
413
430
426
420
423
419
429
426
424
425
412
428
428
422
421
408
424
429
419
418
417
425
421
418
418
414
426
423
422
418
412
426
422
427
419
413
429
424
422
413
425
419
424
413
421
424
420
425
410
424
426
423
425
416
425
423
421
426
415
432
424
425
424
410
425
432
424
428
416
434
424
417
426
410
425
424
416
429
416
422
423
414
429
422
424
422
412
424
425
411
424
426
419
426
410
426
427
420
426
412
428
426
420
428
412
426
431
423
427
422
422
424
413
424
424
423
426
413
426
431
427
430
418
430
430
428
428
424
428
426
422
412
426
424
423
418
413
424
424
424
416
413
421
427
424
420
415
415
430
424
422
416
415
428
427
419
415
429
426
425
418
418
423
425
424
421
432
427
425
428
415
430
431
421
428
413
429
430
418
428
413
428
426
419
424
410
426
419
417
427
419
422
420
414
430
427
428
425
418
434
433
434
426
422
431
431
423
422
430
431
430
425
429
437
426
426
842
429
410
422
420
423
419
423
416
425
420
419
418
416
425
421
418
416
413
425
419
419
413
417
421
421
419
408
426
424
420
423
409
426
845
425
405
424
424
419
421
404
424
419
415
422
418
422
414
408
423
420
418
418
417
418
423
411
420
421
419
425
414
425
421
419
422
406
418
421
414
423
416
425
424
420
424
412
424
426
407
422
424
422
427
418
422
416
428
426
428
422
429
422
424
415
430
428
420
433
416
432
424
426
434
418
431
426
422
433
426
426
426
418
432
428
428
422
413
427
422
420
422
418
431
426
419
424
421
424
425
417
420
411
428
426
418
427
411
427
426
417
425
409
429
424
418
423
409
425
425
418
411
418
421
421
414
418
414
417
421
416
417
404
421
422
414
419
406
419
423
417
421
407
415
421
415
423
411
420
413
419
423
411
425
424
418
423
407
425
426
423
421
411
430
421
424
420
411
422
420
420
420
414
426
419
423
421
414
427
418
421
415
410
423
421
415
409
419
424
425
418
415
426
427
427
420
418
428
426
429
420
423
432
432
429
422
427
432
428
426
419
433
432
427
431
432
429
432
418
431
435
427
428
420
434
423
424
415
418
423
419
417
422
423
419
422
410
422
422
420
423
409
420
420
414
422
410
419
420
417
426
412
421
422
420
429
416
423
425
422
429
416
427
431
425
429
416
428
428
423
435
427
428
427
424
434
432
433
436
436
428
437
437
434
432
431
435
432
420
433
437
427
430
429
430
433
424
434
427
431
428
434
431
442
434
437
436
434
432
430
435
435
427
436
436
427
435
429
437
430
426
433
426
426
430
422
433
432
428
433
425
427
425
425
424
433
428
432
426
429
429
421
432
434
427
433
415
433
432
424
432
417
432
426
424
424
415
431
426
420
433
425
430
422
414
431
426
426
423
423
425
430
428
426
426
431
431
425
441
438
433
430
422
438
429
425
435
426
428
423
419
427
424
425
419
412
425
418
422
413
407
425
417
421
415
408
420
418
422
418
408
422
419
421
417
409
419
422
420
416
407
419
419
417
420
411
417
415
419
414
408
420
418
415
417
413
414
421
410
423
426
423
425
413
427
430
421
428
427
426
428
422
435
430
429
432
420
435
437
427
438
430
428
435
426
438
438
431
431
432
429
426
429
431
438
422
436
435
426
433
419
433
428
425
431
425
431
428
421
433
427
428
427
422
421
432
431
426
424
422
426
423
425
422
423
423
423
422
410
423
425
420
418
407
422
421
419
418
412
425
415
419
418
410
423
414
423
421
416
421
415
415
421
413
414
424
424
426
418
415
422
421
424
419
419
427
426
425
421
421
430
428
425
421
423
427
423
427
423
428
430
420
429
429
432
431
421
435
436
427
436
425
438
429
427
439
433
431
431
421
435
428
427
421
428
424
427
426
418
426
431
420
415
422
421
426
421
415
430
421
424
421
413
425
424
420
413
412
424
419
417
412
408
427
417
418
424
408
425
425
416
425
422
421
422
415
430
422
427
421
415
432
427
431
422
420
433
432
427
421
418
434
427
425
420
421
436
427
428
419
427
432
428
429
424
432
431
429
428
425
431
429
425
420
423
427
427
427
424
427
432
424
429
427
427
434
420
427
431
430
430
417
429
435
427
431
426
434
435
430
434
432
433
436
427
432
425
437
434
429
430
428
430
433
425
436
433
430
431
413
428
433
424
431
424
426
430
429
422
431
431
434
432
434
438
429
429
432
435
434
422
432
435
426
432
423
434
435
430
435
418
433
437
427
434
433
428
430
430
428
433
429
432
432
431
436
423
432
428
426
422
415
428
421
426
420
412
428
420
421
413
409
417
416
417
417
410
411
418
418
419
413
411
413
423
421
417
410
412
420
421
414
410
413
422
423
416
414
413
425
425
419
415
419
428
426
422
417
417
427
426
423
418
415
428
425
423
416
422
423
423
419
423
426
417
426
426
425
426
413
427
436
429
422
419
435
434
429
422
424
434
429
427
419
421
433
432
428
418
422
430
431
416
426
426
426
423
415
427
423
422
423
410
425
427
424
424
409
423
427
419
423
411
423
424
421
423
408
426
426
422
423
410
425
423
424
421
412
423
422
419
426
411
421
422
416
424
420
419
418
420
425
412
419
418
417
425
411
419
417
419
422
418
417
414
414
421
419
423
416
415
423
418
424
416
415
424
425
422
418
417
423
424
427
419
417
426
425
425
414
416
420
422
424
412
422
422
422
428
414
417
416
427
424
415
422
404
422
423
418
417
406
422
423
421
417
412
417
422
415
416
426
426
424
421
420
424
425
425
417
432
425
426
427
417
434
426
430
424
416
434
428
428
424
415
431
428
428
420
416
432
428
424
423
415
429
428
419
430
424
428
427
421
431
426
429
428
420
434
430
430
425
418
433
428
433
419
420
427
427
418
425
425
434
428
423
426
420
427
428
425
425
429
430
430
428
427
434
430
430
430
431
436
420
431
434
428
429
414
427
431
423
426
410
425
427
418
423
406
424
423
416
421
406
423
423
416
420
406
423
420
418
415
402
420
423
411
417
413
416
417
415
416
414
413
419
418
420
412
412
417
427
427
418
414
416
426
421
422
418
412
424
420
425
425
420
421
424
429
425
409
423
427
429
424
409
424
429
428
421
415
428
425
426
418
408
426
428
428
420
414
430
426
428
427
421
421
433
423
417
414
431
433
421
425
420
430
428
424
425
417
429
428
423
434
424
427
427
417
435
428
427
435
418
420
425
429
427
420
421
421
428
422
413
419
425
422
418
408
424
428
419
417
417
420
430
418
413
416
430
428
419
424
412
427
427
417
429
424
424
425
418
433
426
427
426
415
429
432
420
424
408
424
422
419
419
413
424
425
419
420
415
418
427
424
421
418
422
426
426
427
414
424
429
427
424
411
426
428
424
426
416
430
427
428
425
416
437
428
428
426
416
428
429
424
420
418
430
426
422
424
417
428
429
423
428
425
425
422
415
432
428
427
426
419
431
429
426
421
418
430
428
426
419
421
433
428
426
421
423
434
430
426
425
432
428
431
419
428
432
427
433
422
426
432
432
434
423
427
434
424
428
426
430
432
420
419
417
431
432
422
420
423
440
425
422
426
428
430
433
418
419
432
429
430
419
421
434
430
430
424
427
433
429
430
428
433
435
423
428
434
427
433
422
429
434
430
429
423
427
430
427
423
419
435
429
427
425
424
435
432
428
422
427
432
427
424
426
427
417
427
428
424
427
414
429
432
425
431
414
430
433
425
430
419
432
432
423
433
419
432
428
426
427
420
429
424
423
420
423
425
429
421
417
422
425
425
421
414
418
425
424
421
414
412
426
422
421
416
411
426
425
424
417
412
423
420
423
420
414
416
419
420
417
410
410
419
415
422
413
409
418
423
422
416
411
417
421
425
417
412
417
425
428
417
413
421
430
427
419
425
417
426
426
421
427
423
425
427
416
427
429
424
427
422
424
430
427
428
421
426
430
418
424
430
426
425
418
431
429
427
431
418
431
435
428
430
416
430
436
425
433
417
432
433
423
432
414
428
434
426
428
426
427
433
418
427
423
423
428
425
427
420
428
429
423
422
417
427
429
424
425
415
427
433
425
427
418
419
424
427
428
413
418
418
422
425
411
417
412
415
417
419
417
410
408
412
422
416
417
412
405
417
407
417
420
410
409
401
411
418
417
418
413
411
405
421
418
420
417
410
425
421
417
425
417
420
418
424
423
417
416
415
427
426
421
416
415
427
424
425
424
413
422
426
432
424
422
429
426
427
423
417
428
434
431
427
422
434
432
422
422
419
415
422
423
421
421
419
428
428
421
414
426
413
424
421
415
425
411
424
428
422
427
415
428
433
424
429
419
424
429
429
427
422
432
434
429
427
417
431
433
425
428
421
431
428
428
427
419
436
430
428
429
419
436
432
429
428
420
434
428
427
426
418
430
429
425
426
420
427
422
420
417
403
421
425
421
418
417
415
420
422
423
417
414
415
426
420
418
416
412
425
421
421
419
411
426
417
419
425
416
421
423
419
427
415
422
421
422
421
417
419
418
416
416
424
421
416
421
420
422
427
419
420
422
426
429
416
428
427
426
431
418
425
426
421
424
409
417
424
420
417
409
415
404
420
419
411
419
405
419
417
414
417
405
412
411
410
415
414
410
407
403
407
415
410
413
411
406
420
408
417
420
412
416
404
417
422
419
417
408
418
419
415
426
410
418
418
419
423
418
418
414
412
422
422
422
416
422
420
420
422
415
419
417
417
420
422
417
418
416
424
423
420
412
424
423
417
425
410
423
419
422
434
411
428
429
420
424
417
425
425
420
425
409
418
421
422
422
415
416
428
424
422
423
419
426
425
424
424
421
431
428
428
423
431
435
426
433
420
432
437
426
438
425
431
432
426
440
437
432
436
423
433
434
434
429
434
429
432
433
431
437
431
438
428
436
436
436
428
437
436
432
433
426
438
432
430
422
428
430
421
428
426
430
426
428
427
427
434
430
426
425
431
436
433
432
428
436
438
434
422
431
438
432
435
423
433
438
429
439
430
433
439
429
432
423
435
432
419
429
429
427
428
417
427
428
424
428
420
428
428
423
428
414
427
428
423
429
414
425
423
423
423
418
428
416
426
432
422
419
419
433
427
424
419
414
429
428
424
423
414
427
427
422
425
421
419
426
424
424
418
415
422
423
429
418
415
417
429
424
418
416
416
428
424
422
417
416
429
426
424
416
421
431
426
422
418
416
430
425
423
420
418
430
428
424
417
418
430
427
414
425
431
426
424
425
423
433
426
428
422
423
429
426
425
424
421
427
422
421
421
414
426
421
422
418
414
424
423
420
416
410
412
424
422
412
421
409
420
421
419
420
406
421
424
420
423
415
423
424
428
422
417
423
412
425
426
418
425
413
429
427
420
431
416
431
431
422
425
420
426
425
419
423
419
425
428
422
423
419
428
430
421
425
420
424
427
422
424
421
422
429
425
424
421
424
428
422
425
429
424
429
418
432
429
426
434
423
429
430
430
441
438
430
433
421
433
431
426
430
421
434
425
426
419
427
431
427
425
419
426
430
424
423
421
419
430
423
422
419
419
427
424
423
416
425
423
421
416
414
424
429
423
421
418
423
425
426
424
415
418
428
424
420
416
413
428
423
419
414
415
426
426
421
418
421
430
429
426
421
432
431
427
424
426
433
432
430
427
433
431
422
428
426
424
433
417
431
427
426
428
416
428
430
425
428
418
426
435
425
429
418
429
429
428
431
412
428
434
423
426
409
426
426
422
424
411
425
427
418
429
417
423
429
418
423
425
424
429
416
424
423
421
428
421
423
426
425
429
416
425
422
425
425
422
416
425
427
426
424
418
424
428
429
425
419
426
431
429
428
428
433
431
434
432
434
438
429
438
440
433
446
429
447
441
439
448
442
439
443
437
446
445
442
441
443
445
442
445
439
445
436
444
441
437
438
427
438
440
431
438
423
438
438
428
436
424
425
426
425
422
433
427
427
424
424
427
426
423
415
418
421
420
419
414
412
423
418
420
413
413
425
420
420
416
413
418
420
419
410
411
420
421
417
414
414
420
419
418
413
414
422
423
418
413
414
422
421
416
421
417
425
423
423
422
419
429
425
426
426
423
420
424
432
421
432
425
425
422
420
432
426
425
431
428
426
427
420
428
431
424
431
424
434
437
431
438
426
438
434
433
438
437
432
437
436
431
438
430
432
435
427
443
433
432
446
438
434
432
437
428
435
430
427
432
423
435
434
428
433
419
434
434
423
435
416
432
429
416
429
410
427
426
420
427
410
425
428
421
427
412
429
429
420
428
414
428
429
423
433
429
427
432
420
435
433
430
428
417
430
430
429
424
415
424
424
421
419
410
422
422
417
420
411
427
422
420
423
409
422
426
422
423
419
428
432
427
430
421
433
435
430
431
422
431
434
428
435
436
433
437
423
438
437
434
438
423
438
432
429
428
429
430
433
432
425
433
432
430
433
431
436
428
433
429
433
430
422
428
428
423
424
411
427
428
420
424
420
421
423
418
419
412
423
429
418
423
420
421
427
413
417
413
423
428
415
428
426
425
426
413
424
427
420
427
416
426
413
424
427
419
424
407
423
423
417
411
406
414
411
409
417
408
403
402
414
410
412
406
404
409
400
407
414
411
412
407
407
414
416
424
417
412
412
422
419
421
417
410
426
422
423
421
417
413
418
419
425
417
423
423
420
426
416
422
422
422
427
423
416
417
431
429
421
425
426
426
432
422
431
427
424
429
428
431
427
430
431
426
428
430
428
432
426
435
438
428
435
426
434
437
428
436
418
431
436
426
437
418
433
435
425
434
418
434
433
425
432
418
435
429
424
429
416
434
430
424
434
420
433
428
426
436
428
432
428
425
437
430
429
431
428
426
431
430
430
414
426
433
426
426
420
423
425
423
423
416
421
426
425
424
424
426
427
422
423
413
427
431
424
420
416
427
426
423
425
417
417
424
424
421
418
418
424
424
424
414
420
419
421
418
407
418
421
426
420
417
423
411
423
427
417
427
416
424
424
418
424
411
425
423
419
422
411
427
427
423
418
414
428
425
424
421
417
425
425
420
435
427
426
427
419
431
433
426
435
421
435
434
428
434
421
429
433
424
428
429
429
434
421
430
433
430
433
422
432
432
427
431
428
428
427
419
433
432
428
427
428
434
431
429
438
438
435
432
428
429
441
431
438
434
428
427
419
426
424
422
423
423
421
430
425
423
426
423
428
427
424
422
423
428
425
429
425
430
429
422
428
429
429
433
423
432
438
427
435
420
436
438
429
440
421
436
433
429
438
433
431
430
423
435
430
429
426
435
427
431
431
432
432
426
436
438
429
439
426
443
434
432
443
434
432
432
427
437
430
428
427
431
429
434
425
432
432
432
431
434
434
432
438
431
428
436
430
431
433
429
429
431
428
435
435
425
427
431
423
423
429
423
432
425
427
429
421
427
435
424
431
423
429
422
422
433
423
426
426
419
430
428
423
427
417
430
430
422
436
417
436
427
425
433
432
426
436
433
427
434
432
437
434
432
431
429
434
425
431
428
432
429
424
427
426
418
431
411
430
420
417
428
411
423
417
418
425
419
418
418
412
425
420
421
419
413
429
423
424
421
410
424
424
423
417
416
431
424
424
417
423
426
427
425
419
428
430
427
425
426
430
429
431
428
430
433
423
431
427
427
432
424
432
429
430
432
427
423
430
429
427
417
432
436
423
438
420
435
432
430
437
432
426
428
419
430
427
419
430
416
430
429
420
429
423
423
424
423
434
423
421
418
418
427
421
421
420
420
426
421
424
424
421
432
430
427
430
421
435
434
433
434
430
440
435
437
437
434
436
436
433
442
874
442
438
435
437
428
442
435
434
430
437
434
437
424
438
438
431
438
428
433
429
428
439
434
435
443
440
437
437
433
441
437
438
435
440
435
440
438
440
440
434
439
439
433
440
429
435
434
426
434
436
425
432
422
437
431
425
439
424
434
426
433
438
435
433
434
429
441
438
434
433
438
436
439
436
441
438
432
441
437
437
441
439
434
437
439
439
445
437
433
442
438
427
438
434
428
435
422
438
433
423
438
419
438
431
428
433
433
429
431
432
433
434
428
437
439
436
438
425
443
435
433
441
436
429
441
436
445
437
436
441
440
431
438
425
432
435
429
435
436
428
434
422
437
428
426
432
430
428
424
426
433
432
431
427
436
434
438
431
437
436
434
429
437
434
438
422
436
435
434
439
437
435
435
428
439
435
436
433
440
434
439
437
439
438
432
438
441
432
442
433
432
432
433
435
433
426
438
441
434
438
433
440
437
434
439
441
434
445
436
438
439
434
446
438
434
441
442
438
448
438
437
443
434
440
440
435
443
442
438
438
440
437
444
437
440
442
436
445
443
438
447
444
438
437
437
437
438
433
438
433
433
434
428
439
435
434
433
437
438
435
437
435
440
433
438
440
430
441
441
437
443
438
438
442
436
430
438
438
432
432
438
424
434
436
420
436
433
427
436
418
434
426
424
429
421
424
425
417
424
422
424
420
412
422
426
422
428
423
424
432
423
431
431
428
434
423
431
437
427
432
429
431
433
428
434
433
435
431
441
437
437
434
439
438
433
436
427
438
438
432
449
435
435
441
434
437
437
438
438
440
436
445
446
437
453
439
442
445
438
447
444
448
446
445
439
450
445
437
451
436
438
443
429
440
436
434
442
439
439
437
440
435
444
438
438
440
428
439
439
434
444
429
431
430
423
437
432
430
443
429
433
437
423
435
439
430
438
437
435
443
444
436
452
438
444
441
437
448
442
440
441
443
438
447
441
448
447
437
443
445
438
436
438
437
437
438
440
440
435
441
444
436
444
429
438
438
427
441
437
433
441
442
434
448
435
438
438
434
447
439
442
439
443
439
447
447
438
448
434
446
437
432
439
437
435
430
428
430
430
424
435
436
431
429
417
432
435
430
435
433
433
436
424
438
438
433
441
442
438
438
438
447
444
444
441
448
439
447
449
438
454
439
444
445
441
448
445
448
442
450
439
451
447
440
451
444
447
446
438
446
445
440
452
440
440
441
436
446
438
442
439
447
437
449
440
443
444
432
444
438
438
448
442
442
438
438
444
439
438
438
437
430
438
439
434
443
427
438
437
871
443
434
438
425
438
433
430
441
437
434
430
431
437
436
435
430
437
438
438
438
438
439
428
439
442
435
445
432
439
439
432
444
442
440
436
440
438
441
426
443
439
439
446
441
438
445
437
442
442
436
446
445
438
449
434
446
440
445
438
442
437
450
438
444
439
439
447
443
440
440
432
438
440
440
442
440
438
441
430
440
437
439
435
442
433
445
440
434
441
870
442
436
443
427
438
429
431
438
432
430
428
423
433
433
428
428
423
437
431
429
426
424
436
432
433
426
432
432
432
429
432
433
426
434
434
433
434
423
434
434
428
439
436
435
435
428
436
436
428
435
422
437
433
431
438
429
431
436
432
434
437
430
440
438
433
442
428
447
439
442
437
446
438
447
440
442
443
435
446
447
440
447
433
443
438
435
444
443
438
443
444
436
441
439
442
442
436
445
444
439
442
445
441
448
440
447
446
438
450
446
443
450
445
443
442
439
444
444
435
447
439
438
434
438
430
439
432
432
434
428
429
439
430
433
426
430
431
423
431
435
425
437
423
438
429
431
442
435
435
436
425
437
434
437
434
440
433
439
438
431
438
428
442
435
436
445
438
437
437
438
438
440
438
438
440
434
444
441
433
448
434
436
443
437
441
442
433
443
444
436
453
439
439
441
435
447
440
442
440
445
438
448
438
443
441
437
446
441
441
447
443
442
439
446
443
444
433
450
441
440
451
442
439
435
441
437
438
437
438
439
429
440
434
436
438
436
438
438
432
445
441
436
443
428
447
439
439
445
442
440
440
438
444
441
438
439
443
434
448
441
438
438
434
443
438
441
440
438
438
446
435
438
440
440
444
444
438
442
431
440
437
436
441
440
437
441
430
438
437
433
442
440
438
436
443
438
443
442
441
443
435
446
443
438
447
432
441
436
437
444
441
438
438
430
437
433
431
438
435
435
434
439
433
439
433
435
438
431
442
440
429
440
423
443
432
433
442
435
433
434
429
440
434
435
432
436
434
435
437
432
441
432
442
434
437
438
432
440
438
434
440
429
440
428
430
438
429
429
428
421
437
427
426
428
428
425
427
417
428
430
423
424
418
432
424
425
425
428
429
427
430
428
431
428
434
425
431
437
428
438
431
433
435
425
440
434
426
436
436
432
443
436
434
441
437
440
441
434
441
441
436
439
431
444
440
437
451
442
439
439
442
441
444
439
443
444
436
445
444
439
447
438
437
437
431
443
435
436
432
439
435
436
436
439
435
440
446
439
436
442
428
443
438
438
443
442
438
436
440
440
438
436
442
441
434
441
440
434
442
429
445
436
438
441
437
434
445
441
434
442
426
447
437
438
446
439
438
440
438
443
441
442
442
440
450
448
443
451
450
443
446
447
448
448
446
446
445
444
444
442
441
443
440
440
444
441
441
443
438
445
445
438
442
440
447
443
444
438
450
440
442
444
442
439
448
447
443
452
458
475
466
469
470
467
479
471
473
472
473
473
490
488
529
503
547
518
521
542
522
546
521
531
572
572
589
554
598
581
611
622
711
645
692
770
793
725
732
631
607
638
627
698
743
714
666
663
669
655
669
829
752
796
756
775
757
788
737
769
731
779
753
779
811
802
829
751
770
732
736
741
721
747
742
740
782
773
772
774
733
751
782
751
823
825
776
762
762
759
841
842
797
847
801
782
784
745
815
865
798
797
782
770
764
779
777
767
723
710
662
617
627
637
697
811
832
653
660
651
646
643
669
693
675
697
694
665
647
653
655
660
646
644
667
680
707
756
797
736
706
707
691
704
852
965
829
797
756
773
743
740
799
830
743
783
733
720
701
657
656
654
644
638
630
640
661
676
712
723
704
708
707
680
683
674
669
679
708
702
734
783
726
727
710
707
729
703
727
713
692
742
712
691
689
672
646
638
623
625
641
663
645
696
732
723
699
710
725
690
719
751
874
849
785
800
797
754
798
824
857
806
827
792
772
801
807
738
738
669
678
718
711
706
729
708
749
680
694
695
649
651
692
695
723
777
808
771
734
756
765
778
745
755
792
766
780
786
776
759
782
781
762
758
800
781
853
927
841
854
836
767
780
781
786
852
867
877
869
795
800
784
743
760
738
708
734
777
767
794
812
771
768
774
722
741
770
813
801
831
824
765
770
768
727
751
769
815
766
785
802
761
760
762
735
759
799
770
781
812
821
792
808
797
764
765
760
717
745
768
743
767
726
730
739
753
729
744
742
758
824
829
827
835
772
786
787
744
766
767
722
717
716
687
675
689
693
709
723
758
721
712
729
753
728
758
742
694
686
703
724
701
728
770
822
788
817
815
756
750
778
811
769
796
832
828
776
811
766
728
746
765
731
750
783
749
790
818
767
789
749
727
735
743
722
787
880
822
821
856
837
783
837
859
786
833
830
796
865
891
799
845
821
782
859
895
825
868
894
876
894
900
884
843
848
808
854
859
813
834
850
798
813
851
823
816
912
905
822
839
847
811
846
867
852
803
820
816
767
786
803
831
791
884
887
811
867
865
798
849
894
886
869
959
883
847
874
880
830
879
902
856
862
875
807
820
881
896
796
830
840
791
840
861
868
800
831
817
773
805
813
816
783
846
834
765
792
804
806
781
839
880
815
831
844
796
789
835
839
809
890
851
813
854
836
806
851
880
812
860
857
790
804
755
749
735
753
758
762
789
790
750
748
759
754
742
747
755
740
737
756
762
750
761
782
805
803
804
855
828
766
790
848
818
789
824
780
765
774
785
840
826
919
910
862
895
879
814
834
863
865
832
885
881
819
859
884
883
814
811
804
814
876
875
814
848
880
862
884
912
849
847
829
851
853
897
889
847
863
870
807
861
859
817
831
842
812
810
839
889
815
873
867
808
845
871
852
827
847
861
825
887
882
820
840
826
801
816
816
803
765
742
724
730
687
694
689
698
721
744
770
760
755
775
775
777
788
826
771
840
853
866
874
869
845
805
844
878
934
891
846
868
831
776
812
818
786
814
893
871
802
836
819
764
771
777
791
749
785
797
757
719
725
712
742
755
744
753
767
726
763
831
794
852
871
750
800
852
767
804
817
805
730
746
767
812
853
822
788
748
772
808
823
858
970
1118
951
895
794
802
784
737
771
798
809
939
950
848
777
806
839
835
814
965
906
875
882
904
919
823
861
910
899
834
874
886
805
823