1079
1236
1214
1175
1093
1065
1047
1021
1056
1151
1183
1192
1131
1122
1075
1038
1030
1051
1113
1293
1396
1308
1181
1129
1161
1279
1394
1397
1237
1159
1168
1227
1305
1275
1285
1334
1163
1083
1159
1158
1108
1139
1219
1163
1101
1116
1154
1196
1229
1229
1130
1023
1036
1108
1188
1219
1125
1033
1016
1089
1180
1221
1096
1047
1072
1099
1132
1119
1129
1183
1212
1143
1151
1178
1190
1117
1118
1238
1238
1160
1083
1057
1179
1294
1163
1094
1136
1154
1104
1068
1035
1115
1159
1188
1157
1142
1120
1095
1080
1123
1213
1174
1131
1145
1192
1124
1125
1153
1269
1154
1099
1133
1162
1086
1079
1126
1295
1159
1094
1104
1131
1127
1088
1083
1166
1188
1214
1123
1170
1218
1105
1096
1137
1349
1171
1128
1147
1212
1170
1108
1122
1189
1180
1139
1108
1162
1250
1213
1073
1089
1208
1182
1110
1162
1266
1135
1121