866
834
931
983
896
860
898
837
867
862
907
978
824
837
795
812
863
962
928
886
946
838
858
807
864
895
951
921
988
888
874
854
822
988
886
1287
980
964
911
897
1010
1053
1052
1035
1016
969
916
932
1004
902
1208
1156
974
1009
1013
915
1015
1069
1082
1090
1045
928
1005
1023
901
963
929
861
884
1016
1014
927
966
963
892
927
950
893
999
996
911
1000
948
949
942
954
910
986
952
935
941
868
874
885
957
1051
1036
893
964
1001
989
948
1048
1102
1074
1191
1067
1024
1032
981
998
1142
1105
1166
1123
994
1041
1031
950
1073
1024
977
1045
995
964
989
920
938
994
901
965
959
869
915
954
886
1047
980
964
1030
905
938
984
895
1068
997
1016
1146
1018
1073
1063
974
1063
986
986
1017
959
1092
999
989
997
901
969
972
905
916
843
861
857
884
819
861
853
885
869
838
861
883
842
876
880
846
888
979
880
965
909
842
864
865
813
845
857
823
886
959
849
896
876
844
917
968
882
945
896
852
882
860
831
872
823
846
820
896
977
893
850
848
835
842
823
889
880
921
929
881
835
894
894
833
882
882
821
870
880
855
988
1038
919
979
933
896
908
841
898
940
867
991
1004
896
933
916
845
875
876
812
834
826
790
775
786
909
878
874
863
818
816
814
810
785
800
812
792
798
858
933
953
980
900
867
809
831
845
911
894
990
937
862
903
878
820
831
782
767
806
816
836
848
856
846
835
821
800
786
731
739
697
692
670
659
657
650
646
653
668
693
809
879
815
900
904
838
877
885
822
874
848
832
917
911
909
1013
908
882
875
829
878
935
892
948
907
864
851
807
809
817
896
944
884
874
858
821
838
850
908
845
854
836
829
815
817
842
817
871
876
854
880
845
841
814
786
786
769
787
898
884
1025
923
857
855
808
806
828
903
908
899
944
896
847
918
956
851
902
883
868
1028
945
1005
1024
883
925
902
872
1045
983
927
1163
994
985
979
892
907
857
920
940
977
939
929
875
877
898
890
880
917
889
912
943
858
860
819
821
798
811
830
898
942
875
886
865
833
853
813
832
812
810
786
801
786
852
883
912
859
889
890
941
849
901
911
940
868
942
948
874
948
954
870
891
898
931
858
924
1002
874
934
920
854
905
926
861
898
914
855
905
913
837
866
854
833
876
887
838
875
873
853
875
868
866
825
884
957
896
1002
1114
913
920
955
910
993
889
854
866
913
910
979
992
883
1057
1002
906
938
914
850
881
896
872
943
997
908
912
908
847
839
865
846
848
843
898
852
874
913
896
841
852
842
806
822
836
822
827
871
869
815
836
844
814
851
861
870
844
901
854
806
810
772
795
849
796
818
853
878
855
828
870
944
860
829
843
851
830
853
861
907
836
948
1003
864
881
866
803
787
777
918
994
990
1261
1145
1010
907
828
826
834
834
819
807
899
981
1069
1014
980
932
840
861
858
884
874
955
945
862
907
875
828
839
842
824
842
894
985
867
951
905
858
889
873
858
938
983
872
979
892
860
901
892
858
920
934
894
948
896
869
875
889
838
903
916
843
889
911
844
875
896
828
874
896
863
910
874
863
911
928
878
907
915
849
876
875
859
913
948
931
893
907
899
837
885
882
858
934
914
842
886
898
859
969
1063
952
1003
927
837
861
857
836
912
1003
948
968
1071
906
921
918
856
894
934
861
959
979
888
935
915
848
866
871
839
887
915
876
856
894
864
827
844
860
824
867
871
834
847
861
866
809
856
873
828
889
945
868
902
896
854
865
872
878
848
899
916
846
901
866
832
859
892
840
865
879
866
911
951
867
915
906
851
886
886
888
854
892
886
839
906
887
838
879
873
832
866
891
881
841
874
867
809
856
861
837
882
895
847
859
867
848
819
844
859
819
855
865
849
846
860
879
831
859
833
799
801
786
770
811
815
868
1005
911
910
957
920
873
867
819
835
834
894
869
877
885
864
886
846
847
813
772
778
764
787
770
781
778
808
793
767
784
757
740
730
721
725
760
790
790
805
793
780
770
724
713
685
653
638
620
607
597
585
587
572
567
573
585
612
667
740
809
812
883
882
994
1064
884
838
788
771
759
755
767
776
760
764
765
778
763
778
775
783
779
762
759
743
746
737
729
737
763
755
747
736
729
742
755
777
774
796
794
772
771
752
728
717
724
738
755
791
812
798
906
904
861
844
848
890
854
848
855
850
863
850
854
894
883
931
904
966
879
903
844
882
900
838
877
912
989
1052
1027
1003
934
892
873
860
806
822
820
866
877
862
865
854
878
255
633
879
896
882
851
900
959
1000
941
948
866
899
888
951
993
1024
904
886
815
840
786
789
775
763
742
713
720
720
745
774
787
783
755
802
938
993
926
869
814
813
793
791
768
770
771
804
801
813
846
839
800
822
816
791
792
798
772
769
773
799
779
819
860
873
844
905
879
894
906
878
941
974
966
946
897
938
978
900
879
810
822
813
824
793
795
804
841
809
869
925
829
847
791
794
769
773
792
772
764
819
952
926
925
871
817
776
743
746
787
909
883
833
799
796
810
847
812
839
848
852
862
820
831
843
843
805
786
837
953
1044
864
924
890
918
852
854
883
883
849
899
896
845
856
854
829
821
781
783
779
762
761
818
816
924
1003
928
880
899
855
812
811
787
755
760
869
895
849
1115
942
973
898
842
854
889
836
897
924
869
924
913
850
806
788
776
780
860
931
843
910
910
838
829
805
777
737
737
718
706
680
666
667
656
652
665
679
703
710
728
728
709
717
694
685
679
660
653
635
642
632
629
626
632
639
645
651
651
658
656
664
669
672
688
697
690
708
707
697
705
692
674
658
644
636
649
641
660
662
683
692
686
698
705
695
702
693
694
691
690
692
684
681
678
668
657
640
646
638
626
631
642
665
687
702
697
711
708
687
690
671
647
646
629
619
619
612
598
609
593
587
585
570
571
559
560
562
559
547
556
555
555
559
553
555
563
561
562
577
586
584
586
577
577
578
573
565
562
563
557
543
544
539
527
525
543
532
521
529
527
522
517
520
521
523
517
524
525
527
521
527
529
1048
523
525
522
517
520
520
516
522
518
516
513
516
508
503
504
507
508
500
497
498
1005
496
498
495
496
495
496
491
488
499
492
487
486
1464
487
486
487
488
488
482
484
481
484
484
484
482
487
486
483
486
491
487
487
482
487
827
642
488
488
490
492
490
490
975
495
724
270
493
492
498
498
498
487
487
494
983
489
488
490
496
496
498
496
503
501
507
504
510
509
505
501
495
497
494
491
488
488
490
491
486
487
485
479
484
483
482
477
477
478
483
484
483
482
483
983
497
504
504
509
510
509
507
510
504
505
504
505
500
502
500
496
500
499
497
491
981
492
493
498
491
499
501
495
488
497
492
492
491
489
492
493
497
499
514
520
525
522
1050
522
521
516
513
510
501
508
507
520
1064
531
524
530
521
1024
510
504
503
1013
513
511
855
697
1037
511
512
505
1005
501
498
1001
499
499
506
504
506
503
1015
507
506
506
507
506
508
511
507
511
511
508
513
722
301
511
506
513
510
505
515
519
520
521
519
521
520
517
521
516
512
1544
511
513
520
516
511
517
515
511
1011
506
505
507
506
507
510
510
508
515
512
512
510
513
513
504
1021
504
500
505
497
501
498
494
498
492
495
494
495
504
505
510
509
518
517
517
508
510
509
510
505
506
503
507
505
503
505
506
502
506
507
506
509
511
511
513
511
513
514
514
507
519
512
510
505
503
505
502
501
502
502
500
493
496
496
495
494
492
497
495
486
483
482
974
486
491
491
495
495
495
494
488
491
496
494
491
492
995
491
491
494
496
500
497
999
498
498
499
501
512
508
506
499
506
506
505
501
504
505
503
501
509
510
508
504
509
510
509
502
1020
504
511
512
515
518
524
525
526
528
527
526
524
521
521
515
517
517
1026
517
514
516
514
510
509
509
516
514
505
508
512
507
504
503
1011
503
503
509
506
501
508
1001
494
497
495
494
491
494
993
500
501
503
502
502
499
495
495
493
492
492
488
492
491
490
484
487
489
483
487
483
489
482
489
491
491
490
497
496
499
498
498
503
503
503
513
515
516
513
1030
510
501
498
985
483
484
491
488
489
490
496
494
491
495
491
492
492
493
492
490
492
497
494
494
497
498
495
495
489
497
489
488
487
489
491
491
493
979
491
491
491
488
491
491
494
494
503
505
512
516
516
522
533
535
537
542
548
558
556
556
554
549
549
550
544
547
554
554
551
538
539
552
559
563
560
560
561
560
554
555
558
553
551
551
554
561
568
587
587
594
601
593
592
593
590
589
590
594
595
607
606
612
629
643
636
635
627
625
615
617
632
630
640
650
646
628
630
627
619
617
626
634
627
634
651
644
638
646
645
634
634
638
636
622
608
614
632
656
670
656
647
632
620
610
606
602
604
619
646
645
653
666
654
656
658
647
638
641
650
649
665
684
692
693
707
706
693
710
707
690
699
723
709
721
733
719
695
703
693
689
709
740
723
732
732
720
693
680
657
646
646
661
692
682
692
700
679
667
662
654
646
653
658
664
676
691
680
695
697
696
666
649
628
618
619
639
682
677
682
703
719
709
697
696
709
680
692
702
700
700
723
741
704
719
710
686
700
712
700
717
721
725
705
683
676
659
669
679
677
688
692
699
685
691
702
679
676
684
675
686
694
688
692
691
689
666
652
636
626
632
646
693
693
723
771
739
729
735
734
704
690
681
662
654
670
685
681
711
725
713
734
727
731
718
695
692
674
657
647
624
640
645
686
681
689
701
702
687
689
688
669
671
667
665
653
669
673
667
654
673
697
739
719
692
676
654
645
616
598
593
578
578
573
565
565
565
579
577
575
597
602
596
609
604
589
595
595
574
584
572
566
557
568
558
553
560
556
553
565
562
557
552
563
556
551
559
558
555
562
553
555
561
553
557
559
550
561
550
551
544
539
547
533
544
546
539
535
532
529
538
536
535
548
563
573
592
592
586
580
587
572
572
568
563
557
558
550
545
553
540
540
544
543
538
538
524
528
538
512
524
534
521
521
526
530
531
529
540
538
534
540
538
527
535
530
527
513
527
518
500
514
508
492
506
501
491
502
506
500
500
507
520
505
512
1031
512
515
506
508
510
516
497
503
505
508
498
494
1000
487
498
490
492
490
490
974
478
480
489
477
476
489
479
471
474
473
475
480
475
464
469
468
476
466
473
950
477
484
480
481
485
483
485
488
491
499
487
493
485
491
486
478
479
484
468
470
480
477
463
476
483
476
470
480
966
485
491
491
491
494
498
494
499
499
496
497
497
499
494
494
495
502
485
488
498
489
491
495
500
499
499
502
502
502
500
501
502
498
503
505
505
501
504
496
494
497
1001
499
504
503
503
500
499
500
498
499
496
498
495
496
501
499
501
1019
517
517
519
515
514
511
508
504
507
504
501
503
500
497
501
516
509
515
520
520
515
513
511
508
510
504
501
494
498
501
501
506
508
515
513
513
520
519
521
522
1046
521
521
518
508
513
504
509
498
503
503
511
501
510
518
515
520
519
523
522
1042
510
1030
506
507
505
513
496
502
507
507
514
517
523
536
537
534
540
536
526
520
515
519
536
551
561
554
556
556
548
552
554
558
555
561
573
576
576
582
585
576
574
574
567
563
568
569
564
561
566
556
558
556
559
565
579
586
590
600
608
598
597
596
586
585
589
595
597
613
642
641
660
690
664
652
636
619
608
601
596
601
615
635
641
639
655
670
658
636
620
605
603
605
618
632
653
655
635
643
642
627
625
620
617
605
603
622
625
642
663
689
659
659
660
642
642
642
638
636
639
658
657
648
637
616
646
651
646
632
620
605
591
604
619
620
635
645
633
625
622
615
604
601
600
595
605
603
603
607
609
604
608
621
618
631
642
662
646
658
653
643
643
639
646
640
618
622
627
634
654
665
656
665
672
659
671
677
658
661
652
645
647
653
673
659
678
685
685
669
669
676
659
665
671
653
667
674
676
676
654
647
633
641
645
653
645
655
653
639
637
634
627
618
631
638
632
638
646
644
638
654
663
651
660
656
649
626
614
600
613
634
676
674
698
707
674
679
665
654
634
610
610
603
610
634
629
640
649
667
648
653
643
625
629
622
628
617
598
606
604
604
608
624
636
635
648
663
657
646
647
632
653
668
689
677
671
667
648
646
642
635
655
672
690
689
690
672
692
669
680
678
664
672
648
661
652
677
667
689
678
668
675
677
683
689
698
700
682
671
644
638
626
636
632
653
656
655
679
669
672
671
651
665
646
640
638
636
632
650
659
646
666
657
660
651
643
630
624
618
640
638
630
637
637
631
638
639
628
617
625
627
618
630
642
641
633
637
638
633
620
604
588
584
585
586
587
583
583
584
589
604
616
623
607
623
616
604
606
613
616
621
610
593
596
603
612
612
611
631
634
626
626
621
611
603
612
610
600
611
625
647
637
664
688
692
672
671
652
636
615
592
585
574
583
595
633
637
650
651
664
660
653
660
647
646
638
628
609
606
605
595
586
583
592
592
607
630
646
654
638
646
642
624
623
612
593
592
589
585
582
605
620
621
639
650
654
647
641
628
638
633
621
622
628
617
612
620
608
1222
605
601
610
591
590
582
580
580
582
576
566
574
572
575
575
577
577
568
564
560
555
552
553
554
547
557
562
563
568
578
582
573
1162
565
560
552
553
554
558
562
558
554
548
540
547
550
547
550
556
1121
554
559
559
555
547
555
555
550
540
549
546
536
548
539
546
541
541
543
538
542
538
531
526
527
527
523
528
526
521
527
530
525
523
528
526
522
523
521
517
520
521
518
517
521
526
521
516
516
525
517
517
519
521
518
523
526
520
520
524
1048
521
529
531
528
525
525
524
522
524
526
534
538
533
536
542
541
532
524
528
523
519
513
516
518
511
504
513
1030
517
521
526
524
526
532
543
544
550
552
547
550
542
536
534
527
525
517
515
507
513
510
496
511
510
510
511
1038
506
511
520
515
505
512
515
502
508
519
514
507
519
521
520
516
521
523
517
519
521
517
512
508
509
514
508
511
514
506
501
502
1012
495
505
503
500
503
496
507
506
502
505
496
501
494
490
490
499
493
489
504
502
507
504
505
506
504
497
498
496
499
495
497
492
485
493
481
486
487
497
494
1001
506
507
514
511
511
506
505
503
500
500
490
493
503
494
493
501
507
508
508
1039
522
522
524
519
512
515
509
496
508
1020
499
502
505
499
510
507
496
507
510
520
514
521
518
519
517
516
512
509
508
506
504
497
998
486
490
496
481
484
483
480
488
484
476
484
487
484
479
486
489
499
480
486
488
484
487
493
492
488
487
485
480
483
486
972
472
481
493
484
482
480
488
487
486
480
481
486
477
966
475
478
477
481
479
478
475
486
480
477
482
492
490
482
484
488
494
486
494
490
487
488
486
488
488
490
503
510
509
506
501
501
499
493
490
489
482
485
484
487
488
493
491
484
492
491
484
483
484
479
478
479
488
473
957
476
474
479
959
475
478
486
466
477
481
476
475
479
479
479
479
480
475
479
960
475
959
472
474
474
463
471
935
466
459
463
462
463
923
459
939
457
463
459
466
465
458
456
460
462
455
456
458
460
463
459
462
460
470
463
462
462
462
464
455
461
461
459
455
457
466
451
917
458
458
460
929
458
461
458
455
460
929
462
471
470
461
465
468
466
464
941
472
471
478
479
479
483
488
490
493
494
501
498
497
492
494
497
503
501
499
497
494
492
978
479
480
479
476
477
474
477
473
473
470
470
469
472
934
468
464
464
463
461
463
462
461
464
461
462
461
454
458
452
456
459
452
452
459
456
456
455
460
452
453
452
453
451
450
456
911
455
452
457
918
454
458
453
453
459
912
456
455
460
454
454
903
444
449
452
448
444
892
443
443
446
442
441
882
438
441
438
438
443
874
436
438
438
435
438
438
435
438
439
435
438
438
436
433
435
437
438
435
434
433
434
430
430
431
434
426
433
862
429
431
433
432
432
433
430
430
430
430
432
865
431
434
434
437
437
895
445
447
448
445
444
891
443
440
438
438
437
438
438
435
435
436
435
434
437
435
434
436
434
433
437
435
434
435
437
433
437
431
433
431
433
430
431
431
432
437
427
430
861
429
429
430
426
431
429
430
429
427
427
427
426
429
424
426
424
852
428
426
427
427
428
425
426
425
429
425
427
427
427
852
422
427
424
428
428
429
433
431
429
862
432
433
430
437
436
434
432
858
853
423
427
425
423
425
423
425
420
419
846
421
421
423
421
422
423
422
423
421
843
420
425
423
421
423
426
429
852
426
427
426
426
428
426
425
850
419
422
841
418
421
420
417
418
421
419
419
419
421
417
839
418
420
421
420
419
419
417
417
417
413
423
829
826
825
411
413
413
414
412
414
414
416
413
415
414
418
416
413
416
413
408
821
410
414
414
412
412
417
420
416
418
417
421
415
416
831
412
409
823
409
411
825
409
411
821
410
414
412
414
409
416
413
412
412
410
409
407
402
409
405
402
400
402
400
398
396
399
794
796
794
396
396
796
797
802
400
402
803
400
402
397
406
398
402
396
400
397
402
401
401
802
396
403
400
404
399
401
396
401
396
396
396
396
393
396
394
395
392
395
391
395
395
794
397
396
798
398
396
799
400
396
800
398
398
393
402
391
395
791
390
395
394
393
391
390
392
390
390
384
390
387
386
385
385
774
387
388
780
390
391
789
392
395
792
393
396
392
396
389
391
391
392
387
387
391
387
387
385
384
387
384
389
386
389
385
778
782
394
389
394
393
392
392
788
392
390
395
389
391
388
390
384
389
385
388
381
386
769
768
382
382
772
382
387
382
390
382
386
384
386
380
385
380
383
381
764
381
379
383
381
382
385
380
383
384
383
384
380
384
382
381
383
378
380
380
763
759
761
762
381
382
381
381
390
380
381
388
380
384
383
384
376
384
378
379
378
759
376
376
756
376
377
375
380
377
380
377
375
380
375
374
379
376
752
373
373
374
374
748
372
372
375
373
370
374
371
744
739
374
368
371
374
370
371
372
369
370
742
736
369
369
366
375
369
371
370
369
368
371
369
738
370
367
740
740
372
371
371
371
371
371
372
742
369
372
369
368
743
370
369
373
371
371
373
369
372
369
371
368
739
368
366
367
366
368
369
366
367
368
363
366
731
363
364
364
363
366
365
362
365
365
360
364
362
363
728
363
360
727
359
365
368
363
365
365
365
363
362
363
361
728
359
363
365
363
361
365
360
362
361
363
358
359
362
362
360
365
358
362
361
361
361
357
360
360
360
362
357
360
360
364
354
363
359
360
359
355
361
359
356
363
359
356
364
363
358
362
361
361
360
362
363
359
362
364
361
364
365
365
365
369
365
372
371
373
371
375
377
377
384
384
382
388
389
390
394
396
398
401
398
406
406
407
407
410
410
407
413
413
409
413
413
409
412
411
407
411
413
413
413
416
416
419
418
420
421
427
426
429
424
870
442
441
446
445
444
446
443
442
439
441
441
448
449
453
455
458
460
459
460
464
459
457
458
452
451
452
449
466
959
486
492
494
498
505
504
506
511
506
508
507
505
507
505
507
508
505
510
508
506
508
506
515
509
507
509
511
511
507
499
501
498
496
501
502
498
496
498
491
496
489
486
493
499
497
506
506
507
514
512
516
520
521
528
526
1074
1094
550
551
552
552
551
546
542
537
537
536
521
526
535
544
545
547
552
554
558
545
550
540
529
527
521
516
511
513
519
521
523
533
535
537
544
536
541
539
534
541
540
543
545
548
556
557
558
563
563
562
563
560
557
552
549
552
550
552
557
555
563
563
565
563
556
563
559
556
557
557
557
562
554
554
550
556
563
572
573
567
563
562
563
559
548
547
546
539
529
525
517
523
525
530
540
555
558
567
568
568
1148
572
574
569
566
566
560
561
559
557
563
558
565
565
563
565
560
564
561
560
560
560
557
560
556
563
565
564
568
564
566
564
563
564
563
565
570
566
573
570
573
568
569
564
564
563
560
564
558
1123
1121
558
560
559
557
562
555
559
562
555
559
555
551
549
542
539
539
540
546
552
550
560
557
559
562
561
1128
566
569
572
579
576
581
576
581
575
567
567
561
563
562
563
568
566
574
573
580
584
581
586
587
579
582
576
571
561
559
563
567
575
582
580
585
583
582
580
573
566
564
564
564
567
570
565
569
567
560
563
557
554
554
553
550
558
556
558
563
564
563
568
562
561
558
550
550
546
541
542
537
543
546
549
550
556
557
561
565
562
564
562
560
562
554
556
550
550
544
542
545
551
560
563
1145
575
579
579
577
575
579
581
573
576
574
574
569
569
571
570
575
579
576
585
584
579
582
583
583
582
579
575
574
573
570
573
571
574
566
572
569
568
573
573
573
577
575
575
574
580
583
575
584
581
573
575
570
562
564
563
563
573
580
584
595
605
608
608
613
611
599
597
586
574
577
567
565
569
574
574
577
573
570
585
592
596
594
601
594
587
587
579
573
569
568
569
575
585
594
606
605
615
613
607
604
592
588
580
570
578
571
572
568
566
566
562
569
571
568
578
580
575
584
575
585
581
579
572
573
569
566
568
567
558
565
560
559
559
559
561
563
570
573
569
576
576
567
573
568
561
564
563
553
559
556
552
557
559
554
570
569
581
587
587
592
589
582
576
566
563
557
552
555
562
566
572
577
578
586
587
585
587
587
580
579
576
566
566
561
557
547
549
546
551
559
570
570
571
575
578
569
577
575
568
573
576
575
585
592
594
599
597
599
602
593
596
589
577
570
557
563
560
571
591
589
592
594
591
586
588
582
572
579
578
573
581
589
596
585
595
591
582
579
567
565
563
559
568
569
573
586
587
590
600
601
598
604
598
596
592
581
583
573
563
571
563
560
566
563
563
573
575
574
583
584
580
586
576
581
573
562
563
559
553
560
561
561
572
570
575
577
577
587
595
589
601
594
588
588
577
572
577
568
583
576
577
578
594
593
597
603
603
588
598
590
584
570
563
556
557
550
550
559
563
568
578
582
593
592
591
588
596
594
586
590
585
578
581
576
575
1159
580
587
587
589
599
609
604
1223
603
604
598
592
592
587
589
585
581
1169
580
592
589
592
604
604
608
612
610
619
615
607
608
599
587
583
574
567
569
563
570
570
579
592
596
594
605
602
600
604
594
599
589
578
573
565
563
569
573
580
585
595
605
610
618
625
629
630
619
623
612
604
599
589
588
581
572
579
575
574
571
583
595
606
601
608
608
599
602
592
579
577
566
556
563
558
558
569
564
574
576
576
1166
582
584
584
578
579
576
579
573
571
573
568
563
571
570
572
1171
583
592
591
593
595
588
592
587
581
586
576
572
567
558
563
567
574
582
589
596
595
604
600
592
1185
582
583
577
579
579
582
596
598
600
614
614
615
620
611
616
615
604
609
606
604
613
606
618
615
621
618
613
623
623
613
622
617
607
613
599
598
593
597
599
597
606
601
605
598
1198
591
597
590
584
589
585
576
583
584
589
584
595
600
597
589
595
587
579
577
565
568
562
567
569
564
578
572
573
583
581
575
582
573
576
578
568
575
572
567
574
576
582
587
594
593
594
588
582
580
575
566
570
565
570
1137
569
577
575
584
588
586
596
594
594
590
582
1165
574
572
565
567
571
569
576
578
572
579
580
1145
1144
572
572
569
572
576
571
566
562
573
584
587
588
582
586
579
572
570
571
572
576
583
587
594
600
602
595
598
589
574
572
559
552
551
552
564
570
591
604
613
619
619
613
621
609
605
603
589
590
579
571
577
574
581
592
600
608
624
617
628
624
615
610
597
594
582
569
567
563
567
571
578
593
609
616
639
642
637
642
634
628
616
602
603
595
595
600
600
608
613
610
624
619
615
617
609
614
604
597
597
586
591
591
587
602
604
598
609
611
607
613
606
604
600
589
595
585
580
584
580
581
584
591
602
617
625
630
626
628
612
614
602
603
1208
599
605
609
602
604
595
599
599
589
593
588
575
580
577
574
583
591
603
609
598
634
653
696
665
671
648
634
623
608
605
592
584
582
575
569
570
578
588
607
616
620
660
777
792
756
729
695
682
663
652
648
642
641
652
676
765
781
756
747
715
706
686
662
655
647
649
664
684
682
695
702
687
686
679
670
664
659
647
648
642
639
641
645
646
650
659
659
663
671
665
668
666
663
664
664
668
679
686
681
687
682
681
674
677
667
657
657
653
647
651
651
646
663
655
653
646
632
621
613
621
632
665
703
759
781
738
746
768
777
775
755
745
729
701
690
674
674
712
701
694
671
652
625
616
596
588
608
647
751
967
928
849
801
771
750
756
742
744
725
712
724
713
720
731
722
747
739
730
736
715
729
716
709
701
679
685
676
671
682
687
680
703
708
694
721
709
692
707
695
677
687
667
666
668
672
659
676
678
672
693
688
676
683
665
665
665
669
667
678
680
682
700
690
687
694
683
687
680
669
674
674
686
701
710
710
715
718
707
685
671
681
677
674
700
704
702
717
728
717
722
720
730
706
716
712
709
711
712
723
701
722
721
712
725
725
723
715
737
739
734
718
727
723
701
707
697
698
690
709
715
713
730
728
712
724
708
687
693
675
666
673
682
686
720
730
727
737
732
705
705
690
675
671
666
667
666
675
684
677
687
689
680
685
677
666
670
666
667
654
668
676
688
698
714
727
718
730
728
706
710
698
682
691
686
682
700
699
697
717
720
710
714
704
681
685
671
656
662
659
672
694
691
682
670
657
651
644
645
646
652
659
686
717
717
739
745
749
732
725
712
698
685
693
701
701
707
724
747
765
770
774
753
740
735
722
719
713
697
698
695
702
696
725
737
759
760
762
761
758
745
730
703
680
658
655
648
644
668
692
747
765
784
776
761
745
735
708
708
693
676
687
678
681
686
697
699
690
701
699
703
689
704
696
680
669
665
669
672
667
677
665
662
652
664
664
676
663
674
677
683
677
700
693
687
702
707
683
688
682
676
661
673
677
698
697
710
720
709
724
719
700
709
693
673
666
662
658
674
689
688
707
716
727
719
719
717
700
707
704
690
693
691
681
674
668
695
779
806
804
795
776
760
734
725
719
724
744
762
784
821
851
846
809
793
771
757
735
740
743
732
729
733
731
718
723
724
703
704
691
682
670
672
669
670
691
723
748
729
752
752
733
754
737
720
721
726
724
726
755
772
828
766
743
720
691
687
670
654
656
655
658
658
683
702
745
762
748
753
755
750
718
719
711
692
710
705
713
729
751
755
739
749
738
714
721
708
692
702
701
713
716
758
751
734
751
741
729
721
716
707
687
692
692
690
699
709
725
721
731
728
695
705
694
676
683
673
676
699
709
720
751
740
727
738
729
703
709
692
675
683
688
700
723
724
716
722
722
694
708
701
682
689
690
690
717
721
705
717
714
695
704
685
667
682
679
696
695
713
728
738
747
760
752
741
736
712
706
690
680
684
679
676
706
713
705
719
719
699
708
695
680
683
670
654
662
652
652
649
658
659
660
672
680
684
674
691
685
672
677
665
659
651
658
661
661
678
677
672
689
676
666
674
662
659
666
655
668
664
676
670
677
688
704
689
709
705
702
703
693
694
678
680
675
673
661
671
675
693
688
708
708
698
709
703
692
690
686
685
667
679
678
682
680
701
709
703
715
711
695
706
694
683
684
677
675
666
673
679
685
695
705
709
698
706
688
676
682
684
671
680
683
684
690
687
682
667
664
658
671
675
672
685
690
692
677
687
683
677
687
688
697
687
702
697
690
698
690
679
683
680
683
701
710
716
700
701
716
691
685
683
671
660
666
659
659
666
682
686
688
707
724
707
728
728
730
712
712
718
696
695
684
687
681
687
687
693
704
714
726
719
732
749
731
737
724
706
707
697
692
698
692
708
699
718
720
710
730
733
716
729
724
693
696
689
686
691
690
714
776
728
727
714
687
689
675
659
668
663
665
683
689
714
698
722
709
691
695
683
667
671
665
675
675
694