403
404
405
404
403
404
397
409
398
411
406
402
403
403
405
403
409
407
399
404
400
411
400
411
407
400
406
405
409
405
411
405
402
405
406
409
406
409
406
402
409
404
413
408
409
406
402
414
403
411
405
410
406
816
405
416
407
403
408
404
415
409
413
406
407
415
410
418
414
408
414
414
421
418
414
413
415
419
416
417
414
415
417
411
422
417
407
416
414
418
413
414
412
409
414
410
420
411
406
414
409
415
409
409
407
407
413
406
417
410
404
408
407
410
413
406
406
404
412
406
415
408
401
411
405
413
409
407
405
404
414
402
414
408
403
407
408
412
407
413
407
405
408
407
412
409
409
408
407
410
406
415
409
406
407
406
413
411
408
410
404
415
403
417
412
405
410
409
415
410
408
406
408
413
406
418
410
403
408
406
416
410
411
407
404
412
407
414
411
406
409
409
414
414
409
409
411
413
407
419
411
406
410
409
414
410
413
409
404
418
406
415
411
403
410
406
414
408
415
408
405
410
407
415
409
407
410
406
412
406
414
410
406
409
408
413
410
412
409
405
417
407
416
411
407
410
410
413
411
414
410
406
419
406
419
411
408
410
409
414
411
413
410
406
417
406
417
410
405
409
407
418
409
408
411
410
414
406
416
411
406
416
408
419
416
406
414
410
418
415
415
413
413
415
411
421
413
410
412
409
420
413
410
413
409
419
412
414
412
406
417
409
419
412
404
410
410
412
411
413
408
408
411
408
417
410
408
409
407
413
407
416
410
405
409
409
415
410
411
407
408
410
406
416
409
406
407
404
413
406
413
406
403
413
404
413
408
400
411
402
412
409
404
407
401
412
401
413
409
403
407
406
409
405
413
407
401
408
404
411
408
407
407
403
406
404
415
407
407
406
402
413
402
415
407
406
407
403
413
405
415
410
400
411
406
412
407
411
407
404
407
406
412
407
407
407
403
413
403
413
408
405
405
406
409
407
411
405
404
413
402
413
407
407
407
402
413
403
412
410
402
407
403
413
403
413
409
404
407
406
410
408
409
409
402
412
404
414
412
406
406
408
410
406
417
408
405
407
407
409
410
413
407
403
409
406
414
408
409
405
406
410
406
416
410
406
407
407
413
409
418
411
405
412
412
416
416
412
412
413
415
410
423
413
409
414
410
420
415
411
413
408
418
408
419
415
408
413
410
418
415
411
410
409
412
408
419
413
409
411
409
413
408
416
409
404
415
406
415
411
404
407
404
414
405
414
412
404
408
408
412
409
412
406
405
409
406
413
409
408
408
404
412
405
415
407
380
432
408
413
407
415
409
406
416
404
418
414
406
412
407
416
408
417
414
408
412
409
417
412
415
411
407
417
409
420
413
407
416
408
420
415
407
413
410
419
415
414
413
409
418
412
418
415
411
416
410
420
416
408
416
410
421
417
411
413
410
419
411
418
414
410
416
411
419
416
407
415
408
421
417
407
415
410
418
415
412
412
409
416
410
415
415
408
419
408
420
416
410
413
411
419
414
413
412
411
417
413
415
413
408
419
409
419
415
406
418
407
420
415
408
411
410
417
412
416
413
410
419
412
418
413
409
420
410
418
415
409
418
410
418
417
409
418
412
421
417
413
413
412
419
419
413
413
415
418
418
417
413
414
418
414
422
414
413
416
413
424
417
412
415
413
420
418
415
415
414
419
417
414
417
412
420
414
422
415
410
423
409
422
417
412
412
413
417
415
418
414
409
421
412
421
414
410
418
409
420
418
408
416
413
418
412
418
413
410
420
411
420
416
408
414
411
418
413
414
413
411
414
410
416
416
406
412
410
418
411
415
412
408
417
408
420
413
407
413
411
417
412
414
413
408
416
408
420
414
406
412
409
418
411
414
414
408
416
407
419
415
408
413
412
419
415
414
412
408
420
408
419
416
409
413
413
416
414
415
410
410
415
409
420
415
409
413
412
420
416
412
412
414
418
414
419
414
412
416
413
420
419
412
414
416
421
416
421
415
415
419
414
426
419
413
420
415
423
420
417
417
415
422
419
421
418
414
425
413
425
421
414
420
416
422
424
415
417
416
424
418
420
421
414
424
415
425
421
413
421
415
424
422
414
417
418
424
421
415
415
417
423
419
417
415
417
420
417
421
414
414
417
413
424
417
412
415
413
419
420
412
414
416
422
416
423
416
413
416
414
422
420
410
416
413
423
420
414
415
418
423
417
420
416
418
423
420
419
421
420
426
426
423
420
418
430
425
422
421
422
428
426
422
425
423
429
423
421
430
427
423
421
421
428
428
418
423
419
427
426
416
424
417
427
426
414
421
419
427
424
414
421
417
425
421
419
417
415
423
419
420
419
418
422
417
421
418
414
424
419
420
420
416
425
419
423
422
416
425
417
426
422
416
425
417
425
422
417
423
417
430
419
418
406
433
429
422
416
421
418
430
423
418
421
419
427
423
416
426
416
428
423
417
423
416
427
423
416
422
416
428
422
415
422
416
426
421
416
420
416
426
422
415
419
418
426
422
425
422
423
431
433
434
437
440
438
447
452
462
456
458
466
463
460
459
459
458
468
467
467
474
477
474
474
479
476
479
483
477
486
489
479
484
489
493
487
494
489
486
491
499
496
489
495
502
501
497
504
509
505
506
507
517
519
521
523
529
536
539
540
534
535
540
544
555
562
562
560
556
546
548
544
550
546
540
549
554
555
554
557
553
549
543
546
557
572
583
581
578
580
579
567
568
570
562
569
565
579
590
589
588
595
598
594
585
596
603
605
602
605
601
602
618
630
631
626
631
629
619
612
609
604
591
596
611
623
631
644
652
656
655
650
640
636
643
650
657
651
660
672
672
668
651
676
683
673
702
685
658
672
687
674
650
655
651
640
643
639
637
628
644
664
664
654
654
660
651
645
636
644
643
641
637
641
638
636
629
643
652
666
699
807
847
791
748
723
681
652
665
666
664
658
658
657
651
635
637
645
653
653
646
664
679
676
666
680
685
675
652
679
689
683
659
672
664
656
652
644
640
645
644
635
643
642
639
639
637
632
628
622
648
690
728
729
736
729
701
682
679
689
699
697
681
691
715
713
704
697
725
720
707
723
729
729
702
724
721
724
715
728
719
716
702
736
753
746
733
715
733
734
741
728
737
710
693
686
688
681
662
668
666
675
683
680
669
671
695
714
716
711
722
725
711
694
708
724
722
717
702
722
740
732
729
723
743
736
730
717
729
744
740
730
703
706
705
703
696
718
723
720
725
740
735
718
729
723
711
706
721
716
708
719
721
718
702
708
705
695
691
705
709
705
694
702
685
678
668
664
646
646
646
648
657
665
673
678
682
685
688
685
689
690
699
715
743
765
772
764
752
743
744
747
745
736
725
745
767
785
764
743
718
710
696
689
684
686
683
679
667
666
666
675
698
729
735
730
715
724
734
748
744
735
729
742
757
757
747
743
744
728
709
711
695
686
671
674
687
713
726
727
740
771
767
753
763
757
745
736
750
754
761
794
809
820
812
810
785
758
761
746
737
727
748
744
743
738
739
771
795
785
769
744
742
748
748
745
746
769
772
771
767
773
750
737
728
713
700
685
688
688
692
706
740
752
795
788
770
751
772
784
770
756
763
763
752
739
733
768
825
839
838
844
806
790
779
790
783
783
799
810
809
806
819
815
821
819
869
895
900
894
851
829
825
825
807
796
815
816
821
816
846
821
807
771
769
759
748
731
737
753
754
749
742
763
774
778
775
800
802
795
786
771
784
794
785
781
795
809
797
779
776
771
760
751
756
752
744
745
746
741
724
746
766
779
789
791
780
842
809
796
793
764
748
751
737
733
747
748
756
800
813
787
773
771
780
757
742
742
755
758
756
770
801
794
790
802
788
768
752
745
738
732
744
800
858
858
850
816
787
766
752
748
754
770
775
802
811
809
816
799
787
799
785
782
794
802
807
797
803
797
790
799
786
771
764
771
759
747
757
760
756
747
745
753
750
749
764
785
795
797
779
783
772
755
748
729
721
708
731
771
786
808
860
907
886
867
859
801
775
765
772
764
758
763
775
766
757
751
752
737
728
724
743
777
798
809
868
888
879
862
862
842
831
834
817
824
861
881
887
885
887
859
848
852
842
848
868
850
840
825
828
808
796
816
828
842
840
851
828
831
843
843
845
851
861
838
827
837
836
845
858
856
852
834
821
804
783
794
796
797
791
814
814
835
855
847
842
841
866
836
821
811
796
791
799
810
810
818
850
846
828
805
803
800
790
799
833
894
903
917
925
881
863
845
830
822
826
850
861
877
857
854
822
810
796
812
819
828
842
884
868
854
832
834
815
815
821
850
839
848
866
876
860
859
881
870
849
830
841
816
797
777
786
800
802
818
830
845
832
828
845
833
833
823
840
830
827
845
832
839
826
827
804