747
727
733
734
734
734
722
738
732
737
736
741
727
738
744
734
723
731
730
753
739
730
733
718
717
707
712
716
735
730
730
716
727
712
728
715
737
730
760
764
755
719
705
684
676
671
671
667
661
653
658
675
682
698
694
695
693
687
676
672
673
682
688
696
709
740
758
778
734
734
727
726
732
727
766
762
812
786
831
817
811
766
741
743
737
754
755
759
756
773
748
762
748
742
718
727
726
754
752
768
754
761
730
716
695
681
694
730
786
790
790
796
784
748
754
735
758
762
742
747
744
736
715
724
702
714
706
701
699
714
721
728
737
763
777
763
782
771
781
749
753
747
749
760
762
771
782
792
752
762
746
749
742
747
748
765
774
756
768
756
771
745
770
777
784
773
774
794
824
836
825
778
779
772
791
798
800
817
813
809
779
804
813
820
778
771
754
776
784
777
798
796
811
807
792
789
795
771
786
786
818
807
806
795
790
802
762
796
808
810
801
786
792
808
809
780
792
781
779
752
756
747
768
764
742
759
758
760
730
732
740
770
764
771
769
780
774
753
757
753
751
736
750
752
775
755
766
757
764
736
748
736
739
737
738
740
759
762
743
713
693
683
679
679
677
674
687
698
706
708
719
719
715
715
702
700
696
697
695
703
709
739
773
769
767
752
759
768
771
786
765
776
759
771
771
745
751
743
759
760
742
739
726
726
702
702
704
722
730
737
729
729
722
705
701
686
693
733
817
872
913
946
909
865
796
786
773
772
789
769
809
803
839
833
776
780
772
773
763
781
771
766
729
724
704
700
696
685
693
711
722
753
799
824
801
761
768
754
778
806
801
870
884
839
817
800
786
815
817
803
812
783
780
775
811
808
827
826
816
793
792
783
757
790
805
826
828
781
789
798
825
809
833
804
814
781
801
803
816
781
805
814
829
808
799
783
792
795
773
787
811
832
805
813
801
822
813
774
782
766
757
729
724
715
717
705
702
688
683
674
668
671
670
688
711
739
737
739
742
745
751
771
781
777
768
778
758
810
829
845
851
798
808
786
795
767
775
764
788
765
764
759
774
788
777
787
799
786
772
797
792
804
788
779
789
816
820
786
802
793
795
764
754
717
698
689
705
712
735
746
772
765
740
737
725
731
719
732
729
745
751
721
710
706
711
719
737
746
757
741
743
737
742
730
729
724
735
745
739
761
765
771
746
745
718
714
703
711
717
756
793
778
841
846
845
812
766
763
745
741
731
730
712
704
711
733
741
786
814
809
805
783
784
749
728
703
696
715
732
765
796
811
799
745
739
734
755
748
788
812
846
808
820
834
829
784
782
773
783
773
770
803
818
851
849
837
829
824
822
789
792
791
807
834
831
861
875
881
814
829
790
806
790
813
818
876
881
840
847
828
819
803
838
831
828
795
809
809
830
813
841
836
834
803
802
782
835
848
832
840
846
844
814
771
787
787
813
841
788
793
746
734
702
692
685
697
698
730
756
772
800
802
805
791
750
745
724
728
736
739
785
811
890
902
833
848
826
815
781
821
795
789
743
740
735
780
813
797
792
760
730
715
704
705
725
743
741
768
800
833
806
815
796
797
780
784
774
780
781
790
770
799
807
791
813
792
797
735
719
694
682
670
667
659
658
653
649
645
638
644
653
653
654
657
663
673
683
688
686
687
686
680
679
672
668
664
664
664
665
657
679
689
714
730
730
765
769
764
760
759
757
758
736
741
727
716
706
719
727
779
807
793
798
783
793
782
780
753
763
744
748
765
792
802
855
842
871
868
820
854
828
843
815
839
840
818
796
795
795
767
785
745
728
722
744
738
780
853
885
876
803
810
793
792
782
786
810
843
843
810
821
809
818
825
779
804
787
810
815
823
806
811
810
775
803
806
822
821
787
803
807
847
837
844
805
797
787
767
793
822
824
788
812
799
786
750
765
743
759
729
733
726
744
738
768
767
798
771
788
776
767
755
758
770
791
806
782
794
836
832
785
775
736
717
720
752
775
876
859
837
848
838
828
767
776
775
788
773
779
775
817
828
804
828
819
842
836
790
799
778
790
808
780
800
797
808
789
763
770
766
801
826
787
802
783
772
742
746
729
739
752
740
754
764
772
744
763
756
768
766
767
766
767
779
789
795
769
780
767
767
771
769
725
703
704
705
703
697
704
698
697
698
681
682
676
678
688
684
667
665
658
652
647
650
646
651
659
681
714
731
744
741
746
735
753
744
759
738
758
762
781
761
779
764
808
795
775
757
760
795
813
811
783
783
793
803
803
775
785
783
806
819
802
837
839
864
846
827
852
837
802
812
818
827
788
826
824
839
824
815
817
822
831
797
818
817
824
808
795
806
830
831
823
785
790
807
815
795
778
788
800
819
789
802
793
801
771
787
787
785
787
756
777
771
780
779
758
768
771
796
784
803
801
803
779
773
767
775
787
756
778
773
788
793
769
777
778
801
786
768
778
763
775
756
771
782
815
793
811
789
821
786
830
829
854
811
839
820
804
770
774
762
773
772
768
792
814
779
728
723
695
683
672
664
677
677
692
718
703
709
707
706
695
710
714
715
726
722
710
720
730
773
818
796
815
820
829
788
771
761
761
756
739
753
771
804
792
841
856
871
810
832
820
836
813
771
787
793
825
850
840
799
802
816
831
822
833
832
859
882
822
851
822
837
825
831
849
874
857
795
786
751
760
757
811
862
993
935
961
948
896
816
819
803
823
790
827
854
888
881
835
851
837
845
847
847
786
787
770
780
784
838
877
934
919
876
883
861
843
791
816
812
839
805
835
850
868
822
846
817
834
813
818
808
834
843
803
813
797
808
807
813
829
862
864
857
805
810
812
825
841
813
833
813
815
799
789
775
785
777
769
759
773
765
762
769
770
762
741
744
736
732
726
712
724
723
740
731
746
759
1585
770
785
765
774
757
762
783
819
835
852
816
833
841
850
820
843
828
837
788
813
800
816
794
802
798
821
808
788
791
804
818
796
821
817
840
808
838
832
852
843
806
803
783
814
811
830
846
889
878
823
814
789
791
762
781
781
795
782
801
795
808
815
815
825
836
849
829
833
804
779
776
774
791
812
788
812
786
780
774
721
722
701
689
679
682
688
717
729
744
745
761
777
801
811
826
783
801
792
796
807
779
791
759
731
714
707
725
782
907
856
915
886
846
821
776
784
777
817
871
847
896
918
897
869
803
826
831
910
878
934
950
900
862
857
858
799
837
836
863
824
870
896
881
854
874
902
904
857
853
824
845
813
864
875
912
913
883
870
869
868
880
834
857
874
867
841
851
851
865
866
804
841
848
856
815
835
821
819
786
807
827
833
800
810
793
807
777
789
793
787
779
809
765
739
735
712
693
677
668
664
662
659
658
659
657
653
650
648
646
646
644
643
640
636
631
618
619
631
620
608
605
602
594
603
644
683
698
689
698
682
671
659
650
641
632
622
610
606
604
602
607
624
638
641
640
645
645
638
637
640
638
636
640
630
631
624
622
618
609
609
603
604
604
604
604
604
611
628
646
669
679
677
678
672
666
663
654
648
632
628
619
620
610
614
604
605
600
595
594
592
595
590
589
589
583
586
584
578
579
578
574
578
575
576
577
581
586
595
600
612
619
608
608
612
618
622
618
617
618
633
650
663
658
651
645
622
615
616
617
607
602
600
598
618
613
634
675
691
734
734
764
711
695
693
688
694
678
663
653
642
636
637
631
633
632
645
651
655
655
692
706
692
678
685
671
680
684
702
695
706
729
766
766
787
790
849
828
842
868
835
808
763
761
749
728
731
725
739
719
742
818
913
1146
1137
980
964
947
902
844
978
1071
1089
928
966
906
833
792
772
749
754
868
1209
1182
1020
929
857
795
813
849
887
858
1023
1081
999
967
937
909
827
854
846
849
799
847
831
849
819
869
892
899
822
844
827
801
771
784
807
851
811
809
814
830
819
791
795
799
821
815
778
788
765
759
760
771
792
839
813
822
795
791
766
750
751
774
815
798
859
834
849
794
799
777
770
753
782
788
798
769
789
767
790
782
809
810
821
772
780
761
762
735
745
743
775
755
708
695
677
670
675
679
679
699
693
681
680
671
660
654
648
647
651
667
685
710
731
759
766
761
773
765
758
754
761
766
799
817
798
823
824
854
811
820
827
843
813
816
791
790
782
795
807
824
805
822
820
844
818
830
809
823
826
795
814
806
849
848
829
859
844
840
849
811
832
828
843
813
833
809
840
830
804
820
815
840
816
822
815
825
797
808
789
816
787
773
769
776
779
752
748
724
725
716
725
727
738
745
746
746
754
767
751
765
754
763
755
754
750
767
796
787
825
827
839
808
812
791
802
821
804
818
818
823
799
803
797
819
821
785
803
810
841
837
796
801
803
821
796
812
806
820
799
813
832
847
806
807
787
786
776
805
789
814
769
752
727
727
729
741
761
787
763
750
721
697
684
673
670
682
697
720
721
719
727
724
716
714
710
705
713
716
734
736
764
768
748
759
741
724
707
688
672
674
710
730
742
757
785
759
754
738
732
716
711
707
721
720
724
742
763
762
760
756
767
782
786
754
751
736
734
727
717
727
730
755
758
771
775
767
746
729
705
690
674
672
673
675
688
715
732
747
757
757
768
753
754
765
768
771
788
790
788
769
763
753
765
752
755
741
740
737
736
729
729
744
749
738
761
753
774
750
756
758
784
795
801
792
775
737
718
698
686
674
664
666
660
662
669
669
680
675
670
664
665
668
683
682
686
698
713
741
762
742
753
759
785
782
767
754
765
782
764
781
815
865
831
848
837
865
854
809
841
821
880
833
854
839
798
792
813
819
862
854
860
872
883
813
841
835
847
817
845
833
873
827
862
847
860
803
847
840
854
847
883
903
899
861
879
899
875
836
872
880
893
846
895
891
956
866
935
939
956
890
894
859
871
843
862
861
883
844
849
815
790
771
781
812
873
856
897
898
885
818
813
791
802
775
789
789
828
823
795
808
816
825
814
795
817
814
838
813
838
844
859
826
792
797
796
825
810
821
815
825
788
777
743
731
704
702
697
702
709
729
774
860
865
834
866
832
795
770
729
711
690
679
670
658
665
685
737
815
845
826
794
757
730
714
700
695
702
735
790
932
954
898
906
881
864
812
832
810
850
846
836
860
868
838
827
836
867
860
822
854
868
904
850
884
857
899
849
893
870
855
847
837
858
863
833
852
854
894
917
842
881
864
880
861
830
830
850
873
875
833
865
869
874
860
828
793
776
759
743
767
771
768
752
727
712
700
690
679
667
655
648
638
642
640
651
673
703
762
754
836
868
892
861
800
823
810
811
821
786
818
831
907
854
930
966
906
818
809
763
737
729
770
889
1027
981
993
932
858
787
768
752
754
748
778
781
824
854
842
861
807
792
760
767
762
789
788
801
831
864
805
814
800
830
792
813
785
774
771
771
806
819
790
783
764
761
760
736
741
755
777
774
754
727
748
772
850
870
854
888
854
829
820
815
840
813
874
874
876
817
834
821
869
826
801
763
728
750
828
898
895
834
787
759
725
704
687
684
675
663
650
635
624
620
610
603
602
605
615
623
635
663
687
747
805
836
812
790
758
754
749
764
787
756
747
766
781
816
819
874
899
892
857
893
868
870
786
795
755
735
702
711
699
755
852
964
985
968
934
871
838
812
791
816
872
918
997
1010
970
916
813
804
741
710
719
740
824
926
1077
997
999
969
871
805
771
756
760
741
788
816
841
817
840
815
833
804
792
769
778
781
810
825
858
820
772
773
743
758
751
760
773
792
825
777
809
785
798
762
796
783
802
784
782
789
817
801
806
774
794
776
781
782
752
772
768
815
832
777
791
771
797
814
759
777
759
779
820
814
882
910
881
871
870
808
848
854
882
938
869
900
877
875
810
836
849
892
874
944
951
889
836
829
835
847
792
820
826
867
861
871
867
879
860
813
771
773
752
765
792
823
841
806
854
862
852
848
803
825
802
824
829
829
829
835
837
825
776
810
792
813
784
819
808
833
818
793
794
795
797
796
761
784
782
817
854
814
848
852
861
833
805
816
875
878
845
796
791
771
783
811
784
836
856
882
858
838
838
834
815
780
755
765
773
813
806
818
840
849
837
823
813
799
787
754
774
767
774
778
764
787
820
828
809
826
841
862
835
785
797
796
826
888
846
857
856
890
838
884
878
876
805
813
786
795
775
821
854
892
863
913
945
917
837
834
810
833
846
809
871
856
878
878
832
854
842
854
848
803
824
804
830
853
811
851
848
873
816
829
800
802
769
789
777
787
777
792
771
743
717
697
682
683
687
698
712
710
704
702
702
703
711
701
712
708
728
747
779
771
813
858
899
833
866
845
832
780
807
802
848
798
829
810
809
787
785
798
794
805
776
781
797
789
774
766
745
745
729
730
706
688
678
660
654
652
659
662
656
650
646
642
639
638
638
638
637
637
635
632
630
630
636
640
651
671
709
763
790
832
853
853
817
760
767
781
849
831
950
1130
929
956
953
869
879
872
906
839
877
869
888
870
840
876
908
960
954
879
931
943
943
928
906
867
889
920
993
1011
879
908
891
885
816
879
905
958
875
989
984
959
839
868
876
874
807
827
826
851
828
857
869
887
882
819
833
837
864
899
855
929
908
892
863
808
828
848
870
861
819
839
839
855
855
820
819
816
836
873
836
832
850
872
881
798
813
785
791
768
787
751
717
704
704
697
712
707
713
729
712
692
697
686
680
674
665
660
660
655
662
665
674
679
678
677
690
697
695
683
670
669
662
662
673
683
699
698
688
718
734
743
746
745
735
729
735
748
755
750
758
723
710
734
719
742
763
775
736
723
696
711
745
753
759
748
728
708
697
684
665
656
644
636
632
626
620
622
620
617
639
657
657
678
683
667
647
651
660
653
641
635
644
731
784
817
902
918
867
806
761
726
706
685
683
680
697
727
764
771
752
766
748
744
726
753
782
918
861
872
841
775
742
726
705
718
722
742
804
810
882
963
970
906
865
842
854
811
833
860
856
826
798
808
780
789
773
827
856
970
896
866
859
827
813
774
766
753
746
739
721
718
702
681
682
673
688
714
752
745
728
743
731
743
729
739
729
734
722
739
724
750
738
772
771
802
773
796
787
795
771
766
765
791
810
777
800
806
813
771
800
793
807
782
808
813
822
771
789
762
763
733
767
768
808
779
786
795
788
767
770
743
704
701
682
685
677
668
660
648
638
629
625
631
618
609
604
603
598
594
590
589
591
594
597
597
596
594
588
585
585
593
596
604
615
649
707
781
827
835
814
810
795
790
786
811
783
812
773
769
776
881
928
879
922
965
871
863
851
846
811
854
912
967
917
960
1001
1003
920
944
949
950
927
947
877
910
957
1014
1075
962
874
887
903
924
883
868
859
861
830
835
845
879
848
829
820
831
845
828
881
903
880
837
876
860
872
879
847
887
890
896
870
877
897
893
911
933
1002
899
952
970
950
885
922
946
935
877
830
854
901
938
873
903
899
911
843
848
830
843
834
817
828
840
867
860
872
879
881
878
832
826
813
834
850
825
869
896
897
841
851
844
838
790
807
800
838
804
808
780
795
769
773
773
806
782
778
767
768
739
741
736
757
751
745
756
761
749
747
737
764
759
788
801
785
803
786
785
750
738
725
714
699
685
692
709
747
803
848
819
843
827
830
787
798
793
839
789
828
821
883
870
835
865
838
819
811
808
857
831
807
773
776
776
763
757
800
785
817
790
819
820
816
785
816
771
726