912
835
855
858
893
846
870
854
896
843
877
965
933
938
852
843
877
1018
1003
1022
996
1036
1054
1038
955
872
899
947
1013
938
978
967
942
1012
977
954
979
925
1013
1044
1029
1038
944
941
894
856
913
946
857
946
981
927
917
913
892
813
827
869
910
931
859
790
750
739
731
711
676
675
708
764
826
929
941
891
855
860
892
940
979
1006
942
935
928
942
979
967
918
875
874
903
896
816
832
850
866
873
809
802
751
747
740
798
866
883
771
772
768
785
794
853
899
893
916
868
814
843
845
870
839
855
832
824
813
771
762
773
804
783
808
829
841
844
936
920
1012
1040
935
938
959
940
876
896
910
864
911
983
943
980
952
941
840
879
903
956
859
848
915
972
898
900
943
979
868
932
918
953
929
980
927
839
764
757
721
735
737
741
722
738
741
748
737
733
724
707
692
679
670
675
689
721
731
740
805
817
819
775
782
811
808
813
822
815
762
781
769
763
718
721
714
733
743
759
753
716
729
737
757
781
774
743
788
788
733
771
848
1002
965
1005
966
902
875
788
803
805
807
864
846
843
935
1013
972
959
969
891
935
889
856
789
750
751
864
1246
1169
998
1041
1048
991
943
886
886
912
875
939
1044
1081
1082
979
971
926
915
802
748
737
1062
1204
1168
1084
952
952
870
830
814
812
796
813
854
903
945
872
876
859
844
815
781
762
739
746
759
787
814
785
787
806
821
786
753
757
751
754
726
745
760
748
771
761
765
780
769
749
720
688
690
703
726
778
839
839
758
767
770
796
819
771
789
830
831
836
808
839
833
811
873
915
889
926
899
797
791
755
733
727
713
691
709
708
704
709
712
705
688
699
721
747
729
777
800
812
798
852
852
813
820
861
894
895
835
885
939
983
918
951
938
859
807
874
966
1024
978
1059
1040
955
966
922
866
855
799
766
794
833
933
838
915
975
1040
1045
933
876
914
932
945
879
919
1039
1087
968
959
997
1036
1033
937
895
965
1070
1138
1003
867
799
846
943
1120
1131
1054
936
884
916
996
1021
987
993
984
986
1002
980
969
945
924
892
826
822
847
879
847
815
897
962
905
846
900
905
880
862
946
981
931
880
922
916
914
831
862
905
1000
1013
921
918
932
944
953
879
908
930
928
869
903
940
964
886
909
917
913
838
895
916
902
876
932
919
859
857
900
933
890
873
896
920
845
898
893
904
863
957
1025
1005
979
964
931
820
843
865
907
874
955
1010
922
873
916
908
857
871
938
963
946
1025
1021
906
897
854
871
834
875
899
898
866
899
934
924
840
857
901
918
907
940
975
979
890
916
941
973
906
881
922
976
889
903
934
954
878
923
925
915
938
996
949
877
891
890
875
863
889
902
836
889
896
914
862
926
934
896
914
908
853
890
889
822
831
888
929
859
862
935
1019
940
938
1001
1011
892
883
881
925
879
968
1058
1003
972
991
981
872
868
843
797
773
796
809
795
866
911
864
823
811
780
770
737
750
757
791
769
784
849
863
811
826
871
906
857
874
925
1014
927
933
984
1021
964
1030
1075
1013
1035
1073
993
1031
1075
1019
1140
1139
1012
1012
938
823
846
894
994
936
1032
1113
1033
960
981
997
889
925
976
948
896
977
1065
949
975
953
864
856
896
910
897
878
956
986
916
951
973
918
972
1010
938
961
942
870
926
929
850
907
1035
1021
958
957
960
871
916
960
1008
927
967
999
1060
951
977
1017
1027
960
997
1007
938
946
979
951
855
879
909
881
841
868
893
858
821
844
845
824
831
780
758
783
818
792
753
740
729
731
776
827
837
806
857
870
854
815
850
893
936
872
900
939
968
923
978
997
926
941
949
900
931
958
841
803
817
764
752
734
688
666
650
666
663
663
665
662
653
645
634
620
607
594
585
576
567
561
556
551
550
546
545
546
558
586
623
647
656
692
718
756
727
691
673
683
681
661
647
637
649
687
701
709
707
710
691
703
720
738
740
717
686
679
689
733
743
734
726
752
799
823
783
782
769
747
712
709
718
736
770
766
733
720
713
708
700
690
702
734
786
802
807
827
842
848
814
804
763
700
683
703
757
726
718
719
694
684
676
659
640
646
654
690
778
825
809
829
806
773
749
775
779
765
724
723
724
729
734
789
827
865
820
868
858
789
779
730
739
749
774
768
738
729
702
682
668
664
666
666
671
675
682
672
665
667
663
654
646
637
638
644
643
646
658
693
715
704
708
720
729
735
745
722
709
719
691
700
683
672
664
651
638
626
616
607
597
587
587
577
568
569
555
548
543
538
527
524
521
521
520
521
521
519
530
541
557
581
653
647
652
681
712
694
669
673
689
703
694
697
676
668
661
647
622
649
739
835
864
838
766
721
701
686
658
645
636
633
652
679
674
691
695
671
685
706
720
699
736
797
815
848
912
854
986
1010
994
1042
1055
966
976
939
837
784
836
873
904
900
857
751
765
749
712
696
682
661
646
640
627
611
601
609
673
867
909
904
1001
1046
964
912
794
767
750
721
735
744
782
813
767
799
848
817
790
849
841
846
872
795
832
830
896
924
952
961
891
904
862
846
909
924
911
855
813
772
737
781
830
870
796
847
893
882
785
789
802
832
827
784
857
899
856
790
836
841
799
814
824
800
800
826
837
848
884
888
820
828
846
841
783
770
808
815
798
808
803
759
721
697
707
740
734
699
681
665
657
654
677
747
698
775
876
902
938
893
806
755
730
716
700
684
710
757
856
885
954
979
948
874
863
873
917
930
848
821
966
1100
1074
1008
1016
1013
931
854
842
912
961
947
878
854
806
786
765
824
880
927
903
861
816
777
744
734
731
714
740
732
758
819
917
1046
1036
938
885
854
825
801
767
729
728
766
799
831
832
897
894
891
893
888
882
849
829
860
800
765
756
737
729
701
711
697
688
701
715
709
708
723
710
692
691
692
698
673
678
668
659
652
654
651
643
632
625
622
628
615
615
615
607
605
604
604
608
605
601
597
601
599
598
602
605
610
619
612
613
610
600
590
596
600
600
604
604
604
605
602
617
623
633
630
627
641
647
662
659
683
680
676
673
678
683
673
682
685
681
665
665
655
651
667
665
662
664
665
671
666
689
695
684
669
645
627
616
599
599
577
573
568
555
551
549
534
536
529
521
518
517
513
500
509
500
491
498
494
479
491
486
473
481
477
466
471
465
472
457
461
462
459
450
457
454
456
451
445
450
443
451
441
444
447
441
447
444
438
450
438
446
440
439
447
444
448
441
441
452
447
446
441
444
451
447
438
447
448
451
446
439
447
447
448
444
439
447
442
448
440
438
445
441
444
438
435
438
438
438
438
429
431
434
437
434
430
426
425
433
425
429
427
422
422
422
428
424
421
420
419
422
421
423
422
416
418
418
423
419
419
420
415
416
416
420
417
422
418
412
417
416
421
413
420
417
413
416
418
421
417
420
415
416
417
418
421
418
414
417
412
420
417
421
418
413
417
416
421
414
421
418
418
416
417
422
419
418
417
415
418
419
417
416
422
414
414
413
417
417
412
417
414
414
417
419
420
413
420
415
417
421
420
422
419
417
418
422
425
421
423
421
419
427
420
425
420
418
422
421
422
424
417
418
422
425
419
424
420
418
425
420
424
424
421
422
423
426
848
421
421
424
424
426
426
423
423
423
430
424
426
427
420
420
422
428
420
419
424
415
425
421
421
424
418
424
415
427
423
425
426
419
421
422
427
424
421
421
418
423
420
425
424
414
420
417
423
418
424
419
419
424
422
425
425
417
419
420
424
417
420
416
420
422
421
424
422
415
419
414
422
418
422
424
418
415
419
425
422
420
420
418
424
422
414
419
422
422
425
415
425
421
428
420
425
430
427
421
428
425
428
426
421
426
423
426
425
419
423
421
425
426
418
423
422
427
421
424
422
418
424
423
428
428
418
425
426
430
428
422
425
421
432
850
423
419
419
420
424
418
422
419
411
415
416
420
414
420
413
412
409
414
415
407
418
412
407
410
406
414
409
410
413
412
406
409
409
414
414
409
418
414
408
414
411
419
413
417
418
413
413
411
418
415
417
419
413
411
413
417
415
418
414
414
416
410
414
414
418
411
417
414
409
408
413
414
413
414
410
412
411
409
406
406
415
408
414
408
409
406
406
409
409
412
409
411
412
403
408
411
412
410
413
414
403
410
403
409
410
414
408
415
412
406
410
412
416
408
416
408
409
411
413
416
413
410
416
410
412
412
416
411
415
413
406
410
408
410
409
413
408
408
408
403
405
405
409
404
409
406
398
401
401
403
401
405
398
401
400
398
396
396
399
397
401
397
399
399
404
401
395
400
397
401
400
405
399
402
402
398
396
398
401
399
403
399
401
399
403
401
396
397
396
399
395
401
398
403
398
407
402
403
400
398
403
399
403
401
405
402
405
406
397
402
398
400
400
401
401
406
403
404
402
399
401
399
401
400
404
400
405
401
402
404
396
406
400
405
400
411
403
410
406
402
407
405
409
409
408
407
402
405
402
403
400
405
401
403
806
398
395
401
397
404
401
407
404
403
407
401
405
402
408
405
409
403
408
407
399
404
401
406
404
405
402
409
407
399
406
403
411
405
411
408
408
414
406
406
405
412
410
414
411
415
411
410
411
412
416
412
413
416
407
411
410
413
412
415
409
413
405
401
407
404
412
402
409
406
403
405
403
410
406
403
405
402
406
407
411
407
408
407
410
408
406
413
405
409
415
415
415
417
419
418
419
418
418
415
413
416
416
416
420
415
417
418
418
419
419
419
420
424
425
426
425
423
430
428
427
429
432
432
432
437
438
438
439
442
445
445
448
445
449
449
448
446
448
450
454
453
452
453
454
457
464
467
467
471
471
478
479
481
484
485
483
484
490
490
494
494
501
499
502
505
509
516
511
519
528
525
519
518
522
520
525
537
551
566
558
560
563
563
555
556
552
542
542
541
551
543
549
561
580
572
576
582
619
623
602
593
601
605
616
601
587
580
580
577
575
561
591
645
725
715
651
610
591
558
549
542
554
580
586
590
612
621
610
601
598
615
626
615
617
621
624
614
608
581
568
573
588
626
629
646
679
672
689
662
664
666
642
630
645
664
649
669
687
651
659
659
646
657
667
661
679
671
649
651
646
628
626
634
639
631
639
645
648
636
630
596
592
595
598
601
605
611
623
615
622
632
631
627
650
666
674
685
708
690
675
679
660
650
653
645
644
651
657
646
669
665
650
675
690
677
683
685
667
656
674
665
651
640
620
597
589
569
566
551
574
634
697
732
674
646
638
629
616
609
599
599
616
652
709
708
686
636
613
597
599
611
633
660
643
633
639
633
622
620
627
640
664
675
692
689
669
676
684
650
658
652
653
645
623
621
616
614
607
611
622
625
615
611
619
638
656
653
625
604
615
623
627
620
607
605
599
592
579
589
575
573
558
558
540
532
532
520
517
520
514
512
508
509
511
506
507
505
500
501
501
502
492
494
501
490
489
494
490
490
492
491
481
487
483
478
480
479
482
479
476
483
482
474
480
478
483
472
476
479
474
467
471
470
469
464
460
468
463
456
457
459
460
458
452
455
455
459
460
456
452
455
460
460
452
462
457
465
455
456
459
457
459
454
456
462
462
453
458
460
464
459
453
457
460
463
457
455
460
455
462
456
453
459
456
461
452
453
459
453
459
451
450
457
456
460
455
452
458
456
456
450
448
452
448
449
452
440
443
445
449
445
442
442
439
444
438
448
442
435
438
438
441
440
434
438
438
440
439
438
435
436
441
438
443
438
434
437
438
439
439
431
437
435
438
437
438
429
432
436
430
438
431
422
428
428
429
424
432
426
419
426
423
429
425
422
425
416
423
422
426
421
430
425
417
422
424
431
426
429
431
423
424
427
433
429
435
431
427
431
434
437
436
438
433
435
440
439
441
440
434
441
437
442
437
434
440
433
442
434
433
438
437
440
434
433
438
437
443
440
435
438
440
447
440
435
438
437
440
438
433
435
432
438
438
439
432
431
439
435
440
435
434
437
434
444
439
432
435
437
439
439
438
437
434
436
436
439
434
430
433
431
437
438
430
432
436
442
443
435
437
440
447
445
438
443
443
449
450
439
445
445
446
442
436
439
441
442
445
438
440
442
448
449
439
444
446
452
450
441
445
446
448
446
449
445
446
453
447
447
450
449
461
460
452
454
455
462
456
453
455
451
458
453
448
458
453
449
450
454
461
460
454
461
464
461
460
462
466
455
459
464
461
452
454
460
457
455
453
455
446
458
452
447
453
450
453
374
511
452
444
447
444
442
444
442
446
445
436
440
441
443
439
448
444
438
444
446
447
446
446
455
446
451
454
453
451
451
445
447
438
440
442
438
439
442
439
438
439
438
444
441
446
458
453
459
456
458
461
455
454
456
453
452
452
456
459
455
463
461
471
464
469
467
468
466
465
469
468
469
470
472
476
472
476
473
479
475
488
484
490
483
484
491
502
508
514
511
508
510
514
507
510
510
517
513
521
528
523
538
539
536
539
543
541
541
545
543
539
550
558
550
564
571
555
549
550
554
544
543
539
524
528
520
521
522
525
526
541
545
541
557
560
558
563
563
556
558
563
555
559
556
555
555
552
554
551
561
550
551
562
564
573
568
578
580
566
558
559
547
537
540
543
538
537
544
554
547
550
552
553
550
548
547
545
551
541
535
530
528
540
557
572
571
563
569
547
541
535
525
517
516
517
524
539
548
557
552
551
536
530
523
525
522
517
526
523
524
525
524
519
518
512
515
506
507
505
493
501
496
509
513
521
523
529
528
525
528
529
525
523
530
517
518
519
521
514
518
521
524
533
524
534
542
533
528
532
524
522
526
521
525
520
530
541
544
540
545
549
539
532
533
533
534
534
535
537
541
531
541
544
537
539
549
546
539
547
548
540
537
541
535
529
526
525
528
534
525
526
522
515
515
528
532
553
551
542
541
531
520
523
522
522
529
520
522
519
519
521
532
524
529
522
526
520
509
511
509
513
518
520
522
526
523
528
527
526
533
538
542
538
539
533
531
527
517
521
513
514
515
513
509
505
497
496
490
497
490
493
491
500
494
499
507
506
513
512
522
521
525
531
529
526
527
523
521
515
510
501
506
508
508
513
518
509
520
520
513
514
521
514
513
523
516
515
517
515
510
505
503
505
499
492
507
504
497
511
518
519
518
524
518
514
509
503
499
503
497
487
492
490
496
489
485
497
490
491
488
490
488
487
480
479
484
482
477
475
472
478
473
468
462
464
468
461
468
458
457
461
462
463
458
451
453
457
458
459
466
461
459
462
458
466
463
466
466
459
457
454
462
457
459
454
451
457
457
464
462
454
461
462
466
458
458
468
466
470
467
468
477
474
469
468
463
470
462
465
461
460
467
459
465
457
458
468
464
469
466
467
475
471
465
473
473
476
473
470
471
467
474
465
464
469
461
469
456
455
462
458
457
449
452
456
452
456
448
450
457
451
467
456
458
461
462
469
460
462
468
464
462
460
459
469
469
462
462
468
476
476
467
481
479
477
475
482
485
477
476
482
480
470
476
479
478
473
471
477
468
473
468
469
475
474
468
475
475
475
465
470
474
467
464
470
463
468
459
458
468
461
455
453
456
464
458
450
453
461
463
463
455
462
461
469
466
463
469
467
476
467
465
473
469
460
459
459
461
458
449
450
450
457
454
442
446
446
451
443
451
445
445
456
449
452
451
448
451
452
449
445
449
456
453
451
450
446
454
446
455
445
442
450
442
448
439
437
439
441
444
443
431
439
438
449
441
437
436
435
439
438
443
438
431
437
435
441
436
437
430
428
434
433
438
437
433
434
430
440
435
443
442
433
440
438
445
440
437
437
432
440
434
443
439
432
436
436
443
438
440
437
437
445
439
447
441
438
441
440
447
445
438
441
437
447
436
443
435
432
438
434
438
433
430
431
429
436
430
439
432
425
429
430
436
429
435
429
429
438
437
443
441
436
442
441
447
448
441
443
441
446
444
441
447
442
451
444
444
453
449
448
444
449
452
448
442
442
444
449
446
438
442
443
447
449
440
440
445
449
447
443
447
446
451
448
443
448
441
441
439
433
440
434
438
430
431
428
426
428
429
423
420
421
425
424
427
425
417
420
415
420
418
421
417
417
416
409
412
412
418
413
413
417
407
410
407
416
411
414
409
414
410
403
411
408
410
407
413
409
408
404
403
409
405
413
407
415
407
411
404
404
408
411
413
818
410
404
406
404
410
409
408
404
412
406
403
407
405
411
407
413
410
405
403
405
407
405
411
404
411
404
409
403
402
403
406
411
405
407
409
405
401
402
405
403
408
402
410
402
401
403
403
406
810
402
400
402
405
409
405
410
409
402
403
403
405
403
407
402
404
406
400
396
398
400
400
405
399
406
405
396
400
397
397
399
402
396
400
797
397
390
399
394
400
397
402
396
397
399
395
395
394
397
398
399
396
402
396
398
401
395
393
395
396
396
399
396
400
397
400
403
395
397
396
401
399
403
395
402
404
399
395
396
397
395
400
396
400
394
401
397
395
396
396
396
397
400
400
395
396
396
403
397
403
402
396
400
396
405
397
406
805
398
397
404
401
404
402
400
399
398
399
398
405
399
401
401
396
397
396
400
792
790
391
392
391
392
396
390
396
392
391
392
389
390
386
393
390
392
385
395
391
386
386
383
389
384
390
386
390
382
392
388
387
390
382
390
388
391
387
390
392
387
387
386
387
387
388
384
388
383
391
388
382
386
380
385
379
385
380
385
380
383
383
383
383
383
381
377
375
378
378
376
380
377
382
380
381
378
383
377
380
382
377
377
374
379
375
382
378
380
377
380
379
382
381
379
377
373
378
376
377
374
381
377
380
756
374
381
378
373
377
377
379
373
381
757
377
382
376
385
380
381
382
377
375
377
378
375
376
378
380
377
382
377
383
378
379
378
384
380
374
377
373
376
373
374
371
378
374
377
375
378
371
377
369
378
371
378
373
373
372
371
374
371
379
370
377
374
378
376
381
375
379
752
374
383
379
374
376
372
376
373
375
373
375
371
376
369
376
373
375
372
374
371
374
371
377
369
376
376
371
371
369
375
369
378
369
376
372
374
748
377
380
378
374
375
372
371
371
373
369
371
369
369
369
371
368
368
369
371
364
371
363
371
730
359
371
366
370
367
364
366
359
364
362
363
362
365
363
368
363
367
359
369
358
368
729
366
359
362
360
362
360
363
726
360
365
363
363
360
368
362
367
359
366
366
364
364
360
362
361
362
362
360
361
361
361
361
360
361
362
363
357
366
358
360
360
362
363
359
359
355
359
356
359
357
357
357
360
361
363
358
362
356
364
356
362
362
358
359
354
362
356
359
361
363
354
359
357
359
359
355
357
355
357
358
362
358
361
357
364
356
362
362
360
363
354
362
358
359
356
360
356
363
353
362
354
358
716
358
356
355
354
356
354
356
707
352
356
353
354
355
354
350
357
351
356
351
356
354
358
353
357
353
354
355
353
352
352
354
352
352
349
354
350
357
706
352
358
352
361
710
353
358
356
354
354
350
354
352
353
354
354
352
354
354
354
355
347
354
351
354
350
353
354
354
701
704
353
350
353
350
350
698
351
354
345
355
344
354
347
349
352
345
351
344
349
692
343
347
347
349
342
350
344
349
349
346
347
341
348
690
344
346
343
346
343
347
344
344
347
349
345
346
344
349
343
351
341
352
343
347
348
345
349
344
345
344
351
345
350
688
342
346
343
344
347
345
343
345
344
349
338
346
342
345
337
348
341
344
683
340
346
337
345
341
344
337
341
681
336
338
337
340
335
340
338
341
333
344
340
341
335
344
336
340
335
342
335
340
337
342
674
678
675
681
335
343
335
342
338
340
337
341
334
344
677
334
343
675
678
335
342
335
337
336
340
335
341
669
676
675
673
676
335
337
339
339
339
339
339
336
337
342
672
336
338
337
335
337
337
334
337
336
339
333
338
333
340
333
337
666
334
333
332
334
330
336
328
335
325
337
329
333
326
337
329
334
333
333
332
333
331
334
659
330
331
330
327
331
332
330
660
662
329
334
330
334
326
337
327
334
667
329
337
333
330
335
329
332
328
333
328
338
329
331
328
336
329
335
332
333
664
328
337
331
329
330
335
331
331
333
662
332
330
332
329
335
330
332
332
661
664
658
331
333
328
333
330
331
329
333
326
334
326
335
328
335
332
327
328
334
325
333
326
331
327
332
328
328
326
331
330
332
660
327
333
328
329
328
332
325
329
326
324
327
654
323
328
326
327
326
331
322
329
651
324
332
324
328
324
335
326
330
324
327
327
329
325
325
324
328
321
323
326
325
328
321
327
326
326
324
330
322
330
327
326
325
329
321
328
324
325
319
330
323
325
326
325
324
330
323
325
324
324
318
327
320
324
324
322
324
324
323
321
323
322
326
321
328
323
324
320
329
643
313
334
319
325
322
326
321
328
320
327
322
324
322
327
321
329
322
326
319
327
321
643
647
322
328
320
646
325
323
327
319
326
646
644
324
324
323
327
324
322
322
645
644
319
323
320
324
645
639
323
321
320
323
323
321
319
322
646
320
329
320
326
322
321
320
321
320
638
315
324
313
326
637
319
322
640
316
321
317
323
319
327
320
324
319
315
317
641
315
323
315
321
639
313
326
317
324
322
319
318
321
317
315
320
319
318
315
322
312
319
317
317
638
315
322
318
316
317
632
316
317
633
633
313
316
317
318
315
324
318
315
317
314
316
635
311
316
633
313
318
630
314
318
313
313
315
317
317
320
312
323
317
320
316
324
318
323
316
324
319
322
325
326
323
323
325
325
322
326
325
327
329
326
330
324
337
325
333
327
335
326
332
1002
332
332
1013
333
335
671
334
335
335
334
334
339
334
333
336
337
337
337
1008
346
678
336
1021
342
340
678
344
682
337
342
679
343
340
1362
342
340
339
346
344
342
344
344
346
341
350
346
349
349
352
354
353
356
356
360
356
361
721
363
726
358
362
358
361
362
361
356
361
362
358
359
364
358
365
362
362
364
365
367
360
369
365
361
367
732
360
366
366
369
365
370
371
361
372
1107
374
750
374
379
381
382
383
383
385
386
388
777
389
391
792
397
390
398
397
396
397
401
398
406
405
406
409
406
410
411
414
413
403
410
409
415
415
409
420
422
425
422
428
426
427
425
426
427
426
426
429
428
431
428
430
433
434
432
432
437
438
437
438
434
433
438
438
435
435
443
442
447
444
440
453
446
444
450
446
441
443
447
442
450
443
440
455
451
450
459
457
451
461
467
458
467
464
462
469
465
466
468
465
468
468
458
468
472
464
477
476
470
475
476
465
474
472
473
467
467
461
468
471
470
474
477
470
481
474
473
479
478
478
477
480
479
473
475
472
465
472
476
471
478
477
488
487
492
488
486
485
476
477
471
467
469
473
472
470
483
477
481
486
489
488
498
493
494
503
497
500
500
501
499
497
498
503
498
504
505
505
510
512
505
511
512
509
515
502
516
510
510
510
506
510
504
505
511
504
510
512
519
516
523
520
526
523
521
523
521
522
518
522
521
523
516
527
520
523
521
522
523
522
521
523
521
515
514
528
524
530
528
528
523
532
524
531
529
534
532
534
531
535
526
532
529
530
524
525
516
514
507
507
507
502
509
503
509
509
508
504
508
510
508
508
508
510
517
517
517
514
522
516
521
516
520
521
519
516
521
520
519
528
523
529
529
536
533
537
530
537
528
533
529
534
526
535
528
532
529
531
529
533
528
536
533
536
537
538
538
540
534
534
525
535
532
537
536
537
540
539
537
532
528
540
535
539
541
538
535
534
531
528
522
516
513
513
506
512
515
520
520
527
524
530
531
531
530
527
530
526
529
524
529
524
528
521
529
522
529
525
532
526
533
531
540
536
537
532
538
534
535
536
536
530
538
532
539
537
542
542
544
539
549
541
541
531
538
532
535
535
537
533
541
538
539
538
542
539
541
534
536
532
538
530
535
532
535
530
539
533
537
538
545
540
547
542
548
540
547
541
546
541
545
540
542
541
544
541
541
544
538
538
531
544
541
543
541
548
541
548
544
550
546
546
542
550
543
546
543
544
546
544
545
550
545
548
549
550
549
551
549
550
549
548
539
541
532
536
529
533
525
523
521
516
524
523
530
533
534
536
538
536
538
540
537
536
538
535
535
538
533
537
538
536
531
533
533
542
541
545
548
553
554
556
553
563
558
562
559
559
554
551
551
551
543
545
538
543
536
539
536
538
531
533
532
531
536
539
538
540
541
537
538
534
533
529
533
532
531
539
539
538
539
534
536
530
536
529
531
526
527
529
529
530
533
533
537
538
541
536
536
534
536
532
537
532
534
533
533
533
529
529
531
530
1062
531
533
532
531
534
534
531
534
532
533
1063
529
532
525
533
528
531
527
531
529
534
529
532
531
535
528
533
528
534
530
533
526
525
526
526
526
525
524
526
523
527
523
525
524
531
529
535
537
542
541
543
541
546
546
549
549
549
546
545
540
551
549
554
551
548
543
541
531
532
523
525
519
521
515
525
528
530
536
541
538
543
542
544
545
545
544
542
538
542
539
542
538
537
534
536
533
531
529
529
527
531
533
538
540
546
548
553
552
553
554
555
553
556
551
552
551
553
549
548
554
549
544
547
542
542
536
536
535
537
532
538
538
542
539
545
542
541
542
545
538
541
539
542
539
543
535
544
539
543
541
548
542
548
543
549
543
547
544
549
544
551
543
546
540
543
536
540
538
541
539
541
538
540
537
536
530
540
537
544
539
546
543
546
539
545
537
539
536
539
538
538
541
543
543
549
548
549
556
554
548
554
547
552
547
551
544
548
541
547
540
543
538
542
532
545
537
546
538
547
544
547
543
545
541
542
535
536
536
538
535
540
538
536
529
538
536
543
545
548
549
554
551
549
545
545
541
540
537
536
533
535
535
539
539
548
547
555
552
557
552
557
551
551
543
546
533
539
531
533
526
527
524
525
520
519
517
517
513
521
520
526
523
531
530
531
531
536
536
541
540
544
545
553
552
560
559
556
558
564
561
564
563
563
560
563
554
558
557
556
557
559
554
557
559
556
562
560
561
558
563
556
559
558
553
555
558
554
556
555
549
548
551
545
547
544
544
541
545
541
543
542
546
544
551
546
554
552
554
552
554
549
549
549
546
548
546
543
545
553
538
547
546
548
545
549
546
545
539
545
538
545
542
549
545
554
557
556
557
563
556
557
558
554
554
555
549
551
547
542
543
543
539
534
530
533
541
544
549
553
552
560
549
557
551
555
551
556
548
553
550
551
551
555
555
563
570
570
580
577
575
569
570
565
563
564
559
555
560
552
552
547
549
542
547
541
546
544
549
548
553
549
553
545
546
543
544
538
541
540
540
543
546
545
549
552
547
550
548
554
546
551
548
552
548
554
555
552
554
560
556
560
556
556
549
552
546
550
546
551
543
549
547
549
544
548
549
547
554
556
556
554
560
561
557
555
560
555
553
554
554
547
551
552
546
549
554
548
551
547
548
546
544
541
546
545
547
542
543
538
546
538
545
541
546
543
552
545
554
551
552
552
556
552
556
554
553
553
554
557
555
562
563
562
563
568
558
561
558
552
549
551
548
546
544
546
541
547
548
554
553
560
563
560
558
556
562
560
562
563
560
557
556
557
547
550
545
542
543
541
537
538
549
547
549
546
560
557
554
552
551
543
540
532
531
527
527
525
526
527
530
533
541
549
556
563
575
588
594
592
596
603
596
593
598
604
610
615
629
630
632
644
638
633
633
635
637
639
651
666
687
683
681
678
670
664
658
647
644
641
637
629
634
634
634
625
618
619
621
625
625
622
619
619
625
626
628
632
628
626
631
631
626
619
619
628
631
625
625
627
641
640
640
633
625
619
624
637
647
648
694
701
697
659
640
627
604
589
576
560
555
549
546
545
555
572
589
604
611
609
607
597
589
586
584
593
601
603
602
597
609
608
612
614
623
625
631
636
646
645
641
644
648
654
652
663
672
687
674
672
663
662
650
649
648
665
676
671
667
652
643
658
693
713
725
717
708
689
668
656
648
639
624
620
627
637
652
648
651
652
665
655
647
635
624
611
599
589
579
573
570
566
576
593
607
620
625
634
625
624
620
617
613
607
602
600
604
607
605
602
606
612
623
629
626
621
614
605
602
593
591
588
587
592
599
609
609
612
615
622
624
626
626
626
615
611
611
612
613
615
620
627
634
643
641
637
633
635
637
635
632
626
618
616
616
621
626
628
633
635
637
631
632
634
635
635
627
624
621
617
618
615
607
601
598
598
603
610
619
623
624
616
612
606
605
607
611
612
615
620
624
628
633
633
628
632
633
638
643
637
637
638
637
638
631
625
621
619
621
611
607
601
599
596
601
631
650
681
687
669
651
642
626
613
600
591
588
586
590
598
607
621
632
638
644
637
629
626
627
629
633
626
621
622
627
633
630
627
628
626
622
620
620
619
617
615
617
627
632
632
635
633
625
618
614
612
609
606
606
609
614
621
635
637
640
645
646
646
639
632
630
632
631
628
625
623
628
634
643
638
635
635
638
635
631
628
622
619
619
619
617
618
619
613
609
608
614
618
620
621
627
634
631
629
626
626
627
624
623
628
619
617
615
617
619
620
625
627
633
630
628
623
625
630
638
636
631
626
625
625
622
624
625
623
616
612
612
616
615
616
617
622
627
626
635
638
641
634
638
637
634
635
630
633
634
637
632
622
628
631
639
638
639
640
639
630
631
630
630
627
621
620
623
628
629
632
633
639
635
634
634
636
626
615
604
617
617
617
622
627
631
627
623
618
613
608
604
606
607
613
616
620
618
618
614
609
604
603
604
604
605
604
609
606
608
610
609
609
607
606
607
604
604
603
604
601
601
602
603
601
601
602
608
610
608
609
612
616
613
614
614
613
612
613
617
615
617
619
618
623
616
619
614
613
606
602
594
586
580
578
575
576
582
593
598
602
599
598
599
597
595
595
595
598
598
599
602
604
606
608
610
615
621
622
616
617
617
609
603
600
596
594
590
588
589
593
595
597
601
606
609
606
604
602
603
601
599
598
601
609
615
622
628
636
636
629
624
619
617
612
610
614
620
619
622
628
636
640
643
646
654
648
645
639
635
630
627
629
627
625
627
631
636
633
634
636
634
630
623
619
622
627
625
624
627
628
625
626
623
624
620
620
618
618
614
614
611
616
618
619
622
623
625
619
613
614
618
619
617
615
620
624
628
624
618
623
628
638
639
644
645
645
645
643
643
639
638
633
629
627
630
634
636
635
628
621
617
620
617
617
618
624
628
623
619
618
619
617
616
610
607
600
591
586
579
578
574
573
576
584
589
589
592
597
601
604
608
610
609
610
616
621
623
623
625
625
629
630
631
634
635
633
629
629
628
624
615
606
603
605
609
619
629
628
633
642
650
639
634
629
623
625
627
634
627
616
610
602
598
591
589
589
593
593
598
602
611
617
620
616
613
608
605
601
596
594
589
582
587
601
605
608
594
598
591
590
590
591
593
592
593
593
599
601
598
597
599
603
602
604
608
608
610
604
608
612
619
620
614
611
616
626
626
619
615
617
620
621
618
617
619
627
632
629
630
640
653
663
657
659
658
658
658
646
645
647
651
664
668
658
661
665
675
669
663
667
666
669
665
677
682
689
678
693
702
706
688
696
691
694
675
667
661
666
656
656
663
678
691
685
691
683
670
653
648
636
632
621
617
608
606
604
609
612
615
619
634
654
656
658
661
666
672
658
661
658
662
669
663
661
667
678
688
678
679
679
680
684
673
671
676
683
681
683
694
703
699
691
691
694
699
690
693
688
691
678
677
681
690
683
688
691
697
688
682
680
681
676
685
694
703
697
697
706
718
699
705
711
720
702
696
700
703
691
696
702
713
704
714
705
683
666
656
650
646
627
625
616
612
612
611
611
607
596