637
642
642
642
650
651
650
650
647
651
651
649
651
580
650
650
650
650
650
650
650
650
650
650
650
650
661
660
660
661
661
660
660
660
661
660
660
660
661
661
661
660
661
661
660
661
661
670
671
671
671
671
671
671
670
671
671
670
670
671
671
671
671
671
671
671
1266
630
627
623
613
607
593
593
585
583
583
576
567
660
498
589
595
602
616
642
721
646
649
658
646
648
639
636
643
628
622
617
601
602
589
587
582
578
574
581
571
580
580
591
591
594
599
604
605
605
605
613
606
611
613
606
600
604
601
599
601
602
589
591
593
587
578
575
575
575
571
573
570
576
576
575
586
584
582
591
589
586
582
578
580
579
583
578
578
584
583
571
577
578
571
594
584
578
580
575
571
565
564
569
564
552
556
547
550
555
559
557
563
567
560
578
580
581
588
584
583
584
586
585
578
573
571
576
570
568
560
554
561
557
557
558
554
552
561
1693
561
548
552
548
549
550
549
538
553
557
551
562
561
566
576
574
571
583
584
581
578
584
581
576
576
572
577
571
575
565
564
575
572
566
572
574
577
581
574
1164
577
581
580
582
587
586
581
587
583
580
586
590
575
582
580
572
577
578
569
576
576
577
572
577
577
579
569
580
569
565
572
578
585
573
573
567
563
563
565
563
555
560
553
559
557
564
557
563
563
563
565
566
557
567
566
566
566
563
563
570
569
562
569
570
566
571
572
566
570
574
571
575
575
581
583
589
583
584
585
591
585
581
580
568
574
575
572
562
571
571
568
576
573
577
584
577
577
585
584
581
583
579
580
579
582
577
584
579
586
586
1170
588
1158
575
565
570
565
567
553
556
561
556
561
561
567
566
563
583
569
574
577
577
566
570
562
563
555
560
556
544
548
540
542
541
1639
534
534
529
533
532
529
528
525
529
526
530
537
534
524
531
531
531
534
531
538
531
533
530
529
532
528
527
532
527
522
526
520
526
525
521
518
517
523
518
517
514
515
523
519
510
511
517
515
519
515
508
517
502
509
511
514
510
508
505
501
499
509
1512
512
512
504
506
506
504
503
505
503
507
504
508
507
502
498
500
499
401
608
397
501
498
498
502
504
500
494
497
497
499
496
499
497
496
494
496
498
497
492
494
500
496
494
494
502
496
493
494
495
499
497
495
495
486
487
496
487
483
484
491
484
481
482
482
486
481
480
479
479
480
485
476
476
477
479
477
465
478
471
475
478
476
472
474
478
474
472
475
472
474
472
477
473
472
473
476
479
472
473
473
470
475
478
471
473
478
476
471
475
472
472
475
473
471
469
474
472
468
471
471
469
472
476
471
469
470
469
471
472
470
467
468
472
472
468
471
469
472
472
473
468
469
473
472
467
471
471
468
472
470
468
467
462
477
478
471
472
469
475
476
470
469
473
475
474
475
471
470
477
473
474
470
472
468
468
472
474
470
469
469
467
472
472
471
464
470
473
470
577
357
467
469
467
471
464
460
467
467
466
469
470
469
469
470
465
470
471
469
466
469
475
470
468
472
469
469
474
472
467
470
474
474
483
468
472
468
467
475
469
467
577
347
472
467
468
471
466
470
472
466
466
468
472
465
468
466
461
464
467
467
461
460
463
460
461
462
460
461
460
463
458
460
461
460
461
460
460
460
460
461
461
460
460
460
461
461
522
460
859
2348
462
453
461
456
454
461
456
444
460
460
449
453
454
459
452
448
447
446
459
452
431
902
459
440
446
443
894
444
445
438
440
448
436
449
428
438
437
439
444
426
437
438
433
442
432
432
438
425
444
425
435
432
430
434
429
430
429
428
437
424
427
425
430
431
424
426
427
425
854
424
428
425
428
424
423
423
427
418
431
427
420
424
426
418
429
423
421
425
417
428
425
416
420
423
424
424
415
419
417
424
422
411
419
412
422
420
411
419
416
418
413
417
414
415
420
413
411
412
409
412
421
403
413
413
414
412
407
414
412
410
410
407
408
411
407
409
406
402
407
406
411
404
406
407
401
414
398
409
398
402
808
398
404
402
400
400
805
404
401
404
400
400
404
395
410
403
798
396
399
406
398
396
397
395
398
404
395
396
396
399
401
399
396
397
399
405
407
402
402
405
406
408
408
409
413
411
412
413
416
414
417
415
421
423
416
423
418
425
426
424
423
423
427
426
427
427
430
431
431
430
430
435
438
434
437
438
438
444
439