1206
1104
1059
1161
1243
1192
1120
1062
1069
1195
1203
1147
1127
1074
1144
1263
1190
1159
1080
1104
1182
1240
1203
1126
1127
1215
1255
1194
1115
1115
1217
1240
1206
1140
1118
1198
1283
1225
1157
1080
1151
1265
1212
1120
1102
1164
1210
1185
1115
1088
1145
1160
1078
1051
1085
1139
1110
1070
1139
1208
1143
1105
1153
1168
1117
1097
1160
1269
1161
1110
1180
1255
1154
1107
1113
1111
1066
1099
1190
1190
1100
1039
1058
1118
1181
1084
1049
1115
1119
1094
1033
1081
1164
1141
1092
1077
1127
1177
1182
1132
1084
1134
1173
1166
1108
1081
1117
1116
1135
1076
1025
1038
1108
1156
1077
1043
1113
1169
1126
1067
1028
1077
1112
1090
1060
1037
1085
1185
1145
1069
1039
1086
1136
1112
1060
1046
1156
1182
1220
1114
1062
1098
1182
1184
1137
1089
1138
1221
1147
1076
1048
1089
1179
1191
1097
1079
1117
1207
1178
1139
1112