1179
1192
1144
1109
1095
1100
1196
1181
1109
1180
1333
1385
1313
1249
1161
1122
1179
1209
1192
1233
1195
1142
1135
1140
1160
1227
1164
1131
1128
1113
1144
1191
1126
1094
1134
1278
1239
1124
1143
1224
1170
1085
1088
1107
1169
1064
1063
1087
1100
1050
1141
1218
1168
1124
1075
1104
1134
1152
1087
1110
1122
1123
1079
1173
1242
1178
1154
1158
1111
1085
1171
1207
1122
1132
1157
1170
1121
1130
1154
1154
1096
1147
1167
1145
1069
1110
1150
1143
1106
1146
1150
1098
1140
1180
1144
1078
1072
1057
1037
1038
1090
1101
1064
1094
1170
1131
1148
1217
1133
1080
1135
1180
1203
1133
1062
1032
1070
1177
1154
1153
1134
1083
1073
1089
1117
1161
1161
1144
1240
1224
1165
1198
1237
1194
1130
1211
1243
1192
1208
1231
1132
1136
1179
1217
1190
1266
1313
1260
1151
1186
1208
1191
1148
1247
1237
1187
1246
1304
1184