821
772
722
689
675
687
692
683
678
668
677
645
623
614
617
663
729
717
707
667
650
642
636
625
1238
609
602
592
580
568
556
551
559
584
1079
910
868
842
778
741
700
670
626
602
589
565
562
583
629
657
632
641
747
602
984
833
759
707
678
686
695
714
717
761
739
735
733
737
744
733
703
689
691
697
763
835
816
756
758
751
761
736
692
678
659
673
685
731
803
830
771
728
695
679
677
679
659
662
663
646
647
645
637
646
630
603
585
588
592
612
628
665
706
688
629
609
584
570
565
597
984
869
837
783
723
682
643
638
644
1146
960
926
798
731
669
650
629
628
653
667
621
596
615
616
627
642
654
654
636
609
601
590
592
599
655
717
908
785
743
708
710
749
778
771
756
735
743
746
744
710
703
693
719
784
836
804
769
746
732
719
682
660
620
602
606
629
641
670
702
740
747
743
685
654
628
630
673
837
948
880
811
768
728
729
741
730
719
729
755
846
890
812
786
778
755
749
741
726
710
696
691
704
725
775
779
771
741
690
684
663
663
656
609
605
628
646
677
706
727
711
670
650
635
650
713
813
847
813
789
738
735
755
858
925
874
845
785
716
697
688
741
811
830
812
785
753
745
755
781
785
779
742
699
668
681
746
813
811
744
679
627
604
595
607
630
743
1057
970
890
808
738
702
694
721
784
803
777
764
745
741
721
712
688
656
646
639
632
613
594
613
635
669
672
686
652
656
666
685
677
653
626
624
620
659
794
833
828
812
809
786
750
710
712
718
749
808
466
1144
709
696
691
713
765
768
780
766
810
833
886
859
796
755
729
714
693
659
668
669
682
714
701
714
668
629
625
634
639
629
656
672
693
709
718
719
691
693
701
717
717
689
453
971
687
737
739
793
1154
1066
970
873
866
849
816
793
771
780
856
852
766
730
706
716
777
877
774
697
671
645
631
630
645
689
785
822
810
767
728
692
687
715
756
778
771
763
802
815
834
822
798
756
721
697
677
695
712
746
755
738
713
670
656
646
630
651
710
744
759
728
698
645
604
581
570
568
575
589
593
582
583
596
640
692
599
640
587
589
573
567
569
573
580
577
567
563
564
575
582
586
577
576
582
589
584
575
569
568
563
559
550
545
539
539
542
546
547
539
539
542
547
557
559
556
557
553
558
560
565
565
559
550
545
543
545
551
556
555
551
547
545
546
532
539
558
569
606
616
879
738
686
666
648
641
625
610
605
609
626
662
1375
685
663
637
609
579
569
565
577
642
873
830
753
779
784
757
741
720
721
729
708
675
666
661
699
741
752
751
763
776
742
757
771
766
781
759
700
699
676
685
715
738
708
700
690
690
711
680
647
634
605
584
562
556
559
580
621
673
750
741
719
706
682
668
653
635
673
709
804
840
784
757
734
703
661
665
660
687
732
746
750
735
724
703
684
653
619
581
570
566
568
596
641
787
771
722
694
657
638
622
605
631
622
650
663
663
648
645
629
615
609
602
590
594
591
602
609
620
603
603
592
606
630
599
591
576
567
555
548
555
554
554
557
565
571
606
579
587
581
588
595
601
603
593
614
580
582
586
591
611
599
615
712
573
923
748
701
673
666
678
682
726
789
814
763
721
690
687
692
468
1038
697
687
676
694
1154
1038
1035
1065
920
797
736
731
744
760
751
723
729
712
695
677
645
616
589
589
601
606
598
611
612
618
616
605
596
598
592
606
643
610
684
582
602
592
609
784
640
933
800
744
702
688
689
723
786
854
889
811
777
2050
613
594
578
566
546
555
551
564
595
658
619
622
733
578
619
600
604
617
638
772
587
941
793
775
763
778
812
866
866
817
798
779
782
736
705
701
728
770
802
815
827
808
768
730
704
702
747
892
945
896
854
860
863
824
806
763
715
709
709
781
878
904
864
819
778
714
659
646
662
727
778
840
824
785
773
794
773
759
712
719
729
777
1118
1022
894
766
732
684
642
655
673
659
718
787
877
952
885
793
731
700
680
708
802
1001
929
884
797
761
754
787
891
886
797
730
712
445
795
641
613
589
569
551
535
525
516
510
503
496
497
493
490
489
486
487
484
489
497
499
497
498
501
505
516
521
525
587
670
542
541
529
523
521
524
513
509
506
499
498
498
498
499
499
499
496
493
496
499
504
512
514
507
502
494
492
499
503
506
514
520
526
521
527
532
543
550
554
552
540
540
540
546
559
578
581
566
553
544
544
547
551
563
559
557
555
563
579
600
594
569
555
536
527
526
433
623
520
521
523
539
565
1048
989
992
962
864
799
754
689
634
598
559
563
559
574
624
719
730
771
757
729
679
660
636
634
651
686
707
681
683
715
742
713
696
701
709
704
700
667
651
634
654
694
689
691
716
699
690
646
626
610
606
622
662
729
709
719
706
677
670
674
720
752
715
710
694
699
683
686
684
658
672
680
677
664
637
626
605
585
553
537
540
550
598
768
736
724
684
673
663
646
618
620
609
605
629
664
769
764
722
715
725
706
680
642
605
601
594
635
1066
974
918
824
793
766
728
692
672
667
688
694
707
720
741
731
690
664
632
618
600
601
610
670
768
810
756
723
716
713
748
865
1055
952
894
834
830
799
834
1041
1005
853
752
736
750
728
705
708
700
655
627
589
567
543
528
523
521
530
545
565
592
847
728
690
623
587
574
549
554
580
618
602
565
582
582
587
577
566
562
570
598
869
734
713
671
638
626
631
646
787
1135
976
839
798
781
784
800
778
729
680
667
656
696
757
806
769
753
733
728
729
698
707
711
729
713
710
681
664
674
663
644
646
643
635
638
631
616
611
594
574
554
541
528
530
538
545
565
591
742
694
606
580
569
569
573
579
591
609
619
926
774
759
699
649
629
616
626
694
786
858
848
850
804
765
713
676
636
620
614
644
707
766
1078
989
935
808
720
680
654
636
621
618
609
608
613
624
625
638
647
680
704
686
667
635
616
590
584
563
548
547
561
604
736
819
896
889
808
747
713
679
679
687
700
700
693
693
715
765
788
761
751
761
762
753
701
670
699
802
859
808
773
732
710
677
622
607
618
630
617
619
608
605
602
581
569
563
563
588
911
788
749
690
654
605
575
567
553
566
577
714
664
967
818
729
655
633
623
641
712
736
699
729
928
909
813
753
705
686
676
695
698
691
682
675
695
703
736
720
700
449
884
606
572
551
544
555
616
1092
962
905
809
772
744
733
710
724
725
739
749
709
706
696
680
685
692
729
842
1022
917
842
761
698
657
640
637
636
604
610
654
696
681
675
678
678
686
661
636
616
606
605
605
574
584
581
579
589
885
802
771
738
725
752
795
825
759
728
708
709
758
836
799
716
696
655
658
667
654
660
660
669
691
713
719
685
680
654
645
633
615
613
620
656
822
905
833
800
760
737
721
725
718
740
739
725
708
690
653
626
644
637
635
612
604
603
595
590
596
596
604
871
825
827
794
729
691
663
644
650
657
672
713
745
883
927
800
730
676
632
610
613
630
688
765
944
933
828
734
700
675
657
635
615
623
621
627
633
622
620
605
573
582
580
582
564
548
542
539
540
548
554
568
569
563
560
564
568
572
584
590
586
583
563
565
566
571
573
574
561
555
558
581
979
795
755
715
688
670
656
667
644
644
619
583
576
573
567
561
552
554
554
560
562
561
555
560
566
583
655
578
857
737
745
717
674
651
637
637
667
693
714
727
755
712
667
646
667
688
684
702
708
713
710
673
656
655
677
727
741
731
707
688
511
801
615
623
636
664
722
789
834
838
820
817
797
767
741
717
713
727
738
780
800
777
729
699
691
701
753
848
865
850
828
795
747
700
663
645
629
618
622
648
670
742
677
682
698
711
711
685
646
626
606
598
588
578
572
565
560
566
626
852
833
766
722
698
683
665
641
640
646
678
719
724
691
668
648
653
656
639
642
614
590
604
615
595
573
565
560
562
565
567
571
566
559
549
537
531
535
548
565
575
613
609
955
808
755
712
691
661
632
615
605
612
615
597
662
676
720
617
618
600
599
604
596
585
571
563
560
555
555
552
546
546
555
575
701
860
750
721
697
674
646
634
639
660
685
713
709
724
721
719
715
694
702
701
707
709
721
731
783
773
711
688
666
660
668
686
692
711
724
728
729
711
685
672
661
661
671
674
716
765
802
776
720
677
621
589
571
560
552
543
535
534
546
562
735
788
720
703
671
660
644
620
604
584
570
572
573
600
600
579
564
547
535
522
515
505
502
514
539
594
909
720
656
624
573
596
592
582
570
563
562
564
563
556
552
552
554
565
653
577
855
720
741
756
768
772
752
707
695
688
707
728
716
691
655
630
600
570
558
553
551
548
544
545
552
547
558
561
557
556
550
546
548
555
563
557
547
543
549
561
556
555
563
566
576
568
579
586
583
575
568
562
563
571
592
605
580
584
616
865
712
439
894
604
598
614
646
828
1032
1080
975
896
838
734
671
642
620
601
600
600
613
640
659
644
627
623
623
683
712
719
697
679
690
679
646
605
574
567
572
597
684
789
833
785
785
761
739
700
667
654
643
646
671
683
679
672
666
676
669
664
629
611
608
579
568
568
431
682
548
544
543
540
545
564
1106
833
737
765
755
730
696
677
684
703
684
656
451
779
586
592
596
604
615
645
715
1051
956
834
771
740
712
710
689
677
668
675
733
754
740
728
688
648
616
607
592
621
673
1114
1059
978
834
801
740
695
680
687
731
801
777
823
865
777
722
706
679
678
640
640
597
582
592
604
614
625
611
555
548
543
537
531
523
517
518
527
536
550
558
558
559
562
579
599
592
573
561
552
543
532
521
511
506
504
496
491
494
500
512
533
550
574
576
552
545
546
550
556
556
485
616
545
543
541
541
506
592
573
908
758
733
705
678
662
636
609
623
653
758
1009
897
833
787
767
727
709
697
684
479
850
604
612
586
567
585
703
822
1036
988
931
830
758
720
701
698
683
673
644
632
621
654
688
727
710
690
699
648
614
593
600
600
600
609
612
611
624
608
585
582
576
580
590
591
585
585
563
545
535
523
517
518
528
533
532
529
534
539
532
539
547
562
590
613
554
553
546
544
549
557
560
561
571
569
572
598
759
552
584
571
562
563
563
577
804
649
633
592
563
536
521
510
509
499
503
500
504
501
505
503
505
505
508
502
498
494
491
486
480
476
477
469
467
465
463
461
456
452
451
449
448
445
447
445
448
450
453
455
458
458
463
468
472
478
476
475
474
474
475
478
473
473
472
472
475
472
481
482
490
488
488
491
493
498
497
495
492
492
492
489
494
493
497
494
500
494
501
501
503
454
547
496
498
499
504
504
492
485
487
490
491
500
498
496
489
488
489
485
479
473
465
464
463
463
465
465
473
476
477
472
471
477
480
468
470
464
463
455
453
455
452
440
438
438
443
432
429
428
427
425
419
414
415
412
418
414
420
409
406
407
408
410
408
413
408
403
403
405
411
405
411
400
400
401
404
407
402
407
398
394
396
396
401
398
403
401
399
396
398
399
400
402
401
398
396
394
396
395
398
395
399
395
393
393
392
394
396
398
397
400
399
390
393
393
396
396
399
395
397
391
393
393
394
396
395
396
396
394
389
388
387
386
387
386
390
386
390
387
389
384
380
380
381
382
383
384
386
387
386
389
387
388
384
384
385
382
383
382
384
384
386
383
389
386
392
389
391
386
387
387
389
390
388
391
388
391
388
386
386
386
389
389
390
389
392
390
394
393
396
393
394
392
391
390
391
394
391
395
389
390
393
391
391
391
394
393
396
396
398
391
389
389
390
393
390
394
389
394
390
388
386
385
386
385
388
387
391
387
390
386
386
385
384
381
385
386
384
387
384
386
384
387
378
379
377
377
377
378
378
380
382
381
384
380
386
383
381
378
378
377
378
379
382
383
384
386
384
387
386
388
385
384
379
378
379
379
381
380
385
384
390
386
389
383
383
381
382
381
382
383
383
384
381
386
384
382
375
373
376
376
376
375
377
374
378
375
379
376
381
378
375
373
374
373
373
374
372
374
373
377
373
377
374
379
377
377
375
376
376
374
374
376
378
377
378
376
379
374
376
375
379
375
377
370
372
371
371
372
370
369
371
373
373
374
373
374
372
374
374
377
374
374
368
368
367
367
367
365
364
362
365
366
365
366
364
364
364
363
367
363
366
365
367
365
368
365
370
368
372
369
374
370
370
368
370
371
367
364
366
366
366
367
365
363
364
364
367
366
365
366
362
365
361
365
363
365
364
367
364
366
364
368
363
364
363
364
364
365
363
359
361
361
361
359
359
357
358
360
362
362
361
360
361
361
365
362
366
363
366
364
368
366
368
365
370
361
366
363
365
365
366
364
364
366
368
367
365
366
365
364
363
365
364
367
363
366
366
368
367
368
368
368
365
365
364
366
366
361
361
361
364
363
361
360
358
360
360
360
361
360
360
358
361
358
362
359
361
359
364
359
365
358
365
364
365
362
364
361
358
358
355
357
357
354
353
353
355
354
356
354
355
355
354
354
354
356
355
355
354
354
354
354
356
357
356
355
354
354
357
358
359
357
358
358
357
359
361
361
359
360
357
359
359
361
358
362
359
363
362
365
361
366
364
366
361
363
361
361
361
362
357
360
360
359
361
361
360
357
361
363
364
361
361
360
364
361
367
362
363
363
366
362
368
367
371
366
368
364
365
365
365
361
360
361
364
363
364
362
362
361
363
365
364
365
363
367
365
369
367
370
369
374
371
376
369
370
368
368
369
367
365
367
369
369
367
366
367
366
368
364
367
364
366
366
371
367
372
369
373
368
370
368
369
369
366
362
364
365
366
364
363
362
361
362
363
365
362
364
363
364
362
366
364
368
364
368
364
370
366
369
366
368
366
364
357
359
359
358
360
357
355
355
357
358
358
355
357
358
360
360
360
359
362
363
366
363
367
365
371
369
373
369
369
370
371
365
368
367
368
366
368
364
367
368
365
363
364
365
363
365
364
369
370
374
374
379
374
376
376
376
374
371
373
374
375
373
376
374
376
376
379
376
377
369
370
371
369
365
366
367
368
367
365
370
369
370
366
368
366
368
365
367
367
369
366
369
367
369
362
364
363
364
364
365
364
362
364
366
367
367
366
367
369
366
368
365
369
364
368
365
369
367
371
368
372
371
377
373
373
367
367
366
366
365
364
361
362
362
363
362
361
359
360
362
364
361
364
362
364
365
365
365
366
366
369
370
371
371
372
372
373
372
371
373
373
373
375
373
372
375
376
375
378
379
379
381
382
382
384
386
387
386
386
386
384
384
381
382
380
379
382
384
385
388
391
392
395
396
397
400
402
403
404
403
401
402
401
404
411
414
418
413
411
412
413
415
422
424
428
428
427
431
431
431
433
432
432
433
436
438
440
443
447
453
459
459
458
460
460
458
455
454
453
450
449
447
446
447
447
450
454
457
460
460
458
451
449
451
446
446
447
445
447
447
448
450
449
449
448
448
449
451
455
456
458
458
460
460
461
462
461
459
459
455
455
455
456
459
460
460
458
454
447
441
439
433
432
428
430
437
443
452
459
471
479
484
485
483
477
473
460
457
452
445
441
444
451
460
471
485
488
499
499
501
502
500
487
483
479
478
479
477
472
450
496
467
463
465
468
468
472
474
476
484
483
483
478
471
468
469
468
467
464
468
472
475
477
483
484
488
491
490
488
485
488
484
483
482
483
487
491
496
497
499
503
503
506
504
504
497
495
487
486
485
484
487
485
493
499
507
504
503
500
498
492
483
479
475
470
469
467
469
470
473
479
489
502
517
521
515
515
513
513
512
511
504
501
500
497
502
496
492
490
488
486
487
489
497
508
504
496
491
487
487
486
485
484
485
482
480
483
481
481
479
482
479
480
478
479
476
487
483
481
479
483
479
480
478
478
471
469
471
468
467
468
475
486
493
510
515
524
527
525
521
521
515
511
499
495
497
491
488
488
491
492
495
498
510
511
508
514
505
502
502
495
491
484
487
493
503
516
524
528
536
539
535
532
521
518
512
501
489
483
472
470
469
468
467
470
477
483
485
506
541
562
571
559
543
534
525
521
511
510
504
500
495
484
457
500
476
473
473
458
457
460
457
459
452
452
451
452
452
450
447
450
446
445
444
440
442
438
433
433
433
438
434
438
429
429
431
433
432
430
425
421
424
429
423
424
424
421
422
423
424
420
421
413
413
408
405
409
405
408
408
412
411
417
420
424
428
430
430
426
430
431
432
432
430
430
429
428
427
426
430
426
420
416
418
423
421
424
421
416
415
417
418
418
420
418
420
414
413
419
417
419
417
412
411
416
414
414
415
410
409
406
406
405
401
404
403
406
401
406
398
395
394
396
396
396
396
395
395
394
395
394
394
391
391
388
385
387
388
388
386
389
385
390
389
394
391
392
389
389
387
389
390
392
392
392
396
394
395
393
392
391
392
393
393
394
394
397
396
399
397
396
393
396
396
396
397
397
398
398
399
398
398
396
396
398
398
403
400
404
396
397
398
402
402
402
406
401
401
396
398
396
395
396
395
398
397
400
400
403
396
396
396
398
398
397
397
396
401
399
398
397
392
393
396
397
396
398
396
394
389
388
387
388
387
388
387
386
389
389
393
391
394
386
388
386
388
387
387
388
387
386
386
390
387
390
387
389
389
388
386
388
388
390
390
388
385
388
389
389
390
389
390
386
392
392
393
391
394
396
396
394
393
396
395
396
395
398
396
396
392
394
395
396
396
395
396
395
396
396
396
390
388
390
388
386
384
384
380
384
381
383
377
379
372
373
370
371
372
373
374
372
370
368
368
369
369
369
368
367
367
368
370
371
371
371
371
373
376
376
379
382
383
384
380
381
381
382
383
382
381
385
387
388
386
390
386
392
391
390
386
383
379
382
384
382
383
380
381
381
385
385
387
387
388
386
379
379
380
379
376
377
377
380
381
384
380
389
387
390
386
382
385
388
389
388
392
390
396
396
397
394
391
395
396
398
394
395
392
393
389
391
390
388
387
389
392
392
394
392
395
395
393
393
391
388
386
389
390
394
392
395
394
396
395
391
394
393
396
396
397
397
400
398
396
389
390
393
392
393
392
395
393
397
396
396
396
396
397
396
395
393
390
392
392
394
393
391
392
394
396
396
397
402
401
400
400
404
406
405
407
408
407
409
411
410
404
406
406
406
405
403
402
395
398
399
400
396
393
397
396
398
398
400
400
397
400
401
401
403
402
405
404
404
404
405
408
409
414
413
412
411
414
411
410
408
405
406
406
406
404
400
399
397
397
397
397
397
394
398
400
406
409
414
422
421
423
425
430
433
434
436
433
437
437
435
437
437
435
434
427
422
422
420
420
420
416
412
412
416
414
419
417
419
424
426
428
433
432
432
438
432
432
429
427
428
428
424
423
420
415
422
422
422
422
418
416
420
421
418
418
420
418
412
415
415
415
419
422
426
430
434
438
444
450
454
453
452
454
451
457
455
456
456
453
454
446
446
444
447
452
450
449
451
449
453
458
466
463
464
461
464
461
461
452
453
452
448
447
443
447
451
453
459
459
459
460
462
464
461
458
459
459
452
454
453
456
453
453
451
453
453
449
447
447
447
446
439
438
435
435
439
438
440
440
442
445
444
442
440
440
447
443
445
443
444
449
443
443
443
445
446
443
442
448
446
444
442
447
444
440
438
438
444
442
447
444
451
454
452
455
449
447
451
446
444
438
437
439
435
436
432
430
426
425
428
430
429
428
435
437
439
440
440
440
442
445
446
444
442
445
451
451
452
453
459
464
463
467
469
478
476
479
477
480
475
473
462
465
458
457
448
451
452
453
459
461
467
472
474
472
470
470
472
468
465
460
464
459
458
453
458
459
456
455
444
447
450
450
452
445
455
451
452
446
446
443
442
443
438
436
435
434
441
440
445
447
446
456
457
462
464
468
461
466
462
462
456
454
452
451
449
443
441
444
442
440
435
441
443
438
440
439
443
444
444
441
439
441
442
436
433
436
432
434
427
427
429
429
429
429
427
425
427
427
430
430
429
431
434
434
435
431
431
436
433
432
431
426
427
429
428
428
432
429
436
436
438
441
443
446
446
440
438
432
436
436
433
436
430
434
436
434
436
431
435
440
442
447
444
452
450
454
449
443
449
446
441
440
443
440
445
443
449
448
459
457
458
455
459
455
455
448
454
452
452
450
451
447
444
440
442
442
441
440
435
436
436
434
434
426
432
432
434
433
434
436
436
438
430
434
434
436
432
433
430
431
433
431
430
426
426
427
424
425
419
424
425
427
425
425
420
424
427
425
425
422
422
421
423
421
424
422
423
427
432
432
430
430
430
427
431
423
424
424
425
424
420
419
417
420
420
423
421
420
418
422
421
424
417
417
417
421
418
415
411
411
412
411
411
412
414
416
422
423
419
419
419
415
415
418
418
418
415
415
413
413
412
414
411
412
408
406
402
403
405
402
400
396
400
398
399
396
397
395
400
398
400
401
405
405
407
401
403
404
405
396
399
401
401
399
397
397
399
401
400
401
401
400
399
401
402
402
399
396
396
400
400
401
401
398
402
401
403
402
406
399
401
398
400
396
397
389
390
388
390
388
389
388
387
383
383
383
384
382
384
382
382
380
379
381
382
382
381
378
377
378
378
378
377
376
374
376
377
377
375
377
375
375
375
378
377
380
380
384
383
386
387
388
387
389
389
387
383
384
386
387
387
387
385
385
388
386
387
383
385
384
389
389
395
395
397
393
391
389
393
391
391
387
387
389
388
389
386
388
384
387
389
390
387
389
380
380
381
382
379
375
374
374
374
373
370
369
370
370
370
366
368
364
363
361
365
361
361
358
358
358
362
359
362
358
361
361
364
363
365
362
366
366
370
366
371
370
373
372
373
374
376
372
370
369
371
371
371
370
370
368
367
368
369
369
368
367
366
367
369
368
370
369
371
370
370
368
369
370
369
369
365
364
364
366
366
363
363
362
361
365
366
364
363
363
362
364
364
365
365
365
363
362
364
366
365
363
361
362
364
364
366
364
364
363
363
361
359
360
360
359
359
356
356
354
356
356
356
357
359
356
358
360
360
362
362
363
364
367
369
368
367
367
364
367
367
367
367
366
366
364
365
367
366
369
368
371
368
368
368
372
369
372
369
372
374
376
373
373
374
375
375
372
374
374
374
375
376
374
375
376
380
378
379
377
380
378
382
378
382
379
381
378
380
380
380
376
376
378
379
377
375
376
374
373
372
375
371
372
369
370
369
373
370
371
367
369
368
371
367
370
365
365
362
365
363
366
365
363
361
363
365
366
364
364
360
363
363
366
364
364
363
361
362
361
361
362
362
362
359
358
359
358
361
361
359
361
365
366
367
367
370
372
374
374
375
373
376
372
376
372
376
372
377
375
379
376
377
374
369
368
369
368
368
366
361
362
364
364
364
363
363
365
368
368
367
368
367
372
368
370
369
371
370
373
372
376
374
377
375
377
372
371
369
368
368
366
365
362
363
364
363
363
360
358
359
360
361
359
357
355
356
356
356
357
356
354
354
352
353
353
354
355
352
351
352
352
354
355
353
353
353
355
354
359
356
357
356
358
356
360
359
359
354
354
354
356
355
355
353
354
353
355
354
356
355
354
354
354
354
357
355
359
354
356
352
356
354
355
354
355
353
356
354
358
355
355
354
356
354
356
353
355
354
356
354
354
352
354
353
355
351
353
350
350
348
352
349
351
349
350
349
351
351
352
350
351
350
350
348
349
348
348
349
347
345
346
346
347
349
345
348
346
347
347
347
350
350
349
349
349
348
350
350
352
352
351
351
354
354
357
355
355
356
358
359
362
361
363
361
365
362
365
365
368
366
369
366
366
365
367
365
365
360
362
361
362
360
358
359
360
362
361
357
359
358
355
354
354
355
354
352
349
352
351
352
350
348
346
347
347
348
348
349
347
346
346
345
348
349
350
347
347
346
347
346
350
348
351
346
349
347
348
344
346
342
344
343
345
341
344
342
342
339
341
343
341
340
337
337
340
340
342
341
337
341
340
341
341
343
340
344
340
343
340
342
340
342
342
346
343
346
344
350
347
352
348
351
349
354
351
353
352
353
353
354
353
351
350
351
352
349
352
347
349
349
348
348
346
344
345
347
348
346
343
344
345
347
345
347
344
345
340
346
341
344
341
346
342
344
342
347
340
347
343
346
343
345
342
345
341
346
344
344
341
342
342
343
342
340
340
340
337
340
338
340
340
339
340
335
339
337
340
338
341
338
343
341
343
338
344
341
343
339
344
340
343
340
342
337
340
337
336
338
336
340
337
337
337
337
336
336
336
337
338
339
337
341
338
340
336
339
339
343
337
341
341
345
344
345
342
344
342
348
344
347
342
345
341
346
343
346
343
346
341
343
339
343
339
340
339
343
342
344
342
346
344
347
343
346
342
345
342
343
341
343
344
343
342
341
343
342
342
340
339
336
336
337
337
338
338
333
335
334
336
334
339
332
335
333
336
332
336
334
335
332
335
333
331
331
333
332
329
328
328
328
327
329
327
332
327
330
328
332
328
330
328
328
329
327
327
328
324
327
325
327
328
326
328
327
330
326
331
331
332
331
332
333
331
330
332
335
334
334
330
335
331
335
334
336
332
338
332
337
333
336
333
336
335
337
336
338
334
336
334
335
331
335
334
333
335
335
334
336
334
335
332
334
333
335
331
331
334
331
335
335
339
335
338
333
336
332
335
333
336
332
335
332
665
333
332
335
334
331
331
333
331
329
327
328
327
328
328
327
331
327
328
326
328
324
327
324
323
325
325
324
321
323
322
325
324
325
323
325
323
323
321
325
320
323
320
321
323
321
321
321
319
318
321
316
322
317
322
318
320
319
319
319
316
316
319
321
318
319
318
322
319
321
321
325
318
322
323
317
319
320
317
319
318
318
320
318
319
318
322
317
317
318
318
318
317
318
316
322
317
319
317
318
316
316
316
314
318
315
319
313
319
315
318
316
316
316
316
317
316
315
315
318
305
330
316
317
318
319
318
317
318
317
321
316
319
317
321
319
317
316
316
317
317
318
316
320
314
319
314
317
316
313
317
315
314
313
314
312
316
313
316
313
318
313
316
315
313
313
313
314
311
318
312
315
313
314
313
312
313
313
313
312
313
312
314
310
312
313
310
310
312
312
310
313
312
313
312
313
311
310
312
311
312
308
312
312
313
312
313
313
312
311
310
312
311
313
313
315
313
314
314
312
313
313
313
313
313
313
313
312
312
313
311
310
313
312
310
313
311
313
312
312
313
312
310
310
313
309
310
311
311
312
313
310
309
311
308
312
308
313
310
312
313
310
308
309
313
309
311
309
311
311
312
310
310
311
309
312
309
313
309
313
308
311
308
308
311
308
311
307
311
310
309
309
305
614
313
307
310
307
309
309
307
305
308
310
306
309
274
338
306
307
309
305
307
308
308
306
309
308
308
309
307
309
307
310
308
312
309
310
312
307
291
324
312
309
309
312
313
311
309
310
309
311
308
311
311
309
310
312
311
308
308
310
310
310
309
310
309
313
305
309
306
311
309
307
309
309
311
305
309
305
308
308
306
311
307
308
305
308
304
309
305
308
309
307
305
303
307
302
307
303
308
308
308
308
303
307
303
307
306
307
307
307
307
303
306
305
307
306
307
306
309
306
304
307
303
306
306
307
304
306
309
306
309
306
309
308
306
306
307
312
305
307
306
309
305
307
309
307
309
304
306
304
308
304
305
308
308
307
305
307
303
308
304
305
305
304
305
305
305
304
307
304
305
306
303
306
304
304
305
305
307
306
307
303
306
304
305
304
303
306
305
305
303
306
301
303
302
305
301
304
306
301
305
303
305
302
304
302
302
306
302
305
303
304
305
303
303
302
303
301
305
301
306
303
305
304
304
306
303
303
303
302
303
302
305
301
307
302
304
302
301
306
303
305
303
304
304
303
303
302
305
301
304
301
305
306
304
304
301
305
300
307
300
302
304
305
304
302
304
302
305
303
300
300
303
304
300
302
302
306
305
300
304
300
305
301
302
301
303
302
299
602
301
303
302
303
299
302
300
303
302
301
301
302
304
302
303
302
302
302
299
303
299
302
301
300
300
304
303
300
302
299
303
301
300
298
303
301
301
304
299
301
302
299
299
299
301
298
299
300
303
303
298
303
298
301
301
299
298
299
301
296
302
298
304
300
299
301
297
301
301
298
300
300
301
297
297
301
301
302
300
301
296
301
296
301
297
300
301
298
302
299
302
303
300
301
297
301
300
299
299
301
301
299
302
301
299
301
299
300
302
600
302
298
302
298
304
301
297
302
298
300
300
300
300
302
301
298
297
304
303
298
299
301
300
304
297
302
299
302
297
298
300
296
302
297
303
300
298
300
297
299
299
297
300
300
300
294
299
298
299
301
297
301
296
303
295
300
296
299
300
297
300
297
301
301
298
299
296
298
300
299
301
300
301
296
301
295
302
296
297
302
296
299
299
300
299
297
299
297
298
297
299
297
302
301
296
299
298
299
298
296
299
300
302
294
303
296
300
297
296
301
297
298
296
302
300
298
300
295
301
299
299
298
300
299
299
299
299
299
298
301
298
301
297
302
300
300
298
300
301
300
300
300
302
300
301
301
303
302
301
300
301
302
304
302
303
301
304
303
303
302
305
305
303
304
306
308
305
305
306
308
308
307
307
307
310
308
309
307
309
310
309
307
310
311
309
308
310
311
311
311
310
309
311
312
311
310
311
311
311
310
310
313
310
312
311
313
312
312
315
313
313
313
315
314
314
313
316
317
315
314
314
316
316
319
317
318
322
321
322
320
323
323
321
323
323
323
324
324
326
322
325
325
325
323
326
326
327
326
326
328
328
325
329
331
326
330
327
328
328
333
333
334
335
332
336
336
337
338
338
341
340
340
335
340
338
339
336
338
338
342
339
341
342
342
343
344
345
347
346
345
347
346
346
345
344
346
344
345
344
342
344
345
343
344
344
342
342
344
342
347
346
345
347
346
347
349
350
349
349
350
351
353
353
352
354
353
354
354
354
354
354
354
354
354
354
355
356
357
354
355
354
353
356
359
359
359
359
364
362
360
362
361
360
360
359
357
358
355
357
357
357
355
355
354
355
355
354
355
355
354
356
356
358
359
358
360
361
362
363
363
363
364
362
362
362
361
360
361
362
359
360
362
361
362
362
365
366
364
365
363
362
362
360
359
360
357
360
361
360
360
362
362
363
364
365
365
365
363
364
363
363
363
362
363
365
365
364
364
365
364
365
366
366
368
368
369
373
375
377
378
380
380
381
381
384
385
386
387
386
387
387
386
385
386
386
387
388
388
390
391
393
394
392
394
396
399
402
401
401
402
400
400
399
399
399
400
401
401
401
400
401
399
399
400
400
401
400
400
401
402
402
404
403
404
406
406
405
405
404
404
405
405
406
406
407
407
406
405
405
404
401
401
401
400
401
399
400
399
401
401
401
401
400
400
400
401
402
403
405
404
403
405
404
405
403
401
401
399
398
400
401
404
407
408
410
409
412
413
414
409
407
412
415
416
415
416
416
417
419
418
419
417
419
417
417
417
418
416
417
415
417
418
418
417
417
419
420
420
417
420
420
422
422
419
420
416
416
418
416
416
410
411
412
414
412
411
414
417
412
413
412
414
417
413
413
416
419
417
416
420
420
419
419
420
422
420
420
419
416
418
418
418
416
414
410
410
411
412
414
414
414
412
415
417
418
419
418
420
420
421
422
420
421
419
420
422
422
425
425
420
420
423
427
426
424
421
425
427
427
423
423
425
427
428
424
422
424
427
427
424
421
419
421
421
422
421
420
423
423
426
426
428
431
431
429
429
432
433
432
432
431
433
437
432
432
430
430
431
429
429
429
430
429
428
431
433
431
429
427
434
433
429
429
431
435
432
433
436
431
430
430
434
425
428
429
431
431
429
429
427
429
428
426
424
424
425
426
425
424
426
430
429
426
430
430
430
429
429
427
424
427
427
427
425
424
428
428
427
425
429
429
426
427
430
432
429
426
431
433
432
427
429
433
433
431
429
432
432
430
432
434
435
432
431
435
437
434
432
436
437
432
434
438
437
437
436
435
438
439
439
438
437
438
443
440
438
441
440
438
434
438
439
438
434
437
438
438
438
437
438
437
434
438
438
440
439
438
436
438
442
441
436
435
437
437
437
435
432
429
429
431
435
434
431
431
432
436
438
439
439
440
438
440
443
440
437
439
442
440
387
495
445
440
444
445
448
442
445
447
445
440
443
447
443
443
444
445
440
441
447
445
441
441
445
445
440
443
445
442
438
438
442
440
442
442
441
438
441
445
428
452
441
443
436
438
440
437
435
436
438
436
434
437
438
438
434
435
438
440
436
437
439
442
440
442
419
463
436
432
433
429
425
424
426
423
422
429
433
436
435
438
443
445
445
446
448
443
442
448
447
442
441
443
444
444
442
445
448
446
446
447
444
447
447
446
442
439
439
441
441
443
442
438
441
445
446
444
442
441
444
444
446
443
442
439
442
442
439
442
441
438
441
445
445
442
443
444
447
447
445
446
444
446
449
451
453
455
459
456
456
458
458
439
478
459
456
458
459
459
459
461
437
483
461
461
463
464
463
462
460
456
455
456
456
454
452
450
453
454
458
455
453
454
457
456
458
457
454
456
455
423
489
457
455
455
456
455
459
460
459
455
456
457
458
460
460
458
453
452
455
453
455
454
451
450
451
455
453
455
451
448
446
448
447
446
445
443
444
446
447
444
441
445
447
447
430
466
443
443
449
451
447
444
448
451
450
451
450
449
451
453
450
448
450
450
452
453
453
449
451
458
459
460
462
463
460
459
464
460
461
465
468
468
470
467
466
468
465
466
466
467
466
465
467
468
471
468
468
466
462
456
457
459
457
459
457
453
454
457
457
455
456
453
456
458
458
454
452
458
455
458
455
451
452
457
458
454
456
454
454
457
460
457
456
463
464
463
461
459
463
465
465
460
461
463
464
464
463
459
461
466
467
467
467
396
534
469
467
463
462
460
461
462
461
457
458
464
464
466
464
462
465
466
464
464
465
464
466
468
467
465
468
463
465
470
470
468
466
467
442
492
463
458
438
480
461
460
459
457
457
460
459
461
458
454
450
451
454
454
455
454
459
462
462
459
460
466
465
464
462
462
465
468
466
466
466
470
472
473
468
469
472
471
467
468
470
474
470
469
470
472
472
469
466
471
472
468
467
468
468
469
466
460
462
466
465
466
462
463
465
467
464
460
459
460
461
457
451
450
455
456
452
455
454
455
459
461
462
462
465
462
467
469
466
462
462
466
465
467
464
464
466
468
468
470
472
470
471
470
472
473
472
470
470
469
472
475
473
475
476
473
397
549
475
475
476
471
470
473
473
472
469
468
408
538
473
474
470
473
475
476
476
476
475
474
474
430
525
477
476
479
475
474
473
475
476
473
471
475
476
478
474
477
480
475
475
479
478
402
550
482
482
478
477
414
543
478
472
471
428
516
474
470
400
537
472
472
410
525
465
466
465
465
459
463
466
465
464
465
468
470
469
465
471
472
469
469
466
469
470
468
464
462
462
466
467
462
461
461
463
463
459
459
463
464
461
462
464
466
467
466
463
461
455
472
465
463
461
459
463
463
464
462
467
472
470
470
471
471
471
465
462
463
464
461
464
464
460
461
456
466
459
457
452
454
456
454
453
455
451
453
458
458
457
455
455
459
461
463
460
463
466
467
468
468
463
465
470
468
469
466
465
469
469
467
465
467
470
475
471
471
473
474
474
458
488
470
472
471
473
473
471
471
467
467
471
473
470
472
454
484
474
473
471
470
465
470
471
467
467
467
469
469
468
463
468
470
466
466
467
468
468
465
460
457
454
456
454
453
449
448
452
456
457
461
460
462
466
467
466
467
464
465
470
469
468
467
464
464
469
468
466
465
466
470
473
470
468
471
472
472
471
467
473
473
471
469
468
470
471
470
467
471
472
475
475
473
435
507
475
476
473
469
474
474
477
479
477
483
483
482
484
479
477
478
477
474
469
475
472
470
475
476
476
477
480
484
479
488
489
484
490
488
436
535
485
479
480
483
474
476
478
477
479
478
474
477
476
476
473
469
469
474
473
472
468
471
471
467
467
467
465
466
466
466
465
466
461
468
464
464
464
458
461
460
460
456
458
457
456
458
457
452
456
454
451
459
462
464
464
468
471
475
471
473
473
472
472
471
469
465
457
464
458
457
458
458
460
460
464
469
472
474
475
474
475
474
468
467
465
460
456
455
455
453
452
455
457
463
469
473
478
476
479
479
476
476
465
467
466
461
458
456
445
452
451
446
447
456
464
469
476
481
485
492
487
485
486
482
485
484
485
479
479
479
479
477
476
476
476
469
471
472
471
466
475
476
478
478
482
488
485
483
475
479
479
475
467
475
471
472
472
475
478
479
477
484
486
489
490
486
484
484
484
485
483
485
484
483
482
486
487
486
482
482
483
485
480
479
479
479
480
481
480
481
481
477
480
480
480
480
478
479
483
482
480
479
481
482
480
481
479
479
478
478
478
477
474
475
473
477
480
481
484
483
481
482
480
479
474
470
469
473
469
469
464
467
468
463
462
466
466
461
466
466
465
469
469
468
468
470
464
460
461
461
460
456
452
455
453
452
447
446
449
451
452
454
455
454
455
461
464
466
464
464
466
464
462
461
460
461
460
460
463
470
479
488
506
525
536
530
528
521
511
502
493
485
479
478
475
472
471
468
469
473
477
485
491
493
499
509
519
526
522
521
518
509
500
493
492
491
492
497
505
505
511
515
521
531
544
548
544
540
536
532
531
529
526
522
522
519
518
520
525
531
529
533
534
538
544
544
537
534
528
523
520
518
517
512
429
596
511
505
504
505
506
506
504
502
502
505
510
520
531
540
543
542
450
613
526
522
520
521
525
530
533
535
535
534
532
531
536
543
558
576
589
595
587
574
559
541
529
521
517
520
531
549
564
564
555
550
546
543
538
532
523
519
513
506
502
499
496
495
492
496
499
503
509
518
522
526
523
524
522
520
518
517
518
516
516
518
517
518
521
527
531
531
535
532
532
528
525
520
518
515
514
517
530
548
557
569
568
569
565
561
549
538
531
525
521
522
527
533
539
538
540
542
541
541
540
538
536
529
523
521
518
518
526
547
580
578
583
582
575
569
561
547
535
430
615
515
507
502
502
502
500
506
512
521
537
561
581
577
577
569
564
558
553
547
545
542
540
536
532
527
524
524
524
528
540
556
571
580
577
564
563
553
548
543
538
535
530
526
525
526
533
552
597
630
623
615
599
591
579
567
558
545
540
532
528
528
531
537
544
558
567
594
606
603
594
591
580
572
564
557
553
549
546
550
555
563
574
588
595
587
583
579
576
575
573
572
570
565
563
562
563
569
574
587
587
581
577
573
569
566
561
558
551
546
546
545
551
564
587
592
588
583
577
570
565
562
557
555
551
549
550
549
556
574
606
605
595
584
570
561
552
543
540
534
523
522
461
579
519
519
520
521
521
495
544
517
515
515
514
516
521
527
536
554
569
572
569
557
553
545
539
533
527
523
520
517
511
513
515
517
521
530
545
559
563
560
556
553
550
546
542
535
536
533
518
546
531
530
536
536
541
545
546
551
551
548
543
544
541
540
540
535
533
533
532
531
534
540
546
547
541
541
538
535
533
532
528
524
525
524
527
536
571
603
634
627
604
598
584
571
561
548
538
536
530
526
527
531
535
533
534
539
542
543
546
539
536
535
530
527
524
524
525
525
521
523
521
523
491
572
543
554
550
554
550
550
548
545
541
534
533
527
526
533
540
548
560
570
592
590
595
588
577
570
562
555
549
542
536
536
531
523
520
520
515
521
523
531
538
544
538
542
543
543
541
541
538
539
543
543
542
546
554
560
567
571
567
562
561
554
549
546
542
540
535
536
534
535
537
540
539
545
547
550
551
554
550
544
542
538
535
533
533
532
537
544
548
558
559
563
563
562
556
547
544
538
533
528
521
521
519
521
532
565
584
572
574
565
564
559
553
549
544
537
533
527
521
521
522
527
531
545
552
569
582
585
583
573
572
566
562
559
556
554
438
657
543
539
535
541
556
600
647
778
784
701
693
690
681
656
630
601
579
569
556
544
535
531
527
524
522
524
526
525
529
533
539
545
551
554
554
547
546
446
638
544
549
552
551
559
563
570
582
591
595
586
587
582
586
590
590
587
588
579
577
578
582
591
604
612
611
615
612
608
604
596
582
571
565
562
567
594
662
854
687
688
661
640
621
603
582
566
560
549
546
509
587
554
562
436
684
563
565
558
556
554
563
571
586
606
616
611
604
598
590
582
572
565
557
553
555
558
567
582
592
591
583
573
571
557
547
538
533
532
535
543
552
556
566
572
587
596
599
588
587
579
576
574
573
574
569
574
573
577
587
594
603
603
601
597
592
584
576
565
564
560
566
570
587
606
601
603
600
599
598
589
579
568
560
552
548
546
552
562
579
607
636
688
761
662
641
621
604
593
579
567
564
562
568
585
616
634
613
608
594
585
572
563
556
548
545
540
538
539
540
543
549
549
546
538
536
526
519
516
515
515
514
515
515
515
521
526
542
588
634
727
829
644
623
595
583
572
565
557
552
552
555
563
574
597
632
638
619
614
607
602
597
592
583
574
570
566
565
573
587
595
606
623
651
646
645
641
620
606
596
582
568
558
553
546
548
545
556
578
619
634
633
614
609
596
587
574
568
561
555
553
552
552
555
552
555
554
555
560
563
564
564
569
578
581
584
592
594
595
602
606
613
617
610
596
588
582
585
594
604
606
600
595
586
583
582
577
572
565
562
558
559
566
581
589
589
592
591
596
594
585
572
562
553
544
542
543
550
556
559
563
569
578
578
566
566
559
557
554
547
534
532
531
527
521
516
511
504
496
493
490
485
484
485
480
482
489
497
503
505
511
515
523
534
546
550
550
546
541
535
529
525
525
532
543
563
563
572
581
591
619
611
604
593
584
575
571
567
569
569
568
574
582
597
606
604
598
590
581
571
568
566
566
569
572
570
569
570
566
565
569
569
566
565
559
549
546
549
562
610
971
807
771
742
670
645
610
581
561
559
562
583
607
650
632
643
643
669
679
654
639
615
601
589
578
576
576
578
602
650
660
639
624
607
588
579
567
562
554
552
552
551
552
560
566
567
564
570
572
580
586
580
573
561
563
560
561
573
591
600
600
602
603
608
613
597
584
575
575
579
589
604
630
639
641
648
657
628
620
601
596
576
559
546
533
545
550
583
605
620
615
591
581
565
552
540
528
519
511
507
505
507
511
516
529
550
567
567
580
612
591
602
597
589
578
565
456
639
536
531
528
529
532
542
550
571
568
578
572
571
565
557
548
541
535
531
531
530
529
531
531
527
522