1261
1545
1467
1366
1241
1160
1272
1357
1375
1253
1137
1142
1229
1292
1421
1355
1252
1313
1337
1257
1199
1266
1312
1231
1174
1186
1206
1144
1225
1278
1130
1118
1137
1139
1066
1087
1097
1093
1049
1073
1138
1171
1151
1057
1063
1111
1069
1104
1228
1290
1139
1092
1244
1282
1215
1096
1030
1058
1110
1066
1108
1273
1297
1124
1111
1175
1212
1131
1147
1217
1202
1114
1158
1215
1113
1002
1028
1128
1147
1152
1165
1186
1120
1109
1157
1189
1123
1042
1054
1137
1298
1259
1088
1122
1063
1055
1068
1175
1228
1260
1139
1033
1028
1071
1240
1206
1123
1179
1313
1297
1197
1114
1147
1317
1313
1265
1190
1107
1130
1309
1311
1216
1120
1147
1187
1183
1085
1041
1059
1136
1148
1137
1099
1140
1122
1117
1047
1062
1117
1148
1166
1089
1074
1084
1110
1096
1023
1035
1059
1130
1107
1060
1097
1171
1153
1078
1126