1009
933
994
989
1005
962
1021
1035
1027
945
1041
1055
1028
983
1078
1062
972
1050
1043
983
901
940
936
974
934
1021
1090
973
1087
1041
955
915
1001
964
954
913
893
893
887
866
825
812
859
882
919
883
958
967
966
942
879
959
975
957
934
1059
1065
977
1055
1034
972
968
953
1012
948
965
1019
1099
1053
983
1031
1046
986
958
1002
1033
957
997
1004
993
959
1026
1068
985
1054
1094
1023
925
936
898
860
874
951
1006
974
999
1029
1029
936
981
991
1035
996
1092
1034
1024
994
1033
1047
992
931
912
854
811
795
790
847
947
1069
1065
1052
1048
990
934
927
913
885
930
971
1000
954
1028
1094
1062
1013
1057
1097
1030
1031
1090
1112
1022
1052
1050
978
915
974
1017
981
979
1009
1032
966
1036
1077
1043
991
1034
1044
1004
912
898
866
839
895
976
1036
990
979
1042
1083
1028
1019
1044
1067
1003
958
960
974
988
952
1019
1058
1022
973
1003
1050
995
938
980
1017
975
932
989
1041
976
997
991
959
895
928
947
944
889
924
919
902
855
905
919
921
878
933
950
929
880
906
939
944
893
933
974
984
921
950
970
971
914
962
970
1013
942
978
979
989
915
957
1042
1067
1014
990
994
990
912
854
854
856
869
839
906
1032
1049
1020
1082
1090
973
997
953
886
857
875
872
813
817
849
902
914
984
988
957
950
878
834
834
859
910
1022
1071
986
1010
1057
1044
952
1001
1051
1008
1015
1129
1106
995
1025
1051
986
1053
1069
1018
1010
1023
964
925
910
908
879
902
909
864
882
866
860
828