1186
1287
1139
1084
1153
1321
1256
1155
1113
1152
1206
1082
1031
981
958
960
979
1031
1045
1019
1007
1082
1107
1079
1001
981
989
1020
1049
1037
1024
1040
1183
1221
1109
1070
1063
1180
1313
1176
1105
1211
1255
1210
1104
1120
1188
1216
1133
1085
1175
1313
1195
1148
1218
1259
1198
1114
1189
1271
1255
1140
1194
1231
1155
1095
1135
1237
1184
1103
1136
1102
1126
1083
1062
1123
1230
1204
1152
1045
1100
1306
1303
1183
1229
1286
1254
1208
1220
1142
1126
1185
1310
1180
1094
1332
1387
1289
1162
1226
1319
1305
1224
1222
1233
1249
1198
1310
1228
1195
1280
1332
1211
1197
1334
1262
1186
1286
1267
1125
1179
1238
1154
1137
1238
1214
1121
1184
1245
1207
1204
1177
1128
1105
1093
1165
1190
1226
1313
1271
1146
1177
1247
1268
1166
1253
1177
1089
1093
1339
1229
1081
1099
1185
1130
1141
1146