586
591
576
579
587
570
583
587
566
576
566
574
559
546
557
543
548
555
550
552
568
605
593
622
647
630
623
616
624
633
635
634
624
618
615
604
595
588
577
562
559
554
544
550
544
553
537
567
564
575
590
617
632
636
631
656
665
650
659
635
640
624
603
602
568
578
578
571
590
621
634
631
665
678
646
667
681
651
636
636
640
627
622
616
618
617
623
623
635
679
688
658
663
675
665
655
665
665
645
645
648
633
623
620
639
639
636
649
688
681
658
650
646
646
639
642
635
641
653
660
635
642
648
641
624
641
654
640
652
644
653
624
626
633
622
631
638
625
626
646
657
643
643
652
638
639
657
639
629
635
631
625
620
613
596
589
591
591
586
583
599
611
606
604
612
605
595
596
609
615
618
603
600
570
569
575
576
565
572
586
594
587
604
628
617
621
635
607
605
613
597
588
601
600
601
633
626
637
634
615
628
605
604
623
623
598
612
620
605
600
619
628
604
628
625
611
628
632
611
642
644
631
625
635
621
599
601
614
599
599
619
629
616
631
625
604
604
608
604
586
580
585
586
581
587
590
583
578
580
582
587
588
592
606
594
615
629
627
629
655
660
635
644
647
641
636
614
614
623
627
620
644
664
667
663
693
681
647
658
656
640
635
648
648
629
642
668
689
659
671
705
699
662
654
661
654
632
641
623
613
641
645
640
649
673
687
680
651
644
644
645
661
677
657
636
639
644
643
626
632
642
644
631
628
629
627
622
626
634
650
642
648
662
656
647
660
668
641
646
661
646
630
632
637
638
620
622
640
638
641
645
648
669
717
727
722
706
696
674
645
640
640
637
636
627
622
639
664
695
679
669
671
665
642
654
649
627
644
644
639
629
637
637
624
638
640
624
625
633
633
618
626
631
634
622
635
632
624
616
624
618
606
605
610
612
612
612
624
622
627
625
664
685
662
657
659
635
639
642
640
623
638
655
635
649
669
679
658
653
646
663
689
698
655
664
658
638
635
650
664
669
646
670
674
682
663
648
655
646
621
617
632
658
672
641
652
663
657
638
662
673
669
659
669
671
648
661
667
676
660
677
686
670
683
699
700
682
688
681
651
645
657
649
627
641
646
666
635
633
644
659
656
644
667
676
661
654
660
691
704
692
658
662
669
680
657
669
663
631
632
645
655
653
631
619
617
639
674
648
647
661
661
648
658
664
646
642
657
656
663
637
640
645
637
625
639
649
630
642
661
654
640
668
665
645
637
643
646
633
613
615
628
650
635
643
667
686
660
672
674
651
651
664
682
660
671
664
652
636
656
663
635
643
667
672
646
671
691
666
670
674
657
640
650
640
627
606
612
623
620
632
660
661
636
647
658
650
633
652
654
624
632
643
644
616
610
605
608
604
604
595
583
585
591
599
596
586
593
599
595
584
594
603
605
593
598
618
635
619
613
627
640
627
616
640
642
630
645
660
646
637
657
653
644
662
651
638
661
654
634
663
648
643
661
648
646
656
656
638
639
646
639
641
663
663
659
679
679
665
675
663
641
639
627
636
680
669
655
647
630
624
616
608
614
604
600
602
625
639
630
615
649
654
657
639
660
666
647
648
654
665
647
639
658
654
663
643
652
666
670
668
649
656
664
676
662
688
706
684
684
688
688
685
658
665
665
676
664
642
660
667
665
651
669
684
677
668
679
669
641
646
635
635
611
613
632
658
656
639
658
665
671
643
667
651
641
628
637
633
618
619
633
655
627
632
646
648
620
608
604
613
618
616
609
596
612
619
633
611
639
651
648
623
636
658
666
629
630
642
662
632
645
640
621
608
609
630
644
636
641
612
615
618
621
610
602
609
628
634
616
623
644
649
662
640
625
644
644
630
625
639
641
647
626
625
640
642
627
621
631
624
616
609
615
614
605
605
614
635
635
616
635
646
623
626
643
648
624
640
646
643
626
651
655
635
639
655
653
640
660
665
655
664
677
667
657
674
681
657
673
677
658
661
665
660
641
654
650
637
659
670
665
661
682
649
650
650
650
648
638
627
632
636
633
619
620
632
640
616
629
646
649
623
627
643
641
619
618
638
628
613
621
617
608
607
630
634
615
620
627
627
610
628
634
622
606
622
630
615
605
622
633
627
613
623
640
646
631
642
660
669
644
648
646
635
621
634
645
627
633
649
653
631
640
646
647
633
645
644
624
618
627
625
620
613
630
638
634
635
652
659
639
641
650
656
631
629
638
646
637
641
667
671
654
648
658
654
636
633
632
625
607
621
625
611
626
618
605
617
616
599
594
596
596
585
587
591
593
583
607
642
658
622
604
618
622
632
626
594
598
586
570
555
542
535
533
523
515
508
507
504
498
493
488
485
484
482
485
482
523
745
662
679
670
677
724
760
729
756
786
749
720
674
612
602
610
607
620
685
698
668
664
667
639
626
614
612
601
606
622
634
630
627
633
637
619
625
626
609
607
618
641
628
620
625
627
616
600
597
593
587
582
590
607
598
592
589
584
597
611
610
601
613
610
602
600
590
579
571
557
554
550
569
596
615
624
609
602
603
609
604
597
605
597
581
588
585
578
563
561
561
557
555
557
548
557
563
571
608
625
604
604
591
595
587
589
577
582
583
583
576
581
586
585
588
570
571
572
573
568
570
569
563
560
556
545
544
548
554
562
568
559
567
569
578
578
587
581
581
572
568
557
559
558
559
565
573
572
570
569
577
559
563
562
563
550
558
557
555
551
542
550
549
550
540
547
548
549
546
542
534
540
534
533
526
523
528
541
554
557
558
566
605
632
607
602
578
563
562
552
542
537
541
537
543
540
531
534
540
553
549
563
571
623
618
616
618
601
600
585
572
555
552
529
534
527
521
523
521
518
521
524
525
534
531
536
524
539
521
522
521
522
521
525
521
520
521
527
524
521
522
522
524
515
526
522
520
517
516
508
513
511
501
496
499
495
484
488
484
483
481
483
483
485
488
492
490
491
498
509
514
521
534
551
580
580
582
587
581
583
568
555
553
548
535
525
525
525
521
521
525
531
524
531
530
531
534
545
552
555
554
555
550
546
547
544
536
537
534
530
524
527
526
529
523
524
528
536
545
550
548
556
556
544
546
537
529
529
517
516
508
503
505
503
504
505
512
513
521
525
534
536
530
533
525
521
519
513
510
505
501
495
495
493
495
507
520
522
515
517
522
525
532
535
552
566
553
556
549
559
561
567
574
560
566
573
567
564
572
581
586
591
595
582
577
565
550
545
533
532
528
531
535
551
594
607
601
610
629
619
590
586
580
579
567
566
562
564
567
562
559
561
567
570
565
554
558
575
588
595
595
591
582
573
577
581
579
571
559
561
550
542
540
533
535
546
558
574
571
572
587
602
592
585
574
559
548
534
533
530
531
527
524
531
549
578
585
567
563
566
571
561
548
541
538
530
552
558
562
558
563
566
564
555
553
543
539
530
530
533
546
568
567
576
575
562
561
569
575
575
578
569
569
558
546
538
535
535
568
604
628
632
621
633
644
646
631
624
603
585
565
560
553
547
549
550
563
569
563
561
566
575
580
574
559
551
551
542
531
524
525
514
516
510
504
502
505
501
494
492
494
494
493
490
488
492
494
491
489
492
490
490
489
484
484
487
485
481
476
479
475
472
473
478
478
477
483
483
480
483
487
486
482
487
489
483
480
485
477
478
483
484
483
484
488
487
489
485
490
492
496
497
490
495
495
496
488
491
493
494
486
485
487
491
488
483
483
489
490
487
484
489
487
483
482
481
474
480
485
480
478
466
466
465
464
473
470
472
473
475
469
473
474
471
466
465
467
463
462
462
462
464
466
464
462
462
467
462
460
458
462
462
459
452
457
459
457
448
448
450
452
450
450
447
442
438
438
439
446
441
444
441
439
441
438
438
438
439
436
433
430
428
434
434
438
433
430
429
431
434
435
435
434
436
429
431
432
427
426
428
432
427
428
427
427
426
423
418
417
421
416
416
415
418
415
412
406
406
407
403
406
399
401
400
404
402
402
398
406
403
403
401
406
402
401
401
400
399
398
399
399
401
396
397
396
398
399
399
395
400
398
403
401
403
400
401
401
402
402
400
397
400
400
398
402
396
398
397
403
399
401
396
401
396
402
399
399
399
405
399
401
401
401
399
397
397
396
399
399
393
396
396
396
396
395
391
390
392
395
391
388
388
389
392
392
389
386
390
388
392
391
393
392
391
388
393
391
393
388
393
390
393
388
394
392
394
391
391
391
391
390
389
386
389
387
390
385
387
388
386
384
386
385
385
379
383
383
383
382
378
380
382
381
381
379
380
379
379
381
381
382
381
380
379
381
382
381
382
379
381
378
383
381
386
382
381
378
382
381
383
378
380
382
384
382
380
379
382
381
380
379
379
382
378
381
378
380
377
381
377
381
377
381
378
381
378
381
381
384
377
381
382
384
383
378
379
380
383
381
378
378
382
383
378
381
381
377
381
379
382
379
384
379
379
378
383
379
380
376
382
380
383
375
378
380
381
381
378
376
376
378
376
377
373
378
375
380
375
374
372
375
372
375
374
378
376
377
373
376
375
378
375
375
377
377
377
376
377
377
377
376
377
375
376
374
379
376
381
375
375
372
377
375
379
379
379
374
375
375
375
376
377
378
378
375
375
378
376
375
374
378
373
378
372
379
375
374
371
377
371
375
369
373
373
377
375
375
370
372
376
376
374
371
374
375
374
374
372
374
372
373
372
372
374
371
374
370
371
367
370
369
371
365
367
370
371
372
369
373
372
373
367
371
370
371
372
367
369
369
372
371
371
373
373
371
371
369
372
372
370
371
372
372
371
371
369
372
370
369
366
368
368
371
370
370
370
369
372
370
368
367
369
370
369
367
367
369
367
370
366
367
366
369
367
369
362
366
366
369
366
365
370
366
364
364
367
366
365
364
366
366
365
369
366
370
368
367
365
364
363
366
365
366
364
365
367
365
365
363
365
363
365
361
361
364
361
362
361
367
360
363
360
359
356
359
360
357
361
359
362
356
356
357
358
358
356
359
359
361
361
362
359
357
358
360
361
358
362
362
363
360
361
362
362
358
364
360
363
362
362
365
362
367
359
365
363
367
360
362
363
364
361
363
364
362
360
359
363
360
362
354
359
360
362
359
361
362
359
363
357
361
358
362
361
356
356
360
358
360
360
359
364
360
359
355
357
356
358
354
355
357
357
358
355
362
358
357
353
357
355
356
358
356
358
358
359
358
356
355
359
356
359
354
356
356
359
358
356
363
359
357
358
356
356
358
358
357
358
359
360
359
361
361
361
358
357
356
359
361
357
360
360
362
358
364
358
358
357
363
360
362
357
361
359
360
360
359
365
359
357
357
359
360
355
359
361
359
358
359
355
359
356
358
357
361
358
358
362
359
364
358
357
356
359
359
359
360
360
361
357
361
358
362
361
360
356
361
360
361
356
358
360
360
361
358
364
359
358
357
357
358
359
361
358
364
358
357
358
359
358
356
359
359
359
355
354
354
355
355
355
357
355
356
356
358
353
358
355
359
354
355
358
359
354
355
360
359
357
359
361
361
358
355
359
361
356
358
360
360
359
360
358
362
359
360
357
359
361
361
363
357
363
358
362
359
357
359
360
361
357
361
360
360
359
361
356
358
360
359
357
358
356
359
359
357
356
356
359
357
359
360
360
360
357
358
360
361
359
360
360
358
358
361
360
360
361
364
364
365
365
365
363
366
367
368
366
364
364
367
368
368
366
367
368
367
366
368
368
369
369
365
367
367
367
369
366
364
366
367
367
364
363
367
367
368
365
367
369
369
371
373
375
376
375
375
379
377
379
377
377
377
378
379
376
375
378
378
379
376
374
378
379
379
379
379
381
382
383
389
396
400
401
402
399
404
403
403
402
400
402
403
404
398
401
405
403
407
405
410
408
412
416
418
421
419
419
421
419
419
418
418
420
420
421
420
422
422
426
425
425
430
430
428
429
428
421
423
425
422
416
415
412
416
415
412
410
411
414
417
417
425
431
447
454
456
455
468
492
497
484
475
471
472
484
485
486
478
473
466
460
458
453
449
448
450
450
457
456
456
455
456
461
457
459
458
464
461
459
459
458
461
461
462
464
470
470
466
470
473
470
470
473
474
469
472
471
472
468
468
470
469
463
462
465
465
466
461
464
463
462
465
468
471
471
468
467
464
463
462
459
454
456
453
446
448
449
456
463
470
471
465
463
462
462
469
478
475
473
465
462
465
461
459
459
460
460
453
460
457
454
447
447
448
444
443
441
443
446
449
457
461
463
471
481
481
480
483
484
486
484
483
484
486
481
483
483
484
476
478
478
479
480
479
476
478
479
482
484
479
478
477
474
470
462
462
464
464
467
470
469
476
486
494
491
490
492
491
495
490
488
487
483
481
475
474
477
473
469
468
465
465
464
465
467
468
468
468
467
464
464
464
461
464
460
462
466
466
468
469
465
465
464
465
469
470
469
467
457
459
460
461
453
455
457
456
455
458
458
455
458
458
456
463
466
465
463
463
463
459
458
460
459
462
465
469
471
472
475
475
478
480
480
480
471
471
473
472
467
461
456
456
457
456
452
450
458
453
459
458
458
457
450
453
451
456
449
459
453
453
447
451
452
449
443
442
446
438
448
443
442
438
439
441
439
437
433
434
431
434
427
427
425
430
428
431
431
435
433
442
438
439
436
434
434
432
427
427
430
427
428
425
423
423
422
414
415
415
420
411
409
409
411
410
413
403
404
403
404
406
405
398
400
399
401
401
401
399
399
399
397
400
399
399
396
397
397
396
395
397
395
400
397
402
397
397
394
401
396
399
395
402
400
400
396
399
396
402
397
400
392
400
397
400
397
396
396
395
394
400
393
395
393
398
394
395
392
393
388
395
392
391
386
394
389
389
384
389
387
391
382
385
386
387
385
382
386
383
384
382
386
383
384
380
385
384
381
381
383
381
384
383
381
382
387
386
384
381
384
384
384
386
388
384
385
388
384
388
385
384
379
384
383
380
382
381
382
380
379
375
380
381
379
379
380
386
378
383
377
378
379
381
382
378
384
381
387
381
380
381
384
384
384
383
383
386
384
387
380
386
382
385
381
381
380
382
383
382
384
382
382
377
380
381
380
380
377
379
378
380
376
382
379
379
373
378
378
381
376
377
377
379
379
378
382
379
382
381
379
380
381
377
378
379
380
381
377
384
381
381
375
378
379
380
377
379
379
379
377
377
379
373
375
374
375
371
370
372
371
375
371
378
373
374
371
374
372
374
374
376
376
374
379
376
376
375
375
373
374
374
373
376
373
379
375
377
375
375
372
375
376
376
377
374
379
376
374
371
370
373
372
373
370
375
374
374
370
370
368
373
371
373
372
372
375
371
368
367
372
371
368
367
370
372
369
370
368
370
367
368
366
368
369
366
369
367
369
366
368
366
365
365
368
365
365
364
361
367
364
363
362
365
365
362
362
363
361
361
359
366
360
363
360
359
359
364
362
364
367
366
367
367
368
364
367
367
370
368
363
371
368
371
367
372
369
374
367
372
365
369
369
373
371
371
372
367
370
369
371
372
369
372
372
372
368
369
367
371
370
369
372
370
373
371
374
373
373
373
373
375
372
381
373
376
371
372
373
374
374
373
376
372
378
373
377
376
374
374
374
377
376
376
372
375
376
376
375
374
371
374
375
377
373
369
374
376
373
373
371
372
374
372
373
376
375
375
376
376
374
376
378
379
376
375
380
380
377
377
377
378
380
379
377
377
379
382
381
383
380
379
382
386
384
381
382
386
386
386
385
389
389
392
390
392
394
396
396
395
396
399
398
399
399
403
402
400
401
401
401
401
402
405
405
408
410
408
409
409
411
414
414
411
413
416
417
417
414
416
418
417
416
414
415
418
416
419
421
421
421
422
425
426
420
420
419
419
418
421
424
426
424
422
424
428
431
431
427
425
430
428
423
418
419
424
425
425
423
425
428
428
425
424
423
427
427
427
427
427
426
428
426
427
426
425
424
422
421
422
416
415
415
419
416
413
416
418
417
415
412
417
419
422
423
425
426
426
433
438
442
441
438
434
438
436
433
430
428
435
434
433
437
434
434
437
434
433
428
431
432
431
433
434
439
441
442
444
445
451
454
451
451
454
456
452
456
456
453
454
456
457
458
456
460
456
449
450
452
452
450
449
451
452
454
461
462
466
463
464
466
462
460
464
464
465
460
462
455
457
456
455
448
449
450
449
447
447
448
446
446
446
442
445
443
442
447
449
449
447
443
444
445
444
439
439
441
443
442
441
439
446
446
448
445
444
451
451
453
451
449
455
453
454
450
450
456
455
455
455
451
456
458
460
455
451
453
454
456
449
450
451
449
447
443
447
443
444
438
443
438
437
434
436
434
432
432
435
438
439
441
440
443
445
442
443
441
443
445
443
440
440
437
440
439
438
438
442
441
441
440
443
444
446
446
447
446
449
451
466
482
483
478
475
474
465
465
460
456
452
455
454
458
458
450
453
453
455
454
450
450
451
453
453
457
453
455
457
459
461
460
456
456
457
458
454
448
449
449
446
441
445
443
442
437
443
445
444
436
440
441
440
436
439
438
438
437
439
441
440
443
436
440
439
431
432
434
432
431
429
427
432
430
432
427
423
426
428
431
430
431
427
430
436
433
432
433
430
433
433
430
434
436
438
435
433
431
434
437
434
432
435
437
439
439
443
446
444
448
446
444
443
440
446
446
444
444
447
446
447
447
446
447
448
445
449
448
447
451
452
453
452
452
449
449
453
451
455
453
455
456
452
454
454
456
454
452
452
453
456
454
451
446
449
452
452
455
449
448
451
450
451
444
448
446
445
445
445
444
443
439
438
435
439
438
439
444
448
452
454
456
462
465
464
462
467
464
459
461
464
460
458
453
454
455
453
452
445
444
444
443
442
439
445
443
440
439
439
441
442
441
448
446
450
452
453
454
455
454
451
449
449
451
450
448
448
452
448
444
439
444
446
443
447
446
442
434
437
438
438
437
440
446
447
446
448
445
448
447
447
442
443
441
442
446
444
443
440
437
441
441
444
443
440
440
440
439
438
439
442
443
441
439
437
435
437
437
438
432
436
433
436
437
438
441
439
438
438
437
438
436
438
438
441
436
433
433
428
432
432
435
432
431
427
428
433
432
436
432
432
432
431
434
435
436
437
434
433
433
433
431
431
429
433
430
426
423
425
430
430
430
429
423
425
424
429
429
428
426
425
424
426
430
436
440
438
432
433
432
433
434
432
433
436
430
428
427
423
430
432
431
429
434
426
422
427
423
425
425
427
424
423
424
423
427
431
434
432
427
427
429
431
431
432
432
432
432
428
424
429
426
422
421
426
424
422
418
424
421
422
422
428
420
422
421
425
423
419
416
423
419
416
413
413
410
413
414
414
415
410
413
413
407
401
407
412
409
412
410
404
411
409
406
410
406
404
403
406
400
399
402
400
398
396
402
399
398
396
398
400
399
392
396
396
396
398
396
394
396
396
391
396
395
395
390
397
394
394
389
392
390
392
390
390
390
390
389
386
388
387
390
385
386
386
385
384
383
380
380
385
380
383
379
384
379
381
380
382
376
380
379
385
379
386
380
381
377
383
380
380
382
384
383
381
384
381
381
378
377
380
381
379
378
379
376
380
378
382
374
378
376
381
377
374
378
381
378
380
378
379
384
378
377
373
375
377
375
375
376
379
376
375
372
371
371
372
373
369
373
374
371
371
370
369
369
368
370
369
370
371
367
372
368
374
369
368
366
369
369
369
369
371
372
369
369
368
369
370
369
371
368
369
373
370
369
373
371
372
367
368
366
369
370
369
368
371
370
370
372
370
375
370
369
367
371
370
372
368
368
375
368
373
365
368
366
369
369
367
370
370
369
365
367
369
368
368
366
371
368
373
367
370
362
367
367
368
370
368
370
370
370
365
368
366
369
369
370
370
365
368
368
368
366
371
369
370
369
372
368
367
365
370
365
367
362
367
366
363
368
364
365
363
361
364
362
364
359
364
357
361
359
363
356
361
360
360
361
359
364
360
358
357
359
360
360
360
360
363
358
357
355
358
358
358
357
360
359
358
357
712
354
355
354
357
357
354
361
355
355
354
354
355
357
356
355
359
354
355
354
354
356
357
356
355
360
354
359
352
354
354
357
356
355
358
356
358
356
354
354
354
355
356
356
355
358
355
354
353
355
354
354
355
356
355
354
353
352
354
354
352
355
352
357
351
353
352
352
353
354
354
355
358
355
356
354
354
354
356
355
353
359
355
355
354
357
707
354
355
355
355
357
354
358
353
358
354
352
354
357
355
358
353
354
355
356
356
357
356
355
359
357
358
352
354
354
357
354
355
356
355
354
354
355
354
351
355
354
355
354
356
354
354
353
355
705
351
354
353
351
355
353
353
350
349
351
351
351
350
353
352
352
346
349
349
348
348
350
350
345
354
349
347
347
350
349
347
350
348
352
343
348
347
349
347
348
350
346
351
347
349
347
347
348
347
350
346
351
349
348
347
348
343
348
347
345
347
344
347
346
344
346
342
347
341
343
341
345
342
346
344
344
344
342
341
342
343
342
340
346
338
343
342
343
342
341
346
341
339
340
342
342
340
343
339
341
341
338
341
343
339
339
341
341
338
345
337
342
338
339
341
339
344
337
340
341
339
343
340
344
340
344
339
343
341
343
341
346
340
344
344
342
348
341
344
342
341
344
341
347
342
345
341
345
342
343
344
344
343
339
339
343
342
344
340
340
337
340
341
337
343
338
338
338
338
340
337
340
335
338
336
339
335
339
337
335
336
336
338
336
334
338
333
335
334
337
338
335
333
333
335
337
334
338
332
335
334
334
335
334
334
333
332
332
334
335
333
335
333
335
330
335
335
333
338
332
334
335
336
336
335
338
333
337
335
337
336
337
339
335
335
334
335
336
337
336
337
335
332
335
336
336
333
334
335
332
332
330
334
337
330
333
332
333
333
331
332
333
332
331
331
333
330
334
329
333
330
332
334
332
333
328
330
331
327
333
329
328
330
327
332
329
328
327
329
329
327
330
328
329
324
332
329
329
326
328
328
329
326
331
326
328
329
326
332
328
327
325
325
331
327
330
327
331
327
331
327
330
327
330
329
329
330
329
329
328
330
332
329
330
327
331
328
329
331
330
330
329
328
330
327
333
329
329
326
327
330
326
333
328
326
326
327
329
327
332
325
328
326
329
326
327
326
326
326
327
328
328
327
328
325
326
328
327
328
325
325
328
327
330
324
331
324
327
327
327
328
325
330
323
324
325
327
329
326
328
324
326
323
327
327
324
328
324
325
326
328
328
324
326
324
325
326
322
327
324
325
322
327
325
323
328
322
324
324
327
324
322
328
321
324
323
323
326
320
328
322
325
320
324
326
324
324
321
324
323
325
327
322
327
320
325
323
326
324
324
323
326
320
326
322
325
320
323
322
323
324
323
322
319
321
323
323
323
323
323
319
320
324
322
324
323
322
322
645
322
323
323
323
322
326
320
321
322
321
324
325
323
322
325
320
323
324
320
323
323
320
322
321
324
321
326
320
321
323
322
323
318
326
322
322
319
319
324
318
326
320
320
319
320
320
320
324
317
321
319
320
320
320
319
319
317
321
318
321
320
317
320
319
320
319
321
317
320
318
319
321
319
317
320
318
322
318
319
317
319
320
319
320
319
322
317
321
318
319
320
319
321
321
321
317
319
321
317
324
318
317
319
319
321
320
321
315
320
319
319
319
317
321
317
318
320
319
320
318
319
316
318
318
320
319
318
318
315
316
320
315
321
315
317
316
315
321
313
321
317
317
313
317
318
318
317
316
318
316
318
318
317
318
316
316
318
316
319
319
316
315
316
318
319
318
320
320
314
316
314
318
317
316
321
314
315
317
317
318
317
320
317
316
318
318
318
320
318
318
319
317
320
318
322
319
320
318
320
320
320
320
320
320
321
321
322
319
322
321
322
320
321
323
322
321
321
324
323
323
321
322
324
325
324
323
322
324
323
324
327
323
326
326
326
324
327
325
327
326
326
328
329
327
329
329
329
329
327
333
328
330
329
331
334
333
330
333
333
334
334
336
334
337
336
336
333
337
335
335
336
335
340
336
338
337
337
339
340
337
340
337
341
338
338
338
337
340
340
337
341
337
339
338
341
339
339
340
338
343
337
341
342
343
341
343
345
341
344
343
345
344
347
344
349
348
346
346
348
346
349
350
346
350
347
348
347
349
349
349
350
348
349
349
349
348
353
351
351
350
349
354
349
351
354
351
352
354
351
354
355
353
354
355
353
354
357
354
356
356
354
356
358
357
356
359
361
355
361
360
362
360
364
364
365
364
364
368
366
367
366
367
367
368
364
365
366
365
367
367
364
367
368
368
367
367
370
368
368
368
370
367
369
367
367
370
368
371
370
370
371
375
373
372
376
377
375
377
377
381
377
380
380
383
378
379
383
381
384
381
380
385
384
385
383
384
386
386
385
386
389
392
386
389
390
394
388
392
391
390
389
393
396
391
395
396
398
394
396
397
398
396
397
399
401
396
401
401
396
399
396
399
396
398
399
396
401
399
400
400
403
402
405
402
401
409
406
412
406
406
411
412
406
408
411
413
407
407
409
413
408
410
411
414
413
412
413
414
419
418
415
415
416
415
416
413
415
416
411
411
411
416
408
410
412
409
414
412
407
413
413
411
411
416
418
418
412
416
419
421
418
419
421
418
425
423
418
425
422
418
422
419
418
421
419
417
420
423
423
424
420
425
427
424
420
423
423
427
425
423
427
428
427
432
432
431
436
437
434
432
431
437
438
438
435
437
438
441
436
438
438
433
439
441
435
438
437
437
434
433
434
432
430
429
434
432
427
438
438
433
439
436
432
439
438
429
431
435
435
438
434
426
426
428
431
427
425
426
423
424
426
423
421
421
425
423
417
420
421
418
423
423
422
421
422
423
423
426
422
421
425
420
429
427
422
428
428
426
427
426
425
425
430
429
428
426
426
431
433
431
433
436
435
431
432
437
436
428
430
434
434
428
434
435
434
431
438
438
435
438
439
439
431
438
438
436
432
436
437
431
438
434
426
434
433
433
429
430
434
435
434
431
432
437
439
434
439
434
438
440
438
438
440
440
438
446
444
441
440
441
445
445
444
442
440
446
446
447
438
438
441
440
435
438
436
437
435
436
437
435
431
431
435
434
425
430
430
431
425
427
430
428
426
426
427
428
425
427
429
425
427
424
425
429
426
422
424
429
425
419
426
427
425
424
426
430
430
427
430
432
434
435
431
435
429
432
433
433
430
434
431
435
438
432
436
437
435
437
436
441
440
438
438
440
434
442
437
438
438
436
441
438
436
441
441
438
431
438
439
438
432
435
437
438
438
439
438
437
438
444
439
438
437
442
440
440
438
440
436
437
439
439
437
432
438
438
440
437
440
444
445
446
451
448
445
445
449
448
450
449
442
448
449
450
443
444
447
446
444
442
439
444
443
447
443
436
438
440
440
434
437
436
432
436
436
431
434
434
434
433
432
430
437
438
437
436
432
435
437
437
433
438
433
433
433
438
436
431
431
438
438
436
432
433
437
438
439
435
434
435
441
438
432
438
439
438
442
440
437
440
444
444
438
440
441
444
438
440
442
439
440
444
444
439
440
445
448
442
447
445
440
445
449
447
441
443
445
447
445
442
445
444
445
445
442
444
441
441
436
438
441
438
432
433
438
435
432
426
431
434
434
427
432
434
436
430
428
435
433
430
431
433
434
433
433
429
432
432
433
432
430
431
432
433
431
428
428
434
435
431
433
435
434
436
427
435
433
431
432
434
433
429
433
435
432
431
429
433
435
432
432
432
432
429
430
432
430
429
431
431
429
430
429
429
430
427
425
428
428
426
426
425
426
427
422
421
424
426
419
424
423
420
426
423
417
423
419
423
423
423
420
422
423
426
424
427
426
423
428
427
429
425
425
427
422
427
428
424
422
423
427
426
420
423
426
427
427
422
429
429
427
431
426
429
429
428
430
427
425
431
432
427
430
431
429
432
431
426
431
431
432
427
430
431
429
431
430
431
430
429
432
434
428
431
433
433
431
432
434
434
436
433
435
435
434
435
436
434
431
432
437
433
431
429
430
435
434
427
433
432
428
436
432
429
436
436
431
436
436
433
435
437
433
432
434
433
433
435
434
431
433
430
433
434
432
433
428
432
432
429
431
434
427
434
432
431
433
433
435
430
438
438
432
438
436
438
435
438
438
434
439
439
438
435
439
439
438
435
438
438
435
436
438
438
435
437
438
438
435
428
435
432
429
432
429
426
429
432
428
423
430
429
428
433
430
427
433
434
433
434
434
434
433
431
435
435
435
435
435
438
437
436
438
439
438
439
436
438
439
437
437
438
442
440
438
441
442
442
442
440
440
440
439
439
435
437
438
440
438
435
436
432
438
438
431
430
434
436
433
425
429
429
430
429
426
427
426
428
427
424
419
425
426
420
420
422
420
423
423
419
418
421
420
423
421
420
417
424
419
420
422
423
421
420
416
425
424
421
419
425
426
425
421
428
427
427
426
425
430
431
422
430
429
428
428
428
428
429
434
431
424
431
431
432
430
429
433
433
432
430
432
433
431
435
436
431
431
434
434
429
432
431
432
430
432
430
429
434
435
436
432
433
431
434
435
430
428
431
433
426
429
430
429
433
434
428
435
436
435
439
437
434
438
440
437
437
439
437
441
440
434
439
438
437
439
437
437
438
441
441
437
437
436
441
438
436
440
437
436
438
442
440
435
440
439
442
438
439
442
438
441
441
437
439
438
437
437
441
438
430
437
437
433
435
434
433
433
438
432
427
431
433
432
432
431
431
427
434
432
426
428
432
431
428
428
428
426
430
429
425
427
430
430
423
425
427
426
427
428
425
427
424
429
429
422
425
427
428
421
424
423
423
425
426
420
422
426
425
417
420
422
420
420
422
416
420
424
425
419
419
426
423
419
424
423
425
421
422
424
423
423
419
420
421
420
418
421
418
419
423
423
421
418
424
423
419
425
421
422
419
423
422
419
423
425
420
419
421
425
424
421
424
422
426
428
424
423
427
430
427
421
429
427
424
424
427
424
425
428
426
423
427
428
426
422
425
428
428
420
424
424
426
421
420
422
421
423
418
419
423
422
417
422
421
423
421
423
423
423
422
425
423
423
422
428
423
420
424
426
424
419
421
425
424
424
422
424
426
426
421
424
424
426
427
423
422
424
427
428
421
428
424
424
428
424
422
425
428
429
428
424
428
433
431
427
433
430
428
430
430
427
425
429
430
426
430
431
428
429
429
433
434
428
432
434
435
432
434
436
436
434
439
435
435
435
438
437
436
436
438
435
437
435
434
432
437
435
430
433
435
436
431
432
435
434
431
432
432
432
430
437
435
429
435
435
436
436
437
434
433
437
434
438
438
438
435
438
437
433
437
432
435
436
436
431
434
436
434
428
433
433
434
431
425
433
432
431
434
436
436
438
436
451
453
451
452
454
455
455
455
455
457
454
456
456
454
450
452
454
449
451
451
451
450
454
456
464
467
474
476
483
493
493
490
495
500
496
497
498
503
495
494
489
487
485
487
487
485
486
484
474
476
474
472
469
473
465
471
473
477
485
484
485
486
492
497
501
500
504
504
509
505
507
502
500
485
486
484
480
478
476
475
474
476
475
479
480
481
492
500
521
528
523
530
521
520
516
510
506
506
499
501
499
499
496
495
494
495
490
494
499
498
498
504
497
503
503
506
502
508
513
521
527
531
538
547
548
561
583
576
573
575
564
561
561
568
571
563
564
563
554
553
554
547
548
553
558
561
558
563
566
559
563
566
562
560
561
558
561
552
550
550
541
541
543
546
546
554
566
565
568
577
582
576
567
565
563
563
552
555
554
552
543
546
549
548
552
545
548
550
542
543
545
551
548
551
556
556
552
554
558
554
559
560
564
568
573
558
559
558
555
545
547
549
550
547
548
552
571
578
570
572
579
571
567
572
577
566
566
568
566
556
560
558
558
553
557
563
559
560
563
568
557
558
561
564
567
557
559
559
560
551
553
556
555
548
553
555
557
553
557
563
556
555
556
559
563
566
567
566
566
556
552
552
550
543
542
546
555
562
556
561
574
580
580
569
570
576
570
563
563
565
564
557
559
558
564
571
575
575
563
565
568
573
568
565
567
568
578
585
587
587
578
578
575
573
563
563
565
567
578
573
576
581
585
577
575
579
579
580
568
566
567
570
568
565
567
575
584
573
573
583
584
574
576
584
584
585
573
575
578
580
580
570
574
579
580
572
577
583
581
570
577
579
573
572
577
591
585
587
595
595
582
585
588
577
575
576
578
577
569
564
564
570
573
562
565
575
581
573
574
586
585
576
573
579
580
563
568
573
560
563
570
572
566
570
583
587
578
585
588
581
571
571
571
577
564
567
573
580
579
581
569
572
579
574
566
572
579
584
582
594
599
594
595
599
599
583
581
585
583
571
571
576
582
580
581
595
604
594
603
611
613
600
605
607
600
583
583
582
581
572
570
578
584
588
580
594
600
596
595
596
596
592
580
583
581
584
567
572
579
580
567
568
573
576
563
574
577
572
578
585
580
571
578
586
577
574
581
575
567
567
572
575
578
572
566
569
574
568
563
571
574
575
564
569
579
580
564
571
577
568
565
571
573
573
566
574
576
573
570
578
582
576
572
579
581
574
572
583
579
572
584
585
579
580
589
588
577
582
588
579
574
582
583
575
579
588
581
580
588
585
579
572
576
581
576
567
572
584
593
582
588
591
582
574
578
580
566
573
587
587
577
587
588
576
579
587
583
573
580
577
568
565
570
568
559
563
569
576
576
577
588
592
579
584
592
581
577
586
583
568
574
579
580
579
572
575
588
598
610
613
605
590
589
595
591
575
579
583
583
570
576
590
595
584
592
602
594
592
602
600
586
594
599
588
583
591
589
590
579
576
582
583
584
582
596
592
587
595
589
580
594
591
584
585
594
595
582
587
594
594
579
578
586
586
573
577
583
583
574
580
584
580
574
586
589
587
577
585
588
582
571
578
576
568
565
574
577
578
570
581
590
595
580
586
595
595
581
584
590
595
589
589
600
600
587
592
604
602
586
585
590
595
583
588
593
591
580
590
586
570
573
577
576
573
562
569
575
578
565
563
566
570
568
567
575
574
567
577
580
577
571
579
585
577
579
581
578
568
576
578
576
570
577
581
584
589
577
581
589
581
580
591
592
587
581
593
596
585
588
596
599
598
585
590
596
593
585
580
589
583
576
581
593
596
590
598
603
604
598
604
602
601
590
585
591
590
584
573
576
584
573
574
575
575
577
583
588
596
591
587
588
583
574
582
576
568
557
563
562
563
559
560
569
577
578
580
595
599
604
594
605
602
587
589
591
574
573
571
569
569
573
574
577
571
586
587
590
583
594
592
592
573
577
581
576
567
568
577
578
585
573
581
593
595
582
590
600
608
596
598
607
605
590
594
601
598
582
587
596
596
585
588
601
601
588
603
603
599
591
601
600
597
584
595
596
594
583
591
594
595
585
589
597
591
582
592
594
592
584
589
600
604
597
589
591
597
598
596
584
589
599
598
586
596
603
604
589
596
603
599
584
590
595
593
582
590
596
597
596
604
610
608
604
610
605
598
596
599
594
585
580
585
582
584
584
579
589
592
594
588
591
598
596
594
591
585
576
571
568
566
568
572
563
570
568
568
571
564
559
566
568
566
568
563
555
559
565
569
570
566
578
591
593
583
590
607
606
597
603
613
613
595
591
585
586
590
638
637
617
615
612
610
604
601
595
588
582
591
604
612
620
624
624
609
617
612
611
614
600
597
602
597
597
599
600
584
587
593
594
593
586
604
603
605
597
597
609
598
588
584
577
573
570
558
562
564
563
563
563
563
554
562
563
568
575
571
578
587
595
599
602
590
600
601
601
595
587
595
591
585
573
576
574
570
571
562
568
576
580
586
573
575
582
579
585
574
574
581
577
568
564
571
570
569
570
558
564
565
565
563
558
565
568
572
563
563
572
570
570
565
573
574
577
568
572
584
584
582
577
580
587
587
588
594
585
576
580
583
582
571
570
579
579
585
579
584
590
595
602
594
601
604
603
590
597
601
597
584
595
592
588
592