1273
957
1324
1244
1035
1115
1035
855
1305
986
839
1123
943
858
1271
1134
946
1289
1018
902
1321
1146
1261
1138
900
1313
1105
841
1019
1386
1129
1218
1258
914
944
1373
1209
911
890
1430
1350
983
900
1382
1334
1010
983
1358
1272
996
992
1334
1275
1171
1271
1155
900
1044
1321
1232
969
1028
1354
1337
1080
852
830
1309
1294
1156
900
813
881
1126
1240
1096
884
949
998
1039
1070
992
1016
1075
1114
1130
883
1007
1108
1162
1154
1217
962
1099
1274
1107
876
1038
1209
1123
1137
1211
1015
973
1091
1121
1087
1080
983
1002
1072
908
838
982
1104
955
966
1064
1047
929
1018
1144
900
972
1073
857
781
778
823
1221
1273
1197
1007
918
903
1158
1273
1296
1253
1105
1140
1146
1067
929
955
1200
1367
1165
1021
1147
1288
1194
993
971
1179
1186
1102
1049
1213
1165
983
989
1255
1253
1097
1136
1111
1000
891
921
1257
1188
1028
1042
1163
1123
1082
1087
909
1117
1196
980
1009
1325
1248
955
1028
1178
1065
1086
1174
1136
1016
1104
1149
1026
1128
1156
943
971
1184
1164
1071
1137
1187
1001
1155
1215
1035
980
1146
1194
1021
946
1228
1224
1074
936
1094
1166
960
1214
1201
951
939
1230
1206
930
880
973
1178
1201
932
1009
1079
885
1032
1066
897
972
1027
859
1017
1080
949
1105
1089
961
1076
946
951
1015
956
995
1216
1039
940
1172
1194
995
897
1110
1240
1080
971
1024
1155
1160
965
959
1138
1253
1103
943
975
1076
1113
1092
1187
1063