862
852
852
851
856
940
946
941
956
938
903
889
896
872
872
897
877
901
936
898
892
901
900
928
913
883
905
869
864
860
843
811
798
796
782
800
795
816
825
845
883
895
891
902
903
902
900
840
816
799
804
855
952
927
891
856
820
816
793
776
825
921
873
864
867
897
932
917
906
881
871
868
870
881
963
995
1016
1028
1013
1000
981
965
945
942
953
975
1007
1018
989
954
931
913
936
902
899
883
899
880
889
911
922
914
893
888
868
868
859
869
871
891
959
969
977
998
993
963
939
908
863
850
851
853
886
934
990
979
991
978
962
952
946
924
938
962
949
978
1008
948
967
997
954
942
940
896
891
891
871
878
859
887
898
938
991
1004
1013
996
942
904
883
896
903
920
943
996
945
957
993
1050
994
986
985
932
926
915
928
889
889
893
913
889
931
946
958
959
961
984
973
997
988
963
953
939
909
927
959
962
990
1007
1009
1006
1035
995
970
944
907
904
903
941
931
974
994
962
973
955
911
908
890
857
881
890
980
951
1011
1033
968
974
979
918
910
912
896
926
970
1002
1009
1016
969
959
945
925
889
878
892
893
929
961
1001
1003
1008
963
976
973
920
932
924
885
877
861
861
850
870
912
930
971
991
950
958
958
932
940
941
938
938
935
967
939
974
1004
946
944
955
901
897
897
897
889
917
983
967
978
983
954
925
911
906
863
857
855
861
896
972
1094
1013
1075
1062
995
983
961
904
893
893
861
865
861
900
911
973
1040
1013
1056
998
933
911
864
853
812
806
818
848
839
850
874
857
875
910
930
972
1024
1069
1115
1124
1041
1050
1029
985
992
981
946
978
1032
1054
999
990
969
965
974
987
949
964
1005
948
952
947
918
906
920
982
965
1027
1051
977
975
972
961
931
934
961
944
971
1002
980
995
992
960
946
932
929
931
962
1053
1038
1068
1079
995
986
996
988
992
1023
1054
972
945
924
870
856
842
863
872
897
932
881
876
857
847
825
826
839
887
882
909
924
933
901
908
926
884
899
917
891
918
975
1035
1033
1062
1016
992
990
998
988
1015
1017
1065
1092
1093
1115
1082
1049
1034
1015
1015
1014
1035
1046
988
962
957
899
882
891
912
889
899
909
906
894
888
910
886
879
892
913
909
934
968
920
949
991
938
952
944
898
890
890
898
865
843
841
811
816
808
807
793
794
805
830
874
879
881
896
929
896
910
922
945
943
953
985
920
939
966
998
974
1004
1039
1009
1053
1035
965
961
971
924
919
927
1000
965
1006
1055
1001
974
970
953
931
937
962
925
938
979
958
1000
1032
959
991
1002
984
929
938
961
914
926
909
896
891
903
930
915
934
949
937
906
902
914
893
909
931
1012
1002
1046
1019
1002
1003
1009
924
910
905
883
898
954
1005
1011
1045
1052
1063
1054
1029
1010
1010
1040
986
979
1011
978
979
983
982
923
916
945
922
904
911
945
924
929
944
957
960
1001
1072
1024
1037
1011
990
985
984
979
995
1002
943
949
981
927
938
947
923
947
994
979
985
981
931
922
923
904
882
900
943
896
872
845
846
846
836
848
871
899
912
923
946
910
892
867
866
852
857
905
1035
1048
1118
1088
984
985
996
948
948
947
934
964
995
1019
993
1011
1021
976
986
967
917
912
910
886
915
938
1015
944
972
990
923
914
908
926
909
918
945
934
969
1026
978
989
995
973
967
979
970
945
952
970
939
953
968
932
938
932
950
899
897
901
910
884
878
888
923
912
943
983
946
935
937
927
900
900
942
944
988
1016
955
942
925
924
889
862
858
884
968
951
961
990
1071
1032
1048
1040
956
944
938
930
924
937
967
930
949
983
983
1003
1013
985
953
953
981
953
978
1023
975
1029
1060
986
989
965
908
921
936
959
948
976
1018
954
980
979
935
923
936
983
942
943
940
912
905
918
985
975
957
956
947
900
888
882
918
907
899
921
977
945
965
957
943
914
921
946
937
907
914
934
946
953
966
979
938
897
858
845
855
841
849
863
945
922
989
1031
961
971
947
891
852
833
816
821
846
945
959
1009
1063
991
992
980
942
922
918
929
896
896
903
893
865
831
832
822
846
890
920
907
872
851
844
849
854
879
910
998
1048
1066
1062
1057
1021
982
1013
1051
1088
1135
1150
1050
1066
1069
1022
1057
1048
996
1021
1020
969
974
1017
979
1021
1055
994
981
971
919
888
884
924
949
966
999
1028
1005
1016
966
956
943
952
948
977
1049
994
1014
993
922
912
919
909
923
926
915
923
948
989
972
1014
1026
957
960
976
931
927
908
875
878
872
895
932
973
957
983
1005
1007
953
948
939
890
896
912
902
901
889
897
888
904
926
938
905
907
914
904
891
892
923
932
947
979
978
949
957
985
964
962
964
968
928
938
940
926
949
975
935
958
971
957
960
954
920
915
916
932
906
915
942
938
955
963
953
916
888
861
855
822
815
802
805
802
807
815
861
911
916
935
979
930
934
935
916
885
853
850
859
831
821
812
817
819
800
807
796
792
777
766
753
751
768
799
825
839
831
813
804
797
789
799
825
841
835
841
850
888
1031
971
976
992
944
945
960
979
942
934
926
960
933
922
909
932
922
918
928
965
997
982
1006
1012
954
956
948
913
918
932
997
975
1013
1021
951
957
974
965
989
993
1027
1022
1045
1028
1007
994
963
967
973
985
972
979
972
921
913
908
920
897
881
878
924
977
943
962
959
938
923
919
940
908
927
937
961
927
936
979
1002
938
946
957
974
929
941
958
994
988
1016
1049
967
979
994
971
1000
1019
995
1003
1000
953
925
915
944
956
971
1026
1018
982
1020
1050
969
971
982
942
936
926
960
938
963
993
939
969
968
935
922
915
880
854
836
825
820
813
824
854
1027
1004
1116
1137
1075
1063
1036
948
934
931
899
902
909
1005
974
1049
1084
1025
1028
1051
979
991
963
925
921
941
943
943
962
1011
963
962
956
964
929
943
1011
979
1017
1061
1023
1003
1024
990
971
981
986
979
1003
1026
987
940
907
894
872
861
845
853
902
916
938
979
1011
961
985
997
934
955
1005
945
948
954
975
997
1052
1053
1028
1052
1040
966
978
989
954
949
957
988
953
987
1009
955
966
992
959
1009
1063
1004
1002
998
948
965
986
968
960
965
969
958
1023
1070
987
998
972
909
903
913
887
915
947
999
1019
1026
1012
951
955
971
957
979
996
982
950
930
954
913
899
893
950
939
981
1026
1048
1009
1021
1010
953
956
975
966
976
987
995
979
992
1061
1002
1032
1020
987
1054
1151
1111
1138
1064
1012
1011
1048
1037
1074
1079
1015
1003
972
923
936
979
968
939
939
1012
958
1008
1073
1004
1009
1007
943
944
943
944
921
926
950
915
937
998
992
1005
1003
967
944
943
953
924
931
944
941
920
921
967
926
930
920
902
918
931
978
940
944
955
903
900
907
888
891
876
886
886
905
958
933
980
1021
976
986
997
968
976
982
990
938
957
1021
986
1019
1020
992
980
987
1009
948
954
971
927
935
950
976
962
952
955
916
901
921
995
990
979
1059
1107
1023
1040
1023
959
936
934
947
907
923
983
1005
1009
1043
1046
1004
1044
1013
962
969
1013
990
1057
1074
1033
1025
1016
974
975
982
970
965
988
1025
994
990
978
932
944
970
931
951
979
963
965
983
1038
970
1002
1021
978
960
947
935
908
904
922
923
953
988
984
963
1006
1070
985
982
975
950
972
1007
991
992
993
996
961
973
1008
949
986
1031
965
1005
1000
949
952
976
956
971
977
988
938
934
999
970
1009
1049
999
1021
1035
1017
981
960
943
917
945
994
971
1015
1034
993
985
954
937
923
926
1006
942
934
915
893
865
847
824
808
787
773
767
768
794
818
815
822
835
853
833
835
849
952
1047
1044
1111
1069
1040
1042
1050
1018
1079
1072
992
987
995
1011
940
941
978
1000
983
988
997
963
1001
1093
1021
1097
1124
1077
1063
1043
1016
1016
1039
1052
1021
1059
1066
1041
1062
1071
1009
1035
1063
1003
1028
1056
1024
1030
1035
986
1009
1043
1043
1038
1077
1082
988
994
1042
993
1038
1081
1036
1007
1019
1004
1009
1021
996
999
1021
1032
1004
1025
1028
1016
1036
1010
976
987
1006
985
1027
1053
962
971
1002
1030
1009
1030
997
936
924
908
872
860
834
826
804
779
799
775
767
762
759
753
749
742
735
727
722
722
754
838
898
1002
1141
1080
1088
1043
989
1003
1036
1015
992
1023
1033
1019
1051
1086
998
1008
1050
992
1028
1157
1082
1159
1126
1073
1055
986
962
959
991
952
963
1035
1036
1088
1152
1061
1102
1121
1023
1036
1055
1035
1064
1094
1009
990
988
1004
950
954
990
958
972
1014
1032
964
939
949
897
875
850
840
834
841
854
917
927
911
919
1022
1005
1029
1005
951
918
930
961
1012
989
1042
1072
1021
988
990
986
974
1000
1033
969
1000
1048
1079
1036
959
904
885
891
917
933
896
898
922
903
945
1004
983
1050
1038
993
982
966
901
891
881
903
890
932
1059
1017
1021
1033
979
943
914
900
888
881
864
828
822
838
942
974
1054
1165
1083
1108
1093
993
940
935
953
904
896
896
878
905
940
1005
991
1054
1037
979
988
1003
980
1023
1060
964
942
900
872
846
834
825
826
849
918
980
1073