474
944
471
688
258
469
942
468
939
469
945
1143
271
469
289
530
322
710
386
326
711
485
468
938
472
470
469
464
465
475
469
470
463
470
466
464
473
474
460
255
1419
1135
286
1111
305
713
386
319
711
374
337
588
462
468
467
461
923
461
925
460
465
456
957
425
277
642
456
313
706
722
565
460
917
458
457
459
463
912
463
459
461
465
469
481
475
472
478
469
471
830
590
475
474
474
472
473
477
471
472
471
475
475
474
474
476
477
472
477
477
475
474
474
479
475
476
476
478
476
472
472
474
468
466
471
466
932
467
932
464
464
470
466
472
455
469
928
293
636
464
468
930
298
637
471
333
724
341
366
566
466
935
466
468
466
465
465
464
470
924
287
642
466
471
465
464
472
465
469
468
468
470
469
467
469
468
465
466
935
461
467
350
576
458
467
466
921
286
639
459
461
457
458
457
460
456
455
458
458
458
453
459
456
453
456
456
457
455
455
459
457
459
459
458
457
457
459
455
458
454
461
457
458
918
461
462
919
289
623
793
575
450
456
454
449
454
449
456
454
902
448
452
904
447
456
441
449
444
451
450
448
444
454
441
446
447
447
447
448
447
447
446
896
445
333
562
448
447
446
445
448
442
445
443
450
443
442
443
447
438
441
444
439
441
438
447
436
440
446
443
439
886
444
439
441
890
441
886
446
443
444
896
444
890
325
568
440
435
444
446
438
441
444
445
439
883
311
579
439
444
441
443
440
443
441
442
439
445
440
445
437
445
445
443
440
889
315
568
441
445
443
445
438
446
441
445
438
889
445
438
443
886
438
445
438
345
533
441
438
439
444
440
439
437
445
446
436
442
886
444
439
439
444
444
439
440
445
443
438
447
444
441
1319
445
441
439
883
443
438
441
363
519
440
448
434
441
440
442
438
438
444
438
440
885
440
440
441
442
439
438
443
433
438
440
438
438
440
442
435
440
443
439
434
441
435
438
437
437
874
303
581
437
439
438
438
436
441
436
435
437
435
436
434
437
436
865
438
437
433
437
435
435
434
436
857
325
551
424
866
311
556
1291
308
563
432
438
426
439
436
433
432
438
435
433
439
431
433
439
431
436
873
438
433
436
438
435
431
435
428
434
434
434
429
434
866
430
432
430
860
436
426
432
863
428
430
431
430
424
435
426
433
431
428
431
425
436
430
427
433
429
431
426
432
433
429
431
429
432
430
427
434
423
426
432
429
426
430
427
429
427
427
431
428
427
429
431
423
432
864
431
431
434
429
428
438
426
435
432
430
431
429
435
429
427
437
431
434
435
433
434
431
438
432
433
436
436
437
437
434
440
433
437
880
436
437
437
438
439
436
437
433
435
438
434
436
433
438
438
428
441
435
437
434
435
434
438
437
432
441
438
437
439
442
439
440
440
440
451
436
442
442
443
440
437
445
436
439
444
442
439
440
439
443
438
440
438
437
438
435
441
870
442
435
440
438
438
436
435
436
437
434
438
435
436
436
438
435
436
435
438
435
435
438
434
437
435
437
437
433
438
438
437
430
438
441
436
438
438
436
439
435
441
872
443
438
438
444
446
439
442
441
444
441
438
441
443
441
438
443
439
437
444
438
439
440
441
438
441
441
443
440
440
442
441
440
444
439
442
441
437
444
438
442
440
439
447
440
446
437
446
893
442
445
448
445
442
449
442
441
448
879
327
563
440
444
440
441
437
446
877
881
446
341
546
442
442
442
448
442
446
444
446
442
888
313
575
440
886
441
438
439
438
440
438
437
435
438
437
431
439
432
439
438
433
437
438
435
435
438
438
433
437
434
438
435
440
434
435
435
442
438
437
434
438
438
433
438
871
434
440
432
435
436
437
432
437
438
439
432
444
431
437
436
434
433
434
437
436
431
438
433
435
434
438
436
432
436
435
437
435
433
440
432
437
439
440
434
441
436
438
438
881
429
300
574
438
434
436
442
435
441
877
443
441
442
447
450
446
450
453
457
446
448
453
451
444
896
452
442
448
447
448
442
445
442
446
440
446
445
442
441
885
441
446
438
439
440
445
438
441
438
440
443
881
440
442
437
445
435
440
439
437
435
435
442
434
438
877
439
437
439
438
438
436
440
435
437
437
440
436
435
442
436
438
877
439
437
437
437
437
431
872
435
433
434
435
434
437
436
435
436
433
440
438
434
438
435
438
432
440
871
438
433
434
437
436
435
431
433
436
433
432
438
432
434
432
436
432
436
437
439
430
438
435
438
430
876
435
436
432
437
440
434
438
431
438
436
435
435
433
437
433
429
440
428
438
436
434
432
438
435
437
435
436
435
437
439
438
432
437
438
437
431
439
437
437
440
438
439
437
435
443
434
440
438
441
434
440
436
438
437
437
438
432
441
436
437
438
435
440
435
439
437
431
441
429
438
438
438
437
438
437
437
438
439
437
437
441
439
874
438
438
435
440
438
433
438
437
436
437
435
442
438
869
440
438
440
440
438
438
444
439
439
442
438
446
435
444
441
439
438
439
438
437
438
442
433
438
439
442
433
448
430
438
438
438
435
438
439
440
438
438
435
445
437
436
444
441
438
878
438
436
873
438
438
441
436
439
435
441
438
435
442
435
438
435
442
436
437
436
438
441
437
437
443
437
439
440
441
440
434
438
439
435
434
439
436
438
438
437
437
437
443
441
437
441
438
439
438
440
440
439
439
440
440
445
446
440
446
441
443
446
442
442
442
443
444
441
442
447
438
441
442
447
438
442
442
439
439
440
440
437
437
440
435
438
438
440
429
875
437
434
432
438
436
439
438
1319
278
606
445
446
442
441
443
442
441
442
439
442
442
439
441
443
438
438
443
440
440
883
442
437
445
438
435
443
434
441
439
439
438
438
437
440
437
439
439
438
441
441
437
442
438
438
438
443
437
438
441
438
439
438
438
439
438
439
438
438
874
434
438
438
436
436
434
438
438
434
438
435
440
432
440
439
436
436
436
434
433
435
438
429
438
431
430
433
432
432
430
428
437
430
429
428
434
433
426
431
433
423
430
431
426
429
429
428
431
427
429
422
429
425
426
426
426
432
424
432
429
422
432
428
432
428
425
432
428
429
424
435
425
432
432
425
433
432
429
433
427
435
432
429
432
431
435
431
436
436
433
435
437
435
436
433
441
432
438
438
435
437
432
439
436
432
434
435
437
431
429
438
429
435
433
430
431
429
435
432
432
436
435
431
437
430
438
432
433
435
433
434
437
431
435
429
438
438
435
437
434
446
442
443
446
448
449
443
448
445
450
446
445
445
445
447
438
445
438
444
439
884
439
443
440
439
441
443
440
440
439
443
440
881
435
438
442
437
438
435
442
434
438
439
435
438
437
438
437
436
441
436
438
435
438
438
435
438
438
439
434
439
436
437
438
436
437
436
438
440
434
438
430
437
436
437
435
433
436
439
432
438
433
438
433
870
435
435
438
435
437
433
440
435
438
438
436
438
436
439
435
430
441
430
438
438
433
435
436
438
434
435
435
435
435
436
432
440
431
439
436
435
435
434
437
432
431
434
434
432
430
435
437
430
433
434
431
431
433
433
432
428
437
436
430
436
429
436
434
430
437
427
435
435
432
432
429
435
434
429
438
429
430
431
432
431
429
432
432
435
428
431
434
428
429
431
430
429
428
436
431
427
435
431
437
431
430
437
429
434
432
433
433
430
437
436
430
437
431
433
434
434
429
429
437
437
428
439
429
437
430
433
436
432
433
437
432
437
435
436
435
432
435
434
436
440
432
439
436
437
436
438
438
436
439
440
436
439
435
439
435
437
438
435
436
437
438
435
434
442
433
441
437
437
437
437
440
436
434
443
434
441
440
439
436
441
437
438
438
439
434
437
435
439
431
441
433
435
434
437
435
435
436
438
437
438
437
440
439
435
441
435
438
437
437
438
435
439
442
434
438
437
440
438
436
438
437
437
433
441
435
437
437
438
438
440
438
440
441
435
442
439
440
438
441
440
443
440
441
439
441
439
877
436
440
443
434
440
438
441
435
442
436
439
438
436
438
433
441
438
877
438
437
442
439
438
443
442
437
441
441
437
442
439
437
436
438
433
441
437
432
437
434
433
431
434
431
426
436
426
432
428
427
432
429
425
431
424
429
426
424
424
421
428
425
429
420
426
425
425
424
425
424
425
423
425
424
426
426
421
431
424
424
427
421
424
424
422
420
423
423
422
424
420
423
420
422
422
420
427
423
421
429
424
850
423
426
428
424
425
423
428
426
422
431
425
425
429
424
429
423
430
426
425
428
424
426
430
426
429
427
426
425
433
422
430
429
427
427
425
430
431
430
425
429
428
430
425
430
425
428
426
422
432
422
429
426
424
428
425
426
426
424
425
428
423
428
423
428
424
426
425
421
428
427
422
423
422
424
426
423
428
423
426
426
426
428
427
429
427
430
425
429
431
429
425
429
429
429
431
427
431
427
428
424
431
424
427
428
422
430
422
425
426
421
429
425
420
427
422
421
422
425
418
422
425
422
422
425
421
425
423
423
424
423
424
422
426
424
422
427
426
425
424
428
425
428
426
422
431
426
423
427
421
430
428
421
429
427
426
427
427
426
427
431
432
424
435
427
430
434
429
430
433
429
429
429
430
428
432
431
426
433
427
431
431
430
431
431
429
430
435
429
430
434
433
436
432
433
438
435
433
435
432
438
436
868
433
435
438
867
434
432
436
432
436
431
432
432
435
428
428
434
432
432
430
429
432
434
429
430
427
431
435
426
434
425
430
435
425
431
425
430
433
426
435
427
432
431
425
432
427
428
431
425
428
430
428
430
425
426
426
425
422
432
423
427
424
423
427
429
421
430
423
428
426
430
424
432
426
424
435
426
430
430
428
429
434
426
433
428
432
434
431
433
428
431
432
433
432
427
437
432
433
434
429
431
431
428
426
429
431
429
426
429
424
426
425
425
426
422
427
425
424
426
423
425
427
424
425
423
425
421
429
421
427
424
421
427
423
422
427
421
426
427
421
426
422
424
423
422
422
422
427
425
424
425
426
424
422
425
426
425
425
425
433
425
432
430
429
431
432
427
434
426
432
428
429
429
425
429
431
427
428
430
424
430
427
422
427
429
424
425
424
426
425
421
431
427
426
431
423
427
429
423
428
426
427
424
424
424
426
424
428
419
431
425
425
422
432
422
431
425
425
425
428
420
427
419
423
426
421
424
420
424
420
416
424
421
421
419
427
422
420
426
419
424
423
423
420
427
421
420
425
419
427
423
421
423
425
420
425
421
422
422
423
421
424
423
422
425
423
426
423
421
429
427
425
425
425
428
431
425
432
425
428
427
430
427
429
429
431
429
428
427
429
425
430
424
429
426
427
424
428
427
427
422
431
423
429
428
425
426
428
423
428
422
427
427
423
425
418
427
424
428
421
427
424
424
425
422
427
425
423
426
420
427
422
421
423
425
418
424
420
422
420
426
417
426
424
420
422
424
422
424
419
426
423
417
426
421
423
420
428
423
847
424
430
428
423
432
425
426
427
424
428
429
424
425
429
430
428
435
429
438
438
438
440
438
446
439
441
439
436
438
431
436
435
430
429
431
430
428
426
431
430
425
431
425
429
426
424
428
425
426
422
431
424
424
426
420
427
427
423
427
423
427
428
424
431
423
426
427
426
425
424
428
427
423
431
424
425
427
425
425
425
426
430
423
426
424
426
428
422
428
422
426
425
424
428
424
427
430
425
432
427
429
427
434
430
430
435
428
433
434
434
429
436
429
431
432
434
431
430
436
427
431
437
434
430
436
430
431
432
430
430
428
433
429
425
432
426
430
428
431
427
430
430
429
426
431
424
430
432
428
429
429
426
423
431
422
427
428
426
428
427
428
429
424
432
427
430
431
428
430
430
430
430
427
435
432
432
433
429
433
430
430
434
428
430
431
430
429
426
435
429
435
434
432
433
434
430
433
426
433
428
854
424
430
430
423
426
424
428
425
420
427
424
425
420
431
423
427
427
423
426
430
421
430
423
428
427
427
425
422
431
428
430
422
428
429
423
424
425
423
424
420
427
424
845
419
426
424
425
420
424
423
421
428
423
424
427
421
425
427
423
423
423
426
424
418
429
422
428
420
429
421
427
424
424
427
427
421
427
422
427
427
425
424
424
429
428
423
431
426
429
427
429
425
431
425
425
430
424
430
426
422
429
425
421
426
420
426
425
420
426
423
423
419
428
422
423
426
420
425
426
421
423
423
427
426
423
425
424
424
420
429
425
423
428
422
426
427
423
429
424
424
423
426
423
423
428
423
426
426
429
428
424
430
424
431
428
426
430
429
430
428
427
429
430
432
430
427
433
428
427
433
423
433
429
426
431
423
428
431
425
431
427
431
428
430
428
428
433
433
429
431
428
434
433
430
432
430
438
430
437
438
435
434
435
434
435
438
435
438
433
434
435
429
436
429
435
432
433
431
432
435
433
431
432
431
434
435
432
433
430
435
429
431
432
428
429
428
430
429
428
427
427
427
428
423
430
428
424
427
425
427
425
428
423
425
430
423
430
424
427
428
422
429
426
424
426
422
425
429
423
428
422
429
424
428
422
429
424
420
427
425
419
426
420
422
421
423
417
422
416
418
420
422
413
422
414
418
415
421
417
418
416
415
421
419
418
417
419
424
414
421
422
416
424
418
422
417
424
420
417
422
418
422
423
420
424
420
422
424
422
423
423
420
421
429
425
423
425
421
425
424
420
426
422
425
423
425
424
425
426
423
425
427
422
426
422
426
427
422
429
423
427
427
426
428
426
428
428
427
426
426
426
426
431
423
427
430
428
429
424
429
429
426
431
425
431
427
426
430
431
425
430
424
429
431
425
430
424
428
431
424
432
425
425
432
424
427
426
428
425
427
424
424
428
420
428
423
426
424
424
427
425
424
423
424
429
424
426
423
427
428
424
427
427
424
426
422
426
427
422
429
422
427
424
425
423
423
424
422
428
420
425
427
423
421
424
425
424
420
426
424
425
423
422
428
427
422
427
425
427
422
432
421
430
424
426
428
427
422
430
421
426
425
422
423
424
427
426
426
424
425
426
425
428
421
429
427
421
424
427
420
427
419
425
420
427
418
425
424
419
422
425
419
425
417
423
421
425
417
422
423
419
422
425
417
424
417
423
419
425
419
425
420
421
418
425
422
428
424
429
425
423
426
423
424
422
429
421
426
425
422
423
424
419
419
416
426
420
419
419
419
420
414
419
423
414
421
416
420
414
422
417
415
418
409
418
415
417
413
419
414
413
419
418
409
421
414
416
413
416
418
412
418
413
416
410
421
414
415
414
415
416
415
418
415
412
416
413
417
417
417
413
413
421
409
419
415
417
410
416
414
413
413
416
411
414
413
415
410
416
412
419
410
415
414
412
417
414
412
413
413
418
412
415
412
412
415
409
409
410
417
411
419
414
412
414
413
415
413
414
418
411
418
414
415
415
416
418
412
418
417
416
413
420
417
413
419
412
414
412
421
418
414
417
414
417
412
414
419
409
416
410
415
411
414
827
410
412
411
409
413
410
411
409
407
412
409
413
410
412
414
408
414
412
413
411
417
413
412
415
411
417
413
419
416
416
417
414
419
417
421
414
421
421
416
420
424
415
422
418
419
418
422
420
419
422
416
420
418
419
416
418
419
414
420
423
415
421
418
419
419
419
420
419
420
416
420
416
418
415
418
419
415
418
415
418
413
418
416
413
415
416
415
415
414
419
414
416
413
420
413
416
417
415
418
416
413
416
419
419
414
418
418
416
416
414
422
412
422
418
418
418
420
421
419
422
420
423
427
419
422
425
419
425
420
426
423
423
423
423
423
422
428
425
428
424
427
426
427
428
426
425
424
425
429
428
425
425
425
424
422
430
427
424
429
422
428
425
426
425
423
428
422
430
423
427
426
424
428
428
427
427
426
428
427
427
425
429
427
427
427
426
426
427
422
428
428
423
426
423
426
427
424
427
423
427
426
429
425
427
427
424
434
424
429
429
424
433
424
428
428
424
431
429
429
427
427
433
430
430
428
427
431
428
854
424
430
427
433
425
429
427
424
431
425
428
428
424
430
428
854
426
429
430
423
429
424
428
422
428
424
426
425
421
428
424
424
425
425
427
424
426
422
426
426
423
424
428
421
424
420
424
425
424
425
424
424
423
425
426
420
426
423
421
422
424
420
425
426
422
427
424
425
427
422
426
428
422
431
422
426
428
424
427
425
428
425
427
426
427
429
422
428
429
423
428
426
426
427
427
425
425
426
423
432
422
428
425
423
428
427
425
423
425
428
425
426
424
428
424
424
428
424
425
428
421
427
428
420
422
421
429
421
430
420
424
423
419
426
423
423
421
423
421
422
425
418
426
422
423
426
425
421
426
421
424
426
419
424
421
423
422
423
422
423
422
419
425
421
422
419
421
423
419
422
424
417
426
419
422
419
424
418
422
420
416
421
420
423
418
420
422
417
421
422
418
425
418
423
423
421
422
423
423
419
424
424
419
427
420
423
423
426
422
423
425
420
430
420
426
425
422
427
424
424
423
423
426
424
423
426
422
427
425
424
423
427
424
424
427
426
424
428
425
428
428
420
430
423
427
423
426
420
424
425
420
427
424
425
425
424
427
424
424
423
424
427
423
426
420
424
422
421
422
428
418
425
420
423
424
421
422
424
422
420
423
424
419
424
419
423
418
426
417
422
422
417
422
421
419
419
421
420
418
420
419
417
418
418
419
421
416
419
415
420
416
422
419
417
419
419
417
415
418
419
412
422
414
420
415
419
414
416
414
415
413
417
415
416
414
417
413
420
416
419
414
420
417
415
419
418
418
418
419
420
417
421
421
420
421
417
423
425
419
424
422
423
423
422
425
424
425
422
427
424
423
424
424
424
422
426
428
421
429
423
426
424
427
421
426
427
423
425
426
422
428
422
427
426
426
425
425
426
421
430
423
423
423
424
424
427
419
425
418
423
423
420
422
424
423
418
424
425
418
424
419
424
418
427
419
425
423
418
427
425
424
424
423
427
424
424
423
425
424
423
424
425
422
423
421
426
426
419
429
418
426
421
425
420
425
420
419
424
424
421
424
422
424
422
422
419
425
423
421
424
426
419
424
420
425
428
421
427
423
424
425
423
423
425
424
418
425
424
416
426
419
423
419
425
418
423
423
418
421
425
418
419
417
423
419
425
417
425
421
416
423
421
420
422
424
423
422
426
421
428
424
423
426
430
422
431
422
428
428
423
427
421
426
424
426
425
426
427
422
425
427
420
429
421
426
424
424
423
425
422
421
427
423
423
424
422
427
426
424
427
428
431
429
431
428
434
433
432
433
431
435
434
432
434
429
434
433
430
432
428
431
433
428
430
433
426
433
427
436
433
427
431
430
436
433
431
433
429
436
434
861
427
433
436
427
436
427
432
434
427
434
429
431
431
431
432
431
431
431
432
431
431
432
431
432
430
432
431
430
433
431
431
433
425
432
429
428
429
426
430
428
427
426
430
428
427
430
427
424
429
425
426
427
424
425
426
426
424
427
423
426
428
424
426
429
422
429
424
427
425
426
423
423
425
424
424
426
418
425
421
424
427
419
427
422
425
422
425
425
423
427
421
427
426
421
426
422
428
423
428
424
426
425
422
431
426
426
427
424
428
429
424
425
424
425
425
425
423
423
425
420
424
425
422
422
422
423
419
429
423
425
422
422
426
426
423
426
425
425
423
427
423
424
425
421
422
428
419
426
422
424
425
424
425
426
427
422
427
430
423
431
425
431
431
426
432
426
432
430
430
432
430
434
431
433
432
431
430
429
433
428
430
432
428
430
430
427
424
428
430
430
423
430
422
429
424
428
423
428
423
421
425
424
421
425
420
422
423
420
421
420
423
417
421
424
419
425
419
423
419
427
422
422
421
420
424
421
421
421
421
422
420
422
424
421
421
420
420
419
425
422
420
421
418
419
421
418
419
422
419
415
420
418
418
416
419
418
414
418
420
414
417
415
418
415
417
420
414
420
417
418
414
425
417
420
419
417
422
418
422
418
421
422
417
423
423
424
421
420
423
423
422
424
426
427
421
426
428
423
427
424
423
428
421
426
422
426
419
429
424
422
426
422
423
421
424
418
421
422
417
425
422
421
422
423
423
421
422
418
422
419
421
421
423
416
423
419
420
420
421
419
420
421
417
422
417
420
417
421
419
416
424
420
419
419
422
421
416
422
418
418
420
415
420
422
419
417
422
420
417
421
422
416
422
418
420
424
418
423
421
423
421
423
426
420
427
421
427
426
423
428
422
428
421
430
421
428
426
421
425
424
424
424
424
426
424
426
424
427
424
422
426
430
422
428
423
426
430
423
430
428
425
428
426
427
428
426
421
430
426
426
425
424
428
426
428
423
427
428
426
429
426
429
428
427
432
431
426
432
426
432
435
428
433
429
432
436
429
431
427
433
434
427
437
427
430
428
433
429
429
428
426
436
427
429
429
426
433
430
431
430
428
435
432
430
432
429
431
432
433
427
429
432
428
432
429
430
432
426
430
431
425
432
426
429
429
426
428
426
427
425
431
424
428
426
422
430
425
425
426
423
426
424
422
423
423
423
420
423
423
417
424
418
420
421
417
420
420
420
416
421
419
419
417
419
419
414
420
420
417
418
419
420
419
420
421
418
420
418
422
419
421
419
420
421
419
421
424
417
424
418
421
420
422
423
417
424
419
423
419
425
418
841
418
422
420
420
418
423
423
417
422
423
420
421
419
420
417
426
422
421
422
420
422
424
422
421
423
422
419
425
422
421
421
423
421
422
422
424
419
424
418
423
420
425
418
424
422
416
424
422
421
421
423
422
422
425
419
421
424
417
423
420
422
419
420
422
417
427
420
424
422
419
424
420
423
420
424
422
420
422
425
418
425
419
422
424
419
423
423
423
420
422
424
418
424
420
423
419
427
418
421
421
420
422
424
416
423
419
420
422
420
420
421
423
417
423
422
420
419
420
419
417
426
417
420
418
418
421
420
420
417
422
419
418
423
425
416
424
418
420
421
421
421
420
424
417
424
425
418
427
418
424
423
424
420
424
424
422
425
422
420
426
420
423
423
424
423
421
422
418
427
421
423
421
421
425
423
423
423
423
423
421
425
422
423
425
419
423
423
418
424
419
421
423
421
421
419
418
418
421
425
418
422
418
419
415
424
416
421
419
417
420
419
419
416
420
420
417
419
423
415
421
418
419
417
420
422
415
421
414
421
416
423
416
419
418
414
420
418
419
416
420
418
417
419
422
415
422
418
416
419
418
420
418
421
416
422
421
421
419
422
421
419
427
423
423
424
422
429
428
427
427
425
430
428
427
427
428
430
428
429
427
430
429
428
431
427
429
428
426
429
429
425
426
424
428
430
424
431
425
429
432
425
431
426
429
433
425
430
428
428
431
427
428
429
428
429
430
429
428
426
427
432
428
428
429
424
430
427
427
427
425
430
427
427
424
428
426
427
429
423
430
427
426
431
424
431
432
427
432
429
431
430
429
434
433
433
433
431
434
432
434
433
430
434
431
433
433
430
433
435
430
431
429
432
433
428
433
430
432
433
428
433
427
429
430
427
432
425
428
428
425
426
426
426
423
430
425
427
427
426
429
426
425
428
426
430
426
427
425
427
427
427
430
425
429
428
424
428
431
425
428
426
426
430
423
428
425
427
428
428
420
423
428
421
431
422
424
422
419
425
422
421
421
423
422
420
423
423
418
422
418
422
419
423
416
422
420
417
422
420
418
418
422
419
417
420
420
416
419
416
420
420
419
418
420
419
416
419
419
418
417
419
417
415
424
416
421
420
416
422
420
418
417
420
419
419
420
422
418
421
419
422
420
425
419
421
423
418
423
424
416
423
419
418
418
421
420
417
422
418
421
418
420
420
418
419
416
422
419
419
419
421
421
421
423
422
420
422
420
423
425
421
424
422
421
421
423
424
421
423
421
424
424
421
425
422
424
423
429
422
426
423
419
427
424
421
424
420
421
421
423
420
421
421
418
422
423
419
422
422
422
417
428
419
422
422
418
423
419
421
416
423
422
419
421
424
419
421
421
424
419
422
421
419
422
421
422
427
420
425
424
424
423
425
425
422
427
423
428
426
426
425
423
428
426
431
424
428
427
424
430
429
425
432
426
429
428
432
426
429
429
425
435
427
431
430
427
429
431
424
432
427
429
429
426
430
429
426
427
428
426
428
426
422
430
425
422
427
424
420
423
422
424
422
423
419
424
420
420
420
422
422
419
423
420
421
421
422
420
417
426
422
422
421
422
427
422
425
420
427
423
422
426
425
421
426
422
424
426
421
424
426
424
422
425
423
425
422
425
427
426
427
424
428
426
427
428
430
427
434
427
434
435
428
437
430
438
442
437
447
440
448
438
443
438
437
444
438
439
438
437
438
437
435
434
433
436
432
433
432
427
436
427
431
429
425
431
429
428
427
424
431
428
426
426
426
431
429
424
430
429
427
429
428
427
433
430
425
431
428
424
425
425
428
430
421
429
425
425
427
425
426
428
430
426
430
428
429
430
427
430
429
426
431
427
430
428
426
430
424
430
426
428
426
427
428
425
429
425
429
427
423
431
427
426
426
425
430
429
425
428
425
431
427
426
426
429
429
426
429
424
430
427
425
429
428
425
427
422
430
426
423
425
425
429
425
426
424
427
426
426
423
426
427
427
424
427
429
425
428
424
430
430
426
432
425
433
429
427
432
426
432
428
433
429
429
430
426
434
426
431
428
423
432
428
427
428
425
430
427
426
429
423
425
426
425
423
424
426
419
426
425
421
421
422
423
421
421
422
423
422
420
424
423
420
422
421
423
419
419
421
419
421
418
420
419
421
417
420
419
415
425
418
420
419
417
422
419
421
417
422
419
418
424
421
418
424
419
422
418
425
421
422
420
420
422
424
419
423
421
422
421
423
424
419
425
419
425
422
424
421
425
423
417
427
420
421
421
420
424
420
423
418
424
421
421
422
423
421
423
417
424
421
427
418
425
422
419
424
426
419
428
421
426
423
428
422
426
424
422
425
428
420
432
422
427
425
427
424
428
428
425
428
425
429
425
425
428
428
427
426
425
427
431
422
431
425
427
426
426
423
425
424
423
430
425
423
424
420
423
424
421
425
423
423
420
422
424
418
424
419
422
419
423
419
422
419
417
422
420
418
419
419
421
417
421
417
417
419
417
418
421
417
413
416
418
413
423
419
416
417
418
418
417
419
416
421
417
418
420
422
418
419
420
420
417
421
422
415
423
416
421
417
426
417
425
421
421
425
424
423
423
424
426
422
424
420
425
425
420
425
425
420
425
420
424
424
423
424
424
424
421
425
427
419
427
422
426
423
425
420
425
424
423
427
422
427
426
421
428
425
423
430
423
430
426
428
428
427
427
424
432
426
432
428
427
435
429
432
430
428
433
430
430
431
427
433
430
428
429
424
429
429
425
426
428
428
422
427
427
422
429
423
428
425
428
425
425
425
423
431
422
428
426
422
430
429
426
426
425
430
426
427
424
427
427
425
427
428
426
425
424
430
428
426
427
428
428
427
429
427
428
431
429
427
426
429
428
427
429
426
430
427
428
429
431
430
429
426
430
433
426
430
428
430
434
425
431
427
428
432
428
429
430
429
427
433
427
426
430
426
430
430
426
427
425
427
429
422
430
424
427
425
429
422
424
428
422
431
428
424
428
425
428
429
424
429
427
426
430
427
429
430
428
427
431
430
428
431
426
430
431
424
432
425
427
428
430
425
428
427
422
431
425
427
425
424
429
424
426
422
424
426
422
424
425
420
423
419
424
423
422
422
423
421
419
425
421
423
419
422
422
419
422
424
418
424
420
423
420
422
421
421
421
418
424
423
422
421
422
422
418
425
422
422
422
422
423
422
425
419
427
422
423
426
423
422
420
424
429
429
422
431
424
427
428
427
429
427
433
430
432
431
431
432
435
430
436
436
431
434
434
433
436
435
432
438
433
436
436
432
438
434
436
434
436
433
436
433
430
432
432
431
430
432
428
430
427
430
427
429
428
429
429
427
428
422
427
427
429
422
428
422
428
424
425
425
424
422
421
428
421
425
423
420
429
423
423
423
423
426
423
425
423
426
426
423
426
425
422
424
422
424
429
420
429
420
424
424
430
423
427
429
424
429
426
430
429
429
435
428
434
434
433
436
431
435
435
435
433
438
434
433
435
436
436
436
433
431
430
439
433
436
433
431
438
428
430
429
430
435
428
430
430
425
436
430
430
435
432
433
433
433
432
428
435
431
431
429
429
434
431
861
426
435
434
431
433
430
433
432
433
433
431
433
434
434
436
433
435
437
434
438
434
435
438
432
438
435
436
438
438
437
438
434
438
433
435
435
434
431
431
431
431
431
432
429
436
432
434
432
432
429
429
428
431
427
433
426
431
429
431
429
430
430
429
426
435
426
427
429
424
435
425
430
428
424
436
426
429
429
425
432
426
429
426
426
430
429
427
430
426
429
431
425
434
427
433
434
433
431
436
442
438
440
437
442
447
441
446
440
439
440
438
435
443
438
438
437
435
438
433
435
436
438
433
436
431
436
429
434
430
430
435
428
433
433
431
431
430
430
430
432
426
431
425
430
431
431
428
430
431
427
433
431
431
427
434
428
434
428
428
429
428
435
431
431
433
430
431
434
429
436
431
433
432
429
434
430
432
434
430
436
429
437
430
432
434
433
434
428
430
435
429
431
429
430
430
431
428
429
429
428
426
428
426
428
425
425
429
428
423
430
422
429
423
429
423
428
426
425
427
427
424
427
425
427
430
423
432
423
430
427
430
425
425
428
429
428
430
429
430
428
431
431
430
432
427
434
429
433
432
429
437
430
435
433
430
439
430
436
432
431
438
433
434
434
433
439
433
438
433
435
438
433
438
436
436
437
434
437
436
438
436
438
434
438
436
436
438
438
438
438
438
440
438
442
439
440
439
437
442
438
436
433
439
438
436
437
436
432
440
435
438
436
434
441
436
440
436
435
438
434
437
438
437
438
437
438
441
439
438
439
438
442
440
439
440
437
441
438
439
438
435
443
435
439
438
438
441
435
440
438
436
438
436
438
437
438
436
438
436
437
439
436
438
438
438
443
435
442
438
441
442
438
443
438
440
442
437
440
436
439
436
437
437
436
438
436
438
437
434
437
437
434
430
436
437
435
432
434
432
435
435
429
437
432
437
436
432
432
436
439
434
437
438
438
431
438
436
436
439
435
439
436
440
438
438
440
438
443
440
442
440
446
442
447
443
447
445
439
447
441
443
440
444
442
438
448
440
443
440
442
442
444
439
443
444
439
442
439
443
440
443
441
442
442
444
442
445
444
440
447
442
446
442
446
445
442
452
446
447
448
448
444
448
447
449
449
445
448
444
448
445
446
444
445
443
448
444
446
442
446
447
441
441
447
444
440
442
439
449
443
444
444
445
441
445
440
447
441
444
442
441
448
440
443
441
442
442
442
440
442
442
441
441
440
446
443
442
442
439
447
439
442
441
440
443
442
439
441
444
439
445
439
443
439
442
442
441
444
443
441
441
441
440
439
438
440
442
437
444
438
440
440
435
442
436
438
438
435
435
430
441
436
435
436
433
438
435
435
435
433
437
437
435
436
435
438
435
435
433
433
438
438
436
435
434
438
438
435
436
436
438
438
437
438
435
440
437
439
438
435
443
438
440
439
439
443
439
441
439
441
439
441
438
438
440
441
438
439
440
439
435
438
437
438
439
437
440
437
440
439
439
441
437
441
439
440
440
438
440
439
437
441
437
440
441
437
442
438
442
441
440
442
439
442
439
440
439
441
442
439
440
439
440
437
442
438
438
439
434
439
434
439
437
432
438
434
436
436
435
434
434
434
434
436
434
434
434
433
438
434
436
434
434
438
436
435
436
436
437
437
434
438
438
435
437
434
440
437
872
435
439
435
438
438
434
438
436
437
436
436
438
437
439
438
437
439
438
438
438
438
437
439
438
440
443
437
443
437
442
442
438
441
437
442
435
438
440
435
439
438
434
442
435
439
438
436
438
434
439
438
438
437
438
440
438
438
441
439
438
438
438
439
436
437
439
437
437
440
437
440
437
434
437
433
439
438
432
440
433
436
437
433
439
435
438
436
436
435
435
438
435
434
435
434
436
436
435
438
434
438
437
434
439
434
438
437
435
437
436
437
435
436
435
435
439
436
435
437
435
435
436
432
436
431
430
433
438
429
434
434
430
429
434
426
427
429
432
430
427
429
429
430
426
430
424
429
429
427
429
430
426
430
425
428
429
427
430
427
428
427
432
428
432
431
427
436
433
432
437
432
439
438
443
440
445
450
450
451
453
448
446
448
443
446
448
439
446
438
441
440
434
441
435
438
438
433
438
433
436
432
433
433
431
430
428
433
427
430
429
424
431
426
426
428
424
424
427
422
425
423
425
422
426
425
421
424
422
424
422
428
421
426
426
422
425
426
421
427
422
423
424
425
423
424
425
423
427
426
422
429
425
427
426
429
427
428
429
427
429
431
426
431
428
433
428
431
429
428
427
431
435
425
433
428
428
431
430
429
429
429
432
430
429
431
432
430
431
431
431
431
433
431
436
433
436
437
433
438
438
436
438
433
440
435
436
437
434
438
438
432
439
433
436
435
433
436
430
438
437
437
438
437
439
437
436
438
437
438
440
435
440
439
435
436
438
440
437
438
439
432
442
431
438
440
436
438
435
441
438
436
437
436
439
440
436
438
437
438
441
435
438
436
438
438
437
439
435
438
437
436
437
434
439
435
438
436
433
438
435
868
433
437
436
430
438
432
436
436
431
437
432
438
437
435
434
436
438
438
435
439
435
439
438
437
441
438
439
439
438
440
438
440
442
438
445
438
443
439
440
441
439
442
442
440
440
439
442
440
441
442
440
441
441
442
440
439
441
439
441
439
437
445
437
441
437
438
443
437
441
438
437
441
435
439
438
438
438
437
437
441
437
441
444
439
443
443
886
445
446
448
447
444
446
449
454
451
454
456
456
451
453
454
456
450
451
453
455
453
451
456
455
456
452
454
455
461
459
452
456
454
456
457
461
459
461
461
465
466
464
468
473
467
934
468
468
467
471
472
467
471
478
479
480
492
504
498
494
498
501
500
494
494
497
493
491
499
517
524
550
564
564
562
563
566
558
545
538
540
544
535
542
548
571
577
580
572
558
554
554
556
548
551
562
573
567
573
573
568
558
561
567
557
552
556
548
544
552
549
549
556
560
562
563
571
580
572
578
580
578
567
565
564
563
563
554
551
551
547
543
545
551
551
547
545
543
538
534
534
536
532
531
538
548
556
559
569
580
572
573
570
567
562
553
545
542
544
555
564
567
575
590
599
593
596
605
603
589
580
582
570
565
569
568
565
571
584
604
603
605
600
592
592
603
607
603
611
629
641
638
637
637
628
614
609
601
589
587
596
605
609
623
639
640
636
641
651
650
647
652
655
651
648
658
672
682
675
671
668
662
653
641
633
625
619
611
605
605
596
590
590
592
587
586
591
604
607
605
607
611
615
618
618
621
629
643
639
637
641
642
636
632
631
638
639
643
635
629
614
603
603
605
609
618
614
618
628
642
645
646
645
649
652
651
638
641
647
662
660
657
663
668
653
634
618
607
594
589
584
579
572
578
579
581
576
579
584
587
588
588
592
587
585
591
600
604
614
625
642
653
661
650
645
651
658
643
624
610
600
602
609
607
599
591
584
575
571
570
573
570
569
572
580
587
588
591
597
615
628
630
639
640
644
636
629
633
640
640
640
636
648
650
658
658
653
657
655
657
648
653
651
655
651
650
655
652
647
648
639
636
631
632
638
637
629
619
611
604
605
609
611
610
622
629
632
630
639
649
651
652
656
663
675
668
663
666
672
672
669
673
675
678
673
661
661
660
667
661
665
673
678
677
680
678
680
674
668
662
660
662
667
665
666
675
672
665
655
655
662
666
665
662
668
686
679
667
676
673
668
658
639
626
615
612
614
620
623
628
640
648
652
646
646
649
646
646
644
645
648
654
652
648
648
654
659
654
647
640
633
633
633
630
639
644
656
657
659
664
667
664
663
656
668
673
672
663
667
672
676
669
662
659
651
643
630
625
627
630
631
625
619
617
623
638
645
647
647
660
669
670
673
670
660
656
664
680
694
694
698
708
710
704
691
679
678
679
676
675
670
683
695
692
687
686
690
683
677
673
674
684
683
673
656
659
657
661
661
668
661
646
640
641
639
634
630
634
631
636
634
627
621
615
615
612
612
617
627
636
641
645
656
665
673
675
665
653
647
640
639
639
639
641
649
660
665
664
676
679
685
680
682
684
689
689
685
680
678
661
652
646
631
630
630
626
620
616
612
606
600
596
588
584
578
576
566
563
571
591
619
648
677
742
738
687
661
652
639
624
619
615
606
598
592
590
586
582
590
601
608
612
613
609
601
607
612
607
600
593
588
583
580
580
581
584
593
601
615
625
646
668
688
697
704
688
676
651
636
627
636
649
662
660
663
675
690
678
661
665
670
668
666
663
675
674
669
677
692
699
691
687
683
690
703
699
692
690
689
690
690
688
688
699
704
704
694
687
688
679
673
662
657
659
673
668
660
655
656
655
649
646
643
646
648
650
646
652
653
663
663
661
663
669
672
682
676
675
679
680
682
678
675
667
671
679
682
679
678
684
690
679
678
680
689
696
687
681
682
689
695
706
701
715
705
714
696
694
693
700
695
686
680
679
686
686
687
687
688
686
685
680
680
677
675
668
672
678
677
673
661
654
646
648
652
663
680
693
691
690
699
701
691
680
671
670
669
669
670
678
689
690
682
691
700
697
689
686
684
677
679
674
673
688
700
701
694
688
690
695
697
691
685
688
694
691
686
688
697
709
701
706
719
714
709
702
705
716
722
719
714
709
712
714
714
709
718
719
725
712
707
709
706
702
698
707
703
691
684
679
670
651
641
634
636
644
649
637
634
634
635
635
635
633
626
619
606
605
603
598
589
584
580
579
576
577
579
579
580
580
583
585
586
590
591
594
599
602
597
591
586
590
599
615
622
653
695
702
694
694
700
694
679
669
674
667
660
659
673
709
709
698
685
674
679
668
657
660
669
673
676
677
699
707
701
705
709
727
724
708
708
699
696
709
707
695
685
693
714
715
714
710
719
711
696
688
679
670
653
653
653
654