693
691
701
699
715
719
719
721
715
719
709
699
717
703
703
686
663
655
651
649
654
660
681
687
683
663
654
646
646
647
641
643
646
672
711
711
703
703
754
779
779
763
750
712
695
688
683
681
684
685
688
711
736
727
769
762
773
730
739
731
736
705
702
687
673
669
666
653
670
684
681
686
669
640
1239
612
599
593
586
581
565
592
565
537
584
554
555
543
545
538
539
533
510
546
518
525
521
513
514
509
509
503
499
481
518
499
495
486
493
489
488
488
490
486
485
492
484
482
491
486
481
491
482
488
484
486
484
484
485
487
484
493
494
494
503
497
494
499
486
487
490
488
491
485
486
485
483
485
482
480
478
479
478
479
476
477
479
478
476
476
477
474
475
474
474
475
476
471
470
470
471
473
468
468
471
468
473
467
465
470
464
468
467
464
467
465
467
462
461
459
460
464
459
462
455
461
462
459
458
457
456
454
458
459
462
456
457
460
458
458
456
456
456
457
454
461
452
457
457
456
454
453
452
453
455
449
455
450
456
452
452
452
455
451
453
449
454
456
454
452
453
451
459
451
452
455
455
453
450
456
453
453
451
456
450
450
449
453
453
451
448
454
448
452
450
450
450
452
448
452
449
455
452
452
452
454
452
455
450
454
454
456
448
452
449
453
449
452
452
453
447
453
449
456
448
455
453
455
449
454
448
457
447
453
451
451
449
446
448
453
445
449
450
449
444
450
441
450
443
445
444
446
448
445
444
445
446
442
447
440
450
442
446
446
447
443
447
443
445
450
449
446
447
451
447
450
447
449
444
448
441
450
444
443
446
445
445
449
445
446
442
447
445
441
444
441
447
442
444
445
446
442
446
446
446
445
444
450
442
441
450
445
446
447
442
451
441
449
448
447
444
448
446
447
442
448
445
445
448
442
444
444
445
445
444
441
445
443
447
442
443
449
443
445
446
449
445
446
445
450
447
449
452
458
458
460
455
459
456
455
454
452
453
454
447
450
448
449
447
446
447
446
444
448
446
445
446
445
445
441
447
446
443
442
445
444
441
440
445
438
440
444
438
441
439
439
442
438
441
441
445
440
444
441
445
442
442
444
443
444
441
447
446
442
442
447
443
444
443
446
445
444
445
444
449
447
446
445
450
445
447
443
450
445
445
446
448
446
446
448
447
448
446
446
445
449
444
446
449
446
444
447
447
444
446
443
448
441
446
444
443
444
442
440
441
447
440
443
440
446
443
446
442
440
442
439
444
441
442
443
442
444
445
446
441
447
443
443
442
448
440
440
444
440
438
441
441
438
440
438
440
440
436
440
437
441
440
436
441
437
439
437
436
438
435
435
434
434
433
430
437
434
431
435
433
432
430
431
429
432
428
428
435
428
429
430
430
434
430
430
433
430
430
432
431
433
431
435
434
432
433
431
436
434
433
436
433
432
431
435
431
432
434
434
437
430
437
437
434
434
432
438
434
435
434
436
436
437
434
438
430
434
435
434
433
430
437
435
430
433
431
436
431
433
437
435
431
435
434
439
434
437
434
435
438
438
431
440
433
438
437
431
437
438
437
435
435
438
433
435
435
433
436
433
435
435
430
438
436
434
433
433
435
432
434
435
438
435
436
437
438
443
439
447
449
450
448
445
443
446
442
439
439
438
438
438
435
437
430
432
433
425
431
430
426
427
426
424
423
422
418
424
414
420
418
417
415
413
412
415
410
408
412
408
407
406
408
406
405
407
402
405
404
404
402
399
408
402
399
401
401
404
398
397
403
400
396
399
398
401
396
397
400
398
397
396
397
399
394
396
397
398
392
397
397
396
396
391
398
396
392
396
396
394
394
395
395
395
396
390
395
392
393
397
395
393
396
396
394
393
394
396
397
390
391
395
394
395
389
395
394
393
391
391
393
392
389
393
393
392
388
394
395
392
391
392
391
393
390
392
389
393
391
394
389
389
393
394
392
392
393
395
390
392
394
391
391
391
392
389
389
391
392
388
389
391
392
389
388
391
392
388
388
389
391
387
387
389
392
387
385
387
390
386
392
389
386
387
389
392
387
388
387
387
386
389
388
388
385
385
386
386
385
385
386
390
384
387
389
385
385
391
388
384
389
391
385
388
388
391
383
390
389
389
385
388
388
385
389
386
386
392
386
386
392
385
386
385
389
387
382
388
386
386
384
388
386
379
389
385
387
382
383
386
384
383
385
385
381
386
380
384
386
382
382
382
387
382
377
387
383
381
379
381
383
383
376
382
380
379
383
383
380
378
384
380
380
383
379
385
379
377
383
382
379
378
383
383
378
378
383
383
379
380
379
384
381
377
379
383
381
377
380
382
381
378
378
380
378
379
377
381
380
377
378
379
383
376
378
379
380
377
378
378
379
376
376
377
381
378
373
382
379
378
377
379
380
377
375
380
377
377
376
380
382
377
380
380
378
381
380
379
381
379
380
379
384
382
382
381
381
381
382
379
384
381
383
379
380
385
380
380
383
383
381
382
382
383
381
382
381
381
386
381
379
383
383
378
379
382
383
379
378
384
377
380
380
381
377
379
380
375
380
380
378
376
377
377
380
375
376
379
378
377
372
377
379
375
373
377
376
377
374
375
375
378
373
374
377
376
378
373
376
378
376
373
375
377
372
377
375
379
375
376
376
376
376
376
377
377
373
377
378
372
377
376
374
375
376
377
377
372
375
381
373
376
377
375
373
376
378
374
376
378
377
378
378
373
378
381
379
376
378
376
379
385
385
381
380
383
386
388
378
384
388
387
385
386
386
385
390
392
394
392
388
392
391
396
398
391
396
399
399
397
398
403
405
401
403
408
410
410
409
415
418
417
415
420
420
418
424
424
422
421
425
432
432
431
438
445
446
442
449
460
459
459
464
471
469
463
464
471
469
463
468
468
468
464
467
468
462
470
477
477
479
478
492
495
494
500
506
503
499
503
508
504
504
508
507
499
501
500
496
492
493
490
487
487
493
496
492
498
508
508
503
508
510
508
504
506
507
502
501
506
514
513
515
521
526
526
524
527
530
530
525
527
531
536
534
530
526
534
532
532
530
533
535
533
537
542
538
530
525
524
519
513
508
504
502
504
507
505
507
517
521
517
518
524
521
518
512
508
503
503
500
504
507
505
508
508
515
518
520
522
528
528
527
526
533
531
533
536
534
530
533
535
532
528
529
529
525
524
521
521
515
517
515
513
513
517
521
518
521
523
525
523
526
525
527
526
529
530
533
528
536
536
538
536
537
539
534
538
536
537
536
540
538
537
535
538
539
541
543
547
547
551
550
552
552
552
551
550
548
546
540
539
533
532
527
522
525
521
520
521
524
521
525
530
531
531
533
534
542
548
554
551
549
546
547
546
544
545
544
543
547
548
554
549
554
552
553
547
549
547
549
545
546
547
547
545
546
546
545
544
543
540
540
536
537
537
537
535
537
539
538
538
536
536
536
531
531
530
529
528
528
528
530
532
537
538
538
541
536
540
542
545
543
550
549
553
550
552
551
553
546
547
548
547
544
543
546
537
532
529
532
521
521
515
513
510
503
503
504
495
490
491
488
485
481
478
482
474
473
469
469
470
463
465
460
453
461
451
452
454
450
445
447
446
443
443
442
439
438
438
438
438
430
435
436
431
430
431
430
425
425
427
424
424
419
425
416
421
419
421
416
415
414
416
410
414
415
414
410
410
410
410
409
405
409
405
408
407
401
408
401
408
404
400
404
400
402
400
398
403
397
399
397
401
394
400
396
395
399
395
394
396
394
396
394
396
391
395
393
390
397
392
390
395
393
391
390
392
392
391
393
390
392
389
395
390
391
392
390
393
391
394
389
388
392
389
395
391
393
387
395
391
391
393
390
390
391
392
389
388
393
393
389
390
391
389
387
392
395
388
389
391
392
388
390
392
389
388
390
392
389
391
388
385
390
390
388
385
389
390
387
388
388
387
385
386
388
392
382
388
386
383
390
388
385
384
389
383
383
387
388
384
383
387
386
385
385
384
390
384
384
387
385
384
383
388
385
383
383
386
382
383
385
383
383
383
384
382
380
385
381
385
385
384
382
382
386
381
384
381
389
384
382
386
384
384
382
387
385
383
382
388
380
384
385
386
382
385
383
384
383
385
382
388
385
383
382
387
381
383
384
385
385
382
382
383
381
384
381
384
380
382
381
384
377
380
382
379
381
379
385
380
380
380
383
379
380
382
382
378
381
382
380
378
381
379
384
377
379
378
383
378
377
381
381
377
377
380
380
380
378
377
379
379
380
377
380
378
377
377
379
374
376
379
377
375
374
377
377
377
377
377
373
378
377
374
376
374
376
377
373
376
377
374
368
381
376
376
373
375
376
374
376
377
373
374
377
375
379
374
377
375
379
377
374
375
376
376
378
377
375
376
375
377
381
379
376
373
380
376
377
376
379
378
376
379
379
373
381
377
377
378
376
379
382
377
375
377
379
379
380
377
380
376
378
381
378
375
380
379
378
378
376
379
381
376
377
377
376
380
378
376
377
376
380
378
375
376
379
375
376
378
376
374
379
373
376
377
376
377
378
377
375
378
378
377
375
377
379
378
381
375
377
381
382
381
381
377
386
387
384
380
387
387
387
383
386
387
393
396
390
390
395
394
394
390
394
397
392
398
398
396
394
398
399
401
397
400
404
406
404
406
412
413
409
411
417
422
422
421
427
432
432
430
432
434
438
431
438
438
433
433
439
443
443
445
455
459
457
462
472
476
474
475
479
475
475
472
471
467
462
465
473
474
476
473
479
486
497
493
498
503
504
500
503
508
509
506
512
518
514
518
516
514
506
507
506
505
516
520
519
521
531
529
528
533
533
528
529
532
527
526
534
528
524
529
533
528
531
536
534
535
536
534
532
531
533
531
528
533
538
540
546
544
545
543
538
529
522
520
518
509
506
503
496
495
499
501
499
509
516
517
515
519
518
514
516
515
513
516
521
521
521
524
530
529
528
530
531
527
529
529
525
523
525
529
528
523
524
524
524
522
527
529
527
530
532
533
526
532
534
534
529
532
532
527
530
533
531
528
529
527
524
526
524
522
528
529
530
524
529
528
527
525
528
528
527
526
528
532
531
530
532
534
534
535
537
543
544
544
546
549
548
547
544
544
538
534
535
530
533
534
538
536
541
544
545
544
547
546
543
541
542
543
544
545
545
548
547
546
546
541
545
541
543
539
542
544
540
540
538
541
535
537
536
538
539
540
541
543
539
542
542
543
541
546
548
548
547
549
550
550
546
546
540
540
534
532
533
527
526
527
529
526
528
531
535
533
539
542
543
541
548
550
548
549
548
547
546
544
545
544
544
540
540
540
537
534
537
534
537
535
536
532
533
536
532
533
531
528
527
532
526
527
520
522
515
516
509
509
502
504
500
493
495
490
488
485
489
479
478
477
474
473
471
473
468
464
462
460
456
454
453
452
448
447
445
442
439
437
438
435
432
435
427
428
428
429
423
422
424
422
423
419
421
419
418
417
416
419
418
416
416
415
414
413
412
413
419
409
415
412
415
412
412
411
409
414
409
414
410
409
413
407
411
411
407
409
412
406
405
403
410
408
402
406
404
406
403
402
404
398
404
399
403
397
400
398
396
401
398
797
393
397
393
401
390
397
396
392
396
394
396
388
396
392
391
392
391
389
392
388
391
386
392
391
386
387
387
392
385
386
385
387
380
387
385
382
381
384
383
379
381
384
379
382
380
385
381
378
381
383
377
379
382
382
380
379
378
383
379
381
378
383
378
277
457
388
379
385
381
380
383
378
380
384
379
377
383
379
378
380
379
379
383
376
377
381
380
377
380
376
383
377
375
379
380
375
377
378
375
384
378
376
376
378
378
378
381
376
379
377
379
379
375
380
379
379
377
379
381
379
377
379
380
379
380
380
379
380
379
383
380
377
381
380
379
384
379
380
383
381
379
385
381
381
380
381
381
386
380
379
385
382
379
381
380
386
380
381
380
381
382
379
382
379
379
380
381
377
378
379
377
379
377
378
381
378
376
377
376
379
378
377
378
373
377
378
378
374
375
379
375
375
374
377
377
374
377
377
374
373
377
374
375
374
378
375
375
375
377
373
376
375
377
373
377
372
377
378
378
372
374
754
374
376
375
374
375
374
379
375
373
376
374
374
376
375
375
373
373
379
374
373
376
376
376
374
372
374
375
374
373
376
371
373
377
374
377
370
375
372
376
375
372
372
370
376
373
375
371
374
372
376
375
370
374
371
372
376
375
371
373
372
375
374
370
372
373
371
374
375
373
375
371
374
373
378
371
371
374
374
374
374
377
371
375
371
377
373
370
372
374
372
374
375
371
373
371
375
373
371
372
370
374
378
370
370
375
372
373
370
373
375
371
373
371
374
374
373
373
374
370
374
372
377
372
372
373
372
374
373
372
371
374
372
371
373
374
371
372
373
376
375
373
374
371
378
374
376
377
378
376
375
378
380
376
379
378
383
379
379
382
381
377
380
384
384
381
385
385
381
384
384
388
380
388
386
387
383
387
390
386
388
388
387
386
394
390
388
390
390
389
390
389
391
388
391
394
393
391
387
397
394
392
394
396
390
394
394
398
396
396
398
396
395
402
399
396
399
397
400
396
397
402
398
396
404
401
400
404
403
400
404
408
406
400
411
407
406
406
408
407
408
406
407
406
409
408
404
405
404
409
407
403
411
406
409
406
411
407
407
411
408
409
414
411
409
411
413
409
411
407
412
412
410
406
412
413
413
411
410
414
412
411
410
412
418
411
414
417
416
412
416
418
417
416
421
419
417
420
422
420
418
424
422
418
419
423
422
418
424
423
420
424
430
425
426
430
437
439
438
438
435
436
436
435
431
431
433
428
436
429
427
430
426
426
428
427
425
428
429
426
423
426
425
425
421
427
423
420
425
419
420
418
425
420
422
418
419
422
425
421
423
420
421
419
427
424
421
423
420
422
422
423
418
423
424
419
420
421
420
416
417
421
418
418
422
414
419
419
420
417
418
420
417
422
419
423
419
419
423
423
421
420
428
422
424
424
421
424
422
426
418
424
425
419
421
422
419
420
423
425
421
422
422
425
423
422
428
425
422
429
424
427
425
432
426
430
431
426
429
427
425
431
424
425
426
429
423
427
425
423
429
424
425
424
423
426
428
425
425
425
422
424
430
423
426
428
423
427
428
424
423
425
431
424
425
425
427
425
423
425
427
424
427
425
429
424
424
429
424
424
422
430
425
426
429
425
426
426
428
426
429
431
429
428
431
430
433
430
436
429
433
433
429
432
434
430
434
430
434
430
431
430
431
433
435
429
434
432
430
431
432
427
431
430
428
427
428
430
427
425
430
427
424
426
425
424
423
428
422
423
425
423
427
427
419
427
424
426
422
423
424
424
425
420
427
424
424
426
422
426
425
429
421
428
428
423
426
428
422
425
424
427
422
422
424
422
424
422
422
420
423
419
421
421
418
423
420
419
421
421
421
419
419
419
416
420
418
421
417
418
421
418
421
419
423
421
418
422
423
421
419
424
426
419
425
422
422
421
429
421
421
425
418
428
427
423
423
423
423
419
426
423
419
424
418
421
419
426
418
419
421
417
418
416
425
417
419
419
420
420
420
419
420
420
421
420
423
423
421
421
422
422
421
425
421
422
422
422
424
422
421
425
420
423
424
425
424
422
425
424
425
421
428
425
425
423
422
424
425
425
422
426
422
420
425
420
421
420
423
421
421
420
422
421
420
417
423
419
418
420
423
418
421
423
422
419
422
422
417
420
427
420
419
422
417
419
416
418
416
417
416
416
417
416
414
417
416
412
417
417
411
414
412
415
408
413
413
407
411
407
415
408
408
411
408
411
408
412
409
410
410
411
409
412
414
409
412
416
408
417
414
413
415
416
418
415
419
416
417
418
419
423
417
424
421
418
428
434
431
430
433
431
434
436
426
434
429
429
433
429
426
429
428
429
427
425
428
425
423
430
426
427
425
428
430
428
426
429
427
428
425
431
427
428
428
425
430
430
430
428
430
432
431
430
431
433
429
432
433
435
430
437
432
436
434
432
434
432
436
432
434
434
435