952
971
1046
1206
1230
1138
1076
1056
1126
1317
1256
1294
1248
1153
1129
1201
1159
1146
1164
1134
1085
1106
1304
1389
1275
1231
1138
1111
1135
1231
1365
1324
1242
1111
1112
1176
1289
1318
1223
1144
1145
1207
1152
1145
1097
1046
1069
1146
1235
1188
1106
1067
1101
1149
1158
1117
1048
1027
1070
1104
1218
1222
1150
1091
1108
1158
1143
1142
1123
1148
1153
1174
1129
1068
1030
1057
1157
1171
1196
1129
1062
1053
1072
1080
1037
1002
985
1027
1103
1201
1202
1139
1131
1184
1157
1109
1135
1163
1164
1124
1114
1141
1197
1151
1186
1306
1274
1189
1213
1302
1352
1249
1300
1242
1184
1176
1229
1249
1225
1272