1026
999
1097
1169
1138
1041
1033
1017
1009
993
1016
1045
1009
999
1061
1055
1069
1006
1046
1217
1321
1217
1205
1216
1148
1079
1015
1030
1098
1069
1115
1251
1098
1070
1163
1197
1117
1057
1105
1174
1123
1052
1061
1084
1078
1052
1043
1072
1088
1092
1067
1127
1165
1126
1052
1146
1264
1170
1112
1175
1228
1107
1154
1223
1196
1130
1229
1170
1072
1087
1140
1165
1113
1151
1166
1117
1159
1183
1121
1063
1091
1098
1092
1113
1255
1194
1092
1110
1139
1082
1060
1100
1108
1034
997
938
955
941
912
916
957
983
977
1046
1072
1051
992
1002
1064
1065
1045
1056
1104
1104
1092
1104
1126
1088
1007
973
1001
1146
1154
1081
1118
1125
1124
1175
1139
1050
1025
1053
1063
1029
1024
1213
1254
1123
1052
1097
1228
1236
1176
1310
1214
1112
1087
1121
1079
1056
1124
1224
1170
1118
1166
1139
1088
1132
1170
1124
1146
1204
1127
1129
1222