873
888
825
879
881
877
870
984
982
915
981
1006
997
950
1042
1024
928
1002
970
931
939
974
958
902
1014
986
915
997
985
913
987
1012
938
969
991
917
926
990
983
919
993
996
921
1037
1027
940
990
998
969
921
973
966
901
960
941
882
946
946
896
886
892
868
859
815
866
847
798
808
786
742
745
766
800
790
785
783
779
771
764
779
806
844
829
907
946
873
872
876
864
804
800
795
799
775
810
864
868
845
884
946
925
900
867
822
811
813
824
864
923
894
910
936
938
891
961
1000
921
975
978
915
906
950
979
925
988
1036
945
985
1022
966
940
969
898
901
871
834
823
815
852
872
852
840
865
900
906
900
942
964
934
913
949
968
873
1005
1060
1071
1044
1119
1061
975
1047
1045
948
1056
1046
952
1035
1038
964
1062
1035
964
1038
1011
932
986
1012
920
1001
1007
965
968
1011
993
936
1007
1039
949
917
972
987
905
1002
1042
937
1023
1057
945
1032
1042
936
917
951
985
883
951
965
911
924
1019
1075
946
1032
914
851
835
806
789
794
766
815
839
814
775
753
747
735
740
754
761
772
746
757
747
756
764
797
848
844
838
917
982
985
986
998
989
957
942
876
905
941
1023
974
950
1048
1066
988
1077
1089
960
979
981
906
893
910
918
938
1049
940
904
968
973
894
916
932
939
874
977
966
957
910
967
957
859
850
779
764
821
874
974
1052
1061
945
1023
996
933
977
941
884
910
940
925
948
992
920
979
1003
940
923
934
899
880
856
884
856
934
982
901
931
900
845
852
853
834
831
853
861
841
865
878
879
857
873
865
825
825
828
812
819
848
840
813
793
778
755
787
836
834
890
894
852
867
894
881
857
885
882
857
906
920
882
888
929
883
876
915
907
919
890
845