1063
1055
1097
1218
1221
1202
1162
1094
1109
1276
1361
1195
1149
1113
1140
1192
1271
1300
1168
1127
1133
1285
1374
1298
1165
1130
1167
1421
1423
1271
1202
1324
1442
1418
1281
1155
1236
1435
1423
1252
1200
1295
1359
1345
1212
1382
1368
1201
1146
1161
1094
1059
1028
1030
1041
1108
1182
1100
1092
1039
1001
997
1024
1138
1186
1158
1136
1104
1083
1206
1401
1384
1336
1227
1294
1365
1355
1317
1234
1315
1427
1338
1262
1304
1474
1428
1321
1302
1412
1384
1254
1293
1437
1477
1336
1362
1467
1343
1234
1308
1411
1300
1201
1256