1261
1232
1173
1135
1073
1023
1055
1116
1154
1151
1166
1152
1111
1086
1005
988
1025
1027
1004
971
972
992
1040
1047
1063
1010
981
993
1073
1208
1165
1107
1036
1059
1162
1230
1204
1088
1042
1073
1312
1284
1140
1097
1163
1123
1143
1093
1161
1211
1222
1154
1113
1142
1209
1236
1183
1121
1086
1153
1192
1129
1041
1034
1073
1137
1153
1117
1064
1103
1152
1146
1108
1148
1162
1157
1064
1079
1129
1231
1187
1138
1207
1244
1185
1242
1300
1267
1177
1175
1217
1259
1181
1181
1194
1160
1140
1203
1212
1146
1094
1134
1185
1091
1177
1278
1220
1091
1138
1186
1262
1139
1142
1225
1202
1109
1130
1150
1233
1136
1137
1157
1213
1136
1141
1211
1306
1146
1202
1235
1188
1099
1136
1172
1183
1087
1114
1177
1147
1129
1193
1262
1169
1143
1190
1313
1251
1170
1218
1252
1199
1187
1157
1117
1223
1318
1166
1156