920
882
902
929
929
917
877
863
822
821
887
912
863
849
845
861
865
876
888
870
872
849
867
912
934
938
896
873
882
879
870
844
802
775
784
792
801
806
776
758
771
778
799
797
782
772
785
753
734
726
732
733
735
728
717
720
722
726
719
712
714
723
730
750
748
751
756
758
746
729
722
729
738
733
724
733
738
733
725
743
746
747
729
708
735
748
745
728
743
763
743
729
732
743
733
724
715
732
733
721
707
705
720
730
724
714
709
724
733
730
714
693
699
714
729
745
731
725
716
730
764
761
773
760
738
729
732
740
736
747
753
749
737
736
755
771
768
761
749
770
772
768
751
745
746
743
726
722
753
763
770
798
783
786
760
732
722
770
772
789
799
803
786
757
746
761
759
763
788
788
796
783
766
777
769
775
766
759
749
752
753
760
756
747
753
766
772
759
754
750
763
774
762
739
720
729
748
761
763
742
729
741
756
757
751
723
714
727
752
779
777
779
757
753
758
758
758
762
739
729
727
700
720
759
793
780
813
803
794
789
779
789
805
813
797
799
821
817
827
822
798
787
793
774
776
777
778
788
783
802
805
769
754
752
753
760
770
775
766
771
786
809
800
780
779
783
790
795
795
767
751
752
764
756
765
749
748
763
751
773
762
752
739
738
733
703
685
716
732
744
729
713
696
697
717
728
741
735
722
712
721
731
728
729
722
713
726
727
732
724
714
704
712
722
726
724
720
714
723
721
735
731
732
724
718
717
723
728
712
690
694
710
738
756
742
716
705
704
711
729
732
726
716
726
729
723
717
698
683
681
689
703
703
701
688
677
680
697
713
717
717
710
717
712
711
690
670
659
659
676
693
701
694
684
669
679
700
709
726
721
710
717
710
688
664
658
658
669
689
697
707
692
693
718
717
718
707
713
725
719
705
693
718
723
728
720
709
713
717
733
743
759
746
731
720
726
735
741
751
734
738
740
733
736
738
754
755
753
733
718
715
703
686
672
1415
695
687
688
676
675
664
672
685
682
673
678
691
699
702
694
688
682
692
696
698
693
688
682
676
700
718
730
729
704
679
674
679
716
742
762
774
749
743
740
731
726
705
693
680
712
724
753
757
767
762
757
742
724
715
719
718
729
725
714
699
697
702
713
709
703
695
689
680
671
679
688
717
745
747
731
714
709
705
688
701
692
698
697
694
694
694
702
707
710
723
715
706
693
691
690
687
676
661
655
686
683
688
685
673
664
656
667
675
681
674
660
649
636
630
629
655
668
674
673
664
646
635
615
609
604
625
653
658
672
668
658
644
629
623
618
614
627
651
661
666
672
653
648
643
633
620
614
610
621
635
642
654
646
633
619
611
605
604
596
597
596
603
610
615
620
619
614
611
604
599
592
586
580
579
575
583
602
604
611
615
615
603
592
586
581
578
576
575
576
586
601
616
616
605
599
587
581
576
580
584
597
632
633
646
644
626
618
606
600
604
614
642
620
606
597
593
592
604
620
629
621
622
614
610
606
606
611
635
671
662
669
656
637
624
606
597
593
591
603
626
627
636
636
620
613
604
601
597
595
604
620
631
647
640
627
621
604
597
596
598
610
649
653
665
661
647
632
620
608
604
590
589
605
624
612
608
604
614
641
659
663
652
637
624
614
603
601
611
631
635
623
619
611
612
603
605
620
638
651
655
654
643
632
622
612
601
596
614
642
645
649
625
608
598
592
594
608
622
638
633
620
631
627
627
618
628
620
604
595
589
583
587
594
629
666
662
658
641
620
607
598
594
600
627
640
653
647
636
622
609
601
598
598
614
636
629
616
605
601
598
593
603
612
621
621
608
610
614
631
649
648
630
629
628
626
629
622
629
634
631
618
599
582
593
619
611
607
586
572
574
585
586
589
586
579
564
559
563
569
572
579
570
561
551
548
557
557
560
557
556
548
543
538
534
534
540
552
558
556
556
549
545
540
538
537
540
549
557
558
553
544
544
537
533
530
534
537
544
544
545
539
537
535
531
528
527
534
542
544
548
540
536
535
533
530
528
533
545
553
554
552
549
542
538
534
531
532
538
543
543
538
537
534
532
534
537
540
536
532
526
522
519
518
521
497
563
501
559
527
519
517
514
517
526
533
534
531
526
521
518
515
517
524
526
523
522
517
513
507
506
502
505
512
520
521
522
521
519
514
513
512
510
515
520
523
524
521
516
514
508
506
507
515
518
519
516
510
507
503
503
506
513
513
512
507
506
504
504
502
515
514
512
508
503
501
497
497
507
516
515
509
506
498
497
495
499
503
505
502
499
496
496
500
504
503
499
496
492
494
499
504
504
500
498
493
492
494
500
507
510
508
503
501
499
502
507
511
506
505
499
499
494
497
513
519
517
510
509
502
499
494
496
500
515
518
516
515
508
506
501
498
497
506
512
515
512
508
501
499
493
492
491
493
504
507
507
502
498
491
490
489
489
496
501
499
499
495
491
490
488
488
501
504
505
501
501
496
494
489
488
488
499
507
507
502
498
496
491
489
487
490
500
508
509
509
505
499
498
494
494
497
504
506
507
504
501
496
495
493
491
501
513
512
515
516
510
507
503
501
500
506
518
520
521
517
512
506
510
510
512
515
517
513
516
516
508
502
505
521
523
524
519
516
507
505
505
516
505
498
496
489
492
495
500
496
493
486
485
479
479
479
483
485
487
481
480
477
478
479
485
484
484
481
479
475
474
472
479
480
484
482
480
476
475
471
472
471
476
477
479
478
476
470
470
466
468
467
473
472
473
469
467
465
463
462
465
467
469
467
460
460
455
454
455
460
459
458
454
453
452
451
451
453
455
450
450
446
446
450
453
449
449
445
443
376
509
451
445
447
443
441
438
438
442
444
445
443
440
437
437
436
439
439
440
439
437
436
433
436
436
436
434
433
431
430
433
432
434
431
430
428
428
429
430
432
430
428
426
428
428
430
430
426
427
424
427
425
425
424
422
426
427
427
424
423
424
423
425
426
427
424
422
424
424
426
427
427
423
422
425
425
427
424
424
422
424
425
424
425
421
422
421
424
422
424
423
422
423
423
424
421
421
421
423
423
422
420
418
419
419
423
424
423
421
419
422
422
423
423
419
418
419
420
422
420
418
416
419
420
418
418
417
419
418
417
416
414
417