606
609
602
602
604
607
598
591
577
570
559
549
539
533
543
565
589
625
646
629
627
619
611
619
618
609
607
604
591
576
564
561
565
565
559
555
569
619
722
816
830
807
801
770
701
662
647
654
683
697
666
658
649
660
669
646
646
656
682
656
654
653
660
647
626
604
589
596
620
673
682
725
747
766
716
663
632
631
625
618
616
607
593
590
605
688
795
768
771
725
667
645
645
658
682
671
637
611
597
606
659
757
806
802
777
752
709
656
626
623
659
737
725
699
735
776
812
789
724
682
666
655
623
599
596
604
613
625
645
628
636
618
604
589
591
604
624
628
628
622
611
608
609
618
605
596
593
609
626
618
621
645
692
720
729
723
688
685
712
702
666
645
647
661
665
677
716
767
827
768
690
644
644
683
755
836
859
853
842
790
749
734
743
715
663
655
663
705
701
699
713
750
808
799
763
700
686
684
658
690
690
685
669
662
672
675
708
740
749
756
766
734
740
722
664
683
662
630
622
605
590
572
571
594
639
707
720
737
762
741
739
724
691
656
614
615
626
634
646
629
614
633
676
721
682
652
677
720
770
760
728
680
655
700
764
768
747
727
712
689
676
626
610
588
571
568
603
681
731
721
712
722
730
724
684
659
647
689
771
779
780
777
756
730
693
684
647
629
617
622
681
792
784
774
708
707
724
720
653
636
615
607
604
614
630
640
609
594
587
589
603
632
670
686
664
679
680
687
712
749
765
687
641
622
636
675
757
803
795
805
798
775
755
741
688
664
646
631
635
646
685
744
776
798
797
790
752
721
689
672
675
673
661
646
628
629
676
734
759
737
734
713
717
715
701
690
665
632
601
591
600
604
610
618
622
627
642
691
700
670
654
651
645
640
643
651
649
650
615
625
621
629
627
614
605
608
604
604
619
639
658
660
652
620
599
590
575
570
584
622
667
677
696
702
701
700
711
717
711
693
688
693
691
670
652
662
674
675
643
635
665
687
703
688
667
641
627
623
645
673
719
753
776
766
730
688
663
638
630
604
618
644
685
689
677
680
662
637
663
655
660
665
659
649
615
605
594
587
588
619
638
651
659
647
633
605
589
582
572
601
659
664
622
613
611
637
698
743
763
767
772
770
751
705
683
648
646
651
657
669
659
629
630
630
612
605
609
600
595
588
591
586
604
608
623
600
598
600
612
628
617
593
586
581
587
591
584
573
563
553
562
578
592
573
560
552
559
572
601
657
691
711
693
679
667
650
623
604
585
599
720
791
754
729
730
719
728
707
671
636
630
650
717
719
705
719
679
661
661
654
638
627
634
619
596
592
605
649
687
684
641
604
582
571
589
627
668
658
614
625
650
641
650
673
677
653
636
626
631
664
720
688
643
622
604
610
650
679
804
795
735
667
640
624
624
598
597
597
618
650
650
660
671
646
638
604
611
594
594
606
604
611
607
598
595
578
573
573
578
606
632
621
598
574
562
567
611
692
739
747
729
737
731
665
646
633
623
663
724
808
836
852
841
817
817
782
750
733
700
667
658
651
665
747
814
811
757
712
688
674
670
645
645
635
654
667
655
664
669
690
658
640
628
648
672
698
729
723
661
646
658
690
718
729
736
712
667
656
673
722
766
745
670
646
617
612
619
633
670
690
702
683
673
647
605
589
597
606
629
646
652
644
647
717
828
814
782
769
734
725
709
683
664
663
688
750
792
779
773
739
722
706
686
677
671
686
631
655
658
720
790
793
754
728
730
724
705
646
625
607
598
609
653
686
680
683
663
653
655
662
660
632
624
614
633
648
685
660
686
691
713
720
696
658
631
616
627
672
786
857
869
858
842
804
768
693
657
636
613
620
656
722
769
761
760
741
737
716
727
733
713
696
675
648
628
605
595
598
620
664
723
740
744
719
712
700
691
673
670
655
659
662
681
698
665
642
626
652
694
708
693
705
691
683
681
668
644
635
629
638
647
648
642
638
643
650
663
668
686
715
694
668
650
633
638
661
703
724
717
683
626
593
579
566
558
577
610
660
686
686
680
656
635
615
602
589
580
588
606
623
631
638
632
614
599
592
589
601
608
610
617
634
620
629
604
595
583
585
576
563
556
554
552
547
541
529
515
512
508
498
497
497
490
483
477
474
472
469
470
475
485
490
490
502
521
542
563
557
542
546
554
563
572
568
558
544
533
525
517
507
500
501
521
553
601
616
590
568
556
540
533
525
525
520
512
504
497
490
489
485
485
490
496
499
512
519
552
585
619
614
619
615
608
606
606
596
566
541
536
545
565
571
578
590
607
604
597
594
602
602
588
582
578
578
574
569
562
551
544
540
529
520
513
516
530
552
569
580
578
575
571
576
580
588
587
576
562
561
567
575
588
594
595
584
578
557
537
527
525
538
564
592
614
609
590
570
550
543
537
532
534
541
552
556
561
553
552
537
532
534
533
536
536
546
546
552
563
575
571
565
551
535
525
521
525
530
544
545
555
565
565
569
568
566
568
572
578
575
577
580
580
575
552
542
528
520
516
521
531
553
572
564
556
547
542
539
534
530
528
529
519
512
508
505
514
529
542
553
560
560
546
530
526
521
523
534
543
554
563
579
596
635
673
660
654
634
604
586
588
596
593
577
571
586
612
604
619
634
653
612
588
575
555
537
524
521
530
561
605
624
605
600
596
600
582
560
548
545
543
548
554
545
531
526
534
555
579
568
543
527
522
517
527
547
567
574
573
563
563
562
564
571
572
573
578
585
599
613
619
611
586
569
563
565
565
552
551
562
570
586
600
579
563
561
569
591
617
630
624
609
586
576
579
592
619
641
643
623
588
551
531
524
541
596
585
566
555
553
568
602
646
679
659
615
574
553
546
550
563
577
566
551
547
548
559
554
542
540
547
567
611
652
646
616
590
563
538
524
516
524
556
604
627
602
572
555
554
568
614
664
669
622
582
556
540
535
539
546
568
596
605
603
595
579
563
547
528
516
507
502
511
537
592
705
711
693
662
626
592
560
537
522
516
516
525
543
571
603
617
609
595
570
552
536
527
521
521
521
525
530
538
548
557
563
570
568
562
550
542
537
536
541
539
534
531
529
520
512
502
500
498
508
515
511
506
503
508
498
497
489
489
483
479
482
473
486
478
478
475
470
466
458
460
452
456
451
453
454
448
451
441
447
442
443
446
434
443
439
439
434
423
438
426
429
426
424
433
424
427
426
422
437
434
434
438
428
438
428
434
437
433
446
437
443
440
438
440
432
440
436
438
439
437
444
433
443
440
440
443
440
450
440
451
452
454
461
458
476
462
471
470
469
465
457
459
447
450
450
456
460
467
476
471
479
467
475
470
469
468
472
474
468
474
460
469
463
464
463
457
462
446
452
446
445
446
455
478
483
516
518
522
506
502
487
488
479
482
473
467
468
455
452
457
447
441
447
438
445
439
434
441
432
433
428
422
435
426
432
421
416
426
419
425
417
415
417
416
421
414
425
420
421
422
420
427
416
418
419
416
427
415
422
414
412
422
408
424
411
415
413
409
413
403
420
400
411
412
405
412
408
408
405
404
407
400
413
403
409
400
404
403
399
406
398
408
395
405
403
401
402
404
407
396
409
406
406
403
401
409
404
411
398
404
406
399
411
398
404
399
404
396
403
403
396
400
397
405
401
404
397
405
398
396
402
397
405
396
405
396
397
398
394
403
399
408
398
400
395
401
399
401
397
397
401
396
404
395
400
400
397
400
398
408
398
411
399
400
402
397
409
396
404
403
400
399
395
403
396
403
397
407
395
399
394
396
399
393
396
394
399
396
402
401
397
397
399
407
396
403
395
400
396
391
401
395
398
389
396
392
396
388
398
392
385
396
394
397
388
394
389
396
388
387
393
389
390
382
390
382
392
383
395
382
388
385
386
381
382
387
381
391
382
394
385
395
384
385
352
415
394
387
390
386
397
382
393
384
391
383
385
394
775
384
394
390
395
387
390
391
391
388
386
394
389
397
386
390
382
393
382
389
382
384
388
387
383
381
389
381
390
382
391
384
383
384
384
385
385
384
383
389
385
394
383
392
383
392
390
388
388
386
396
390
396
387
393
386
396
389
387
393
393
390
387
399
392
398
389
395
395
394
389
385
394
388
396
387
402
387
393
385
389
392
388
386
386
396
384
393
387
394
388
395
387
384
397
389
392
383
396
386
398
384
393
391
391
391
388
400
392
396
388
391
393
393
392
389
393
390
390
385
397
387
390
385
392
386
392
392
388
392
393
402
390
400
396
401
398
396
396
396
400
395
406
396
402
394
398
398
397
396
389
400
393
402
388
399
393
395
397
392
401
393
403
396
398
397
402
400
395
403
397
404
396
401
396
396
397
397
397
394
400
393
403
391
399
391
392
395
389
400
388
389
390
395
384
388
391
386
387
385
396
386
391
387
395
387
389
387
387
389
381
389
384
389
378
386
383
389
380
382
387
383
385
384
391
386
395
386
392
389
396
393
390
394
393
396
391
397
393
398
392
395
396
394
396
391
396
391
398
394
399
391
392
390
393
397
388
397
390
399
390
396
392
396
390
388
395
394
397
387
396
392
399
391
394
396
395
396
390
398
394
402
391
393
396
393
393
392
394
390
399
393
392
390
396
394
391
393
387
393
392
397
385
393
385
394
387
391
387
383
394
388
396
384
394
389
398
387
391
392
391
392
392
393
389
394
388
398
387
389
392
391
391
387
396
389
400
393
396
389
393
393
391
390
387
393
391
397
386
392
387
395
388
389
387
390
394
384
394
391
396
386
397
392
397
388
390
394
389
395
388
395
387
399
390
395
386
396
394
390
389
389
401
389
396
386
395
388
392
391
389
388
386
395
388
390
387
396
382
389
383
392
384
389
385
380
384
385
388
382
385
377
389
379
391
381
387
379
384
385
378
383
385
383
376
388
381
389
379
389
383
387
382
381
387
381
380
379
391
378
383
380
383
380
386
376
379
382
378
382
384
379
376
388
379
389
378
386
380
385
380
381
385
374
390
375
381
380
391
375
385
379
387
379
379
378
377
383
378
382
373
754
381
758
369
382
375
386
373
386
379
384
382
383
379
382
384
382
380
377
386
379
386
374
383
378
384
371
385
377
384
375
386
380
381
381
381
388
380
377
385
390
379
378
389
381
382
383
378
381
391
384
385
383
388
387
389
392
383
387
395
390
388
397
391
387
398
395
394
396
391
394
399
399
392
397
405
404
407
410
403
409
417
411
413
416
410
414
412
400
404
405
403
409
416
422
431
436
438
449
450
452
458
458
464
463
454
467
458
460
457
450
458
448
442
448
438
433
434
428
421
426
429
434
441
442
456
463
461
467
464
472
478
470
470
467
468
477
470
471
468
461
462
455
448
454
445
448
449
448
464
469
481
486
481
493
490
485
484
475
474
473
472
475
467
468
469
464
463
460
459
467
464
464
468
464
463
468
470
474
471
466
469
460
460
456
454
465
463
466
473
473
478
475
472
476
470
469
473
464
465
462
457
461
453
453
454
450
453
458
464
474
471
473
477
472
473
469
463
471
463
459
462
455
457
455
446
457
452
454
457
456
463
463
466
474
470
474
474
465
471
464
466
463
456
456
455
452
457
452
457
463
461
476
479
490
502
497
499
497
490
488
478
478
473
466
460
459
458
451
448
452
445
446
450
449
472
475
486
492
491
491
482
479
478
471
475
470
471
466
463
464
458
454
452
450
450
454
449
454
454
455
459
459
465
464
462
469
463
460
464
459
456
452
448
452
448
448
444
445
448
448
449
458
463
469
470
469
473
467
461
473
463
463
463
454
460
453
450
448
447
450
453
454
459
457
458
462
464
479
482
483
487
481
485
478
476
474
463
457
456
447
448
446
441
441
443
440
453
457
465
468
467
473
466
464
466
460
464
464
464
465
465
461
463
450
456
456
448
451
455
453
457
458
460
464
462
470
470
465
475
467
468
469
459
462
458
443
447
438
438
441
437
437
441
436
441
448
450
454
454
458
460
455
462
463
461
464
462
459
464
457
460
457
455
464
457
457
462
463
460
463
459
459
468
461
466
459
456
463
452
453
448
444
450
445
448
440
439
443
438
446
435
432
431
427
433
427
435
430
429
424
423
429
425
435
427
426
426
425
428
419
428
419
419
420
413
419
411
418
411
415
409
408
415
407
415
408
414
408
409
411
406
415
406
414
407
411
407
406
406
406
415
405
416
408
415
417
415
414
412
420
414
423
419
412
420
418
420
413
415
415
413
416
414
419
409
417
414
413
416
413
416
415
419
418
416
416
418
421
410
416
409
414
409
407
409
405
414
405
408
403
407
404
404
404
401
407
404
406
402
414
409
409
406
406
413
413
411
405
416
408
417
407
407
413
411
410
402
410
406
409
409
405
403
407
415
410
410
408
412
407
410
412
408
411
405
416
409
412
406
401
409
407
409
402
412
405
415
407
408
406
407
414
407
411
406
412
409
407
410
409
418
408
413
404
411
411
406
406
406
413
405
407
403
406
402
405
404
404
406
403
407
405
412
402
411
403
409
407
403
412
406
412
406
418
411
412
408
406
413
409
408
404
412
401
406
401
403
404
394
400
396
404
401
408
397
403
394
395
399
394
397
395
394
389
399
394
399
389
400
393
399
397
395
396
396
402
399
399
394
407
399
400
397
401
400
397
402
398
400
397
406
399
408
396
403
398
398
396
396
401
392
396
396
404
396
405
395
402
400
398
396
394
400
396
396
391
401
396
401
391
399
395
396
394
392
397
395
397
390
397
390
397
393
398
392
393
390
392
392
389
387
385
392
388
386
385
392
391
394
383
391
388
396
389
393
388
393
392
389
389
386
393
388
392
383
386
388
393
379
388
386
393
380
388
385
391
384
389
384
387
388
387
388
381
386
382
392
389
394
386
387
388
394
386
394
390
388
391
390
392
389
398
388
396
394
401
394
395
392
398
394
399
395
397
394
397
400
393
395
396
402
386
400
395
398
391
399
396
396
396
395
402
396
396
392
400
395
402
394
396
395
396
394
392
399
394
396
395
402
398
396
407
397
398
398
398
396
399
408
396
398
395
395
398
396
394
396
394
398
396
395
399
398
406
403
405
404
400
411
405
405
405
401
401
403
403
400
398
400
396
399
402
403
415
417
423
427
428
430
429
432
424
428
430
429
436
431
436
430
434
438
435
437
431
435
436
436
431
423
425
421
420
421
425
429
433
441
448
459
458
460
456
459
465
461
462
457
461
457
452
454
445
449
443
447
442
448
447
441
448
443
449
444
449
444
445
449
442
449
446
451
448
446
457
445
442
443
438
439
435
440
435
441
438
439
438
432
436
428
430
432
425
437
433
438
439
439
442
446
448
446
450
445
451
453
456
458
451
456
449
454
451
453
455
457
459
459
462
460
467
467
473
466
464
461
455
458
445
450
448
445
446
450
461
456
466
464
467
465
467
467
470
472
463
470
462
464
457
458
455
454
454
442
447
445
447
445
449
453
451
462
461
463
463
467
465
464
464
453
458
448
452
451
454
453
450
460
451
458
455
457
457
459
462
455
467
461
468
462
459
457
451
450
442
451
443
452
451
453
451
451
457
451
455
456
461
463
465
462
460
461
451
456
450
451
450
450
456
453
459
460
462
465
465
463
469
471
471
480
475
478
470
470
465
464
463
457
459
451
452
450
448
449
448
458
452
457
456
454
454
457
456
454
455
452
456
453
453
454
456
460
459
462
462
468
462
461
463
465
466
458
463
455
460
457
460
465
466
471
462
470
462
465
463
462
460
455
456
443
447
443
445
444
441
444
441
452
454
461
459
463
468
465
473
467
474
467
466
466
467
460
456
461
452
455
452
454
453
453
453
457
463
452
466
461
465
465
462
461
455
464
451
459
451
455
449
446
451
443
449
445
446
447
444
452
444
451
445
450
450
445
453
444
453
446
450
447
444
446
439
446
441
443
446
444
453
441
452
449
447
448
451
456
445
454
449
447
442
447
448
438
442
444
447
444
447
448
441
449
443
446
444
443
448
439
448
441
446
442
443
443
439
442
433
444
439
442
437
436
438
432
434
430
433
430
427
432
422
431
428
427
428
427
433
427
431
432
428
431
421
434
429
428
428
430
433
423
429
432
433
431
428
436
429
434
431
434
429
427
437
424
428
426
430
426
421
424
422
427
421
420
426
419
430
425
431
430
431
433
424
435
428
433
431
434
431
425
434
422
431
428
428
427
425
432
419
425
427
427
425
426
430
420
429
422
422
421
417
424
419
426
416
425
423
425
419
428
425
430
424
429
428
422
430
422
431
425
429
421
423
424
419
425
418
424
417
423
416
419
416
409
418
410
416
409
416
409
414
409
404
408
406
412
406
412
404
412
406
407
408
407
414
409
413
413
422
417
414
419
419
426
416
429
419
419
417
417
421
414
423
413
422
417
420
415
412
413
404
413
403
407
401
412
403
409
403
407
407
408
410
404
408
406
414
407
415
405
409
405
402
409
408
413
405
411
402
408
407
407
409
406
407
403
412
402
407
404
410
401
401
404
398
404
401
409
402
408
402
405
401
406
406
402
404
400
412
402
405
400
410
404
404
406
399
402
401
412
404
410
402
407
402
405
406
400
404
399
402
397
398
397
404
395
396
392
400
395
396
393
394
399
396
400
394
402
398
409
401
404
399
405
404
403
405
403
409
396
408
400
403
398
399
403
395
402
401
404
393
400
396
402
398
404
401
398
398
401
401
397
397
398
404
400
399
395
401
398
403
397
401
403
398
401
401
409
398
402
397
405
400
404
393
401
398
400
397
396
400
396
394
398
401
396
400
400
408
397
404
399
402
402
398
402
395
396
397
400
390
397
394
398
391
394
393
394
394
393
395
391
400
396
398
396
403
398
403
396
396
398
397
397
395
394
387
396
391
396
385
395
384
390
386
392
390
395
388
394
386
390
389
390
389
387
395
388
387
385
395
392
395
387
392
388
397
388
393
390
398
390
395
396
394
394
390
396
392
396
389
394
387
396
390
396
387
395
390
397
394
391
389
392
394
387
390
386
393
389
394
385
388
382
386
381
391
383
390
384
386
381
392
382
392
387
386
387
387
391
384
386
385
387
380
385
382
386
379
385
381
390
381
387
380
385
381
386
382
394
383
388
383
384
383
381
386
378
384
379
381
378
381
381
387
381
383
378
391
383
386
380
386
384
389
381
388
386
387
381
383
386
382
383
382
384
376
383
377
377
374
384
378
376
374
371
375
382
377
380
376
377
376
384
376
379
376
387
379
379
378
384
380
383
378
378
380
380
380
378
378
372
379
373
378
371
373
372
376
366
373
370
369
371
373
368
368
371
375
374
376
369
375
374
380
372
378
374
383
373
378
373
381
373
378
374
382
373
378
372
379
752
375
374
371
376
373
372
372
372
374
365
370
367
370
362
365
362
369
363
368
360
365
361
367
362
363
362
367
360
366
359
366
356
367
358
361
357
365
360
363
359
359
362
365
362
362
360
368
363
365
359
364
363
368
360
362
367
367
365
363
360
369
360
367
360
361
362
364
361
361
363
362
360
364
360
364
358
363
362
363
362
362
360
365
363
363
364
369
362
367
359
369
361
369
359
361
358
363
359
362
359
361
359
361
357
362
361
363
360
361
360
364
363
363
362
364
360
363
360
363
362
363
358
363
359
364
362
365
361
368
365
365
363
372
368
373
363
371
367
370
362
369
366
372
364
365
364
368
361
368
364
369
358
368
364
366
362
364
361
369
361
365
364
364
361
364
359
358
363
363
359
361
361
357
357
359
361
357
352
364
360
356
358
359
360
360
359
359
362
362
357
362
362
361
360
357
363
358
362
354
359
355
360
353
357
354
358
354
354
352
358
352
353
350
358
350
355
349
353
350
354
346
353
350
352
349
349
349
353
346
351
350
349
352
350
352
350
353
348
351
353
353
352
354
350
353
353
355
351
356
354
354
354
355
354
355
353
355
354
356
353
353
351
356
354
351
351
354
354
352
348
354
355
351
349
352
353
353
350
353
348
352
351
353
348
350
352
351
348
351
352
347
348
353
348
347
353
349
347
351
354
349
350
349
354
350
351
347
350
350
354
349
354
346
351
347
352
350
349
346
352
349
352
348
348
352
351
347
350
350
350
349
349
351
351
345
349
351
350
349
348
348
351
349
349
349
351
350
348
346
350
347
348
347
347
350
345
349
346
347
348
346
347
347
346
347
349
347
347
345
349
346
346
347
349
343
350
345
345
347
345
342
351
343
346
346
343
342
344
348
340
345
343
347
338
679
356
342
345
342
346
344
341
345
348
342
345
344
348
345
346
343
349
346
350
346
350
343
350
346
348
344
349
347
350
343
348
346
349
346
345
347
347
341
346
346
345
343
341
346
344
345
342
346
339
341
342
346
341
342
341
344
340
348
338
344
343
346
342
345
343
345
339
345
341
346
336
340
341
343
336
343
335
342
337
342
340
338
337
345
338
347
337
343
336
341
339
344
334
342
338
339
336
343
337
336
336
341
339
343
337
339
335
343
338
339
338
341
336
338
334
343
336
343
675
336
337
338
339
335
338
337
336
334
341
334
343
335
337
337
341
337
340
332
343
331
344
335
341
333
340
334
342
330
338
338
340
336
335
334
341
336
334
335
340
338
337
333
338
338
334
335
337
337
334
336
336
338
334
336
334
339
333
337
333
339
333
334
339
333
336
337
332
335
330
341
331
335
333
338
335
333
333
341
331
340
335
337
331
340
335
337
333
337
334
340
330
342
333
339
332
342
332
340
336
339
331
338
336
339
335
338
337
340
334
339
339
339
336
338
336
339
337
337
336
340
332
339
338
335
332
338
335
335
334
336
335
335
331
333
336
332
334
328
332
330
336
330
335
328
332
333
334
330
333
333
331
333
333
331
333
333
333
333
327
333
331
332
329
333
332
329
328
330
334
331
329
332
329
331
330
331
327
332
330
331
325
334
327
337
325
333
329
335
325
336
327
334
330
331
326
336
328
333
326
334
327
337
327
335
329
332
329
338
327
335
330
335
326
337
331
335
327
336
333
334
329
333
333
336
327
336
328
337
331
333
328
337
330
333
329
335
330
333
328
335
329
330
328
334
329
336
327
334
329
331
329
334
332
329
330
332
328
332
329
334
326
333
332
332
329
331
330
333
329
332
327
331
328
330
325
331
326
332
327
329
326
332
324
328
327
330
325
326
327
332
326
325
327
329
327
325
327
330
326
329
327
326
328
326
331
325
327
327
331
328
326
326
329
327
324
328
328
325
332
321
331
327
329
322
328
327
332
327
327
324
331
325
333
324
332
324
328
326
335
325
330
328
333
323
332
329
334
324
331
330
332
328
330
326
337
325
331
327
335
327
327
328
332
328
332
328
327
326
330
328
327
324
331
325
329
323
329
325
332
319
329
325
328
323
328
325
328
327
323
327
324
328
324
325
327
326
321
328
325
327
321
326
322
328
320
326
327
323
646
321
330
321
325
319
330
321
328
323
325
319
331
319
327
323
330
325
327
323
329
328
329
323
330
328
326
327
326
327
327
323
327
329
323
323
329
325
322
324
326
324
322
324
324
325
321
323
326
325
323
321
323
323
323
324
317
322
324
323
318
323
318
321
320
325
319
326
319
323
322
326
319
325
323
323
317
324
321
322
322
325
318
324
324
326
317
324
321
323
319
322
320
321
321
321
323
321
320
320
324
319
316
321
326
317
319
321
321
317
322
317
319
316
327
313
325
320
323
316
326
323
320
318
324
321
323
316
322
324
318
321
321
322
322
320
322
318
322
322
316
324
320
320
317
322
316
323
318
323
313
324
318
320
315
322
321
318
315
321
318
320
313
323
317
321
315
322
317
320
318
317
323
313
320
317
319
315
320
315
322
314
314
319
319
310
322
313
321
312
322
315
320
313
321
318
319
313
319
319
317
313
320
317
317
313
323
316
317
314
319
319
316
317
320
316
312
322
313
318
311
318
315
320
313
317
316
319
312
321
318
317
313
318
318
318
311
322
317
315
316
320
317
314
318
315
318
313
321
313
318
311
320
313
316
317
318
311
320
316
315
314
318
312
318
316
314
313
318
315
315
315
315
314
316
315
313
316
311
319
313
313
312
320
309
317
313
320
313
314
313
317
315
313
313
317
311
316
315
315
311
316
317
312
316
313
317
307
319
313
313
312
320
311
317
315
316
310
317
314
313
312
315
317
313
313
314
315
313
317
311
311
311
319
309
314
312
316
309
318
313
313
312
314
312
312
313
317
311
313
314
316
315
312
316
313
312
310
317
309
313
312
318
306
319
312
314
311
319
312
313
312
317
313
313
311
313
314
313
312
312
314
315
313
313
309
314
315
311
313
308
317
310
313
312
317
308
314
313
314
308
316
312
310
312
316
313
315
313
314
313
312
316
307
316
312
312
307
318
309
314
312
315
309
313
312
314
307
315
312
316
305
313
311
313
316
309
313
316
310
308
317
308
313
310
314
305
318
311
312
311
315
308
313
313
312
310
315
310
312
313
314
309
314
315
308
314
311
313
307
316
310
309
308
316
307
313
313
313
309
313
309
313
308
313
313
311
311
313
313
309
314
311
307
312
316
302
314
309
313
306
315
313
310
311
313
310
312
311
313
306
312
311
313
307
314
313
307
311
312
309
312
315
612
311
310
302
311
312
312
307
310
309
313
308
308
315
312
308
313
316
307
313
317
308
313
317
308
315
316
312
313
315
316
312
315
317
312
314
318
309
315
317
313
314
313
317
314
313
316
320
313
317
320
314
316
318
321
313
316
321
322
313
318
321
321
313
317
320
319
323
322
317
321
327
324
320
323
330
321
323
325
330
323
327
328
330
328
330
334
331
332
334
340
331
335
338
340
332
335
340
339
338
334
339
338
340
338
335
342
340
339
341
342
342
338
338
346
340
334
345
345
339
339
346
345
340
344
343
346
343
344
352
351
340
348
354
350
351
346
351
355
348
349
354
355
347
352
360
347
352
358
354
352
360
350
354
362
356
354
355
358
361
354
356
367
357
354
364
363
365
361
366
372
364
365
369
374
364
366
380
370
365
369
372
376
364
366
381
367
369
375
376
372
373
375
381
372
375
381
376
373
386
377
374
377
381
383
385
373
377
384
381
376
381
383
378
381
384
386
380
384
390
386
384
388
389
385
387
390
382
383
391
384
383
389
387
383
389
389
389
386
388
396
385
389
393
388
389
389
393
391
391
394
399
392
394
396
399
396
396
401
400
396
399
400
401
404
397
403
405
404
401
403
411
407
401
410
407
406
407
403
409
401
402
407
405
402
404
401
409
402
402
407
402
408
403
403
409
406
402
403
398
400
402
400
401
400
405
406
405
408
405
413
405
410
415
410
407
411
417
411
411
414
414
412
409
412
414
417
414
417
418
421
415
416
425
414
418
419
416
428
421
418
426
424
425
420
425
425
423
426
427
430
428
427
433
432
429
425
431
433
426
425
427
431
425
425
432
429
433
432
426
431
432
431
431
431
429
430
433
426
433
434
433
432
432
438
440
437
433
437
440
437
435
437
437
437
433
437
438
434
442
440
440
443
446
441
438
443
440
438
442
442
439
436
440
441
440
438
437
442
440
442
443
439
444
444
444
441
442
438
437
437
436
433
438
438
440
436
441
442
443
448
439
443
443
444
440
439
446
443
445
442
448
451
449
451
446
451
453
453
447
446
458
446
448
450
453
449
449
458
447
448
449
453
445
443
450
445
446
445
443
448
443
444
440
444
443
441
447
445
446
443
446
449
442
444
440
445
439
441
445
439
449
442
442
444
447
445
441
445
440
443
440
440
446
440
445
441
447
449
448
447
445
451
451
453
450
449
455
450
449
451
452
455
448
456
453
455
455
455
455
446
450
448
442
446
446
444
445
448
448
447
451
451
447
448
451
451
447
451
449
455
450
449
451
455
453
449
454
454
452
453
459
455
452
457
456
458
454
455
460
454
457
452
455
457
449
453
452
454
453
452
453
456
459
453
460
452
458
457
460
454
452
457
454
455
454
458
460
461
459
456
463
457
458
460
457
458
458
457
454
457
459
456
457
454
462
455
454
457
458
458
453
460
455
456
451
454
457
456
460
450
457
458
456
452
455
455
449
449
447
449
449
446
450
448
449
449
451
451
454
456
457
456
458
461
462
462
464
464
463
463
469
464
463
466
471
470
465
472
469
472
466
469
470
470
467
467
475
464
470
466
469
467
465
465
469
467
463
468
465
469
468
470
468
466
471
463
468
462
460
460
462
458
460
462
460
464
464
466
463
463
463
458
464
458
460
462
462
466
466
466
467
473
467
470
470
470
469
465
469
465
467
462
467
465
466
467
461
471
465
465
467
473
468
467
475
465
473
469
471
470
478
474
472
478
472
473
471
476
474
471
474
470
476
469
470
475
477
476
475
478
479
475
479
483
474
477
479
479
474
478
479
477
480
474
477
472
472
474
476
477
483
481
478
483
478
475
474
474
470
473
468
471
471
467
473
471
472
469
473
475
477
473
474
479
471
477
478
475
475
475
476
472
475
474
479
473
477
474
476
480
478
477
475
477
471
473
473
477
471
474
477
465
471
466
473
466
469
469
473
475
473
477
476
479
478
483
482
481
481
488
482
479
488
479
479
478
481
477
479
478
481
479
481
484
477
483
480
479
479
486
480
480
483
473
475
478
477
476
476
474
476
474
476
478
470
478
477
477
477
478
480
481
479
478
486
477
482
482
480
478
479
479
481
485
479
484
485
486
488
487
486
483
481
481
479
472
478
471
473
472
474
474
476
479
473
480
478
479
476
479
481
479
480
478
479
471
475
476
475
475
474
477
479
481
475
483
479
484
478
478
477
480
477
473
475
473
475
472
473
473
470
472
475
472
471
478
468
473
473
474
475
474
478
476
477
472
479
471
474
472
471
466
467
465
464
469
466
468
469
474
473
472
474
472
471
469
477
472
474
471
477
475
473
479
476
478
478
479
477
479
480
476
481
476
479
474
477
476
475
477
478
481
477
483
479
479
479
479
477
479
478
478
476
471
476
472
474
478
476
478
478
480
477
481
479
484
479
481
483
481
479
478
483
479
479
479
483
478
480
480
485
484
484
490
483
493
485
486
484
486
482
479
479
480
482
478
484
482
485
483
485
491
492
492
491
498
492
496
488
497
489
489
487
491
489
487
486
481
485
482
484
482
484
484
485
484
491
489
488
494
479
487
481
482
479
479
477
479
478
479
483
479
481
481
487
486
487
486
493
488
488
488
486
485
478
483
480
479
478
483
480
483
482
484
488
484
492
489
489
490
494
489
490
489
483
489
483
488
482
488
485
483
481
480
480
478
479
476
484
481
486
490
488
490
490
489
490
490
486
484
482
485
477
476
474
478
473
478
481
481
482
477
479
473
476
473
473
474
473
477
474
481
475
479
479
479
480
481
480
487
481
483
485
479
480
479
484
479
479
477
482
478
478
484
476
482
478
484
480
482
480
483
479
479
479
473
478
470
475
474
473
473
477
479
475
484
475
484
479
480
477
477
476
474
477
473
477
469
477
468
472
469
470
469
467
469
461
462
463
469
468
469
469
465
468
463
468
463
466
465
469
473
464
476
474
478
479
478
479
481
479
483
482
479
483
473
478
472
475
471
473
473
476
476
478
481
479
482
483
490
487
489
487
487
487
482
488
481
480
477
476
473
472
474
471
476
475
479
479
479
479
484
483
482
484
479
481
479
479
479
479
475
477
473
474
481
480
484
484
485
488
491
491
496
496
493
497
492
489
486
486
481
481
476
479
475
477
479
479
486
483
487
485
491
487
488
485
480
481
477
478
474
473
475
474
474
477
478
477
481
478
484
484
489
486
492
493
493
494
489
499
493
497
489
494
488
485
482
480
481
482
483
482
489
487
496
494
497
495
498
496
494
487
487
485
485
482
487
479
482
477
479
480
476
477
476
475
476
472
471
474
479
484
488
494
500
501
498
501
503
502
504
505
502
498
496
499
499
500
492
496
498
502
495
499
498
500
498
497
494
501
511
525
538
541
537
532
527
529
530
529
523
523
522
523
526
523
519
526
538
545
547
557
566
562
553
546
548
549
548
543
537
534
530
529
527
523
521
522
536
551
554
547
551
551
548
544
535
533
534
538
537
532
527
523
530
540
552
563
567
564
561
563
559
550
541
539
544
547
549
548
544
537
529
523
530
542
551
555
571
578
569
572
577
581
578
569
560
560
556
551
541
534
528
524
526
533
543
552
558
561
563
564
561
551
544
537
542
547
552
554
552
550
548
542
536
531
530
531
540
553
564
567
568
567
564
561
554
545
538
532
534
540
554
563
570
571
571
568
564
561
554
545
538
534
529
534
537
543
547
548
550
549
551
546
540
541
544
550
555
562
561
552
550
546
540
544
548
546
552
554
552
549
543
541
536
533
534
533
532
532
536
533
531
537
546
555
560
559
554
546
537
529
525
525
526
529
529
528
524
523
516
516
512
514
515
519
521
522
519
520
522
528
533
535
536
534
530
528
520
512
504
504
510
527
556
589
608
613
606
602
595
585
570
559
550
545
540
539
539
542
543
543
543
541
540
539
537
531
529
529
531
539
549
557
563
561
558
552
544
536
529
527
523
522
525
531
536
534
532
533
535
539
542
546
551
554
555
553
548
541
536
530
523
519
516
515
518
521
534
554
567
579
582
577
571
566
560
553
547
542
539
538
535
538
532
531
539
555
575
581
581
570
563
558
554
556
554
558
558
556
553
548
542
541
533
529
529
532
540
553
566
572
591
571
563
558
553
549
546
542
539
537
537
537
538
535
537
534
529
528
528
537
562
578
589
592
589
585
581
575
571
567
563
559
555
551
543
538
536
545
561
575
580
579
576
571
567
563
559
557
556
558
557
554
547
546
554
563
566
567
570
567
559
561
557
550
549
541
532
523
516
514
519
521
521
520
521
520
518
521
522
523
523
528
528
532
530
528
531
540
544
548
548
547
544
542
536
534
529
524
526
532
543
558
566
562
562
573
583
587
588
581
573
562
550
541
536
535
541
548
557
564
569
573
574
574
567
557
549
544
540
538
539
536
538
523
529
524
524
528
527
524
520
520
526
537
543
547
548
547
544
540
536
534
533
533
536
542
563
584
607
609
596
583
591
579
568
566
564
561
558
550
545
535
529
524
526
533
548
556
575
578
572
564
561
557
554
549
545
544
544
547
551
551
550
550
550
553
558
569
581
585
584
583
579
574
568
563
560
560
560
563
557
555
556
566
582
589
597
596
591
586
580
573
568
564
563
564
566
571
575
572
571
561
557
555
560
566
575
581
581
577
571
563
556
551
549
549
550
554
557
564
562
559
561
565
566
572
576
580
581
578
574
568
563
557
553
551
550
547
550
552
564
576
581
571
566
564
574
584
589
586
580
574
562
550
541
535
528
525
522
525
530
534
540
544
546
547
541
540
550
568
578
588
591
591
590
587
579
573
569
561
557
549
548
548
550
551
556
550
549
553
572
595
607
608
602
594
584
572
560
549
543
539
538
538
540
546
542
543
547
562
574
583
569
572
574
575
573
571
568
564
560
558
555
552
552
545
541
544
557
570
597
616
614
604
597
586
579
570
563
560
559
560
563
569
576
585
591
594
594
587
580
566
558
550
549
553
561
571
576
576
576
573
569
564
563
561
562
563
567
570
573
565
568
585
584
589
587
585
580
573
563
552
547
553
562
564
567
571
571
570
565
561
559
557
563
581
604
618
618
615
605
597
590
585
580
576
573
569
564
563
559
561
555
548
546
546
559
577
589
595
595
595
592
587
582
578
571
566
562
554
551
552
557
569
591
603
615
619
615
608
602
596
590
586
581
577
573
569
563
559
560
558
569
588
603
601
591
586
585
590
593
593
594
593
591
585
578
572
568
563
560
559
564
568
578
583
593
603
608
608
609
605
595
584
571
561
555
558
564
570
573
571
568
566
564
566
569
570
574
576
578
575
567
563
560
566
569
573
568
563
557
545
541
546
552
564
578
586
592
592
591
588
582
575
573
569
567
566
573
583
593
597
588
571
566
566
572
582
585
583
580
575
571
567
565
563
563
565
573
584
597
595
589
594
632
658
663
648
632
619
605
587
577
563
561
574
597
617
630
635
636
630
622
615
604
595
579
566
564
562
562
565
575
575
575
565
562
561
563
567
574
576
579
577
575
573
574
578
580
585
582
582
573
563
556
555
563
571
578
585
589
592
593
596
597
598
597
597
590
589
589
577
575
578
572
569
569
563
555
553
559
548
563
579
596
607
592
589
584
581
577
574
575
583
596
612
624
633
646
641
642
637
633
617
599
580
573
582
595
610
625
636
636
632
625
628
632
628
622
618
605
601
591
579
575
577
575
582
604
638
659
671
649
627
604
587
577
578
583
591
593