810
961
961
928
923
898
819
753
794
871
932
939
891
840
818
864
938
960
974
906
867
896
921
925
933
919
912
863
811
788
850
1021
1038
1008
971
918
878
835
747
701
683
827
988
1008
960
958
920
842
790
772
884
984
1001
952
948
941
927
877
825
798
881
997
1013
993
966
917
874
848
874
949
967
979
944
913
904
927
934
951
945
939
901
853
813
831
957
1041
1017
993
975
965
952
892
810
777
836
937
978
991
973
948
918
865
805
833
885
956
976
945
926
908
897
863
804
837
867
915
885
891
888
854
849
899
939
946
897
879
854
756
696
682
762
818
837
853
847
841
867
877
895
938
955
927
936
898
866
868
897
936
942
926
928
940
893
892
888
870
895
918
905
886
897
886
845
849
760
718
718
813
982
1012
1002
982
932
915
877
827
807
803
785
826
831
762
715
753
868
936
965
946
924
874
816
803
797
778
766
772
752
833
817
795
823
835
1020
994
991
965
939
918
868
870
869
870
863
821
824
822
818
879
920
888
886
895
811
722
696
743
773
828
849
851
855
837
854
811
807
800
736
718
653
645
678
698
758
906
901
892
870
827
818
802
791
761
726
683
651
655
665
657
695
717
695
783
863
857
809
813
815
811
787
693
685
669
677
694
691
645
669
675
726
783
815
800
777
758
682
635
630
645
806
896
888
897
895
867
765
722
696
704
705
715
717
716
680
748
829
924
919
882
896
831
825
821
833
801
766
757
759
784
799
791
749
753
733
777
844
872
890
903
807
820
836
816
848
872
847
885
768
826
889
923
915
904
817
787
769
738
729
660
671
639
708
812
891
913
849
852
816
832
831
822
799
761
747
711
677
690
753
805
775
786
825
820
785
743
739
741
762
695
727
753
823
876
871
851
823
775
741
688
669
655
646
642
645
682
816
851
858
813
819
834
826
795
757
727
708
685
692
662
660
685
681
703
780
854
828
857
794
835
831
832
763
713
663
711
733
787
811
725
762
767
767
717
723
739
767
789
798
792
765
730
763
838
824
842
897
921
915
818
802
817
836
815
803
723
764
798
859
913
991
979
944
898
838
793
775
793
812
851
892
862
891
901
951
967
941
939
872
888
875
881
871
794
834
873
909
942
937
868
856
860
869
895
941
929
931
977
944
961
942
891
898
904
856
884
905
869
908
918
865
906
927
859
892
923
901
888
880
860
848
875
918
891
969
965
913
935
872
755
765
698
824
908
963
902
920
881
932
905
886
806
745
732
730
740
727
730
729
693
694
688
756
821
842
829
730
705
693
729
772
771
757
740
683
674
688
688
647
687
697
702
661
801
920
904
908
939
950
930
931
900
826
833
851
800
813
793
723
552
669
672
722
865
888
904
864
877
864
876
868
844
792
787
783
784
759
699
709
729
796
812
769
736
801
830
813
854
845
803
815
800
735
771
757
698
702
815
946
906
890
860
868
868
822
718
692
768
784
769
735
684
663
657
683
680
694
736
791
830
813
781
771
723
750
749
740
680
670
689
710
722
716
631
650
638
689
839
867
892
883
794
787
819
786
775
799
830
826
794
769
734
713
698
656
638
634
690
819
918
932
904
846
838
820
797
778
747
717
671
675
638
672
770
811
810
872
826
813
765
768
749
776
830
861
858
890
879
805
744
776
825
803
838
751
799
827
829
831
818
788
748
738
743
761
790
806
693
733
772
859
829
869
900
899
853
732
777
765
667
678
643
625
638
643
636
637
605
601
601
622
605
599
600
604
593
583
578
575
597
607
635
621
647
707
766
755
785
746
762
777
773
785
771
699
676
656
637
619
629
671
749
793
776
770
739
731
726
757
770
801
770
737
744
786
825
788
756
771
788
789
761
735
667
640
649
686
700
798
875
849
897
860
801
748
780
793
825
813
779
750
736
728
775
745
742
697
811
853
890
848
791
797
811
830
843
821
803
788
763
741
729
752
770
729
713
782
811
870
891
893
884
851
844
827
820
784
791
795
804
813
807
803
775
712
724
764
823
876
877
855
821
771
742
690
676
718
829
919
986
988
1001
968
895
832
759
702
697
721
805
779
784
833
873
873
847
910
894
845
777
687
684
705
750
744
810
843
867
878
890
865
808
756
737
794
873
908
868
896
904
846
806
832
843
821
832
811
757
774
779
779
780
746
753
743
771
784
811
771
758
748
715
710
770
827
850
854
840
813
783
709
664
654
668
670
725
799
840
842
846
845
801
797
796
769
767
771
771
776
767
772
778
759
770
799
805
820
826
834
820
801
792
773
743
713
738
793
824
813
783
800
783
764
760
729
724
695
656
620
685
769
868
836
853
847
836
835
837
822
783
755
714
659
639
658
755
858
905
885
893
883
818
782
716
655
637
621
611
612
639
652
646
665
651
653
628
615
614
650
652
665
623
615
598
598
581
566
555
549
541
548
556
545
532
538
563
579
554
583
587
584
625
679
705
670
621
607
637
639
628
593
581
597
632
634
610
639
635
653
632
652
671
690
662
645
669
649
633
624
614
629
620
613
609
655
735
754
715
687
669
640
629
622
609
612
643
655
643
653
663
688
659
695
704
668
629
601
578
558
551
550
560
549
540
539
535
530
529
523
510
513
504
507
496
494
494
488
486
479
479
479
486
492
480
480
478
471
468
467
469
473
473
480
475
469
474
470
476
489
479
480
479
469
468
462
460
463
464
465
465
468
471
473
470
484
482
483
493
503
509
508
522
532
514
515
529
539
523
523
534
533
524
536
542
550
545
549
558
565
561
563
582
583
571
561
558
564
564
568
618
636
682
674
657
607
578
561
566
559
578
642
726
662
677
637
602
609
606
587
609
640
639
746
732
662
631
653
935
855
775
679
614
575
571
571
588
855
813
796
751
770
701
661
682
770
839
788
721
645
595
575
575
577
566
581
644
750
677
630
648
704
761
671
685
650
646
681
699
693
711
711
682
705
731
644
625
593
572
559
611
741
748
768
812
765
710
715
708
663
669
685
672
636
634
609
604
572
575
598
604
605
632
636
601
609
582
555
536
544
539
527
526
520
521
507
515
506
499
491
482
483
478
469
472
472
460
462
461
452
455
450
447
444
445
450
444
447
455
443
445
445
442
436
435
434
431
425
432
436
434
427
432
427
438
432
432
433
435
435
431
429
434
435
428
429
427
436
431
429
427
429
431
425
428
428
431
425
430
429
436
431
429
428
430
435
431
436
440
437
430
429
427
428
420
420
425
426
425
419
425
425
428
426
424
423
430
430
428
429
427
433
429
432
437
438
436
433
438
439
434
429
435
436
438
430
432
431
431
425
424
422
425
427
428
433
435
439
431
429
428
430
426
424
427
426
427
420
420
420
424
423
413
411
413
412
412
409
405
405
406
404
412
411
407
406
407
414
417
416
413
414
418
419
421
415
416
415
419
424
419
420
421
423
422
415
414
414
413
416
415
408
412
418
419
418
416
412
418
415
416
416
412
411
411
412
419
415
411
411
413
414
415
411
411
412
412
409
413
411
402
399
404
403
401
406
406
400
402
402
407
406
409
409
403
400
403
398
401
404
400
402
397
398
399
399
404
404
402
400
398
403
407
406
410
409
406
410
413
408
411
412
409
410
414
412
411
412
406
406
409
412
414
415
409
409
409
415
420
426
419
423
422
423
420
417
420
421
418
417
408
408
407
404
411
410
406
406
408
411
413
413
408
407
406
407
413
410
405
404
405
408
409
414
409
410
409
408
417
420
417
421
416
422
425
423
434
429
432
423
425
427
425
425
420
418
417
418
421
415
420
416
418
422
417
416
415
413
420
417
410
413
411
414
415
411
410
414
413
413
414
409
410
408
407
412
413
407
407
408
414
416
415
410
415
412
420
421
418
413
416
417
420
419
411
413
414
416
415
415
410
410
413
410
417
414
410
408
411
408
408
410
405
405
406
405
409
412
409
406
409
411
413
412
409
404
404
407
410
406
412
407
405
405
405
410
410
408
405
404
407
410
414
417
411
413
420
423
421
418
415
423
424
427
418
423
427
426
428
420
419
421
418
418
415
411
414
409
409
414
409
407
408
409
411
412
408
408
413
415
415
414
407
409
408
404
410
409
404
403
408
410
411
408
404
400
402
398
402
401
399
396
396
401
400
403
405
410
406
405
406
411
412
411
409
409
411
413
414
412
409
411
411
412
415
407
406
404
404
404
402
405
406
400
402
402
406
405
409
404
400
404
405
405
403
407
409
400
401
403
405
406
409
405
406
405
413
416
415
412
409
410
415
413
416
416
410
416
416
418
418
412
412
415
416
420
417
416
418
421
424
423
419
424
422
421
423
417
415
414
413
415
413
405
407
406
407
406
410
404
403
402
405
406
406
404
398
396
396
398
400
396
399
398
396
395
396
397
397
399
400
404
399
397
396
396
400
399
403
400
396
397
398
402
403
404
404
397
400
402
403
401
403
403
401
396
399
399
398
405
405
402
401
400
402
401
403
401
406
400
400
398
403
403
403
401
395
396
396
397
400
399
398
391
396
395
393
397
396
396
393
389
391
393
393
394
397
398
398
393
395
393
397
396
397
402
396
396
398
400
400
399
402
396
396
393
396
395
393
394
397
392
390
391
392
392
396
396
396
393
392
390
393
391
394
396
397
394
393
391
390
391
395
392
393
398
399
399
404
403
405
406
409
409
405
413
412
408
408
409
411
408
411
407
407
405
405
399
396
403
408
407
408
409
412
412
412
415
413
412
407
406
406
402
407
404
407
405
405
413
424
428
427
442
444
439
449
456
455
454
470
483
474
479
492
490
483
504
503
494
498
512
502
500
516
521
509
513
531
521
517
524
532
516
511
520
534
535
536
554
557
542
545
557
544
527
535
562
586
599
584
562
548
557
568
594
607
581
580
586
599
571
565
573
560
553
552
556
536
531
546
591
584
604
633
608
619
613
580
575
575
564
561
558
543
532
519
511
508
504
500
496
496
494
495
520
548
562
603
626
605
632
644
604
607
604
577
578
591
570
571
585
555
551
529
525
540
543
544
551
563
560
544
547
546
535
534
541
543
546
553
551
551
559
556
544
544
537
549
561
552
549
570
610
628
603
597
604
576
568
565
572
595
592
570
556
549
541
603
625
616
604
581
559
542
538
538
564
625
668
630
634
639
644
625
625
615
592
583
582
580
585
597
604
591
606
644
624
625
628
613
606
602
594
575
569
572
566
579
589
598
613
626
620
629
641
605
604
598
595
603
590
587
573
556
552
549
548
553
571
563
558
552
557
542
552
565
578
583
598
597
576
584
584
572
563
555
563
608
639
626
611
568
549
539
560
638
742
682
651
644
642
597
589
579
589
601
584
592
589
588
591
605
619
598
606
604
607
599
596
583
563
555
558
571
584
590
582
592
597
582
568
550
535
532
535
539
541
553
549
562
557
562
547
554
557
536
527
529
523
521
511
507
498
488
486
479
474
473
470
458
458
458
449
449
446
449
439
436
439
438
437
429
431
430
433
433
426
425
427
427
437
427
432
430
428
437
430
434
438
437
441
431
438
435
435
429
427
426
431
434
431
427
428
431
434
431
427
426
429
429
433
422
424
422
423
429
424
419
423
422
424
431
422
426
426
433
438
431
433
430
434
438
431
428
429
429
427
423
419
419
422
423
427
419
420
424
423
428
431
423
420
423
426
424
425
418
420
419
423
423
420
413
411
412
412
410
414
411
407
405
410
411
410
418
415
415
422
420
425
429
429
429
432
438
434
438
440
439
437
438
434
436
436
432
436
432
439
433
430
433
429
436
433
427
432
430
434
431
430
433
436
436
431
424
423
424
424
425
420
419
423
426
425
425
418
419
421
422
427
425
420
421
427
429
428
426
423
428
430
432
434
425
427
430
434
440
434
434
433
437
438
430
430
431
435
438
431
431
433
433
439
434
432
432
432
438
436
432
433
433
438
438
433
435
435
440
438
438
436
433
442
435
438
438
434
440
434
433
433
431
438
431
433
432
432
438
433
434
434
435
438
433
438
438
440
438
437
438
442
443
436
438
436
439
442
433
434
432
436
440
436
437
433
438
440
433
436
434
437
440
434
435
436
440
440
434
435
433
439
438
438
437
438
448
439
440
436
437
442
432
435
431
428
434
426
420
422
418
422
427
421
418
420
422
425
429
422
421
426
434
436
436
431
434
439
444
443
440
441
450
450
447
441
443
446
453
445
443
443
440
444
437
439
439
438
442
438
439
437
436
437
432
436
435
437
434
436
437
442
435
435
437
437
438
429
428
429
431
435
429
429
435
433
430
428
435
436
435
438
434
435
433
432
438
429
427
423
423
423
420
412
413
417
418
417
419
420
411
413
415
421
419
417
426
423
423
422
425
423
422
421
420
422
419
423
427
425
422
427
429
429
433
429
436
434
438
439
435
433
434
438
433
430
430
437
447
451
457
453
450
446
438
435
429
427
427
432
434
437
439
448
458
466
466
460
459
464
466
468
462
466
459
455
455
457
455
454
455
458
464
463
462
453
449
448
443
440
438
440
449
452
454
460
464
457
452
455
448
446
439
449
460
462
465
473
495
488
483
485
501
488
480
478
479
476
465
464
460
465
481
485
493
485
477
476
476
482
503
496
488
478
470
466
469
475
480
488
483
478
492
525
533
525
514
524
529
516
516
514
513
513
516
516
505
516
513
503
506
513
507
504
502
498
496
493
492
492
490
489
488
482
483
494
489
491
493
500
493
497
497
496
493
491
499
489
491
479
485
485
487
487
485
479
481
479
473
464
464
454
450
451
448
448
445
461
462
463
462
468
474
470
472
476
472
465
464
467
484
479
486
480
476
475
479
488
494
490
482
473
468
464
466
481
496
499
506
488
477
471
465
465
481
492
502
511
490
483
483
485
489
495
506
497
494
493
498
512
508
494
491
486
484
480
480
479
485
483
483
484
487
493
492
492
487
483
493
482
480
480
471
462
463
462
460
455
453
463
466
476
477
478
482
484
489
487
484
493
487
484
482
481
481
479
481
476
474
478
481
480
480
482
480
474
465
458
463
461
463
465
475
478
478
482
497
504
497
493
494
492
496
491
483
483
477
470
464
460
457
450
451
445
442
441
438
436
441
441
444
453
469
466
471
479
486
484
495
494
497
503
500
501
492
491
494
498
512
508
504
494
483
481
485
489
487
487
483
479
473
473
504
527
525
522
509
490
473
462
453
447
447
438
447
455
454
463
469
461
472
478
474
475
475
472
470
467
466
466
465
470
464
460
464
464
463
465
456
451
453
444
439
437
436
434
430
432
427
428
424
423
423
426
424
423
422
421
424
426
432
427
428
437
442
440
439
441
443
437
438
434
438
433
433
428
424
423
424
425
431
434
441
438
440
444
452
464
456
454
461
463
461
451
451
454
457
447
445
441
447
443
438
438
437
442
434
431
431
429
433
432
426
425
428
433
430
426
424
430
431
429
431
426
426
429
429
424
422
422
427
430
424
420
424
427
427
432
426
427
430
429
431
429
423
422
421
421
420
414
410
412
417
420
423
417
420
423
426
429
423
426
432
431
438
431
435
436
434
438
432
436
435
431
429
424
423
422
423
429
430
442
456
459
455
449
448
456
449
452
447
446
441
439
438
438
442
435
435
440
444
443
442
448
446
450
441
442
438
440
437
439
438
440
443
441
450
450
451
444
450
448
445
438
439
437
436
432
425
431
428
434
435
433
438
435
440
442
440
444
438
445
436
438
443
440
441
438
441
443
442
440
439
445
442
445
437
438
438
438
438
430
430
428
429
431
426
425
426
432
431
430
428
431
431
430
427
423
422
422
420
424
424
423
425
424
430
438
436
443
439
447
444
444
444
438
437
428
430
427
423
428
422
419
420
422
428
424
424
428
429
432
425
427
430
426
433
423
419
421
417
419
421
414
413
416
420
423
424
418
418
424
417
423
425
418
416
418
420
421
422
417
417
420
419
422
418
413
411
415
414
413
415
421
412
413
411
417
414
417
415
416
417
415
418
421
414
412
412
414
411
415
422
413
414
414
419
418
419
417
411
411
411
411
407
413
409
408
407
410
414
412
416
412
412
415
412
415
418
416
412
410
408
408
406
406
405
399
397
396
399
401
398
400
401
399
398
397
396
398
400
401
401
403
403
402
402
403
402
404
405
404
402
402
397
399
398
400
402
404
402
400
404
404
402
405
402
397
397
399
402
400
403
403
406
399
398
399
401
403
401
404
404
407
402
401
403
408
407
405
408
409
401
401
400
405
405
407
411
413
419
418
429
432
428
438
444
445
438
445
449
446
436
439
444
440
436
440
449
443
437
442
442
438
439
444
445
439
442
435
434
433
443
438
436
439
440
435
438
443
444
435
438
443
447
443
442
451
449
442
441
450
447
435
434
435
436
428
423
423
418
420
417
408
408
408
410
407
412
405
404
406
404
406
404
407
400
396
397
396
397
398
405
407
405
408
408
413
416
409
406
406
406
402
404
407
397
396
396
399
399
401
405
404
399
401
399
400
401
398
402
403
396
396
396
400
397
399
397
401
397
396
394
394
393
396
398
396
397
397
392
392
390
393
391
393
390
393
393
390
388
390
388
389
391
391
390
392
392
395
386
386
386
388
388
387
388
388
387
391
393
385
385
385
383
385
383
384
380
380
380
383
377
374
372
375
373
377
378
380
378
380
376
379
377
382
380
377
375
376
377
372
372
373
373
376
372
373
372
373
371
370
370
373
370
375
374
377
374
372
373
372
375
373
373
375
376
376
376
375
375
372
370
374
371
373
376
376
372
379
375
374
373
374
376
375
374
378
376
376
375
375
375
376
374
378
373
373
372
372
369
369
370
370
371
369
370
371
369
371
372
372
370
369
368
368
368
370
370
370
369
369
369
368
368
368
369
366
369
369
370
368
369
372
371
373
370
372
374
374
374
376
374
375
372
376
377
375
372
373
369
370
367
369
369
370
367
373
369
368
367
369
367
368
369
371
373
372
374
375
371
373
371
371
369
368
367
368
367
367
365
365
363
361
364
361
363
364
361
363
362
361
360
361
360
357
359
356
360
358
359
357
358
361
356
358
358
358
358
356
355
355
356
356
356
355
358
357
357
356
361
358
357
356
357
357
354
355
354
354
353
355
354
352
352
354
353
354
352
353
352
352
352
353
351
350
350
352
351
350
352
350
352
349
351
349
354
348
350
349
351
349
349
348
351
349
347
349
351
350
349
350
350
349
350
353
351
353
349
354
351
352
350
353
352
352
349
354
353
353
351
353
352
351
352
353
352
351
352
353
350
350
352
353
352
353
351
355
352
354
352
354
350
352
350
350
348
349
351
347
348
347
349
348
348
347
348
348
348
349
350
349
351
349
351
351
350
351
353
354
350
354
352
353
351
352
352
354
353
354
354
352
354
352
353
352
349
354
352
354
351
354
355
359
356
357
357
358
357
357
354
360
356
357
357
359
357
356
360
359
359
358
357
359
355
356
354
360
356
357
715
354
358
356
358
354
351
353
351
351
351
351
351
350
350
350
349
347
346
349
349
348
348
350
349
346
346
347
346
342
346
343
344
342
344
345
344
344
344
347
345
345
344
348
344
343
344
344
343
344
343
345
342
343
345
343
341
341
339
338
339
340
338
335
338
336
339
335
338
336
337
334
336
335
336
335
337
334
337
334
334
334
335
335
334
332
336
334
333
333
334
333
333
332
333
331
332
331
333
327
329
329
330
329
328
324
328
329
329
325
327
328
331
328
328
328
331
330
330
328
332
331
329
330
332
330
328
331
331
330
328
330
330
330
328
329
331
328
331
330
332
330
330
328
333
329
332
331
331
328
331
331
331
329
332
329
333
330
332
330
334
330
332
330
335
329
333
331
335
330
333
333
335
333
333
334
335
333
333
336
335
333
335
334
334
334
334
338
334
335
332
340
334
334
332
337
333
332
333
334
335
330
332
334
333
330
332
333
332
329
333
331
332
329
333
332
330
329
331
331
329
330
328
331
328
330
328
331
329
328
328
330
329
327
328
325
328
327
330
325
324
327
327
326
325
326
324
327
324
326
327
323
322
326
327
322
326
325
327
326
326
327
653
326
326
327
328
328
328
329
326
327
328
330
326
329
328
328
327
331
326
327
328
329
329
328
326
329
329
328
326
329
330
326
326
330
327
327
327
327
326
327
327
327
328
326
328
328
329
324
326
327
326
328
323
326
326
323
327
323
325
323
324
321
322
322
321
320
322
321
318
322
322
321
320
319
323
320
324
321
322
321
325
322
323
322
325
322
325
322
323
325
325
324
322
325
324
323
322
646
320
327
322
321
323
324
322
321
324
324
319
319
323
322
322
320
322
320
319
318
318
315
318
321
318
318
319
317
320
316
322
316
322
320
323
319
319
321
324
318
322
321
321
319
322
320
320
320
322
320
320
320
318
321
319
323
316
319
319
317
317
320
315
314
321
316
317
317
316
323
314
318
318
318
320
321
321
318
320
322
320
321
322
323
320
320
322
321
321
320
322
319
321
320
319
319
319
318
316
318
319
314
317
320
315
317
320
316
317
317
323
316
318
319
319
318
321
321
319
321
323
321
320
322
320
318
321
303
337
318
322
319
317
322
319
319
319
318
319
317
317
320
316
319
314
316
319
313
314
317
316
316
315
317
316
319
316
318
318
316
318
318
319
316
320
316
315
318
319
317
317
315
316
316
313
315
317
315
314
316
316
316
314
318
313
317
317
634
314
316
319
316
316
316
317
317
314
318
315
315
316
316
314
314
316
315
314
311
315
313
313
314
313
313
314
312
315
315
313
316
315
314
316
313
313
316
315
313
313
316
313
315
310
313
313
310
313
313
311
313
311
315
313
313
316
312
314
313
314
315
314
313
314
313
316
314
313
313
313
316
313
311
313
314
310
313
312
313
312
312
313
314
313
313
314
313
314
313
312
315
314
310
313
312
313
313
310
313
310
314
309
315
312
313
313
315
314
313
314
313
316
313
313
314
316
315
314
315
314
313
314
315
312
313
313
313
311
309
313
312
312
310
313
311
313
314
311
313
311
313
313
311
311
313
310
313
310
309
310
309
309
310
309
309
310
309
313
309
311
312
312
311
310
311
311
310
309
309
307
309
309
308
308
309
308
311
309
311
310
308
307
312
309
311
308
311
310
309
308
312
307
312
310
310
308
313
312
311
311
310
312
309
310
310
307
311
310
306
309
311
308
313
307
311
311
308
307
312
309
312
306
309
310
306
308
312
303
310
313
307
311
310
310
309
306
308
311
305
313
308
307
307
307
308
309
306
310
306
309
307
309
309
310
308
309
308
308
308
307
307
308
306
308
307
304
307
308
307
310
307
310
307
306
308
309
307
309
305
308
308
303
307
308
305
304
309
305
309
306
309
309
306
306
308
306
309
307
304
309
301
307
307
303
307
305
307
308
306
308
307
305
305
308
309
308
305
305
307
304
303
310
302
306
311
305
309
308
308
307
304
308
307
309
305
305
308
307
304
306
309
307
306
310
307
308
306
307
307
304
308
303
305
308
301
308
305
304
306
307
306
308
305
304
306
305
307
303
307
304
303
303
306
303
303
308
305
306
304
302
307
302
307
301
304
305
302
302
306
298
310
303
307
304
302
301
307
303
307
300
305
305
302
302
307
303
302
308
304
305
303
305
307
301
306
301
302
307
301
305
302
304
307
304
296
314
301
304
307
302
308
301
305
304
305
303
307
299
305
310
303
306
306
305
305
301
306
302
308
305
302
305
301
305
301
306
306
302
308
302
306
303
305
306
301
305
302
306
303
302
306
298
305
300
305
302
304
305
304
299
303
301
303
302
303
300
300
303
303
301
304
304
305
300
307
306
301
309
304
305
305
308
307
304
312
309
303
314
312
305
316
312
309
316
314
309
318
316
311
318
317
312
320
316
318
316
319
320
315
324
317
317
320
324
318
322
324
319
326
327
317
324
330
320
325
332
322
331
333
326
335
330
324
334
329
330
333
330
332
336
327
337
338
333
339
334
336
339
333
337
340
336
341
341
339
344
343
343
350
344
347
348
342
350
351
342
351
344
351
350
355
346
346
322
368
353
342
346
353
348
354
349
354
353
345
359
352
353
358
355
355
358
354
361
356
358
358
354
362
354
361
358
358
362
360
359
364
356
360
361
356
360
356
358
358
358
359
356
362
360
358
359
360
364
360
360
362
359
365
363
357
368
361
360
367
358
367
365
365
369
368
373
368
374
371
373
374
375
372
376
375
369
378
372
375
377
370
380
377
371
379
374
377
378
370
379
373
377
374
369
379
372
378
376
372
379
377
379
381
376
382
382
381
382
380
384
385
385
387
384
382
384
382
383
382
384
377
389
386
383
387
389
386
383
388
390
388
386
391
390
396
390
389
390
391
394
389
388
393
387
390
390
387
392
388
387
391
387
390
388
388
388
390
389
391
384
389
385
381
384
385
386
386
385
389
390
389
395
395
399
401
402
404
403
402
404
402
403
403
401
404
404
403
403
400
399
401
401
403
402
401
404
405
413
409
411
418
418
420
416
423
419
423
423
425
429
426
431
429
433
439
437
439
441
442
439
440
440
443
436
438
436
437
438
437
430
430
427
430
428
429
435
429
438
433
438
434
437
439
434
435
431
433
430
430
438
434
444
441
450
454
454
456
453
452
463
454
453
460
459
449
466
459
458
461
467
468
463
474
471
473
479
465
463
468
468
470
465
463
461
461
457
469
475
469
464
469
473
470
478
465
472
471
465
469
471
475
472
476
473
469
463
465
469
469
463
469
462
463
462
467
467
470
476
465
467
467
465
465
465
460
461
459
462
458
461
459
455
460
463
464
461
463
458
457
461
455
467
463
463
465
462
473
469
470
479
478
479
471
474
472
466
470
476
471
471
474
470
469
471
480
471
474
482
479
492
492
486
494
490
491
496
493
490
501
500
512
501
492
503
516
504
506
513
504
514
502
509
503
504
503
492
491
486
480
478
472
470
476
472
474
474
475
471
477
474
473
489
486
487
498
496
496
503
505
499
500
508
512
515
520
517
519
516
522
519
522
518
517
514
513
516
511
516
512
514
515
514
515
513
512
515
509
515
506
515
509
510
514
507
511
504
509
506
505
510
504
505
501
496
504
502
502
500
499
499
494
496
496
491
493
495
490
497
497
499
502
504
504
508
507
512
511
513
515
513
520
513
512
514
511
506
508
502
501
499
498
497
498
495
493
494
490
493
487
490
485
483
483
482
485
485
491
487
491
487
492
488
492
497
490
496
497
500
504
501
502
499
498
501
488
495
494
498
489
490
493
484
485
482
479
479
475
472
472
470
471
473
478
479
478
481
480
487
487
490
494
492
498
495
498
501
502
503
509
505
513
509
506
507
498
500
506
504
508
508
511
510
509
517
509
516
509
512
513
510
513
508
507
501
509
502
501
505
504
502
507
503
504
507
503
503
496
495
496
497
503
505
502
505
504
502
506
502
505
501
501
500
498
500
501
500
495
495
494
492
493
490
489
489
488
488
487
486
492
490
489
491
487
482
489
485
483
484
482
483
479
482
479
480
480
478
483
478
479
479
482
485
480
484
488
486
485
487
483
487
485
483
493
489
489
494
492
493
498
503
502
504
499
499
494
494
489
488
492
493
492
496
495
492
499
497
498
499
499
498
503
504
503
505
501
504
502
503
512
511
512
513
511
517
512
515
512
508
514
510
509
515
511
512
512
509
503
506
504
493
495
495
497
501
498
500
502
500
508
505
514
510
516
514
513
516
510
510
514
513
513
519
518
523
527
524
522
520
522
525
517
511
516
521
509
510
513
512
504
502
506
502
500
498
500
494
492
489
490
486
486
483
480
483
479
479
482
482
486
485
490
491
491
495
493
490
497
492
491
495
493
491
491
487
486
491
489
494
497
498
504
500
500
503
496
501
496
495
497
495
494
496
494
491
498
494
499
499
494
500
509
516
521
518
523
523
521
523
524
522
518
522
518
519
521
523
521
528
523
524
518
516
521
521
523
526
520
520
525
521
518
514
509
511
514
509
514
510
511
512
509
516
513
515
521
517
526
522
522
527
533
528
533
532
530
525
521
518
519
520
515
522
520
528
525
534
531
538
536
539
533
535
532
535
533
533
528
529
522
522
522
523
519
521
516
521
521
518
521
516
518
517
513
521
516
521
519
519
523
520
521
519
514
523
517
527
525
524
523
525
532
526
530
522
518
521
518
511
517
510
513
505
504
507
503
508
505
502
510
507
506
512
510
518
517
518
512
519
508
506
503
508
513
514
509
513
510
508
513
510
511
510
506
512
508
511
511
517
512
515
521
512
511
511
511
507
502
497
503
498
499
503
501
503
504
507
509
512
514
516
508
509
518
517
514
517
513
510
512
511
505
508
505
506
503
498
507
501
506
506
507
508
509
506
509
506
505
506
505
505
509
505
505
507
504
508
503
504
501
506
503
503
508
507
506
505
506
519
520
520
521
518
514
517
513
514
516
516
514
515
514
512
516
510
511
503
511
507
515
514
518
517
517
524
523
529
528
522
525
526
523
519
515
512
517
511
513
507
507
500
499
500
500
496
504
502
503
507
499
497
514
511
508
506
503
505
504
502
499
504
498
503
501
499
507
501
502
500
504
511
511
510
511
509
508
503
502
504
504
499
507
502
503
511
505
512
511
512
519
519
517
513
514
509
508
509
504
511
510
510
516
517
516
522
525
521
531
524
524
521
522
530
531
527
530
526
526
523
525
523
521
521
518
513
518
517
513
516
511
515
510
513
511
508
511
507
515
518
515
517
520
529
534
538
533
539
533
529
520
516
510
513
510
506
512
509
510
514
510
518
512
514
517
515
519
519
514
518
515
510
510
503
511
507
509
514
505
519
515
514
513
510
513
509
510
512
513
506
508
506
501
506
501
502
506
505
504
505
502
501
502
501
503
504
505
502
501
497
496
493
503
507
504
502
512
507
507
511
510
506
510
511
511
508
505
515
510
515
517
515
521
519
516
521
518
522
522
522
528
527
521
530
527
521
530
523
513
532
521
520
522
511
509
504
502
503
508
509
512
515
512
520
515
520
517
514
524
510
514
520
519
521
524
530
547
549
547
544
542
536
525
535
531
524
533
531
526
530
535
524
549
549
541
543
542
540
535
531
527
521
519
518
523
527
537
543
544
547
544
538
547
550
549
543
546
559
568
572
568
564
571
569
566
568
574
581
582
586
586
579
578
562
557
557
559
562
559
555
554
557
557
571
588
580
577
595
589
583
590
581
575
581
581
578
571
572
568
563
559
557
583
582
588
581
571
565
560
563
560
559
559
567
581
585
579
598
590
587
585
563
584
577
564
570
565
554
548
546
546
545
547
556
565
586
601
608
621
609
594
609
599
587
577
570
564
553
541
533
535
537
541
542
549
561
596
607
590
576
568
563
558
559
555
548
551
554
548
542
542
541
539
535
541
548
549
537
562
558
558
549
541
537
527
538
542
545
541
543
546
550
553
562
565
565
561
563
567
574
566
563
570
568
564
569
562
556
556
554
553
552
550
540
542
538
537
538
541
549
544
549
546
538
530
525
520
519
521
527
529
530
543
555
567
567
565
572
574
578
571
566
550
538
534
532
531
533
540
546
555
568
575
589
585
578
563
572
570
563
547
559
550
544
542
542
541
539
539
544
549
556
559
558
561
566
564
561
560
561
558
554
550
550
552
560
562
558
563
567
564
559
554
554
557
558
566
570
578
584
573
565
566
560
557
552
547
549
555
558
557
568
571
568
566
566
563
562
558
557
554
552
555
558
562
568
582
587
590
590
589
584
574
566
563
563
557
552
555
553
552
558
560
560
565
566
565
571
567
564
570
565
561
555
553
547
545
552
554
563
569
568
562
571
562
556
550
552
552
553
547
545
550
553
550
547
539
555
550
549
548
546
543
541
540
539
529
541
540
541
549
555
557
561
564
570
575
581
578
574
572
568
565
563
561
557
555
553
553
558
567
573
583
591
597
590
587
582
575
568
564
559
554
547
556
547
547
545
545
539
556
550
558
559
561
559
549
542
544
537
537
534
533
535
537
537
543
559
574
589
593
587
583
579
576
569
564
561
556
550
550
545
547
547
547
549
555
556
557
557
554
555
556
558
557
556
556
562
564
564
563
563
562
550
565
555
552
534
554
549
549
548
547
544
541
539
538
535
536
542
550
579
599
607
603
611
604
596
585
575
568
566
564
563
562
563
563
564
565
564
561
559
562
563
562
562
568
569
566
565
562
558
553
549
548
549
555
563
569
576
578
584
585
587
585
583
584
580
576
573
569
570
576
583
584
585
585
580
580
579
580
580
578
572
577
572
571
569
566
561
561
561
565
570
569
577
577
574
577
577
578
575
573
571
568
568
563
563
559
556
553
551
550
550
551
560
567
564
560
558
557
556
553
554
558
561
563
563
563
562
557
551
549
547
548
547
546
550
563
584
607
610
607
603
595
585
581
570
580
576
568
562
558
552
546
544
545
551
560
566
569
575
581
582
582
576
573
569
567
564
561
547
568
563
563
559
557
550
544
535
529
525
521
527
541
553
557
573
585
583
577
560
561
560
550
539
555
555
563
563
561
557
555
554
551
548
544
542
528
556
553
553
551
553
551
548
546
546
546
550
558
563
563
561
559
560
563
570
568
571
565
565
564
563
562
559
556
558
557
552
541
561
556
551
547
544
541
537
535
535
537
544
546
546
557
559
559
563
571
568
567
564
562
559
556
556
561
567
575
582
581
579
575
570
549
575
567
565
563
558
554
551
548
547
546
549
552
555
554
559
560
563
564
566
568
563
559
554
552
550
551
556
560
562
562
561
563
561
559
541
558
549
549
544
542
541
536
528
529
525
514
514
511
514
520
530
539
545
543
549
552
555
554
553
542
528
534
529
529
525
527
529
536
541
548
556
560
554
556
554
552
548
547
541
536
540
543
551
556
551
548
549
552
557
561
561
563
567
567
565
573
564
561
556
548
550
555
560
562
563
559
550
543
545
543
539
538
540
534
541
538
548
552
556
555
553
552
548
546
549
550
551
560
581
597
607
606
602
597
590
582
568
558
550
547
543
543
551
566
584
595
591
586
583
584
577
571
552
574
567
564
561
557
551
546
542
539
538
541
545
553
557
561
558
560
563
564
560
565
559
555
548
546
541
540
535
537
532
535
532
529
525
521
519
519
524
526
546
565
578
584
583
577
566
564
563
562
556
551
542
540
534
536
532
534
534
537
535
535
538
545
548
548
551
562
569
573
575
575
575
573
563
555
555
548
549
551
551
557
560
563
557
556
555
558
556
562
563
563
559
557
554
553
551
550
560
561
563
563
568
559
571
573
576
575
575
572
569
563
563
561
560
559
553
550
548
553
570
605
621
639
621
610
599
589
580
571
565
562
557
553
551
558
555
552
546
549
549
553
564
575
570
563
573
574
578
578
569
559
561
558
554
547
543
538
534
533
536
534
550
573
594
604
607
593
585
579
577
578
578
578
568
563
545
573