943
940
887
859
852
1631
1451
1383
1317
1284
1146
1019
945
1029
973
989
1101
1252
1219
1344
1200
1117
1174
1194
1240
1425
1206
1330
1220
1297
1240
1225
1158
1049
1100
1056
1015
1009
1041
1038
1098
1070
1033
1001
989
998
999
990
923
905
900
874
850
835
917
1005
999
980
1087
1046
1093
1064
1128
1164
1172
1143
1028
1071
1194
1106
1179
1166
1188
1206
1146
1209
1225
1058
1157
1144
1136
1327
1193
1277
1185
1146
1238
1174
1175
1307
1195
1324
1224
1262
1212
1169
1224
1126
1092
1036
986
1057
1054
1101
1155
1056
1068
1086
1039
1058
1126
1106
1199
1133
1093
1077
1054
1053
1106
1094
1042
1088
1104
1075
1165
1105
1093
1045
988
997
977
1023
1097
1050
1117
1182
1066
1136
1175
1127
1213
1139
1129
1157
1097
1098
1202
1157
1165
1177
1088
1113
1119
1078
1183
1222
1164
1306
1263
1227
1249
1139
1202
1182
1147
1229
1169
1207
1228
1146
1146
1082
1044
1099
1172
1173
1070
1009
979
1017
987
1023
1115
1078
1140
1110
1049
1077
1063
1038
1121
1143
1116
1113
1018
1022
1062
1040
1000
962
941
928
920
913
931
939
928
913
897
917
889
849
908
879
842
822
821
854
968
1087
1085
1032
1049
1100
1177
1146
1116
1173
1260
1229
1097
1126
1220
1150
1128
1216
1132
1099
1166
1191
1141
1243
1191
1115
1148
1141
1131
1178
1119
1192
1239
1139
1140
1070
995
1023
1012
1084
1243
1182
1149
1146
1084
1125
1201
1149
1278
1182
1188
1151
1104
1159