800
778
788
874
983
874
821
822
799
747
743
730
723
725
699
652
689
691
686
692
691
678
674
1322
293
1681
648
646
655
641
1244
610
604
609
616
581
606
586
595
595
570
567
591
581
1154
586
592
564
581
588
584
562
596
583
1127
576
569
563
569
552
543
561
536
533
557
536
514
547
521
723
318
532
505
528
1032
498
1022
511
498
524
996
496
505
499
495
1491
478
498
493
490
964
489
475
505
468
480
479
966
460
487
475
480
457
965
459
492
467
479
462
479
484
456
485
469
459
473
476
470
468
465
480
465
463
470
456
470
480
451
476
463
459
944
455
942
483
456
471
488
452
955
459
471
465
465
484
458
466
490
456
467
489
460
483
466
463
479
468
468
471
463
470
472
457
486
454
461
487
448
464
483
909
480
454
459
474
456
448
477
444
460
475
440
454
477
451
442
921
450
917
446
920
446
447
465
456
446
456
469
890
466
452
438
463
444
448
455
459
439
460
471
445
918
448
917
449
444
458
466
436
454
473
437
450
472
446
457
919
450
465
480
445
458
479
457
451
475
463
451
457
472
898
920
447
474
454
450
929
457
465
463
462
462
464
458
459
473
441
945
436
466
477
446
461
477
443
461
476
461
446
466
472
904
468
460
452
476
452
457
484
449
463
477
452
461
477
460
461
479
468
472
490
468
473
484
479
467
490
468
465
489
458
474
492
454
474
489
927
472
477
460
482
464
465
475
462
472
475
465
474
468
461
478
462
464
478
462
463
479
462
467
492
459
476
494
470
469
486
467
482
478
463
489
462
470
496
456
469
493
930
486
952
459
474
479
456
480
471
454
481
928
484
460
489
469
961
465
490
470
476
506
942
497
468
497
478
480
481
473
498
479
467
503
473
479
485
478
491
466
503
466
475
496
930
492
460
480
471
469
490
459
954
459
940
938
473
470
478
460
468
484
453
467
477
462
468
481
454
466
490
455
461
479
470
457
479
465
459
474
458
465
948
457
479
472
459
480
472
457
479
473
462
473
475
462
469
481
460
466
485
456
948
456
459
486
454
944
457
938
464
458
468
467
463
451
475
460
444
479
455
451
464
467
452
934
450
449
475
456
459
449
479
449
440
466
458
447
448
471
447
445
444
472
435
447
466
449
448
456
464
448
456
451
463
459
440
469
455
448
464
458
446
468
471
452
458
460
461
455
449
462
460
437
467
461
444
447
473
452
441
457
461
451
438
470
438
908
459
440
451
456
452
452
434
460
455
443
440
470
446
448
445
473
436
450
463
455
445
454
469
452
453
443
478
447
448
914
452
445
467
460
457
449
474
460
451
933
452
937
453
450
478
460
451
455
476
440
450
459
455
450
451
468
446
447
472
447
454
445
472
453
448
444
475
450
895
473
439
458
461
471
452
463
479
456
464
470
472
466
456
482
464
458
481
474
461
950
456
456
481
466
461
456
477
466
450
483
461
465
468
479
461
958
458
455
485
472
833
576
449
459
952
454
472
491
444
476
494
445
472
485
472
915
485
443
462
488
453
470
473
463
453
457
478
458
462
464
468
460
449
479
461
449
470
466
450
463
473
450
931
453
445
463
461
457
450
480
444
459
466
473
454
460
479
460
463
453
482
463
444
476
465
453
927
447
448
458
466
446
443
475
453
445
459
463
438
452
457
458
450
434
466
460
446
921
446
442
464
465
437
451
473
441
454
458
462
444
454
465
454
452
439
471
449
447
915
441
445
441
468
441
433
915
438
444
439
464
438
436
916
429
444
451
464
447
444
917
449
447
444
473
437
453
459
457
447
445
454
461
444
444
914
442
441
451
472
438
444
470
448
452
452
467
452
452
457
465
452
435
459
463
434
453
471
438
436
450
466
429
442
454
462
441
447
436
466
446
438
442
468
446
880
466
437
450
449
457
441
444
437
466
393
481
905
445
445
431
457
455
434
435
449
463
435
438
447
460
425
442
438
457
422
882
456
439
446
426
460
452
436
437
455
457
424
447
449
443
441
443
427
904
433
432
445
458
424
443
890
438
437
429
890
435
418
434
445
438
430
438
421
451
442
427
849
876
429
426
421
884
437
417
432
886
437
434
422
441
453
430
421
434
889
438
437
429
443
451
440
422
435
446
442
436
438
426
457
444
437
433
442
463
426
447
902
448
875
462
441
440
448
464
449
447
431
463
456
439
896
458
427
448
908
443
446
441
458
444
438
907
438
877
462
432
438
441
447
447
438
436
883
440
435
423
441
460
424
444
426
897
431
419
435
884
856
436
438
459
861
424
905
430
856
893
433
438
867
442
425
855
888
434
439
424
458
444
430
432
435
456
429
435
434
448
875
433
427
447
445
416
436
438
442
441
434
430
872
448
417
432
882
437
357
497
878
439
417
434
450
445
427
438
442
444
465
420
452
433
461
446
434
432
455
452
425
443
899
442
444
431
910
443
445
435
464
447
436
893
461
427
1354
441
443
435
910
437
1326
442
438
440
436
460
444
435
895
452
424
443
457
878
443
441
446
443
440
439
451
445
445
431
460
454
436
438
462
452
426
441
453
446
439
440
887
446
436
434
442
465
429
448
904
446
445
442
911
439
429
441
463
443
1313
457
436
438
448
445
460
443
439
441
467
445
432
442
464
451
441
444
444
448
440
451
899
440
428
444
457
445
439
445
434
462
447
442
906
445
435
448
465
426
447
903
437
447
428
462
447
435
438
446
462
441
1345
445
444
430
911
433
1315
438
435
437
418
452
442
426
418
433
448
440
432
436
418
449
449
427
416
434
439
438
434
431
420
870
438
415
865
438
446
438
395
896
452
434
434
435
428
449
432
428
443
428
450
443
427
432
434
450
429
428
444
438
451
435
434
867
457
421
437
441
444
450
438
434
431
452
451
422
445
438
449
441
438
433
895
445
423
444
897
438
445
433
909
437
863
894
434
439
433
891
437
438
434
892
443
418
1318
875
431
888
442
424
446
444
453
444
442
435
905
441
424
442
450
448
438
438
431
896
440
421
440
449
450
444
442
438
909
440
874
456
449
883
448
451
440
434
451
438
880
435
458
448
433
438
436
460
439
435
430
453
449
420
433
445
448
446
438
434
876
454
424
440
441
434
450
435
429
429
437
450
429
433
434
417
443
443
425
415
422
876
431
424
424
418
432
443
417
428
427
416
873
431
409
860
425
442
433
421
426
414
877
425
425
410
873
429
435
426
869
438
414
428
433
438
442
432
425
426
431
451
428
433
437
422
450
445
428
421
435
891
434
433
425
884
436
413
438
873
859
867
435
448
437
423
427
428
447
435
427
432
416
888
430
415
432
438
438
433
430
424
858
449
420
865
414
889
427
430
423
869
439
412
419
436
428
434
443
419
410
429
434
446
429
409
434
862
439
428
422
845
448
434
428
431
420
874
434
412
427
436
420
888
423
418
432
878
432
431
426
860
445
421
1272
883
431
415
424
435
427
445
436
423
416
429
445
440
424
430
427
876
432
850
871
438
431
428
881
439
417
866
446
455
419
427
860
450
424
864
417
883
865
425
873
440
415
430
437
427
449
435
423
840
441
437
428
425
427
853
445
418
433
427
414
446
436
423
837
861
432
427
421
841
441
434
431
427
425
422
434
446
420
417
431
433
882
425
434
421
867
439
412
427
433
413
884
425
840
868
432
424
426
865
438
422
410
434
434
445
438
424
430
430
445
440
424
847
444
431
864
486
824
433
851
451
440
437
437
422
908
433
424
435
892
434
434
425
885
440
414
1307
448
439
428
432
430
450
436
431
438
421
450
444
426
855
888
432
435
430
881
442
417
438
433
423
897
431
418
433
888
429
870
896
428
438
426
460
448
432
867
452
437
436
436
425
450
446
426
421
432
890
867
430
888
438
417
438
877
435
434
426
876
310
549
867
433
450
437
428
426
433
887
429
435
421
895
433
418
431
445
440
432
428
430
868
444
416
430
434
423
447
435
420
416
426
435
435
838
424
436
413
444
438
417
409
424
855
438
427
415
415
420
858
428
418
417
416
416
436
426
418
422
418
854
429
408
421
428
1282
422
406
1277
438
430
414
408
422
856
424
418
414
409
420
854
427
425
416
408
421
854
430
424
410
406
416
857
427
418
413
825
854
420
412
838
414
856
423
405
420
420
404
861
423
400
418
424
1266
417
1242
413
438
429
415
407
419
865
425
424
417
835
436
433
424
422
421
417
431
444
424
425
432
414
881
424
414
423
437
431
435
423
417
843
440
428
421
425
413
873
427
839
864
438
425
423
853
441
435
408
437
427
879
422
432
415
449
434
428
434
417
892
425
394
449
447
439
425
429
418
877
429
432
426
864
438
411
433
430
423
448
436
421
427
414
443
435
853
425
856
442
416
857
410
884
426
407
853
420
439
432
417
403
560
286
417
437
431
417
402
837
421
429
428
420
419
416
413
415
424
427
832
414
416
408
858
415
401
421
422
416
432
434
414
1671
442
421
419
424
413
423
431
438
412
423
425
414
862
434
414
423
431
411
886
423
411
427
867
434
430
425
425
423
871
427
426
421
870
435
414
438
425
448
445
433
433
429
446
455
423
871
450
433
431
432
436
442
439
436
423
428
429
446
438
426
423
418
876
437
411
429
427
438
441
416
429
436
419
452
436
422
416
428
872
430
425
425
854
445
417
426
429
408
879
422
1685
433
428
413
418
411
863
432
404
418
427
418
872
419
409
423
856
430
421
418
828
863
422
420
413
413
420
857
418
418
416
413
426
436
423
420
426
416
868
432
410
421
434
422
440
436
418
836
438
433
426
423
423
845
443
416
426
430
413
884
423
414
423
863
435
424
419
423
410
435
429
423
422
419
414
428
437
424
420
424
410
441
418
427
418
418
417
425
439
420
420
422
410
866
432
409
420
432
419
443
435
420
837
873
428
427
424
849
444
425
425
428
414
882
431
411
1285
442
432
419
838
878
426
425
421
425
440
435
409
423
427
419
438
432
417
833
859
427
420
419
419
411
433
432
419
416
415
833
434
422
413
420
409
839
436
408
416
423
405
855
425
405
407
840
854
421
418
1246
436
416
418
419
409
854
424
404
420
420
404
863
418
403
842
409
867
420
403
838
420
439
431
416
409
419
856
420
418
840
410
864
425
405
417
427
408
440
431
417
419
417
413
427
434
419
417
433
411
441
438
430
409
420
433
431
441
434
420
846
444
438
426
427
420
425
879
421
431
429
421
450
438
423
418
429
429
437
430
429
419
423
422
439
433
426
420
422
858
435
412
423
429
415
443
432
417
432
423
420
446
437
423
434
897
447
427
437
444
458
432
438
424
455
445
433
888
437
427
438
463
422
439
448
448
435
888
1304
449
424
421
894
416
441
429
446
430
413
884
421
424
434
451
424
861
441
440
435
428
857
451
416
426
440
438
436
429
422
421
433
443
423
425
431
411
883
423
409
479
804
433
423
417
416
421
437
429
420
426
415
1294
406
415
432
423
438
429
416
410
421
863
426
420
415
856
432
406
419
430
418
440
430
416
834
862
417
416
409
868
422
420
417
413
424
438
418
418
425
409
437
437
426
405
424
423
421
440
422
420
417
418
871
429
407
419
428
421
437
431
414
408
423
857
422
418
414
410
424
433
417
423
420
409
415
424
434
409
416
422
410
841
438
412
418
425
411
863
428
405
424
427
408
877
424
408
1270
442
430
419
838
878
427
430
420
871
437
413
427
435
427
442
425
862
412
886
422
840
580
283
430
424
418
422
414
867
418
418
426
848
438
411
420
428
409
869
427
405
852
421
865
415
829
864
844
415
413
427
858
415
414
407
852
437
427
412
412
417
840
434
422
409
407
419
417
423
436
428
413
409
424
421
431
437
428
415
411
421
869
428
407
425
427
405
875
426
407
422
427
408
876
424
406
845
419
439
432
415
410
422
857
432
426
418
410
425
867
426
423
419
417
428
439
432
424
426
419
859
441
415
428
427
409
882
425
407
1270
866
418
423
417
855
439
414
422
429
408
877
426
407
419
431
416
436
432
415
409
419
859
429
421
415
416
413
438
430
422
421
419
846
440
414
425
426
410
440
438
418
421
415
442
438
414
427
430
431
453
426
419
426
875
854
421
414
433
440
429
424
429
415
444
440
430
417
430
873
440
432
423
425
433
447
434
425
428
420
869
438
411
426
431
417
880
412
432
417
870
436
411
422
434
424
444
433
418
839
438
437
429
426
419
871
431
428
422
421
429
440
430
423
428
416
878
428
411
432
426
440
434
429
421
423
430
441
429
423
430
412
884
425
412
428
870
854
428
853
439
420
421
430
412
877
424
408
428
423
431
435
430
417
834
862
832
856
413
438
437
416
406
424
846
436
425
412
409
420
848
430
421
414
831
437
430
426
421
418
849
438
424
421
420
421
422
437
433
411
419
433
416
438
436
419
835
436
438
423
427
415
423
436
439
413
857
426
434
433
838
432
439
416
414
431
409
443
429
416
409
418
429
422
425
417
412
412
419
432
425
413
418
408
840
842
415
417
400
860
421
420
825
421
435
431
413
405
424
420
422
436
429
415
402
417
427
407
867
425
403
420
426
407
870
426
402
843
404
861
425
402
416
422
409
850
834
412
418
404
854
424
419
406
404
829
418
859
417
402
413
425
404
858
422
400
838
405
848
427
1244
411
839
429
1239
407
831
432
408
409
420
407
821
420
425
412
414
409
413
402
845
419
413
408
819
847
420
415
410
404
417
845
425
417
411
822
849
420
415
409
405
414
846
419
415
420
419
408
838
432
411
413
416
407
829
428
413
414
414
411
413
837
432
416
417
413
414
418
433
420
420
414
413
411
415
426
426
419
412
401
424
408
851
425
405
416
421
405
842
432
412
414
418
409
832
431
419
417
415
412
416
411
428
426
419
416
414
822
846
823
832
412
420
425
425
402
411
416
405
409
415
424
423
413
407
396
425
402
431
424
413
394
409
419
400
849
416
810
410
399
818
852
811
406
402
407
836
419
417
410
401
414
850
419
400
415
421
398
859
422
400
414
421
401
858
420
815
419
403
1272
1235
402
857
419
397
966
266
852
418
412
399
429
412
433
417
411
401
414
853
824
834
411
851
422
407
413
416
406
843
421
419
410
417
399
852
420
419
407
405
417
407
418
433
424
411
401
835
410
428
431
413
398
414
416
403
419
432
412
412
408
814
841
426
419
406
401
412
828
423
424
404
398
823
407
852
409
397
410
417
1254
416
396
816
411
823
431
414
411
408
407
413
399
424
413
426
417
404
401
415
418
400
851
410
424
407
815
688
993
410
813
417
406
845
415
395
409
420
396
846
417
402
823
407
821
425
413
411
407
411
411
401
836
414
417
406
808
839
418
412
403
399
410
412
410
426
419
408
396
825
404
427
421
412
395
407
419
396
848
407
413
403
397
1226
839
795
819
403
818
417
413
406
407
403
406
401
421
417
414
411
399
397
408
405
407
412
421
406
405
405
406
408
427
402
483
349
395
429
419
417
407
401
413
414
416
428
413
413
412
413
412
430
422
413
423
409
857
427
407
411
429
414
422
440
408
421
414
413
425
435
419
411
428
404
865
421
404
413
424
410
861
420
403
841
411
435
431
413
409
417
854
837
406
835
429
412
834
402
858
416
1229
400
854
412
395
825
398
843
414
1215
398
824
419
397
401
814
604
635
396
816
397
814
423
401
813
399
814
422
406
397
417
401
402
409
417
417
798
412
410
396
844
412
391
410
415
399
846
409
394
401
421
395
837
414
406
800
408
819
421
413
791
819
400
424
420
405
394
399
420
399
417
422
405
392
820
395
844
411
396
817
400
815
828
406
400
396
416
401
821
420
409
402
409
358
454
394
830
415
411
400
396
406
408
406
421
418
407
393
819
395
1245
394
816
396
813
419
405
402
402
403
407
396
823
408
411
399
401
393
413
396
814
413
408
398
388
396
414
391
816
412
399
395
405
398
391
402
402
396
820
407
396
391
406
397
391
401
399
389
812
403
398
387
404
396
392
396
402
389
809
813
400
385
800
396
786
399
401
412
404
399
383
392
406
392
797
413
395
396
404
396
389
402
396
382
833
811
396
392
400
404
396
412
403
408
405
399
393
400
411
393
828
416
397
400
418
397
404
397
416
412
815
402
395
813
395
830
411
399
804
399
798
809
412
413
404
386
400
409
396
805
817
402
415
397
388
396
411
393
804
812
396
395
384
807
812
812
400
404
397
391
401
399
403
416
408
403
388
803
399
400
396
814
410
410
385
408
400
796
816
414
409
398
391
400
410
396
1223
413
786
814
398
1627
400
407
397
804
410
408
414
418
408
394
408
410
400
813
419
413
821
402
800
419
396
839
412
402
814
401
818
827
404
391
407
413
394
833
413
407
392
814
400
406
418
415
406
411
399
393
408
413
407
412
418
400
392
403
414
392
829
415
399
402
801
410
392
412
410
406
409
399
392
407
404
399
837
407
392
814
399
809
411
414
459
348
404
403
803
407
418
409
405
390
813
396
837
407
392
812
396
813
415
401
803
400
404
394
821
405
413
397
392
400
413
395
821
407
401
404
405
399
406
396
415
407
411
412
396
391
400
413
392
1237
399
804
399
398
397
412
406
402
402
805
398
390
403
403
400
415
409
403
389
802
391
798
815
400
406
779
1193
798
818
397
1183
394
1596
402
403
391
383
798
392
391
395
727
480
402
394
1175
394
780
394
389
801
402
397
386
401
393
384
795
381
796
798
794
387
381
792
387
396
385
786
801
399
390
392
400
393
778
403
388
790
399
402
1177
407
389
800
408
403
395
400
394
393
396
396
394
411
404
399
383
395
405
396
799
404
410
809
397
390
396
414
394
809
409
409
804
397
393
403
407
389
408
405
823
402
1197
395
401
395
816
407
413
399
388
806
396
802
402
408
401
396
395
401
393
411
403
399
401
393
391
402
414
397
399
399
396
395
394
410
402
397
402
392
387
397
401
1206
401
393
799
391
397
391
413
397
405
409
395
384
396
402
391
393
396
401
404
399
405
394
381
796
390
398
382
798
400
395
397
394
389
1176
380
797
398
403
798
391
1187
384
806
812
801
394
372
411
406
394
798
803
405
396
401
401
394
389
396
805
795
410
406
400
394
399
396
398
386
804
384
803
808
395
412
395
386
805
787
390
810
404
404
396
403
393
385
395
401
387
396
394
398
396
398
402
393
381
389
397
392
771
399
382
776
392
393
791
395
397
394
400
389
380
788
390
383
791
382
782
397
394
397
400
400
396
776
393
383
397
396
389
387
394
400
393
806
397
387
399
396
394
385
391
409
1177
799
398
408
396
384
392
397
395
384
798
385
785
793
402
401
397
390
789
392
383
390
397
395
396
383
799
800
399
397
390
383
793
390
386
392
404
395
806
395
385
794
389
391
396
402
399
404
402
395
780
397
394
389
398
396
386
807
404
400
397
398
394
387
396
400
389
395
396
414
391
805
394
383
792
392
1176
382
791
797
396
408
396
386
792
394
785
796
409
398
403
410
393
387
805
395
396
392
807
407
409
400
387
398
403
396
406
389
807
409
409
400
391
398
405
392
407
390
808
411
396
409
402
394
390
397
409
788
396
404
406
813
394
387
801
395
790
805
400
408
396
384
395
403
395
400
387
799
408
405
398
385
799
391
391
399
404
407
402
400
394
388
397
407
392
804
404
406
405
399
397
389
809
387
823
407
396
400
402
397
401
401
401
414
399
410
395
390
396
411
389
811
402
407
402
400
385
413
392
399
404
399
411
403
401
394
386
396
409
387
806
407
403
400
402
387
1202
400
410
406
401
405
396
389
398
408
389
809
409
404
399
401
401
796
801
416
406
402
389
397
404
392
397
396
810
407
403
396
402
398
393
406
398
390
815
409
403
401
404
400
396
810
397
420
411
403
388
401
408
397
803
410
414
403
392
393
404
400
412
392
812
413
413
392
800
402
387
413
386
808
409
406
407
401
396
391
400
407
392
811
408
411
802
399
407
393
816
414
414
400
389
401
410
392
814
412
407
400
405
404
394
408
402
405
422
412
404
389
400
414
398
816
418
412
790
1210
821
412
405
401
404
402
397
403
412
404
414
406
389
406
392
801
818
406
389
798
399
397
393
813
406
395
396
400
386
409
392
396
398
400
413
401
389
392
399
392
392
397
396
396
410
402
399
392
392
396
396
386
396
400
384
799
401
401
795
392
384
392
403
392
391
391
802
403
402
396
382
796
392
397
385
797
403
401
396
393
381
406
390
399
386
399
397
409
403
397
383
396
401
392
792
412
396
392
393
804
404
397
401
412
404
397
398
388
412
386
822
405
398
387
410
395
798
410
404
399
400
397
401
393
816
408
408
396
389
396
407
396
413
411
404
1193
392
1609
795
399
399
396
394
393
406
408
802
394
388
396
396
395
412
405
399
386
799
390
792
399
405
396
402
389
385
389
403
386
792
404
400
394
397
392
1175
384
805
806
392
383
1187
797
800
393
402
395
401
387
397
404
403
403
781
396
398
392
795
413
398
407
397
786
395
396
398
811
396
392
395
400
381
409
386
807
405
402
383
789
400
383
794
404
397
397
389
385
794
787
399
407
787
395
391
388
403
407
792
391
390
393
409
396
393
399
387
796
408
392
394
397
388
794
410
396
796
394
790
405
404
402
395
391
384
392
403
381
802
404
396
786
392
394
383
787
793
392
401
389
389
378
787
394
384
786
402
402
463
1091
395
382
396
392
381
794
402
392
394
389
390
379
391
395
386
772
791
399
401
392
378
784
388
381
1569
390
399
402
390
379
782
389
774
393
380
789
794
792
389
380
789
388
778
391
392
786
401
397
392
398
391
384
394
403
387
789
798
800
391
382
1577
388
789
805
397
401
389
382
790
392
392
394
404
400
397
398
389
383
792
382
791
405
394
789
393
385
789
394
408
397
397
393
385
396
391
383
395
395
381
803
394
393
782
389
381
390
399
383
782
790
394
399
386
376
784
387
392
384
778
799
392
389
389
391
389
382
787
386
781
777
795
788
392
386
391
401
396
407
404
396
389
789
395
783
398
385
807
406
393
393
396
393
387
793
383
396
398
405
401
398
389
388
401
392
786
392
390
410
400
396
391
787
390
774
795
402
400
386
381
788
379
409
397
398
390
782
391
384
394
392
382
407
386
793
390
377
1158
397
385
1560
396
397
388
378
777
387
379
783
384
772
396
388
792
392
386
391
391
387
379
391
395
387
386
385
781
791
394
390
394
398
386
380
782
393
1167
381
785
789
396
402
393
385
778
391
383
395
392
379
788
791
1170
392
769
393
393
771
388
406
393
399
396
382
395
392
392
377
399
396
394
391
408
402
396
392
388
398
396
390
393
395
395
408
400
396
392
391
396
393
782
395
392
807
397
393
785
391
384
396
397
385
797
802
389
393
379
401
396
385
400
397
404
398
403
390
383
393
399
391
781
805
394
396
396
395
394
384
400
396
392
411
402
398
391
388
404
393
786
800
407
404
395
386
392
403
392
795
404
400
396
404
392
387
398
394
391
811
399
409
395
382
397
402
385
803
405
401
396
396
393
388
397
791
402
406
397
385
394
400
390
391
393
805
399
405
392
382
397
784
404
261
563
351
461
388
810
396
813
813
404
394
386
808
809
811
401
397
386
408
396
398
396
411
406
403
408
396
386
401
401
396
798
406
403
790
393
384
396
395
388
813
399
395
789
391
387
793
384
807
399
393
788
392
384
791
385
407
395
407
400
773
393
403
380
813
401
386
793
396
796
408
393
389
401
396
396
392
403
405
398
404
393
386
794
387
808
395
407
390
775
401
384
796
402
397
788
391
384
393
395
382
804
398
390
784
389
775
787
401
402
394
379
786
385
386
391
399
393
798
394
385
783
391
784
396
393
405
402
396
381
794
392
396
385
793
404
406
391
384
793
384
1206
393
784
389
787
784
409
391
399
395
383
779
402
386
797
806
781
396
397
777
392
808
806
392
384
392
408
385
818
400
1182
395
785
397
396
409
406
398
389
790
394
791
785
808
401
391
791
392
387
397
395
385
802
396
407
397
382
787
387
390
388
790
404
397
394
1163
388
383
394
391
378
787
397
396
789
384
379
390
396
385
393
379
391
386
795
391
387
778
387
396
380
780
399
398
392
385
778
387
380
781
378
784
790
784
384
376
774
388
395
380
775
398
396
782
383
382
380
400
381
779
790
389
401
383
375
778
386
768
788
780
386
380
385
388
384
786
797
394
1164
389
775
394
385
797
400
398
794
390
386
393
406
387
793
403
401
398
402
391
385
794
386
812
397
384
393
397
388
1194
387
381
1188
385
796
796
395
380
783
387
386
386
793
396
400
390
379
785
389
783
791
793
387
381
787
389
776
793
399
400
392
375
789
388
385
1182
395
402
387
389
380
1174
1189
398
396
770
787
393
783
396
406
771
387
405
381
790
396
401
778
381
397
403
383
397
382
387
387
407
395
384
390
383
768
786
791
385
376
779
381
405
395
392
376
391
392
379
1183
388
776
382
382
386
394
400
385
394
387
392
378
394
793
390
376
396
391
392
389
389
408
394
379
389
396
389
390
391
397
397
389
397
388
388
386
797
794
391
381
789
383
808
396
384
788
387
783
393
402
782
392
383
782
381
805
393
386
782
385
393
384
791
391
403
385
382
383
396
380
790
387
396
385
386
378
393
382
399
399
386
378
782
376
791
396
386
776
385
381
385
391
402
394
389
385
764
788
398
395
383
377
778
375
796
392
390
390
390
387
1157
377
788
790
770
313
462
386
767
784
398
396
391
381
1548
378
390
390
400
394
394
385
771
386
379
389
391
377
776
398
395
780
384
377
383
397
384
777
789
1549
384
769
1558
398
382
389
389
386
379
778
376
783
396
390
777
384
763
394
382
775
392
777
397
376
771
396
389
385
379
381
389
379
404
387
386
373
376
389
372
382
373
375
384
392
370
375
379
744
370
391
375
370
380
368
371
365
374
367
375
362
368
369
374
373
366
367
371
373
375
383
374
370
365
378
366
377
375
374
381
369
377
371
381
380
373
376
377
366
381
377
371
374
374
375
368
373
374
372
368
368
370
376
369
369
368
378
370
366
367
384
371
366
371
372
379
372
373
372
368
375
377
381
377
371
371
760
385
368
382
376
390
389
384
375
374
396
381
775
390
399
374
388
390
399
379
789
398
387
386
394
393
395
382
786
400
403
396
381
393
406
381
812
398
383
394
402
385
793
804
789
397
401
392
806
800
393
395
391
403
403
794
392
395
389
1193
394
786
393
394
393
392
400
391
395
387
385
388
398
380
801
395
387
783
386
775
390
392
402
397
391
379
785
387
390
386
789
801
393
379
790
777
788
393
395
402
389
379
790
391
783
799
394
401
386
381
395
398
388
387
923
268
397
400
389
1554
390
384
797
402
395
390
395
391
384
391
399
381
791
795
790
386
382
390
399
382
788
793
789
386
381
787
388
780
793
398
398
388
382
788
389
781
797
781
785
391
395
382
784
403
400
395
384
785
385
393
381
400
391
402
398
394
379
783
386
775
391
399
390
395
381
759
396
378
780
395
395
387
389
383
377
384
395
381
767
784
783
386
374
775
383
383
383
771
399
382
393
393
385
372
384
392
384
379
777
374
779
783
391
396
385
380
379
392
384
377
777
375
772
388
392
775
379
374
379
394
379
384
379
386
382
395
389
385
380
382
386
382
1145
373
771
777
774
381
373
773
381
383
377
775
784
390
384
380
391
382
769
387
379
781
396
392
387
390
382
382
388
378
389
402
396
375
396
384
383
779
375
393
389
402
395
391
386
386
396
391
380
393
391
384
406
395
393
387
388
394
388
774
388
388
794
391
381
773
385
768
385
377
789
392
379
1147
392
379
769
389
390
780
378
373
770
379
388
374
386
384
394
391
385
377
768
380
376
387
386
374
775
388
390
389
391
379
752
395
380
767
777
381
385
769
381
373
381
390
379
379
379
771
776
388
378
769
380
374
768
377
758
380
368
769
770
776
384
379
766
381
374
771
378
763
379
374
758
767
776
384
380
383
384
376
372
768
376
1295
597
371
1525
775
386
381
771
379
375
380
388
378
383
376
386
377
396
375
394
388
384
393
380
372
381
390
385
373
771
381
384
379
385
376
773
782
384
369
771
375
764
382
374
775
387
388
389
395
384
379
379
389
383
760
388
379
383
376
386
376
771
388
387
391
390
386
382
377
392
383
376
776
375
386
381
394
389
788
388
381
771
386
758
392
377
385
380
774
1174
383
762
779
377
794
394
1158
385
379
776
378
781
391
393
393
397
386
376
775
386
376
390
389
383
385
380
781
790
387
395
386
378
782
383
385
385
396
389
395
399
391
383
777
387
380
385
397
381
779
787
788
385
374
778
386
378
779
380
382
384
780
394
395
388
382
385
387
384
762
392
377
385
380
394
384
395
390
390
385
761
387
389
384
375
379
395
379
382
380
394
385
786
771
391
386
381
375
386
389
384
374
384
389
375
774
386
393
389
393
382
371
774
381
767
385
373
782
394
388
780
381
757
774
383
382
788
782
393
392
383
375
781
383
392
379
777
798
389
378
779
384
780
798
780
384
395
390
1593
400
397
785
390
1588
800
389
381
395
394
390
777
793
396
401
390
383
773
387
771
385
385
779
395
383
387
385
382
372
381
391
379
384
373
384
375
769
775
382
394
379
370
374
388
379
373
381
385
368
769
519
1021
379
374
766
377
379
378
386
1150
388
391
385
393
381
374
379
388
381
377
379
391
380
761
771
388
394
381
372
379
391
378
762
378
377
768
777
385
392
381
371
768
376
377
376
390
375
392
386
385
380
763
380
373
377
391
378
380
376
389
379
385
392
386
384
765
379
373
767
379
371
382
386
370
767
386
772
382
390
385
379
374
382
391
381
378
767
375
770
392
389
776
381
371
380
390
379
383
375
772
390
395
381
366
489
279
376
1529
771
377
368
763
374
378
375
760
385
388
383
376
373
382
376
371
374
760
391
382
371
379
365
373
760
374
377
369
755
1142
377
379
375
373
366
753
373
742
373
749
373
379
382
380
379
371
365
754
365
376
365
751
385
379
374
363
749
372
366
374
377
370
738
374
365
749
378
375
762
374
369
375
377
368
1060
427
362
373
379
369
374
368
372
1120
381
379
378
388
373
369
755
376
365
376
380
368
370
749
368
749
756
758
378
384
376
372
379
378
373
365
756
371
362
760
369
376
752
376
768
377
372
751
374
367
373
379
368
374
370
375
365
750
750
752
383
381
372
376
383
378
374
379
361
378
373
372
743
375
363
689
433
364
371
380
367
1115
365
745
745
752
362
389
375
382
375
373
753
371
364
373
378
370
361
741
377
1109
371
1109
368
368
362
378
367
745
374
374
381
371
371
376
755
370
365
741
371
372
739
369
1111
371
362
748
371
362
745
368
360
744
367
359
747
364
362
367
376
365
1106
363
360
364
377
363
733
373
362
367
369
371
362
370
366
374
366
372
369
372
365
374
366
376
365
374
367
379
365
748
739
753
752
381
378
383
378
376
373
378
382
371
363
751
374
366
755
368
365
376
375
364
743
373
372
388
375
754
376
383
374
373
363
754
376
362
372
369
757
768
374
372
377
376
374
365
374
315
1174
753
384
384
374
371
749
369
740
386
369
368
368
753
760
376
372
373
375
375
362
371
381
369
740
376
1113
751
759
376
375
758
370
367
747
372
367
371
380
364
743
750
378
381
375
378
380
379
362
377
372
373
361
1127
363
750
753
381
375
382
377
370
363
375
373
372
365
750
372
738
378
368
741
373
366
370
368
376
365
749
754
380
379
374
374
374
375
369
361
372
375
369
365
746
366
370
367
749
1126
375
373
382
370
368
745
372
365
1500
364
374
368
377
363
752
377
375
386
373
376
378
377
378
369
363
375
375
370
736
381
364
370
370
374
1118
750
756
375
378
378
380
373
369
745
373
362
371
379
374
739
377
366
375
367
375
742
371
379
373
754
375
376
748
369
361
371
375
364
1111
362
740
371
368
747
376
375
374
382
373
372
749
369
361
746
370
361
362
747
379
366
358
370
377
363
362
746
366
732
372
362
370
363
372
362
731
370
365
733
374
363
738
739
744
377
367
744
374
372
749
370
374
372
382
369
1111
369
360
749
366
734
379
365
1110
362
732
381
1104
744
380
373
371
380
375
370
749
365
366
738
368
360
744
361
364
738
363
729
370
361
731
373
361
735
737
368
363
734
380
372
365
383
375
376
373
360
368
375
358
379
364
374
363
371
364
368
368
746
751
388
366
377
377
378
382
374
374
751
372
362
753
374
365
751
371
366
371
376
371
360
751
367
1111
361
738
742
754
371
369
743
368
362
742
368
728
372
365
1102
362
731
371
362
364
366
370
1849
745
373
372
383
375
373
379
371
383
373
366
368
377
370
326
408
378
363
316
427
370
365
370
364
747
375
375
757
368
381
369
365
372
372
368
362
1108
368
359
369
1113
370
368
358
364
375
366
361
367
376
363
361
365
375
364
730
373
361
735
370
361
368
365
371
358
734
740
739
376
372
747
374
374
753
368
368
743
372
360
746
371
362
744
369
359
745
366
364
367
378
366
361
747
363
734
373
365
369
366
372
363
738
738
746
377
371
381
366
748
373
377
374
382
374
367
368
379
369
363
749
370
361
371
377
369
361
372
377
365
365
744
369
371
366
372
366
370
369
374
368
737
374
370
747
752
756
369
357
745
368
364
689
424
358
369
378
360
376
360
372
358
741
377
368
751
370
366
373
374
367
361
367
375
368
359
364
748
371
354
745
370
366
373
365
372
361
374
367
1119
367
371
748
369
372
374
380
374
373
371
375
369
384
384
373
377
388
377
756
374
364
373
383
376
367
373
383
371
375
368
387
377
386
387
376
368
765
374
377
377
386
390
389
385
376
368
771
378
384
374
771
773
774
381
373
385
386
381
763
380
380
400
382
388
393
386
386
368
396
380
771
771
394
395
387
377
777
380
773
394
395
389
387
383
379
381
393
377
398
390
387
380
771
376
391
376
396
384
783
382
371
382
389
376
759
393
382
387
386
380
370
374
389
369
385
368
387
380
383
387
377
1124
375
1127
369
750
761
766
375
373
750
373
366
698
804
370
745
380
375
761
377
381
375
384
372
366
374
382
375
370
377
376
373
757
760
772
379
380
754
377
368
760
373
748
379
365
759
382
378
381
379
377
365
378
375
366
377
362
757
385
297
455
370
373
372
372
365
370
379
367
369
362
747
383
365
377
374
372
377
366
362
366
375
369
733
368
361
743
374
375
747
367
361
740
369
363
742
366
357
368
375
362
365
368
373
357
372
364
366
366
364
363
745
729
378
372
374
372
370
369
360
374
367
364
440
301
367
1104
363
369
365
373
362
746
372
373
376
378
370
371
747
369
363
745
368
361
369
376
366
736
374
364
741
746
752
373
370
369
379
380
379
376
374
757
370
365
749
374
365
752
371
364
753
369
370
374
376
364
371
373
374
367
1129
374
384
373
380
380
378
385
373
368
372
379
374
1119
371
743
375
363
750
747
380
382
372
370
755
369
363
746
370
362
744
368
362
371
374
366
736
371
361
371
364
370
362
740
736
745
376
372
378
376
372
372
736
372
362
362
372
750
366
364
738
365
373
362
372
361
738
376
363
746
380
369
1125
374
756
371
373
750
367
360
749
370
363
749
366
365
747
367
369
368
372
1112
376
373
382
367
374
380
370
372
370
375
366
361
741
370
360
742
366
360
365
373
365
364
365
372
365
361
734
360
358
737
358
369
364
363
359
726
370
365
735
370
370
371
372
368
368
374
368
364
359
356
375
366
359
734
367
364
352
736
362
360
367
367
370
367
370
369
367
369
361
355
366
371
350
729
364
359
736
370
372
737
360
357
732
363
357
735
362
1089
361
354
364
370
357
358
364
371
358
358
361
370
360
354
730
361
353
361
370
360
354
360
367
359
354
360
368
360
351
358
370
359
354
360
368
361
354
360
365
363
353
726
362
353
729
360
354
715
731
360
1079
359
359
725
359
362
730
359
365
734
360
365
737
361
367
735
363
366
364
376
363
369
738
365
367
733
365
366
738
364
364
739
363
366
741
364
365
739
364
366
740
363
366
738
365
364
1101
370
360
376
365
364
739
364
365
738
364
364
732
361
363
732
1085
366
726
365
1092
361
1086
364
358
730
362
356
732
362
357
1454
361
361
728
362
359
731
360
362
732
361
365
734
361
365
366
364
363
364
369
365
364
364
730
367
370
737
367
371
373
373
369
370
371
379
366
371
739
368
363
366
374
369
361
744
367
362
742
366
361
739
364
360
364
374
366
358
738
365
356
734
364
355
735
365
354
734
363
357
733
364
358
731
363
355
727
360
355
720
362
364
1439
359
357
724
358
356
725
358
359
728
360
362
729
360
363
363
370
361
362
730
362
360
731
362
1090
363
358
733
366
358
736
356
724
729
363
358
729
369
1098
372
367
738
372
373
367
382
367
369
743
365
365
734
367
321
776
366
361
733
365
360
735
362
359
358
372
363
360
1459
362
355
364
366
723
358
355
728
724
359
354
726
361
354
727
357
354
723
358
354
723
359
355
720
355
355
721
355
357
722
356
361
359
363
360
362
362
364
731
362
365
734
357
370
739
364
366
741
363
361
739
1094
369
729
358
370
737
369
358
741
352
372
742
363
358
369
369
363
350
372
374
360
361
362
372
361
1094
361
356
365
373
359
357
365
371
352
736
355
365
371
359
354
736
362
354
364
372
352
366
678
420
356
366
368
353
373
361
355
676
422
357
732
361
354
733
362
354
681
416
354
733
351
374
364
354
366
313
398
386
363
356
368
365
726
366
358
364
371
727
358
361
731
360
361
729
361
353
733
361
360
358
377
361
722
366
365
372
364
369
376
366
362
735
362
360
368
731
372
361
366
363
727
737
734
734
369
368
375
361
364
372
372
374
366
369
742
365
358
738
366
358
738
361
362
357
379
359
367
356
367
1091
734
369
370
362
367
365
365
367
369
729
359
361
729
363
357
733
361
359
731
363
359
728
364
1087
363
358
728
361
1085
722
360
357
727
359
361
730
359
363
732
359
365
729
726
359
374
354
368
733
363
365
365
371
363
365
737
360
365
724
734
363
365
733
362
366
735
365
367
365
367
361
362
362
365
359
362
726
357
361
726
358
363
726
357
361
728
357
361
360
370
357
360
730
357
364
725
354
360
1081
361
728
354
359
729
358
361
729
359
359
729
360
360
729
360
360
727
357
353
737
354
363
728
356
362
366
363
355
363
361
359
357
362
717
365
358
717
366
358
721
365
356
365
358
361
357
351
726
361
350
732
355
360
720
353
361
363
353
357
356
717
360
358
717
361
355
721
363
357
716
363
355
364
355
362
355
717
362
347
362
726
361
352
726
358
354
722
359
355
720
356
354
718
354
354
716
354
352
703
720
349
367
349
354
718
352
353
718
353
344
719
352
354
711
352
353
716
350
355
714
351
355
718
350
358
354
363
351
361
355
366
354
359
357
361
356
356
362
355
357
358
716
366
355
716
361
357
357
357
362
721
355
360
354
355
360
362
356
339
371
360
332
738
361
359
357
352
367
360
354
354
362
352
354
715
349
359
699
713
697
1069
353
358
354
355
348
350
713
352
353
348
360
356
357
345
361
354
351
353
356
354
353
716
349
354
359
346
708
711
354
351
712
719
359
344
365
357
350
722
357
354
358
368
355
358
354
718
355
1072
355
364
358
717
366
355
353
363
364
356
352
726
355
356
360
361
712
355
351
722
357
351
353
368
354
350
354
364
356
353
357
363
354
354
353
361
354
356
357
359
350
357
711
709
709
357
354
358
354
360
352
354
715
358
351
354
368
355
356
717
356
359
714
715
716
1074
364
718
364
354
723
363
361
364
359
356
357
358
359
370
361
355
367
368
359
358
734
339
382
734
363
359
364
365
367
360
360
376
367
364
1085
365
719
362
358
715
356
360
354
364
353
362
353
1072
352
352
352
366
354
347
353
364
356
349
652
420
348
712
351
355
705
354
353
703
354
354
355
349
357
348
342
714
345
356
350
362
355
354
706
351
350
355
355
354
352
706
357
353
359
353
357
354
348
355
361
346
358
358
359
354
349
356
354
358
349
351
365
354
346
357
358
355
349
357
362
354
354
348
361
351
352
359
347
707
358
353
355
348
349
713
354
352
709
355
357
346
355
701
708
704
360
338
365
351
342
351
358
359
360
351
353
1416
703
356
348
360
354
358
699
348
364
356
349
354
357
362
357
703
709
353
356
701
716
350
357
359
350
352
355
358
354
346
717
354
350
711
715
349
354
708
447
260
700
354
352
359
349
359
352
344
715
354
348
711
351
353
351
354
352
347
701
354
351
700
358
348
354
351
354
349
341
711
352
346
708
354
353
345
353
352
346
360
348
345
350
357
348
354
352
352
338
354
359
350
706
350
350
700
350
351
354
354
351
339
1065
352
344
354
354
703
353
353
346
352
690
707
355
349
351
336
357
359
354
350
349
702
351
347
698
353
347
345
350
362
354
349
1405
350
354
698
353
351
357
350
356
350
343
714
354
348
698
712
348
352
700
353
348
357
354
356
350
344
713
354
353
710
698
1055
354
357
349
357
353
345
716
354
352
701
357
351
697
357
351
356
350
356
340
361
353
349
354
358
352
349
706
352
348
356
346
356
351
345
714
353
348
712
346
351
702
697
700
359
351
342
714
356
346
709
348
354
703
702
705
703
703
357
352
1060
354
344
351
356
359
348
349
354
357
358
351
484
572
351
354
703
352
354
703
354
349
711
357
353
356
350
356
350
351
348
356
347
703
356
348
1764
349
346
351
365
355
343
717
354
350
700
1064
345
352
349
362
358
346
353
713
353
354
356
354
366
350
354
356
348
355
360
359
358
353
709
359
364
349
363
359
364
354
363
359
360
362
360
365
365
356
366
359
363
365
360
359
367
368
359
363
365
366
359
364
728
359
363
366
371
361
369
735
368
364
367
372
378
362
374
747
370
368
374
381
370
376
368
382
380
374
377
384
385
376
382
383
392
381
380
380
378
391
395
384
386
386
388
388
383
382
399
384
389
387
394
399
390
394
400
402
389
401
394
405
395
402
400
396
417
411
403
411
405
398
410
398
418
404
406
404
417
405
416
833
412
423
413
427
413
416
413
415
414
414
416
412
430
414
419
421
412
417
418
421
842
418
422
421
424
421
423
420
420
426
423
423
416
432
427
868
432
439
439
434
438
437
430
431
427
438
430
869
437
438
445
441
447
432
445
445
449
438
438
436
435
436
435
441
434
440
443
447
446
444
898
445
437
876
439
439
443
879
449
441
447
447
444
438
440
451
443
444
383
503
1740
432
433
428
441
436
438
883
445
449
444
453
448
880
445
440
444
436
448
440
456
457
437
442
437
442
445
447
444
450
445
459
449
450
453
454
449
451
458
457
453
468
466
472
466
471
464
467
463
466
916
468
469
471
471
474
481
484
486
483
474
981
490
477
475
472
464
466
474
469
460
462
464
452
460
461
462
450
469
464
457
465
470
469
454
472
470
466
468
463
474
460
472
462
470
475
465
473
471
475
477
479
467
485
475
471
474
474
477
471
484
472
480
483
479
483
479
482
472
484
482
488
476
468
477
478
478
952
478
482
481
485
478
483
487
475
483
477
482
476
464
482
474
475
471
472
480
473
471
479
474
422
521
967
472
451
476
473
471
467
466
474
468
470
467
476
467
465
467
469
466
461
464
466
462
464
464
468
462
456
465
463
455
467
461
455
458
455
469
462
459
451
463
449
448
905
459
462
462
458
467
461
466
458
466
469
463
459
934
467
455
461
459
468
468
475
470
470
482
474
475
467
479
470
469
478
479
473
468
475
475
481
479
483
967
507
504
493
499
498
490
486
483
484
485
485
478
481
480
482
479
479
492
491
501
501
496
494
490
487
489
490
491
482
494
493
496
495
490
490
489
492
488
485
495
498
502
507
509