1106
1064
1002
1030
1094
1100
1071
1014
980
1045
1221
1213
1133
1130
1214
1213
1127
1124
1186
1227
1127
1137
1199
1205
1097
1163
1351
1268
1150
1242
1290
1188
1080
1124
1240
1287
1247
1212
1235
1211
1112
1185
1303
1249
1155
1188
1320
1274
1199
1186
1175
1190
1145
1090
1152
1180
1135
1050
1091
1244
1180
1094
1171
1264
1194
1076
1048
1132
1293
1242
1135
1164
1189
1088
1058
1122
1194
1201
1123
1168
1224
1209
1101
1168
1286
1219
1127
1183
1269
1270
1154
1219
1238
1186
1060
1073
1136
1202
1129
1026
1055
1111
1101
1051
978
980
996
1035
1034
979
994
1054
1135
1078
1049
1105
1108
1100
1060
978
1029
1107
1187
1070
1054
1109
1166
1119
1037
1056
1147
1188
1108
1044
1091
1133
1166
1069
1062
1098
1135
1077
1061
1109
1123
1055
1046
1090
1121
1083
1036