1029
947
813
905
1210
1077
1078
1098
968
817
1188
1066
937
1154
1019
909
1096
1088
912
962
1177
1092
947
819
877
1244
1073
1119
1161
1122
1072
1157
1159
1054
1133
1173
1148
1067
1091
1181
1175
1124
1016
997
1225
1141
1108
1113
1153
1090
1053
841
949
996
1206
1081
1046
1118
996
1063
1075
948
1052
1149
1019
1093
1055
1052
1079
991
956
1104
986
966
1114
1005
1010
1080
1012
1026
1071
1011
1034
1045
978
1008
1006
959
1073
1034
1012
1066
1049
968
907
976
1146
981
1050
1035
1015
1061
1021
1006
1050
1007
997
1023
992
1022
1044
979
1020
998
957
1023
964
982
1012
965
1021
980
996
1026
1003
952
1015
1063
1055
988
1057
1061
1047
944
942
1112
1125
1008
1081
1075
1022
1071
1027
1004
1053
978
1047
1000
986
1060
1021
986
1048
991
1009
1044
956
949
961
1087
1019
962
1052
1035
1021
1074
1019
1025
1056
1003
931
933
738
735
1196
1101
1068
1007
1063
1079
1077
1065
931
795
1040
982
1044
1006
1014
978
903
806
1139
1056
983
948
892
1138
1046
983
1048
1071
1044
1055
1094
1066
1046
1091
1080
1108
1138
1096
1122
1139
1090
1118
1127
1035
1117
1123
1038
1127
1105
1017
1098
1078
976
920
1158
1330
1140
1141
1112
1083
1112
1085
1084
1127
1065
1053
1094
1125
1040
1107
1141
1055
1018
1115
1104
1031
903
839
1071
1008
933
1118
1020
956
1023
1025
961
1007
1018
939
1001
1034
978
985
1018
949
993
1013
950
1002
1017
983
1005
1047
976
973
1035
998
942
1011
999
942
998
1005
940
1004
997
951
1013
966
970
1002
965
935
1017
992
980
1041
1014
928
939
1033
1002
915
968
1026
996
930
1004
1022
954
1005
1019
941
982
985
933
915
978
964
918
923
980
979
937
961
1008
980
940
1002
1015
961
895
781
702
739
882
1105
975
969
974
908
930
969
981
986
993
989
1010
1006
956
895
902
1065
1031
961
1040
1053
1002
1045
1063
994
1035
1061
1016
1046
1048
1008
1060
1059
1017
1077
1056
1004
1089
1060
994
1055
1054
1029
955
1045
1027
987
1057
1005
1027
1050
986
995
1009
912
867
995
1024
1031
1003
971
1045
1003
954
997
953
859
838
802
818
1089
986
985
982
941
976
997
949
1009
1044
1018
969
1056
1064
984
1052
1005
1044
993
1023
987
962
1046
993
1006
1039
959
1009
1001
967
1031
952
1017
976
1012
1029
938
1009
1006
930
998
1009
981
1066
979
1009
1037
977
926
1042
994
1042
1065
981
1041
1038
1003
1052
964
1010
986
949
1036
966
1040
1015
979
1022
969
920
1045
1007
1002
1052
979
1074
1091
1000
998
1072
1057
1020
1071
981
1069
1072
990
1103
1015
1020
1065
977
1031
1050
997
1051
983
1022
1043
971
1024
1018
899
837
912
1043
953
891
870
895
1057
1027
1013
990
963
889
828
815
916
1117
996
980
963
962
876
779
744
784
1042
1036
922
852
901
913
849
906
943
937
909
874
918
949
919
879
964
1000
975
1230
1128
1025
1095
1098
1035
1104
1054
992
1043
976
966
908
979
977
975
915
955
1043
978
917
1006
1016
979
982
1071
1013
960
1033
1023
991
906
822
758
1009
1188
1098
999
1063
1046
982
1022
1055
1034
988
1061
1061
1007
1050
1087
1013
943
1084
1080
995
1100
1054
1048
1093
1013
907
798
771
768
719
719
717
668
661
646
657
617
621
625
602
609
627
644
647
637
617
611
620
632
634
658
724
767
718
692
686
685
708
741
717
678
695
786
775
774
701
693
692
670
650
634
637
756
743
715
813
915
835
797
803
818
811
753
773
943
827
845
885
838
832
854
836
907
835
786
761
719
683
685
706
685
696
733
801
787
829
971
892
859
918
893
861
773
817
909
828
828
846
815
828
805
745
782
934
867
756
788
835
777
812
807
732
720
757
720
668
642
625
644
724
767
773
817
837
821
777
748
762
800
770
876
877
812
813
825
881
771
699
678
667
764
833
828
803
724
720
719
701
669
686
776
763
773
792
805
771
762
730
625
659
642
637
665
645
611
631
637
604
620
617
628
622
662
805
783
888
948
979
948
890
922
913
770
720
701
743
729
732
913
852
827
917
847
859
879
896
840
745
694
688
711
708
723
828
808
916
930
898
890
807
733
693
691
738
759
745
734
701
672
632
643
699
816
831
896
882
862
771
754
716
684
648
625
593
587
599
1386
649
782
827
819
922
891
917
936
920
882
733
689
665
652
643
633
628
621
629
628
644
675
736
735
710
693
672
647
629
615
582
602
666
1071
921
1034
1013
903
850
777
1003
848
744
710
756
712
709
830
845
760
775
829
762
721
784
776
725
691
676
657
637
642
611
598
595
604
606
612
632
664
684
737
719
679
645
630
622
599
575
588
556
566
566
561
564
596
628
632
648
718
711
722
729
686
668
652
698
679
678
643
641
648
696
818
880
813
971
915
884
923
956
946
896
922
963
1022
968
914
938
933
795
788
820
799
789
769
727
770
740
791
822
739
793
829
773
743
729
733
710
683
662
652
660
669
646
714
999
850
901
889
901
924
869
799
699
656
691
896
785
730
736
909
1042
894
856
996
980
822
736
747
882
1079
1005
903
802
736
1005
1215
1084
946
996
1010
818
714
659
648
707
794
855
747
689
688
807
1064
1116
1034
937
874
791
808
766
757
984
837
756
759
836
962
973
857
857
917
932
832
791
829
763
718
728
799
783
742
737
757
741
704
684
723
787
835
801
806
834
832
766
712
715
754
728
677
676
750
832
915
792
756
777
773
700
667
679
733
835
756
726
753
829
790
731
766
785
783
733
697
679
651
667
685
671
685
667
668
766
829
773
771
813
806
825
813
747
730
757
741
732
688
685
777
769
793
772
780
803
789
787
742
745
696
730
828
749
681
653
695
808
921
815
878
946
827
851
813
693
610
604
627
733
694
776
817
758
672
665
663
753
707
676
694
667
650
626
658
619
614
606
607
612
591
586
577
582
583
578
571
569
569
563
569
570
587
598
596
587
571
578
574
589
580
601
613
602
607
620
645
626
603
603
600
630
661
653
650
620
608
596
633
614
565
590
581
580
592
575
563
554
574
566
542
544
538
537
528
524
521
524
519
515
535
610
553
544
540
579
582
579
575
602
597
567
552
544
538
507
503
515
502
493
489
480
479
479
470
465
463
460
447
446
448
446
427
425
431
430
428
417
406
405
405
406
404
413
402
402
389
386
385
386
386
391
392
394
401
389
393
381
384
379
381
377
379
382
384
388
391
392
392
396
392
387
379
384
383
386
389
393
396
395
403
393
388
385
384
386
390
394
394
402
398
406
391
392
387
391
393
396
397
396
402
394
393
387
386
388
394
397
395
398
396
400
388
388
386
386
387
393
396
397
398
391
397
389
390
388
385
393
394
398
395
396
396
394
388
390
391
396
400
396
398
396
392
390
390
392
396
398
396
399
396
393
388
389
389
396
399
394
396
394
393
391
390
388
393
394
397
398
397
396
393
390
392
396
396
396
401
397
396
395
391
390
394
396
396
398
393
395
389
388
384
386
390
390
394
389
391
389
386
386
385
386
390
390
392
396
390
391
388
387
386
387
388
389
391
387
391
387
387
384
380
381
383
382
390
386
383
387
383
386
381
376
378
378
375
380
379
381
380
380
383
378
382
376
377
374
374
373
375
371
379
378
383
378
379
379
376
382
380
379
376
374
372
374
373
377
374
764
377
382
379
390
382
381
381
377
378
376
380
382
384
766
378
385
380
383
380
378
376
380
382
380
381
378
386
383
381
377
375
374
373
371
377
373
759
378
378
376
382
378
375
372
369
368
368
367
372
368
371
373
371
373
371
376
374
375
374
373
370
371
369
368
369
367
366
372
369
373
372
371
370
370
374
369
370
367
366
367
366
365
369
367
746
371
373
372
378
372
379
371
372
371
368
367
369
369
372
370
757
374
379
379
385
375
380
379
377
376
379
379
384
384
381
382
382
383
381
380
377
380
382
387
383
380
389
389
385
384
381
382
388
394
389
390
387
387
386
382
381
385
388
387
387
386
395
386
383
383
380
384
386
390
387
389
386
388
383
384
384
386
391
392
393
390
396
390
391
386
388
388
394
391
388
390
385
381
379
752
382
387
385
391
385
387
378
377
375
374
377
381
384
765
380
387
380
383
381
381
384
784
388
393
395
393
389
385
387
393
396
390
396
397
385
382
379
381
387
385
388
393
779
386
380
381
386
381
389
393
780
389
389
387
388
384
390
393
395
389
394
391
391
387
391
791
390
396
395
393
387
386
391
395
398
393
396
396
391
386
388
396
393
396
390
394
383
377
381
379
378
382
381
382
388
385
388
379
379
375
374
370
372
374
377
379
378
378
378
382
381
384
379
378
376
377
376
374
378
382
382
377
386
382
390
379
379
378
375
377
380
382
382
386
382
389
384
381
377
378
380
383
386
388
390
387
389
385
386
381
380
377
380
388
388
387
387
390
383
380
380
377
376
379
385
386
386
380
388
385
388
377
376
378
374
373
374
379
381
380
375
377
381
384
376
374
369
369
369
367
366
371
373
375
375
374
378
374
384
370
377
375
372
367
368
368
368
366
372
378
379
378
756
371
376
372
370
367
365
365
365
367
368
370
374
374
751
375
386
380
380
375
378
375
371
372
373
370
371
371
375
376
376
374
372
380
751
370
379
372
371
368
370
367
368
364
367
365
367
366
369
372
371
371
367
370
370
375
366
370
370
374
368
366
363
364
363
363
367
371
369
370
371
373
375
372
369
368
374
368
368
364
366
364
362
362
363
361
364
363
364
362
365
366
370
366
369
371
373
373
370
374
373
377
372
372
369
372
366
368
364
365
364
365
362
364
369
366
359
368
367
365
362
363
364
362
361
364
367
369
373
369
369
370
370
371
372
373
375
373
373
371
372
373
376
381
381
382
383
385
390
390
392
388
395
394
384
393
394
403
383
387
391
397
391
390
396
408
404
413
412
422
426
422
428
424
424
425
426
426
418
424
431
424
430
435
437
435
436
441
450
451
452
452
455
461
464
464
465
465
466
466
459
457
455
457
464
467
465
468
477
482
480
485
489
438
531
481
487
484
479
479
480
481
479
453
509
494
504
497
488
486
485
492
487
483
479
476
471
469
472
481
485
482
477
477
480
488
497
502
502
501
495
502
506
507
507
505
514
512
508
509
506
508
505
510
511
511
506
508
512
519
516
519
528
523
519
518
518
512
504
501
491
490
491
491
489
484
442
505
477
490
485
488
514
549
556
541
523
520
534
545
537
533
527
534
538
528
525
527
530
521
521
518
521
521
521
522
530
534
534
529
525
528
522
521
514
511
514
515
513
514
523
524
523
526
537
537
535
530
526
523
518
515
514
518
522
521
519
518
523
529
528
530
539
548
545
544
547
551
552
553
553
558
552
546
546
546
544
541
544
551
550
551
552
553
553
546
538
535
533
536
536
536
535
534
541
542
541
540
550
554
552
552
556
548
557
558
558
557
553
557
555
552
541
537
544
547
545
552
564
576
563
572
588
585
581
601
578
584
576
568
574
572
569
570
576
587
585
578
578
575
568
565
565
565
567
563
562
562
562
551
547
547
544
538
531
524
538
538
547
569
562
561
555
563
570
564
564
569
575
574
573
573
577
568
556
552
551
544
537
526
533
532
527
529
533
538
536
531
526
523
522
511
505
493
494
496
494
501
480
492
480
488
480
478
468
480
469
464
478
467
474
469
466
467
458
452
459
446
453
450
448
448
440
444
448
452
438
445
437
445
437
436
441
438
443
435
440
432
436
444
432
444
435
435
442
434
439
432
431
442
429
888
441
437
429
429
433
432
428
418
417
428
422
426
409
410
409
417
421
417
424
413
415
411
423
434
429
419
418
427
435
429
431
420
434
430
418
434
421
431
422
424
437
421
433
424
434
438
418
421
438
414
426
415
417
407
414
416
415
408
404
407
417
419
424
415
410
411
420
423
421
419
413
416
420
424
429
414
414
418
418
422
420
418
413
419
431
430
423
416
422
433
426
427
412
412
421
418
414
414
419
410
409
410
416
424
419
414
409
414
432
415
427
417
429
429
418
438
431
433
419
426
869
423
423
432
435
424
419
431
415
434
410
414
416
404
417
416
418
401
400
405
409
410
410
412
405
407
414
421
429
426
417
417
426
432
425
422
420
435
423
418
425
416
423
434
413
423
412
413
415
416
425
418
413
408
418
424
422
423
412
417
418
417
425
418
415
406
414
423
417
409
402
406
419
815
411
404
401
400
408
411
413
405
398
397
408
397
400
412
408
407
396
397
401
406
408
405
417
406
405
403
412
420
413
415
405
417
403
406
420
414
405
401
414
413
397
411
411
404
401
407
426
408
415
407
412
410
423
406
414
419
408
412
418
424
431
425
419
413
431
430
414
422
412
424
416
407
422
424
425
409
417
431
424
415
417
434
419
425
421
429
430
420
431
435
431
425
442
439
428
432
443
433
424
427
443
430
422
417
434
426
415
428
422
431
424
414
439
415
416
429
426
419
427
424
434
415
433
427
430
420
429
431
420
420
430
412
426
424
424
410
421
434
426
420
413
415
431
423
418
410
416
430
412
426
422
416
416
417
424
425
429
414
409
408
423
410
411
414
418
409
406
426
417
414
403
414
436
423
415
421
419
417
416
422
425
416
423
421
422
423
437
435
433
436
439
436
428
434
447
441
440
440
445
441
434
448
449
453
451
451
448
446
447
447
440
454
447
457
457
462
460
463
463
458
463
466
477
471
476
467
462
458
457
460
466
470
476
480
486
496
497
495
496
499
492
492
489
479
475
472
475
470
470
470
472
478
494
493
492
495
500
493
495
492
491
487
479
491
481
479
481
476
482
478
482
486
498
482
485
479
475
456
474
472
487
485
502
512
508
514
529
524
520
526
518
510
506
497
487
479
468
453
451
450
448
451
456
459
469
476
467
475
477
489
484
488
499
500
495
500
506
505
506
517
519
517
521
526
518
516
511
508
507
504
509
514
518
516
517
523
521
514
513
515
504
497
496
503
506
502
498
499
504
500
492
474
478
484
479
486
494
498
484
476
463
474
468
475
482
492
486
491
496
504
497
498
499
501
495
491
493
501
507
506
499
501
504
509
503
498
500
502
499
500
498
506
509
499
498
497
493
489
492
498
498
500
511
514
508
509
505
502
496
502
499
497
484
485
480
480
475
478
481
481
477
484
484
483
466
469
479
474
479
491
489
486
485
493
498
496
493
497
498
494
495
490
493
489
483
482
479
485
443
548
497
514
507
500
501
508
512
509
510
514
514
515
506
506
510
518
516
520
529
539
526
524
507
520
512
511
501
500
488
484
477
479
479
478
484
486
490
491
496
496
499
499
503
502
504
504
513
537
525
526
529
522
519
512
518
524
526
520
530
545
537
538
541
540
535
543
542
535
527
521
515
504
507
505
508
499
488
483
483
482
481
479
483
488
487
487
488
494
491
492
490
498
498
499
506
506
507
502
506
504
501
496
496
494
499
500
506
518
523
514
513
519
518
515
503
493
494
482
477
478
477
479
474
476
480
482
480
482
483
488
485
488
480
482
484
485
487
497
504
500
499
502
497
488
483
486
479
479
471
467
467
452
450
453
459
461
456
459
466
469
470
470
481
483
473
484
480
481
485
481
481
485
488
486
465
488
473
471
454
468
459
462
458
455
455
458
454
450
442
454
446
444
438
444
455
456
446
447
453
470
462
461
446
457
470
463
463
463
451
457
461
454
450
453
452
453
459
455
458
456
454
454
454
457
456
458
461
466
469
474
473
479
475
471
470
465
464
445
458
470
458
457
458
451
450
444
441
432
435
436
431
433
434
430
437
443
436
446
433
440
441
451
447
450
448
450
447
451
448
449
452
453
456
459
458
457
461
462
443
467
460
457
452
455
452
447
448
450
446
447
441
443
443
437
443
454
447
428
445
443
448
439
437
434
447
429
441
452
443
449
432
434
440
437
438
415
428
415
413
411
409
411
415
419
825
408
410
401
401
398
398
398
406
406
413
419
419
421
416
412
408
407
404
421
405
411
418
417
414
411
417
422
426
433
424
418
418
432
417
426
434
422
419
418
427
428
421
429
426
853
410
431
421
415
430
412
419
411
408
428
400
413
414
406
397
411
405
403
418
413
419
412
415
415
422
431
424
420
412
421
410
418
426
419
409
405
404
415
403
408
405
415
406
397
395
396
401
404
405
405
412
405
399
394
396
396
400
410
410
418
408
406
407
415
423
417
423
415
416
404
414
425
421
421
407
411
414
420
430
419
413
409
411
423
417
422
411
408
405
426
410
409
415
403
399
396
397
400
402
413
404
399
393
395
394
402
408
402
407
408
410
401
402
398
415
400
406
413
410
408
397
397
395
409
396
396
401
397
395
385
388
388
394
399
401
401
391
388
387
388
388
392
400
395
397
390
388
385
385
385
390
396
791
394
393
387
384
382
383
387
390
391
388
394
392
393
382
380
378
376
376
376
384
386
386
380
386
382
384
376
374
374
375
375
373
373
379
381
379
382
383
386
381
383
375
379
376
375
373
374
372
373
372
377
381
379
381
374
383
378
381
373
372
370
370
366
368
368
370
367
366
372
373
375
374
374
376
379
378
380
373
379
374
375
372
372
371
371
371
370
371
373
377
380
381
376
377
378
382
379
380
373
375
373
370
371
372
371
373
369
372
378
376
377
376
384
381
387
380
381
378
378
378
378
385
382
387
386
391
383
382
376
378
376
761
382
385
384
376
373
373
376
375
374
378
381
381
382
759
376
381
375
370
369
370
368
369
371
375
375
375
378
375
384
378
379
373
377
372
369
367
368
367
364
363
366
366
368
367
367
363
365
364
365
365
366
367
367
373
368
371
365
372
367
372
366
368
365
366
728
364
362
362
362
366
369
368
370
375
374
373
371
373
374
377
369
372
367
369
367
363
365
365
364
363
366
369
369
369
372
375
373
744
373
374
367
368
367
365
363
365
368
372
369
371
374
371
372
367
371
369
374
366
368
363
367
361
362
359
360
357
357
354
357
357
354
699
355
354
353
354
350
354
353
352
351
351
350
352
352
351
348
352
351
351
350
349
351
352
353
349
350
351
349
349
347
348
348
347
351
351
349
350
353
353
350
353
354
358
355
354
357
360
358
347
371
360
359
356
363
359
362
359
361
357
358
356
355
355
354
354
354
355
354
351
352
354
355
351
354
356
357
355
355
354
711
353
357
352
355
353
359
354
358
352
356
354
356
705
351
354
705
350
355
351
354
351
354
352
352
351
352
350
353
351
351
349
351
352
351
348
349
351
350
348
347
350
348
349
346
348
343
346
343
343
344
345
346
345
344
345
346
346
345
344
348
348
348
346
347
349
349
346
346
348
345
343
347
346
346
344
344
347
348
345
344
346
348
345
345
343
347
347
345
343
343
345
346
344
342
342
344
347
343
687
343
348
345
341
339
345
345
346
345
346
344
347
347
346
345
346
345
343
344
344
345
345
344
347
347
346
343
345
346
345
343
343
344
345
342
344
348
344
344
343
346
343
340
343
344
343
342
343
342
343
344
345
342
345
346
347
340
343
342
345
343
348
345
347
343
348
345
349
347
348
344
349
347
348
343
347
348
346
344
348
346
345
347
348
346
345
348
348
346
345
347
347
346
345
347
345
345
344
345
345
343
343
342
344
345
342
340
342
342
341
341
342
345
343
341
341
344
341
342
342
342
342
343
341
339
340
341
342
339
342
341
342
342
339
345
341
341
342
343
344
345
345
346
345
345
345
344
346
346
344
344
346
343
346
341
346
346
345
343
347
347
345
348
343
342
343
343
344
343
344
344
342
343
344
343
346
345
344
683
345
343
344
342
342
342
344
343
339
342
341
344
341
338
341
341
340
337
341
339
341
336
340
340
340
337
336
340
342
342
680
339
342
340
340
342
341
340
343
341
343
342
342
338
346
342
344
341
345
340
343
340
345
342
342
679
339
341
343
341
343
341
340
343
342
343
340
344
341
342
340
343
339
341
343
341
340
341
340
339
339
340
339
340
341
339
339
340
341
339
339
341
341
341
339
342
337
339
341
340
337
340
339
339
337
339
676
338
340
336
340
337
343
335
340
337
343
336
339
337
343
336
340
338
342
338
343
334
339
682
676
340
344
674
339
343
336
341
340
345
334
339
339
346
335
340
340
345
338
339
338
346
339
342
334
345
340
343
335
347
681
339
347
342
339
339
347
342
342
340
344
339
343
338
344
339
344
339
344
339
338
338
339
337
340
341
339
340
337
341
339
338
678
337
674
339
339
334
340
336
342
331
341
675
334
339
337
338
335
338
338
338
334
341
337
339
338
338
337
341
335
339
337
342
676
338
342
336
340
338
344
335
341
339
343
336
339
338
341
338
337
674
678
335
341
338
339
336
336
338
337
667
335
336
333
334
336
336
334
333
334
333
333
331
335
331
332
331
334
333
331
332
332
333
332
333
335
331
336
333
334
330
336
334
338
333
334
331
341
665
333
339
337
332
336
336
336
337
334
333
336
332
332
331
335
330
333
332
332
332
331
333
333
331
333
329
336
331
336
330
336
334
336
332
333
332
337
333
335
331
337
334
333
332
332
331
336
330
330
333
329
331
326
331
330
330
327
330
328
326
327
327
331
332
326
332
329
334
327
333
330
335
329
330
329
336
332
334
330
330
334
333
328
330
332
328
329
329
329
327
328
328
329
327
328
328
328
327
329
656
329
330
326
329
328
334
327
327
331
333
330
327
329
327
330
326
327
324
326
326
328
325
325
327
326
328
327
328
330
325
330
328
335
326
328
329
331
332
330
328
328
330
327
327
327
328
325
327
327
328
325
325
328
329
323
330
328
329
324
331
330
332
327
326
331
331
330
325
327
326
328
322
326
325
327
322
326
324
325
321
327
325
329
321
329
324
332
323
326
327
330
329
326
326
324
328
320
326
324
326
321
325
325
324
321
328
327
326
322
329
326
329
321
328
332
328
321
327
326
329
323
323
326
321
321
325
326
320
324
327
328
321
328
325
330
322
328
325
335
326
326
329
329
328
324
328
324
325
323
328
322
322
320
323
327
323
323
323
326
328
324
328
325
330
324
332
326
326
325
333
327
325
315
336
327
320
327
324
324
321
322
324
322
323
322
326
324
320
326
326
328
319
328
329
328
323
326
326
322
323
323
323
321
319
321
321
322
325
320
324
324
325
321
324
325
330
324
324
326
325
325
319
325
323
322
324
319
324
325
319
325
324
325
320
328
323
328
320
331
324
324
324
325
324
321
322
322
321
318
321
325
318
319
324
324
324
318
329
323
328
320
326
327
325
324
325
324
323
319
322
325
320
320
322
324
643
323
327
320
327
322
326
319
328
325
324
322
324
323
319
322
322
320
316
320
321
320
319
318
322
323
317
322
322
327
316
324
325
327
320
322
324
321
320
317
323
318
316
319
318
318
320
322
320
315
321
319
326
319
321
322
326
320
324
322
324
320
322
322
317
321
321
321
316
320
321
320
317
323
319
322
320
327
641
324
330
320
317
323
321
322
315
321
320
319
317
321
319
322
317
324
321
643
324
323
321
320
320
320
314
319
317
314
315
320
321
320
314
324
318
323
319
324
318
317
324
324
643
322
318
318
319
320
315
318
318
322
314
321
640
320
325
317
324
321
323
319
326
320
317
320
318
318
314
319
317
318
314
320
636
316
325
636
322
325
317
322
320
321
319
320
320
315
320
319
320
314
319
318
317
316
320
320
320
318
323
317
322
325
323
314
322
321
318
319
319
319
314
321
315
315
316
319
318
313
318
320
313
322
318
638
322
636
318
324
315
318
319
316
313
317
317
312
315
317
318
632
315
323
311
322
638
320
319
320
317
314
313
313
316
319
316
311
317
313
318
315
318
314
318
319
315
322
316
320
319
321
319
321
323
325
323
320
324
324
324
325
326
326
325
325
328
328
329
324
327
326
331
325
330
330
331
327
332
330
334
329
334
330
334
334
333
332
333
335
337
335
335
334
337
334
336
337
337
336
339
340
338
338
341
342
343
341
342
338
340
338
340
342
343
343
340
342
344
345
341
345
340
344
339
342
341
343
342
345
341
347
343
347
344
346
344
347
345
349
348
346
349
351
353
347
352
350
352
350
350
353
352
349
354
354
353
349
354
352
354
353
355
359
355
357
355
356
355
348
360
358
355
356
354
356
354
357
355
354
357
354
356
359
359
357
362
360
362
361
363
362
364
364
364
367
365
367
370
366
372
371
372
371
374
372
374
373
373
375
374
376
374
380
376
381
381
381
383
383
384
384
384
386
388
382
387
387
387
387
390
386
389
390
382
392
380
385
386
382
384
386
387
389
396
393
387
396
396
395
395
397
397
397
400
401
401
400
404
402
404
403
403
403
404
404
405
404
406
405
403
406
411
410
408
408
413
412
412
414
415
416
415
414
414
416
414
412
413
414
412
413
415
416
417
420
422
423
423
427
427
430
428
428
429
428
430
430
428
428
425
428
424
419
423
416
412
408
413
411
409
404
414
421
424
422
426
429
431
434
435
435
432
434
433
430
429
426
427
428
425
426
430
427
429
434
434
434
432
434
438
437
435
432
430
434
433
426
429
431
433
431
436
438
439
434
441
442
443
445
445
437
438
443
438
437
436
438
439
438
439
442
442
438
440
440
437
437
437
438
430
442
444
443
441
440
447
449
447
447
453
451
449
452
456
453
450
450
453
450
454
449
448
453
449
447
444
450
457
454
449
450
458
460
454
458
461
464
459
458
464
467
469
466
465
471
470
468
465
464
464
468
463
464
460
464
469
474
473
478
479
477
473
482
479
472
471
480
478
478
474
476
466
471
466
453
472
470
468
455
482
473
473
471
478
482
484
485
481
489
484
482
472
471
479
475
467
473
472
455
481
470
454
470
493
473
488
488
492
493
492
488
489
490
490
490
488
494
494
494
485
489
496
489
490
487
490
472
475
496
481
462
477
480
485
494
479
481
461
472
477
497
470
485
499
488
472
503
493
468
479
501
492
472
488
504
490
473
504
489
488
488
466
480
498
473
484
505
491
472
483
504
491
470
484
506
497
478
494
513
503
489
516
508
500
490
511
502
478
511
501
480
493
513
488
500
514
503
504
499
508
501
479
516
503
480
521
507
490
503
515
525
518
509
525
521
521
521
514
498
523
507
503
482
523
508
490
506
531
496
507
529
515
490
532
512
487
523
485
498
500
520
504
486
526
506
509
489
522
509
488
527
513
488
526
514
519
495
538
521
499
539
528
506
517
535
527
503
534
521
499
511
535
518
521
519
500
536
510
505
487
521
506
489
495
522
506
481
501
523
490
503
508
524
493
510
516
529
517
499
513
538
528
507
520
546
531
531
514
524
521
547
525
505
518
525
548
532
517
527
533
551
534
513
553
539
514
559
543
546
520
562
541
538
516
553
532
532
534
514
558
535
536
535
542
534
536
519
556
537
537
516
559
535
536
515
556
534
533
518
534
539
531
553
530
524
523
498
509
508
509
497
495
492
495
485
489
489
490
492
496
501
493
490
488
490
488
486
485
491
492
492
497
501
508
510
512
518
520
521
526
535
529
531
533
540
541
540
550
547
550
548
556
564
558
533
548
568
554
552
525
538
543
559
520
562
522
535
532
552
532
512
522
522
517
514
514
518
515
512
515
518
516
515
521
516
510
524
514
518
521
514
514
519
537
506
521
522
527
500
531
500
507
511
521
486
496
501
503
501
510
510
512
516
518
524
525
530
530
536
534
533
553
518
530
531
549
517
538
534
533
533
539
539
538
536
542
542
539
543
544
539
532
560
544
517
557
538
512
555
538
521
529
560
545
517
529
528
533
548
533
541
524
534
558
543
544
521
557
541
543
521
559
544
522
557
543
540
521
557
538
523
565
544
549
533
567
535
543
564
550
544
549
546
549
521
560
543
515
529
546
512
517
521
537
499
520
535
499
515
534
502
515
518
536
505
525
544
506
522
541
506
520
540
507
520
522
526
528
529
536
541
539
542
540
543
534
536
548
508
547
516
521
529
547
516
543
506
518
518
513
518
520
521
518
521
518
520
522
523
525
531
530
531
529
531
534
535
535
540
540
537
564
548
524
536
559
521
534
557
543
516
557
542
521
534
555
540
514
540
538
530
533
531
518
525
521
525
524
530
541
529
526
524
501
503
502
498
492
498
497
502
502
507
507
508
508
518
521
516
519
518
521
523
516
513
513
512
515
506
515
531
504
516
539
529
506
522
539
506
518
522
542
504
525
543
505
523
547
508
528
549
514
536
558
520
566
550
521
534
562
544
523
540
552
519
528
530
525
523
523
525
540
525
512
521
526
549
518
534
558
531
542
564
551
528
549
559
542
522
541
556
538
525
563
543
546
533
566
547
530
541
541
554
521
534
530
534
530
543
529
520
533
540
533
552
524
536
533
534
536
538
538
541
552
527
539
538
540
537
551
524
532
539
536
554
523
540
556
546
523
563
548
525
540
557
543
521
553
536
520
527
553
539
523
557
547
550
527
543
556
541
540
521
561
540
518
558
533
534
522
551
522
537
558
544
532
563
550
533
556
565
523
538
550
512
543
513
517
521
524
525
528
533
530
534
530
531
532
532
540
538
537
536
555
521
534
534
547
514
532
540
512
522
530
541
518
526
534
548
515
533
532
528
526
526
527
525
527
530
532
531
527
533
549
521
527
550
531
515
521
537
522
502
521
514
531
507
519
524
550
521
533
558
550
551
531
539
541
556
536
540
521
557
540
541
517
549
528
509
543
530
519
526
554
542
526
563
544
524
538
553
537
519
554
530
533
514
522
519
522
514
521
514
519
508
516
522
521
525
530
558
556
542
548
566
551
527
561
540
525
532
540
548
531
513
531
542
532
519
554
538
524
563
537
536
521
555
526
510
525
536
528
513
519
509
490
484
483
482
479
482
492
484
493
498
502
494
497
497
497
502
506
503
505
509
508
504
504
510
513
506
513
513
515
526
502
522
528
521
523
527
514
521
521
520
525
534
511
538
526
523
556
551
533
565
556
553
533
564
552
543
575
559
539
559
557
532
543
561
552
564
562
568
571
587
581
590
594
589
585
596
596
588
588
589
562
581
587
611
604
601
596
589
579
549
558
560
520
535
542
534
549
547
574
580
611
622
609
613
619
620
616
617
621
616
611
617
611
608
600
585
581
581
601
631
637
641
644
638
636
637
628
625
622
619
617
627
656
686
681
678
684
668
660
664
655
645
644
645
646
649
666
698
712
690
693
683
662
657
656
654
644
644
647
655
653
658
673
690
676
681
688
673
667
659
646
644
646
650
652
664
686
687
678
682
681
665
658
653
647
641
649
684
701
693
699
699
685
681
677
655
652
639
626
616
609
607
644
677
677
698
722
694
683
677
660
650
646
643
637
644
657
685
700
690
693
692
679
666
663
656
644
646
646
652
651
658
679
686
687
694
693
674
670
663
650
639
640
639
639
648
670
693
687
694
697
682
676
671
666
652
653
654
657
666
686
715
707
710
716
695
692
687
668
668
663
658
652
657
676
687
695
722
735
703
695
688
672
666
661
658
652
659
679
712
713
712
727
706
697
689
671
669
658
652
643
649
663
694
699
712
718
701
697
694
682
676
671
664
652
656
665
683
693
712
735
716
713
709
691
683
676
670
657
661
657
664
675
688
691
699
705
708
688
686
679
664
662
657
653
646
647
655
674
686
690
703
707
692
689
687
675
668
665
665
665
671
681
703
695
698
703
687
670
673
655
642
636
629
618
623
634
673
696
699
709
711
698
701
702
686
684
682
681
680
688
702
697
719
731
717
695
688
684
683
681
682
667
664
663
682
722
713
691
679
675
682
668
675
676
666
661
657
661
662
672
696
729
721
724
722
697
695
690
683
676
673
659
662
670
685
701
724
736
733
729
708
703
697
679
681
671
655
659
670
689
715
745
762
746
742
725
709
703
698
681
684
679
684
678
697
729
761
736
731
730
727
706
708
709
699
678
669
668
658
676
727
718
732
753
757
729
731
729
718
703
704
704
697
706
715
745
726
725
730
722
709
713
712
695
689
684
681
672
687
710
734
718
721
724
697
694
678
662
647
635
617
633
639
677
757
737
700
687
666
677
676
678
670
674
648
642
639
612
579
584
588
598
623
605
619
633
630
646
646
646
648
650
642
644
647
661
662
662
684
726
729
721
729
728
707
688
683
673
670
670
685
722
1025
809
754
725
691
657
664
644
628
611
621
637
650
648
666
687
693
683
673
674
661
646
626
617
608
631
647
688
747
743
742
720
689
680
672
674
676
663
664
675
696
710
708
720
725
706
694
688
679
660
656
656
668
695
686
692
701
726
728
709
711
708
697
682
682
681
684
677
683
700
743
740
717
716
715
701
685
679
672
651
639
631
646
692
751
717
706
698
714
729
732
700
684
674
676
680
677
653
660
638
620
602
594
589
583
580
589
610
631
643
647
645
644
663
690
717
728
725
697
677
664
655
669
726
828
776
721
694
683
674
676
676
668
662
662
678
728
762
737
736
753
748
717
702
699
701
707
699
697
704
727
780
759
765
778
777
751
741
733
719
692
689
677
665
645
632
645
622
599
602
605
607
617
630
643
659
671
693
711
693
695
704
712
692
681
675
674
679
688
671
671
658
656
665
660
662
666
690
734
718
708
689
678
679
688
682
665
661
653
660
707
791
785
765
770
772
719
726
707
704
674
660
646
658
668
714
711
713
740
755
748
714
706
698
696
688
666
649
633
628
624
646
723
766
752
771
784
791
734
715
702
695
705
691
699
731
821
777
772
765
717
687
700
636
618
607
597
587
586
579
573
573
597
617
672
747
808
820
789
770
739
707
669
673
698
891
1036
884
879
830
784
722
687
669
671
684
707
728
789
851
856
793
774
751
738
698
688
684
724
772
783
870
922
831
818
807
786
740
732
721
719
723
734
783
812
799
752
752
757
761
716
697
679
664
645
628
627
629
666
726
729
735
746
755
728
716
720
761
783
749
751
771
812
769
756
766
780
768
752
759
788
801
766