852
722
877
771
759
874
810
1021
1188
1114
1130
1219
930
1022
1375
1063
983
1118
1402
1116
979
1196
1197
1259
1282
905
899
1340
1341
1210
1326
1242
1287
1338
1207
874
910
1338
1238
1175
1295
1224
1145
1263
1160
1215
1198
996
1208
800
843
1289
1382
1237
1244
1231
1063
1243
1264
1103
1275
1136
1021
1157
927
1128
1167
1123
1130
940
1104
1022
1085
1114
1051
1179
982
1126
1040
1129
1119
1080
1157
999
1137
1059
1060
1120
949
1087
984
1023
1000
1058
1164
989
1080
1209
1031
983
1185
1281
1081
1094
1131
1004
1120
1209
1050
1194
1158
1103
1204
1093
1242
1241
966
949
932
993
942
841
873
821
910
979
1007
863
854
966
1140
966
1019
1221
1133
1199
1164
1186
1245
929
1200
918
1088
995
1138
1105
1008
1296
1123
1147
1055
958
1148
1058
1274
1323
1093
1187
1038
1115
1240
1150
1273
1202
1246
1277
1071
1188
1273
1038
1045
1137
969
1131
1067
1169
1073
1013
1055
1004
1059
1026
1104
1132
1057
1139
1109
1113
1213
1074
1135
1121
995
1049
995
1082
1013
1130
1146
979
1102
1131
1004
1070
1036
1245
1200
1157
1254
1066
1076
982
1203
1121
1033
1146
1125
967
956
853
1152
1181
925
1042
994
1076
1263
1177
1086
1148
938
1247
1033
948
1184
979
1198
1057
1085
1177
1031
1105
938
1188
1267
1057
1099
815
789
780
876
928
863
969
1024
1114
1088
1027
984
909
892
818
893
846
972
1280
1303
1287
1119
1137
1157
1069
1303
1250
1188
1271