1211
1158
1127
1130
1190
1200
1206
1133
1066
1078
1142
1217
1173
1132
1103
1216
1305
1317
1336
1257
1243
1305
1324
1279
1196
1145
1244
1355
1317
1236
1168
1187
1228
1401
1404
1304
1175
1173
1207
1339
1361
1361
1259
1198
1176
1269
1346
1318
1168
1086
1075
1127
1178
1243
1354
1335
1202
1160
1183
1197
1260
1245
1197
1106
1097
1201
1233
1199
1123
1104
1108
1246
1352
1271
1241
1288
1314
1228
1153
1102
1110
1196
1289
1298
1187
1082
1089
1126
1227
1244
1216
1178
1083
1059
1074
1146
1245
1250
1167
1201
1236
1242
1186
1096
1060
1062
1108
1223
1210
1064
1070
1115
1141
1187
1151
1109
1086
1122
1175
1200
1091
1104
1108
1225
1129
1155
1284
1398
1240
1096
1081
1011
987
997
1056
1056
1051
991
957
930
955
993
1041
1063
1063
1067
1035
1007
978
975
1016
1059
1148
1161
1091