1025
1106
1426
1468
1311
1186
1118
1121
1162
1236
1279
1328
1286
1185
1174
1186
1294
1302
1253
1120
1077
1118
1249
1279
1149
1191
1188
1165
1081
1083
1133
1202
1174
1098
1100
1135
1161
1166
1090
1094
1188
1223
1128
1107
1126
1151
1102
1123
1162
1201
1190
1116
1148
1199
1209
1156
1111
1134
1169
1161
1130
1159
1223
1164
1115
1185
1221
1149
1188
1233
1174
1122
1153
1218
1185
1098
1126
1142
1173
1139
1195
1210
1125
1132
1195
1189
1120
1151
1168
1161
1094
1124
1104
1095
1049
1103
1169
1129
1097
1134
1141
1129
1042
1078
1100
1015
1067
1100
1204
1153
1182
1238
1273
1220
1258
1244
1198
1126
1242
1296
1311
1209
1325
1363
1349
1296
1272
1274
1198
1153
1256
1271
1173
1199
1286
1278
1165
1228
1236
1136
1132
1240
1266
1193
1199
1217
1194
1129
1227
1302
1319
1195
1287
1265