711
712
700
699
736
754
753
767
758
744
722
709
687
684
675
682
688
686
678
681
674
667
695
713
739
744
727
713
688
689
684
691
705
693
685
683
697
679
695
732
784
775
782
787
780
741
721
722
719
713
729
751
770
781
771
775
769
749
731
707
709
709
703
682
662
664
682
725
803
859
857
825
827
807
769
738
723
726
728
715
726
737
752
786
803
785
749
741
727
722
751
771
769
780
784
801
770
757
740
736
692
689
682
692
703
704
672
641
630
616
611
600
598
587
584
578
579
573
571
558
557
565
550
1093
546
545
535
533
536
534
528
521
529
525
516
521
509
511
510
516
507
498
504
510
498
504
503
501
497
506
499
487
496
498
489
496
497
485
493
494
489
483
491
483
482
487
485
480
493
478
484
485
481
482
484
476
481
486
480
479
486
484
480
488
485
482
488
485
481
496
480
486
498
486
484
488
488
483
491
485
482
483
483
477
485
481
476
480
475
477
479
472
958
473
954
476
956
1432
476
481
473
471
482
472
475
479
471
470
482
475
464
483
467
483
473
471
481
472
469
480
471
479
472
477
474
481
473
476
479
470
472
479
473
477
946
481
474
474
491
479
487
496
488
499
501
488
483
491
479
483
490
476
481
479
479
472
474
472
471
937
481
472
467
480
468
471
477
478
471
473
478
464
478
473
472
476
465
482
473
467
481
471
471
479
477
471
478
476
469
479
465
468
481
461
479
470
470
478
472
472
479
468
471
479
466
469
938
485
949
482
472
485
477
478
467
478
474
936
464
475
935
472
467
464
475
468
476
474
463
479
466
474
476
472
471
473
466
473
474
465
477
473
470
476
475
473
477
475
473
472
461
481
470
466
477
472
470
475
472
470
474
461
472
477
462
473
468
470
469
467
464
468
455
471
456
465
463
461
454
464
452
468
451
464
454
462
456
461
450
463
461
457
466
456
464
466
455
468
467
463
464
459
475
461
458
467
464
462
462
455
473
468
460
472
469
468
469
471
470
934
477
472
465
475
468
470
471
472
468
473
461
472
471
458
475
469
456
470
465
464
461
463
471
461
467
475
470
463
472
463
473
470
461
472
463
464
469
462
459
477
456
469
463
464
471
461
464
476
457
465
479
461
478
464
469
475
467
466
477
468
465
480
463
474
467
464
472
463
464
466
454
465
471
456
466
467
464
469
460
468
468
460
473
464
465
470
469
466
465
459
463
464
458
471
458
460
461
454
460
467
453
464
466
466
462
458
470
930
467
465
465
472
461
470
481
464
477
466
471
478
477
465
476
466
474
469
462
473
467
465
479
466
468
478
465
479
952
482
471
476
483
478
474
482
948
478
472
483
470
474
479
474
477
478
477
473
478
465
476
477
463
478
472
472
475
472
465
471
458
472
927
330
602
463
466
457
469
468
457
474
467
466
927
463
479
454
475
465
477
462
461
1391
471
454
471
463
462
450
467
926
462
461
471
460
939
458
272
666
469
469
466
463
919
474
463
461
470
467
458
924
472
459
460
467
461
844
532
463
924
464
461
455
469
453
461
470
452
459
465
459
460
454
468
915
466
461
456
465
458
468
922
304
628
456
470
461
463
463
456
467
457
460
460
454
469
456
466
462
460
461
460
465
464
462
923
464
463
461
460
465
924
460
467
467
927
476
478
479
1429
477
480
476
1418
473
473
473
476
473
475
485
487
483
487
494
507
504
496
985
514
522
526
519
503
518