1001
1016
1198
1307
1309
1297
1259
1171
1192
1300
1513
1490
1424
1289
1246
1387
1476
1370
1265
1191
1180
1516
1464
1300
1239
1317
1288
1241
1232
1311
1433
1415
1270
1210
1283
1385
1300
1215
1240
1397
1427
1352
1188
1284
1308
1281
1269
1319
1290
1204
1265
1335
1185
1203
1339
1376
1229
1210
1306
1341
1270
1256
1304
1276
1207
1200
1316
1356
1369
1216
1188
1185
1191
1237
1137
1151
1261
1215
1153
1248
1183
1172
1133
1112
1233
1313
1321
1281
1408
1457
1396
1383
1462
1481
1363
1440
1461
1352
1386
1442
1405
1547
1526
1374
1298
1379
1425
1282
1348
1412
1258
1346
1478
1402
1375
1399
1311
1302
1416
1340
1289
1324
1439
1473
1362
1237
1241
1400
1423
1319
1204
1201
1240
1292
1212
1155
1276
1457
1328