1021
1080
1059
1088
1080
1037
1009
1019
998
969
1033
1152
1229
1122
1023
1014
995
998
993
973
1021
1004
960
913
889
896
895
944
936
914
918
911
924
866
867
870
864
866
864
869
905
926
936
927
909
927
955
949
950
901
907
913
930
934
918
929
943
970
938
916
928
947
963
930
891
911
917
941
938
907
899
894
911
949
966
931
941
941
945
948
930
931
927
937
961
923
932
891
875
914
895
892
925
944
943
919
912
911
936
938
913
934
935
954
941
906
932
948
956
901
883
887
935
972
945
926
943
981
1017
968
928
926
910
900
872
860
871