1024
1006
1013
1051
1051
1067
1065
1053
1075
1036
1040
991
1006
980
1033
1021
1098
1143
1096
1190
1123
1071
1079
1069
1109
1033
1057
1132
1107
1116
1117
1079
1148
1190
1128
1125
1082
1055
1010
1040
1042
997
968
925
898
930
1054
1114
1092
1089
1015
978
994
993
1062
1047
1096
1056
1024
993
998
945
938
897
888
824
866
769
835
753
747
733
724
710
688
667
665
646
646
624
623
604
600
584
577
563
540
569
544
534
528
521
502
523
506
504
489
981
488
478
482
472
475
466
471
462
466
462
464
462
462
469
462
462
459
464
454
466
466
464
466
459
465
450
471
470
462
465
462
463
468
462
471
932
464
470
469
464
473
468
470
465
470
468
470
467
466
464
471
426
508
475
461
471
466
463
468
464
467
458
469
459
460
468
455
462
454
457
431
476
464
876
485
451
453
401
499
454
446
446
447
440
449
444
440
443
437
887
437
442
444
429
449
440
410
461
442
440
436
437
439
435
436
438
437
432
439
868
437
430
434
437
430
437
431
437
428
431
438
433
427
438
432
431
434
431
429
435
435
429
433
436
862
435
431
432
431
435
855
438
431
425
440
432
430
436
430
425
439
435
429
438
434
434
434
436
1304
431
436
439
433
437
432
433
427
435
439
433
424
441
431
433
865
434
435
434
432
435
436
430
434
436
863
434
430
415
447
433
433
427
438
428
430
438
433
429
438
432
429
438
434
432
435
435
429
436
436
427
435
436
427
433
438
431
432
865
436
434
436
437
430
440
437
432
439
437
432
439
432
434
441
438
432
442
438
431
441
436
872
435
433
438
435
433
438
436
434
435
436
432
435
435
432
432
435
859
436
841
301
572
864
437
429
429
436
855
432
431
428
431
429
419
430
430
425
429
430
508
352
424
433
424
426
431
427
425
431
428
425
432
428
425
429
432
852
428
431
746
534
850
432
426
420
434
429
1281
427
431
425
435
430
426
435
426
426
433
428
427
433
432
429
429
436
429
717
579
859
437
430
427
434
428
861
429
427
432
432
423
432
430
424
432
422
434
429
854
428
422
430
427
424
428
430
857
307
354
624
346
506
851
429
429
420
432
427
422
427
423
432
426
854
425
854
426
850
430
425
849
432
846
431
425
421
430
428
419
426
425
423
427
418
429
424
422
430
426
419
425
428
1264
428
422
418
429
420
420
426
424
418
422
418
424
421
843
420
415
425
423
416
841
427
419
419
423
423
417
421
423
423
416
420
429
423
421
421
424
417
836
411
431
416
423
422
414
419
419
421
415
813
427
444
391
422
1246
423
417
410
419
419
410
742
512
416
835
419
412
421
411
422
414
414
423
416
414
415
416
418
413
409
423
419
834
417
420
416
416
422
416
828
418
422
414
411
429
418
417
420
421
419
417
415
426
419
416
423
840
423
416
425
419
419
426
421
418
418
421
417
415
421
425
416
412
425
419
413
417
416
422
413
415
422
419
413
843
422
416
417
424
418
414
416
419
416
412
414
420
415
411
419
422
413
725
527
414
840
420
415
417
415
424
418
837
416
832
263
574
832
423
416
417
415
419
413
832
421
828
414
418
410
825
421
821
418
413
407
416
1226
731
491
718
515
691
528
688
526
668
1212
537
402
397
1198
527
677
399
800
394
400
400
441
354
263
529
397
392
397
390
399
393
789
396
780
396
777
391
395
384
398
389
391
391
388
388
388
389
1155
387
386
384
389
385
380
385
388
765
381
385
379
386
387
435
328
279
487
378
760
383
1132
381
376
382
381
379
377
377
384
755
379
382
377
374
377
381
751
290
473
374
755
381
375
376
377
381
368
383
374
381
374
379
381
377
373
408
263
830
376
381
377
374
373
376
380
378
366
381
378
375
372
373
382
377
374
379
373
375
745
377
376
745
371
378
373
375
379
374
367
747
375
374
370
373
377
373
367
371
377
375
366
374
366
378
370
368
374
374
372
375
365
375
377
743
368
376
743
375
369
375
368
746
375
366
368
749
369
743
265
478
369
370
342
399
370
368
371
372
369
366
367
372
375
373
741
369
374
369
372
372
366
370
365
737
374
364
368
365
373
371
1096
374
365
365
373
360
372
369
359
376
735
365
371
370
366
368
364
365
368
371
366
363
364
372
365
364
367
362
369
372
360
364
365
371
364
362
366
364
365
371
361
359
367
368
366
362
362
365
369
369
359
371
361
369
365
362
729
369
368
357
371
362
366
366
361
729
369
366
357
370
363
370
362
359
368
365
372
361
360
364
365
367
367
357
366
363
370
366
362
1093
369
361
361
365
367
364
364
361
361
368
366
363
360
364
367
362
364
361
363
362
365
363
360
364
366
358
368
361
358
368
361
366
362
455
626
367
364
353
364
364
365
364
358
347
376
363
365
364
358
363
365
357
366
361
354
371
356
364
362
356
360
359
363
363
354
361
360
363
364
361
358
359
363
363
361
359
362
361
358
365
362
354
367
357
361
361
357
360
358
363
361
355
358
359
363
362
365
358
354
369
357
363
361
357
359
358
363
363
354
357
361
361
360
363
358
354
369
357
359
359
356
359
354
362
361
359
358
359
361
357
364
359
353
367
356
360
359
361
358
355
362
358
362
362
718
365
359
366
357
366
363
362
367
366
360
368
368
370
376
374
366
378
368
381
374
378
380
387
374
386
379
387
382
383
386
388
389
385
392
389
394
388
393
393
396
394
396
392
399
398
394
400
396
403
404
399
407
406
408
408
406
411
417
416
417
416
422
426
427
431
433
436
437
434
445
441
445
448
446
452
449
455
452
452
455
456
457
462
467
476
478
486
487
495
498
497
500
508
505
508
504
512
508
508
509
505
511
503
497
498
492
499
507
513
526
525
543
544
554
551
559
545
561
548
547
541
553
536
544
542
555
549
562
566
565
564
565
549
570
558
559
550
565
560
561
569
547
547
555
546
548
559
567
577
591
602
603
601
593
584
585
581
579
591
591
597
598
596
598
605
602
581
585
575
574
582
584
593
594
596
604
596
602
601
602
608
611
621
628
634
630
632
639
635
632
631
640
632
631
623
614
608
594
597
596
600
621
634
650
648
646
650
652
648
641
643
638
634
642
647
655
649
648
652
659
661
640
625
623
626
637
640
643
649
652
651
654
661
675
683
674
658
664
676
657
657
674
669
663
661
678
665
660
668
656
650
650
667
679
658
658
655
664
668
653
662
659
654
666
655
661
652
654
648
667
664
664
661
678
667
661
672
660
663
656
673
678
656
648
647
646
656
724
651
730
656
733
661
685
673
668
667
659
671
674
692
730
679
698
689
690
681
676
679
666
660
655
656
637
650
655
668
657
666
647
649
628
616
631
601
595
582
576
480
625
563
550
529
523
521
513
511
501
486
496
488
475
483
467
469
458
459
455
448
448
448
442
437
435
434
433
429
436
423
422
425
422
416
420
414
414
413
413
409
409
408
407
406
403
398
406
397
396
404
399
395
401
399
391
399
399
388
397
396
391
392
389
394
392
388
393
393
381
396
389
387
386
384
390
612
539
394
383
384
382
387
382
381
381
384
376
383
377
383
754
380
380
375
377
373
381
378
369
381
372
378
749
375
372
374
372
371
373
374
367
372
370
374
370
366
372
369
374
371
362
377
366
372
738
372
365
371
369
364
370
369
371
366
366
372
365
369
364
364
353
380
368
361
366
369
363
368
362
361
368
367
368
727
367
360
367
362
358
370
360
367
725
363
359
367
362
355
367
360
366
361
357
364
357
364
365
355
359
361
363
361
362
359
357
365
361
722
358
362
358
364
360
353
359
359
359
360
360
358
353
367
355
362
358
354
358
354
358
359
357
354
357
714
362
357
349
359
354
360
359
356
355
353
361
356
363
356
352
357
355
357
357
358
355
355
358
355
364
356
351
356
356
360
356
359
356
351
364
354
359
358
355
355
355
360
354
359
357
353
355
354
358
358
356
355
355
359
353
362
356
348
363
351
359
357
354
353
355
354
354
361
354
348
357
354
354
358
358
353
348
361
351
357
356
352
354
349
359
354
354
355
348
353
353
354
352
356
354
350
353
350
354
354
352
353
351
354
349
357
353
350
351
350
354
350
356
700
348
352
354
348
357
697
351
345
354
349
354
352
349
350
346
356
348
352
353
347
350
346
356
348
352
354
348
350
704
350
352
351
349
350
347
355
350
354
352
348
352
348
355
349
353
353
349
697
354
350
351
354
349
349
352
349
351
352
353
346
349
349
353
351
352
351
345
348
349
352
347
354
348
348
350
348
351
348
354
350
347
350
347
354
345
354
353
342
349
350
352
347
355
349
348
350
346
356
345
353
351
347
349
351
349
347
354
696
352
346
350
348
351
351
351
350
342
354
345
353
352
348
353
346
348
349
349
347
353
344
354
349
349
349
354
348
348
348
355
348
354
350
354
353
355
356
353
354
358
358
354
360
362
363
355
368
362
367
364
366
366
372
369
363
373
368
374
367
372
371
376
367
376
374
376
374
380
372
381
382
375
381
378
385
384
379
385
385
386
385
390
387
394
391
392
396
396
399
397
396
398
406
402
403
404
408
412
408
415
419
420
422
419
425
430
429
433
431
437
437
435
440
438
442
441
442
449
448
452
455
456
457
458
459
460
468
468
469
467
465
468
468
477
479
481
490
493
501
500
503
503
506
505
511
510
512
510
514
515
514
519
516
521
516
521
520
521
519
521
521
522
521
523
522
525
524
530
528
531
530
533
531
539
538
539
534
544
542
543
532
532
524
531
530
541
538
548
548
552
550
556
559
558
557
559
557
558
562
562
568
569
580
584
582
583
579
575
578
571
574
574
574
578
579
580
589
590
589
591
589
598
594
582
577
571
573
577
580
593
599
604
608
611
613
612
605
609
606
613
607
607
614
614
609
615
616
616
622
620
617
621
622
624
615
616
613
611
611
618
623
620
623
626
626
624
625
632
629
628
626
627
628
627
634
627
627
623
626
626
624
631
629
627
629
627
627
620
615
616
611
614
619
623
626
632
630
628
632
627
634
632
627
624
623
624
624
624
629
630
638
641
647
646
643
647
644
647
643
646
646
643
653
652
649
648
650
639
642
659
626
664
621
661
627
654
618
653
608
653
604
647
613
651
627
655
659
662
634
665
628
634
628
630
620
607
609
610
602
612
604
604
595
605
598
591
586
574
575
567
553
557
540
544
532
523
520
513
505
505
504
485
491
480
953
469
460
463
462
456
446
451
447
445
439
440
434
430
426
438
429
423
423
417
412
420
413
410
414
408
405
411
403
403
406
403
805
399
397
405
399
397
401
398
394
399
399
391
396
394
394
393
389
397
390
390
395
389
382
391
387
386
387
385
388
384
379
386
387
382
378
381
384
383
376
384
381
381
378
378
382
381
370
385
376
381
375
377
382
380
370
376
376
379
377
372
380
372
379
373
374
376
374
371
372
373
375
376
369
369
370
376
372
365
367
369
372
372
360
373
365
371
366
362
364
365
369
367
356
373
361
367
363
360
354
735
367
355
362
361
364
365
363
360
358
366
362
1084
362
357
367
360
355
362
360
360
361
354
356
359
360
360
363
355
349
368
354
361
356
354
357
354
359
357
358
353
354
359
353
363
704
356
354
357
356
358
354
351
354
354
357
355
356
354
707
354
356
356
352
350
356
354
352
361
354
347
354
352
356
355
354
357
352
353
352
357
353
354
354
350
354
352
356
355
351
353
348
358
351
354
354
349
349
352
357
349
358
354
344
355
353
353
355
707
348
353
347
354
352
352
353
349
352
347
355
349
352
351
345
356
349
352
352
349
348
350
701
357
696
352
700
349
353
353
349
347
350
354
347
354
354
345
350
350
352
347
356
349
349
351
347
354
346
353
352
348
345
350
697
354
695
350
343
352
348
352
350
350
347
342
354
346
353
349
350
350
344
351
347
352
351
349
347
344
353
343
351
350
347
353
344
349
346
350
352
349
348
341
351
347
348
347
350
350
345
345
349
349
346
354
346
342
350
343
352
346
349
350
344
345
347
348
345
352
346
346
350
341
348
345
350
351
348
351
339
349
341
352
348
348
349
344
347
345
349
344
347
348
687
345
346
693
346
347
350
688
346
349
349
351
347
338
349
342
350
345
348
347
342
346
341
348
692
346
346
349
340
347
344
349
349
349
345
340
347
342
350
346
347
348
342
343
346
344
276
408
352
345
350
340
348
343
348
349
347
345
343
344
346
346
342
351
345
340
347
340
345
344
347
342
350
345
345
343
692
347
344
689
350
344
352
342
353
348
350
346
346
350
351
348
352
349
353
347
352
350
353
349
354
350
355
352
357
349
356
352
355
353
356
350
354
356
354
354
352
355
350
356
354
355
354
356
353
358
352
359
355
357
355
356
354
358
354
358
354
359
353
362
353
357
360
354
355
354
356
353
359
355
359
355
358
355
361
356
357
360
354
360
360
356
361
356
361
355
363
354
357
362
357
357
359
359
357
360
361
359
358
364
360
364
357
365
361
367
357
365
363
359
360
358
364
362
362
361
367
365
729
368
363
371
364
370
367
365
366
363
368
363
366
365
371
367
367
365
372
365
373
368
368
370
366
369
368
369
368
373
368
372
369
377
367
374
370
366
373
366
370
368
374
371
372
369
376
375
370
370
370
373
369
374
373
376
370
377
372
376
376
372
374
371
377
375
374
373
377
373
378
378
371
373
373
376
375
378
374
380
378
379
380
376
378
373
381
376
379
377
384
378
380
379
376
381
378
382
378
386
380
378
383
377
380
380
383
379
383
380
381
381
378
379
379
382
381
383
380
385
383
379
378
379
382
381
384
381
385
384
379
382
379
386
382
385
380
391
385
380
385
381
386
384
391
386
394
386
380
387
383
388
384
394
387
391
386
381
385
384
390
387
391
386
389
389
384
390
386
393
387
392
391
386
387
387
391
385
392
392
387
388
385
391
388
394
392
398
392
387
393
388
397
391
398
394
391
392
393
394
390
396
396
390
391
388
397
390
395
393
389
391
390
391
390
395
390
393
390
386
391
390
393
386
395
392
388
388
385
394
388
393
390
388
390
384
393
386
396
392
394
391
387
392
389
396
391
394
392
389
391
392
393
392
397
395
388
394
393
396
395
399
395
393
393
394
395
392
399
396
391
392
392
397
392
397
396
390
391
392
397
388
401
395
391
393
391
396
391
396
396
391
391
391
397
392
398
396
393
393
392
790
399
398
394
393
392
396
394
398
396
394
394
393
396
394
400
396
390
396
391
400
393
399
398
393
395
393
399
395
401
398
390
395
392
399
394
403
396
394
396
396
397
394
403
396
389
397
395
399
396
399
397
393
395
395
398
397
400
396
392
395
398
399
396
391
395
389
398
390
397
395
389
389
390
782
396
392
390
390
386
393
390
398
394
391
390
390
391
395
396
393
395
396
392
396
796
396
393
396
392
396
394
397
395
393
394
390
396
392
399
395
393
392
387
395
392
397
394
390
392
390
395
388
396
391
390
392
386
393
389
393
394
395
391
388
389
390
393
393
393
391
384
390
388
394
389
396
393
387
391
390
393
391
397
392
389
390
385
396
388
394
391
388
390
383
392
780
390
392
388
386
389
386
390
387
391
391
383
388
386
389
387
392
388
394
388
381
390
383
394
385
393
391
385
386
384
390
389
394
390
387
391
384
392
388
396
392
392
390
387
392
387
396
388
396
393
389
390
389
395
391
397
392
388
390
386
394
391
396
392
393
390
387
394
388
396
391
396
394
388
393
391
394
393
397
392
387
390
391
393
390
397
391
390
391
390
392
389
397
395
386
392
391
396
389
399
393
391
392
390
395
391
397
393
386
393
389
395
390
399
393
390
392
390
393
388
396
393
387
393
390
782
396
391
390
389
385
394
386
396
391
391
387
386
391
388
393
389
396
392
387
390
389
393
389
396
391
388
392
386
395
388
396
394
392
390
389
393
394
396
396
390
391
389
394
391
396
393
395
393
389
786
400
395
390