0.709
0.723
0.717
0.702
0.69
0.688
0.689
0.689
0.685
0.692
0.695
0.698
0.697
0.685
0.684
0.678
0.68
0.69
0.688
0.681
0.682
0.685
0.681
0.675
0.659
0.652
0.646
0.648
0.642
0.645
0.649
0.654
0.649
0.653
0.655
0.653
0.646
0.645
0.642
0.643
0.638
0.635
0.634
0.63
0.627
0.623
0.618
0.618
0.615
0.612
0.611
0.609
0.609
0.604
0.607
0.603
0.6
0.6
0.599
0.597
0.593
0.596
0.592
0.582
0.585
0.601
0.599
0.603
0.603
0.601
0.599
0.596
0.596
0.593
0.591
0.587
0.586
0.58
0.581
0.58
0.578
0.577
0.58
0.582
0.584
0.579
0.585
0.585
0.583
0.582
0.582
0.581
0.575
0.579
0.577
0.579
0.575
0.579
0.578
0.579
0.573
0.575
0.576
0.573
0.576
0.577
0.576
0.577
0.572
0.577
0.572
0.574
0.567
0.575
0.567
0.568
0.562
0.569
0.564
0.563
0.559
0.565
0.563
0.563
0.559
0.564
0.561
0.561
0.558
0.56
0.559
0.558
0.559
0.556
0.551
0.556
0.559
0.554
0.552
0.558
0.563
0.564
0.57
0.573
0.579
0.579
0.578
0.577
0.575
0.563
0.566
0.563
0.561
0.558
0.559
0.561
0.557
0.561
0.564
0.569
0.569
0.576
0.58
0.586
0.586
0.586
0.577
0.58
0.582
0.567
0.573
0.572
0.568
0.56
0.574
0.567
0.57
0.559
0.563
0.566
0.567
0.563
0.563
0.561
0.559
0.562
0.557
0.558
0.556
0.557
0.558
0.557
0.563
0.567
0.57
0.575
0.581
0.581
0.585
0.584
0.584
0.584
0.582
0.579
0.573
0.573
0.569
0.569
0.571
0.573
0.575
0.576
0.575
0.579
0.576
0.573
0.575
0.575
0.572
0.573
0.571
0.567
0.568
0.57
0.572
0.574
0.576
0.586
0.579
0.579
0.581
0.58
0.582
0.574
0.579
0.575
0.574
0.572
0.579
0.576
0.582
0.582
0.583
0.588
0.59
0.593
0.59
0.588
0.588
0.587
0.582
0.577
0.577
0.575
0.575
0.573
0.575
0.573
0.574
0.57
0.574
0.576
0.576
0.573
0.573
0.57
0.568
0.563
0.563
0.562
0.567
0.563
0.568
0.57
0.572
0.568
0.573
0.574
0.57
0.571
0.566
0.573
0.564
0.563
0.566
0.57
0.57
0.578
0.574
0.578
0.574
0.574
0.572
0.573
0.574
0.567
0.574
0.571
0.571
0.574
0.575
0.581
0.582
0.587
0.59
0.579
0.586
0.58
0.583
0.575
0.574
0.573
0.574
0.571
0.569
0.575
0.57
0.576
0.576
0.576
0.581
0.592
0.595
0.592
0.588
0.583
0.579
0.573
0.572
0.574
0.569
0.575
0.572
0.579
0.575
0.573
0.572
0.574
0.573
0.567
0.574
0.569
0.569
0.564
0.566
0.565
0.562
0.563
0.561
0.563
0.562
0.564
0.563
0.57
0.564
0.568
0.568
0.57
0.564
0.566
0.57
0.569
0.563
0.568
0.567
0.563
0.568
0.563
0.563
0.565
0.562
0.563
0.57
0.564
0.568
0.576
0.578
0.576
0.582
0.579
0.58
0.58
0.58
0.581
0.577
0.577
0.573
0.576
0.566
0.572
0.574
0.57
0.568
0.57
0.573
0.569
0.56
0.567
0.566
0.565
0.565
0.563
0.563
0.562
0.555
0.557
0.555
0.559
0.562
0.564
0.56
0.564
0.563
0.556
0.562
0.558
0.555
0.557
0.558
0.561
0.558
0.56
0.563
0.564
0.565
0.567
0.566
0.564
0.564
0.56
0.557
0.56
0.558
0.555
0.557
0.556
0.558
0.558
0.554
0.556
0.559
0.56
0.552
0.551
0.554
0.552
0.554
0.557
0.551
0.56
0.56
0.556
0.559
0.556
0.554
0.554
0.552
0.545
0.547
0.545
0.548
0.542
0.547
0.549
0.547
0.543
0.546
0.55
0.549
0.543
0.552
0.552
0.56
0.56
0.564
0.566
0.565
0.566
0.564
0.561
0.563
0.565
0.568
0.566
0.569
0.568
0.56
0.56
0.563
0.562
0.556
0.556
0.56
0.55
0.551
0.553
0.553
0.548
0.546
0.55
0.548
0.551
0.542
0.545
0.542
0.539
0.537
0.538
0.541
0.538
0.536
0.54
0.535
0.533
0.533
0.535
0.534
0.532
0.527
0.54
0.538
0.539
0.539
0.539
0.541
0.545
0.538
0.542
0.544
0.543
0.543
0.544
0.545
0.544
0.545
0.544
0.536
0.543
0.538
0.535
0.533
0.535
0.536
0.533
0.536
0.54
0.538
0.539
0.54
0.535
0.535
0.525
0.531
0.527
0.521
0.526
0.52
0.524
0.521
0.527
0.528
0.527
0.534
0.536
0.534
0.535
0.536
0.536
0.538
0.531
0.536
0.534
0.527
0.531
0.527
0.522
0.524
0.521
0.516
0.516
0.518
0.517
0.513
0.521
0.519
0.517
0.517
0.52
0.518
0.512
0.521
0.519
0.517
0.515
0.517
0.517
0.511
0.514
0.513
0.507
0.506
0.509
0.506
0.505
0.507
0.506
0.503
0.505
0.503
0.501
0.499
0.505
0.5
0.5
0.493
0.505
0.502
0.5
0.497
0.497
0.498
0.496
0.49
0.496
0.495
0.491
0.488
0.494
0.493
0.489
0.485
0.489
0.487
0.48
0.48
0.489
0.486
0.488
0.483
0.485
0.486
0.486
0.483
0.485
0.486
0.482
0.479
0.483
0.483
0.482
0.481
0.479
0.484
0.48
0.477
0.485
0.479
0.476
0.481
0.481
0.479
0.478
0.482
0.479
0.479
0.479
0.479
0.482
0.479
0.478
0.484
0.481
0.482
0.479
0.48
0.479
0.479
0.475
0.479
0.477
0.475
0.47
0.641884822062682
0.717597909421427
0.477
0.473
0.479
0.476
0.471
0.471
0.477
0.473
0.467
0.471
0.475
0.472
0.47
0.473
0.476
0.471
0.474
0.478
0.475
0.472
0.479
0.473
0.471
0.478
0.472
0.475
0.467
0.474
0.472
0.467
0.469
0.472
0.466
0.463
0.469
0.47
0.468
0.465
0.468
0.469
0.463
0.459
0.471
0.469
0.47
0.465
0.466
0.467
0.468
0.462
0.469
0.466
0.46
0.466
0.465
0.463
0.458
0.468
0.462
0.463
0.458
0.468
0.465
0.458
0.462
0.466
0.456
0.458
0.468
0.457
0.458
0.713173558335519
0.711065218494739
0.46
0.457
0.468
0.459
0.458
0.468
0.456
0.46
0.524652987886919
0.385453854252817
0.459
0.454
0.464
0.456
0.454
0.462
0.456
0.456
0.45
0.464
0.456
0.453
0.44012862733053
0.74883143654163
0.461
0.458
0.466
0.462
0.462
0.463
0.461
0.463
0.462
0.466
0.462
0.46
0.459
0.47
0.464
0.457
0.468
0.463
0.466
0.466
0.472
0.465
0.463
0.472
0.469
0.462
0.468
0.467
0.464
0.46
0.473
0.462
0.464
0.465
0.462
0.462
0.461
0.465
0.462
0.461
0.456
0.468
0.46
0.463
0.46
0.469
0.459
0.462
0.468
0.463
0.458
0.465
0.468
0.463
0.462
0.471
0.464
0.462
0.47
0.463
0.464
0.465
0.466
0.463
0.459
0.74491435532528
0.494106302731205
0.469
0.465
0.472
0.467
0.471
0.47
0.472
0.468
0.465
0.471
0.467
0.464
0.469
0.464
0.464
0.459
0.47
0.462
0.462
0.463
0.464
0.461
0.465
0.465
0.464
0.459
0.469
0.463
0.463
0.457
0.467
0.459
0.455
0.464
0.46
0.456
0.456
0.458
0.462
0.453
0.46
0.461
0.46
0.459
0.461
0.464
0.46
0.46
0.465
0.459
0.464
0.463
0.455
0.469
0.462
0.462
0.456
0.469
0.465
0.459
0.825672123487573
0.374205670151394
0.464
0.457
0.472
0.466
0.459
0.468
0.461
0.46
0.456
0.463
0.466
0.462
0.461
0.462
0.461
0.46
0.462
0.465
0.46
0.457
0.463
0.461
0.46
0.458
0.463
0.461
0.464
0.469
0.47
0.466
0.464
0.477
0.472
0.474
0.479
0.477
0.475
0.48
0.479
0.477
0.477
0.475
0.471
0.464
0.473
0.469
0.466
0.466
0.467
0.465
0.461
0.467
0.466
0.46
0.468
0.467
0.463
0.458
0.469
0.465
0.464
0.461
0.465
0.464
0.46
0.874947926877765
0.470842561178841
0.468
0.463
0.469
0.464
0.462
0.466
0.461
0.461
0.464
0.46
0.46
0.46
0.463
0.461
0.459
0.467
0.464
0.459
0.467
0.462
0.462
0.457
0.389746961595491
0.452294643267058
0.46
0.463
0.464
0.462
0.461
0.464
0.463
0.46
0.466
0.465
0.462
0.46
0.467
0.461
0.457
0.459
0.464
0.462
0.455
0.54128873544815
0.667930570552824
0.46
0.46
0.457
0.453
0.754490857321769
0.867452810292132
0.457
0.454
0.692875263801077
0.604663310293807
0.457
0.46
0.459
0.456
0.458
0.456
0.459
0.453
0.458
0.457
0.457
0.454
0.465
0.456
0.457
0.461
0.459
0.455
0.458
0.457
0.456
0.453
0.46
0.454
0.45
0.458
0.461
0.457
0.463
0.457
0.458
0.461
0.458
0.459
0.459
0.455
0.458
0.452
0.463
0.453
0.452
0.457
0.454
0.455
0.452
0.458
0.454
0.453
0.456
0.458
0.457
0.459
0.459
0.458
0.455
0.461
0.43965343051427
0.824346765871858
0.46
0.459
0.46
0.458
0.461
0.456
0.457
0.464
0.461
0.458
0.463
0.461
0.46
0.459
0.466
0.459
0.456
0.46
0.461
0.473868102499517
0.502030965082347
0.458
0.453
0.46
0.456
0.458
0.730920872614486
0.491552914367756
0.459
0.458
0.462
0.458
0.46
0.46
0.459
0.455
0.46
0.459
0.453
0.463
0.459
0.459
0.456
0.461
0.46
0.457
0.465
0.46
0.457
0.466
0.459
0.459
0.46
0.463
0.462
0.458
0.463
0.46
0.458
0.462
0.46
0.46
0.458
0.462
0.46
0.455
0.464
0.462
0.461
0.462
0.468
0.459
0.46
0.466
0.462
0.462
0.46
0.462
0.46
0.459
0.461
0.458
0.462
0.459
0.589853002106072
0.834350975087844
0.463
0.459
0.461
0.466
0.464
0.465
0.468
0.465
0.463
0.467
0.467
0.465
0.46
0.459
0.464
0.458
0.457
0.761835209057434
0.693735732233152
0.454
0.457
0.458
0.45
0.457
0.454
0.451
0.453
0.457
0.452
0.448
0.455
0.449
0.447
0.449
0.447
0.446
0.445
0.45
0.442
0.441
0.448
0.44
0.446
0.443
0.447
0.444
0.44
0.439
0.449
0.443
0.451011997522553
0.816299630072433
0.446
0.438
0.454
0.446
0.439
0.455
0.441
0.438
0.453
0.441
0.441
0.436
0.670021268841345
0.447728839729214
0.45
0.526101780011784
0.495504087884445
0.454
0.453
0.452
0.455
0.455
0.455
0.46
0.456
0.457
0.453
0.448
0.46
0.453
0.445
0.46
0.663395617728354
0.422657650006702
0.431522775707534
0.722364852267318
0.448
0.449
0.444
0.454
0.449
0.439
0.458
0.446
0.444
0.451
0.445
0.449
0.439
0.454
0.446
0.528579595536692
0.500613254493335
0.438
0.448
0.443
0.441
0.449
0.446
0.438
0.447
0.444
0.434
0.454
0.441
0.433
0.444
0.444
0.444
0.434
0.454
0.441
0.438
0.452
0.441
0.438
0.445
0.446
0.436
0.44
0.448
0.44
0.438
0.445
0.442
0.437
0.45
0.442
0.432
0.45
0.444
0.433
0.449
0.435
0.433
0.438
0.442
0.439
0.428
0.438
0.444
0.443
0.437
0.436
0.40866617131466
0.484380000422941
0.448
0.437
0.434
0.444
0.438
0.43
0.449
0.438
0.433
0.441
0.722781275565038
0.431766684322618
0.449
0.445
0.436
0.445
0.443
0.443
0.433
0.446
0.449
0.446
0.438
0.446
0.441322701153811
0.4110899127468
0.446
0.436
0.442
0.443
0.44
0.434
0.448
0.443
0.432
0.449
0.445
0.437
0.438
0.441
0.446
0.437
0.435
0.447
0.44
0.437
0.438
0.445
0.437
0.436
0.449
0.444
0.439
0.44
0.448
0.434
0.441
0.45
0.447
0.439
0.445
0.441
0.44
0.436
0.44
0.451
0.444
0.443
0.445
0.44
0.442
0.442
0.444
0.446
0.438
0.449
0.441
0.439
0.449
0.445
0.446
0.445
0.449
0.445
0.443
0.447
0.446
0.444
0.448
0.449
0.448
0.453
0.452
0.449
0.598523927442264
0.654098923537647
0.453
0.452
0.453
0.453
0.447
0.456
0.448
0.45
0.451
0.45
0.453
0.444
0.455
0.451
0.455
0.458
0.451
0.456
0.455
0.801890425764257
0.471010289022932
0.456
0.452
0.458
0.456
0.456
0.454
0.459
0.454
0.459
0.452
0.46
0.458
0.456
0.461
0.453
0.456
0.801604528681608
0.786309029603843
0.457
0.457
0.46
0.454
0.454
0.826155930761714
0.541928852707613
0.463
0.455
0.464
0.461
0.456
0.458
0.458
0.449
0.454
0.455
0.451
0.442
0.452
0.405153598879231
0.643721766947536
0.453
0.449
0.445
0.452
0.446
0.44
0.453
0.447
0.445
0.442
0.445
0.456
0.448
0.448
0.452
0.447
0.45
0.45
0.45
0.448
0.446
0.454
0.449
0.445
0.455
0.448
0.446
0.377467969866237
0.572277733670315
0.449
0.448
0.451
0.448
0.446
0.453
0.449
0.447
0.45
0.449
0.447
0.443
0.443
0.709519393635681
0.708271159266122
0.449
0.445
0.454
0.452
0.452
0.456
0.449
0.452
0.451
0.449
0.449
0.445
0.449
0.452
0.449
0.447
0.448
0.446
0.447
0.44
0.449
0.448
0.444
0.444
0.448
0.443
0.44
0.45
0.443
0.48411971492297
0.726668058842886
0.437
0.449
0.442
0.436
0.7751289207472
0.883
0.593051115425304
0.445
0.438
0.44
0.443
0.441
0.442
0.438
0.442
0.439
0.436
0.446
0.44
0.438
0.438
0.446
0.441
0.44
0.445
0.441
0.437
0.443
0.438
0.438
0.438
0.439
0.437
0.438
0.439
0.438
0.437
0.444
0.438
0.438
0.443
0.441
0.439
0.443
0.44
0.441
0.438
0.443
0.441
0.439
0.445
0.44
0.438
0.438
0.448
0.443
0.438
0.441
0.448
0.444
0.437
0.448
0.441
0.435
0.45
0.439
0.44
0.525242131988751
0.558861312433844
0.439
0.441
0.44
0.441
0.438
0.443
0.44
0.437
0.441
0.442
0.437
0.436
0.445
0.438
0.436
0.438
0.438
0.44
0.437
0.436
0.438
0.438
0.436
0.427
0.6210941957701
0.381231155440444
0.433
0.429
0.443
0.435
0.435
0.435
0.437
0.435
0.433
0.438
0.435
0.431
0.428
0.438
0.433
0.433
0.434
0.438
0.434
0.429
0.438
0.436
0.432
0.436
0.434
0.435
0.431
0.438
0.435
0.43
0.433
0.438
0.433
0.43
0.438
0.432
0.436
0.428
0.438
0.437
0.433
0.434
0.54161258538207
0.801901249000337
0.43
0.434
0.43
0.425
0.435
0.43
0.425
0.431
0.427
0.428
0.424
0.429
0.428
0.424
0.424
0.433
0.426
0.425
0.427
0.427
0.427
0.416
0.429
0.428
0.534277429374168
0.743090134694474
0.424
0.418
0.43
0.424
0.417
0.428
0.425
0.424
0.421
0.428
0.423
0.418
0.429
0.423
0.42
0.428
0.421
0.421
0.42
0.376219022525009
0.823622315311339
0.427
0.423
0.43
0.423
0.42
0.427
0.423
0.42
0.427
0.42
0.396775735115632
0.600581609722692
0.418
0.429
0.42
0.416
0.43
0.419
0.42
0.42
0.427
0.418
0.423
0.422
0.416
0.419
0.426
0.42
0.419
0.423
0.422
0.415
0.423
0.421
0.421
0.421
0.419
0.425
0.417
0.428
0.423
0.423
0.423
0.422
0.427
0.651393519686069
0.373829849547008
0.426
0.427
0.419
0.433
0.422
0.419
0.428
0.426
0.425
0.415
0.431
0.425
0.423
0.425
0.422
0.417
0.425
0.425
0.425
0.415
0.431
0.423
0.415
0.429
0.425
0.426
0.414
0.427
0.423
0.417
0.425
0.423
0.422
0.417
0.425
0.423
0.415
0.43
0.421
0.421
0.426
0.423
0.427
0.419
0.43
0.43
0.424
0.5587763644855
0.573414762086002
0.427
0.427
0.435
0.427
0.428
0.426
0.438
0.435
0.429
0.431
0.434
0.438
0.433
0.433
0.438
0.432
0.43
0.484761860182742
0.776821866458748
0.44
0.444
0.446
0.377403495572042
0.631776064772392
0.443
0.446
0.452
0.451
0.448
0.451
0.454
0.454
0.449
0.463
0.457
0.46
0.459
0.464
0.465
0.459
0.468
0.461
0.464
0.468
0.465
0.47
0.467
0.465
0.469
0.464
0.473
0.467
0.466
0.479
0.468
0.465
0.478
0.471
0.471
0.475
0.471
0.479
0.478
0.477
0.479
0.479
0.482
0.477
0.484
0.488
0.487
0.487
0.49
0.49
0.481
0.487
0.489
0.489
0.493
0.487
0.489
0.496
0.489
0.483
0.496
0.485
0.494
0.489
0.482
0.492
0.488
0.487
0.492
0.489
0.489
0.49
0.502
0.493
0.503
0.496
0.504
0.503
0.501
0.506
0.503
0.502
0.51
0.503
0.505
0.504
0.509
0.498
0.504
0.506
0.514
0.512
0.516
0.517
0.517
0.519
0.515
0.516
0.515
0.509
0.512
0.512
0.505
0.509
0.508
0.506
0.507
0.508
0.509
0.509
0.512
0.508
0.51
0.516
0.516
0.512
0.518
0.514
0.517
0.517
0.514
0.517
0.521
0.511
0.519
0.515
0.52
0.513
0.52
0.514
0.52
0.513
0.516
0.514
0.515
0.512
0.508
0.509
0.506
0.507
0.519
0.519
0.521
0.516
0.521
0.512
0.518
0.51
0.522
0.52
0.52
0.516
0.52
0.519
0.518
0.517
0.519
0.517
0.521
0.521
0.521
0.523
0.524
0.525
0.522
0.523
0.523
0.523
0.518
0.525
0.521
0.517
0.52
0.525
0.526
0.526
0.526
0.525
0.522
0.521
0.521
0.526
0.525
0.52
0.521
0.521
0.519
0.517
0.511
0.518
0.519
0.514
0.522
0.518
0.515
0.515
0.52
0.515
0.516
0.508
0.517
0.516
0.511
0.513
0.518
0.519
0.519
0.523
0.525
0.53
0.529
0.537
0.529
0.527
0.523
0.524
0.514
0.523
0.521
0.52
0.523
0.523
0.522
0.525
0.525
0.526
0.522
0.524
0.524
0.525
0.523
0.523
0.525
0.523
0.527
0.523
0.524
0.531
0.526
0.524
0.525
0.543
0.532
0.528
0.526
0.519
0.521
0.519
0.507
0.522
0.518
0.512
0.51
0.521
0.52
0.513
0.509
0.516
0.512
0.509
0.517
0.511
0.513
0.513
0.512
0.504
0.509
0.51
0.511
0.516
0.516
0.515
0.514
0.516
0.515
0.513
0.516
0.514
0.511
0.517
0.515
0.514
0.516
0.514
0.515
0.515
0.516
0.517
0.508
0.518
0.517
0.521
0.518
0.522
0.525
0.52
0.527
0.523
0.526
0.522
0.52
0.522
0.518
0.515
0.517
0.518
0.518
0.517
0.521
0.518
0.523
0.522
0.521
0.523
0.522
0.519
0.523
0.522
0.521
0.521
0.524
0.523
0.521
0.523
0.516
0.518
0.518
0.516
0.521
0.521
0.521
0.519
0.519
0.518
0.514
0.516
0.513
0.515
0.515
0.515
0.516
0.515
0.512
0.514
0.511
0.51
0.52
0.515
0.519
0.518
0.521
0.518
0.516
0.523
0.519
0.52
0.521
0.518
0.519
0.518
0.521
0.52
0.529
0.53
0.518
0.523
0.52
0.517
0.508
0.512
0.52
0.516
0.511
0.513
0.515
0.511
0.511
0.509
0.511
0.507
0.503
0.505
0.503
0.502
0.498
0.5
0.49
0.494
0.49
0.495
0.496
0.5
0.503
0.497
0.499
0.511
0.507
0.503
0.506
0.507
0.504
0.508
0.514
0.509
0.511
0.512
0.513
0.514
0.514
0.513
0.51
0.509
0.515
0.508
0.507
0.505
0.51
0.51
0.509
0.509
0.515
0.509
0.51
0.511
0.514
0.511
0.518
0.519
0.516
0.516
0.521
0.519
0.52
0.516
0.517
0.512
0.509
0.513
0.507
0.509
0.51
0.508
0.513
0.515
0.515
0.512
0.519
0.513
0.517
0.517
0.517
0.515
0.518
0.519
0.517
0.521
0.521
0.521
0.521
0.517
0.523
0.513
0.52
0.516
0.517
0.521
0.519
0.517
0.519
0.516
0.518
0.514
0.515
0.516
0.513
0.512
0.521
0.518
0.517
0.519
0.525
0.527
0.518
0.525
0.521
0.519
0.516
0.52
0.518
0.514
0.517
0.516
0.52
0.521
0.519
0.516
0.511
0.518
0.519
0.509
0.514
0.526
0.524
0.524
0.52
0.53
0.529
0.52
0.528
0.525
0.513
0.526
0.525
0.521
0.518
0.529
0.524
0.515
0.523
0.52
0.516
0.522
0.525
0.514
0.521
0.526
0.522
0.518
0.532
0.526
0.523
0.538
0.533
0.528
0.536
0.528
0.512
0.518
0.53
0.525
0.519
0.519
0.519
0.514
0.503
0.513
0.511
0.504
0.508
0.515
0.503
0.508
0.512
0.509
0.516
0.519
0.519
0.52
0.524
0.521
0.519
0.52
0.514
0.518
0.514
0.519
0.521
0.521
0.521
0.521
0.522
0.517
0.521
0.52
0.515
0.508
0.519
0.512
0.501
0.503
0.501
0.508
0.499
0.498
0.489
0.498
0.497
0.486
0.492
0.489
0.482
0.483
0.483
0.479
0.47
0.479
0.475
0.47
0.464
0.469
0.465
0.46
0.464
0.463
0.46
0.458
0.458
0.456
0.447
0.457
0.448
0.443
0.45
0.45
0.446
0.442
0.441
0.445
0.439
0.434
0.445
0.443
0.437
0.438
0.438
0.431
0.437
0.434
0.433
0.433
0.429
0.433
0.433
0.423
0.426
0.432
0.429
0.421
0.428
0.428
0.836727635568939
0.85
0.675098063107114
0.422
0.427
0.42
0.417
0.426
0.414
0.671449979170691
0.732208536979277
0.419
0.412
0.42
0.417
0.414
0.408
0.427
0.413
0.416
0.801998663760722
0.450017669319175
0.408
0.42
0.42
0.412
0.416
0.415
0.425
0.42
0.416
0.424
0.422
0.417
0.415
0.422
0.417
0.417
0.419
0.418
0.417
0.426
0.415
0.414
0.423
0.418
0.416
0.572941242299974
0.4870944693028
0.418
0.41
0.423
0.416
0.513241047886666
0.752966495475965
0.507284617450321
0.499365182359004
0.411
0.726701050389791
0.474035511269001
0.411
0.414
0.409
0.63273408801714
0.445148232179461
0.41
0.763971464029281
0.580560038366355
0.403
0.416
0.409
0.402
0.409
0.416
0.406
0.41
0.402
0.405
0.411
0.408
0.510331928628264
0.854961759253172
0.4
0.405357897157781
0.382618439669721
0.397
0.629564466105774
0.538671117762104
0.407
0.406
0.405
0.4
0.406
0.405
0.391
0.412
0.401
0.408
0.394
0.401
0.412
0.402
0.425379788068356
0.452007318442455
0.661950888558757
0.684142408493906
0.398
0.408
0.406
0.407
0.397
0.419
0.406
0.399
0.408
0.414
0.407
0.4
0.41
0.406
0.408
0.41
0.4
0.417
0.41
0.403
0.417
0.407
0.587564869540045
0.789978487102315
0.772626033344539
0.512706385204336
0.406
0.413
0.413
0.401
0.414
0.411
0.401
0.414
0.408
0.404
0.41
0.408
0.396
0.418
0.404
0.4
0.41
0.408
0.4
0.409
0.407
0.404
0.733817146631889
0.879593404819723
0.405
0.409
0.398
0.403
0.41
0.399
0.371199757494731
0.726785426378017
0.397
0.408
0.397
0.394
0.408
0.402
0.39
0.69894529367052
0.590113496005768
0.402173287972808
0.749504428677727
0.491116111183772
0.403489322278881
0.392
0.398
0.395
0.391
0.399
0.392
0.391
0.395
0.394
0.690210182897979
0.652242120725103
0.394
0.629168135155458
0.539736607037019
0.387
0.404
0.388
0.386
0.403
0.393
0.385
0.399
0.4
0.385
0.4
0.393
0.393
0.389
0.406
0.394
0.391
0.411753460706212
0.474023051291704
0.392
0.407
0.4
0.514318410310196
0.810650357447565
0.401
0.4
0.398
0.404
0.401
0.397
0.406
0.401
0.656608547959011
0.439666967263445
0.395
0.409
0.396
0.391
0.409
0.395
0.4
0.399
0.391
0.405
0.394
0.394
0.404
0.392
0.817384324856801
0.552151852976065
0.423619978300529
0.693931766707217
0.392
0.396
0.398
0.383
0.401
0.393
0.387
0.398
0.392
0.386
0.397
0.67302162736957
0.596357270092238
0.38
0.396
0.394
0.383
0.393
0.385
0.851934677237412
0.776754438476171
0.396
0.383
0.844000217701076
0.757159332694253
0.381
0.39
0.382
0.616559045097791
0.769
0.722150232926477
0.381
0.384
0.377
0.387
0.379
0.388
0.374
0.604021598620573
0.485900704841595
0.374
0.386
0.381
0.373
0.391
0.381
0.374
0.39
0.375
0.395516291047214
0.401079446383053
0.373
0.387
0.38
0.377
0.386
0.382
0.373
0.387
0.379
0.485079193728277
0.656259927475592
0.384
0.383
0.382
0.385
0.384
0.38
0.391
0.388
0.38
0.395
0.389
0.379
0.4
0.389
0.382
0.39
0.394
0.381
0.397
0.387
0.386
0.394
0.388
0.385
0.394
0.388
0.607562100216281
0.573086354936939
0.392
0.392
0.385
0.394
0.391
0.382
0.396
0.388
0.388
0.388
0.376
0.392
0.388
0.384
0.534021311988588
0.702950065126177
0.387
0.383
0.700941926342901
0.708280998538947
0.378
0.389
0.379
0.378
0.382
0.577106134769972
0.509164562104968
0.373
0.386
0.372
0.373636648373911
0.594870860977797
0.38
0.385
0.377
0.377
0.383
0.37
0.385
0.542375282088295
0.46313663172489
0.477359982329188
0.445542251427658
0.372
0.381
0.371
0.382
0.369
0.397020673618652
0.832453768988606
0.377
0.377
0.827576331721619
0.478295644691214
0.646423876932356
0.44370204816875
0.373
0.541793400680879
0.851070442621829
0.368
0.381
0.375
0.369
0.38
0.376
0.371
0.383
0.875958346705418
0.496451591979247
0.381
0.382
0.373
0.387
0.381
0.375
0.386
0.379
0.381
0.388
0.38
0.381
0.39
0.379
0.38
0.391
0.384
0.383
0.396
0.386
0.387
0.382
0.383
0.726353649128694
0.693199530294631
0.395
0.381
0.486441895303549
0.673673825338017
0.385
0.392
0.393
0.384
0.398
0.388
0.387
0.398
0.388
0.391
0.394
0.393
0.392
0.398
0.389
0.394
0.396
0.394
0.394
0.396
0.396
0.396
0.395
0.401
0.396
0.396
0.872281102035893
0.861943371484056
0.473367009919137
0.45181657202146
0.398
0.414
0.406
0.398
0.412
0.408
0.402
0.411
0.408
0.863454720217967
0.7877742880648
0.405
0.417
0.411
0.409
0.416
0.412
0.417
0.41
0.416
0.419
0.417
0.411
0.423
0.416
0.415
0.426
0.421
0.419
0.424
0.425
0.425
0.422
0.423
0.428
0.422
0.428
0.426
0.427
0.425
0.432
0.428
0.519792615415761
0.593668422027957
0.423
0.433
0.43
0.438
0.43
0.439
0.436
0.434
0.449
0.442
0.438
0.458
0.446
0.448
0.457
0.454
0.456
0.461
0.453
0.459
0.459
0.45
0.465
0.458
0.457
0.464
0.462
0.47
0.471
0.466
0.476
0.469
0.47
0.468
0.479
0.469
0.479
0.47
0.466
0.477
0.47
0.465
0.481
0.471
0.476
0.866320530944038
0.749183903666679
0.462
0.474
0.474
0.48
0.481
0.477
0.482
0.471
0.472
0.475
0.475
0.473
0.473
0.473
0.479
0.478
0.479
0.547822126636282
0.589377870639553
0.479
0.485
0.483
0.487
0.494
0.482
0.499
0.492
0.494
0.489
0.481
0.488
0.489
0.487
0.49
0.485
0.492
0.492
0.489
0.493
0.492
0.497
0.492
0.492
0.498
0.496
0.489
0.495
0.496
0.499
0.496
0.495
0.501
0.499
0.507
0.509
0.512
0.524
0.525
0.521
0.529
0.56
0.544
0.538
0.542
0.534
0.541
0.545
0.543
0.547
0.545
0.546
0.552
0.55
0.559
0.551
0.556
0.558
0.56
0.55
0.538
0.531
0.536
0.533
0.528
0.525
0.531
0.527
0.522
0.529
0.528
0.527
0.527
0.521
0.522
0.526
0.529
0.531
0.536
0.542
0.544
0.542
0.55
0.55
0.555
0.551
0.538
0.549
0.536
0.544
0.535
0.541
0.54
0.532
0.536
0.535
0.537
0.538
0.537
0.538
0.529
0.535
0.533
0.534
0.528
0.533
0.533
0.529
0.526
0.536
0.54
0.543
0.54
0.541
0.542
0.54
0.535
0.534
0.541
0.537
0.537
0.544
0.539
0.548
0.543
0.544
0.537
0.545
0.541
0.536
0.535
0.534
0.545
0.537
0.538
0.539
0.54
0.543
0.539
0.541
0.542
0.539
0.537
0.541
0.539
0.536
0.54
0.537
0.538
0.535
0.533
0.538
0.539
0.54
0.537
0.54
0.536
0.539
0.538
0.538
0.541
0.542
0.546
0.537
0.548
0.545
0.55
0.548
0.548
0.549
0.55
0.554
0.555
0.556
0.552
0.557
0.559
0.557
0.557
0.553
0.555
0.553
0.553
0.552
0.547
0.551
0.549
0.553
0.553
0.56
0.561
0.562
0.557
0.561
0.552
0.556
0.554
0.555
0.55
0.549
0.55
0.545
0.548
0.547
0.548
0.548
0.549
0.55
0.552
0.551
0.558
0.551
0.548
0.551
0.555
0.547
0.543
0.539
0.538
0.538
0.537
0.539
0.539
0.548
0.552
0.559
0.556
0.56
0.553
0.559
0.556
0.555
0.552
0.555
0.554
0.557
0.551
0.553
0.553
0.558
0.557
0.558
0.561
0.562
0.561
0.56
0.557
0.559
0.559
0.557
0.564
0.561
0.562
0.56
0.557
0.558
0.555
0.557
0.559
0.557
0.557
0.558
0.558
0.556
0.563
0.558
0.561
0.557
0.562
0.558
0.553
0.556
0.559
0.556
0.561
0.563
0.562
0.563
0.563
0.562
0.563
0.565
0.561
0.567
0.566
0.571
0.569
0.573
0.571
0.568
0.566
0.572
0.563
0.566
0.563
0.566
0.563
0.563
0.557
0.566
0.571
0.576
0.578
0.577
0.576
0.572
0.574
0.571
0.572
0.568
0.583
0.58
0.584
0.585
0.578
0.58
0.572
0.578
0.576
0.574
0.583
0.591
0.595
0.599
0.592
0.594
0.59
0.59
0.587
0.585
0.582
0.582
0.576
0.571
0.579
0.569
0.577
0.577
0.577
0.581
0.575
0.58
0.584
0.582
0.578
0.579
0.582
0.58
0.58
0.575
0.582
0.577
0.575
0.573
0.577
0.575
0.578
0.581
0.579
0.584
0.587
0.588
0.584
0.59
0.585
0.585
0.588
0.582
0.581
0.579
0.58
0.579
0.585
0.583
0.586
0.584
0.586
0.59
0.583
0.584
0.577
0.581
0.584
0.579
