0.646
0.64
0.626
0.623
0.605
0.612
0.614
0.581
0.588
0.586
0.582
0.562
0.584
0.584
0.564
0.546
0.569
0.555
0.56
0.543
0.569
0.543
0.562
0.536
0.53
0.537
0.516
0.525
0.538
0.535
0.514
0.515
0.514
0.521
0.516
0.521
0.498
0.516
0.497
0.514
0.49
0.502
0.479
0.492
0.471
0.49
0.494
0.479
0.499
0.495
0.479
0.497
0.476
0.47
0.483
0.478
0.497
0.475
0.498
0.479
0.479
0.462
0.485
0.467
0.477
0.49
0.468
0.485
0.462
0.476
0.462
0.468
0.461
0.463
0.46
0.482
0.466
0.449
0.463
0.449
0.462
0.449
0.467
0.454
0.46
0.457
0.445
0.463
0.449
0.446
0.463
0.454
0.448
0.453
0.454
0.451
0.444
0.455
0.444
0.453
0.457
0.447
0.449
0.464
0.449
0.441
0.463
0.447
0.442
0.453
0.447
0.462
0.445
0.465
0.443
0.452
0.448
0.438
0.445
0.443
0.436
0.452
0.455
0.447
0.436
0.457
0.442
0.454
0.446
0.452
0.453
0.44
0.461
0.443
0.438
0.459
0.448
0.44
0.454
0.435
0.452
0.455
0.447
0.439
0.457
0.449
0.438
0.452
0.434
0.447
0.465
0.448
0.454
0.447
0.433
0.452
0.438
0.441
0.445
0.452
0.437
0.444
0.455
0.436
0.435
0.438
0.458
0.438
0.438
0.442
0.436
0.444
0.453
0.438
0.448
0.464
0.436
0.454
0.45
0.446
0.438
0.442
0.462
0.449
0.451
0.449
0.44
0.451
0.45
0.443
0.449
0.456
0.446
0.446
0.465
0.444
0.464
0.443
0.448
0.446
0.46
0.444
0.437
0.444
0.453
0.455
0.433
0.452
0.458
0.442
0.439
0.436
0.444
0.436
0.45
0.431
0.449
0.454
0.437
0.446
0.467
0.448
0.443
0.45
0.453
0.443
0.445
0.454
0.441
0.449
0.462
0.454
0.437
0.458
0.458
0.445
0.439
0.449
0.453
0.45
0.446
0.45
0.441
0.454
0.474
0.456
0.452
0.462
0.448
0.452
0.472
0.465
0.466
0.441
0.441
0.463
0.448
0.458
0.468
0.451
0.457
0.466
0.453
0.462
0.476
0.458
0.472
0.464
0.474
0.446
0.444
0.463
0.448
0.453
0.469
0.466
0.443
0.459
0.472
0.466
0.464
0.447
0.467
0.467
0.464
0.448
0.462
0.458
0.448
0.461
0.46
0.449
0.471
0.451
0.445
0.455
0.463
0.466
0.452
0.463
0.475
0.458
0.475
0.453
0.453
0.457
0.452
0.474
0.458
0.478
0.451
0.466
0.464
0.442
0.46
0.449
0.457
0.453
0.471
0.474
0.45
0.451
0.458
0.464
0.45
0.455
0.472
0.451
0.459
0.47
0.45
0.457
0.464
0.448
0.458
0.465
0.467
0.454
0.452
0.471
0.449
0.447
0.465
0.451
0.446
0.451
0.458
0.445
0.449
0.463
0.451
0.448
0.446
0.458
0.445
0.449
0.438
0.457
0.464
0.441
0.441
0.438
0.456
0.446
0.448
0.451
0.458
0.451
0.434
0.47
0.439
0.446
0.46
0.452
0.453
0.433
0.46
0.445
0.439
0.46
0.454
0.438
0.455
0.451
0.45
0.467
0.456
0.448
0.466
0.443
0.457
0.456
0.448
0.456
0.463
0.445
0.453
0.444
0.454
0.449
0.442
0.464
0.447
0.434
0.453
0.448
0.45
0.457
0.44
0.456
0.441
0.434
0.443
0.432
0.442
0.455
0.439
0.439
0.439
0.45
0.453
0.437
0.454
0.456
0.462
0.442
0.454
0.447
0.453
0.433
0.451
0.438
0.45
0.464
0.468
0.448
0.452
0.443
0.442
0.443
0.449
0.447
0.439
0.44
0.448
0.441
0.431
0.434
0.439
0.448
0.456
0.447
0.454
0.441
0.437
0.457
0.452
0.432
0.439
0.439
0.457
0.445
0.445
0.444
0.448
0.452
0.432
0.436
0.449
0.444
0.432
0.439
0.456
0.437
0.438
0.452
0.447
0.43
0.431
0.45
0.437
0.438
0.438
0.454
0.443
0.427
0.448
0.45
0.437
0.44
0.435
0.452
0.448
0.427
0.45
0.433
0.451
0.436
0.438
0.423
0.441
0.427
0.427
0.438
0.446
0.43
0.439
0.437
0.426
0.435
0.426
0.442
0.442
0.425
0.429
0.437
0.446
0.427
0.44
0.431
0.425
0.422
0.439
0.438
0.431
0.426
0.429
0.441
0.42
0.437
0.437
0.424
0.445
0.428
0.439
0.426
0.445
0.449
0.446
0.445
0.434
0.44
0.427
0.426
0.439
0.449
0.445
0.431
0.445
0.442
0.433
0.438
0.422
0.442
0.45
0.422
0.426
0.439
0.358
0.44
0.427
0.418
0.438
0.446
0.427
0.439
0.44
0.43
0.438
0.419
0.451
0.431
0.421
0.435
0.444
0.445
0.431
0.422
0.439
0.455
0.438
0.433
0.448
0.435
0.436
0.421
0.452
0.44
0.455
0.451
0.429
0.443
0.458
0.449
0.44
0.445
0.465
0.451
0.44
0.453
0.473
0.441
0.449
0.46
0.449
0.479
0.46
0.481
0.461
0.474
0.468
0.471
0.461
0.464
0.468
0.45
0.452
0.452
0.452
0.453
0.455
0.439
0.45
0.452
0.442
0.456
0.454
0.454
0.444
0.445
0.438
0.443
0.426
0.439
0.453
0.453
0.438
0.443
0.427
0.455
0.435
0.429
0.444
0.446
0.426
0.435
0.438
0.459
0.44
0.425
0.46
0.445
0.438
0.43
0.446
0.456
0.444
0.444
0.455
0.465
0.445
0.438
0.445
0.467
0.445
0.451
0.459
0.446
0.44
0.442
0.457
0.441
0.435
0.445
0.452
0.432
0.431
0.359
0.43
0.427
0.429
0.447
0.438
0.427
0.432
0.445
0.458
0.443
0.454
0.42
0.438
0.443
0.438
0.424
0.43
0.433
0.427
0.437
0.457
0.432
0.437
0.442
0.455
0.433
0.441
0.458
0.453
0.451
0.422
0.436
0.45
0.431
0.431
0.431
0.438
0.442
0.441
0.437
0.422
0.412
0.436
0.426
0.42
0.445
0.423
0.437
0.433
0.422
0.426
0.437
0.437
0.423
0.437
0.444
0.431
0.435
0.421
0.442
0.436
0.427
0.426
0.438
0.443
0.433
0.43
0.438
0.43
0.443
0.451
0.429
0.421
0.439
0.442
0.434
0.432
0.439
0.452
0.436
0.426
0.438
0.443
0.448
0.431
0.44
0.461
0.424
0.445
0.435
0.437
0.444
0.443
0.447
0.43
0.446
0.448
0.445
0.429
0.443
0.455
0.437
0.426
0.442
0.441
0.442
0.431
0.446
0.449
0.44
0.437
0.428
0.451
0.438
0.443
0.428
0.441
0.459
0.441
0.427
0.443
0.461
0.441
0.446
0.464
0.443
0.429
0.444
0.458
0.454
0.448
0.456
0.436
0.44
0.454
0.436
0.448
0.437
0.453
0.47
0.445
0.456
0.456
0.45
0.436
0.446
0.451
0.438
0.456
0.472
0.439
0.458
0.467
0.46
0.47
0.442
0.455
0.455
0.461
0.459
0.46
0.444
0.463
0.455
0.438
0.461
0.454
0.442
0.468
0.455
0.436
0.452
0.461
0.447
0.45
0.44
0.459
0.446
0.442
0.462
0.451
0.447
0.448
0.463
0.441
0.448
0.455
0.474
0.45
0.456
0.464
0.451
0.453
0.462
0.462
0.447
0.45
0.462
0.471
0.443
0.451
0.443
0.445
0.443
0.454
0.454
0.437
0.453
0.454
0.453
0.447
0.436
0.453
0.464
0.446
0.468
0.431
0.456
0.437
0.428
0.448
0.461
0.439
0.444
0.452
0.44
0.437
0.444
0.444
0.454
0.45
0.439
0.449
0.452
0.438
0.441
0.461
0.438
0.441
0.444
0.463
0.426
0.443
0.447
0.463
0.433
0.453
0.447
0.448
0.433
0.442
0.44
0.449
0.455
0.447
0.438
0.448
0.461
0.438
0.438
0.459
0.446
0.438
0.443
0.457
0.442
0.449
0.43
0.45
0.458
0.435
0.443
0.457
0.432
0.447
0.455
0.441
0.45
0.453
0.436
0.449
0.446
0.438
0.432
0.45
0.442
0.433
0.433
0.451
0.436
0.435
0.439
0.442
0.447
0.428
0.439
0.438
0.443
0.444
0.442
0.453
0.446
0.438
0.445
0.455
0.433
0.446
0.43
0.444
0.452
0.431
0.431
0.448
0.443
0.438
0.427
0.438
0.452
0.428
0.449
0.432
0.428
0.439
0.442
0.439
0.426
0.434
0.449
0.429
0.43
0.44
0.453
0.443
0.43
0.436
0.454
0.446
0.437
0.442
0.443
0.431
0.438
0.432
0.433
0.441
0.435
0.434
0.424
0.436
0.445
0.43
0.436
0.45
0.428
0.417
0.429
0.448
0.429
0.424
0.434
0.454
0.418
0.431
0.438
0.438
0.422
0.429
0.429
0.434
0.438
0.433
0.422
0.418
0.435
0.428
0.437
0.42
0.416
0.435
0.43
0.432
0.417
0.427
0.435
0.432
0.422
0.429
0.447
0.414
0.436
0.435
0.43
0.449
0.411
0.422
0.433
0.432
0.414
0.434
0.422
0.431
0.434
0.423
0.42
0.425
0.441
0.425
0.427
0.427
0.432
0.446
0.42
0.44
0.438
0.428
0.431
0.424
0.441
0.44
0.438
0.437
0.437
0.419
0.434
0.443
0.432
0.424
0.426
0.447
0.421
0.433
0.447
0.437
0.421
0.421
0.434
0.44
0.441
0.428
0.423
0.444
0.426
0.428
0.446
0.454
0.439
0.452
0.427
0.445
0.441
0.431
0.442
0.447
0.444
0.433
0.433
0.449
0.443
0.428
0.436
0.453
0.441
0.431
0.429
0.448
0.452
0.433
0.426
0.445
0.457
0.437
0.441
0.445
0.434
0.438
0.428
0.447
0.445
0.427
0.425
0.438
0.438
0.44
0.419
0.458
0.42
0.435
0.44
0.447
0.43
0.423
0.441
0.437
0.438
0.42
0.438
0.442
0.428
0.44
0.422
0.433
0.436
0.452
0.423
0.438
0.444
0.435
0.421
0.428
0.421
0.422
0.432
0.431
0.422
0.426
0.429
0.444
0.422
0.41
0.419
0.427
0.438
0.433
0.419
0.427
0.433
0.425
0.422
0.416
0.421
0.432
0.445
0.419
0.435
0.419
0.428
0.428
0.43
0.423
0.44
0.438
0.437
0.434
0.436
0.416
0.428
0.439
0.429
0.418
0.411
0.44
0.411
0.423
0.439
0.425
0.419
0.43
0.422
0.423
0.421
0.41
0.43
0.431
0.42
0.415
0.421
0.435
0.412
0.422
0.417
0.427
0.428
0.415
0.404
0.412
0.423
0.429
0.424
0.413
0.404
0.421
0.426
0.425
0.421
0.41
0.416
0.418
0.426
0.417
0.41
0.418
0.414
0.42
0.431
0.428
0.416
0.423
0.411
0.427
0.41
0.42
0.423
0.433
0.41
0.417
0.42
0.421
0.433
0.418
0.401
0.42
0.417
0.425
0.431
0.42
0.406
0.424
0.416
0.407
0.415
0.411
0.429
0.421
0.423
0.419
0.429
0.432
0.418
0.424
0.414
0.434
0.441
0.419
0.426
0.434
0.432
0.425
0.43
0.444
0.434
0.424
0.419
0.433
0.431
0.436
0.428
0.438
0.425
0.415
0.42
0.425
0.433
0.426
0.41
0.424
0.438
0.417
0.42
0.418
0.429
0.437
0.427
0.414
0.425
0.441
0.422
0.42
0.432
0.417
0.424
0.415
0.426
0.411
0.403
0.42
0.416
0.428
0.41
0.42
0.41
0.422
0.432
0.417
0.413
0.411
0.42
0.437
0.417
0.417
0.424
0.417
0.417
0.412
0.424
0.438
0.417
0.42
0.425
0.413
0.411
0.418
0.412
0.414
0.408
0.416
0.418
0.417
0.414
0.4
0.417
0.424
0.429
0.408
0.401
0.417
0.423
0.409
0.415
0.4
0.414
0.413
0.429
0.421
0.407
0.408
0.418
0.413
0.421
0.418
0.412
0.414
0.41
0.416
0.424
0.426
0.407
0.414
0.419
0.398
0.412
0.415
0.425
0.407
0.405
0.401
0.417
0.41
0.416
0.411
0.406
0.407
0.406
0.414
0.415
0.429
0.41
0.394
0.405
0.416
0.413
0.416
0.421
0.414
0.419
0.41
0.412
0.416
0.42
0.424
0.419
0.412
0.414
0.422
0.429
0.421
0.411
0.414
0.42
0.427
0.413
0.41
0.414
0.418
0.414
0.402
0.411
0.413
0.418
0.431
0.416
0.404
0.412
0.412
0.422
0.41
0.402
0.41
0.409
0.418
0.413
0.405
0.398
0.413
0.411
0.423
0.41
0.403
0.403
0.412
0.413
0.426
0.414
0.412
0.421
0.416
0.411
0.414
0.401
0.416
0.422
0.414
0.406
0.402
0.405
0.414
0.427
0.406
0.403
0.406
0.414
0.422
0.423
0.407
0.415
0.417
0.42
0.413
0.411
0.407
0.408
0.418
0.414
0.422
0.416
0.403
0.416
0.424
0.423
0.407
0.396
0.412
0.407
0.416
0.425
0.416
0.408
0.397
0.414
0.411
0.424
0.423
0.415
0.412
0.407
0.427
0.428
0.412
0.398
0.412
0.414
0.418
0.419
0.414
0.401
0.419
0.408
0.426
0.426
0.416
0.396
0.413
0.413
0.413
0.427
0.426
0.415
0.399
0.412
0.418
0.422
0.432
0.418
0.403
0.42
0.41
0.422
0.433
0.422
0.417
0.435
0.407
0.422
0.425
0.439
0.415
0.42
0.438
0.434
0.416
0.402
0.42
0.435
0.428
0.421
0.429
0.432
0.425
0.429
0.426
0.432
0.448
0.434
0.42
0.431
0.438
0.451
0.439
0.425
0.426
0.438
0.429
0.442
0.426
0.415
0.431
0.438
0.423
0.414
0.422
0.425
0.411
0.429
0.429
0.415
0.414
0.412
0.418
0.412
0.422
0.432
0.438
0.428
0.419
0.424
0.436
0.421
0.413
0.425
0.434
0.416
0.413
0.423
0.43
0.429
0.417
0.416
0.42
0.433
0.428
0.428
0.417
0.416
0.422
0.43
0.441
0.417
0.42
0.434
0.434
0.424
0.423
0.419
0.436
0.423
0.409
0.429
0.41
0.423
0.429
0.434
0.417
0.42
0.425
0.433
0.437
0.422
0.42
0.436
0.422
0.427
0.441
0.425
0.421
0.431
0.438
0.423
0.428
0.434
0.423
0.426
0.416
0.435
0.439
0.432
0.416
0.427
0.424
0.415
0.432
0.428
0.436
0.426
0.438
0.42
0.415
0.41
0.423
0.431
0.414
0.423
0.419
0.434
0.416
0.409
0.425
0.438
0.419
0.411
0.408
0.426
0.436
0.414
0.409
0.424
0.406
0.417
0.408
0.426
0.433
0.414
0.426
0.431
0.429
0.416
0.429
0.434
0.42
0.421
0.422
0.418
0.43
0.432
0.418
0.408
0.427
0.423
0.431
0.421
0.414
0.414
0.408
0.422
0.425
0.409
0.412
0.413
0.422
0.403
0.423
0.425
0.417
0.406
0.411
0.417
0.432
0.415
0.404
0.401
0.408
0.415
0.426
0.412
0.407
0.396
0.414
0.417
0.407
0.414
0.404
0.399
0.404
0.412
0.421
0.419
0.405
0.412
0.404
0.421
0.415
0.418
0.4
0.402
0.409
0.419
0.425
0.416
0.407
0.417
0.423
0.408
0.407
0.408
0.4
0.425
0.41
0.399
0.409
0.41
0.419
0.425
0.418
0.408
0.398
0.41
0.418
0.422
0.406
0.41
0.401
0.416
0.419
0.429
0.418
0.406
0.406
0.406
0.423
0.429
0.415
0.405
0.404
0.417
0.421
0.416
0.425
0.406
0.402
0.414
0.418
0.424
0.413
0.419
0.412
0.412
0.424
0.434
0.414
0.415
0.412
0.416
0.432
0.42
0.402
0.42
0.41
0.423
0.422
0.412
0.411
0.416
0.414
0.413
0.428
0.417
0.427
0.428
0.414
0.397
0.412
0.407
0.419
0.426
0.414
0.407
0.398
0.409
0.42
0.419
0.406
0.417
0.407
0.408
0.413
0.402
0.41
0.416
0.428
0.409
0.413
0.403
0.412
0.422
0.422
0.41
0.419
0.4
0.427
0.417
0.397
0.413
0.41
0.418
0.422
0.431
0.411
0.402
0.412
0.415
0.43
0.421
0.414
0.417
0.425
0.425
0.41
0.413
0.42
0.411
0.429
0.429
0.409
0.425
0.433
0.412
0.402
0.413
0.424
0.437
0.403
0.413
0.419
0.43
0.422
0.411
0.405
0.411
0.421
0.435
0.42
0.408
0.406
0.423
0.437
0.417
0.418
0.412
0.415
0.411
0.421
0.424
0.424
0.423
0.413
0.419
0.423
0.418
0.411
0.421
0.432
0.432
0.412
0.413
0.408
0.415
0.425
0.433
0.414
0.403
0.413
0.425
0.429
0.4
0.419
0.42
0.42
0.417
0.408
0.416
0.411
0.421
0.424
0.412
0.409
0.403
0.414
0.426
0.425
0.404
0.41
0.415
0.425
0.422
0.412
0.404
0.414
0.423
0.405
0.404
0.407
0.405
0.405
0.413
0.421
0.419
0.404
0.401
0.402
0.404
0.411
0.413
0.414
0.409
0.416
0.406
0.4
0.408
0.414
0.419
0.414
0.408
0.398
0.412
0.414
0.428
0.42
0.41
0.399
0.404
0.412
0.412
0.415
0.428
0.413
0.406
0.411
0.416
0.422
0.42
0.419
0.411
0.407
0.401
0.412
0.406
0.412
0.406
0.41
0.413
0.421
0.416
0.406
0.402
0.404
0.412
0.417
0.428
0.415
0.409
0.405
0.42
0.423
0.419
0.406
0.404
0.405
0.415
0.418
0.413
0.418
0.402
0.416
0.405
0.421
0.431
0.413
0.41
0.414
0.405
0.423
0.422
0.423
0.414
0.42
0.421
0.418
0.424
0.406
0.41
0.42
0.433
0.416
0.414
0.424
0.425
0.431
0.416
0.405
0.415
0.43
0.425
0.418
0.418
0.414
0.42
0.429
0.428
0.411
0.41
0.409
0.418
0.435
0.409
0.416
0.414
0.419
0.426
0.409
0.423
0.406
0.409
0.413
0.431
0.42
0.414
0.399
0.41
0.42
0.422
0.422
0.409
0.41
0.415
0.424
0.431
0.41
0.415
0.402
0.413
0.417
0.428
0.407
0.42
0.408
0.405
0.414
0.418
0.434
0.414
0.406
0.413
0.418
0.429
0.428
0.415
0.415
0.41
0.421
0.434
0.412
0.424
0.404
0.424
0.416
0.412
0.416
0.415
0.426
0.416
0.427
0.436
0.425
0.412
0.42
0.421
0.428
0.434
0.422
0.416
0.414
0.421
0.436
0.43
0.418
0.415
0.413
0.426
0.437
0.429
0.422
0.422
0.43
0.426
0.423
0.417
0.422
0.426
0.434
0.418
0.42
0.419
0.416
0.423
0.435
0.421
0.42
0.413
0.415
0.406
0.436
0.412
0.416
0.424
0.409
0.422
0.426
0.41
0.416
0.414
0.422
0.435
0.414
0.416
0.426
0.437
0.419
0.408
0.414
0.408
0.427
0.434
0.411
0.419
0.405
0.419
0.417
0.413
0.403
0.413
0.419
0.423
0.415
0.408
0.418
0.411
0.416
0.414
0.409
0.408
0.424
0.435
0.422
0.406
0.416
0.426
0.428
0.414
0.415
0.417
0.431
0.42
0.407
0.409
0.413
0.414
0.419
0.42
0.405
0.428
0.411
0.41
0.421
0.433
0.412
0.409
0.405
0.418
0.424
0.426
0.413
0.405
0.408
0.413
0.43
0.414
0.399
0.402
0.414
0.415
0.408
0.407
0.401
0.409
0.417
0.415
0.408
0.406
0.405
0.395
0.406
0.408
0.411
0.427
0.412
0.396
0.408
0.413
0.416
0.408
0.415
0.404
0.424
0.43
0.403
0.409
0.411
0.415
0.421
0.419
0.399
0.409
0.414
0.401
0.424
0.413
0.396
0.411
0.402
0.401
0.414
0.416
0.407
0.411
0.402
0.398
0.401
0.414
0.414
0.417
0.402
0.397
0.412
0.402
0.416
0.411
0.419
0.413
0.403
0.402
0.401
0.413
0.415
0.411
0.418
0.403
0.416
0.424
0.406
0.395
0.398
0.421
0.404
0.411
0.406
0.413
0.414
0.404
0.408
0.408
0.398
0.412
0.418
0.406
0.409
0.404
0.4
0.409
0.41
0.418
0.4
0.401
0.404
0.398
0.411
0.413
0.408
0.394
0.408
0.411
0.423
0.407
0.401
0.403
0.4
0.413
0.41
0.429
0.401
0.405
0.406
0.415
0.426
0.411
0.399
0.395
0.411
0.418
0.407
0.401
0.412
0.411
0.393
0.398
0.402
0.409
0.414
0.414
0.389
0.406
0.412
0.419
0.41
0.403
0.416
0.4
0.4
0.398
0.394
0.402
0.409
0.402
0.404
0.386
0.402
0.398
0.406
0.414
0.396
0.395
0.406
0.394
0.405
0.4
0.411
0.41
0.396
0.403
0.397
0.392
0.409
0.412
0.405
0.41
0.396
0.401
0.406
0.398
0.406
0.403
0.405
0.412
0.392
0.401
0.405
0.402
0.398
0.409
0.41
0.417
0.401
0.403
0.403
0.41
0.422
0.407
0.392
0.407
0.41
0.414
0.405
0.398
0.409
0.405
0.417
0.401
0.416
0.401
0.409
0.394
0.389
0.403
0.396
0.407
0.407
0.412
0.404
0.386
0.404
0.393
0.399
0.395
0.398
0.402
0.413
0.396
0.397
0.398
0.396
0.393
0.404
0.39
0.406
0.392
0.401
0.397
0.4
0.401
0.412
0.393
0.407
0.396
0.404
0.406
0.402
0.41
0.416
0.414
0.409
0.406
0.406
0.403
0.408
0.405
0.423
0.413
0.396
0.407
0.408
0.41
0.426
0.408
0.411
0.411
0.404
0.401
0.411
0.413
0.422
0.404
0.407
0.408
0.4
0.398
0.411
0.414
0.419
0.411
0.398
0.403
0.4
0.407
0.41
0.411
0.417
0.408
0.391
0.4
0.41
0.403
0.407
0.408
0.423
0.415
0.403
0.399
0.409
0.412
0.415
0.426
0.419
0.417
0.426
0.422
0.415
0.413
0.407
0.417
0.417
0.431
0.414
0.401
0.415
0.407
0.423
0.424
0.417
0.415
0.41
0.402
0.415
0.422
0.42
0.415
0.425
0.41
0.407
0.415
0.429
0.424
0.418
0.415
0.411
0.413
0.421
0.434
0.417
0.411
0.414
0.406
0.42
0.424
0.417
0.409
0.421
0.418
0.416
0.41
0.403
0.416
0.404
0.424
0.418
0.427
0.408
0.408
0.404
0.404
0.421
0.414
0.42
0.415
0.405
0.403
0.416
0.431
0.431
0.423
0.418
0.415
0.412
0.416
0.432
0.428
0.418
0.414
0.407
0.424
0.431
0.433
0.422
0.413
0.404
0.418
0.42
0.417
0.432
0.423
0.408
0.401
0.417
0.407
0.418
0.425
0.423
0.413
0.396
0.411
0.413
0.397
0.422
0.412
0.392
0.411
0.407
0.399
0.401
0.411
0.413
0.414
0.4
0.408
0.401
0.393
0.403
0.397
0.408
0.414
0.42
0.401
0.388
0.399
0.406
0.41
0.407
0.396
0.406
0.402
0.397
0.389
0.404
0.402
0.41
0.406
0.402
0.405
0.395
0.396
0.393
0.396
0.397
0.404
0.415
0.4
0.396
0.397
0.396
0.396
0.399
0.408
0.41
0.415
0.397
0.398
0.411
0.409
0.404
0.42
0.399
0.402
0.393
0.407
0.408
0.417
0.408
0.399
0.389
0.404
0.407
0.416
0.406
0.402
0.411
0.402
0.396
0.4
0.407
0.413
0.413
0.415
0.397
0.393
0.399
0.407
0.416
0.408
0.407
0.401
0.401
0.396
0.401
0.409
0.418
0.396
0.401
0.4
0.41
0.393
0.404
0.404
0.416
0.399
0.408
0.392
0.399
0.392
0.396
0.399
0.408
0.417
0.401
0.39
0.404
0.402
0.418
0.4
0.403
0.395
0.396
0.394
0.397
0.401
0.41
0.404
0.389
0.399
0.398
0.396
0.412
0.405
0.41
0.407
0.4
0.389
0.406
0.396
0.396
0.392
0.402
0.406
0.409
0.416
0.406
0.388
0.407
0.404
0.392
0.402
0.399
0.402
0.409
0.396
0.392
0.401
0.409
0.409
0.402
0.406
0.407
0.397
0.408
0.399
0.409
0.417
0.413
0.408
0.401
0.4
0.402
0.399
0.409
0.421
0.417
0.404
0.401
0.404
0.397
0.408
0.424
0.419
0.408
0.399
0.412
0.411
0.404
0.412
0.413
0.401
0.421
0.424
0.414
0.41
0.399
0.407
0.411
0.416
0.414
0.409
0.403
0.396
0.417
0.417
0.406
0.404
0.404
0.396
0.422
0.414
0.398
0.409
0.405
0.419
0.42
0.417
0.397
0.408
0.414
0.405
0.404
0.412
0.423
0.416
0.418
0.406
0.409
0.411
0.402
0.415
0.418
0.398
0.411
0.414
0.41
0.423
0.426
0.417
0.411
0.406
0.411
0.422
0.419
0.416
0.398
0.41
0.402
0.404
0.419
0.415
0.422
0.404
0.406
0.403
0.399
0.413
0.42
0.423
0.404
0.406
0.396
0.412
0.406
0.404
0.396
0.406
0.399
0.411
0.421
0.413
0.415
0.41
0.407
0.395
0.4
0.406
0.404
0.407
0.401
0.406
0.413
0.422
0.405
0.41
0.402
0.399
0.41
0.419
0.418
0.415
0.405
0.405
0.411
0.419
0.396
0.415
0.413
0.407
0.398
0.39
0.406
0.407
0.418
0.411
0.396
0.39
0.396
0.401
0.4
0.417
0.409
0.412
0.401
0.405
0.402
0.418
0.405
0.396
0.394
0.405
0.397
0.408
0.405
0.418
0.409
0.396
0.404
0.412
0.416
0.406
0.395
0.406
0.397
0.398
0.409
0.423
0.412
0.4
0.404
0.402
0.404
0.399
0.4
0.396
0.413
0.405
0.415
0.416
0.405
0.403
0.407
0.396
0.409
0.406
0.414
0.424
0.426
0.407
0.419
0.405
0.425
0.424
0.411
0.413
0.411
0.423
0.436
0.417
0.412
0.404
0.416
0.431
0.425
0.41
0.41
0.413
0.422
0.424
0.412
0.413
0.418
0.413
0.401
0.409
0.411
0.413
0.41
0.406
0.409
0.421
0.425
0.424
0.413
0.398
0.415
0.414
0.404
0.417
0.424
0.422
0.408
0.417
0.401
0.424
0.417
0.397
0.413
0.406
0.416
0.41
0.428
0.407
0.402
0.415
0.418
0.413
0.397
0.41
0.405
0.405
0.411
0.417
0.422
0.403
0.398
0.413
0.407
0.425
0.414
0.396
0.409
0.415
0.398
0.425
0.413
0.399
0.409
0.405
0.4
0.414
0.415
0.425
0.413
0.393
0.403
0.416
0.42
0.421
0.404
0.409
0.408
0.403
0.419
0.421
0.422
0.414
0.406
0.398
0.407
0.414
0.418
0.414
0.41
0.399
0.406
0.4
0.416
0.409
0.424
0.403
0.407
0.404
0.409
0.414
0.396
0.411
0.399
0.417
0.416
0.405
0.407
0.4
0.4
0.396
0.403
0.406
0.415
0.409
0.406
0.404
0.397
0.402
0.404
0.396
0.413
0.401
0.401
0.418
0.415
0.407
0.409
0.402
0.394
0.405
0.408
0.405
0.416
0.413
0.403
0.391
0.402
0.421
0.402
0.408
0.403
0.402
0.394
0.398
0.412
0.408
0.412
0.403
0.396
0.403
0.41
0.394
0.398
0.401
0.396
0.407
0.41
0.413
0.399
0.404
0.393
0.401
0.405
0.414
0.396
0.409
0.392
0.4
0.401
0.393
0.405
0.407
0.404
0.409
0.396
0.411
0.406
0.408
0.391
0.406
0.396
0.388
0.406
0.395
0.403
0.4
0.41
0.409
0.405
0.387
0.391
0.401
0.403
0.408
0.414
0.394
0.405
0.398
0.4
0.397
0.395
0.403
0.405
0.408
0.412
0.407
0.405
0.399
0.398
0.392
0.409
0.411
0.418
0.403
0.401
0.409
0.41
0.414
0.412
0.405
0.397
0.391
0.397
0.405
0.409
0.406
0.406
0.405
0.413
0.42
0.423
0.408
0.412
0.397
0.409
0.418
0.42
0.416
0.407
0.407
0.404
0.407
0.427
0.414
0.406
0.41
0.398
0.41
0.411
0.424
0.421
0.407
0.405
0.409
0.399
0.404
0.407
0.416
0.416
0.42
0.398
0.404
0.421
0.407
0.399
0.406
0.398
0.405
0.414
0.414
0.41
0.418
0.401
0.393
0.408
0.412
0.398
0.415
0.413
0.424
0.407
0.412
0.401
0.409
0.402
0.408
0.41
0.414
0.427
0.405
0.403
0.405
0.403
0.418
0.42
0.408
0.402
0.404
0.396
0.408
0.407
0.411
0.424
0.407
0.412
0.407
0.412
0.398
0.404
0.421
0.426
0.42
0.404
0.417
0.414
0.418
0.401
0.401
0.403
0.411
0.421
0.416
0.408
0.396
0.401
0.418
0.415
0.42
0.399
0.406
0.416
0.403
0.411
0.414
0.419
0.41
0.411
0.414
0.405
0.415
0.418
0.419
0.416
0.41
0.403
0.404
0.414
0.422
0.424
0.408
0.404
0.415
0.407
0.423
0.417
0.412
0.422
0.408
0.406
0.406
0.414
0.416
0.427
0.408
0.415
0.405
0.405
0.414
0.423
0.41
0.411
0.403
0.409
0.398
0.403
0.417
0.416
0.418
0.406
0.407
0.406
0.421
0.409
0.4
0.401
0.414
0.401
0.412
0.41
0.395
0.413
0.414
0.411
0.427
0.413
0.401
0.421
0.424
0.417
0.409
0.409
0.404
0.413
0.419
0.424
0.403
0.414
0.4
0.409
0.417
0.427
0.414
0.406
0.414
0.404
0.412
0.415
0.415
0.408
0.404
0.414
0.407
0.426
0.415
0.413
0.408
0.395
0.411
0.408
0.42
0.42
0.401
0.415
0.409
0.397
0.406
0.406
0.411
0.41
0.415
0.401
0.411
0.407
0.401
0.404
0.413
0.414
0.422
0.41
0.403
0.4
0.406
0.41
0.419
0.403
0.398
0.407
0.402
0.406
0.418
0.401
0.403
0.39
0.401
0.401
0.408
0.405
0.418
0.394
0.394
0.395
0.398
0.403
0.392
0.397
0.394
0.409
0.404
0.388
0.391
0.396
0.384
0.395
0.399
0.4
0.41
0.391
0.391
0.401
0.407
0.406
0.398
0.391
0.383
0.396
0.392
0.398
0.399
0.396
0.4
0.383
0.4
0.392
0.387
0.396
0.393
0.395
0.398
0.407
0.396
0.4
0.407
0.4
0.399
0.394
0.392
0.394
0.407
0.4
0.385
0.386
0.402
0.395
0.396
0.4
0.412
0.394
0.396
0.397
0.393
0.39
0.393
0.402
0.404
0.4
0.396
0.386
0.396
0.395
0.388
0.394
0.396
0.399
0.407
0.397
0.386
0.388
0.397
0.402
0.4
0.394
0.412
0.396
0.393
0.406
0.388
0.396
0.403
0.399
0.39
0.402
0.402
0.411
0.394
0.396
0.393
0.395
0.395
0.398
0.4
0.405
0.409
0.396
0.389
0.394
0.401
0.394
0.403
0.4
0.394
0.393
0.402
0.396
0.388
0.398
0.399
0.4
0.405
0.388
0.401
0.399
0.397
0.399
0.397
0.415
0.403
0.405
0.398
0.409
0.401
0.389
0.397
0.396
0.402
0.396
0.403
0.416
0.396
0.405
0.412
0.396
0.396
0.391
0.397
0.402
0.406
0.395
0.401
0.398
0.406
0.409
0.392
0.401
0.395
0.404
0.396
0.411
0.398
0.405
0.406
0.388
0.403
0.39
0.397
0.397
0.404
0.396
0.398
0.384
0.394
0.399
0.401
0.408
0.414
0.4
0.391
0.398
0.398
0.406
0.414
0.397
0.407
0.399
0.395
0.408
0.398
0.394
0.394
0.401
0.406
0.413
0.408
0.399
0.391
0.395
0.408
0.411
0.403
0.404
0.395
0.394
0.405
0.402
0.4
0.409
0.411
0.406
0.392
0.403
0.396
0.41
0.405
0.406
0.391
0.401
0.4
0.399
0.391
0.4
0.404
0.399
0.405
0.41
0.398
0.396
0.388
0.392
0.409
0.403
0.41
0.401
0.403
0.395
0.396
0.404
0.395
0.404
0.41
0.403
0.416
0.409
0.39
0.401
0.401
0.399
0.404
0.414
0.41
0.401
0.394
0.396
0.401
0.408
0.41
0.404
0.396
0.398
0.399
0.393
0.402
0.402
0.416
0.393
0.408
0.389
0.395
0.403
0.406
0.403
0.398
0.396
0.389
0.399
0.399
0.396
0.394
0.404
0.399
0.401
0.4
0.402
0.386
0.397
0.381
0.394
0.395
0.396
0.408
0.388
0.396
0.397
0.396
0.407
0.395
0.392
0.383
0.392
0.389
0.394
0.398
0.406
0.388
0.391
0.396
0.394
0.389
0.382
0.393
0.393
0.407
0.394
0.392
0.396
0.394
0.396
0.397
0.396
0.409
0.398
0.395
0.394
0.39
0.393
0.399
0.397
0.399
0.408
0.397
0.406
0.397
0.387
0.395
0.396
0.399
0.403
0.397
0.397
0.402
0.398
0.395
0.392
0.396
0.39
0.401
0.398
0.406
0.394
0.393
0.397
0.39
0.394
0.394
0.398
0.41
0.396
0.392
0.383
0.394
0.392
0.402
0.397
0.396
0.404
0.387
0.401
0.391
0.392
0.394
0.394
0.396
0.403
0.401
0.393
0.396
0.392
0.396
0.385
0.389
0.394
0.395
0.392
0.399
0.402
0.395
0.4
0.396
0.384
0.382
0.399
0.392
0.398
0.392
0.395
0.407
0.396
0.388
0.404
0.387
0.392
0.397
0.395
0.409
0.401
0.395
0.385
0.389
0.396
0.389
0.397
0.396
0.401
0.395
0.396
0.39
0.403
0.387
0.397
0.399
0.404
0.396
0.4
0.398
0.396
0.392
0.393
0.402
0.39
0.394
0.406
0.409
0.4
0.382
0.397
0.4
0.392
0.398
0.4
0.401
0.401
0.399
0.395
0.396
0.398
0.391
0.399
0.404
0.412
0.408
0.403
0.384
0.394
0.393
0.402
0.411
0.399
0.396
0.406
0.397
0.41
0.407
0.411
0.413
0.404
0.397
0.401
0.402
0.403
0.407
0.4
0.415
0.407
0.401
0.394
0.409
0.403
0.414
0.41
0.412
0.395
0.407
0.403
0.415
0.41
0.392
0.408
0.399
0.406
0.409
0.42
0.415
0.408
0.404
0.407
0.408
0.426
0.414
0.396
0.413
0.395
0.409
0.412
0.403
0.411
0.416
0.421
0.415
0.406
0.411
0.421
0.411
0.398
0.415
0.414
0.413
0.412
0.41
0.413
0.414
0.4
0.414
0.412
0.405
0.405
0.399
0.401
0.408
0.412
0.41
0.398
0.416
0.417
0.416
0.414
0.423
0.418
0.429
0.414
0.425
0.421
0.408
0.42
0.425
0.439
0.424
0.438
0.435
0.434
0.441
0.431
0.444
0.453
0.433
0.433
0.435
0.428
0.445
0.445
0.428
0.421
0.444
0.43
0.438
0.454
0.428
0.43
0.435
0.442
0.429
0.429
0.448
0.431
0.43
0.441
0.43
0.427
0.415
0.431
0.435
0.425
0.42
0.414
0.429
0.415
0.427
0.443
0.422
0.423
0.436
0.431
0.426
0.427
0.421
0.422
0.44
0.438
0.418
0.419
0.412
0.429
0.441
0.425
0.42
0.411
0.442
0.417
0.417
0.425
0.417
0.413
0.425
0.429
0.418
0.408
0.411
0.427
0.44
0.419
0.419
0.41
0.42
0.426
0.415
0.419
0.427
0.431
0.412
0.435
0.415
0.41
0.433
0.409
0.422
0.404
0.424
0.427
0.417
0.412
0.412
0.409
0.41
0.427
0.424
0.405
0.402
0.406
0.414
0.431
0.411
0.408
0.399
0.41
0.417
0.428
0.401
0.411
0.398
0.412
0.413
0.409
0.406
0.404
0.406
0.422
0.417
0.411
0.406
0.402
0.408
0.41
0.426
0.413
0.409
0.412
0.405
0.401
0.412
0.42
0.422
0.405
0.396
0.406
0.407
0.411
0.413
0.422
0.402
0.406
0.402
0.419
0.417
0.416
0.404
0.404
0.4
0.416
0.404
0.422
0.402
0.41
0.398
0.401
0.408
0.412
0.418
0.413
0.411
0.392
0.404
0.406
0.407
0.411
0.413
0.4
0.389
0.401
0.41
0.396
0.406
0.411
0.412
0.392
0.409
0.411
0.418
0.398
0.396
0.413
0.409
0.405
0.412
0.396
0.39
0.401
0.393
0.409
0.413
0.404
0.402
0.407
0.4
0.394
0.399
0.405
0.409
0.411
0.411
0.398
0.388
0.403
0.405
0.396
0.411
0.412
0.396
0.401
0.396
0.405
0.407
0.396
0.409
0.411
0.419
0.402
0.388
0.402
0.405
0.393
0.404
0.397
0.397
0.402
0.404
0.413
0.412
0.396
0.411
0.399
0.397
0.397
0.404
0.412
0.418
0.4
0.4
0.413
0.418
0.398
0.41
0.391
0.397
0.414
0.41
0.393
0.411
0.395
0.399
0.407
0.413
0.417
0.399
0.414
0.394
0.414
0.415
0.406
0.41
0.39
0.407
0.409
0.406
0.398
0.399
0.396
0.411
0.417
0.409
0.401
0.393
0.396
0.407
0.415
0.403
0.417
0.403
0.41
0.415
0.414
0.412
0.418
0.402
0.407
0.399
0.397
0.416
0.412
0.402
0.397
0.397
0.409
0.415
0.398
0.407
0.397
0.406
0.399
0.412
0.411
0.412
0.401
0.393
0.411
0.398
0.414
0.412
0.419
0.407
0.398
0.406
0.417
0.422
0.409
0.394
0.405
0.396
0.417
0.415
0.395
0.402
0.403
0.411
0.416
0.42
0.404
0.405
0.401
0.411
0.412
0.431
0.411
0.411
0.407
0.423
0.428
0.431
0.433
0.412
0.412
0.418
0.408
0.406
0.406
0.423
0.428
0.396
0.407
0.411
0.42
0.407
0.415
0.401
0.4
0.396
0.412
0.409
0.393
0.397
0.402
0.408
0.421
0.395
0.405
0.397
0.408
0.409
0.399
0.405
0.4
0.408
0.42
0.396
0.394
0.397
0.4
0.404
0.413
0.4
0.404
0.392
0.391
0.405
0.393
0.404
0.399
0.394
0.394
0.395
0.397
0.411
0.412
0.401
0.4
0.4
0.387
0.398
0.399
0.404
0.411
0.415
0.401
0.391
0.405
0.396
0.393
0.398
0.402
0.413
0.409
0.401
0.403
0.402
0.398
0.396
0.406
0.406
0.424
0.412
0.396
0.394
0.41
0.409
0.414
0.415
0.407
0.409
0.425
0.408
0.399
0.402
0.396
0.407
0.418
0.412
0.404
0.398
0.407
0.409
0.424
0.406
0.403
0.41
0.411
0.412
0.41
0.417
0.4
0.404
0.412
0.421
0.416
0.4
0.393
0.405
0.404
0.41
0.411
0.407
0.404
0.398
0.395
0.398
0.403
0.412
0.406
0.397
0.407
0.396
0.394
0.406
0.411
0.415
0.406
0.391
0.408
0.409
0.4
0.409
0.396
0.4
0.399
0.413
0.413
0.408
0.391
0.4
0.403
0.411
0.424
0.406
0.391
0.41
0.398
0.414
0.411
0.404
0.404
0.405
0.407
0.398
0.407
0.424
0.407
0.394
0.406
0.396
0.4
0.41
0.417
0.412
0.403
0.398
0.406
0.396
0.409
0.414
0.407
0.407
0.392
0.403
0.397
0.399
0.405
0.406
0.424
0.399
0.405
0.401
0.408
0.415
0.403
0.394
0.4
0.402
0.407
0.421
0.408
0.394
0.404
0.397
0.412
0.412
0.419
0.401
0.407
0.403
0.414
0.419
0.401
0.398
0.407
0.405
0.412
0.423
0.404
0.408
0.405
0.421
0.406
0.396
0.395
0.404
0.408
0.416
0.4
0.389
0.398
0.401
0.399
0.402
0.398
0.403
0.398
0.399
0.4
0.397
0.407
0.398
0.405
0.399
0.404
0.404
0.406
0.404
0.407
0.403
0.394
0.404
0.409
0.397
0.404
0.405
0.409
0.403
0.403
0.392
0.403
0.401
0.395
0.402
0.406
0.405
0.393
0.406
0.406
0.403
0.399
0.402
0.409
0.403
0.394
0.401
0.403
0.404
0.401
0.402
0.415
0.401
0.403
0.401
0.403
0.405
0.398
0.407
0.409
0.416
0.419
0.414
0.402
0.422
0.421
0.419
0.405
0.417
0.418
0.417
0.419
0.42
0.419
0.419
0.41
0.422
0.421
0.42
0.42
0.416
0.423
0.429
0.43
0.423
0.427
0.421
0.428
0.428
0.433
0.435
0.432
0.436
0.431
0.434
0.433
0.424
0.428
0.432
0.435
0.44
0.431
0.446
0.447
0.456
0.465
0.466
0.454
0.463
0.468
0.473
0.475
0.476
0.476
0.463
0.451
0.458
0.462
0.465
0.483
0.49
0.486
0.507
0.51
0.535
0.559
0.537
0.519
0.505
0.506
0.506
0.506
0.498
0.49
0.49
0.49
0.491
0.495
0.496
0.509
0.514
0.519
0.508
0.503
0.499
0.507
0.506
0.527
0.527
0.524
0.534
0.534
0.549
0.552
0.556
0.554
0.546
0.538
0.544
0.549
0.555
0.55
0.556
0.56
0.557
0.56
0.553
0.538
0.528
0.541
0.554
0.568
0.578
0.567
0.545
0.548
0.539
0.532
0.536
0.54
0.558
0.561
0.548
0.544
0.534
0.557
0.552
0.556
0.575
0.593
0.596
0.582
0.566
0.555
0.545
0.539
0.529
0.535
0.539
0.549
0.549
0.539
0.532
0.532
0.528
0.53
0.526
0.53
0.532
0.526
0.527
0.528
0.534
0.537
0.539
0.529
0.544
0.545
0.548
0.54
0.542
0.545
0.545
0.548
0.565
0.578
0.593
0.568
0.566
0.557
0.551
0.546
0.543
0.531
0.531
0.528
0.526
0.521
0.525
0.528
0.544
0.558
0.564
0.56
0.555
0.545
0.539
0.529
0.532
0.527
0.522
0.516
0.527
0.563
0.572
0.581
0.604
0.604
0.602
0.585
