0.612
0.601
0.604
0.589
0.587
0.581
0.581
0.578
0.53
0.533
0.531
0.528
0.541
0.504
0.505
0.501
0.505
0.499
0.49
0.494
0.488
0.49
0.481
0.471
0.475
0.467
0.475
0.46
0.471
0.464
0.462
0.471
0.464
0.467
0.462
0.467
0.454
0.449
0.459
0.452
0.459
0.448
0.444
0.438
0.448
0.445
0.452
0.437
0.435
0.442
0.451
0.453
0.44
0.443
0.439
0.441
0.443
0.449
0.44
0.441
0.431
0.442
0.434
0.437
0.446
0.454
0.448
0.441
0.436
0.444
0.446
0.439
0.443
0.438
0.441
0.433
0.44
0.445
0.437
0.435
0.442
0.441
0.434
0.433
0.433
0.43
0.432
0.442
0.43
0.432
0.433
0.433
0.442
0.428
0.432
0.427
0.431
0.433
0.434
0.43
0.43
0.429
0.426
0.421
0.434
0.427
0.436
0.434
0.433
0.433
0.435
0.431
0.435
0.433
0.434
0.437
0.442
0.448
0.431
0.424
0.428
0.427
0.428
0.431
0.438
0.433
0.438
0.435
0.445
0.434
0.435
0.443
0.441
0.438
0.429
0.44
0.449
0.43
0.437
0.432
0.429
0.431
0.433
0.433
0.426
0.434
0.424
0.431
0.441
0.433
0.428
0.433
0.427
0.432
0.438
0.434
0.432
0.428
0.424
0.432
0.44
0.435
0.433
0.429
0.438
0.429
0.426
0.422
0.428
0.433
0.439
0.432
0.439
0.43
0.426
0.423
0.428
0.434
0.438
0.438
0.431
0.438
0.443
0.42
0.425
0.43
0.422
0.424
0.428
0.424
0.421
0.429
0.43
0.427
0.418
0.426
0.436
0.437
0.44
0.431
0.423
0.423
0.427
0.436
0.438
0.441
0.437
0.446
0.438
0.446
0.433
0.438
0.441
0.43
0.429
0.439
0.434
0.438
0.436
0.426
0.429
0.435
0.438
0.424
0.429
0.438
0.442
0.433
0.426
0.426
0.436
0.441
0.435
0.435
0.425
0.435
0.436
0.436
0.431
0.433
0.434
0.435
0.433
0.427
0.421
0.428
0.43
0.436
0.442
0.424
0.425
0.435
0.438
0.428
0.429
0.425
0.425
0.434
0.441
0.438
0.429
0.432
0.433
0.438
0.429
0.429
0.424
0.437
0.42
0.423
0.429
0.423
0.414
0.419
0.413
0.419
0.416
0.412
0.417
0.416
0.422
0.414
0.408
0.429
0.423
0.418
0.422
0.417
0.415
0.42
0.414
0.421
0.414
0.414
0.419
0.414
0.422
0.414
0.418
0.412
0.412
0.41
0.421
0.414
0.421
0.43
0.413
0.411
0.419
0.417
0.426
0.427
0.418
0.414
0.417
0.421
0.424
0.422
0.422
0.413
0.421
0.416
0.42
0.419
0.412
0.417
0.419
0.41
0.418
0.408
0.43
0.407
0.411
0.413
0.416
0.408
0.416
0.418
0.414
0.424
0.425
0.43
0.429
0.428
0.44
0.423
0.426
0.434
0.438
0.427
0.423
0.419
0.423
0.425
0.43
0.422
0.421
0.418
0.426
0.424
0.421
0.426
0.425
0.424
0.426
0.424
0.422
0.434
0.424
0.424
0.417
0.434
0.416
0.423
0.421
0.418
0.428
0.436
0.415
0.416
0.426
0.42
0.422
0.412
0.419
0.413
0.41
0.426
0.417
0.41
0.414
0.417
0.411
0.421
0.415
0.418
0.423
0.414
0.409
0.415
0.423
0.414
0.408
0.406
0.416
0.411
0.412
0.413
0.422
0.413
0.416
0.409
0.425
0.419
0.412
0.409
0.413
0.41
0.41
0.407
0.415
0.425
0.415
0.409
0.415
0.416
0.42
0.421
0.424
0.428
0.428
0.416
0.423
0.427
0.423
0.415
0.41
0.42
0.416
0.425
0.427
0.421
0.415
0.417
0.412
0.421
0.421
0.413
0.408
0.413
0.412
0.405
0.409
0.414
0.415
0.413
0.418
0.42
0.411
0.404
0.409
0.403
0.413
0.409
0.416
0.41
0.415
0.418
0.42
0.41
0.414
0.409
0.414
0.406
0.414
0.413
0.408
0.412
0.411
0.402
0.411
0.407
0.415
0.416
0.424
0.42
0.421
0.419
0.415
0.407
0.413
0.413
0.413
0.417
0.42
0.428
0.418
0.417
0.409
0.415
0.414
0.41
0.412
0.417
0.416
0.421
0.429
0.419
0.427
0.423
0.425
0.422
0.416
0.408
0.416
0.417
0.408
0.409
0.415
0.408
0.412
0.412
0.417
0.407
0.415
0.412
0.422
0.415
0.407
0.407
0.403
0.406
0.413
0.405
0.397
0.407
0.397
0.401
0.398
0.418
0.418
0.421
0.419
0.417
0.413
0.413
0.414
0.421
0.411
0.407
0.406
0.409
0.413
0.403
0.407
0.408
0.413
0.412
0.406
0.41
0.404
0.412
0.414
0.418
0.413
0.403
0.404
0.401
0.42
0.412
0.404
0.402
0.409
0.399
0.409
0.406
0.408
0.41
0.419
0.418
0.407
0.409
0.418
0.41
0.404
0.406
0.412
0.42
0.416
0.406
0.407
0.404
0.405
0.411
0.406
0.408
0.416
0.408
0.415
0.408
0.414
0.421
0.428
0.423
0.42
0.412
0.414
0.421
0.428
0.41
0.411
0.418
0.435
0.422
0.422
0.412
0.42
0.423
0.427
0.426
0.419
0.419
0.421
0.426
0.421
0.416
0.408
0.412
0.416
0.412
0.415
0.411
0.42
0.417
0.413
0.417
0.417
0.422
0.414
0.416
0.409
0.413
0.42
0.424
0.426
0.414
0.407
0.414
0.408
0.424
0.414
0.422
0.432
0.433
0.429
0.408
0.421
0.415
0.417
0.42
0.429
0.425
0.415
0.417
0.409
0.412
0.407
0.411
0.417
0.414
0.408
0.411
0.419
0.413
0.409
0.413
0.411
0.421
0.429
0.422
0.414
0.407
0.422
0.426
0.42
0.415
0.411
0.416
0.424
0.43
0.426
0.421
0.411
0.422
0.415
0.424
0.414
0.407
0.411
0.406
0.412
0.408
0.41
0.41
0.414
0.419
0.424
0.419
0.416
0.41
0.415
0.415
0.412
0.419
0.415
0.408
0.414
0.415
0.414
0.407
0.413
0.415
0.42
0.426
0.42
0.416
0.411
0.412
0.409
0.411
0.415
0.419
0.422
0.415
0.407
0.415
0.413
0.406
0.409
0.403
0.413
0.416
0.411
0.401
0.399
0.404
0.408
0.404
0.394
0.402
0.407
0.414
0.408
0.401
0.399
0.402
0.397
0.407
0.403
0.396
0.396
0.399
0.407
0.408
0.415
0.406
0.403
0.403
0.413
0.403
0.404
0.397
0.403
0.4
0.397
0.393
0.402
0.401
0.41
0.403
0.395
0.402
0.402
0.406
0.413
0.406
0.404
0.4
0.415
0.407
0.405
0.415
0.412
0.406
0.412
0.422
0.421
0.424
0.42
0.423
0.416
0.41
0.409
0.41
0.413
0.423
0.42
0.41
0.409
0.406
0.41
0.413
0.422
0.418
0.409
0.408
0.405
0.409
0.416
0.423
0.414
0.41
0.407
0.404
0.414
0.405
0.411
0.405
0.406
0.414
0.423
0.42
0.412
0.421
0.417
0.407
0.405
0.409
0.407
0.405
0.406
0.401
0.412
0.41
0.403
0.406
0.401
0.421
0.408
0.402
0.407
0.413
0.406
0.419
0.413
0.419
0.417
0.418
0.412
0.423
0.426
0.418
0.428
0.412
0.417
0.412
0.407
0.415
0.425
0.426
0.421
0.417
0.41
0.414
0.406
0.413
0.412
0.407
0.413
0.41
0.418
0.408
0.402
0.407
0.4
0.403
0.406
0.416
0.415
0.402
0.404
0.401
0.41
0.396
0.407
0.399
0.404
0.4
0.396
0.411
0.401
0.401
0.405
0.395
0.41
0.407
0.407
0.406
0.401
0.403
0.414
0.414
0.413
0.405
0.41
0.406
0.413
0.404
0.41
0.407
0.417
0.415
0.417
0.409
0.41
0.407
0.415
0.412
0.424
0.416
0.432
0.427
0.42
0.414
0.421
0.427
0.417
0.427
0.421
0.42
0.419
0.421
0.42
0.429
0.417
0.422
0.416
0.413
0.413
0.417
0.423
0.427
0.434
0.418
0.425
0.419
0.413
0.419
0.423
0.433
0.424
0.415
0.421
0.414
0.41
0.418
0.424
0.428
0.418
0.415
0.421
0.411
0.403
0.407
0.413
0.417
0.426
0.41
0.404
0.411
0.42
0.412
0.403
0.4
0.406
0.414
0.412
0.407
0.412
0.411
0.417
0.411
0.402
0.398
0.405
0.407
0.398
0.411
0.411
0.412
0.412
0.415
0.408
0.418
0.412
0.42
0.425
0.418
0.418
0.427
0.432
0.428
0.426
0.438
0.438
0.433
0.436
0.438
0.435
0.438
0.444
0.451
0.448
0.442
0.451
0.461
0.458
0.466
0.474
0.469
0.479
0.481
0.469
0.468
0.468
0.471
0.48
0.477
0.47
0.479
0.505
0.513
0.52
0.516
0.524
0.521
0.53
0.531
0.542
0.539
0.548
0.537
0.527
0.527
0.526
0.522
0.526
0.525
0.53
0.532
0.524
0.522
0.529
0.526
0.546
0.542
0.543
0.541
0.543
0.498
0.501
0.508
0.504
0.5
0.502
0.512
0.462
0.462
0.456
