0.561
0.57
0.557
0.551
0.551
0.518
0.46
0.445
0.447
0.447
0.438
0.447
0.442
0.434
0.43
0.438
0.439
0.43
0.431
0.438
0.435
0.425
0.423
0.419
0.422
0.423
0.429
0.425
0.417
0.417
0.423
0.419
0.409
0.411
0.417
0.407
0.413
0.406
0.413
0.412
0.416
0.421
0.4
0.399
0.416
0.403
0.407
0.415
0.4
0.405
0.398
0.397
0.396
0.404
0.399
0.407
0.415
0.399
0.4
0.399
0.4
0.408
0.398
0.39
0.397
0.404
0.41
0.401
0.4
0.394
0.399
0.4
0.393
0.404
0.405
0.41
0.399
0.391
0.396
0.39
0.402
0.4
0.393
0.392
0.388
0.402
0.394
0.401
0.391
0.394
0.395
0.397
0.403
0.396
0.39
0.398
0.395
0.393
0.386
0.392
0.384
0.392
0.396
0.397
0.406
0.381
0.378
0.386
0.393
0.396
0.389
0.39
0.399
0.395
0.389
0.397
0.388
0.382
0.397
0.405
0.396
0.405
0.403
0.396
0.403
0.401
0.409
0.397
0.394
0.405
0.396
0.393
0.392
0.401
0.399
0.401
0.4
0.406
0.399
0.396
0.401
0.396
0.404
0.395
0.415
0.407
0.41
0.406
0.415
0.418
0.409
0.413
0.42
0.401
0.401
0.412
0.402
0.405
0.403
0.406
0.403
0.407
0.414
0.412
0.416
0.41
0.406
0.409
0.404
0.412
0.42
0.41
0.41
0.406
0.399
0.408
0.41
0.408
0.409
0.412
0.404
0.4
0.412
0.414
0.404
0.398
0.399
0.403
0.412
0.403
0.398
0.4
0.405
0.396
0.404
0.398
0.408
0.407
0.403
0.412
0.417
0.423
0.396
0.403
0.412
0.402
0.396
0.404
0.408
0.407
0.4
0.39
0.396
0.4
0.395
0.396
0.397
0.405
0.404
0.411
0.401
0.393
0.397
0.404
0.407
0.398
0.401
0.391
0.393
0.399
0.397
0.405
0.402
0.392
0.401
0.399
0.394
0.398
0.4
0.399
0.399
0.398
0.398
0.41
0.414
0.404
0.408
0.403
0.402
0.412
0.403
0.407
0.412
0.404
0.411
0.405
0.405
0.407
0.402
0.396
0.405
0.415
0.404
0.414
0.4
0.401
0.404
0.409
0.402
0.399
0.393
0.394
0.401
0.409
0.416
0.401
0.403
0.406
0.412
0.4
0.4
0.4
0.406
0.415
0.413
0.411
0.413
0.407
0.404
0.399
0.393
0.396
0.409
0.401
0.405
0.402
0.41
0.418
0.411
0.414
0.413
0.405
0.41
0.415
0.414
0.405
0.409
0.408
0.411
0.42
0.417
0.41
0.408
0.406
0.408
0.404
0.407
0.411
0.417
0.408
0.405
0.411
0.416
0.42
0.407
0.401
0.409
0.402
0.404
0.402
0.406
0.404
0.401
0.419
0.4
0.403
0.41
0.401
0.421
0.41
0.412
0.402
0.4
0.397
0.398
0.405
0.404
0.414
0.398
0.406
0.399
0.396
0.397
0.389
0.402
0.397
0.402
0.397
0.399
0.396
0.396
0.405
0.399
0.399
0.406
0.412
0.413
0.405
0.404
0.408
0.406
0.405
0.398
0.404
0.398
0.399
0.404
0.402
0.405
0.404
0.405
0.409
0.417
0.399
0.396
0.404
0.4
0.395
0.404
0.406
0.409
0.4
0.398
0.404
0.396
0.39
0.39
0.393
0.4
0.406
0.396
0.4
0.399
0.403
0.404
0.394
0.396
0.394
0.386
0.396
0.389
0.385
0.393
0.399
0.396
0.396
0.388
0.387
0.393
0.393
0.395
0.401
0.397
0.391
0.394
0.4
0.393
0.391
0.397
0.388
0.387
0.391
0.398
0.395
0.391
0.393
0.39
0.39
0.392
0.388
0.384
0.392
0.389
0.396
0.396
0.397
0.395
0.391
0.395
0.395
0.392
0.384
0.386
0.395
0.398
0.402
0.396
0.398
0.396
0.399
0.393
0.388
0.391
0.39
0.393
0.396
0.396
0.392
0.388
0.395
0.395
0.401
0.401
0.404
0.395
0.39
0.389
0.396
0.392
0.391
0.399
0.398
0.39
0.392
0.399
0.387
0.389
0.396
0.394
0.401
0.401
0.384
0.393
0.394
0.399
0.405
0.384
0.393
0.392
0.396
0.401
0.403
0.401
0.396
0.389
0.389
0.396
0.387
0.387
0.393
0.396
0.389
0.396
0.402
0.395
0.396
0.396
0.4
0.407
0.415
0.398
0.403
0.413
0.394
0.391
0.398
0.403
0.412
0.41
0.404
0.396
0.395
0.399
0.406
0.403
0.396
0.405
0.407
0.398
0.392
0.403
0.408
0.414
0.41
0.405
0.397
0.403
0.403
0.416
0.424
0.409
0.399
0.411
0.406
0.405
0.413
0.421
0.428
0.407
0.411
0.409
0.4
0.413
0.406
0.411
0.405
0.415
0.416
0.415
0.422
0.427
0.42
0.414
0.422
0.428
0.418
0.416
0.409
0.413
0.427
0.42
0.417
0.419
0.414
0.419
0.411
0.421
0.411
0.407
0.403
0.401
0.409
0.416
0.426
0.416
0.409
0.403
0.41
0.405
0.412
0.427
0.405
0.408
0.405
0.423
0.413
0.415
0.417
0.42
0.429
0.419
0.421
0.417
0.423
0.424
0.419
0.416
0.412
0.412
0.417
0.416
0.423
0.422
0.42
0.413
0.412
0.418
0.426
0.418
0.423
0.422
0.431
0.441
0.425
0.425
0.435
0.414
0.423
0.416
0.414
0.421
0.43
0.428
0.403
0.42
0.415
0.421
0.418
0.409
0.41
0.414
0.409
0.417
0.414
0.419
0.415
0.409
0.406
0.413
0.413
0.409
0.432
0.417
0.41
0.43
0.429
0.423
0.431
0.422
0.424
0.414
0.416
0.419
0.419
0.415
0.424
0.43
0.424
0.416
0.411
0.412
0.422
0.413
0.418
0.415
0.406
0.416
0.422
0.401
0.41
0.419
0.406
0.405
0.406
0.408
0.395
0.403
0.402
0.395
0.391
0.396
0.405
0.4
0.407
0.413
0.404
0.41
0.407
0.397
0.403
0.408
0.401
0.406
0.399
0.4
0.406
0.4
0.393
0.389
0.394
0.394
0.391
0.398
0.391
0.39
0.393
0.394
0.393
0.389
0.382
0.389
0.389
0.39
0.381
0.39
0.394
0.392
0.399
0.39
0.391
0.388
0.39
0.384
0.391
0.386
0.391
0.385
0.392
0.393
0.398
0.392
0.384
0.391
0.388
0.384
0.395
0.389
0.396
0.39
0.382
0.387
0.396
0.394
0.396
0.404
0.395
0.388
0.39
0.397
0.405
0.405
0.401
0.41
0.401
0.396
0.393
0.39
0.398
0.395
0.398
0.399
0.396
0.389
0.393
0.4
0.408
0.401
0.406
0.404
0.406
0.403
0.394
0.394
0.397
0.392
0.405
0.401
0.402
0.399
0.403
0.398
0.398
0.4
0.405
0.405
0.403
0.404
0.407
0.399
0.408
0.405
0.404
0.397
0.409
0.419
0.395
0.423
0.4
0.408
0.414
0.414
0.413
0.405
0.409
0.399
0.403
0.409
0.41
0.401
0.403
0.409
0.412
0.416
0.403
0.406
0.407
0.405
0.411
0.419
0.409
0.415
0.419
0.416
0.409
0.41
0.407
0.401
0.402
0.407
0.399
0.408
0.409
0.404
0.413
0.407
0.398
0.41
0.403
0.407
0.412
0.418
0.405
0.396
0.418
0.409
0.404
0.396
0.411
0.419
0.42
0.414
0.413
0.409
0.402
0.409
0.416
0.415
0.396
0.396
0.401
0.394
0.399
0.399
0.405
0.405
0.398
0.406
0.4
0.406
0.41
0.408
0.401
0.399
0.402
0.393
0.403
0.409
0.414
0.412
0.4
0.403
0.399
0.404
0.4
0.392
0.411
0.41
0.4
0.405
0.411
0.42
0.397
0.401
0.409
0.412
0.412
0.397
0.405
0.4
0.399
0.395
0.392
0.401
0.404
0.399
0.395
0.398
0.404
0.403
0.41
0.39
0.397
0.399
0.4
0.399
0.397
0.398
0.399
0.406
0.399
0.397
0.402
0.392
0.395
0.404
0.405
0.396
0.397
0.401
0.408
0.397
0.396
0.405
0.395
0.396
0.4
0.394
0.387
0.396
0.386
0.39
0.395
0.402
0.399
0.396
0.398
0.391
0.384
0.39
0.399
0.402
0.405
0.393
0.399
0.399
0.391
0.398
0.399
0.392
0.395
0.398
0.405
0.41
0.396
0.398
0.401
0.402
0.41
0.407
0.41
0.398
0.398
0.408
0.403
0.41
0.404
0.407
0.398
0.396
0.418
0.403
0.407
0.414
0.413
0.414
0.42
0.418
0.412
0.421
0.412
0.41
0.417
0.427
0.419
0.42
0.412
0.413
0.407
0.417
0.418
0.407
0.407
0.414
0.417
0.426
0.417
0.41
0.407
0.404
0.407
0.413
0.422
0.407
0.411
0.41
0.416
0.41
0.414
0.41
0.407
0.416
0.413
0.403
0.399
0.399
0.395
0.398
0.393
0.403
0.398
0.402
0.41
0.398
0.4
0.407
0.411
0.398
0.395
0.399
0.407
0.413
0.395
0.395
0.401
0.397
0.39
0.389
0.408
0.407
0.387
0.396
0.394
0.399
0.397
0.395
0.397
0.401
0.391
0.388
0.387
0.396
0.399
0.403
0.393
0.392
0.395
0.395
0.396
0.395
0.401
0.395
0.395
0.39
0.398
0.395
0.4
0.404
0.388
0.396
0.396
0.399
0.4
0.392
0.392
0.386
0.392
0.396
0.397
0.398
0.396
0.391
0.396
0.395
0.397
0.401
0.385
0.389
0.384
0.392
0.397
0.394
0.393
0.394
0.392
0.392
0.389
0.396
0.39
0.386
0.392
0.388
0.392
0.395
0.388
0.396
0.39
0.386
0.389
0.395
0.393
0.396
0.397
0.391
0.385
0.392
0.394
0.388
0.386
0.391
0.389
0.391
0.383
0.392
0.398
0.4
0.393
0.396
0.402
0.407
0.394
0.392
0.4
0.402
0.396
0.401
0.401
0.398
0.402
0.401
0.399
0.403
0.408
0.408
0.403
0.397
0.391
0.406
0.396
0.392
0.397
0.408
0.401
0.402
0.404
0.408
0.41
0.409
0.408
0.402
0.409
0.399
0.407
0.397
0.401
0.404
0.394
0.397
0.405
0.416
0.408
0.408
0.408
0.403
0.402
0.404
0.41
0.401
0.41
0.41
0.407
0.413
0.42
0.422
0.408
0.417
0.407
0.416
0.406
0.408
0.406
0.411
0.401
0.424
0.425
0.415
0.407
0.41
0.407
0.412
0.411
0.419
0.418
0.423
0.433
0.412
0.417
0.422
0.419
0.424
0.418
0.417
0.414
0.424
0.427
0.412
0.421
0.425
0.424
0.418
0.425
0.419
0.423
0.419
0.411
0.413
0.421
0.422
0.426
0.418
0.408
0.408
0.418
0.41
0.405
0.409
0.419
0.409
0.402
0.399
0.417
0.403
0.411
0.416
0.403
0.406
0.399
0.4
0.407
0.406
0.409
0.403
0.401
0.408
0.402
0.396
0.397
0.398
0.397
0.398
0.4
0.404
0.399
0.401
0.41
0.4
0.402
0.409
0.396
0.394
0.4
0.404
0.407
0.397
0.4
0.395
0.404
0.401
0.395
0.404
0.395
0.389
0.396
0.395
0.39
0.398
0.398
0.398
0.406
0.398
0.396
0.399
0.391
0.392
0.395
0.39
0.387
0.389
0.395
0.402
0.401
0.397
0.389
0.391
0.39
0.395
0.396
0.391
0.392
0.39
0.392
0.398
0.397
0.396
0.387
0.391
0.397
0.39
0.387
0.396
0.392
0.393
0.39
0.383
0.388
0.386
0.391
0.383
0.377
0.386
0.389
0.397
0.396
0.38
0.376
0.386
0.377
0.384
0.38
0.386
0.381
0.387
0.384
0.39
0.394
0.388
0.394
0.386
0.377
0.385
0.389
0.383
0.392
0.394
0.391
0.383
0.381
0.387
0.393
0.39
0.388
0.381
0.376
0.384
0.382
0.388
0.381
0.388
0.396
0.392
0.391
0.383
0.385
0.387
0.386
0.387
0.393
0.386
0.384
0.393
0.393
0.387
0.395
0.383
0.39
0.384
0.383
0.386
0.39
0.394
0.387
0.395
0.394
0.377
0.383
0.387
0.384
0.39
0.382
0.387
0.382
0.376
0.384
0.376
0.384
0.393
0.388
0.39
0.391
0.391
0.388
0.381
0.39
0.398
0.384
0.388
0.385
0.394
0.389
0.392
0.389
0.387
0.396
0.396
0.392
0.395
0.386
0.383
0.393
0.396
0.385
0.393
0.396
0.402
0.396
0.391
0.396
0.391
0.388
0.395
0.391
0.396
0.402
0.396
0.39
0.392
0.384
0.39
0.394
0.393
0.395
0.393
0.394
0.4
0.396
0.402
0.397
0.405
0.4
0.392
0.396
0.395
0.388
0.394
0.399
0.39
0.384
0.384
0.392
0.387
0.394
0.396
0.389
0.393
0.395
0.387
0.394
0.386
0.383
0.374
0.391
0.385
0.388
0.386
0.383
0.386
0.379
0.379
0.381
0.383
0.392
0.391
0.385
0.384
0.384
0.378
0.373
0.383
0.392
0.379
0.381
0.381
0.387
0.389
0.383
0.38
0.389
0.38
0.383
0.384
0.389
0.378
0.38
0.389
0.387
0.392
0.385
0.381
0.384
0.386
0.384
0.377
0.383
0.386
0.393
0.39
0.383
0.385
0.381
0.381
0.388
0.389
0.39
0.387
0.383
0.39
0.385
0.385
0.392
0.394
0.385
0.382
0.389
0.383
0.387
0.378
0.389
0.388
0.381
0.39
0.388
0.38
0.377
0.383
0.388
0.397
0.392
0.389
0.39
0.384
0.388
0.385
0.389
0.392
0.377
0.386
0.39
0.39
0.391
0.387
0.378
0.386
0.379
0.386
0.377
0.389
0.385
0.394
0.382
0.39
0.394
0.384
0.387
0.39
0.383
0.392
0.389
0.39
0.392
0.383
0.388
0.379
0.384
0.39
0.389
0.397
0.391
0.389
0.389
0.393
0.393
0.391
0.395
0.387
0.383
0.392
0.389
0.381
0.388
0.392
0.385
0.389
0.393
0.395
0.404
0.396
0.388
0.393
0.389
0.386
0.395
0.399
0.394
0.394
0.389
0.396
0.39
0.393
0.39
0.4
0.393
0.395
0.396
0.393
0.389
0.398
0.398
0.402
0.397
0.394
0.394
0.399
0.399
0.398
0.401
0.394
0.392
0.395
0.392
0.4
0.402
0.392
0.396
0.388
0.395
0.39
0.396
0.399
0.392
0.388
0.397
0.388
0.396
0.395
0.394
0.397
0.392
0.397
0.389
0.383
0.39
0.385
0.39
0.396
0.39
0.393
0.402
0.396
0.401
0.391
0.396
0.393
0.397
0.4
0.398
0.392
0.4
0.408
0.407
0.402
0.397
0.4
0.405
0.396
0.393
0.398
0.392
0.396
0.402
0.403
0.406
0.396
0.391
0.396
0.4
0.396
0.401
0.41
0.395
0.399
0.405
0.396
0.39
0.396
0.392
0.4
0.403
0.413
0.4
0.393
0.399
0.406
0.415
0.404
0.4
0.396
0.398
0.398
0.404
0.401
0.412
0.397
0.401
0.404
0.412
0.404
0.402
0.412
0.417
0.407
0.403
0.411
0.407
0.41
0.403
0.405
0.422
0.405
0.407
0.405
0.415
0.413
0.409
0.402
0.4
0.407
0.415
0.411
0.408
0.405
0.4
0.409
0.416
0.41
0.411
0.403
0.406
0.397
0.413
0.405
0.402
0.406
0.405
0.414
0.415
0.407
0.416
0.407
0.409
0.408
0.417
0.408
0.416
0.408
0.408
0.409
0.413
0.415
0.406
0.4
0.401
0.404
0.408
0.417
0.416
0.406
0.407
0.416
0.399
0.407
0.409
0.405
0.407
0.399
0.39
0.404
0.396
0.4
0.405
0.399
0.391
0.396
0.399
0.396
0.41
0.393
0.4
0.393
0.4
0.406
0.404
0.4
0.396
0.402
0.401
0.404
0.397
0.394
0.395
0.395
0.4
0.396
0.397
0.406
0.405
0.396
0.403
0.407
0.401
0.393
0.393
0.398
0.401
0.406
0.396
0.401
0.396
0.392
0.399
0.396
0.396
0.393
0.397
0.397
0.404
0.403
0.397
0.393
0.398
0.391
0.393
0.396
0.401
0.404
0.401
0.396
0.388
0.394
0.396
0.402
0.406
0.399
0.394
0.398
0.393
0.401
0.396
0.4
0.4
0.397
0.399
0.393
0.396
0.397
0.402
0.406
0.396
0.401
0.4
0.397
0.397
0.389
0.398
0.394
0.398
0.403
0.394
0.401
0.411
0.401
0.399
0.4
0.397
0.396
0.397
0.402
0.397
0.398
0.399
0.404
0.411
0.406
0.397
0.399
0.41
0.4
0.402
0.396
0.397
0.398
0.406
0.401
0.415
0.41
0.402
0.404
0.407
0.407
0.405
0.404
0.397
0.403
0.4
0.404
0.406
0.401
0.398
0.403
0.395
0.404
0.402
0.409
0.396
0.4
0.405
0.412
0.413
0.396
0.401
0.399
0.408
0.404
0.407
0.397
0.396
0.403
0.407
0.412
0.404
0.395
0.391
0.397
0.396
0.404
0.395
0.395
0.398
0.402
0.407
0.401
0.396
0.394
0.4
0.396
0.397
0.405
0.407
0.394
0.401
0.396
0.404
0.399
0.398
0.389
0.398
0.396
0.399
0.401
0.398
0.398
0.398
0.404
0.411
0.396
0.399
0.405
0.412
0.409
0.403
0.406
0.408
0.417
0.405
0.402
0.404
0.411
0.406
0.415
0.406
0.406
0.398
0.407
0.406
0.416
0.408
0.407
0.399
0.396
0.398
0.394
0.402
0.393
0.408
0.402
0.406
0.412
0.398
0.407
0.415
0.408
0.399
0.399
0.407
0.397
0.398
0.402
0.407
0.403
0.409
0.399
0.396
0.399
0.398
0.396
0.401
0.403
0.401
0.396
0.39
0.398
0.404
0.409
0.401
0.411
0.388
0.408
0.4
0.404
0.394
0.402
0.392
0.386
0.394
0.389
0.394
0.397
0.393
0.39
0.39
0.398
0.389
0.396
0.392
0.389
0.392
0.398
0.389
0.387
0.393
0.394
0.397
0.396
0.393
0.384
0.39
0.396
0.39
0.396
0.395
0.398
0.396
0.392
0.383
0.39
0.392
0.384
0.387
0.392
0.389
0.396
0.396
0.39
0.394
0.4
0.392
0.397
0.392
0.39
0.397
0.401
0.39
0.395
0.396
0.394
0.4
0.396
0.395
0.392
0.388
0.397
0.394
0.387
0.393
0.389
0.385
0.391
0.396
0.396
0.403
0.386
0.388
0.383
0.401
0.393
0.388
0.387
0.395
0.39
0.392
0.399
0.392
0.392
0.397
0.395
0.388
0.387
0.387
0.382
0.4
0.382
0.389
0.383
0.384
0.379
0.385
0.385
0.377
0.384
0.393
0.397
0.376
0.392
0.387
0.387
0.39
0.396
0.389
0.396
0.396
0.4
0.39
0.396
0.398
0.383
0.388
0.381
0.381
0.384
0.389
0.386
0.395
0.397
0.391
0.386
0.38
0.385
0.384
0.378
0.387
0.38
0.386
0.382
0.381
0.39
0.387
0.396
0.39
0.389
0.384
0.385
0.381
0.379
0.386
0.382
0.388
0.382
0.388
0.385
0.389
0.384
0.393
0.392
0.389
0.385
0.392
0.384
0.392
0.389
0.388
0.392
0.397
0.383
0.391
0.382
0.387
0.384
0.392
0.393
0.398
0.393
0.391
0.398
0.393
0.387
0.389
0.396
0.396
0.387
0.382
0.388
0.393
0.401
0.394
0.385
0.39
0.396
0.39
0.394
0.399
0.389
0.392
0.398
0.392
0.385
0.39
0.394
0.398
0.394
0.392
0.387
0.379
0.401
0.4
0.391
0.384
0.393
0.393
0.391
0.4
0.393
0.393
0.391
0.4
0.401
0.388
0.396
0.391
0.393
0.392
0.386
0.393
0.395
0.392
0.393
0.392
0.395
0.39
0.392
0.387
0.392
0.396
0.396
0.404
0.387
0.396
0.39
0.384
0.39
0.385
0.388
0.381
0.39
0.389
0.389
0.396
0.387
0.378
0.397
0.389
0.388
0.385
0.384
0.38
0.387
0.392
0.388
0.385
0.381
0.377
0.385
0.383
0.388
0.388
0.39
0.394
0.389
0.382
0.384
0.381
0.382
0.388
0.383
0.387
0.39
0.396
0.388
0.38
0.396
0.389
0.38
0.383
0.38
0.389
0.389
0.381
0.386
0.392
0.386
0.379
0.387
0.382
0.384
0.383
0.378
0.383
0.388
0.387
0.38
0.386
0.386
0.395
0.391
0.384
0.392
0.387
0.38
0.385
0.386
0.386
0.391
0.384
0.383
0.388
0.388
0.38
0.388
0.385
0.381
0.39
0.396
0.387
0.39
0.385
0.376
0.396
0.387
0.392
0.393
0.396
0.394
0.385
0.392
0.383
0.388
0.387
0.394
0.386
0.393
0.388
0.395
0.386
0.394
0.4
0.393
0.392
0.397
0.396
0.398
0.401
0.407
0.396
0.395
0.387
0.396
0.394
0.401
0.409
0.402
0.395
0.399
0.409
0.403
0.399
0.398
0.418
0.422
0.41
0.414
0.419
0.409
0.41
0.413
0.422
0.41
0.403
0.403
0.403
0.403
0.413
0.417
0.403
0.396
0.405
0.404
0.406
0.401
0.406
0.396
0.387
0.396
0.405
0.396
0.395
0.399
0.395
0.393
0.397
0.397
0.397
0.396
0.401
0.408
0.392
0.398
0.4
0.399
0.405
0.401
0.401
0.4
0.401
0.392
0.401
0.404
0.409
0.411
0.403
0.407
0.405
0.407
0.402
0.399
0.403
0.408
0.407
0.4
0.402
0.406
0.396
0.408
0.403
0.396
0.405
0.396
0.417
0.402
0.408
0.401
0.409
0.408
0.417
0.408
0.403
0.409
0.4
0.402
0.398
0.401
0.403
0.411
0.419
0.398
0.405
0.409
0.414
0.409
0.407
0.413
0.419
0.418
0.404
0.421
0.4
0.404
0.4
0.406
0.411
0.42
0.413
0.404
0.399
0.398
0.404
0.407
0.416
0.403
0.405
0.399
0.4
0.408
0.41
0.416
0.419
0.411
0.394
0.417
0.401
0.41
0.408
0.407
0.404
0.401
0.399
0.403
0.404
0.402
0.404
0.412
0.411
0.397
0.404
0.406
0.411
0.412
0.396
0.401
0.397
0.404
0.409
0.398
0.406
0.401
0.403
0.396
0.4
0.4
0.392
0.411
0.414
0.408
0.402
0.401
0.407
0.404
0.396
0.401
0.41
0.404
0.395
0.418
0.412
0.402
0.402
0.396
0.409
0.403
0.411
0.411
0.403
0.404
0.397
0.412
0.404
0.408
0.407
0.407
0.412
0.409
0.404
0.402
0.4
0.407
0.416
0.419
0.413
0.402
0.411
0.41
0.404
0.412
0.417
0.418
0.421
0.399
0.415
0.408
0.413
0.408
0.416
0.406
0.408
0.405
0.403
0.413
0.408
0.418
0.418
0.413
0.408
0.417
0.411
0.414
0.406
0.404
0.413
0.422
0.411
0.41
0.418
0.408
0.413
0.409
0.404
0.422
0.416
0.407
0.431
0.418
0.42
0.413
0.408
0.418
0.42
0.424
0.418
0.41
0.415
0.412
0.416
0.413
0.404
0.413
0.408
0.418
0.413
0.416
0.426
0.412
0.408
0.41
0.41
0.419
0.41
0.413
0.413
0.413
0.403
0.412
0.41
0.407
0.414
0.404
0.413
0.413
0.415
0.421
0.404
0.409
0.405
0.402
0.411
0.421
0.423
0.411
0.418
0.417
0.404
0.396
0.404
0.4
0.399
0.405
0.397
0.399
0.406
0.41
0.403
0.398
0.395
0.404
0.397
0.394
0.389
0.395
0.401
0.394
0.403
0.398
0.395
0.391
0.395
0.398
0.396
0.402
0.401
0.393
0.4
0.399
0.397
0.397
0.396
0.395
0.386
0.389
0.394
0.394
0.397
0.389
0.399
0.391
0.398
0.406
0.396
0.39
0.393
0.396
0.396
0.392
0.401
0.395
0.404
0.397
0.399
0.396
0.389
0.396
0.394
0.396
0.405
0.402
0.4
0.394
0.401
0.398
0.396
0.402
0.404
0.402
0.408
0.415
0.396
0.401
0.403
0.397
0.396
0.399
0.403
0.401
0.41
0.413
0.396
0.391
0.398
0.393
0.398
0.403
0.396
0.389
0.393
0.387
0.404
0.409
0.404
0.4
0.397
0.406
0.398
0.407
0.412
0.403
0.398
0.393
0.413
0.408
0.398
0.4
0.408
0.411
0.412
0.408
0.402
0.412
0.401
0.394
0.4
0.397
0.394
0.395
0.398
0.39
0.395
0.397
0.403
0.397
0.394
0.393
0.391
0.387
0.393
0.387
0.396
0.391
0.393
0.39
0.389
0.394
0.4
0.395
0.392
0.386
0.386
0.385
0.391
0.4
0.392
0.392
0.39
0.384
0.386
0.39
0.388
0.391
0.394
0.388
0.395
0.396
0.388
0.392
0.389
0.394
0.394
0.392
0.392
0.387
0.392
0.385
0.389
0.392
0.399
0.393
0.389
0.382
0.39
0.389
0.389
0.388
0.397
0.401
0.391
0.385
0.394
0.389
0.394
0.392
0.384
0.391
0.395
0.386
0.394
0.394
0.398
0.39
0.385
0.387
0.382
0.403
0.386
0.385
0.39
0.392
0.397
0.39
0.398
0.388
0.388
0.386
0.388
0.391
0.383
0.391
0.396
0.398
0.394
0.395
0.39
0.383
0.386
0.387
0.395
0.394
0.4
0.391
0.398
0.404
0.398
0.396
0.4
0.388
0.391
0.396
0.393
0.391
0.396
0.387
0.383
0.385
0.386
0.389
0.391
0.397
0.389
0.384
0.384
0.39
0.395
0.387
0.386
0.381
0.388
0.384
0.393
0.381
0.39
0.396
0.382
0.385
0.38
0.382
0.381
0.383
0.377
0.383
0.38
0.387
0.387
0.383
0.387
0.381
0.381
0.379
0.388
0.386
0.392
0.384
0.375
0.383
0.386
0.39
0.397
0.376
0.38
0.385
0.393
0.385
0.39
0.385
0.381
0.384
0.38
0.387
0.39
0.385
0.392
0.387
0.39
0.389
0.386
0.391
0.382
0.38
0.384
0.385
0.383
0.39
0.387
0.392
0.393
0.391
0.387
0.383
0.387
0.386
0.395
0.393
0.396
0.394
0.393
0.391
0.384
0.389
0.397
0.392
0.392
0.399
0.391
0.388
0.396
0.405
0.397
0.39
0.396
0.397
0.389
0.393
0.394
0.4
0.403
0.396
0.4
0.397
0.39
0.399
0.396
0.397
0.401
0.399
0.4
0.406
0.401
0.391
0.396
0.405
0.402
0.404
0.41
0.396
0.4
0.398
0.399
0.399
0.396
0.403
0.411
0.402
0.4
0.392
0.4
0.396
0.402
0.399
0.403
0.405
0.406
0.415
0.416
0.414
0.412
0.403
0.42
0.418
0.417
0.412
0.405
0.403
0.413
0.411
0.404
0.404
0.394
0.393
0.402
0.398
0.393
0.401
0.396
0.394
0.393
0.394
0.393
0.401
0.408
0.402
0.397
0.396
0.402
0.401
0.4
0.4
0.396
0.397
0.4
0.402
0.412
0.412
0.4
0.4
0.393
0.405
0.399
0.395
0.403
0.4
0.397
0.406
0.396
0.399
0.394
0.402
0.392
0.396
0.396
0.405
0.395
0.392
0.398
0.402
0.402
0.396
0.4
0.393
0.397
0.403
0.396
0.391
0.393
0.399
0.393
0.401
0.391
0.396
0.401
0.396
0.397
0.396
0.388
0.396
0.39
0.395
0.386
0.394
0.385
0.403
0.396
0.395
0.395
0.4
0.393
0.391
0.39
0.392
0.397
0.395
0.398
0.396
0.402
0.389
0.389
0.395
0.393
0.401
0.393
0.398
0.39
0.391
0.385
0.397
0.396
0.387
0.39
0.387
0.384
0.388
0.396
0.39
0.384
0.392
0.389
0.385
0.388
0.397
0.399
0.388
0.391
0.39
0.386
0.384
0.392
0.384
0.39
0.387
0.385
0.391
0.396
0.401
0.391
0.4
0.394
0.397
0.394
0.391
0.384
0.389
0.396
0.394
0.392
0.393
0.402
0.403
0.399
0.391
0.395
0.386
0.395
0.391
0.398
0.394
0.393
0.393
0.392
0.39
0.388
0.395
0.39
0.394
0.398
0.402
0.394
0.399
0.396
0.396
0.396
0.397
0.4
0.4
0.396
0.396
0.404
0.4
0.393
0.401
0.393
0.402
0.396
0.402
0.401
0.405
0.395
0.396
0.394
0.399
0.4
0.398
0.396
0.405
0.4
0.409
0.407
0.405
0.398
0.394
0.404
0.407
0.414
0.415
0.404
0.4
0.401
0.403
0.4
0.402
0.398
0.4
0.405
0.404
0.396
0.396
0.404
0.397
0.405
0.396
0.403
0.403
0.397
0.399
0.405
0.399
0.396
0.4
0.396
0.405
0.409
0.397
0.39
0.396
0.404
0.397
0.395
0.39
0.396
0.389
0.396
0.392
0.397
0.392
0.394
0.39
0.396
0.401
0.392
0.396
0.396
0.396
0.399
0.39
0.393
0.39
0.39
0.387
0.396
0.389
0.397
0.401
0.396
0.388
0.397
0.381
0.388
0.382
0.396
0.379
0.383
0.386
0.38
0.388
0.391
0.383
0.391
0.381
0.385
0.389
0.389
0.384
0.389
0.38
0.377
0.379
0.382
0.381
0.387
0.386
0.394
0.378
0.387
0.379
0.388
0.38
0.387
0.386
0.391
0.389
0.379
0.381
0.374
0.378
0.385
0.391
0.383
0.377
0.384
0.385
0.376
0.377
0.376
0.375
0.373
0.381
0.378
0.38
0.375
0.38
0.376
0.381
0.375
0.379
0.375
0.389
0.378
0.383
0.387
0.379
0.381
0.373
0.382
0.373
0.382
0.382
0.377
0.379
0.375
0.375
0.382
0.375
0.381
0.378
0.386
0.38
0.387
0.385
0.39
0.388
0.381
0.39
0.38
0.382
0.376
0.385
0.39
0.388
0.385
0.381
0.383
0.376
0.378
0.38
0.389
0.381
0.386
0.392
0.385
0.384
0.388
0.386
0.394
0.383
0.381
0.382
0.378
0.381
0.382
0.388
0.386
0.385
0.38
0.384
0.377
0.385
0.38
0.375
0.381
0.39
0.384
0.39
0.386
0.381
0.387
0.394
0.388
0.383
0.388
0.383
0.383
0.385
0.387
0.391
0.392
0.396
0.393
0.387
0.381
0.389
0.389
0.386
0.39
0.395
0.39
0.384
0.383
0.382
0.383
0.387
0.394
0.39
0.386
0.384
0.377
0.386
0.383
0.391
0.39
0.397
0.392
0.384
0.388
0.383
0.383
0.392
0.389
0.392
0.399
0.395
0.39
0.39
0.389
0.387
0.383
0.388
0.379
0.384
0.392
0.389
0.398
0.392
0.39
0.387
0.384
0.386
0.391
0.394
0.395
0.386
0.387
0.381
0.39
0.384
0.391
0.397
0.399
0.387
0.393
0.393
0.399
0.39
0.398
0.389
0.387
0.391
0.394
0.395
0.386
0.39
0.398
0.394
0.396
0.394
0.388
0.396
0.392
0.385
0.394
0.396
0.39
0.396
0.389
0.393
0.396
0.389
0.395
0.388
0.397
0.398
0.396
0.396
0.391
0.391
0.391
0.386
0.392
0.4
0.393
0.392
0.386
0.391
0.395
0.394
0.397
0.395
0.395
0.4
0.393
0.391
0.394
0.395
0.39
0.393
0.402
0.394
0.397
0.396
0.395
0.402
0.397
0.391
0.394
0.397
0.395
0.396
0.392
0.396
0.399
0.408
0.411
0.403
0.396
0.397
0.404
0.405
0.401
0.4
0.402
0.398
0.396
0.399
0.406
0.404
0.396
0.402
0.41
0.403
0.41
0.413
0.405
0.406
0.396
0.403
0.409
0.403
0.406
0.414
0.404
0.399
0.409
0.402
0.41
0.409
0.401
0.4
0.398
0.403
0.396
0.398
0.406
0.408
0.401
0.403
0.407
0.403
0.412
0.415
0.421
0.402
0.405
0.41
0.405
0.408
0.415
0.405
0.4
0.406
0.399
0.396
0.398
0.396
0.398
0.396
0.396
0.395
0.398
0.397
0.391
0.389
0.385
0.402
0.389
0.394
0.403
0.398
0.389
0.397
0.389
0.392
0.39
0.388
0.387
0.392
0.385
0.388
0.391
0.383
0.391
0.391
0.386
0.388
0.389
0.39
0.391
0.393
0.386
0.388
0.388
0.383
0.386
0.387
0.39
0.393
0.388
0.383
0.387
0.395
0.391
0.395
0.389
0.386
0.393
0.384
0.383
0.388
0.385
0.389
0.396
0.386
0.383
0.391
0.39
0.386
0.39
0.393
0.391
0.389
0.385
0.392
0.398
0.39
0.389
0.386
0.393
0.394
0.39
0.389
0.394
0.396
0.391
0.389
0.387
0.39
0.391
0.393
0.396
0.394
0.398
0.39
0.386
0.39
0.393
0.388
0.393
0.396
0.397
0.388
0.39
0.396
0.387
0.394
0.392
0.393
0.389
0.395
0.395
0.398
0.4
0.392
0.39
0.386
0.394
0.396
0.4
0.406
0.392
0.394
0.386
0.388
0.391
0.392
0.395
0.394
0.394
0.387
0.393
0.384
0.392
0.394
0.387
0.395
0.404
0.398
0.396
0.387
0.394
0.392
0.385
0.4
0.396
0.402
0.396
0.396
0.404
0.399
0.4
0.398
0.392
0.398
0.394
0.396
0.402
0.401
0.404
0.395
0.398
0.403
0.404
0.401
0.392
0.395
0.39
0.402
0.393
0.402
0.393
0.399
0.392
0.401
0.411
0.406
0.396
0.391
0.402
0.407
0.411
0.397
0.402
0.399
0.398
0.402
0.396
0.4
0.401
0.391
0.396
0.402
0.41
0.404
0.396
0.398
0.4
0.401
0.395
0.403
0.4
0.399
0.406
0.405
0.414
0.396
0.415
0.401
0.394
0.394
0.399
0.403
0.404
0.398
0.39
0.397
0.403
0.397
0.399
0.401
0.402
0.408
0.401
0.396
0.404
0.41
0.411
0.406
0.401
0.4
0.409
0.401
0.4
0.396
0.398
0.404
0.407
0.404
0.404
0.399
0.401
0.405
0.405
0.399
0.394
0.395
0.409
0.401
0.405
0.397
0.416
0.412
0.415
0.413
0.405
0.407
0.409
0.4
0.402
0.408
0.412
0.402
0.407
0.399
0.399
0.399
0.405
0.4
0.407
0.401
0.397
0.405
0.403
0.405
0.411
0.397
0.401
0.403
0.413
0.404
0.398
0.404
0.405
0.411
0.402
0.398
0.402
0.401
0.41
0.404
0.398
0.4
0.401
0.407
0.399
0.393
0.398
0.402
0.405
0.411
0.399
0.39
0.394
0.401
0.409
0.396
0.394
0.394
0.399
0.39
0.386
0.409
0.396
0.393
0.397
0.4
0.395
0.386
0.405
0.396
0.399
0.406
0.401
0.395
0.401
0.396
0.395
0.393
0.388
0.395
0.396
0.403
0.394
0.393
0.392
0.399
0.394
0.394
0.398
0.4
0.391
0.386
0.393
0.393
0.395
0.401
0.404
0.396
0.389
0.387
0.391
0.404
0.39
0.394
0.39
0.392
0.393
0.397
0.402
0.392
0.4
0.394
0.403
0.393
0.396
0.395
0.395
0.396
0.396
0.392
0.392
0.396
0.398
0.399
0.395
0.389
0.396
0.396
0.404
0.396
0.396
0.396
0.4
0.393
0.4
0.393
0.391
0.392
0.388
0.396
0.396
0.391
0.389
0.388
0.394
0.391
0.396
0.397
0.39
0.388
0.394
0.396
0.391
0.383
0.39
0.385
0.39
0.399
0.395
0.388
0.383
0.385
0.389
0.394
0.395
0.392
0.396
0.391
0.39
0.391
0.398
0.393
0.393
0.398
0.397
0.393
0.396
0.392
0.396
0.401
0.399
0.398
0.395
0.389
0.396
0.395
0.402
0.396
0.401
0.408
0.401
0.394
0.398
0.4
0.395
0.394
0.405
0.396
0.397
0.397
0.4
0.397
0.398
0.404
0.396
0.4
0.392
0.396
0.398
0.4
0.404
0.395
0.4
0.401
0.396
0.402
0.396
0.396
0.397
0.395
0.392
0.401
0.406
0.402
0.396
0.391
0.399
0.404
0.4
0.396
0.392
0.397
0.396
0.403
0.409
0.399
0.4
0.391
0.392
0.397
0.393
0.398
0.396
0.399
0.393
0.392
0.39
0.397
0.388
0.395
0.396
0.399
0.399
0.396
0.4
0.396
0.395
0.391
0.397
0.39
0.401
0.4
0.396
0.389
0.396
0.388
0.397
0.402
0.397
0.401
0.392
0.387
0.4
0.408
0.397
0.4
0.399
0.394
0.387
0.396
0.398
0.398
0.396
0.395
0.395
0.388
0.391
0.4
0.399
0.399
0.396
0.39
0.396
0.401
0.398
0.397
0.395
0.387
0.393
0.391
0.4
0.391
0.39
0.396
0.404
0.4
0.396
0.396
0.391
0.399
0.405
0.402
0.396
0.396
0.401
0.404
0.394
0.394
0.399
0.392
0.408
0.4
0.396
0.388
0.394
0.397
0.39
0.39
0.403
0.406
0.403
0.404
0.414
0.401
0.401
0.405
0.406
0.396
0.391
0.4
0.395
0.4
0.402
0.411
0.402
0.393
0.389
0.399
0.39
0.399
0.398
0.389
0.394
0.4
0.396
0.405
0.413
0.399
0.402
0.4
0.4
0.392
0.399
0.394
0.4
0.409
0.399
0.392
0.396
0.4
0.409
0.412
0.412
0.405
0.407
0.405
0.414
0.418
0.409
0.402
0.418
0.411
0.41
0.41
0.411
0.418
0.417
0.414
0.42
0.401
0.411
0.413
0.404
0.398
0.398
0.407
0.407
0.402
0.4
0.395
0.397
0.398
0.402
0.401
0.401
0.4
0.393
0.387
0.396
0.393
0.398
0.396
0.4
0.392
0.396
0.401
0.4
0.398
0.401
0.411
0.403
0.402
0.396
0.404
0.406
0.406
0.406
0.409
0.406
0.412
0.411
0.409
0.406
0.407
0.41
0.412
0.402
0.406
0.409
0.407
0.408
0.416
0.411
0.412
0.402
0.411
0.402
0.41
0.404
0.413
0.415
0.407
0.416
0.413
0.416
0.412
0.418
0.414
0.41
0.414
0.416
0.418
0.426
0.42
0.418
0.425
0.421
0.419
0.425
0.439
0.444
0.448
0.445
0.438
0.432
0.441
0.445
0.449
0.443
0.448
0.438
0.448
0.45
0.452
0.452
0.448
0.448
0.456
0.446
0.456
0.466
0.482
0.471
0.477
0.467
0.472
0.479
0.484
0.49
0.478
0.475
0.473
0.479
0.486
0.489
0.49
0.495
0.484
0.493
0.494
0.495
0.5
0.5
0.497
0.498
0.496
0.485
0.481
0.479
0.468
0.505
0.514
0.51
0.512
0.514
0.509
0.507
0.503
0.501
0.495
0.483
0.494
0.49
0.48
0.539
0.531
0.54
0.548
0.55
0.541
0.528
0.535
0.548
0.549
0.551
0.561
0.559
0.547
0.536
0.517
0.512
0.519
0.523
0.534
0.525
0.516
0.538
0.535
0.524
0.513
0.524
0.524
0.527
0.535
0.536
0.535
0.538
0.526
0.521
0.527
0.516
0.524
0.527
0.527
0.524
0.518
0.521
0.529
0.564
0.554
0.548
0.513
0.501
0.534
0.544
0.522
0.521
0.523
0.525
0.522
0.523
0.514
0.53
0.525
0.527
0.52
0.528
0.523
0.516
0.558
0.567
0.575
0.572
0.584
0.572
0.562
0.549
0.545
0.539
0.535
0.529
0.521
0.534
0.544
0.62
0.581
0.583
0.552
0.55
0.554
0.562
0.561
0.553
0.572
0.565
0.557
0.553
0.541
0.553
0.554
0.482
0.482
0.485
0.48
0.483
0.476
0.46
0.454
0.45
0.451
0.461
0.439
0.438
0.445
0.449
0.452
0.448
0.431
0.44
0.423
0.428
0.435
0.428
0.438
0.42
0.426
0.417
0.417
0.415
0.425
0.418
0.417
0.409
0.409
0.414
0.411
0.407
0.404
0.404
0.413
0.414
0.405
0.414
0.409
0.4
0.4
0.405
0.406
0.402
0.408
0.406
0.396
0.399
0.401
0.41
0.404
0.394
0.4
0.392
0.396
0.403
0.397
0.403
0.406
0.402
0.4
0.399
0.403
0.403
0.393
0.395
0.395
0.399
0.397
0.401
0.396
0.403
0.407
0.399
0.393
0.405
0.397
0.401
0.393
0.393
0.401
0.406
0.401
0.392
0.396
0.402
0.403
0.394
0.392
0.399
0.404
0.393
0.389
0.398
0.403
0.395
0.397
0.391
0.396
0.389
0.393
0.388
0.392
0.395
0.396
0.388
0.387
0.391
0.4
0.391
0.393
0.393
0.388
0.388
0.387
0.396
0.393
0.391
0.396
0.389
0.397
0.393
0.389
0.39
0.387
0.391
0.393
0.39
0.397
0.391
0.396
0.398
0.396
0.393
0.393
0.387
0.39
0.399
0.395
0.396
0.387
0.39
0.388
0.394
0.393
0.396
0.393
0.394
0.391
0.387
0.395
0.394
0.386
0.382
0.389
0.393
0.386
0.392
0.398
0.392
0.384
0.388
0.393
0.391
0.396
0.394
0.396
0.392
0.388
0.396
0.395
0.396
0.387
0.389
0.387
0.393
0.386
0.393
0.393
0.4
0.395
0.393
0.391
0.385
0.401
0.394
0.39
0.395
0.394
0.396
0.395
0.395
0.401
0.391
0.397
0.399
0.403
0.401
0.406
0.398
0.397
0.405
0.407
0.401
0.391
0.396
0.404
0.405
0.4
0.405
0.399
0.396
0.403
0.398
0.403
0.404
0.402
0.398
0.403
0.394
0.4
0.399
0.407
0.397
0.396
0.4
0.405
0.407
0.398
0.399
0.405
0.402
0.401
0.397
0.399
0.4
0.398
0.406
0.411
0.403
0.408
0.399
0.406
0.405
0.403
0.399
0.399
0.399
0.396
0.403
0.402
0.396
0.398
0.402
0.404
0.403
0.398
0.404
0.394
0.403
0.399
0.406
0.402
0.412
0.413
0.403
0.401
0.408
0.407
0.399
0.4
0.398
0.407
0.399
0.405
0.396
0.402
0.408
0.41
0.4
0.397
0.401
0.398
0.402
0.4
0.405
0.409
0.404
0.396
0.398
0.392
0.403
0.398
0.395
0.39
0.391
0.4
0.399
0.39
0.388
0.393
0.402
0.393
0.401
0.391
0.399
0.39
0.391
0.396
0.399
0.406
0.397
0.396
0.397
0.398
0.405
0.397
0.4
0.396
0.397
0.396
0.398
0.398
0.398
0.394
0.396
0.389
0.396
0.399
0.404
0.397
0.396
0.399
0.401
0.409
0.398
0.407
0.398
0.403
0.403
0.41
0.399
0.4
0.398
0.402
0.399
0.396
0.396
0.402
0.4
0.394
0.397
0.403
0.409
0.4
0.396
0.401
0.407
0.399
0.403
0.404
0.397
0.403
0.405
0.395
0.399
0.398
0.397
0.396
0.391
0.396
0.4
0.404
0.396
0.399
0.405
0.403
0.395
0.403
0.407
0.396
0.396
0.4
0.397
0.391
0.396
0.389
0.408
0.395
0.403
0.396
0.396
0.391
0.397
0.4
0.391
0.394
0.399
0.395
0.398
0.39
0.382
0.387
0.395
0.398
0.393
0.393
0.393
0.396
0.399
0.392
0.4
0.396
0.396
0.402
0.403
0.402
0.405
0.404
0.405
0.406
0.41
0.411
0.407
0.409
0.41
0.411
0.409
0.406
0.409
0.411
0.409
0.415
