0.686
0.679
0.643
0.629
0.614
0.609
0.607
0.601
0.608
0.596
0.58
0.575
0.571
0.559
0.564
0.497
0.501
0.495
0.504
0.497
0.503
0.497
0.501
0.499
0.507
0.501
0.494
0.494
0.484
0.474
0.473
0.476
0.465
0.468
0.471
0.474
0.468
0.479
0.464
0.463
0.459
0.452
0.471
0.463
0.466
0.457
0.467
0.452
0.461
0.452
0.457
0.465
0.457
0.467
0.459
0.46
0.469
0.478
0.471
0.466
0.476
0.472
0.479
0.481
0.466
0.467
0.474
0.46
0.452
0.447
0.454
0.436
0.443
0.439
0.446
0.438
0.444
0.438
0.446
0.448
0.44
0.44
0.441
0.434
0.444
0.453
0.442
0.446
0.452
0.453
0.456
0.447
0.453
0.444
0.451
0.44
0.461
0.451
0.44
0.446
0.452
0.451
0.44
0.444
0.439
0.44
0.44
0.446
0.456
0.44
0.432
0.438
0.436
0.432
0.433
0.439
0.449
0.451
0.43
0.43
0.433
0.453
0.457
0.439
0.44
0.449
0.439
0.432
0.44
0.445
0.434
0.437
0.44
0.433
0.443
0.444
0.442
0.434
0.429
0.438
0.448
0.45
0.45
0.445
0.435
0.436
0.431
0.439
0.431
0.429
0.432
0.437
0.43
0.438
0.439
0.433
0.435
0.43
0.438
0.432
0.438
0.435
0.443
0.454
0.433
0.436
0.433
0.439
0.436
0.429
0.431
0.439
0.434
0.429
0.424
0.424
0.434
0.439
0.436
0.424
0.431
0.43
0.42
0.436
0.432
0.434
0.426
0.438
0.44
0.43
0.435
0.442
0.422
0.429
0.425
0.43
0.425
0.437
0.444
0.435
0.434
0.431
0.437
0.434
0.431
0.433
0.423
0.429
0.427
0.43
0.433
0.429
0.422
0.432
0.433
0.435
0.433
0.44
0.448
0.439
0.437
0.434
0.431
0.439
0.439
0.43
0.438
0.43
0.432
0.436
0.438
0.438
0.441
0.442
0.442
0.433
0.448
0.437
0.444
0.434
0.432
0.435
0.442
0.431
0.422
0.427
0.435
0.445
0.424
0.423
0.425
0.419
0.432
0.424
0.436
0.446
0.444
0.436
0.432
0.442
0.432
0.423
0.425
0.418
0.425
0.424
0.416
0.425
0.42
0.428
0.419
0.423
0.425
0.43
0.426
0.426
0.419
0.423
0.426
0.425
0.43
0.427
0.433
0.423
0.433
0.427
0.424
0.418
0.437
0.427
0.422
0.432
0.437
0.435
0.428
0.423
0.414
0.432
0.427
0.422
0.422
0.431
0.423
0.418
0.429
0.432
0.436
0.433
0.428
0.423
0.423
0.429
0.433
0.428
0.423
0.418
0.427
0.417
0.417
0.412
0.423
0.418
0.413
0.422
0.415
0.424
0.416
0.422
0.421
0.416
0.417
0.424
0.417
0.427
0.423
0.423
0.427
0.433
0.433
0.431
0.421
0.427
0.425
0.428
0.423
0.43
0.45
0.456
0.438
0.445
0.436
0.44
0.444
0.449
0.438
0.433
0.438
0.442
0.45
0.434
0.439
0.444
0.448
0.438
0.43
0.432
0.435
0.429
0.432
0.436
0.431
0.436
0.427
0.434
0.43
0.434
0.436
0.431
0.434
0.426
0.426
0.434
0.443
0.436
0.434
0.432
0.439
0.441
0.447
0.426
0.428
0.43
0.423
0.443
0.439
0.436
0.43
0.421
0.428
0.426
0.426
0.416
0.411
0.426
0.417
0.423
0.42
0.43
0.42
0.412
0.418
0.414
0.42
0.414
0.405
0.412
0.412
0.41
0.411
0.416
0.423
0.42
0.41
0.41
0.406
0.425
0.418
0.409
0.406
0.413
0.416
0.423
0.409
0.405
0.413
0.407
0.408
0.406
0.404
0.4
0.422
0.415
0.42
0.426
0.422
0.413
0.417
0.423
0.425
0.421
0.427
0.431
0.434
0.431
0.422
0.422
0.427
0.419
0.441
0.434
0.429
0.423
0.423
0.456
0.442
0.448
0.442
0.436
0.44
0.447
0.449
0.45
0.46
0.467
0.449
0.444
0.448
0.457
0.439
0.448
0.449
0.439
0.451
0.455
0.444
0.444
0.441
0.445
0.449
0.446
0.443
0.442
0.443
0.443
0.445
0.454
0.461
0.465
0.468
0.445
0.449
0.459
0.46
0.469
0.458
0.456
0.45
0.45
0.457
0.459
0.468
0.45
0.454
0.45
0.447
0.453
0.46
0.455
0.459
0.466
0.455
0.456
0.455
0.449
0.447
0.444
0.445
0.443
0.445
0.446
0.436
0.448
0.448
0.444
0.437
0.434
0.437
0.445
0.44
0.44
0.438
0.436
0.435
0.438
0.446
0.435
0.434
0.439
0.442
0.44
0.439
0.459
0.443
0.448
0.446
0.452
0.456
0.442
0.446
0.453
0.442
0.44
0.439
0.441
0.441
0.441
0.452
0.458
0.445
0.438
0.443
0.443
0.443
0.446
0.446
0.446
0.444
0.451
0.453
0.445
0.443
0.453
0.442
0.456
0.436
0.436
0.44
0.439
0.438
0.442
0.444
0.442
0.445
0.438
0.443
0.453
0.461
0.451
0.45
0.447
0.438
0.444
0.446
0.448
0.438
0.437
0.447
0.449
0.44
0.438
0.437
0.44
0.437
0.438
0.441
0.43
0.434
0.433
0.445
0.445
0.435
0.436
0.432
0.438
0.435
0.429
0.439
0.442
0.437
0.427
0.434
0.434
0.429
0.434
0.428
0.447
0.439
0.434
0.429
0.431
0.433
0.424
0.429
0.429
0.422
0.429
0.433
0.427
0.426
0.42
0.43
0.431
0.438
0.431
0.432
0.432
0.423
0.415
0.424
0.418
0.428
0.42
0.418
0.425
0.425
0.425
0.42
0.411
0.416
0.413
0.423
0.432
0.418
0.413
0.422
0.412
0.415
0.41
0.415
0.412
0.406
0.407
0.414
0.418
0.427
0.423
0.421
0.425
0.424
0.418
0.409
0.417
0.418
0.427
0.433
0.425
0.427
0.437
0.429
0.432
0.429
0.423
0.416
0.423
0.438
0.432
0.428
0.423
0.432
0.432
0.428
0.426
0.43
0.427
0.43
0.424
0.427
0.425
0.424
0.432
0.436
0.434
0.426
0.43
0.429
0.427
0.434
0.429
0.427
0.428
0.427
0.424
0.437
0.431
0.425
0.424
0.433
0.423
0.426
0.423
0.424
0.428
0.427
0.42
0.426
0.426
0.424
0.427
0.432
0.438
0.425
0.423
0.425
0.433
0.425
0.426
0.422
0.432
0.433
0.426
0.423
0.428
0.422
0.424
0.428
0.423
0.423
0.42
0.428
0.437
0.428
0.429
0.422
0.431
0.425
0.433
0.427
0.427
0.437
0.434
0.443
0.439
0.436
0.434
0.427
0.431
0.434
0.428
0.438
0.43
0.437
0.434
0.417
0.423
0.418
0.423
0.426
0.417
0.413
0.415
0.417
0.417
0.41
0.411
0.414
0.415
0.413
0.406
0.414
0.413
0.419
0.403
0.408
0.41
0.412
0.405
0.414
0.408
0.41
0.413
0.418
0.419
0.416
0.409
0.416
0.418
0.414
0.421
0.413
0.413
0.423
0.414
0.421
0.414
0.417
0.41
0.419
0.411
0.412
0.417
0.413
0.417
0.408
0.413
0.409
0.409
0.403
0.404
0.41
0.412
0.403
0.412
0.413
0.404
0.401
0.411
0.406
0.41
0.402
0.412
0.412
0.414
0.404
0.408
0.413
0.408
0.41
0.404
0.402
0.405
0.411
0.404
0.395
0.403
0.41
0.404
0.403
0.403
0.412
0.409
0.41
0.41
0.413
0.409
0.4
0.404
0.401
0.407
0.413
0.415
0.407
0.4
0.404
0.401
0.402
0.407
0.409
0.407
0.401
0.405
0.405
0.395
0.4
0.409
0.412
0.407
0.401
0.394
0.41
0.405
0.411
0.401
0.401
0.405
0.4
0.399
0.404
0.401
0.408
0.406
0.413
0.412
0.403
0.399
0.402
0.401
0.406
0.402
0.407
0.4
0.402
0.399
0.406
0.399
0.413
0.406
0.398
0.404
0.401
0.41
0.409
0.41
0.402
0.401
0.41
0.412
0.411
0.42
0.414
0.42
0.416
0.418
0.416
0.414
0.409
0.422
0.424
0.415
0.42
0.418
0.417
0.42
0.413
0.422
0.428
0.422
0.413
0.415
0.418
0.413
0.427
0.431
0.429
0.427
0.437
0.425
0.416
0.425
0.424
0.414
0.42
0.415
0.419
0.426
0.436
0.431
0.415
0.425
0.415
0.414
0.422
0.429
0.43
0.418
0.427
0.422
0.421
0.414
0.413
0.425
0.421
0.412
0.423
0.415
0.411
0.421
0.415
0.415
0.417
0.427
0.421
0.414
0.424
0.422
0.419
0.426
0.416
0.423
0.426
0.422
0.427
0.427
0.424
0.429
0.436
0.434
0.428
0.428
0.424
0.432
0.429
0.422
0.426
0.435
0.43
0.433
0.43
0.439
0.436
0.432
0.428
0.431
0.441
0.43
0.424
0.436
0.444
0.436
0.426
0.429
0.44
0.437
0.44
0.438
0.431
0.427
0.429
0.438
0.444
0.436
0.426
0.426
0.433
0.427
0.423
0.428
0.419
0.429
0.425
0.421
0.427
0.421
0.422
0.419
0.426
0.435
0.427
0.432
0.427
0.423
0.432
0.43
0.424
0.419
0.416
0.422
0.412
0.419
0.422
0.42
0.423
0.424
0.42
0.426
0.419
0.426
0.419
0.425
0.426
0.428
0.422
0.431
0.43
0.425
0.447
0.443
0.43
0.44
0.44
0.434
0.429
0.437
0.431
0.44
0.43
0.432
0.424
0.433
0.425
0.431
0.438
0.438
0.433
0.431
0.424
0.428
0.421
0.425
0.435
0.428
0.428
0.42
0.43
0.43
0.432
0.438
0.441
0.437
0.432
0.427
0.426
0.44
0.436
0.432
0.429
0.44
0.436
0.427
0.433
0.425
0.432
0.433
0.424
0.439
0.43
0.433
0.443
0.435
0.436
0.427
0.439
0.432
0.434
0.443
0.445
0.438
0.429
0.432
0.43
0.437
0.437
0.427
0.423
0.427
0.429
0.428
0.42
0.426
0.436
0.434
0.432
0.426
0.423
0.428
0.423
0.425
0.426
0.42
0.43
0.426
0.434
0.426
0.425
0.426
0.419
0.436
0.428
0.418
0.418
0.421
0.416
0.421
0.421
0.421
0.418
0.415
0.421
0.42
0.415
0.413
0.422
0.422
0.415
0.421
0.426
0.435
0.421
0.416
0.419
0.426
0.435
0.422
0.414
0.425
0.418
0.418
0.423
0.419
0.416
0.418
0.417
0.427
0.425
0.418
0.418
0.427
0.417
0.411
0.42
0.422
0.417
0.425
0.425
0.417
0.421
0.414
0.426
0.427
0.424
0.433
0.425
0.423
0.415
0.423
0.417
0.424
0.418
0.424
0.433
0.439
0.432
0.426
0.428
0.422
0.427
0.422
0.425
0.425
0.424
0.425
0.421
0.426
0.424
0.43
0.434
0.435
0.432
0.433
0.427
0.424
0.422
0.426
0.423
0.421
0.426
0.42
0.426
0.423
0.414
0.424
0.433
0.432
0.43
0.422
0.422
0.419
0.426
0.422
0.431
0.425
0.432
0.433
0.431
0.424
0.421
0.426
0.419
0.425
0.424
0.422
0.432
0.423
0.427
0.427
0.422
0.436
0.434
0.433
0.436
0.427
0.429
0.425
0.427
0.428
0.423
0.434
0.439
0.435
0.431
0.427
0.43
0.432
0.427
0.43
0.432
0.44
0.43
0.421
0.426
0.419
0.429
0.429
0.419
0.423
0.422
0.43
0.431
0.437
0.427
0.423
0.418
0.433
0.428
0.426
0.434
0.444
0.436
0.435
0.431
0.436
0.441
0.448
0.438
0.442
0.435
0.44
0.438
0.446
0.452
0.45
0.449
0.448
0.454
0.446
0.444
0.453
0.445
0.444
0.441
0.449
0.454
0.447
0.444
0.439
0.443
0.44
0.438
0.433
0.427
0.436
0.431
0.427
0.432
0.433
0.43
0.433
0.43
0.426
0.429
0.425
0.426
0.432
0.424
0.432
0.423
0.425
0.434
0.438
0.426
0.417
0.419
0.424
0.417
0.423
0.424
0.416
0.422
0.429
0.424
0.431
0.431
0.433
0.432
0.426
0.424
0.428
0.431
0.44
0.419
0.426
0.434
0.433
0.427
0.431
0.438
0.439
0.434
0.437
0.437
0.43
0.424
0.433
0.422
0.431
0.422
0.436
0.435
0.428
0.432
0.438
0.43
0.426
0.425
0.42
0.42
0.421
0.418
0.417
0.422
0.423
0.413
0.426
0.418
0.423
0.419
0.426
0.433
0.414
0.427
0.425
0.422
0.431
0.437
0.438
0.435
0.429
0.425
0.423
0.437
0.442
0.431
0.437
0.437
0.438
0.438
0.432
0.427
0.436
0.43
0.439
0.435
0.431
0.429
0.424
0.424
0.429
0.426
0.427
0.424
0.432
0.439
0.431
0.423
0.43
0.428
0.424
0.421
0.426
0.43
0.427
0.419
0.418
0.421
0.42
0.415
0.42
0.422
0.431
0.421
0.417
0.428
0.423
0.423
0.418
0.418
0.425
0.42
0.428
0.429
0.422
0.429
0.432
0.424
0.431
0.438
0.44
0.431
0.432
0.43
0.438
0.433
0.424
0.421
0.43
0.43
0.425
0.434
0.431
0.423
0.432
0.438
0.443
0.435
0.433
0.425
0.445
0.441
0.434
0.425
0.428
0.422
0.422
0.43
0.424
0.419
0.427
0.42
0.423
0.427
0.428
0.422
0.424
