0.681
0.67
0.681
0.677
0.669
0.662
0.657
0.651
0.653
0.656
0.654
0.654
0.66
0.656
0.653
0.66
0.659
0.666
0.662
0.663
0.666
0.672
0.674
0.668
0.679
0.678
0.677
0.685
0.676
0.682
0.681
0.681
0.677
0.686
0.686
0.688
0.696
0.697
0.697
0.684
0.69
0.689
0.686
0.682
0.677
0.67
0.659
0.659
0.657
0.652
0.646
0.65
0.65
0.648
0.651
0.661
0.666
0.674
0.678
0.671
0.68
0.674
0.667
0.679
0.671
0.669
0.676
0.685
0.686
0.685
0.69
0.688
0.698
0.688
0.695
0.69
0.679
0.681
0.681
0.677
0.661
0.668
0.659
0.646
0.648
0.651
0.643
0.638
0.638
0.639
0.646
0.644
0.64
0.648
0.645
0.644
0.648
0.649
0.641
0.646
0.646
0.639
0.628
0.641
0.651
0.66
0.667
0.665
0.665
0.664
0.649
0.649
0.646
0.638
0.646
0.637
0.639
0.644
0.641
0.646
0.643
0.628
0.65
0.651
0.644
0.649
0.658
0.646
0.652
0.656
0.652
0.642
0.652
0.646
0.63
0.64
0.635
0.63
0.623
0.635
0.632
0.627
0.631
0.631
0.631
0.623
0.626
0.625
0.623
0.622
0.622
0.625
0.626
0.627
0.63
0.63
0.636
0.643
0.643
0.648
0.654
0.666
0.66
0.658
0.658
0.663
0.653
0.66
0.659
0.645
0.653
0.648
0.64
0.641
0.642
0.642
0.631
0.638
0.642
0.646
0.646
0.654
0.665
0.661
0.675
0.676
0.672
0.67
0.662
0.669
0.655
0.646
0.643
0.63
0.633
0.636
0.64
0.64
0.65
0.654
0.65
0.658
0.648
0.653
0.654
0.645
0.64
0.642
0.631
0.633
0.63
0.624
0.63
0.63
0.631
0.621
0.622
0.629
0.636
0.632
0.634
0.639
0.643
0.638
0.644
0.653
0.643
0.654
0.648
0.64
0.636
0.63
0.62
0.626
0.624
0.629
0.623
0.632
0.635
0.634
0.633
0.635
0.636
0.628
0.625
0.612
0.61
0.613
0.611
0.624
0.629
0.623
0.637
0.622
0.614
0.605
0.612
0.608
0.606
0.609
0.602
0.6
0.608
0.617
0.616
0.62
0.627
0.615
0.616
0.619
0.625
0.618
0.606
0.621
0.621
0.624
0.621
0.628
0.622
0.62
0.624
0.613
0.605
0.611
0.605
0.603
0.614
0.611
0.614
0.619
0.621
0.627
0.618
0.626
0.626
0.625
0.621
0.621
0.629
0.628
0.639
0.647
0.642
0.643
0.646
0.647
0.635
0.64
0.631
0.622
0.626
0.613
0.604
0.611
0.61
0.621
0.611
0.62
0.626
0.618
0.615
0.622
0.619
0.616
0.625
0.617
0.608
0.614
0.609
0.601
0.61
0.613
0.61
0.61
0.615
0.621
0.618
0.627
0.63
0.621
0.628
0.621
0.616
0.619
0.607
0.606
0.603
0.597
0.601
0.595
0.584
0.59
0.589
0.588
0.583
0.579
0.588
0.576
0.574
0.575
0.575
0.569
0.573
0.572
0.567
0.575
0.575
0.572
0.576
0.578
0.571
0.58
0.579
0.576
0.571
0.583
0.58
0.583
0.577
0.583
0.587
0.59
0.587
0.598
0.599
0.597
0.605
0.604
0.599
0.605
0.602
0.599
0.599
0.601
0.591
0.591
0.598
0.597
0.594
0.595
0.597
0.592
0.591
0.598
0.6
0.592
0.593
0.593
0.587
0.585
0.587
0.582
0.579
0.58
0.588
0.584
0.591
0.591
0.587
0.579
0.589
0.585
0.586
0.573
0.586
0.58
0.578
0.585
0.59
0.593
0.6
0.607
0.604
0.616
0.612
0.603
0.604
0.603
0.602
0.593
0.586
0.586
0.582
0.572
0.581
0.584
0.589
0.58
0.576
0.578
0.582
0.575
0.582
0.585
0.583
0.593
0.586
0.592
0.582
0.592
0.593
0.592
0.591
0.595
0.597
0.589
0.594
0.592
0.591
0.582
0.587
0.587
0.594
0.585
0.598
0.608
0.6
0.603
0.603
0.598
0.604
0.599
0.592
0.59
0.582
0.604
0.613
0.606
0.618
0.619
0.604
0.611
0.604
0.589
0.602
0.6
0.6
0.591
0.6
0.608
0.6
0.604
0.599
0.586
0.589
0.587
0.589
0.587
0.592
0.6
0.604
0.61
0.617
0.617
0.625
0.63
0.619
0.622
0.621
0.612
0.612
0.615
0.613
0.607
0.614
0.604
0.595
0.598
0.591
0.591
0.582
0.584
0.586
0.587
0.583
0.593
0.584
0.582
0.593
0.592
0.59
0.579
0.589
0.583
0.579
0.582
0.581
0.582
0.574
0.588
0.591
0.585
0.588
0.592
0.59
0.584
0.584
0.58
0.579
0.573
0.578
0.574
0.579
0.567
0.579
0.584
0.579
0.579
0.582
0.579
0.585
0.575
0.584
0.58
0.58
0.576
0.577
0.575
0.581
0.579
0.578
0.586
0.589
0.593
0.579
0.59
0.587
0.574
0.581
0.581
0.573
0.572
0.582
0.574
0.581
0.589
0.586
0.586
0.592
0.592
0.584
0.579
0.583
0.583
0.576
0.577
0.577
0.575
0.566
0.571
0.571
0.571
0.571
0.561
0.562
0.564
0.569
0.572
0.579
0.585
0.587
0.592
0.588
0.587
0.591
0.586
0.575
0.587
0.581
0.572
0.568
0.57
0.57
0.563
0.56
0.565
0.56
0.571
0.565
0.561
0.564
0.567
0.566
0.559
0.55
0.552
0.564
0.563
0.56
0.554
0.56
0.56
0.552
0.547
0.549
0.55
0.543
0.551
0.549
0.544
0.553
0.552
0.552
0.549
0.56
0.556
0.551
0.553
0.557
0.55
0.558
0.555
0.563
0.561
0.559
0.557
0.568
0.561
0.565
0.564
0.57
0.565
0.563
0.568
0.57
0.564
0.561
0.564
0.567
0.558
0.566
0.565
0.558
0.564
0.566
0.578
0.57
0.574
0.568
0.575
0.572
0.565
0.567
0.566
0.563
0.559
0.562
0.557
0.555
0.562
0.563
0.559
0.564
0.57
0.57
0.567
0.573
0.57
0.568
0.564
0.567
0.562
0.551
0.563
0.558
0.554
0.556
0.553
0.543
0.548
0.548
0.553
0.551
0.553
0.557
0.558
0.56
0.555
0.556
0.563
0.553
0.558
0.555
0.546
0.552
0.556
0.549
0.561
0.56
0.555
0.551
0.559
0.557
0.555
0.552
0.56
0.558
0.558
0.548
0.557
0.554
0.551
0.55
0.548
0.547
0.547
0.551
0.546
0.546
0.553
0.546
0.546
0.545
0.545
0.543
0.538
0.539
0.537
0.541
0.537
0.545
0.542
0.547
0.554
0.558
0.561
0.561
0.571
0.567
0.571
0.564
0.562
0.558
0.558
0.567
0.566
0.56
0.561
0.574
0.563
0.568
0.574
0.571
0.579
0.571
0.571
0.569
0.569
0.569
0.564
0.561
0.564
0.562
0.554
0.562
0.568
0.561
0.565
0.563
0.571
0.572
0.58
0.572
0.572
0.581
0.577
0.57
0.578
0.586
0.574
0.574
0.57
0.559
0.56
0.561
0.549
0.552
0.548
0.538
0.553
0.565
0.56
0.571
0.583
0.577
0.581
0.572
0.565
0.575
0.575
0.572
0.566
0.578
0.576
0.568
0.563
0.564
0.565
0.553
0.564
0.563
0.553
0.563
0.558
0.556
0.553
0.562
0.559
0.555
0.556
0.555
0.558
0.552
0.552
0.555
0.553
0.549
0.544
0.553
0.55
0.553
0.551
0.542
0.552
0.547
0.55
0.552
0.563
0.559
0.56
0.556
0.546
0.555
0.56
0.553
0.547
0.556
0.558
0.556
0.562
0.563
0.559
0.57
0.562
0.564
0.554
0.56
0.565
0.559
0.549
0.555
0.567
0.557
0.544
0.554
0.552
0.562
0.561
0.551
0.558
0.56
0.563
0.555
0.562
0.563
0.566
0.567
0.575
0.576
0.571
0.557
0.576
0.579
0.575
0.577
0.576
0.571
0.576
0.574
0.569
0.573
0.58
0.573
0.563
0.573
0.565
0.569
0.56
0.564
0.565
0.559
0.565
0.562
0.562
0.559
0.563
0.564
0.561
0.56
0.564
0.563
0.556
0.556
0.558
0.553
0.556
0.564
0.562
0.563
0.56
0.562
0.561
0.554
0.561
0.558
0.548
0.557
0.558
0.56
0.554
0.565
0.563
0.557
0.562
0.562
0.555
0.561
0.559
0.553
0.554
0.551
0.556
0.56
0.554
0.562
0.563
0.564
0.56
0.564
0.562
0.567
0.564
0.574
0.566
0.567
0.555
0.568
0.562
0.563
0.556
0.563
0.56
0.555
0.56
0.56
0.559
0.561
0.555
0.56
0.559
0.551
0.556
0.544
0.553
0.549
0.542
0.549
0.549
0.551
0.55
0.554
0.554
0.545
0.554
0.555
0.556
0.552
0.552
0.56
0.555
0.55
0.561
0.555
0.557
0.549
0.555
0.552
0.551
0.542
0.547
0.551
0.544
0.542
0.548
0.544
0.545
0.544
0.535
0.545
0.542
0.548
0.545
0.547
0.554
0.556
0.55
0.559
0.554
0.552
0.546
0.552
0.548
0.544
0.546
0.541
0.552
0.553
0.548
0.545
0.549
0.549
0.553
0.555
0.544
0.541
0.553
0.563
0.554
0.561
0.555
0.561
0.558
0.555
0.553
0.55
0.551
0.543
0.545
0.546
0.54
0.537
0.546
0.54
0.536
0.55
0.55
0.558
0.551
0.543
0.555
0.544
0.54
0.543
0.535
0.528
0.529
0.531
0.527
0.523
0.527
0.525
0.518
0.525
0.526
0.522
0.521
0.534
0.522
0.517
0.523
0.527
0.522
0.525
0.524
0.529
0.527
0.523
0.523
0.531
0.522
0.526
0.53
0.522
0.526
0.532
0.536
0.525
0.537
0.53
0.537
0.526
0.537
0.531
0.521
0.528
0.532
0.538
0.535
0.529
0.536
0.532
0.529
0.531
0.526
0.528
0.52
0.529
0.522
0.52
0.516
0.525
0.521
0.523
0.522
0.521
0.519
0.527
0.525
0.526
0.524
0.526
0.522
0.519
0.523
0.522
0.532
0.533
0.533
0.537
0.544
0.543
0.541
0.553
0.553
0.555
0.563
0.564
0.563
0.565
0.564
0.561
0.559
0.558
0.552
0.558
0.552
0.548
0.553
0.556
0.547
0.573
0.573
0.579
0.582
0.568
0.57
0.567
0.555
0.563
0.558
0.552
0.556
0.553
0.55
0.549
0.55
0.55
0.557
0.547
0.56
0.555
0.552
0.545
0.553
0.559
0.554
0.554
0.545
0.545
0.547
0.54
0.533
0.543
0.534
0.535
0.532
0.538
0.535
0.537
0.53
0.54
0.538
0.532
0.539
0.539
0.541
0.545
0.543
0.593
0.597
0.595
0.592
0.584
0.58
0.572
0.574
0.569
0.581
0.575
0.577
0.581
0.572
0.582
0.588
0.587
0.586
0.588
0.584
0.587
0.581
0.576
0.588
0.582
0.577
0.59
0.581
0.586
0.583
0.578
0.587
0.585
0.58
0.59
0.591
0.586
0.591
0.586
0.583
0.588
0.583
0.578
0.585
0.581
0.579
0.571
0.58
0.577
0.571
0.576
0.577
0.576
0.575
0.572
0.576
0.572
0.565
0.561
0.57
0.558
0.564
0.56
0.561
0.563
0.56
0.553
0.561
0.572
0.559
0.566
0.556
0.563
0.566
0.561
0.567
0.562
0.563
0.55
0.554
0.551
0.548
0.549
0.551
0.546
0.553
0.552
0.551
0.544
0.547
0.536
0.549
0.543
0.549
0.55
0.542
0.536
0.542
0.543
0.534
0.534
0.537
0.543
0.54
0.539
0.545
0.544
0.541
0.545
0.542
0.54
0.539
0.549
0.541
0.547
0.549
0.548
0.546
0.552
0.555
0.555
0.552
0.543
0.554
0.546
0.537
0.543
0.538
0.541
0.536
0.538
0.542
0.536
0.533
0.539
0.539
0.527
0.529
0.54
0.533
0.538
0.533
0.54
0.538
0.545
0.535
0.541
0.537
0.539
0.528
0.53
0.536
0.529
0.521
0.532
0.522
0.528
0.519
0.525
0.524
0.531
0.525
0.514
0.523
0.518
0.526
0.521
0.524
0.517
0.526
0.521
0.523
0.523
0.516
0.515
0.524
0.521
0.516
0.517
0.526
0.518
0.517
0.514
0.523
0.521
0.518
0.517
0.521
0.522
0.513
0.521
0.521
0.514
0.521
0.519
0.514
0.508
0.519
0.517
0.517
0.524
0.519
0.516
0.521
0.52
0.512
0.511
0.516
0.515
0.523
0.52
0.517
0.52
0.519
0.52
0.515
0.522
0.515
0.521
0.514
0.52
0.516
0.512
0.519
0.521
0.511
0.521
0.528
0.524
0.519
0.532
0.533
0.539
0.535
0.524
0.532
0.523
0.534
0.531
0.531
0.521
0.533
0.534
0.525
0.525
0.528
0.526
0.518
0.528
0.527
0.517
0.529
0.52
0.524
0.53
0.521
0.519
0.528
0.521
0.531
0.523
0.532
0.529
0.531
0.535
0.536
0.529
0.535
0.537
0.535
0.531
0.537
0.533
0.523
0.533
0.529
0.521
0.522
0.534
0.526
0.529
0.53
0.536
0.53
0.525
0.534
0.521
0.534
0.529
0.524
0.529
0.535
0.526
0.522
0.528
0.531
0.518
0.523
0.524
0.522
0.525
0.527
0.523
0.524
0.533
0.532
0.531
0.541
0.538
0.538
0.545
0.548
0.54
0.539
0.548
0.542
0.536
0.545
0.532
0.531
0.533
0.544
0.531
0.54
0.537
0.544
0.541
0.535
0.529
0.54
0.527
0.532
0.536
0.544
0.538
0.546
0.543
0.55
0.543
0.531
0.535
0.538
0.539
0.538
0.534
0.532
0.537
0.536
0.542
0.532
0.533
0.533
0.528
0.529
0.534
0.529
0.533
0.532
0.528
0.539
0.531
0.53
0.534
0.534
0.521
0.532
0.529
0.536
0.539
0.533
0.545
0.542
0.538
0.54
0.546
0.538
0.539
0.536
0.527
0.534
0.528
0.521
0.53
0.54
0.534
0.542
0.535
0.525
0.535
0.531
0.533
0.526
0.533
0.531
0.53
0.526
0.527
0.533
0.533
0.537
0.54
0.536
0.544
0.532
0.54
0.531
0.542
0.538
0.525
0.531
0.524
0.516
0.535
0.533
0.532
0.531
0.532
0.533
0.52
0.533
0.536
0.544
0.542
0.54
0.543
0.553
0.546
0.536
0.541
0.545
0.537
0.55
0.549
0.548
0.544
0.556
0.556
0.553
0.555
0.551
0.548
0.549
0.552
0.542
0.547
0.556
0.55
0.549
0.549
0.553
0.55
0.544
0.542
0.552
0.544
0.545
0.547
0.548
0.543
0.548
0.549
0.536
0.525
0.532
0.548
0.55
0.551
0.557
0.556
0.562
0.556
0.547
0.554
0.548
0.546
0.55
0.548
0.55
0.548
0.555
0.552
0.546
0.558
0.553
0.543
0.544
0.549
0.547
0.537
0.547
0.536
0.546
0.545
0.547
0.54
0.546
0.545
0.539
0.543
0.539
0.542
0.545
0.539
0.543
0.548
0.547
0.543
0.551
0.551
0.554
0.553
0.549
0.547
0.548
0.542
0.539
0.541
0.538
0.54
0.538
0.533
0.535
0.527
0.538
0.531
0.524
0.534
0.532
0.531
0.541
0.53
0.542
0.535
0.529
0.532
0.531
0.532
0.522
0.528
0.522
0.531
0.533
0.526
0.521
0.531
0.526
0.53
0.521
0.533
0.525
0.533
0.522
0.519
0.537
0.535
0.547
0.535
0.546
0.537
0.537
0.533
0.541
0.535
0.528
0.537
0.531
0.527
0.521
0.53
0.522
0.526
0.53
0.526
0.521
0.525
0.527
0.515
0.512
0.524
0.527
0.512
0.501
0.511
0.513
0.51
0.507
0.511
0.515
0.518
0.507
0.516
0.522
0.518
0.527
0.527
0.532
0.531
0.527
0.54
0.536
0.527
0.535
0.535
0.536
0.538
0.54
0.537
0.549
0.543
0.542
0.546
0.548
0.547
0.536
0.549
0.543
0.544
0.537
0.544
0.545
0.545
0.538
0.544
0.546
0.545
0.545
0.542
0.536
0.547
0.542
0.541
0.533
0.543
0.539
0.538
0.549
0.544
0.54
0.546
0.545
0.55
0.543
0.555
0.548
0.548
0.549
0.544
0.545
0.542
0.538
0.537
0.546
0.534
0.534
0.545
0.532
0.525
0.534
0.525
0.525
0.53
0.534
0.536
0.539
0.543
0.552
0.548
0.547
0.55
0.549
0.552
0.561
0.565
0.565
0.563
0.556
0.56
0.561
0.56
0.557
0.561
0.562
0.559
0.569
0.565
0.567
0.567
0.57
0.573
0.574
0.567
0.575
0.571
0.576
0.575
0.567
0.572
0.571
0.574
0.565
0.564
0.563
0.569
0.559
0.56
0.562
0.555
0.562
0.558
0.553
0.563
0.56
0.554
0.564
0.563
0.561
0.563
0.565
0.56
0.563
0.563
0.559
0.563
0.563
0.557
0.561
0.561
0.557
0.558
0.552
0.562
0.567
0.569
0.563
0.571
0.568
0.565
0.568
0.572
0.56
0.568
0.566
0.563
0.565
0.587
0.59
0.584
0.582
0.584
0.605
0.608
0.596
0.606
0.607
0.605
0.604
0.604
0.592
0.592
0.583
0.583
0.583
0.572
0.574
0.568
0.57
0.562
0.563
0.562
0.56
0.566
0.563
0.562
0.561
0.554
0.558
0.551
0.558
0.553
0.545
0.557
0.549
0.559
0.563
0.566
0.571
0.576
0.572
0.582
0.581
0.578
0.584
0.575
0.581
0.575
0.57
0.57
0.576
0.572
0.57
0.58
0.575
0.581
0.581
0.582
0.585
0.585
0.586
0.585
0.578
0.588
0.582
0.581
0.587
0.581
0.586
0.583
0.581
0.58
0.58
0.578
0.575
0.577
0.573
0.568
0.57
0.575
0.575
0.581
0.574
0.591
0.596
0.594
0.584
0.586
0.582
0.583
0.591
0.585
0.596
0.597
0.606
0.595
0.595
0.604
0.595
0.592
0.593
0.586
0.588
0.584
0.575
0.584
0.58
0.574
0.584
0.586
0.584
0.587
0.587
0.582
0.589
0.578
0.591
0.591
0.585
0.593
0.594
0.59
0.597
0.595
0.594
0.598
0.592
0.595
0.596
0.587
0.595
0.589
0.608
0.612
0.616
0.605
0.599
0.603
0.613
0.612
0.599
0.598
0.593
0.589
0.589
0.586
0.589
0.591
0.586
0.594
0.59
0.588
0.585
0.585
0.591
0.589
0.587
0.589
0.587
0.585
0.593
0.598
0.598
0.593
0.581
0.585
0.584
0.579
0.572
0.57
0.582
0.582
0.577
0.574
0.569
0.579
0.588
0.589
0.586
0.596
0.586
0.586
0.583
0.576
0.581
0.571
0.577
0.576
0.568
0.577
0.573
0.573
0.581
0.579
0.574
0.578
0.583
0.575
0.581
0.578
0.587
0.582
0.577
0.582
0.581
0.59
0.582
0.579
0.585
0.59
0.578
0.582
0.58
0.574
0.576
0.574
0.579
0.588
0.581
0.575
0.586
0.58
0.57
0.581
0.58
0.568
0.58
0.575
0.568
0.571
0.577
0.583
0.573
0.579
0.585
0.571
0.593
0.588
0.586
0.589
0.575
0.584
0.579
0.574
0.575
0.569
0.574
0.573
0.567
0.574
0.569
0.57
0.58
0.572
0.579
0.578
0.572
0.583
0.578
0.57
0.577
0.578
0.565
0.574
0.57
0.563
0.569
0.563
0.559
0.564
0.563
0.566
0.567
0.561
0.565
0.565
0.561
0.563
0.564
0.563
0.567
0.565
0.57
0.568
0.565
0.576
0.575
0.569
0.579
0.579
0.577
0.582
0.582
0.581
0.578
0.584
0.573
0.579
0.575
0.571
0.578
0.579
0.581
0.58
0.589
0.582
0.587
0.589
0.578
0.585
0.58
0.577
0.581
0.587
0.584
0.582
0.581
0.587
0.592
0.586
0.587
0.59
0.577
0.583
0.579
0.574
0.587
0.582
0.582
0.586
0.579
0.592
0.589
0.583
0.591
0.587
0.589
0.587
0.584
0.589
0.587
0.579
0.585
0.579
0.585
0.584
0.579
0.582
0.584
0.581
0.585
0.578
0.579
0.583
0.584
0.586
0.573
0.577
0.584
0.573
0.574
0.584
0.587
0.593
0.581
0.587
0.582
0.579
0.583
0.58
0.582
0.584
0.582
0.585
0.582
0.577
0.576
0.58
0.579
0.579
0.572
0.575
0.582
0.57
0.582
0.581
0.582
0.58
0.578
0.585
0.577
0.58
0.571
0.58
0.577
0.575
0.579
0.575
0.58
0.579
0.574
0.577
0.572
0.573
0.575
0.573
0.564
0.568
0.568
0.569
0.575
0.568
0.579
0.577
0.578
0.578
0.575
0.586
0.583
0.587
0.583
0.583
0.59
0.583
0.581
0.586
0.579
0.588
0.581
0.579
0.569
0.576
0.575
0.566
0.574
0.572
0.566
0.569
0.568
0.568
0.572
0.564
0.573
0.569
0.57
0.568
0.567
0.569
0.567
0.555
0.568
0.563
0.561
0.557
0.563
0.561
0.564
0.568
0.561
0.567
0.563
0.57
0.572
0.574
0.57
0.576
0.569
0.576
0.571
0.566
0.554
0.57
0.564
0.574
0.575
0.572
0.575
0.583
0.58
0.566
0.574
0.563
0.573
0.559
0.559
0.561
0.563
0.567
0.56
0.564
0.563
0.566
0.563
0.563
0.563
0.559
0.559
0.561
0.556
0.557
0.561
0.562
0.552
0.561
0.565
0.562
0.564
0.562
0.568
0.564
0.556
0.559
0.561
0.556
0.559
0.569
0.56
0.554
0.565
0.561
0.562
0.561
0.561
0.564
0.555
0.568
0.569
0.568
0.569
0.566
0.562
0.562
0.562
0.554
0.545
0.556
0.552
0.55
0.545
0.546
0.548
0.546
0.559
0.555
0.561
0.552
0.554
0.553
0.547
0.549
0.548
0.539
0.53
0.537
0.532
0.535
0.539
0.531
0.532
0.532
0.536
0.526
0.521
0.533
0.534
0.541
0.538
0.536
0.532
0.536
0.537
0.529
0.538
0.534
0.533
0.529
0.54
0.534
0.526
0.534
0.539
0.53
0.531
0.536
0.533
0.533
0.527
0.537
0.536
0.528
0.536
0.532
0.527
0.526
0.538
0.528
0.523
0.536
0.533
0.527
0.531
0.531
0.521
0.529
0.522
0.529
0.529
0.526
0.519
0.526
0.524
0.522
0.518
0.522
0.519
0.516
0.516
0.52
0.52
0.516
0.524
0.526
0.523
0.522
0.534
0.536
0.532
0.527
0.534
0.531
0.525
0.533
0.523
0.531
0.518
0.53
0.521
0.524
0.516
0.523
0.517
0.511
0.516
0.521
0.52
0.522
0.52
0.522
0.524
0.519
0.525
0.527
0.52
0.518
0.527
0.524
0.517
0.525
0.522
0.521
0.519
0.525
0.517
0.518
0.522
0.522
0.522
0.516
0.526
0.521
0.521
0.519
0.524
0.519
0.522
0.518
0.52
0.519
0.512
0.518
0.519
0.521
0.511
0.521
0.522
0.521
0.509
0.517
0.521
0.531
0.518
0.523
0.522
0.523
0.515
0.526
0.521
0.516
0.527
0.52
0.513
0.518
0.518
0.515
0.51
0.516
0.513
0.516
0.518
0.51
0.516
0.515
0.518
0.513
0.515
0.523
0.521
0.517
0.522
0.53
0.527
0.521
0.535
0.529
0.541
0.53
0.528
0.53
0.528
0.521
0.534
0.527
0.524
0.526
0.532
0.532
0.531
0.534
0.538
0.536
0.542
0.538
0.543
0.531
0.546
0.536
0.547
0.544
0.547
0.546
0.538
0.545
0.536
0.542
0.536
0.538
0.529
0.54
0.537
0.532
0.54
0.54
0.539
0.541
0.539
0.541
0.544
0.545
0.545
0.539
0.544
0.546
0.534
0.546
0.535
0.538
0.543
0.534
0.536
0.535
0.53
0.539
0.533
0.531
0.538
0.533
0.53
0.523
0.526
0.528
0.53
0.528
0.538
0.535
0.533
0.535
0.535
0.534
0.535
0.528
0.54
0.534
0.533
0.536
0.534
0.541
0.54
0.549
0.545
0.547
0.543
0.55
0.556
0.551
0.556
0.551
0.551
0.55
0.544
0.551
0.546
0.54
0.549
0.543
0.543
0.544
0.54
0.544
0.544
0.544
0.548
0.548
0.554
0.557
0.555
0.554
0.553
0.553
0.548
0.554
0.552
0.549
0.553
0.555
0.55
0.551
0.553
0.551
0.552
0.551
0.556
0.556
0.552
0.558
0.55
0.549
0.553
0.549
0.541
0.55
0.549
0.542
0.548
0.547
0.536
0.543
0.541
0.541
0.543
0.544
0.545
0.547
0.543
0.552
0.549
0.545
0.552
0.548
0.544
0.55
0.549
0.544
0.549
0.552
0.554
0.554
0.55
0.555
0.553
0.548
0.556
0.552
0.551
0.556
0.561
0.548
0.559
0.555
0.55
0.554
0.557
0.548
0.557
0.557
0.554
0.555
0.553
0.548
0.556
0.559
0.553
0.558
0.558
0.557
0.556
0.557
0.563
0.562
0.561
0.558
0.562
0.563
0.559
0.564
0.564
0.557
0.56
0.563
0.558
0.561
0.558
0.563
0.563
0.559
0.564
0.569
0.567
0.569
0.577
0.565
0.576
0.575
0.564
0.572
0.572
0.563
0.568
0.564
0.57
0.57
0.569
0.567
0.568
0.565
0.569
0.57
0.573
0.576
0.563
0.569
0.566
0.566
0.566
0.563
0.569
0.572
0.559
0.558
0.563
0.561
0.57
0.567
0.563
0.565
0.564
0.566
0.569
0.567
0.576
0.573
0.578
0.578
0.577
0.579
0.572
0.581
0.576
0.578
0.574
0.572
0.575
0.573
0.57
0.571
0.573
0.571
0.575
0.567
0.574
0.568
0.563
0.565
0.558
0.565
0.562
0.563
0.571
0.575
0.571
0.578
0.573
0.578
0.575
0.567
0.573
0.567
0.571
0.568
0.564
0.567
0.563
0.561
0.563
0.561
0.559
0.559
0.554
0.561
0.563
0.559
0.561
0.559
0.562
0.563
0.555
0.567
0.564
0.569
0.568
0.563
0.564
0.558
0.568
0.564
0.562
0.563
0.567
0.559
0.564
0.567
0.563
0.564
0.563
0.571
0.57
0.567
0.573
0.57
0.57
0.571
0.567
0.573
0.567
0.568
0.57
0.563
0.573
0.57
0.565
0.568
0.566
0.569
0.568
0.562
0.57
0.566
0.566
0.57
0.572
0.569
0.571
0.565
0.564
0.56
0.563
0.568
0.562
0.561
0.551
0.543
0.569
0.562
0.568
0.565
0.568
0.561
0.562
0.555
0.551
0.553
0.548
0.539
0.552
0.547
0.544
0.552
0.558
0.563
0.559
0.565
0.558
0.566
0.556
0.562
0.548
0.557
0.563
0.555
0.558
0.548
0.559
0.549
0.547
0.55
0.549
0.543
0.551
0.541
0.543
0.545
0.541
0.544
0.539
0.542
0.544
0.541
0.535
0.537
0.539
0.533
0.535
0.535
0.536
0.534
0.539
0.538
0.54
0.538
0.536
0.539
0.544
0.539
0.538
0.544
0.549
0.544
0.543
0.548
0.546
0.547
0.538
0.546
0.547
0.545
0.547
0.544
0.55
0.548
0.553
0.551
0.55
0.557
0.553
0.553
0.555
0.553
0.551
0.554
0.547
0.548
0.547
0.544
0.547
0.54
0.547
0.543
0.533
0.538
0.539
0.527
0.538
0.534
0.532
0.528
0.536
0.523
0.521
0.533
0.527
0.535
0.527
0.537
0.538
0.53
0.535
0.529
0.53
0.526
0.528
0.524
0.523
0.524
0.521
0.514
0.521
0.513
0.524
0.521
0.509
0.516
0.521
0.519
0.51
0.517
0.519
0.523
0.521
0.521
0.528
0.523
0.517
0.527
0.522
0.519
0.518
0.521
0.516
0.517
0.516
0.521
0.519
0.521
0.52
0.513
0.525
0.526
0.517
0.527
0.52
0.532
0.521
0.531
0.525
0.536
0.533
0.522
0.535
0.538
0.53
0.529
0.534
0.523
0.531
0.537
0.533
0.529
0.534
0.528
0.521
0.528
0.523
0.521
0.522
0.518
0.515
0.52
0.518
0.517
0.519
0.518
0.517
0.519
0.52
0.517
0.517
0.518
0.518
0.512
0.532
0.528
0.534
0.534
0.529
0.535
0.536
0.528
0.537
0.538
0.533
0.527
0.533
0.533
0.521
0.53
0.523
0.532
0.527
0.523
0.529
0.525
0.533
0.529
0.529
0.532
0.532
0.537
0.531
0.538
0.535
0.536
0.534
0.528
0.532
0.532
0.526
0.522
0.533
0.531
0.52
0.527
0.521
0.518
0.523
0.526
0.521
0.523
0.525
0.526
0.527
0.531
0.526
0.527
0.531
0.537
0.524
0.528
0.523
0.528
0.527
0.525
0.521
0.528
0.517
0.527
0.529
0.536
0.527
0.535
0.531
0.524
0.534
0.522
0.528
0.528
0.523
0.527
0.532
0.526
0.528
0.532
0.531
0.529
0.538
0.535
0.53
0.542
0.544
0.544
0.537
0.541
0.547
0.535
0.54
0.54
0.544
0.542
0.538
0.543
0.538
0.541
0.54
0.541
0.537
0.539
0.537
0.538
0.537
0.54
0.534
0.541
0.541
0.548
0.539
0.549
0.545
0.537
0.546
0.539
0.532
0.542
0.536
0.533
0.546
0.535
0.536
0.537
0.537
0.528
0.536
0.531
0.539
0.535
0.533
0.529
0.54
0.536
0.535
0.533
0.535
0.533
0.531
0.536
0.535
0.535
0.525
0.535
0.538
0.539
0.539
0.536
0.535
0.54
0.534
0.53
0.532
0.528
0.527
0.528
0.524
0.525
0.525
0.525
0.525
0.531
0.535
0.534
0.53
0.536
0.538
0.525
0.537
0.527
0.526
0.527
0.518
0.528
0.526
0.52
0.529
0.534
0.527
0.526
0.532
0.527
0.528
0.532
0.526
0.532
0.528
0.535
0.534
0.54
0.538
0.538
0.54
0.538
0.541
0.541
0.528
0.539
0.533
0.545
0.537
0.54
0.541
0.537
0.542
0.541
0.539
0.542
0.54
0.545
0.545
0.546
0.55
0.55
0.549
0.553
0.549
0.552
0.55
0.555
0.559
0.552
0.558
0.558
0.557
0.559
0.555
0.561
0.556
0.554
0.554
0.554
0.55
0.547
0.548
0.549
0.543
0.549
0.544
0.545
0.542
0.542
0.539
0.538
0.537
0.536
0.539
0.529
0.533
0.527
0.535
0.535
0.537
0.527
0.535
0.531
0.527
0.527
0.525
0.519
0.524
0.518
0.521
0.522
0.521
0.529
0.522
0.529
0.529
0.526
0.533
0.541
0.537
0.541
0.531
0.53
0.536
0.528
0.533
0.525
0.533
0.537
0.536
0.543
0.544
0.55
0.549
0.549
0.548
0.547
0.55
0.551
0.545
0.548
0.542
0.545
0.534
0.542
0.538
0.538
0.544
0.535
0.541
0.541
0.536
0.547
0.543
0.545
0.545
0.544
0.548
0.547
0.542
0.544
0.534
0.541
0.539
0.537
0.53
0.539
0.534
0.533
0.54
0.539
0.532
0.544
0.536
0.533
0.543
0.534
0.532
0.532
0.534
0.533
0.534
0.526
0.533
0.525
0.526
0.528
0.529
0.527
0.537
0.536
0.545
0.548
0.543
0.544
0.546
0.544
0.544
0.543
0.543
0.54
0.542
0.537
0.539
0.532
0.542
0.536
0.531
0.539
0.535
0.529
0.534
0.536
0.528
0.534
0.534
0.524
0.536
0.532
0.53
0.534
0.532
0.538
0.535
0.53
0.541
0.538
0.538
0.536
0.531
0.537
0.534
0.541
0.535
0.543
0.535
0.54
0.535
0.537
0.543
0.544
0.539
0.549
0.541
0.533
0.538
0.539
0.529
0.532
0.53
0.528
0.536
0.533
0.534
0.545
0.542
0.543
0.544
0.541
0.548
0.541
0.543
0.534
0.539
0.531
0.528
0.536
0.545
0.541
0.547
0.539
0.541
0.54
0.54
0.533
0.528
0.534
0.534
0.532
0.534
0.538
0.534
0.535
0.533
0.537
0.533
0.538
0.537
0.529
0.538
0.536
0.536
0.536
0.53
0.535
0.534
0.532
0.532
0.529
0.534
0.529
0.531
0.527
0.532
0.526
0.529
0.531
0.53
0.534
0.531
0.538
0.531
0.534
0.536
0.532
0.532
0.53
0.528
0.532
0.521
0.533
0.521
0.527
0.528
0.521
0.533
0.527
0.529
0.533
0.534
0.522
0.534
0.523
0.53
0.527
0.521
0.53
0.522
0.527
0.527
0.518
0.529
0.521
0.525
0.522
0.518
0.527
0.524
0.527
0.524
0.519
0.528
0.523
0.53
0.527
0.533
0.531
0.529
0.533
0.531
0.535
0.53
0.524
0.532
0.533
0.529
0.533
0.53
0.525
0.531
0.532
0.528
0.54
0.534
0.534
0.534
0.533
0.539
0.541
0.531
0.539
0.528
0.536
0.532
0.534
0.529
0.527
0.529
0.524
0.53
0.534
0.527
0.539
0.538
0.542
0.544
0.546
0.537
0.547
0.545
0.55
0.543
0.542
0.54
0.542
0.535
0.54
0.538
0.544
0.541
0.54
0.542
0.544
0.548
0.545
0.537
0.547
0.541
0.544
0.543
0.541
0.542
0.54
0.544
0.543
0.544
0.541
0.546
0.545
0.536
0.544
0.533
0.542
0.538
0.537
0.538
0.537
0.545
0.543
0.543
0.549
0.541
0.55
0.544
0.539
0.532
0.535
0.542
0.539
0.548
0.537
0.55
0.544
0.541
0.54
0.538
0.539
0.538
0.534
0.538
0.538
0.531
0.521
0.521
0.528
0.526
0.522
0.527
0.521
0.522
0.524
0.522
0.526
0.527
0.521
0.53
0.523
0.527
0.521
0.526
0.519
0.523
0.52
0.518
0.523
0.524
0.52
0.526
0.522
0.526
0.523
0.526
0.524
0.522
0.524
0.526
0.52
0.527
0.525
0.525
0.523
0.525
0.524
0.521
0.522
0.523
0.514
0.521
0.516
0.521
0.515
0.519
0.514
0.51
0.514
0.512
0.512
0.513
0.511
0.516
0.514
0.508
0.519
0.516
0.509
0.517
0.516
0.511
0.518
0.514
0.515
0.518
0.516
0.511
0.521
0.513
0.513
0.511
0.506
0.507
0.497
0.497
0.486
0.493
0.485
0.481
0.483
0.48
0.476
0.471
0.469
0.474
0.463
0.462
0.464
0.457
0.455
0.449
0.44
0.444
0.438
0.438
0.431
0.438
0.43
0.435
0.438
0.445
0.447
0.451
0.457
0.46
0.457
0.453
0.461
0.459
0.469
0.46
0.466
0.467
0.469
0.466
0.471
0.473
0.464
0.474
0.468
0.477
0.487
0.495
0.489
0.495
0.506
0.505
0.499
0.5
0.507
0.506
0.506
0.515
0.511
0.521
0.522
0.521
0.528
0.531
0.524
0.525
0.537
0.533
0.533
0.541
0.544
0.543
0.549
0.548
0.546
0.561
0.573
0.582
0.58
0.58
0.575
0.583
0.574
0.584
0.582
0.589
0.598
0.652
0.644
0.654
0.665
0.647
0.645
0.656
0.644
0.63
0.638
0.632
0.637
0.634
0.622
0.632
0.639
0.629
0.639
0.633
0.625
0.622
0.632
0.631
0.632
0.627
0.638
0.614
0.604
0.657
0.658
0.655
0.642
0.645
0.634
0.63
0.629
0.638
0.638
0.645
0.672
0.676
0.669
0.664
0.674
0.662
0.678
0.682
0.696
0.69
0.673
0.646
0.642
0.654
0.656
0.668
0.697
0.681
0.668
0.66
0.654
0.659
0.686
0.686
0.67
0.622
0.623
0.625
0.628
0.632
0.66
0.671
0.596
0.589
0.577
0.577
0.563
0.554
0.548
0.539
0.538
0.526
0.532
0.516
0.51
0.5
0.499
0.493
0.484
0.491
0.481
0.476
0.476
0.479
0.474
0.463
0.473
0.471
0.467
0.466
0.469
0.463
0.46
0.466
0.458
0.466
0.456
0.461
0.464
0.463
0.456
0.46
0.468
0.47
0.468
0.472
0.479
0.476
0.466
0.473
0.465
0.475
0.467
0.476
0.483
0.472
0.474
0.485
0.479
0.479
0.486
0.479
0.481
0.491
0.491
0.492
0.488
0.498
0.499
0.503
0.493
0.497
0.5
0.507
0.504
0.502
0.506
0.5
0.511
0.508
0.506
0.509
0.514
0.52
0.515
0.525
0.527
0.518
0.521
0.519
0.525
0.537
0.531
0.529
0.531
0.536
0.542
0.54
0.549
0.549
0.542
0.557
0.57
0.568
0.574
0.575
0.568
0.563
0.573
0.568
0.566
0.58
0.578
0.581
0.58
0.581
0.574
0.573
0.581
0.567
0.574
0.57
0.578
0.571
0.58
0.582
0.596
0.594
0.597
0.604
0.603
0.593
0.602
0.588
0.59
0.591
0.581
0.594
0.583
0.585
0.595
0.596
0.6
0.604
0.61
0.611
0.612
0.619
0.615
0.611
0.606
0.606
0.613
0.604
0.604
0.607
0.597
0.601
0.597
0.596
0.605
0.614
0.614
0.607
0.613
0.62
0.62
0.606
0.592
0.596
0.595
0.594
0.598
0.598
0.598
0.599
0.605
0.61
0.607
0.606
0.611
0.606
0.608
0.607
0.61
0.621
0.624
0.624
0.623
0.613
0.621
0.61
0.616
0.614
0.607
0.611
0.605
0.604
0.599
0.592
0.592
0.601
0.589
0.593
0.594
0.604
0.591
0.592
0.592
0.594
0.581
0.593
0.588
0.578
0.587
0.588
0.575
0.541
0.537
0.531
0.524
0.524
0.511
0.511
0.506
0.495
0.484
0.491
0.482
0.474
0.477
0.475
0.471
0.464
0.463
0.45
0.439
0.449
0.445
0.437
0.444
0.438
0.439
0.433
0.448
0.441
0.44
0.449
0.457
0.464
0.453
0.463
0.465
0.462
0.462
0.466
0.472
0.461
0.472
0.471
0.468
