0.506
0.497
0.503
0.5
0.489
0.495
0.489
0.487
0.476
0.471
0.467
0.459
0.461
0.472
0.469
0.451
0.458
0.452
0.449
0.452
0.447
0.443
0.448
0.45
0.442
0.444
0.438
0.441
0.448
0.445
0.436
0.436
0.438
0.443
0.44
0.433
0.43
0.445
0.438
0.432
0.44
0.437
0.44
0.436
0.433
0.433
0.441
0.44
0.429
0.423
0.415
0.42
0.428
0.42
0.422
0.413
0.42
0.42
0.421
0.419
0.419
0.412
0.428
0.422
0.427
0.42
0.416
0.42
0.413
0.422
0.421
0.42
0.418
0.411
0.411
0.421
0.417
0.409
0.413
0.415
0.418
0.424
0.417
0.421
0.413
0.407
0.417
0.416
0.414
0.413
0.421
0.415
0.405
0.412
0.407
0.414
0.406
0.406
0.411
0.404
0.414
0.409
0.404
0.411
0.417
0.412
0.405
0.407
0.409
0.408
0.417
0.41
0.417
0.409
0.407
0.411
0.402
0.409
0.406
0.41
0.408
0.416
0.412
0.403
0.413
0.406
0.416
0.414
0.41
0.417
0.411
0.419
0.409
0.415
0.421
0.418
0.412
0.42
0.415
0.416
0.413
0.409
0.415
0.415
0.407
0.41
0.415
0.421
0.416
0.406
0.41
0.413
0.403
0.418
0.413
0.411
0.421
0.413
0.421
0.42
0.415
0.422
0.423
0.421
0.411
0.415
0.421
0.426
0.416
0.418
0.42
0.424
0.421
0.414
0.417
0.417
0.416
0.421
0.414
0.422
0.418
0.417
0.419
0.415
0.419
0.427
0.419
0.423
0.424
0.422
0.414
0.42
0.421
0.415
0.421
0.431
0.43
0.426
0.416
0.42
0.418
0.426
0.419
0.425
0.425
0.421
0.414
0.419
0.423
0.416
0.416
0.417
0.418
0.426
0.436
0.424
0.422
0.422
0.414
0.418
0.415
0.421
0.429
0.42
0.42
0.422
0.414
0.419
0.411
0.414
0.411
0.416
0.412
0.415
0.417
0.415
0.409
0.412
0.418
0.409
0.41
0.417
0.415
0.42
0.411
0.408
0.413
0.409
0.417
0.407
0.411
0.407
0.413
0.408
0.405
0.402
0.411
0.417
0.409
0.413
0.403
0.41
0.411
0.41
0.42
0.412
0.414
0.406
0.408
0.405
0.409
0.401
0.4
0.405
0.403
0.407
0.417
0.399
0.398
0.404
0.407
0.403
0.407
0.411
0.411
0.406
0.409
0.411
0.402
0.408
0.399
0.407
0.417
0.408
0.416
0.405
0.401
0.405
0.396
0.404
0.402
0.406
0.404
0.411
0.401
0.407
0.405
0.403
0.406
0.401
0.402
0.41
0.401
0.406
0.408
0.398
0.411
0.413
0.413
0.408
0.41
0.417
0.411
0.406
0.414
0.418
0.412
0.412
0.411
0.405
0.406
0.403
0.408
0.401
0.411
0.407
0.403
0.4
0.407
0.416
0.418
0.424
0.42
0.429
0.424
0.416
0.418
0.411
0.415
0.412
0.415
0.412
0.417
0.402
0.399
0.414
0.411
0.397
0.404
0.401
0.401
0.406
0.41
0.404
0.405
0.407
0.399
0.405
0.401
0.411
0.407
0.411
0.401
0.404
0.394
0.397
0.4
0.403
0.412
0.403
0.409
0.4
0.404
0.404
0.403
0.409
0.419
0.413
0.414
0.413
0.412
0.405
0.414
0.406
0.409
0.4
0.408
0.413
0.405
0.411
0.416
0.42
0.411
0.414
0.416
0.41
0.414
0.422
0.413
0.416
0.419
0.412
0.414
0.411
0.413
0.416
0.42
0.421
0.416
0.42
0.418
0.411
0.416
0.419
0.415
0.42
0.419
0.417
0.427
0.423
0.429
0.418
0.414
0.42
0.434
0.429
0.428
0.434
0.427
0.426
0.431
0.426
0.423
0.426
0.43
0.426
0.423
0.413
0.414
0.407
0.413
0.417
0.415
0.411
0.412
0.405
0.414
0.415
0.417
0.425
0.408
0.412
0.405
0.406
0.415
0.415
0.418
0.418
