0.527
0.521
0.514
0.52
0.518
0.509
0.519
0.485
0.482
0.48
0.487
0.484
0.472
0.46
0.446
0.452
0.443
0.445
0.45
0.439
0.443
0.451
0.433
0.438
0.424
0.428
0.427
0.423
0.427
0.426
0.433
0.437
0.42
0.438
0.437
0.438
0.434
0.432
0.436
0.425
0.422
0.42
0.415
0.422
0.414
0.414
0.414
0.417
0.426
0.409
0.418
0.409
0.407
0.405
0.405
0.402
0.412
0.405
0.404
0.399
0.403
0.4
0.407
0.405
0.407
0.402
0.4
0.411
0.401
0.41
0.416
0.405
0.406
0.409
0.411
0.408
0.409
0.411
0.401
0.411
0.41
0.413
0.413
0.415
0.414
0.423
0.411
0.421
0.422
0.415
0.415
0.415
0.412
0.407
0.415
0.412
0.413
0.413
0.412
0.42
0.412
0.409
0.414
0.419
0.415
0.419
0.428
0.419
0.416
0.408
0.417
0.421
0.417
0.426
0.428
0.421
0.421
0.416
0.419
0.419
0.424
0.421
0.424
0.428
0.421
0.43
0.42
0.416
0.412
0.413
0.42
0.418
0.427
0.425
0.417
0.414
0.43
0.422
0.415
0.418
0.413
0.41
0.41
0.409
0.419
0.41
0.415
0.422
0.416
0.422
0.417
0.417
0.419
0.424
0.417
0.409
0.412
0.415
0.409
0.418
0.422
0.414
0.411
0.403
0.424
0.419
0.413
0.404
0.412
0.411
0.41
0.422
0.412
0.411
0.416
0.421
0.411
0.42
0.422
0.415
0.413
0.409
0.412
0.408
0.406
0.409
0.411
0.404
0.414
0.418
0.408
0.403
0.399
0.4
0.415
0.409
0.408
0.398
0.4
0.402
0.398
0.406
0.402
0.406
0.396
0.404
0.407
0.401
0.411
0.413
0.412
0.408
0.407
0.409
0.41
0.414
0.407
0.406
0.404
0.404
0.408
0.403
0.406
0.406
0.414
0.41
0.42
0.411
0.401
0.407
0.402
0.403
0.404
0.399
0.403
0.405
0.397
0.396
0.401
0.404
0.394
0.403
0.404
0.406
0.403
0.401
0.403
0.413
0.41
0.416
0.41
0.414
0.415
0.408
0.402
0.404
0.406
0.406
0.403
0.408
0.398
0.42
0.415
0.409
0.406
0.402
0.41
0.403
0.406
0.401
0.405
0.402
0.405
0.399
0.395
0.396
0.396
0.396
0.395
0.399
0.397
0.397
0.395
0.394
0.402
0.399
0.401
0.401
0.4
0.395
0.404
0.402
0.397
0.393
0.404
0.401
0.399
0.405
0.401
0.4
0.408
0.4
0.402
0.397
0.396
0.403
0.407
0.413
0.408
0.402
0.407
0.398
0.406
0.416
0.415
0.411
0.412
0.403
0.405
0.409
0.402
0.412
0.403
0.399
0.405
0.41
0.404
0.396
0.409
0.4
0.396
0.409
0.4
0.395
0.396
0.396
0.399
0.396
0.395
0.401
0.399
0.403
0.409
0.404
0.411
0.408
0.407
0.411
0.406
0.42
0.41
0.412
0.408
0.412
0.411
0.405
0.412
0.409
0.411
0.418
0.418
0.42
0.424
0.429
0.42
0.424
0.428
0.436
0.43
0.432
0.431
0.433
0.439
0.448
0.448
0.448
0.457
0.452
0.46
0.459
0.449
0.453
0.432
0.442
0.432
0.435
0.427
0.436
0.437
0.431
0.435
0.432
0.427
0.439
0.417
0.415
0.421
0.415
0.417
0.411
0.416
0.419
0.413
0.412
0.411
0.411
0.408
0.415
0.411
0.409
0.415
0.412
0.402
0.41
0.404
0.425
0.411
0.405
0.406
0.41
0.414
0.416
0.412
0.402
0.402
0.407
0.406
0.402
0.401
0.398
0.405
0.413
0.417
0.409
0.405
0.4
0.406
0.399
0.409
0.405
0.402
0.405
0.405
0.404
0.401
0.416
0.407
0.402
0.417
0.412
0.405
0.414
0.423
0.418
0.408
0.411
0.42
0.415
0.411
0.409
0.41
0.413
0.416
0.421
0.422
0.413
0.411
0.412
0.413
0.418
0.424
0.415
0.418
0.414
0.414
0.417
0.426
0.42
0.414
0.409
0.415
0.414
0.416
0.407
0.419
0.411
0.41
0.411
0.402
0.412
0.408
0.407
0.414
0.41
0.41
0.405
0.408
0.4
0.402
0.402
0.409
0.403
0.401
0.417
0.409
0.403
0.409
0.404
0.407
0.41
0.401
0.419
0.411
0.403
0.418
0.411
0.404
0.414
0.406
0.408
0.408
0.398
0.406
0.409
0.407
0.412
0.403
0.403
0.41
0.414
0.408
0.406
0.408
0.418
0.411
0.41
0.408
0.416
0.417
0.41
0.404
0.407
0.404
0.408
0.409
0.408
0.422
0.415
0.411
0.406
0.413
0.416
0.417
0.408
0.414
0.415
0.415
0.42
0.423
0.42
0.422
0.43
0.422
0.414
0.423
0.42
0.417
0.419
0.422
0.414
0.422
0.417
0.419
0.424
0.419
0.415
0.417
0.424
0.42
0.429
0.42
0.419
0.418
0.425
0.417
0.418
0.413
0.416
0.419
0.413
0.423
0.423
0.423
0.417
0.416
0.425
0.419
0.426
0.417
0.421
0.428
0.421
0.416
0.413
0.412
0.413
0.411
0.409
0.407
0.403
0.416
0.41
0.405
0.41
0.418
0.41
0.405
0.404
0.41
0.406
0.416
0.411
0.403
0.401
0.407
0.41
0.407
0.403
0.396
0.403
0.396
0.403
0.4
0.402
0.407
0.405
0.404
0.403
0.401
0.397
0.411
0.409
0.399
0.397
0.402
0.405
0.396
0.399
0.397
0.408
0.411
0.401
0.402
0.405
0.409
0.404
0.408
0.406
0.403
0.406
0.415
0.417
0.423
0.422
0.413
0.41
0.414
0.41
0.413
0.412
0.411
0.414
0.405
0.412
0.414
0.413
0.409
0.41
0.411
0.417
0.41
0.406
0.417
0.42
0.429
0.432
0.436
0.429
0.424
0.431
0.427
0.43
0.429
0.435
0.436
0.438
0.438
0.436
0.438
0.44
0.443
0.45
0.456
0.453
0.461
0.464
0.464
0.469
0.469
0.474
0.477
0.468
0.467
0.469
0.47
0.475
0.47
0.471
0.469
0.471
0.479
0.469
0.464
0.459
0.456
0.467
0.457
0.461
0.457
0.454
0.465
0.464
0.462
0.468
0.468
0.466
0.473
0.476
0.472
0.468
0.477
0.469
0.475
0.47
0.475
0.469
0.475
0.467
0.478
0.478
0.485
0.477
0.47
0.474
0.471
0.475
0.471
0.479
0.478
0.486
0.481
0.486
0.483
0.494
0.491
0.483
0.481
0.485
0.492
0.488
0.484
0.494
0.498
0.499
0.5
0.501
0.508
0.477
0.482
0.482
0.475
0.469
0.479
0.482
0.481
0.475
0.479
0.475
0.476
0.478
0.447
0.439
0.439
0.412
0.421
0.412
0.414
0.405
0.402
0.397
0.399
0.391
0.401
0.391
0.39
0.393
0.397
0.387
0.392
0.391
0.379
0.385
0.378
0.377
0.378
0.386
0.381
0.381
0.376
0.384
0.383
0.383
0.382
0.381
0.389
0.382
0.388
0.394
0.391
0.398
0.402
0.408
0.406
0.402
0.412
0.414
0.41
0.405
0.414
0.412
0.416
0.409
0.413
0.411
0.417
0.419
0.427
0.419
0.418
0.426
0.428
0.42
0.416
0.421
0.42
0.428
0.438
0.438
0.431
0.413
0.406
0.399
0.403
0.397
0.396
0.397
0.394
0.396
0.392
0.401
0.392
0.39
0.389
0.388
0.379
0.387
0.382
0.386
0.385
0.378
0.384
0.381
0.379
0.379
0.387
0.388
0.383
0.38
0.376
0.382
0.373
0.381
0.374
0.369
0.374
0.377
0.37
0.385
0.377
0.375
0.374
0.377
0.377
0.382
0.386
0.384
0.38
0.387
0.378
0.376
0.377
0.385
0.382
0.381
0.382
0.381
0.383
0.39
0.384
0.388
0.384
0.384
0.385
0.378
0.394
0.386
0.388
0.392
0.4
0.391
0.39
0.391
0.391
0.392
0.4
0.402
0.394
0.396
0.402
0.394
0.4
0.397
0.398
0.406
0.406
0.401
0.397
0.391
0.404
0.414
0.405
0.398
0.402
0.411
0.404
0.4
0.41
0.404
0.408
0.401
0.396
0.392
0.391
0.391
0.383
0.379
0.38
0.379
0.374
0.38
0.374
0.372
0.378
0.377
0.378
0.371
0.369
0.369
0.367
0.372
0.372
0.368
0.371
0.37
0.372
0.374
0.374
0.369
0.371
0.368
0.376
0.372
0.371
0.374
0.378
0.38
0.376
0.375
0.381
0.377
0.385
0.39
0.382
0.387
0.39
0.386
0.389
0.389
0.396
0.394
0.397
0.396
0.399
0.4
0.393
0.403
0.395
0.399
0.4
0.401
0.395
0.403
0.401
0.405
0.402
0.412
0.406
0.419
0.415
0.414
0.405
0.413
0.41
0.403
0.405
0.4
0.398
0.39
0.394
0.386
0.382
0.382
0.375
0.384
0.381
0.384
0.379
0.367
0.377
0.369
0.368
0.37
0.367
0.367
0.366
0.374
0.369
0.374
0.369
0.374
0.37
0.376
0.374
0.371
0.377
0.374
0.372
0.375
0.368
0.381
0.385
0.377
0.379
0.377
0.377
0.376
0.379
0.37
0.384
0.389
0.385
0.39
0.383
0.391
0.385
0.386
0.383
0.382
0.388
0.388
0.389
0.394
0.389
0.387
0.396
0.391
0.396
0.387
0.391
0.386
0.389
0.39
0.381
0.383
0.379
0.375
0.373
0.378
0.379
0.371
0.368
0.372
0.373
0.368
0.375
0.371
0.372
0.374
0.378
0.366
0.379
0.371
0.38
0.362
0.367
0.368
0.369
0.374
0.377
0.377
0.373
0.372
0.37
0.376
0.37
0.379
0.377
0.384
0.393
0.386
0.384
0.383
0.377
0.387
0.386
0.384
0.388
0.379
0.379
0.386
0.379
0.389
0.388
0.392
0.389
0.395
0.391
0.394
0.399
0.401
0.399
0.393
0.394
0.401
0.388
0.381
0.381
0.384
0.382
0.375
0.371
0.377
0.38
0.375
0.372
0.368
0.37
0.374
0.374
0.366
0.369
0.366
0.367
0.363
0.371
0.369
0.361
0.36
0.363
0.366
0.368
0.369
0.366
0.365
0.366
0.362
0.358
0.371
0.362
0.367
0.363
0.365
0.362
0.366
0.365
0.365
0.364
0.363
0.37
0.365
0.362
0.364
0.366
0.365
0.366
0.366
0.364
0.367
0.366
0.363
0.366
0.368
0.364
0.37
0.365
0.366
0.371
0.366
0.368
0.373
0.365
0.373
0.373
0.375
0.372
0.37
0.376
0.384
0.384
0.383
0.382
0.378
0.383
0.382
0.39
0.389
0.396
0.39
0.388
0.386
0.391
0.399
0.394
0.392
0.396
0.394
0.396
0.396
0.387
0.397
0.388
0.396
0.397
0.392
0.408
0.406
0.411
0.402
0.396
0.397
0.391
0.387
0.388
0.382
0.375
0.379
0.376
0.364
0.365
0.362
0.36
0.367
0.359
0.365
0.369
0.364
0.362
0.357
0.36
0.36
0.357
0.363
0.364
0.355
0.36
0.354
0.357
0.36
0.361
0.362
0.365
0.356
0.363
0.37
0.363
0.36
0.361
0.362
0.362
0.361
0.365
0.364
0.365
0.365
0.366
0.373
0.379
0.382
0.379
0.379
0.376
0.383
0.38
0.377
0.38
0.38
0.388
0.38
0.387
0.384
0.382
0.388
0.386
0.38
0.388
0.394
0.395
0.391
0.399
0.396
0.394
0.4
0.4
0.409
0.402
0.392
0.407
0.399
0.406
0.4
0.399
0.403
0.399
0.402
0.408
0.406
0.4
0.409
0.407
0.411
0.407
0.407
0.413
0.414
0.412
0.426
0.396
0.403
0.401
0.375
0.38
0.361
0.368
0.36
0.366
0.366
0.359
0.364
0.358
0.363
0.357
0.353
0.36
0.358
0.357
0.357
0.359
0.359
0.355
0.36
0.351
0.356
0.352
0.358
0.36
0.359
0.358
0.362
0.365
0.36
0.368
0.361
0.364
0.363
0.369
0.369
0.364
0.365
0.367
0.364
0.365
0.369
0.368
0.366
0.362
0.367
0.375
0.37
0.372
0.369
0.372
0.375
0.374
0.371
0.379
0.385
0.386
0.384
0.385
0.393
0.389
0.391
0.397
0.389
0.39
0.388
0.395
0.389
0.396
0.396
0.391
0.392
0.396
0.401
0.396
0.404
0.408
0.399
0.403
0.405
0.396
0.389
0.393
0.387
0.389
0.388
0.382
0.374
0.38
0.383
0.377
0.373
0.377
0.371
0.362
0.367
0.363
0.365
0.367
0.368
0.363
0.356
0.364
0.364
0.36
0.361
0.362
0.359
0.359
0.361
0.362
0.361
0.355
0.362
0.355
0.359
0.357
0.355
0.36
0.355
0.356
0.355
0.359
0.353
0.358
0.358
0.355
0.356
0.353
0.357
0.351
0.357
0.354
0.356
0.35
0.356
0.352
0.355
0.354
0.352
0.349
0.347
0.352
0.355
0.353
0.358
0.35
0.346
0.354
0.357
0.36
0.362
0.358
0.36
0.359
0.359
0.36
0.367
0.362
0.366
0.37
0.362
0.366
0.368
0.364
0.37
0.363
0.37
0.367
0.365
0.361
0.377
0.384
0.386
0.384
0.383
0.39
0.396
0.393
0.391
0.392
0.39
0.39
0.405
0.395
0.4
0.396
0.401
0.4
0.399
0.399
0.407
0.401
0.403
0.404
0.401
0.396
0.399
0.391
0.391
0.391
0.386
0.386
0.385
0.383
0.382
0.369
0.373
0.358
0.361
0.36
0.358
0.358
0.354
0.357
0.357
0.348
0.348
0.348
0.352
0.354
0.354
0.355
0.355
0.357
0.365
0.37
0.373
0.368
0.367
0.367
0.362
0.366
0.366
0.364
0.372
0.372
0.369
0.371
0.368
0.379
0.383
0.387
0.381
0.379
0.382
0.387
0.384
0.387
0.387
0.386
0.391
0.382
0.39
0.393
0.388
0.396
0.388
0.396
0.396
0.396
0.405
0.405
0.404
0.394
0.406
0.403
0.399
0.406
0.412
0.409
0.417
0.408
0.41
0.418
0.415
0.416
0.411
0.413
0.411
0.414
0.411
0.41
0.412
0.407
0.397
0.391
0.397
0.388
0.395
0.391
0.396
0.392
0.387
0.382
0.388
0.395
0.391
0.396
0.383
0.379
0.384
0.378
0.385
0.379
0.385
0.382
0.385
0.383
0.387
0.386
0.378
0.379
0.373
0.373
0.388
0.382
0.38
0.381
0.383
0.38
0.374
0.38
0.371
0.377
0.374
0.381
0.375
0.376
0.374
0.377
0.379
0.376
0.372
0.371
0.368
0.376
0.372
0.37
0.374
0.373
0.371
0.366
0.371
0.368
0.365
0.374
0.378
0.376
0.373
0.373
0.376
0.376
0.371
0.369
0.372
0.381
0.386
0.374
0.383
0.382
0.379
0.381
0.378
0.384
0.382
0.383
0.391
0.387
0.392
0.388
0.384
0.394
0.396
0.391
0.396
0.389
0.396
0.404
0.397
0.389
0.396
0.391
0.394
0.396
0.392
0.397
0.388
0.4
0.396
0.396
0.397
0.397
0.397
0.405
0.409
0.399
0.401
0.397
0.402
0.398
0.406
0.399
0.401
0.407
0.404
0.399
0.403
0.406
0.413
0.405
0.4
0.411
0.406
0.399
0.411
0.404
0.4
0.405
0.396
0.41
0.402
0.403
0.412
0.405
0.408
0.406
0.396
0.403
0.396
0.394
0.396
0.391
0.396
0.388
0.392
0.39
0.389
0.392
0.387
0.39
0.384
0.396
0.391
0.386
0.387
0.392
0.395
0.392
0.392
0.394
0.39
0.39
0.389
0.394
0.385
0.39
0.396
0.402
0.392
0.387
0.387
0.401
0.393
0.389
0.388
0.395
0.395
0.395
0.398
0.404
0.397
0.402
0.4
0.4
0.396
0.396
0.401
0.393
0.399
0.399
0.394
0.399
0.4
0.398
0.399
0.399
0.395
0.408
0.402
0.404
0.407
0.402
0.408
0.402
0.406
0.41
0.407
0.41
0.412
0.407
0.411
0.411
0.417
0.416
0.424
0.418
0.413
0.413
0.416
0.413
0.414
0.407
0.412
0.413
0.405
0.412
0.407
0.411
0.405
0.414
0.414
0.416
0.406
0.408
0.409
0.416
0.423
0.406
0.416
0.41
0.402
0.412
0.408
0.409
0.402
0.405
0.402
0.408
0.402
0.407
0.404
0.401
0.4
0.405
0.397
0.405
0.41
0.405
0.406
0.404
0.4
0.395
0.398
0.405
0.403
0.396
0.405
0.403
0.401
0.405
0.4
0.403
0.403
0.411
0.408
0.403
0.404
0.399
0.401
0.397
0.404
0.413
0.406
0.397
0.4
0.398
0.396
0.399
0.403
0.4
0.396
0.401
0.406
0.402
0.394
0.396
0.396
0.396
0.402
0.406
0.405
0.4
0.404
0.405
0.408
0.408
0.414
0.406
0.415
0.408
0.413
0.418
0.41
0.405
0.403
0.405
0.405
0.405
0.414
0.41
0.41
0.402
0.405
0.407
0.402
0.41
0.405
0.401
0.407
0.405
0.403
0.401
0.411
0.401
0.404
0.404
0.396
0.403
0.41
0.401
0.398
0.404
0.41
0.4
0.403
0.396
0.404
0.399
0.403
0.407
0.398
0.403
0.393
0.398
0.398
0.396
0.397
0.383
0.389
0.386
0.368
0.369
0.371
0.363
0.368
0.371
0.374
0.366
0.368
0.361
0.365
0.361
0.369
0.36
0.366
0.359
0.367
0.358
0.375
0.36
0.353
0.354
0.361
0.357
0.354
0.359
0.361
0.359
0.366
0.361
0.358
0.364
0.362
0.358
0.354
0.359
0.361
0.37
0.368
0.362
0.36
0.363
0.354
0.35
0.356
0.35
0.347
0.355
0.354
0.351
0.349
0.352
0.354
0.351
0.355
0.354
0.36
0.361
0.367
0.367
0.368
0.366
0.368
0.367
0.367
0.367
0.37
0.366
0.368
0.368
0.373
0.368
0.373
0.377
0.381
0.378
0.385
0.381
0.376
0.373
0.368
0.355
0.362
0.355
0.363
0.359
0.355
0.363
0.361
0.362
0.355
0.368
0.354
0.359
0.364
0.698
0.351
0.357
0.36
0.361
0.355
0.36
0.367
0.365
0.367
0.369
0.36
0.363
0.362
0.375
0.381
0.376
0.376
0.374
0.376
0.379
0.386
0.382
0.375
0.378
0.383
0.38
0.387
0.387
0.381
0.385
0.383
0.386
0.389
0.383
0.383
0.381
0.387
0.383
0.384
0.393
0.401
0.394
0.386
0.389
0.39
0.393
0.399
0.391
0.387
0.381
0.389
0.384
0.39
0.389
0.388
0.395
0.39
0.394
0.385
0.384
0.388
0.385
0.388
0.386
0.389
0.389
0.39
0.392
0.388
0.396
0.393
0.396
0.402
0.396
0.397
0.396
0.39
0.399
0.399
0.397
0.396
0.399
0.398
0.4
0.397
0.405
0.404
0.4
0.402
0.405
0.405
0.4
0.407
0.406
0.405
0.4
0.405
0.413
0.411
0.407
0.409
0.417
0.415
0.414
0.412
0.41
0.404
0.412
0.41
0.415
0.415
0.407
0.407
0.407
0.408
0.406
0.407
0.401
0.404
0.395
0.404
0.4
0.409
0.408
0.41
0.404
0.412
0.404
0.405
0.404
0.399
0.396
0.4
0.406
0.403
0.404
0.395
0.396
0.4
0.392
0.397
0.396
0.388
0.406
0.399
0.408
0.407
0.403
0.405
0.41
0.401
0.407
0.413
0.41
0.405
0.401
0.411
0.403
0.4
0.407
0.404
0.402
0.41
0.411
0.41
0.402
0.404
0.412
0.41
0.413
0.409
0.401
0.405
0.399
0.408
0.414
0.406
0.403
0.416
0.412
0.406
0.415
0.412
0.404
0.401
0.406
0.406
0.404
0.406
0.411
0.406
0.399
0.402
0.404
0.405
0.398
0.401
0.402
0.406
0.4
0.407
0.409
0.401
0.398
0.401
0.402
0.401
0.399
0.401
0.4
0.4
0.403
0.403
0.403
0.399
0.402
0.405
0.412
0.402
0.399
0.393
0.393
0.396
0.391
0.394
0.391
0.395
0.393
0.397
0.4
0.394
0.392
0.392
0.391
0.397
0.402
0.395
0.392
0.392
0.395
0.388
0.395
0.392
0.388
0.396
0.393
0.387
0.391
0.393
0.388
0.384
0.384
0.388
0.392
0.386
0.391
0.386
0.387
0.385
0.391
0.395
0.387
0.388
0.381
0.385
0.389
0.386
0.383
0.387
0.391
0.386
0.385
0.383
0.386
0.391
0.389
0.386
0.387
0.392
0.384
0.387
0.388
0.387
0.384
0.389
0.387
0.392
0.385
0.388
0.396
0.389
0.385
0.391
0.387
0.394
0.396
0.393
0.392
0.396
0.396
0.399
0.408
0.398
0.404
0.409
0.402
0.392
0.407
0.411
0.413
0.417
0.411
0.41
0.416
0.416
0.42
0.415
0.414
0.418
0.423
0.414
0.411
0.411
0.414
0.413
0.41
0.408
0.408
0.418
0.417
0.412
0.404
0.411
0.41
0.414
0.415
0.405
0.405
0.407
0.397
0.411
0.405
0.412
0.405
0.414
0.414
0.41
0.412
0.418
0.41
0.403
0.41
0.405
0.408
0.41
0.406
0.401
0.411
0.405
0.403
0.412
0.403
0.409
0.404
0.406
0.402
0.411
0.408
0.409
0.401
0.411
0.406
0.399
0.408
0.405
0.414
0.409
0.399
0.402
0.41
0.401
0.397
0.399
0.401
0.392
0.396
0.401
0.395
0.397
0.404
0.396
0.402
0.398
0.405
0.408
0.402
0.396
0.399
0.402
0.397
0.395
0.401
0.398
0.396
0.396
0.405
0.404
0.396
0.401
0.395
0.401
0.403
0.396
0.4
0.395
0.397
0.394
0.402
0.401
0.406
0.402
0.401
0.396
0.4
0.401
0.398
0.396
0.397
0.4
0.399
0.4
0.396
0.401
0.401
0.403
0.396
0.404
0.399
0.398
0.394
0.41
0.405
0.401
0.395
0.4
0.409
0.404
0.396
0.405
0.398
0.4
0.394
0.406
0.397
0.397
0.4
0.396
0.396
0.401
0.403
0.4
0.396
0.402
0.396
0.404
0.401
0.398
0.4
0.396
0.401
0.402
0.407
0.405
0.398
0.405
0.4
0.403
0.398
0.401
0.405
0.415
0.411
0.407
0.4
0.405
0.409
0.401
0.411
0.408
0.405
0.405
0.411
0.415
0.408
0.411
0.403
0.41
0.404
0.4
0.405
0.403
0.401
0.397
0.404
0.402
0.403
0.394
0.407
0.401
0.398
0.405
0.412
0.403
0.404
0.407
0.416
0.409
0.405
0.409
0.417
0.408
0.406
0.41
0.41
0.407
0.412
0.407
0.406
0.408
0.414
0.412
0.402
0.41
0.407
0.413
0.413
0.405
0.414
0.413
0.412
0.402
0.414
0.405
0.41
0.415
0.417
0.409
0.41
0.403
0.41
0.41
0.415
0.419
0.408
0.412
0.405
0.407
0.398
0.407
0.409
0.402
0.403
0.414
0.418
0.408
0.41
0.405
0.415
0.409
0.419
0.414
0.413
0.414
0.423
0.413
0.406
0.408
0.406
0.408
0.41
0.417
0.411
0.405
0.395
0.404
0.398
0.404
0.405
0.397
0.404
0.396
0.414
0.404
0.399
0.406
0.414
0.407
0.398
0.402
0.41
0.4
0.404
0.408
0.4
0.4
0.401
0.409
0.406
0.403
0.41
0.4
0.408
0.403
0.405
0.398
0.406
0.399
0.406
0.414
0.408
0.403
0.404
0.401
0.41
0.405
0.406
0.398
0.402
0.397
0.401
0.4
0.394
0.396
0.404
0.407
0.411
0.398
0.405
0.396
0.398
0.397
0.395
0.399
0.4
0.403
0.398
0.4
0.403
0.398
0.404
0.407
0.405
0.396
0.401
0.402
0.397
0.399
0.397
0.402
0.396
0.396
0.396
0.397
0.395
0.4
0.392
0.395
0.402
0.403
0.402
0.409
0.406
0.398
0.394
0.396
0.4
0.402
0.398
0.395
0.396
0.404
0.399
0.404
0.398
0.398
0.406
0.403
0.412
0.411
0.413
0.406
0.403
0.4
0.405
0.399
0.4
0.397
0.398
0.406
0.409
0.402
0.399
0.4
0.4
0.402
0.4
0.396
0.396
0.397
0.403
0.394
0.394
0.396
0.399
0.399
0.405
0.41
0.407
0.4
0.401
0.397
0.401
0.397
0.405
0.397
0.401
0.404
0.396
0.397
0.405
0.415
0.406
0.412
0.406
0.409
0.402
0.409
0.402
0.4
0.408
0.406
0.401
0.409
0.411
0.413
0.403
0.398
0.403
0.41
0.407
0.407
0.401
0.405
0.404
0.404
0.407
0.411
0.405
0.422
0.406
0.412
0.416
0.412
0.422
0.413
0.415
0.408
0.413
0.415
0.42
0.414
0.421
0.421
0.413
0.421
0.422
0.413
0.412
0.42
0.429
0.424
0.419
0.422
0.418
0.421
0.419
0.426
0.424
0.424
0.43
0.409
0.421
0.414
0.421
0.419
0.415
0.413
0.408
0.416
0.412
0.406
0.409
0.409
0.414
0.407
0.411
0.405
0.408
0.406
0.414
0.408
0.409
0.405
0.408
0.417
0.413
0.419
0.419
0.412
0.413
0.411
0.411
0.419
0.419
0.42
0.41
0.411
0.407
0.405
0.405
0.406
0.405
0.403
0.407
0.401
0.41
0.41
0.416
0.409
0.403
0.406
0.4
0.409
0.405
0.403
0.407
0.399
0.403
0.4
0.411
0.404
0.399
0.413
0.41
0.407
0.407
0.398
0.407
0.415
0.408
0.398
0.406
0.414
0.408
0.404
0.398
0.405
0.407
0.404
0.406
0.408
0.4
0.417
0.405
0.405
0.413
0.414
0.41
0.407
0.406
0.404
0.41
0.402
0.401
0.414
0.408
0.402
0.405
0.418
0.419
0.413
0.418
0.42
0.421
0.415
0.406
0.414
0.424
0.411
0.419
0.417
0.41
0.411
0.404
0.415
0.41
0.401
0.408
0.412
0.421
0.422
0.424
0.421
0.415
0.419
0.422
0.413
0.414
0.42
0.423
0.415
0.411
0.418
0.418
0.412
0.411
0.417
0.419
0.412
0.407
0.411
0.418
0.41
0.412
0.42
0.41
0.405
0.41
0.412
0.408
0.418
0.409
0.405
0.408
0.404
0.401
0.402
0.411
0.405
0.403
0.404
0.402
0.411
0.405
0.408
0.409
0.417
0.417
0.411
0.402
0.409
0.414
0.413
0.414
0.417
0.409
0.414
0.409
0.417
0.419
0.415
0.412
0.403
0.418
0.408
0.408
0.414
0.414
0.408
0.412
0.405
0.414
0.409
0.417
0.412
0.418
0.413
0.409
0.413
0.414
0.416
0.409
0.412
0.419
0.417
0.414
0.41
0.404
0.409
0.41
0.405
0.427
0.418
0.41
0.42
0.42
0.416
0.417
0.418
0.418
0.416
0.419
0.415
0.422
0.431
0.424
0.421
0.416
0.41
0.427
0.419
0.419
0.415
0.425
0.418
0.415
0.407
0.404
0.416
0.416
0.415
0.412
0.408
0.41
0.414
0.421
0.411
0.415
0.418
0.411
0.408
0.404
0.419
0.418
0.426
0.419
0.418
0.421
0.415
0.413
0.419
0.428
0.413
0.408
0.411
0.419
0.417
0.423
0.415
0.416
0.426
0.411
0.408
0.41
0.415
0.413
0.418
0.424
0.419
0.413
0.407
0.421
0.411
0.414
0.419
0.409
0.419
0.421
0.426
0.419
0.415
0.411
0.418
0.414
0.417
0.423
0.42
0.416
0.418
0.413
0.415
0.414
0.404
0.411
0.402
0.407
0.405
0.415
0.4
0.4
0.402
0.402
0.398
0.407
0.403
0.398
0.402
0.4
0.402
0.411
0.403
0.405
0.402
0.396
0.406
0.396
0.396
0.395
0.393
0.396
0.402
0.401
0.399
0.4
0.396
0.402
0.396
0.396
0.4
0.406
0.396
0.396
0.399
0.402
0.406
0.41
0.401
0.399
0.403
0.411
0.404
0.405
0.409
0.405
0.414
0.412
0.411
0.413
0.419
0.414
0.421
0.418
0.417
