0.638
0.631
0.618
0.613
0.604
0.604
0.592
0.589
0.594
0.596
0.591
0.579
0.573
0.577
0.571
0.578
0.564
0.55
0.559
0.556
0.552
0.545
0.55
0.51
0.509
0.502
0.512
0.501
0.505
0.5
0.493
0.505
0.483
0.479
0.479
0.48
0.484
0.468
0.459
0.468
0.46
0.467
0.467
0.463
0.469
0.466
0.456
0.455
0.454
0.453
0.456
0.453
0.458
0.457
0.458
0.462
0.467
0.456
0.456
0.46
0.465
0.471
0.478
0.472
0.477
0.467
0.468
0.469
0.466
0.457
0.462
0.457
0.455
0.461
0.458
0.463
0.461
0.452
0.46
0.455
0.456
0.464
0.453
0.448
0.446
0.457
0.458
0.45
0.461
0.45
0.451
0.431
0.438
0.442
0.438
0.434
0.441
0.449
0.428
0.437
0.446
0.447
0.439
0.438
0.429
0.438
0.445
0.447
0.445
0.435
0.44
0.45
0.45
0.444
0.442
0.451
0.457
0.434
0.438
0.437
0.446
0.45
0.457
0.461
0.471
0.46
0.48
0.45
0.458
0.462
0.457
0.466
0.457
0.458
0.469
0.457
0.459
0.449
0.467
0.467
0.456
0.455
0.457
0.463
0.463
0.454
0.457
0.455
0.46
0.453
0.455
0.457
0.449
0.46
0.46
0.453
0.451
0.442
0.449
0.452
0.452
0.445
0.453
0.446
0.445
0.453
0.463
0.454
0.455
0.455
0.449
0.459
0.46
0.451
0.452
0.447
0.449
0.456
0.455
0.462
0.451
0.453
0.453
0.462
0.448
0.457
0.458
0.462
0.452
0.455
0.464
0.456
0.465
0.461
0.46
0.458
0.463
0.441
0.441
0.451
0.426
0.423
0.442
0.435
0.435
0.427
0.43
0.436
0.446
0.438
0.43
0.44
0.449
0.435
0.434
0.435
0.443
0.436
0.432
0.437
0.447
0.446
0.438
0.43
0.436
0.446
0.449
0.44
0.436
0.44
0.431
0.435
0.437
0.438
0.437
0.447
0.451
0.446
0.44
0.438
0.436
0.433
0.438
0.448
0.455
0.439
0.436
0.435
0.437
0.446
0.438
0.433
0.426
0.431
0.438
0.444
0.442
0.431
0.426
0.429
0.43
0.429
0.434
0.431
0.439
0.423
0.431
0.425
0.433
0.434
0.437
0.428
0.423
0.425
0.427
0.439
0.432
0.438
0.443
0.432
0.428
0.438
0.433
0.425
0.437
0.443
0.43
0.428
0.438
0.442
0.432
0.442
0.436
0.438
0.432
0.441
0.447
0.437
0.436
0.428
0.438
0.441
0.444
0.438
0.43
0.428
0.447
0.438
0.432
0.433
0.439
0.437
0.442
0.443
0.437
0.427
0.436
0.438
0.443
0.438
0.439
0.433
0.437
0.445
0.438
0.428
0.433
0.441
0.435
0.439
0.428
0.431
0.434
0.427
0.43
0.425
0.431
0.424
0.442
0.434
0.435
0.426
0.433
0.444
0.435
0.43
0.433
0.425
0.43
0.438
0.447
0.437
0.427
0.431
0.432
0.438
0.445
0.445
0.433
0.424
0.43
0.426
0.423
0.434
0.432
0.424
0.419
0.429
0.426
0.424
0.429
0.438
0.43
0.438
0.43
0.438
0.428
0.437
0.433
0.44
0.449
0.437
0.441
0.438
0.432
0.433
0.437
0.434
0.444
0.443
0.438
0.431
0.436
0.433
0.427
0.431
0.444
0.437
0.444
0.437
0.438
0.442
0.442
0.435
0.425
0.443
0.449
0.438
0.436
0.444
0.439
0.445
0.438
0.429
0.433
0.441
0.449
0.438
0.444
0.452
0.442
0.461
0.451
0.462
0.451
0.444
0.439
0.449
0.452
0.441
0.446
0.438
0.429
0.435
0.437
0.431
0.428
0.438
0.438
0.432
0.431
0.434
0.432
0.435
0.44
0.433
0.438
0.443
0.437
0.429
0.433
0.437
0.445
0.443
0.437
0.43
0.434
0.438
0.447
0.444
0.435
0.432
0.434
0.436
0.442
0.453
0.439
0.444
0.448
0.447
0.44
0.443
0.452
0.45
0.44
0.435
0.452
0.451
0.442
0.438
0.444
0.45
0.453
0.45
0.444
0.451
0.442
0.442
0.44
0.43
0.453
0.437
0.438
0.439
0.432
0.44
0.448
0.438
0.44
0.433
0.434
0.437
0.434
0.435
0.444
0.447
0.435
0.433
0.428
0.428
0.439
0.427
0.43
0.439
0.448
0.431
0.44
0.447
0.439
0.438
0.431
0.44
0.446
0.45
0.439
0.447
0.449
0.435
0.444
0.451
0.435
0.431
0.443
0.444
0.438
0.433
0.435
0.442
0.447
0.438
0.43
0.431
0.433
0.428
0.433
0.441
0.446
0.436
0.433
0.43
0.434
0.431
0.429
0.438
0.43
0.432
0.427
0.434
0.439
0.443
0.436
0.435
0.426
0.433
0.431
0.434
0.435
0.436
0.438
0.428
0.445
0.437
0.437
0.44
0.45
0.443
0.439
0.434
0.448
0.448
0.448
0.447
0.45
0.443
0.437
0.437
0.438
0.443
0.437
0.435
0.437
0.432
0.429
0.434
0.431
0.441
0.449
0.43
0.434
0.434
0.44
0.446
0.43
0.435
0.443
0.432
0.433
0.437
0.447
0.451
0.438
0.441
0.434
0.434
0.426
0.432
0.441
0.43
0.431
0.426
0.432
0.438
0.438
0.427
0.424
0.428
0.422
0.416
0.427
0.432
0.433
0.424
0.418
0.425
0.427
0.422
0.428
0.431
0.425
0.422
0.414
0.415
0.418
0.421
0.413
0.414
0.421
0.427
0.422
0.426
0.423
0.416
0.415
0.419
0.425
0.428
0.422
0.421
0.412
0.415
0.422
0.431
0.421
0.428
0.423
0.417
0.413
0.415
0.425
0.42
0.421
0.429
0.433
0.417
0.42
0.42
0.415
0.431
0.424
0.428
0.42
0.426
0.435
0.426
0.416
0.422
0.417
0.422
0.418
0.423
0.423
0.422
0.425
0.428
0.435
0.429
0.428
0.418
0.424
0.424
0.428
0.428
0.42
0.417
0.428
0.424
0.429
0.434
0.427
0.426
0.419
0.429
0.434
0.425
0.422
0.42
0.418
0.422
0.432
0.423
0.433
0.428
0.421
0.425
0.438
0.438
0.434
0.432
0.428
0.433
0.441
0.444
0.441
0.433
0.44
0.447
0.436
0.436
0.443
0.45
0.439
0.433
0.44
0.433
0.427
0.43
0.437
0.439
0.431
0.429
0.432
0.438
0.443
0.435
0.438
0.441
0.432
0.426
0.426
0.423
0.429
0.423
0.429
0.436
0.443
0.436
0.432
0.426
0.428
0.445
0.434
0.433
0.426
0.44
0.444
0.427
0.436
0.441
0.44
0.432
0.434
0.424
0.431
0.426
0.434
0.434
0.426
0.433
0.433
0.443
0.449
0.438
0.433
0.431
0.431
0.439
0.448
0.443
0.438
0.428
0.436
0.439
0.441
0.434
0.447
0.451
0.44
0.431
0.443
0.447
0.436
0.427
0.436
0.444
0.443
0.432
0.427
0.43
0.427
0.426
0.43
0.43
0.43
0.424
0.43
0.439
0.429
0.431
0.421
0.443
0.433
0.431
0.424
0.432
0.434
0.437
0.438
0.439
0.437
0.44
0.444
0.454
0.439
0.438
0.438
0.439
0.445
0.452
0.448
0.444
0.454
0.451
0.455
0.458
0.454
0.458
0.456
0.457
0.462
0.456
0.466
0.47
0.472
0.469
0.476
0.479
0.476
0.484
0.487
0.494
0.496
0.503
0.508
0.508
0.507
0.512
0.509
0.51
0.505
0.497
0.509
0.503
0.512
0.512
0.511
0.521
0.552
0.56
0.557
0.563
0.562
0.561
0.564
0.568
0.577
0.582
0.585
0.591
0.59
0.585
0.581
0.582
0.584
0.584
0.592
0.579
0.588
0.58
0.577
0.57
0.568
0.563
0.562
0.567
0.568
0.572
0.574
0.583
0.578
0.57
0.564
0.566
0.566
0.562
0.562
0.56
0.563
0.563
0.567
0.579
0.58
0.582
0.612
0.612
0.613
0.602
0.598
0.6
0.606
0.621
0.615
0.623
0.617
0.605
0.607
0.597
0.603
0.596
0.596
0.596
0.594
0.597
0.596
0.597
0.604
0.606
0.604
0.611
0.617
0.613
0.614
0.614
0.612
0.611
0.622
0.616
0.622
0.618
0.619
0.614
0.621
0.606
0.609
0.602
0.596
0.59
0.589
0.599
0.612
0.61
0.614
0.614
0.608
0.607
0.596
0.595
0.592
0.595
0.596
0.596
0.6
0.604
0.612
0.641
0.64
0.631
0.618
0.622
0.616
0.609
0.615
0.628
0.627
0.638
0.647
0.651
0.639
0.636
0.634
0.625
0.61
0.614
0.602
0.601
0.604
0.607
0.61
0.616
0.628
0.637
0.639
0.605
0.607
0.608
0.61
0.612
0.621
0.631
0.63
0.619
0.623
0.611
0.615
0.604
0.6
0.589
0.6
0.607
0.62
0.63
0.628
0.634
0.638
0.635
0.634
0.626
0.618
0.612
0.605
0.604
0.606
0.616
0.625
0.648
0.647
0.652
0.633
0.632
0.636
0.629
0.625
0.627
0.632
0.646
0.651
0.642
0.652
0.652
0.646
0.643
0.644
0.632
0.636
0.641
0.65
0.662
0.675
0.687
0.678
0.677
0.681
0.661
0.665
0.663
0.657
0.653
0.653
0.667
0.699
0.636
0.635
0.639
0.645
0.653
0.67
0.666
0.656
0.663
0.665
0.66
0.668
0.68
0.693
0.696
0.67
0.643
0.644
0.648
0.681
0.674
0.666
0.664
0.666
0.681
0.686
0.666
0.682
0.695
0.681
0.675
0.664
0.658
0.652
