0.631
0.624
0.633
0.618
0.625
0.614
0.615
0.616
0.609
0.585
0.591
0.582
0.572
0.564
0.555
0.519
0.514
0.511
0.506
0.504
0.503
0.495
0.506
0.494
0.493
0.491
0.501
0.479
0.486
0.479
0.487
0.492
0.483
0.477
0.473
0.484
0.477
0.474
0.484
0.479
0.475
0.464
0.463
0.459
0.461
0.47
0.469
0.466
0.465
0.46
0.463
0.456
0.47
0.477
0.474
0.466
0.477
0.466
0.462
0.462
0.457
0.457
0.449
0.451
0.454
0.482
0.476
0.467
0.459
0.448
0.455
0.461
0.451
0.45
0.445
0.449
0.456
0.451
0.444
0.449
0.457
0.44
0.436
0.44
0.438
0.428
0.438
0.445
0.438
0.437
0.444
0.436
0.434
0.427
0.437
0.44
0.43
0.424
0.433
0.435
0.425
0.424
0.418
0.421
0.431
0.425
0.426
0.436
0.42
0.425
0.415
0.42
0.422
0.421
0.424
0.419
0.42
0.42
0.425
0.419
0.42
0.422
0.423
0.423
0.426
0.422
0.43
0.42
0.421
0.43
0.425
0.423
0.439
0.434
0.431
0.425
0.432
0.43
0.421
0.427
0.431
0.431
0.436
0.431
0.434
0.425
0.43
0.429
0.431
0.446
0.439
0.435
0.437
0.442
0.434
0.444
0.447
0.45
0.437
0.441
0.438
0.438
0.44
0.435
0.438
0.441
0.435
0.438
0.448
0.437
0.439
0.435
0.446
0.453
0.444
0.433
0.443
0.436
0.426
0.436
0.438
0.445
0.438
0.442
0.437
0.432
0.434
0.436
0.444
0.451
0.428
0.434
0.434
0.429
0.439
0.441
0.441
0.443
0.451
0.452
0.442
0.452
0.436
0.438
0.435
0.449
0.445
0.44
0.449
0.456
0.431
0.418
0.428
0.437
0.433
0.436
0.427
0.423
0.424
0.43
0.436
0.429
0.435
0.428
0.43
0.424
0.419
0.416
0.416
0.424
0.426
0.429
0.434
0.425
0.418
0.42
0.413
0.419
0.416
0.406
0.412
0.414
0.422
0.419
0.41
0.42
0.419
0.41
0.417
0.42
0.422
0.418
0.414
0.419
0.422
0.412
0.413
0.415
0.42
0.424
0.417
0.411
0.418
0.424
0.42
0.423
0.414
0.41
0.414
0.417
0.42
0.422
0.431
0.419
0.418
0.418
0.413
0.42
0.426
0.422
0.423
0.424
0.428
0.423
0.428
0.422
0.429
0.433
0.429
0.43
0.425
0.419
0.424
0.423
0.415
0.421
0.425
0.433
0.437
0.428
0.421
0.42
0.427
0.425
0.431
0.439
0.429
0.424
0.434
0.435
0.427
0.437
0.43
0.421
0.429
0.432
0.438
0.429
0.426
0.422
0.426
0.426
0.43
0.421
0.427
0.425
0.416
0.424
0.402
0.401
0.4
0.405
0.398
0.4
0.4
0.396
0.398
0.395
0.401
0.399
0.395
0.395
0.396
0.387
0.391
0.389
0.395
0.395
0.39
0.393
0.399
0.396
0.394
0.401
0.397
0.397
0.388
0.404
0.403
0.395
0.388
0.397
0.393
0.402
0.402
0.396
0.392
0.389
0.396
0.39
0.396
0.396
0.399
0.396
0.399
0.397
0.398
0.396
0.401
0.395
0.401
0.396
0.396
0.399
0.392
0.395
0.397
0.393
0.397
0.394
0.401
0.392
0.399
0.4
0.401
0.402
0.402
0.392
0.395
0.403
0.397
0.394
0.397
0.396
0.403
0.403
0.398
0.405
0.408
0.404
0.404
0.396
0.389
0.397
0.395
0.404
0.409
0.401
0.398
0.396
0.397
0.401
0.395
0.4
0.4
0.4
0.398
0.404
0.406
0.397
0.391
0.394
0.385
0.407
0.392
0.395
0.397
0.397
0.392
0.398
0.396
0.395
0.4
0.396
0.403
0.397
0.402
0.397
0.39
0.396
0.4
0.392
0.397
0.402
0.396
0.396
0.401
0.402
0.396
0.403
0.402
0.399
0.401
0.397
0.405
0.398
0.398
0.407
0.403
0.401
0.399
0.407
0.4
0.407
0.4
0.397
0.405
0.403
0.402
0.404
0.402
0.411
0.409
0.403
0.399
0.399
0.403
0.398
0.405
0.407
0.415
0.409
0.401
0.407
0.404
0.402
0.413
0.408
0.416
0.417
0.408
0.408
0.401
0.407
0.417
0.417
0.41
0.42
0.423
0.426
0.424
0.408
0.413
0.411
0.409
0.413
0.41
0.411
0.404
0.407
0.417
0.412
0.405
0.404
0.409
0.407
0.409
0.41
0.416
0.406
0.417
0.415
0.415
0.419
0.421
0.417
0.41
0.416
0.414
0.411
0.411
0.417
0.416
0.406
0.409
0.416
0.411
0.406
0.411
0.407
0.413
0.412
0.409
0.407
0.406
0.413
0.404
0.411
0.405
0.407
0.402
0.412
0.406
0.41
0.404
0.406
0.409
0.405
0.413
0.406
0.415
0.418
0.409
0.402
0.412
0.402
0.403
0.412
0.403
0.408
0.402
0.407
0.4
0.399
0.406
0.406
0.408
0.398
0.4
0.399
0.402
0.402
0.409
0.405
0.406
0.402
0.411
0.414
0.413
0.407
0.399
0.403
0.405
0.404
0.397
0.403
0.398
0.4
0.403
0.407
0.403
0.397
0.401
0.404
0.399
0.405
0.397
0.404
0.399
0.406
0.409
0.404
0.398
0.406
0.403
0.402
0.412
0.408
0.408
0.402
0.411
0.406
0.404
0.413
0.407
0.404
0.403
0.412
0.406
0.406
0.4
0.405
0.395
0.401
0.404
0.4
0.399
0.402
0.398
0.406
0.401
0.402
0.392
0.397
0.406
0.402
0.405
0.4
0.406
0.397
0.405
0.396
0.402
0.403
0.398
0.4
0.402
0.399
0.4
0.395
0.404
0.408
0.401
0.398
0.409
0.403
0.404
0.414
0.406
0.408
0.403
0.397
0.405
0.401
0.401
0.396
0.403
0.403
0.396
0.403
0.413
0.409
0.404
0.399
0.403
0.396
0.403
0.404
0.398
0.397
0.406
0.409
0.408
0.41
0.408
0.402
0.4
0.404
0.396
0.408
0.403
0.398
0.405
0.404
0.396
0.403
0.399
0.408
0.398
0.402
0.403
0.401
0.406
0.405
0.397
0.403
0.406
0.404
0.41
0.407
0.413
0.406
0.412
0.407
0.404
0.409
0.408
0.41
0.405
0.414
0.409
0.418
0.409
0.408
0.407
0.402
0.412
0.404
0.406
0.405
0.41
0.405
0.407
0.41
0.4
0.409
0.405
0.405
0.412
0.415
0.41
0.402
0.407
0.412
0.417
0.408
0.409
0.404
0.407
0.4
0.402
0.405
0.401
0.409
0.408
0.412
0.405
0.403
0.408
0.4
0.408
0.4
0.394
0.405
0.403
0.406
0.409
0.418
0.413
0.412
0.41
0.411
0.412
0.403
0.405
0.412
0.407
0.404
0.412
0.404
0.407
0.408
0.402
0.405
0.406
0.4
0.402
0.406
0.408
0.402
0.401
0.41
0.412
0.402
0.404
0.398
0.414
0.405
0.399
0.404
0.396
0.408
0.402
0.401
0.408
0.411
0.401
0.398
0.402
0.404
0.4
0.404
0.395
0.396
0.401
0.41
0.405
0.405
0.408
0.406
0.399
0.41
0.407
0.413
0.417
0.411
0.41
0.406
0.409
0.418
0.41
0.402
0.412
0.407
0.406
0.415
0.407
0.409
0.403
0.411
0.405
0.406
0.406
0.403
0.402
0.413
0.405
0.4
0.407
0.405
0.412
0.415
0.418
0.416
0.409
0.4
0.408
0.405
0.4
0.407
0.399
0.404
0.402
0.404
0.396
0.408
0.403
0.399
0.404
0.398
0.405
0.402
0.4
0.406
0.41
0.405
0.397
0.406
0.403
0.4
0.408
0.415
0.409
0.417
0.405
0.398
0.411
0.404
0.403
0.401
0.406
0.401
0.41
0.407
0.404
0.41
0.406
0.406
0.404
0.409
0.4
0.409
0.406
0.405
0.411
0.415
0.41
0.413
0.411
0.406
0.411
0.409
0.417
0.408
0.412
0.406
0.415
0.405
0.41
0.413
0.407
0.416
0.409
0.412
0.408
0.416
0.416
0.424
0.421
0.412
0.413
0.407
0.414
0.405
0.412
0.412
0.409
0.413
0.403
0.415
0.413
0.408
0.415
0.417
0.407
0.407
0.409
0.412
0.41
0.411
0.416
0.414
0.405
0.414
0.41
0.42
0.417
0.416
0.407
0.413
0.412
0.416
0.409
0.412
0.417
0.416
0.414
0.418
0.42
0.423
0.429
0.423
0.429
0.425
0.424
0.425
0.428
0.423
0.425
0.42
0.418
0.425
0.421
0.429
0.423
0.423
0.423
0.425
0.413
0.411
0.42
0.422
0.432
0.422
0.412
0.415
0.412
0.414
0.413
0.414
0.424
0.42
0.421
0.414
0.42
0.417
0.417
0.427
0.425
0.434
0.429
0.423
0.424
0.418
0.412
0.418
0.409
0.424
0.417
0.41
0.425
0.414
0.412
0.409
0.414
0.41
0.419
0.425
0.417
0.414
0.409
0.413
0.419
0.41
0.415
0.417
0.415
0.423
0.415
0.416
0.413
0.417
0.411
0.418
0.411
0.417
0.412
0.422
0.428
0.408
0.412
0.408
0.418
0.415
0.425
0.413
0.411
0.406
0.411
0.402
0.423
0.41
0.413
0.407
0.401
0.405
0.404
0.41
0.417
0.411
0.402
0.405
0.397
0.401
0.403
0.399
0.4
0.4
0.402
0.407
0.405
0.403
0.41
0.408
0.412
0.403
0.403
0.397
0.412
0.405
0.404
0.411
0.403
0.411
0.406
0.404
0.404
0.407
0.405
0.406
0.406
0.412
0.42
0.412
0.406
0.408
0.406
0.412
0.404
0.414
0.407
0.413
0.414
0.404
0.41
0.407
0.408
0.415
0.42
0.421
0.411
0.405
0.409
0.41
0.405
0.415
0.414
0.406
0.41
0.414
0.416
0.419
0.415
0.41
0.413
0.41
0.412
0.411
0.406
0.415
0.422
0.415
0.409
0.418
0.412
0.41
0.413
0.409
0.414
0.408
0.418
0.408
0.412
0.406
0.411
0.403
0.413
0.412
0.411
0.403
0.411
0.403
0.403
0.408
0.402
0.423
0.416
0.408
0.411
0.407
0.408
0.409
0.407
0.412
0.414
0.411
0.402
0.411
0.404
0.402
0.412
0.411
0.408
0.398
0.405
0.403
0.411
0.408
0.4
0.399
0.408
0.401
0.396
0.404
0.403
0.399
0.407
0.397
0.396
0.401
0.397
0.402
0.396
0.403
0.406
0.405
0.408
0.396
0.403
0.393
0.4
0.395
0.398
0.403
0.396
0.412
0.402
0.408
0.402
0.396
0.399
0.396
0.411
0.403
0.399
0.399
0.399
0.401
0.397
0.403
0.398
0.399
0.401
0.397
0.4
0.397
0.401
0.398
0.399
0.396
0.403
0.401
0.396
0.398
0.396
0.395
0.398
0.398
0.396
0.403
0.408
0.406
0.396
0.397
0.418
0.408
0.405
0.397
0.396
0.402
0.398
0.408
0.399
0.402
0.4
0.4
0.4
0.408
0.399
0.399
0.407
0.403
0.403
0.401
0.409
0.4
0.402
0.398
0.403
0.401
0.408
0.401
0.402
0.408
0.401
0.41
0.403
0.411
0.405
0.412
0.402
0.418
0.411
0.405
0.41
0.412
0.419
0.417
0.414
0.406
0.408
0.411
0.407
0.414
0.412
0.41
0.407
0.41
0.412
0.42
0.414
0.409
0.414
0.407
0.41
0.407
0.407
0.405
0.413
0.404
0.407
0.405
0.409
0.416
0.407
0.405
0.409
0.405
0.413
0.41
0.405
0.41
0.409
0.403
0.406
0.401
0.405
0.403
0.407
0.406
0.415
0.41
0.401
0.396
0.4
0.406
0.404
0.401
0.406
0.406
0.411
0.402
0.396
0.405
0.4
0.404
0.402
0.406
0.404
0.402
0.4
0.4
0.401
0.408
0.399
0.401
0.406
0.402
0.402
0.4
0.41
0.406
0.399
0.4
0.403
0.41
0.401
0.408
0.399
0.403
0.405
0.395
0.402
0.41
0.407
0.4
0.408
0.4
0.404
0.405
0.401
0.404
0.396
0.41
0.408
0.398
0.405
0.399
0.399
0.402
0.401
0.403
0.398
0.401
0.398
0.4
0.399
0.404
0.398
0.4
0.396
0.404
0.409
0.406
0.405
0.396
0.396
0.399
0.405
0.397
0.401
0.397
0.412
0.408
0.4
0.404
0.411
0.404
0.402
0.41
0.402
0.403
0.4
0.406
0.406
0.401
0.41
0.402
0.407
0.404
0.408
0.403
0.409
0.404
0.406
0.412
0.413
0.406
0.414
0.415
0.41
0.409
0.406
0.412
0.406
0.416
0.409
0.405
0.414
0.406
0.411
0.403
0.409
0.406
0.403
0.412
0.417
0.412
0.403
0.406
0.401
0.402
0.409
0.409
0.401
0.405
0.401
0.406
0.4
0.399
0.403
0.403
0.402
0.411
0.415
0.408
0.404
0.404
0.404
0.402
0.402
0.402
0.409
0.399
0.397
0.404
0.404
0.401
0.409
0.403
0.402
0.4
0.406
0.402
0.407
0.399
0.406
0.4
0.408
0.407
0.403
0.404
0.407
0.401
0.407
0.399
0.41
0.406
0.398
0.4
0.405
0.401
0.399
0.408
0.41
0.4
0.396
0.4
0.4
0.4
0.404
0.402
0.396
0.397
0.397
0.405
0.402
0.402
0.412
0.404
0.396
0.401
0.399
0.401
0.396
0.405
0.404
0.399
0.406
0.396
0.405
0.403
0.413
0.413
0.415
0.415
0.407
0.407
0.417
0.409
0.415
0.412
0.419
0.417
0.415
0.417
0.423
0.417
0.409
0.411
0.411
0.423
0.415
0.41
0.409
0.416
0.411
0.406
0.411
0.416
0.414
0.411
0.411
0.407
0.416
0.422
0.413
0.404
0.414
0.411
0.414
0.41
0.414
0.412
0.41
0.415
0.42
0.418
0.41
0.406
0.416
0.413
0.423
0.413
0.408
0.415
0.409
0.414
0.418
0.418
0.427
0.418
0.428
0.42
0.415
0.422
0.43
0.415
0.418
0.408
0.415
0.409
0.417
0.414
0.406
0.413
0.411
0.405
0.407
0.408
0.414
0.405
0.407
0.409
0.401
0.41
0.404
0.416
0.409
0.406
0.412
0.407
0.402
0.408
0.418
0.419
0.408
0.406
0.413
0.419
0.415
0.405
0.415
0.413
0.408
0.412
0.403
0.418
0.411
0.41
0.419
0.414
0.416
0.41
0.42
0.417
0.412
0.415
0.424
0.42
0.42
0.412
0.409
0.419
0.424
0.415
0.41
0.405
0.41
0.406
0.414
0.408
0.408
0.402
0.408
0.402
0.412
0.412
0.407
0.408
0.4
0.407
0.404
0.402
0.408
0.402
0.41
0.408
0.404
0.41
0.403
0.412
0.413
0.412
0.405
0.415
0.413
0.406
0.408
0.42
0.414
0.408
0.413
0.404
0.416
0.408
0.415
0.408
0.402
0.407
0.406
0.415
0.405
0.413
0.412
0.407
0.408
0.412
0.402
0.41
0.416
0.421
0.42
0.413
0.404
0.405
0.407
0.409
0.411
0.411
0.414
0.406
0.404
0.41
0.413
0.415
0.421
0.41
0.407
0.405
0.407
0.407
0.403
0.413
0.403
0.404
0.405
0.406
0.408
0.413
0.416
0.407
0.398
0.415
0.41
0.408
0.4
0.403
0.408
0.41
0.406
0.413
0.409
0.402
0.413
0.41
0.404
0.413
0.407
0.41
0.402
0.408
0.405
0.413
0.403
0.413
0.412
0.421
0.413
0.409
0.411
0.412
0.417
0.42
0.413
0.414
0.413
0.408
0.409
0.418
0.411
0.404
0.411
0.404
0.414
0.418
0.418
0.42
0.42
0.412
0.411
0.418
0.421
0.421
0.414
0.413
0.419
0.417
0.409
0.418
0.414
0.419
0.417
0.414
0.413
0.421
0.413
0.416
0.411
0.421
0.424
0.417
0.417
0.417
0.411
0.423
0.413
0.422
0.421
0.418
0.417
0.42
0.416
0.42
0.415
0.416
0.411
0.415
0.411
0.42
0.417
0.418
0.412
0.421
0.425
0.415
0.419
0.426
0.421
0.42
0.417
0.421
0.423
0.423
0.427
0.426
0.426
0.423
0.42
0.422
0.422
0.421
0.426
0.422
0.43
0.42
0.421
0.429
0.42
0.429
0.42
0.411
0.418
0.418
0.414
0.416
0.416
0.423
0.432
0.425
0.416
0.422
0.418
0.41
0.427
0.426
0.426
0.418
0.43
0.425
0.431
0.433
0.432
0.425
0.419
0.426
0.432
0.423
0.419
0.42
0.422
0.425
0.426
0.428
0.435
0.438
0.424
0.419
0.426
0.421
0.422
0.42
0.428
0.422
0.425
0.421
0.416
0.413
0.42
0.417
0.409
0.415
0.413
0.417
0.41
0.411
0.409
0.417
0.419
0.418
0.428
0.412
0.406
0.41
0.419
0.409
0.409
0.406
0.411
0.408
0.407
0.413
0.407
0.411
0.415
0.421
0.415
0.406
0.413
0.412
0.41
0.405
0.403
0.413
0.418
0.399
0.407
0.404
0.407
0.407
0.403
0.41
0.415
0.408
0.404
0.411
0.406
0.406
0.409
0.403
0.413
0.416
0.417
0.407
0.417
0.416
0.418
0.409
0.408
0.414
0.414
0.419
0.415
0.405
0.413
0.406
0.407
0.406
0.408
0.414
0.414
0.416
0.417
0.408
0.4
0.416
0.419
0.427
0.411
0.41
0.416
0.41
0.407
0.413
0.408
0.412
0.421
0.409
0.403
0.407
0.414
0.418
0.408
0.408
0.405
0.407
0.416
0.42
0.412
0.411
0.405
0.419
0.409
0.404
0.412
0.402
0.412
0.408
0.405
0.407
0.406
0.409
0.41
0.401
0.408
0.399
0.402
0.403
0.406
0.405
0.408
0.405
0.399
0.4
0.399
0.401
0.393
0.406
0.397
0.397
0.401
0.398
0.401
0.398
0.404
0.406
0.408
0.401
0.399
0.403
0.398
0.402
0.399
0.402
0.398
0.404
0.4
0.409
0.401
0.401
0.401
0.408
0.407
0.401
0.409
0.401
0.409
0.399
0.407
0.409
0.404
0.404
0.409
0.411
0.404
0.411
0.41
0.411
0.407
0.41
0.407
0.416
0.414
0.413
0.406
0.415
0.411
0.409
0.401
0.406
0.41
0.4
0.407
0.41
0.4
0.408
0.403
0.41
0.406
0.404
0.402
0.409
0.406
0.404
0.399
0.403
0.406
0.397
0.406
0.405
0.398
0.406
0.398
0.401
0.394
0.402
0.396
0.396
0.397
0.401
0.398
0.401
0.399
0.396
0.406
0.403
0.402
0.396
0.397
0.394
0.402
0.402
0.396
0.395
0.396
0.396
0.395
0.396
0.395
0.392
0.399
0.401
0.399
0.399
0.394
0.4
0.399
0.395
0.398
0.398
0.404
0.396
0.401
0.4
0.396
0.402
0.404
0.396
0.4
0.394
0.402
0.393
0.399
0.401
0.393
0.399
0.392
0.399
0.397
0.399
0.397
0.398
0.402
0.398
0.397
0.398
0.396
0.4
0.396
0.404
0.395
0.397
0.396
0.395
0.403
0.401
0.396
0.404
0.401
0.399
0.402
0.396
0.409
0.4
0.401
0.407
0.398
0.403
0.411
0.408
0.407
0.407
0.408
0.406
0.402
0.419
0.409
0.408
0.411
0.401
0.416
0.411
0.417
0.412
0.416
0.416
0.407
0.412
0.409
0.412
0.418
0.421
0.416
0.412
0.419
0.428
0.427
0.429
0.424
0.431
0.428
0.438
0.436
0.437
0.435
0.441
0.446
0.445
0.435
0.438
0.442
0.442
0.435
0.442
0.446
0.438
0.44
0.438
0.433
0.442
0.44
0.444
0.434
0.431
0.424
0.433
0.438
0.438
0.422
0.432
0.438
0.441
0.435
0.429
0.426
0.433
0.428
0.431
0.434
0.433
0.427
0.43
0.431
0.436
0.434
0.441
0.432
0.426
0.43
0.431
0.433
0.438
0.424
0.428
0.436
0.428
0.421
0.441
0.442
0.441
0.432
0.436
0.43
0.426
0.427
0.429
0.424
0.427
0.428
0.418
0.428
0.429
0.432
0.417
0.416
0.424
0.424
0.426
0.422
0.412
0.42
0.413
0.424
0.418
0.42
0.427
0.42
0.418
0.417
0.419
0.427
0.426
0.42
0.423
0.418
0.415
0.429
0.41
0.42
0.42
0.413
0.418
0.413
0.419
0.432
0.422
0.431
0.419
0.421
0.421
0.422
0.417
0.422
0.418
0.42
0.416
0.425
0.422
0.421
0.419
0.429
0.427
0.417
0.427
0.423
0.421
0.419
0.413
0.417
0.418
0.419
0.412
0.42
0.419
0.409
0.419
0.422
0.415
0.419
0.41
0.415
0.422
0.43
0.422
0.413
0.413
0.414
0.424
0.421
0.423
0.417
0.41
0.413
0.407
0.411
0.405
0.412
0.418
0.413
0.407
0.407
0.412
0.404
0.411
0.415
0.406
0.405
0.415
0.416
0.42
0.416
0.418
0.419
0.42
0.411
0.402
0.409
0.406
0.414
0.411
0.411
0.413
0.414
0.42
0.412
0.419
0.413
0.408
0.414
0.406
0.424
0.414
0.413
0.418
0.41
0.414
0.411
0.414
0.424
0.42
0.418
0.414
0.407
0.418
0.427
0.417
0.409
0.415
0.419
0.413
0.413
0.423
0.415
0.41
0.415
0.406
0.412
0.413
0.409
0.415
0.408
0.408
0.413
0.409
0.418
0.409
0.415
0.414
0.415
0.413
0.409
0.411
0.405
0.416
0.414
0.413
0.414
0.411
0.421
0.421
0.425
0.414
0.416
0.417
0.418
0.413
0.413
0.418
0.422
0.417
0.413
0.417
0.415
0.412
0.42
0.429
0.419
0.415
0.417
0.409
0.419
0.411
0.42
0.417
0.416
0.41
0.414
0.415
0.41
0.418
0.421
0.412
0.419
0.416
0.412
0.423
0.431
0.427
0.424
0.419
0.409
0.429
0.438
0.416
0.412
0.415
0.416
0.407
0.411
0.411
0.412
0.414
0.405
0.414
0.414
0.406
0.409
0.418
0.414
0.417
0.417
0.414
0.408
0.412
0.406
0.411
0.42
0.41
0.408
0.416
0.406
0.414
0.416
0.412
0.41
0.412
0.403
0.416
0.414
0.415
0.411
0.409
0.408
0.406
0.414
0.416
0.411
0.402
0.415
0.407
0.413
0.411
0.416
0.413
0.413
0.418
0.422
0.421
0.419
0.415
0.425
0.419
0.413
0.415
0.413
0.421
0.42
0.417
0.416
0.424
0.429
0.432
0.424
0.42
0.415
0.411
0.424
0.428
0.418
0.423
0.427
0.429
0.423
0.426
0.416
0.423
0.426
0.418
0.425
0.421
0.428
0.423
0.43
0.42
0.415
0.421
0.419
0.425
0.424
0.421
0.42
0.418
0.413
0.423
0.419
0.412
0.42
0.422
0.413
0.419
0.423
0.423
0.417
0.421
0.411
0.416
0.424
0.429
0.419
0.418
0.428
0.419
0.41
0.418
0.414
0.423
0.416
0.41
0.42
0.42
0.426
0.416
0.413
0.409
0.411
0.414
0.421
0.416
0.417
0.411
0.413
0.416
0.409
0.424
0.419
0.417
0.424
0.414
0.41
0.409
0.411
0.404
0.408
0.407
0.409
0.406
0.404
0.406
0.401
0.406
0.403
0.405
0.407
0.4
0.404
0.402
0.405
0.415
0.396
0.408
0.404
0.4
0.403
0.397
0.404
0.403
0.402
0.401
0.398
0.406
0.396
0.397
0.4
0.394
0.401
0.396
0.399
0.396
0.4
0.397
0.398
0.396
0.397
0.394
0.403
0.401
0.393
0.4
0.391
0.395
0.394
0.403
0.397
0.398
0.396
0.388
0.392
0.394
0.393
0.396
0.392
0.401
0.401
0.393
0.4
0.399
0.393
0.396
0.394
0.397
0.391
0.393
0.396
0.399
0.397
0.404
0.403
0.406
0.408
0.403
0.399
0.396
0.401
0.404
0.412
0.412
0.412
0.412
0.42
0.414
0.421
0.416
0.416
0.419
0.414
0.421
0.414
0.411
0.413
0.42
0.418
0.426
0.421
0.419
0.411
0.415
0.421
0.42
0.414
0.422
0.428
0.423
0.413
0.414
0.411
0.416
0.412
0.415
0.41
0.417
0.419
0.421
0.411
0.411
0.414
0.406
0.415
0.415
0.41
0.416
0.425
0.425
0.419
0.413
0.417
0.416
0.409
0.416
0.416
0.412
0.422
0.414
0.409
0.415
0.419
0.411
0.415
0.409
0.422
0.417
0.414
0.408
0.41
0.42
0.411
0.405
0.415
0.411
0.41
0.408
0.418
0.417
0.414
0.407
0.408
0.416
0.41
0.407
0.411
0.403
0.41
0.41
0.409
0.417
0.408
0.411
0.405
0.425
0.411
0.42
0.425
0.419
0.415
0.407
0.409
0.409
0.415
0.409
0.405
0.41
0.403
0.41
0.413
0.421
0.411
0.403
0.404
0.408
0.412
0.405
0.409
0.413
0.416
0.41
0.404
0.412
0.41
0.411
0.413
0.416
0.41
0.404
0.406
0.407
0.407
0.411
0.406
0.399
0.407
0.409
0.405
0.412
0.407
0.409
0.412
0.407
0.41
0.408
0.409
0.408
0.404
0.414
0.414
0.408
0.406
0.416
0.413
0.406
0.404
0.407
0.404
0.412
0.405
0.404
0.408
0.407
0.4
0.41
0.415
0.408
0.41
0.401
0.404
0.411
0.414
0.406
0.404
0.399
0.402
0.409
0.405
0.403
0.411
0.403
0.41
0.409
0.419
0.407
0.403
0.405
0.408
0.402
0.407
0.41
0.405
0.406
0.399
0.406
0.416
0.416
0.413
0.417
0.409
0.403
0.406
0.411
0.418
0.411
0.412
0.406
0.406
0.41
0.4
0.407
0.411
0.42
0.412
0.418
0.412
0.41
0.406
0.404
0.411
0.407
0.405
0.409
0.416
0.41
0.404
0.413
0.409
0.415
0.41
0.402
0.403
0.401
0.412
0.407
0.401
0.404
0.4
0.403
0.408
0.406
0.398
0.41
0.406
0.396
0.404
0.396
0.393
0.399
0.398
0.407
0.399
0.406
0.401
0.399
0.406
0.399
0.403
0.405
0.399
0.4
0.4
0.399
0.402
0.403
0.408
0.4
0.403
0.399
0.404
0.402
0.4
0.407
0.411
0.413
0.407
0.402
0.402
0.406
0.397
0.409
0.409
0.406
0.406
0.398
0.405
0.405
0.415
0.407
0.401
0.411
0.405
0.409
0.403
0.404
0.406
0.398
0.407
0.404
0.41
0.4
0.413
0.413
0.408
0.404
0.414
0.405
0.408
0.413
0.409
0.408
0.405
0.421
0.413
0.41
0.415
0.423
0.41
0.407
0.414
0.42
0.413
0.413
0.41
0.409
0.417
0.412
0.405
0.408
0.421
0.412
0.418
0.41
0.406
0.409
0.407
0.414
0.414
0.405
0.412
0.405
0.406
0.404
0.407
0.407
0.401
0.402
0.407
0.415
0.411
0.408
0.403
0.407
0.398
0.409
0.409
0.403
0.409
0.4
0.402
0.407
0.399
0.408
0.41
0.402
0.405
0.401
0.41
0.403
0.406
0.402
0.411
0.41
0.404
0.405
0.403
0.412
0.41
0.406
0.404
0.408
0.41
0.402
0.404
0.406
0.401
0.411
0.407
0.4
0.4
0.404
0.394
0.4
0.398
0.406
0.399
0.397
0.396
0.396
0.405
0.41
0.404
0.407
0.412
0.402
0.402
0.397
0.405
0.402
0.406
0.405
0.401
0.397
0.406
0.405
0.401
0.399
0.406
0.399
0.406
0.408
0.403
0.401
0.401
0.397
0.402
0.399
0.404
0.399
0.404
0.398
0.396
0.402
0.399
0.398
0.406
0.399
0.397
0.403
0.396
0.396
0.399
0.396
0.396
0.399
0.4
0.398
0.399
0.392
0.399
0.396
0.394
0.403
0.399
0.397
0.394
0.396
0.396
0.399
0.396
0.399
0.402
0.396
0.402
0.403
0.398
0.397
0.399
0.394
0.395
0.4
0.397
0.397
0.396
0.405
0.397
0.394
0.399
0.402
0.394
0.396
0.4
0.405
0.396
0.395
0.398
0.401
0.398
0.398
0.405
0.396
0.401
0.397
0.406
0.407
0.408
0.396
0.401
0.394
0.402
0.397
0.4
0.398
0.4
0.394
0.398
0.397
0.4
0.396
0.399
0.397
0.41
0.404
0.402
0.408
0.41
0.408
0.398
0.397
0.404
0.41
0.4
0.405
0.406
0.398
0.405
0.407
0.412
0.41
0.407
0.403
0.4
0.41
0.405
0.403
0.413
0.404
0.413
0.405
0.407
0.405
0.412
0.417
0.407
0.406
0.411
0.412
0.405
0.408
0.411
0.408
0.403
0.417
0.407
0.407
0.412
0.403
0.408
0.412
0.417
0.41
0.415
0.418
0.42
0.412
0.403
0.413
0.412
0.409
0.413
0.413
0.42
0.416
0.411
0.417
0.407
0.417
0.407
0.415
0.422
0.421
0.423
0.414
0.411
0.416
0.418
0.411
0.414
0.411
0.418
0.416
0.409
0.419
0.422
0.412
0.405
0.412
0.411
0.409
0.412
0.411
0.418
0.42
0.412
0.409
0.402
0.407
0.42
0.419
0.415
0.42
0.411
0.41
0.407
0.409
0.413
0.413
0.409
0.408
0.416
0.406
0.411
0.409
0.415
0.409
0.404
0.406
0.409
0.4
0.411
0.418
0.415
0.419
0.41
0.407
0.41
0.413
0.418
0.408
0.412
0.417
0.412
0.41
0.412
0.403
0.408
0.404
0.412
0.413
0.413
0.421
0.418
0.414
0.426
0.416
0.422
0.423
0.424
0.433
0.414
0.424
0.422
0.422
0.416
0.412
0.422
0.412
0.407
0.408
0.409
0.404
0.405
0.411
0.408
0.414
0.404
0.41
0.405
0.414
0.406
0.41
0.409
0.403
0.408
0.403
0.412
0.405
0.406
0.408
0.399
0.401
0.405
0.409
0.412
0.415
0.407
0.417
0.421
0.419
0.414
0.41
0.412
0.408
0.415
0.417
0.414
0.417
0.424
0.417
0.416
0.422
0.414
0.41
0.414
0.423
0.415
0.412
0.411
0.405
0.411
0.402
0.41
0.41
0.406
0.411
0.402
0.41
0.403
0.404
0.403
0.41
0.407
0.405
0.409
0.399
0.405
0.396
0.411
0.406
0.405
0.398
0.412
0.411
0.404
0.404
0.407
0.399
0.408
0.41
0.407
0.407
0.421
0.421
0.418
0.411
0.412
0.407
0.417
0.408
0.414
0.415
0.409
0.416
0.422
0.422
0.417
0.413
0.423
0.42
0.415
0.413
0.409
0.426
0.424
0.416
0.406
0.415
0.414
0.409
0.413
0.422
0.425
0.415
0.408
0.41
0.419
0.41
0.413
0.41
0.411
0.404
0.413
0.416
0.413
0.405
0.405
0.415
0.42
0.413
0.409
0.405
0.414
0.408
0.401
0.406
0.398
0.396
0.399
0.4
0.407
0.406
0.411
0.402
0.414
0.404
0.409
0.402
0.401
0.41
0.405
0.402
0.41
0.402
0.405
0.4
0.4
0.402
0.4
0.405
0.409
0.407
0.402
0.413
0.408
0.407
0.416
0.406
0.403
0.409
0.41
0.404
0.414
0.406
0.413
0.404
0.41
0.41
0.408
0.412
0.408
0.4
0.405
0.4
0.404
0.4
0.401
0.403
0.41
0.406
0.401
0.404
0.403
0.402
0.4
0.415
0.407
0.406
0.404
0.398
0.402
0.409
0.407
0.411
0.404
0.413
0.398
0.401
0.398
0.401
0.398
0.402
0.394
0.397
0.406
0.398
0.404
0.396
0.402
0.396
0.397
0.399
0.394
0.392
0.394
0.392
0.39
0.396
0.395
0.386
0.396
0.392
0.39
0.395
0.391
0.398
0.394
0.395
0.393
0.393
0.392
0.397
0.39
0.393
0.394
0.39
0.393
0.398
0.396
0.395
0.392
0.395
0.393
0.389
0.386
0.386
0.389
0.388
0.392
0.397
0.391
0.391
0.384
0.383
0.387
0.388
0.395
0.391
0.396
0.388
0.387
0.384
0.391
0.393
0.395
0.391
0.387
0.393
0.389
0.389
0.389
0.389
0.391
0.396
0.395
0.398
0.397
0.396
0.399
0.395
0.402
0.398
0.401
0.399
0.408
0.405
0.403
0.411
0.402
0.409
0.407
0.407
0.409
0.41
0.411
0.42
0.416
0.414
0.417
0.417
0.415
0.419
0.419
0.416
0.417
0.42
0.418
0.428
0.427
0.425
0.432
0.436
0.433
0.439
0.438
0.434
0.442
0.445
0.438
0.443
0.441
0.442
0.446
0.444
0.448
0.449
0.453
0.453
0.451
0.452
0.452
0.452
0.458
0.455
0.462
0.458
0.458
0.464
0.457
0.462
0.468
0.463
0.465
0.472
0.476
0.475
0.481
0.489
0.5
0.497
0.493
0.613
0.562
0.513
0.474
0.475
0.483
0.474
0.476
0.48
0.483
0.475
0.468
0.477
0.455
0.457
0.458
0.454
0.458
0.452
0.453
0.446
0.441
0.444
0.454
0.456
0.439
0.444
0.435
0.442
0.444
0.451
0.447
0.444
0.438
0.435
0.435
0.438
0.437
0.436
0.428
0.437
0.431
0.438
0.432
0.437
0.442
0.442
0.438
0.429
0.428
0.433
0.431
0.427
0.433
0.436
0.436
0.43
0.426
0.426
0.427
0.418
0.421
0.425
0.424
0.434
0.43
0.421
0.415
0.422
0.413
0.418
0.421
0.413
0.42
0.416
0.417
0.424
0.427
0.421
0.411
0.419
0.426
0.418
0.417
0.426
0.422
0.418
0.418
0.411
0.424
0.413
0.409
0.412
0.412
0.403
0.412
0.416
0.416
0.413
0.406
0.416
0.408
0.41
0.408
0.418
0.413
0.41
0.409
0.409
0.416
0.421
0.413
0.413
0.414
0.405
0.405
0.412
0.419
0.42
0.41
0.402
0.407
0.415
0.41
0.408
0.409
0.399
0.405
0.398
0.401
0.403
0.401
0.398
0.407
0.398
0.412
0.401
0.397
0.405
0.4
0.409
0.405
0.399
0.404
0.395
0.4
0.404
0.408
0.408
0.409
0.4
0.401
0.404
0.394
0.403
0.401
0.4
0.408
0.399
0.402
0.407
0.402
0.403
0.407
0.408
0.406
0.406
0.407
0.403
0.413
0.41
0.408
0.405
0.411
0.403
0.411
0.407
0.407
0.408
0.406
0.412
0.41
0.419
0.415
0.417
0.413
0.423
0.418
0.416
0.422
0.43
0.421
0.418
0.417
0.423
0.42
0.429
0.43
0.424
0.43
0.421
0.424
0.421
0.429
0.419
0.421
0.414
0.419
0.432
0.425
0.429
0.428
0.421
0.427
0.428
0.427
0.431
0.434
0.428
0.44
0.438
0.43
0.437
0.432
0.438
0.441
0.435
0.436
0.43
0.439
0.438
0.432
0.443
0.437
0.433
0.438
0.44
0.436
0.449
0.441
0.438
0.43
0.436
0.444
0.444
0.451
0.446
0.448
0.444
0.445
0.455
0.448
0.441
0.451
0.449
0.448
0.447
0.451
0.453
0.446
0.449
0.457
0.448
0.449
0.45
0.449
0.457
0.455
0.463
0.46
0.449
0.455
0.445
0.44
0.444
0.448
0.457
0.447
0.44
0.44
0.456
0.446
0.448
0.441
0.441
0.433
0.435
0.444
0.436
0.431
0.441
0.448
0.444
0.442
0.441
0.433
0.432
0.441
0.433
0.433
0.43
0.43
0.436
0.438
0.448
0.432
0.439
0.434
0.435
0.434
0.437
0.438
0.435
0.438
0.439
0.44
0.432
0.432
0.435
0.431
0.438
0.442
0.445
0.438
0.444
0.444
0.441
0.438
0.445
0.436
0.435
0.428
0.435
0.433
0.427
0.435
0.427
0.43
0.436
0.428
0.43
0.435
0.438
0.441
0.432
0.441
0.458
0.434
0.438
0.445
0.441
0.433
0.429
0.425
0.435
0.427
0.432
0.427
0.426
0.422
0.431
0.422
0.429
0.421
0.428
0.431
0.424
0.422
0.424
0.431
0.439
0.43
0.421
0.43
0.428
0.435
0.427
0.437
0.423
0.416
0.42
0.417
0.41
0.417
0.422
0.413
0.414
0.417
0.417
0.425
0.422
0.427
0.421
0.413
0.42
0.413
0.417
0.413
0.413
0.422
0.413
0.427
0.422
0.421
0.417
0.425
0.43
0.439
0.425
0.417
0.422
0.423
0.419
0.422
0.425
0.428
0.423
0.433
0.426
0.431
0.438
0.43
0.428
0.438
0.433
0.428
0.422
0.432
0.426
0.434
0.427
0.433
0.438
0.435
0.429
0.422
0.426
0.43
0.421
0.429
0.428
0.43
0.425
0.434
0.442
0.441
0.434
0.431
0.425
0.426
0.43
0.436
0.438
0.431
0.425
0.426
0.432
0.442
0.437
0.428
0.425
0.439
0.437
0.431
0.434
0.429
0.429
0.437
0.433
0.441
0.446
0.436
0.43
0.429
0.436
0.427
0.427
0.436
0.431
0.429
0.423
0.432
0.438
0.438
0.43
0.439
0.44
0.431
0.43
0.425
0.421
0.428
0.425
0.431
0.437
0.442
0.433
0.443
0.437
0.43
0.432
0.425
0.438
0.435
0.444
0.422
0.418
0.42
0.424
0.425
0.425
0.432
0.432
0.433
0.427
0.418
0.414
0.417
0.425
0.423
0.432
0.423
0.408
0.413
0.41
0.405
0.408
0.408
0.404
0.406
0.403
0.408
0.404
0.399
0.401
0.399
0.404
0.402
0.405
0.399
0.398
0.393
0.4
0.401
0.403
0.397
0.402
0.405
0.4
0.396
0.401
0.41
0.403
0.403
0.397
0.406
0.396
0.401
0.404
0.402
0.408
0.403
0.412
0.405
0.411
0.401
0.422
0.415
0.409
0.406
0.413
0.411
0.411
0.416
0.411
0.405
0.407
0.405
0.414
0.407
0.406
0.414
0.406
0.411
0.406
0.413
0.42
0.417
0.407
0.41
0.415
0.417
0.414
0.408
0.409
0.417
0.409
0.407
0.412
0.416
0.416
0.419
0.411
0.415
0.419
0.413
0.413
0.421
0.424
0.416
0.408
0.411
0.413
0.414
0.409
0.408
0.413
0.407
0.414
0.41
0.412
0.408
0.421
0.413
0.411
0.421
0.412
0.417
0.407
0.413
0.415
0.41
0.419
0.416
0.415
0.423
0.415
0.422
0.418
0.419
0.416
0.425
0.427
0.423
0.414
0.415
0.423
0.414
0.418
0.426
0.431
0.422
0.415
0.419
0.411
0.421
0.416
0.409
0.415
0.41
0.412
0.409
0.414
0.408
0.411
0.403
0.408
0.406
0.41
0.402
0.412
0.405
0.41
0.403
0.411
0.408
0.411
0.401
0.398
0.406
0.407
0.407
0.399
0.405
0.399
0.401
0.407
0.411
0.401
0.408
0.399
0.401
0.398
0.402
0.407
0.398
0.406
0.396
0.4
0.404
0.395
0.398
0.407
0.401
0.41
0.402
0.396
0.405
0.396
0.401
0.409
0.406
0.405
0.406
0.408
0.409
0.402
0.412
0.403
0.408
0.414
0.424
0.421
0.42
0.411
0.413
0.412
0.404
0.41
0.414
0.408
0.418
0.413
0.415
0.407
0.405
0.408
0.407
0.408
0.403
0.413
0.405
0.407
0.402
0.405
0.413
0.403
0.409
0.409
0.417
0.409
0.411
0.418
0.412
0.416
0.409
0.415
0.409
0.414
0.416
0.41
0.418
0.408
0.418
0.414
0.412
0.422
0.418
0.415
0.422
0.424
0.418
0.421
0.412
0.412
0.415
0.409
0.418
0.416
0.426
0.414
0.407
0.414
0.411
0.408
0.417
0.413
0.408
0.417
0.412
0.41
0.42
0.411
0.413
0.407
0.415
0.416
0.42
0.413
0.411
0.409
0.406
0.417
0.414
0.411
0.407
0.416
0.411
0.414
0.406
0.413
0.408
0.4
0.409
0.41
0.406
0.412
0.41
0.411
0.413
0.418
0.413
0.411
0.414
0.406
0.41
0.415
0.416
0.41
0.42
0.41
0.42
0.421
0.423
0.426
0.419
0.411
0.421
0.425
0.417
0.418
0.417
0.415
0.417
0.417
0.425
0.423
0.413
0.423
0.416
0.414
0.417
0.411
0.418
0.41
0.416
0.418
0.416
0.414
0.419
0.422
0.422
0.417
0.414
0.412
0.408
0.42
0.411
0.415
0.423
0.415
0.416
0.41
0.407
0.411
0.41
0.417
0.41
0.41
0.415
0.42
0.422
0.414
0.412
0.418
0.411
0.421
0.424
0.422
0.415
0.425
0.432
0.424
0.421
0.422
0.421
0.441
0.445
0.448
0.454
0.428
0.432
0.427
0.437
0.435
0.431
0.421
0.426
0.433
0.427
0.423
0.418
0.424
0.416
0.421
0.43
0.421
0.424
0.418
0.424
0.424
0.423
0.43
0.435
0.427
0.426
0.432
0.43
0.423
0.419
0.423
0.424
0.415
0.414
0.423
0.422
0.414
0.415
0.416
0.411
0.415
0.412
0.422
0.421
0.427
0.418
0.412
0.418
0.412
0.415
0.418
0.412
0.419
0.427
0.421
0.423
0.417
0.425
0.429
0.422
0.413
0.426
0.419
0.425
0.431
0.428
0.436
0.441
0.443
0.422
0.43
0.434
0.426
0.424
0.434
0.433
0.424
0.419
0.417
0.422
0.412
0.429
0.418
0.42
0.421
0.413
0.416
0.419
0.417
0.426
0.429
0.431
0.428
0.42
0.418
0.426
0.428
0.427
0.417
0.427
0.435
0.425
0.422
0.431
0.436
0.432
0.429
0.425
0.417
0.416
0.419
0.428
0.427
0.423
0.425
0.422
0.43
0.429
0.429
0.425
0.419
0.43
0.422
0.432
0.419
0.419
0.417
0.422
0.427
0.419
0.422
0.414
0.421
0.429
0.433
0.423
0.428
0.418
0.427
0.425
0.417
0.423
0.426
0.426
0.428
0.422
0.427
0.42
0.42
0.418
0.421
0.428
0.423
0.424
0.419
0.413
0.425
0.419
0.421
0.425
0.432
0.426
0.428
0.425
0.421
0.415
0.417
0.419
0.42
0.412
0.419
0.417
0.41
0.412
0.412
0.407
0.412
0.412
0.419
0.414
0.411
0.413
0.409
0.409
0.406
0.411
0.408
0.406
0.41
0.408
0.405
0.41
0.409
0.412
0.404
0.41
0.411
0.407
0.408
0.408
0.41
0.405
0.412
0.41
0.418
0.418
0.409
0.409
0.416
0.409
0.407
0.413
0.405
0.413
0.403
0.411
0.405
0.403
0.41
0.41
0.406
0.404
0.408
0.411
0.403
0.411
0.412
0.405
0.405
0.41
0.406
0.4
0.417
0.412
0.408
0.403
0.41
0.411
0.419
0.414
0.406
0.404
0.414
0.404
0.401
0.404
0.411
0.402
0.409
0.416
0.413
0.412
0.407
0.403
0.399
0.4
0.406
0.405
0.404
0.413
0.409
0.406
0.413
0.422
0.411
0.402
0.411
0.409
0.41
0.409
0.41
0.416
0.412
0.409
0.411
0.412
0.407
0.416
0.409
0.417
0.411
0.419
0.418
0.41
0.416
0.423
0.413
0.416
0.416
0.411
0.414
0.408
0.413
0.414
0.407
0.415
0.412
0.404
0.412
0.414
0.406
0.415
0.417
0.422
0.413
0.404
0.414
0.414
0.408
0.417
0.424
0.415
0.414
0.419
0.417
0.422
0.412
0.413
0.422
0.418
0.423
0.416
0.411
0.419
0.413
0.418
0.412
0.417
0.424
0.416
0.417
0.411
0.42
0.426
0.417
0.419
0.409
0.425
0.42
0.423
0.42
0.417
0.413
0.417
0.416
0.416
0.425
0.421
0.415
0.419
0.426
0.417
0.41
0.413
0.41
0.413
0.421
0.413
0.416
0.409
0.415
0.421
0.423
0.414
0.423
0.42
0.425
0.415
0.422
0.415
0.412
0.417
0.407
0.414
0.41
0.424
0.415
0.415
0.421
0.427
0.417
0.409
0.416
0.426
0.414
0.406
0.412
0.408
0.418
0.419
0.412
0.415
0.416
0.407
0.412
0.412
0.422
0.414
0.414
0.413
0.419
0.41
0.416
0.412
0.418
0.425
0.422
0.419
0.413
0.41
0.416
0.412
0.422
0.416
0.42
0.42
0.418
0.424
0.425
0.418
0.412
0.418
0.417
0.414
0.413
0.423
0.415
0.409
0.42
0.413
0.419
0.424
0.422
0.413
0.412
0.419
0.425
0.418
0.423
0.416
0.414
0.421
0.417
0.422
0.413
0.423
0.415
0.407
0.421
0.419
0.413
0.419
0.424
0.419
0.426
0.431
0.428
0.422
0.418
0.417
0.425
0.416
0.419
0.421
0.419
0.417
0.425
0.429
0.419
0.412
0.417
0.427
0.417
0.42
0.413
0.415
0.411
0.416
0.412
0.416
0.415
0.414
0.416
0.409
0.415
0.422
0.419
0.412
0.421
0.413
0.408
0.414
0.415
0.41
0.412
0.404
0.412
0.406
0.408
0.407
0.406
0.411
0.408
0.414
0.407
0.404
0.41
0.404
0.412
0.408
0.412
0.403
0.411
0.415
0.408
0.416
0.41
0.408
0.414
0.412
0.419
0.414
0.419
0.416
0.414
0.423
0.424
0.414
0.409
0.418
0.426
0.425
0.417
0.415
0.419
0.41
0.415
0.417
0.409
0.417
0.418
0.41
0.42
0.416
0.422
0.421
0.424
0.421
0.416
0.413
0.421
0.411
0.42
0.414
0.42
0.415
0.408
0.414
0.41
0.42
0.425
0.415
0.415
0.412
0.421
0.424
0.406
0.419
0.409
0.408
0.411
0.411
0.421
0.418
0.414
0.411
0.421
0.414
0.417
0.419
0.413
0.419
0.416
0.414
0.409
0.418
0.411
0.411
0.415
0.408
0.418
0.414
0.408
0.413
0.408
0.414
0.41
0.414
0.418
0.421
0.418
0.419
0.414
0.419
0.413
0.427
0.425
0.425
0.434
0.422
0.418
0.413
0.424
0.422
0.423
0.413
0.417
0.417
0.418
0.417
0.424
0.415
0.418
0.419
0.418
0.428
0.429
0.421
0.427
0.418
0.423
0.425
0.426
0.431
0.423
0.417
0.421
0.425
0.422
0.421
0.426
0.424
0.423
0.425
0.424
0.43
0.422
0.423
0.419
0.42
0.425
0.423
0.422
0.427
0.421
0.416
0.421
0.431
0.422
0.423
0.416
0.42
0.427
0.417
0.42
0.416
0.425
0.427
0.418
0.423
0.43
0.42
0.418
0.415
0.416
0.419
0.416
0.424
0.421
0.419
0.417
0.411
0.419
0.409
0.426
0.411
0.415
0.412
0.404
0.41
0.415
0.414
0.423
0.417
0.412
0.417
0.412
0.42
0.412
0.414
0.421
0.411
0.416
0.418
0.414
0.403
0.414
0.41
0.408
0.413
0.407
0.424
0.416
0.415
0.417
0.407
0.409
0.412
0.418
0.408
0.405
0.412
0.405
0.41
0.401
0.41
0.404
0.409
0.412
0.403
0.407
0.416
0.407
0.409
0.408
0.409
0.414
0.406
0.407
0.416
0.411
0.411
0.409
0.417
0.407
0.411
0.406
0.415
0.418
0.415
0.406
0.406
0.413
0.404
0.403
0.409
0.41
0.408
0.404
0.41
0.409
0.402
0.407
0.4
0.408
0.401
0.404
0.404
0.404
0.408
0.402
0.408
0.407
0.401
0.409
0.412
0.404
0.414
0.418
0.409
0.409
0.402
0.407
0.412
0.406
0.416
0.414
0.422
0.413
0.406
0.405
0.411
0.402
0.409
0.411
0.404
0.413
0.413
0.41
0.414
0.404
0.41
0.416
0.423
0.413
0.403
0.409
0.412
0.406
0.411
0.408
0.411
0.402
0.413
0.417
0.414
0.405
0.412
0.408
0.413
0.405
0.414
0.411
0.415
0.409
0.408
0.419
0.418
0.425
0.42
0.418
0.409
0.412
0.433
0.412
0.421
0.415
0.409
0.408
0.415
0.42
0.414
0.409
0.401
0.41
0.412
0.409
0.406
0.402
0.412
0.41
0.403
0.407
0.416
0.419
0.417
0.411
0.414
0.415
0.408
0.413
0.404
0.422
0.415
0.413
0.409
0.417
0.409
0.415
0.408
0.404
0.408
0.409
0.408
0.411
0.415
0.407
0.413
0.416
0.413
0.421
0.423
0.417
0.413
0.408
0.413
0.422
0.412
0.406
0.413
0.419
0.417
0.41
0.414
0.405
0.414
0.414
0.415
0.405
0.409
0.409
0.407
0.405
0.417
0.412
0.413
0.407
0.404
0.408
0.404
0.409
0.416
0.413
0.407
0.407
0.407
0.417
0.416
0.409
0.41
0.411
0.41
0.419
0.417
0.413
0.413
0.406
0.411
0.409
0.415
0.405
0.421
0.415
0.408
0.416
0.407
0.422
0.42
0.413
0.423
0.42
0.422
0.414
0.42
0.415
0.431
0.412
0.424
0.426
0.43
0.421
0.419
0.417
0.416
0.419
0.415
0.417
0.416
0.418
0.418
0.428
0.424
0.415
0.417
0.411
0.42
0.425
0.421
0.43
0.42
0.415
0.412
0.413
0.416
0.406
0.413
0.418
0.408
0.413
0.423
0.418
0.415
0.424
0.416
0.419
0.416
0.417
0.424
0.421
0.415
0.425
0.424
0.428
0.418
0.412
0.421
0.422
0.419
0.425
0.425
0.43
0.423
0.427
0.425
0.422
0.434
0.426
0.424
0.429
0.438
0.43
0.429
0.424
0.425
0.432
0.427
0.426
0.426
0.434
0.438
0.431
0.427
0.424
0.428
0.426
0.425
0.427
0.421
0.428
0.437
0.429
0.43
0.424
0.428
0.437
0.431
0.431
0.425
0.433
0.431
0.439
0.438
0.428
0.429
0.429
0.439
0.438
0.434
0.43
0.438
0.442
0.433
0.436
0.438
0.437
0.443
0.437
0.43
0.424
0.43
0.438
0.418
0.427
0.422
0.418
0.413
0.423
0.413
0.415
0.413
0.41
0.42
0.413
0.414
0.417
0.411
0.416
0.425
0.418
0.41
0.408
0.401
0.405
0.408
0.406
0.407
0.402
0.407
0.397
0.402
0.412
0.406
0.405
0.405
0.4
0.407
0.406
0.403
0.413
0.412
0.407
0.411
0.401
0.416
0.408
0.413
0.405
0.414
0.412
0.411
0.419
0.416
0.41
0.41
0.413
0.417
0.423
0.421
0.414
0.421
0.426
0.424
0.428
0.431
0.428
0.437
0.436
0.431
0.439
0.434
0.433
0.438
0.435
0.442
0.444
0.439
0.448
0.448
0.442
0.464
0.462
0.457
0.468
0.461
0.465
0.458
0.463
0.471
0.475
0.479
0.477
0.479
0.488
0.482
0.48
0.484
0.482
0.49
0.488
0.505
0.506
0.51
0.505
0.502
0.511
0.503
0.508
0.511
0.512
0.52
0.526
0.529
0.542
0.53
0.563
0.56
0.552
0.552
0.537
0.524
0.52
0.522
0.514
0.525
0.526
0.533
0.538
0.541
0.528
0.539
0.537
0.541
0.532
0.544
0.542
0.536
0.548
0.547
0.544
