0.611
0.605
0.607
0.594
0.606
0.604
0.596
0.597
0.606
0.596
0.585
0.595
0.589
0.577
0.58
0.575
0.567
0.574
0.569
0.559
0.546
0.553
0.525
0.521
0.513
0.519
0.511
0.486
0.474
0.472
0.477
0.46
0.464
0.466
0.462
0.469
0.467
0.458
0.449
0.446
0.445
0.45
0.445
0.435
0.447
0.446
0.438
0.444
0.44
0.437
0.438
0.454
0.452
0.441
0.463
0.469
0.474
0.465
0.466
0.463
0.437
0.433
0.429
0.437
0.434
0.43
0.423
0.439
0.425
0.429
0.425
0.426
0.428
0.425
0.427
0.422
0.436
0.434
0.425
0.433
0.43
0.435
0.444
0.443
0.433
0.431
0.436
0.437
0.427
0.443
0.434
0.441
0.433
0.436
0.431
0.427
0.433
0.425
0.427
0.427
0.43
0.434
0.426
0.425
0.434
0.443
0.432
0.427
0.42
0.427
0.428
0.419
0.428
0.422
0.419
0.422
0.419
0.422
0.422
0.421
0.421
0.428
0.433
0.432
0.428
0.42
0.425
0.435
0.441
0.446
0.435
0.438
0.429
0.431
0.43
0.425
0.428
0.422
0.423
0.427
0.426
0.434
0.431
0.427
0.426
0.434
0.427
0.422
0.419
0.426
0.433
0.429
0.419
0.421
0.427
0.435
0.418
0.42
0.428
0.422
0.43
0.426
0.424
0.421
0.432
0.432
0.426
0.431
0.429
0.434
0.439
0.445
0.435
0.431
0.438
0.448
0.441
0.43
0.43
0.436
0.437
0.429
0.421
0.418
0.426
0.418
0.424
0.425
0.418
0.419
0.418
0.422
0.418
0.41
0.417
0.426
0.429
0.42
0.423
0.413
0.42
0.419
0.423
0.419
0.417
0.421
0.424
0.418
0.421
0.42
0.43
0.433
0.435
0.43
0.426
0.42
0.423
0.422
0.43
0.422
0.417
0.423
0.417
0.427
0.43
0.423
0.413
0.413
0.419
0.417
0.413
0.412
0.416
0.409
0.411
0.412
0.416
0.407
0.413
0.43
0.42
0.423
0.423
0.417
0.415
0.426
0.425
0.418
0.424
0.422
0.427
0.421
0.428
0.438
0.416
0.423
0.427
0.421
0.423
0.429
0.435
0.437
0.427
0.424
0.429
0.433
0.43
0.424
0.429
0.434
0.426
0.423
0.43
0.426
0.423
0.428
0.418
0.436
0.441
0.436
0.427
0.425
0.421
0.422
0.43
0.44
0.425
0.429
0.419
0.426
0.431
0.414
0.422
0.412
0.422
0.426
0.418
0.424
0.43
0.437
0.419
0.425
0.429
0.435
0.432
0.428
0.426
0.427
0.434
0.44
0.42
0.426
0.43
0.429
0.421
0.426
0.423
0.424
0.418
0.426
0.418
0.428
0.422
0.43
0.439
0.423
0.429
0.421
0.418
0.42
0.426
0.416
0.414
0.415
0.416
0.42
0.425
0.433
0.419
0.429
0.423
0.427
0.43
0.428
0.422
0.414
0.417
0.423
0.419
0.413
0.42
0.425
0.432
0.425
0.42
0.416
0.421
0.438
0.423
0.43
0.435
0.427
0.422
0.418
0.418
0.418
0.428
0.434
0.428
0.434
0.437
0.444
0.428
0.422
0.434
0.433
0.425
0.43
0.44
0.425
0.428
0.421
0.426
0.425
0.418
0.422
0.431
0.439
0.426
0.422
0.417
0.418
0.426
0.435
0.425
0.416
0.42
0.415
0.42
0.41
0.418
0.418
0.426
0.434
0.436
0.441
0.435
0.434
0.432
0.441
0.437
0.442
0.447
0.423
0.428
0.433
0.441
0.431
0.427
0.425
0.435
0.431
0.426
0.427
0.422
0.42
0.425
0.421
0.424
0.422
0.418
0.421
0.431
0.423
0.418
0.415
0.418
0.419
0.415
0.418
0.409
0.411
0.415
0.423
0.427
0.418
0.417
0.412
0.414
0.414
0.42
0.414
0.415
0.414
0.414
0.413
0.423
0.424
0.418
0.421
0.423
0.411
0.414
0.42
0.41
0.41
0.408
0.408
0.414
0.415
0.406
0.41
0.413
0.404
0.41
0.42
0.42
0.409
0.402
0.41
0.408
0.406
0.404
0.412
0.405
0.403
0.4
0.405
0.399
0.404
0.397
0.406
0.404
0.396
0.402
0.406
0.399
0.398
0.401
0.409
0.405
0.402
0.399
0.405
0.398
0.415
0.407
0.402
0.409
0.409
0.404
0.41
0.413
0.417
0.42
0.418
0.408
0.412
0.408
0.408
0.414
0.409
0.411
0.411
0.406
0.412
0.408
0.408
0.412
0.414
0.406
0.416
0.41
0.419
0.417
0.421
0.424
0.415
0.417
0.41
0.413
0.436
0.434
0.427
0.42
0.43
0.425
0.424
0.419
0.42
0.41
0.414
0.416
0.41
0.412
0.418
0.428
0.415
0.406
0.414
0.405
0.408
0.413
0.409
0.425
0.415
0.412
0.414
0.405
0.414
0.408
0.418
0.418
0.426
0.425
0.41
0.418
0.417
0.408
0.419
0.41
0.413
0.424
0.417
0.409
0.413
0.408
0.416
0.414
0.409
0.411
0.411
0.412
0.41
0.412
0.403
0.413
0.412
0.408
0.411
0.415
0.419
0.421
0.428
0.422
0.418
0.414
0.42
0.425
0.433
0.414
0.422
0.42
0.415
0.416
0.417
0.417
0.42
0.415
0.415
0.413
0.427
0.422
0.412
0.409
0.411
0.409
0.418
0.411
0.41
0.406
0.411
0.403
0.41
0.414
0.412
0.404
0.408
0.402
0.411
0.408
0.406
0.41
0.409
0.419
0.419
0.409
0.408
0.404
0.414
0.404
0.408
0.402
0.408
0.409
0.415
0.404
0.406
0.408
0.412
0.402
0.405
0.402
0.405
0.408
0.417
0.414
0.408
0.401
0.404
0.411
0.418
0.416
0.407
0.399
0.408
0.402
0.406
0.414
0.418
0.419
0.41
0.407
0.406
0.408
0.4
0.413
0.409
0.405
0.402
0.407
0.408
0.417
0.415
0.406
0.403
0.411
0.412
0.403
0.408
0.408
0.414
0.408
0.41
0.404
0.415
0.409
0.408
0.411
0.403
0.412
0.413
0.405
0.413
0.414
0.407
0.414
0.417
0.426
0.422
0.409
0.415
0.414
0.41
0.412
0.412
0.416
0.411
0.409
0.409
0.412
0.419
0.416
0.413
0.407
0.419
0.409
0.417
0.424
0.415
0.41
0.416
0.412
0.404
0.41
0.411
0.402
0.412
0.407
0.409
0.403
0.406
0.415
0.42
0.418
0.41
0.402
0.405
0.41
0.42
0.418
0.408
0.401
0.409
0.404
0.41
0.408
0.412
0.404
0.411
0.404
0.411
0.403
0.411
0.408
0.402
0.406
0.407
0.402
0.407
0.414
0.409
0.413
0.411
0.412
0.415
0.406
0.409
0.422
0.417
0.409
0.416
0.412
0.413
0.406
0.409
0.417
0.418
0.418
0.418
0.413
0.412
0.404
0.407
0.412
0.41
0.403
0.411
0.407
0.412
0.41
0.415
0.422
0.407
0.414
0.414
0.41
0.412
0.421
0.431
0.42
0.428
0.434
0.41
0.419
0.429
0.42
0.412
0.413
0.41
0.414
0.414
0.423
0.426
0.418
0.412
0.407
0.413
0.417
0.425
0.411
0.406
0.414
0.405
0.406
0.413
0.404
0.405
0.41
0.409
0.412
0.418
0.408
0.415
0.412
0.406
0.41
0.405
0.403
0.409
0.405
0.414
0.408
0.405
0.409
0.406
0.406
0.414
0.407
0.411
0.408
0.407
0.41
0.408
0.414
0.415
0.405
0.397
0.399
0.405
0.398
0.389
0.396
0.397
0.389
0.395
0.396
0.39
0.389
0.385
0.392
0.384
0.392
0.387
0.381
0.385
0.385
0.393
0.391
0.377
0.386
0.381
0.374
0.378
0.38
0.379
0.379
0.385
0.378
0.373
0.379
0.372
0.375
0.374
0.38
0.377
0.376
0.372
0.38
0.379
0.378
0.377
0.376
0.371
0.376
0.376
0.373
0.375
0.378
0.381
0.38
0.378
0.37
0.372
0.375
0.377
0.382
0.381
0.382
0.381
0.381
0.381
0.382
0.378
0.379
0.375
0.38
0.374
0.373
0.371
0.379
0.38
0.381
0.377
0.382
0.383
0.389
0.382
0.381
0.375
0.377
0.382
0.384
0.387
0.389
0.39
0.384
0.379
0.378
0.386
0.382
0.379
0.382
0.382
0.378
0.387
0.384
0.382
0.378
0.385
0.377
0.385
0.382
0.387
0.395
0.381
0.373
0.369
0.377
0.379
0.376
0.373
0.367
0.371
0.373
0.369
0.376
0.373
0.381
0.374
0.366
0.364
0.369
0.377
0.375
0.381
0.374
0.378
0.382
0.376
0.377
0.375
0.381
0.381
0.378
0.377
0.377
0.381
0.378
0.372
0.379
0.385
0.393
0.387
0.386
0.38
0.389
0.389
0.38
0.377
0.38
0.384
0.389
0.389
0.387
0.385
0.379
0.377
0.385
0.385
0.392
0.385
0.385
0.377
0.38
0.376
0.378
0.372
0.372
0.381
0.378
0.372
0.365
0.368
0.36
0.366
0.372
0.372
0.376
0.367
0.37
0.365
0.367
0.372
0.37
0.366
0.362
0.371
0.365
0.362
0.366
0.372
0.365
0.371
0.376
0.375
0.375
0.368
0.375
0.371
0.374
0.371
0.371
0.368
0.373
0.369
0.371
0.366
0.369
0.369
0.371
0.371
0.367
0.368
0.371
0.368
0.369
0.378
0.37
0.367
0.363
0.37
0.362
0.362
0.356
0.362
0.371
0.363
0.363
0.357
0.355
0.359
0.354
0.362
0.356
0.36
0.354
0.364
0.361
0.366
0.358
0.366
0.363
0.367
0.373
0.37
0.367
0.366
0.362
0.371
0.372
0.366
0.367
0.372
0.367
0.367
0.368
0.373
0.37
0.368
0.364
0.367
0.357
0.365
0.362
0.353
0.355
0.356
0.357
0.355
0.352
0.358
0.35
0.354
0.361
0.358
0.355
0.357
0.361
0.355
0.354
0.355
0.362
0.356
0.361
0.357
0.363
0.366
0.361
0.359
0.363
0.364
0.362
0.362
0.365
0.368
0.366
0.358
0.367
0.359
0.365
0.358
0.356
0.364
0.358
0.361
0.353
0.358
0.354
0.352
0.351
0.352
0.354
0.348
0.355
0.359
0.352
0.357
0.355
0.355
0.356
0.354
0.359
0.353
0.358
0.351
0.353
0.352
0.356
0.356
0.355
0.354
0.362
0.353
0.361
0.354
0.361
0.354
0.358
0.362
0.357
0.361
0.354
0.357
0.357
0.359
0.36
0.354
0.36
0.36
0.359
0.356
0.358
0.353
0.36
0.35
0.356
0.349
0.357
0.35
0.358
0.36
0.354
0.356
0.363
0.352
0.699
0.695
0.699
0.698
0.698
0.696
0.694
0.695
0.698
0.348
0.348
0.354
0.347
0.349
0.35
0.348
0.354
0.349
0.351
0.354
0.35
0.356
0.354
0.357
0.36
0.355
0.353
0.36
0.352
0.356
0.362
0.36
0.362
0.354
0.358
0.354
0.36
0.354
0.359
0.354
0.357
0.352
0.359
0.352
0.354
0.353
0.346
0.697
0.698
0.698
0.698
0.696
0.698
0.696
0.695
0.696
0.696
0.697
0.346
0.351
0.343
0.345
0.352
0.352
0.347
0.355
0.348
0.348
0.355
0.349
0.357
0.351
0.354
0.353
0.354
0.351
0.356
0.354
0.357
0.364
0.364
0.364
0.362
0.361
0.361
0.354
0.351
0.354
0.348
0.354
0.353
0.354
0.354
0.354
0.352
0.353
0.361
0.355
0.699
0.698
0.695
0.696
0.693
0.695
0.694
0.694
0.692
0.693
0.692
0.692
0.691
0.345
0.346
0.345
0.344
0.347
0.347
0.346
0.348
0.343
0.351
0.343
0.345
0.35
0.35
0.344
0.348
0.344
0.348
0.354
0.348
0.353
0.353
0.352
0.353
0.345
0.351
0.355
0.355
0.348
0.35
0.356
0.356
0.355
0.355
0.359
0.352
0.351
0.356
0.355
0.352
0.354
0.359
0.355
0.348
0.356
0.348
0.346
0.349
0.354
0.351
0.345
0.349
0.347
0.348
0.35
0.348
0.346
0.349
0.352
0.346
0.344
0.352
0.347
0.349
0.346
0.348
0.346
0.348
0.345
0.349
0.347
0.346
0.348
0.351
0.348
0.347
0.347
0.352
0.348
0.347
0.347
0.345
0.347
0.345
0.349
0.345
0.348
0.341
0.342
0.346
0.344
0.346
0.341
0.348
0.343
0.345
0.342
0.345
0.343
0.345
0.341
0.69
0.346
0.344
0.344
0.346
0.349
0.341
0.348
0.349
0.353
0.351
0.354
0.346
0.35
0.354
0.354
0.356
0.35
0.356
0.356
0.354
0.354
0.354
0.36
0.356
0.352
0.355
0.352
0.36
0.356
0.357
0.361
0.357
0.363
0.354
0.358
0.363
0.356
0.363
0.359
0.362
0.366
0.361
0.361
0.366
0.364
0.363
0.362
0.358
0.372
0.366
0.371
0.363
0.372
0.366
0.37
0.365
0.369
0.361
0.366
0.364
0.369
0.372
0.367
0.375
0.369
0.378
0.376
0.377
0.375
0.379
0.375
0.381
0.374
0.383
0.376
0.381
0.377
0.374
0.379
0.386
0.378
0.381
0.386
0.377
0.375
0.377
0.379
0.38
0.374
0.38
0.378
0.377
0.372
0.373
0.371
0.374
0.376
0.369
0.377
0.372
0.373
0.372
0.374
0.37
0.373
0.373
0.376
0.367
0.376
0.385
0.377
0.372
0.375
0.381
0.379
0.378
0.381
0.378
0.383
0.375
0.387
0.388
0.384
0.389
0.381
0.384
0.382
0.382
0.385
0.384
0.387
0.388
0.381
0.384
0.378
0.399
0.395
0.39
0.392
0.396
0.389
0.388
0.385
0.39
0.388
0.388
0.388
0.383
0.386
0.389
0.383
0.387
0.385
0.384
0.379
0.386
0.394
0.386
0.393
0.385
0.389
0.384
0.389
0.382
0.387
0.396
0.387
0.392
0.399
0.391
0.383
0.384
0.393
0.389
0.388
0.395
0.393
0.394
0.387
0.394
0.393
0.401
0.393
0.396
0.392
0.394
0.391
0.396
0.39
0.394
0.398
0.392
0.395
0.389
0.393
0.391
0.391
0.395
0.394
0.398
0.391
0.399
0.398
0.392
0.4
0.396
0.392
0.401
0.391
0.395
0.401
0.402
0.406
0.398
0.397
0.395
0.398
0.399
0.405
0.398
0.396
0.398
0.389
0.391
0.396
0.389
0.395
0.396
0.396
0.387
0.389
0.395
0.386
0.391
0.391
0.392
0.388
0.392
0.396
0.388
0.393
0.386
0.39
0.391
0.389
0.382
0.391
0.393
0.396
0.396
0.393
0.396
0.394
0.395
0.391
0.395
0.39
0.398
0.4
0.391
0.391
0.395
0.392
0.396
0.399
0.396
0.391
0.394
0.388
0.396
0.393
0.391
0.397
0.402
0.401
0.396
0.396
0.388
0.396
0.391
0.396
0.398
0.4
0.401
0.401
0.397
0.391
0.397
0.397
0.393
0.395
0.396
0.4
0.395
0.386
0.394
0.39
0.395
0.39
0.393
0.395
0.393
0.391
0.398
0.399
0.395
0.39
0.388
0.386
0.393
0.386
0.387
0.389
0.389
0.386
0.388
0.389
0.387
0.39
0.385
0.392
0.389
0.398
0.394
0.396
0.385
0.389
0.386
0.392
0.39
0.383
0.391
0.382
0.39
0.387
0.395
0.401
0.392
0.397
0.389
0.389
0.39
0.386
0.388
0.39
0.388
0.392
0.396
0.398
0.39
0.399
0.385
0.391
0.389
0.38
0.384
0.386
0.386
0.384
0.391
0.384
0.393
0.385
0.392
0.391
0.389
0.391
0.389
0.388
0.393
0.391
0.387
0.396
0.392
0.396
0.395
0.396
0.389
0.394
0.391
0.39
0.389
0.393
0.39
0.396
0.397
0.396
0.399
0.395
0.399
0.395
0.391
0.403
0.396
0.396
0.396
0.394
0.4
0.401
0.405
0.405
0.397
0.398
0.39
0.398
0.397
0.396
0.4
0.391
0.404
0.4
0.396
0.398
0.399
0.397
0.399
0.396
0.397
0.398
0.393
0.399
0.391
0.398
0.405
0.398
0.399
0.398
0.406
0.399
0.392
0.401
0.396
0.395
0.397
0.396
0.403
0.402
0.395
0.396
0.396
0.398
0.395
0.396
0.396
0.395
0.396
0.392
0.396
0.394
0.395
0.404
0.396
0.394
0.389
0.396
0.391
0.395
0.387
0.402
0.396
0.389
0.387
0.394
0.39
0.393
0.385
0.393
0.396
0.391
0.394
0.39
0.391
0.389
0.395
0.394
0.396
0.394
0.392
0.386
0.394
0.386
0.394
0.388
0.392
0.388
0.392
0.389
0.396
0.395
0.393
0.387
0.394
0.39
0.393
0.392
0.389
0.391
0.397
0.391
0.389
0.385
0.389
0.387
0.391
0.389
0.385
0.384
0.39
0.387
0.396
0.394
0.387
0.384
0.389
0.386
0.391
0.386
0.391
0.393
0.4
0.393
0.386
0.394
0.388
0.389
0.384
0.389
0.389
0.395
0.398
0.392
0.392
0.39
0.385
0.384
0.389
0.383
0.396
0.395
0.389
0.388
0.388
0.393
0.387
0.393
0.39
0.397
0.393
0.399
0.396
0.4
0.395
0.394
0.394
0.393
0.39
0.391
0.395
0.4
0.398
0.391
0.389
0.393
0.385
0.394
0.396
0.399
0.395
0.393
0.39
0.389
0.391
0.397
0.4
0.394
0.398
0.396
0.404
0.406
0.404
0.4
0.396
0.394
0.401
0.399
0.407
0.399
0.394
0.393
0.405
0.399
0.393
0.398
0.395
0.396
0.399
0.393
0.399
0.398
0.396
0.396
0.401
0.401
0.401
0.396
0.397
0.389
0.404
0.394
0.393
0.394
0.4
0.395
0.392
0.401
0.4
0.395
0.398
0.391
0.392
0.388
0.393
0.39
0.396
0.387
0.396
0.397
0.392
0.384
0.389
0.387
0.391
0.385
0.386
0.383
0.387
0.39
0.385
0.383
0.391
0.394
0.393
0.387
0.386
0.391
0.386
0.388
0.381
0.388
0.386
0.395
0.388
0.389
0.39
0.388
0.382
0.387
0.388
0.389
0.385
0.391
0.387
0.38
0.388
0.382
0.391
0.386
0.388
0.387
0.383
0.385
0.388
0.382
0.39
0.393
0.39
0.396
0.388
0.385
0.388
0.384
0.382
0.388
0.385
0.388
0.385
0.386
0.383
0.385
0.387
0.379
0.385
0.393
0.384
0.392
0.395
0.389
0.388
0.385
0.385
0.389
0.385
0.392
0.392
0.383
0.386
0.387
0.386
0.381
0.388
0.386
0.389
0.386
0.386
0.393
0.392
0.386
0.386
0.385
0.388
0.384
0.386
0.386
0.389
0.388
0.388
0.39
0.391
0.388
0.384
0.383
0.381
0.384
0.385
0.389
0.389
0.389
0.382
0.381
0.379
0.385
0.392
0.391
0.386
0.389
0.385
0.386
0.39
0.387
0.385
0.393
0.39
0.396
0.394
0.396
0.387
0.396
0.395
0.394
0.396
0.394
0.393
0.386
0.397
0.392
0.395
0.399
0.39
0.399
0.399
0.393
0.393
0.395
0.394
0.39
0.397
0.393
0.393
0.395
0.39
0.396
0.387
0.396
0.397
0.4
0.394
0.399
0.396
0.401
0.394
0.4
0.399
0.396
0.4
0.396
0.397
0.4
0.396
0.402
0.396
0.395
0.394
0.396
0.398
0.401
0.399
0.39
0.394
0.401
0.392
0.398
0.4
0.407
0.403
0.394
0.414
0.408
0.404
0.411
0.412
0.405
0.403
0.407
0.397
0.404
0.399
0.403
0.405
0.405
0.402
0.407
0.408
0.399
0.398
0.4
0.405
0.403
0.398
0.404
0.411
0.397
0.402
0.396
0.399
0.39
0.395
0.396
0.397
0.391
0.398
0.395
0.394
0.392
0.386
0.389
0.396
0.393
0.391
0.392
0.393
0.387
0.387
0.389
0.392
0.396
0.396
0.396
0.391
0.386
0.391
0.386
0.388
0.389
0.397
0.394
0.387
0.388
0.393
0.391
0.39
0.391
0.39
0.396
0.391
0.396
0.391
0.394
0.393
0.393
0.391
0.395
0.389
0.398
0.39
0.393
0.396
0.394
0.39
0.396
0.403
0.395
0.39
0.398
0.389
0.393
0.388
0.397
0.401
0.396
0.39
0.395
0.4
0.398
0.399
0.39
0.396
0.392
0.395
0.402
0.398
0.395
0.386
0.397
0.394
0.389
0.39
0.398
0.397
0.389
0.391
0.396
0.4
0.401
0.395
0.39
0.395
0.396
0.39
0.394
0.396
0.4
0.396
0.39
0.403
0.4
0.397
0.4
0.398
0.403
0.405
0.403
0.402
0.396
0.395
0.4
0.399
0.404
0.403
0.4
0.393
0.4
0.399
0.395
0.4
0.4
0.394
0.401
0.395
0.402
0.398
0.397
0.4
0.402
0.411
0.401
0.398
0.406
0.396
0.407
0.406
0.399
0.401
0.398
0.406
0.402
0.404
0.407
0.4
0.405
0.404
0.411
0.401
0.408
0.415
0.413
0.405
0.414
0.411
0.404
0.406
0.412
0.405
0.405
0.412
0.412
0.412
0.407
0.414
0.414
0.406
0.408
0.409
0.412
0.402
0.408
0.413
0.406
0.401
0.408
0.403
0.412
0.405
0.408
0.405
0.411
0.42
0.411
0.413
0.416
0.406
0.41
0.408
0.415
0.407
0.402
0.408
0.399
0.404
0.401
0.405
0.401
0.403
0.398
0.409
0.407
0.399
0.4
0.395
0.406
0.412
0.402
0.409
0.4
0.396
0.398
0.399
0.396
0.402
0.401
0.395
0.404
0.402
0.398
0.395
0.395
0.398
0.398
0.401
0.403
0.404
0.396
0.395
0.397
0.395
0.391
0.4
0.394
0.398
0.393
0.396
0.39
0.398
0.395
0.396
0.391
0.396
0.39
0.397
0.403
0.399
0.396
0.391
0.394
0.396
0.392
0.391
0.392
0.397
0.401
0.398
0.392
0.392
0.396
0.394
0.392
0.396
0.393
0.401
0.404
0.399
0.391
0.397
0.402
0.406
0.402
0.4
0.396
0.398
0.398
0.402
0.402
0.412
0.405
0.398
0.393
0.399
0.399
0.394
0.398
0.404
0.4
0.394
0.4
0.392
0.399
0.39
0.396
0.393
0.394
0.395
0.397
0.404
0.398
0.399
0.397
0.394
0.403
0.397
0.396
0.403
0.396
0.401
0.405
0.398
0.402
0.398
0.398
0.392
0.397
0.397
0.396
0.399
0.4
0.404
0.4
0.399
0.394
0.396
0.404
0.401
0.394
0.402
0.399
0.4
0.399
0.399
0.398
0.403
0.412
0.402
0.396
0.404
0.407
0.41
0.4
0.4
0.396
0.405
0.407
0.402
0.407
0.409
0.416
0.406
0.401
0.403
0.399
0.404
0.394
0.401
0.404
0.399
0.402
0.406
0.412
0.405
0.404
0.397
0.407
0.398
0.401
0.402
0.397
0.404
0.407
0.405
0.401
0.402
0.404
0.41
0.404
0.412
0.403
0.403
0.41
0.401
0.411
0.411
0.416
0.409
0.41
0.413
0.418
0.412
0.411
0.413
0.418
0.413
0.417
0.411
0.417
0.415
0.421
0.416
0.421
0.416
0.418
0.422
0.416
0.424
0.42
0.42
0.421
0.423
0.425
0.43
0.424
0.429
0.428
0.433
0.431
0.432
0.437
0.432
0.438
0.437
0.439
0.44
0.444
0.44
0.45
0.446
0.453
0.451
0.449
0.454
0.455
0.455
0.45
0.46
0.468
0.46
0.466
0.468
0.463
0.467
0.47
0.472
0.474
0.48
0.487
0.486
0.484
0.486
0.49
0.483
0.493
0.487
0.481
0.488
0.484
0.49
0.48
0.49
0.489
0.491
0.496
0.5
0.499
0.491
0.5
0.498
0.505
0.496
0.503
0.505
0.495
0.501
0.503
0.51
0.498
0.507
0.509
0.502
0.502
0.504
0.494
0.505
0.517
0.522
0.523
0.523
0.529
0.53
0.527
0.54
0.539
0.542
0.55
0.55
0.56
0.548
0.56
0.554
0.552
0.544
0.547
0.538
0.53
0.534
0.543
0.549
0.572
0.567
0.561
0.562
0.555
0.556
0.547
0.548
0.547
0.542
0.555
0.557
0.57
0.563
0.546
0.552
0.564
0.621
0.609
0.604
0.599
0.565
0.565
0.555
0.556
0.554
0.554
0.55
0.563
0.564
0.569
0.571
0.578
0.583
0.58
0.582
0.577
0.571
0.584
0.582
0.591
0.591
0.589
0.583
0.587
0.587
0.577
0.576
0.579
0.58
0.579
0.578
0.576
0.581
0.582
0.58
0.57
0.579
0.575
0.566
0.563
0.576
0.577
0.586
0.588
0.581
0.58
0.578
0.575
0.575
0.571
0.571
0.571
0.569
0.583
0.577
0.582
0.585
0.583
0.58
0.576
0.58
0.573
0.569
0.572
0.581
0.592
0.633
0.633
0.637
0.636
0.632
0.628
0.623
0.617
0.609
0.605
0.604
0.601
0.602
0.604
0.609
0.614
0.619
0.621
0.626
0.622
0.621
0.619
0.615
0.61
0.615
0.614
0.615
0.614
0.619
0.62
0.618
0.615
0.616
0.614
0.611
0.612
0.611
0.61
0.611
0.62
0.62
0.623
0.623
0.618
0.617
0.593
0.599
0.598
0.6
0.601
0.602
0.597
0.596
0.596
0.597
0.598
0.6
0.604
0.608
0.61
0.615
0.612
0.612
0.612
0.614
0.616
0.617
0.629
0.631
0.629
0.637
0.627
0.62
0.619
0.621
0.621
0.619
0.623
0.622
0.627
0.633
0.637
0.636
0.632
0.631
0.631
0.63
0.626
0.625
0.626
0.623
0.625
0.63
0.634
0.626
0.613
0.613
0.618
0.603
0.634
0.634
0.634
0.633
0.628
0.622
0.621
0.621
0.624
0.627
0.627
0.632
0.631
0.636
0.604
0.61
0.606
0.597
0.593
0.585
0.599
0.602
0.604
0.608
0.61
