0.641
0.631
0.618
0.624
0.609
0.604
0.6
0.6
0.571
0.562
0.557
0.556
0.339
0.69
0.693
0.686
0.694
0.68
0.669
0.697
0.69
0.342
0.339
0.358
0.691
0.699
0.693
0.359
0.401
0.357
0.352
0.351
0.406
0.424
0.411
0.421
0.413
0.41
0.401
0.411
0.401
0.396
0.414
0.404
0.399
0.413
0.414
0.421
0.396
0.401
0.392
0.401
0.41
0.413
0.408
0.402
0.397
0.397
0.403
0.417
0.437
0.427
0.422
0.433
0.429
0.425
0.426
0.426
0.416
0.413
0.396
0.422
0.408
0.397
0.399
0.396
0.388
0.384
0.418
0.42
0.412
0.406
0.418
0.413
0.423
0.417
0.399
0.386
0.393
0.397
0.389
0.408
0.403
0.408
0.398
0.402
0.416
0.413
0.406
0.408
0.405
0.42
0.405
0.401
0.403
0.399
0.407
0.415
0.413
0.406
0.398
0.395
0.426
0.433
0.438
0.421
0.422
0.418
0.418
0.42
0.409
0.402
0.409
0.403
0.396
0.398
0.414
0.414
0.404
0.402
0.392
0.401
0.414
0.404
0.425
0.417
0.417
0.409
0.407
0.4
0.481
0.492
0.434
0.428
0.431
0.424
0.446
0.435
0.426
0.434
0.433
0.422
0.419
0.43
0.425
0.405
0.408
0.399
0.417
0.414
0.418
0.398
0.394
0.4
0.392
0.401
0.397
0.391
0.396
0.396
0.39
0.398
0.397
0.399
0.404
0.413
0.405
0.408
0.401
0.397
0.395
0.421
0.405
0.408
0.405
0.41
0.414
0.403
0.406
0.405
0.404
0.404
0.395
0.401
0.405
0.404
0.409
0.403
0.413
0.411
0.404
0.414
0.421
0.404
0.414
0.396
0.395
0.4
0.402
0.404
0.408
0.417
0.396
0.4
0.405
0.414
0.404
0.412
0.413
0.401
0.408
0.413
0.404
0.413
0.404
0.405
0.408
0.398
0.404
0.4
0.397
0.401
0.406
0.398
0.395
0.403
0.396
0.39
0.397
0.403
0.403
0.395
0.39
0.401
0.402
0.395
0.401
0.4
0.393
0.396
0.395
0.402
0.409
0.417
0.418
0.411
0.414
0.406
0.413
0.418
0.406
0.417
0.411
0.404
0.409
0.415
0.408
0.408
0.412
0.42
0.424
0.421
0.396
0.396
0.4
0.405
0.396
0.404
0.396
0.399
0.393
0.392
0.389
0.396
0.394
0.398
0.398
0.401
0.403
0.404
0.396
0.396
0.399
0.393
0.396
0.402
0.401
0.393
0.404
0.4
0.395
0.399
0.394
0.396
0.404
0.41
0.404
0.404
0.406
0.4
0.396
0.387
0.391
0.411
0.407
0.414
0.412
0.412
0.404
0.394
0.41
0.411
0.405
0.415
0.421
0.425
0.412
0.417
0.411
0.422
0.42
0.43
0.396
0.396
0.407
0.413
0.405
0.404
0.411
0.417
0.419
0.411
0.403
0.407
0.406
0.415
0.415
0.417
0.414
0.405
0.402
0.406
0.413
0.415
0.409
0.405
0.397
0.396
0.405
0.406
0.415
0.408
0.409
0.411
0.412
0.409
0.412
0.415
0.406
0.411
0.419
0.42
0.416
0.421
0.416
0.416
0.417
0.414
0.412
0.403
0.411
0.402
0.419
0.413
0.42
0.412
0.411
0.42
0.427
0.419
0.413
0.411
0.414
0.42
0.417
0.41
0.4
0.418
0.424
0.424
0.418
0.421
0.416
0.41
0.409
0.419
0.405
0.4
0.408
0.407
0.413
0.406
0.403
0.401
0.405
0.407
0.399
0.405
0.399
0.419
0.416
0.406
0.406
0.406
0.415
0.411
0.407
0.418
0.412
0.408
0.417
0.423
0.417
0.409
0.415
0.404
0.397
0.4
0.402
0.399
0.399
0.418
0.414
0.405
0.398
0.4
0.416
0.408
0.401
0.402
0.411
0.409
0.419
0.41
0.406
0.403
0.428
0.406
0.396
0.402
0.405
0.4
0.396
0.42
0.408
0.411
0.405
0.406
0.404
0.405
0.414
0.413
0.409
0.413
0.404
0.412
0.4
0.396
0.398
0.405
0.404
0.408
0.401
0.399
0.403
0.407
0.398
0.397
0.405
0.394
0.412
0.403
0.403
0.396
0.405
0.399
0.396
0.414
0.416
0.409
0.402
0.397
0.41
0.415
0.42
0.419
0.409
0.415
0.407
0.406
0.41
0.406
0.411
0.421
0.413
0.414
0.399
0.408
0.41
0.41
0.406
0.398
0.397
0.403
0.407
0.405
0.415
0.396
0.42
0.425
0.415
0.409
0.416
0.415
0.418
0.42
0.41
0.406
0.416
0.411
0.402
0.421
0.423
0.413
0.404
0.41
0.41
0.409
0.414
0.422
0.432
0.405
0.402
0.404
0.408
0.401
0.408
0.403
0.412
0.403
0.406
0.411
0.419
0.407
0.412
0.418
0.42
0.415
0.426
0.419
0.409
0.41
0.422
0.422
0.429
0.423
0.428
0.435
0.418
0.416
0.412
0.418
0.423
0.416
0.425
0.414
0.412
0.417
0.424
0.403
0.42
0.414
0.415
0.424
0.436
0.427
0.422
0.431
0.429
0.421
0.422
0.422
0.416
0.441
0.432
0.422
0.413
0.437
0.424
0.428
0.427
0.42
0.429
0.429
0.425
0.434
0.434
0.429
0.415
0.425
0.429
0.417
0.408
0.422
0.422
0.423
0.43
0.416
0.408
0.402
0.4
0.412
0.418
0.417
0.408
0.423
0.411
0.409
0.4
0.426
0.418
0.409
0.415
0.413
0.415
0.414
0.407
0.404
0.405
0.41
0.42
0.421
0.419
0.409
0.411
0.425
0.413
0.426
0.417
0.419
0.428
0.435
0.427
0.425
0.423
0.43
0.423
0.415
0.429
0.421
0.429
0.429
0.418
0.416
0.42
0.413
0.424
0.412
0.411
0.416
0.415
0.422
0.417
0.413
0.417
0.417
0.411
0.42
0.415
0.42
0.417
0.416
0.417
0.415
0.405
0.415
0.408
0.408
0.414
0.406
0.418
0.421
0.428
0.419
0.412
0.406
0.416
0.414
0.415
0.412
0.413
0.407
0.415
0.41
0.404
0.406
0.399
0.39
0.403
0.407
0.405
0.398
0.406
0.405
0.402
0.403
0.403
0.42
0.415
0.423
0.415
0.408
0.409
0.411
0.418
0.413
0.415
0.414
0.409
0.405
0.409
0.416
0.407
0.406
0.406
0.399
0.409
0.399
0.42
0.42
0.414
0.408
0.411
0.404
0.398
0.408
0.415
0.411
0.402
0.405
0.413
0.416
0.407
0.405
0.406
0.414
0.412
0.406
0.409
0.405
0.413
0.411
0.411
0.407
0.415
0.431
0.434
0.431
0.426
0.434
0.424
0.432
0.434
0.439
0.428
0.427
0.43
0.429
0.434
0.432
0.423
0.442
0.432
0.432
0.431
0.431
0.427
0.423
0.433
0.427
0.423
0.431
0.423
0.427
0.418
0.418
0.411
0.433
0.419
0.421
0.416
0.411
0.41
0.426
0.419
0.422
0.413
0.412
0.407
0.41
0.41
0.413
0.412
0.418
0.41
0.412
0.422
0.427
0.431
0.409
0.428
0.431
0.423
0.425
0.433
0.425
0.415
0.42
0.42
0.418
0.423
0.428
0.42
0.415
0.421
0.423
0.417
0.426
0.43
0.43
0.416
0.423
0.418
0.422
0.427
0.428
0.421
0.423
0.421
0.412
0.419
0.429
0.434
0.441
0.416
0.416
0.423
0.422
0.427
0.423
0.414
0.42
0.429
0.419
0.413
0.418
0.414
0.414
0.414
0.42
0.412
0.414
0.422
0.419
0.409
0.412
0.416
0.424
0.4
0.425
0.428
0.437
0.414
0.411
0.41
0.402
0.41
0.412
0.415
0.404
0.402
0.401
0.395
0.411
0.411
0.404
0.422
0.429
0.435
0.412
0.433
0.431
0.422
0.421
0.421
0.419
0.423
0.423
0.429
0.421
0.411
0.426
0.423
0.414
0.419
0.425
0.423
0.427
0.402
0.401
0.403
0.402
0.408
0.402
0.4
0.409
0.403
0.406
0.401
0.402
0.411
0.4
0.409
0.409
0.405
0.4
0.401
0.397
0.4
0.408
0.397
0.396
0.396
0.388
0.396
0.401
0.392
0.398
0.392
0.399
0.402
0.392
0.396
0.4
0.397
0.404
0.407
0.406
0.4
0.404
0.405
0.403
0.411
0.411
0.404
0.411
0.413
0.417
0.414
0.419
0.416
0.407
0.403
0.406
0.406
0.406
0.41
0.4
0.399
0.4
0.392
0.401
0.396
0.408
0.399
0.405
0.407
0.408
0.417
0.414
0.409
0.415
0.419
0.423
0.404
0.405
0.412
0.417
0.418
0.423
0.423
0.422
0.418
0.414
0.409
0.411
0.415
0.412
0.421
0.425
0.418
0.412
0.419
0.431
0.433
0.436
0.431
0.432
0.424
0.429
0.433
0.423
0.423
0.431
0.429
0.42
0.429
0.435
0.44
0.427
0.419
0.426
0.42
0.423
0.422
0.421
0.412
0.412
0.419
0.423
0.415
0.42
0.423
0.417
0.417
0.425
0.416
0.418
0.409
0.42
0.413
0.422
0.422
0.416
0.416
0.425
0.41
0.412
0.412
0.404
0.408
0.408
0.418
0.413
0.406
0.41
0.408
0.417
0.409
0.421
0.427
0.434
0.414
0.412
0.416
0.422
0.415
0.417
0.41
0.419
0.412
0.42
0.415
0.42
0.421
0.43
0.434
0.416
0.426
0.432
0.438
0.42
0.423
0.416
0.417
0.422
0.417
0.42
0.438
0.42
0.419
0.41
0.409
0.41
0.414
0.413
0.417
0.416
0.409
0.41
0.41
0.405
0.412
0.418
0.423
0.414
0.411
0.409
0.41
0.404
0.407
0.409
0.416
0.413
0.418
0.41
0.409
0.407
0.424
0.417
0.414
0.42
0.406
0.412
0.411
0.419
0.419
0.413
0.412
0.412
0.42
0.417
0.418
0.416
0.412
0.408
0.414
0.418
0.411
0.421
0.415
0.425
0.412
0.403
0.406
0.415
0.409
0.405
0.411
0.411
0.413
0.411
0.405
0.417
0.414
0.419
0.416
0.407
0.398
0.415
0.408
0.414
0.414
0.411
0.414
0.407
0.408
0.412
0.418
0.421
0.403
0.409
0.409
0.399
0.409
0.414
0.406
0.404
0.406
0.407
0.4
0.414
0.412
0.402
0.4
0.407
0.408
0.409
0.408
0.408
0.4
0.4
0.405
0.41
0.406
0.399
0.408
0.406
0.406
0.4
0.401
0.399
0.403
0.396
0.403
0.411
0.396
0.4
0.401
0.4
0.409
0.417
0.401
0.405
0.408
0.415
0.419
0.411
0.404
0.409
0.404
0.407
0.413
0.406
0.405
0.415
0.409
0.413
0.399
0.393
0.397
0.406
0.405
0.405
0.4
0.395
0.396
0.398
0.399
0.392
0.398
0.396
0.396
0.396
0.401
0.393
0.399
0.402
0.393
0.401
0.406
0.385
0.39
0.383
0.39
0.395
0.398
0.4
0.396
0.387
0.388
0.389
0.394
0.387
0.432
