0.669
0.672
0.66
0.626
0.622
0.614
0.611
0.589
0.561
0.564
0.557
0.558
0.451
0.31
0.459
0.46
0.464
0.471
0.476
0.457
0.467
0.463
0.452
0.363
0.352
0.443
0.45
0.461
0.455
0.453
0.439
0.442
0.442
0.446
0.444
0.44
0.449
0.448
0.459
0.463
0.454
0.456
0.461
0.462
0.463
0.479
0.478
0.487
0.484
0.451
0.47
0.461
0.404
0.413
0.412
0.413
0.414
0.415
0.424
0.417
0.415
0.409
0.419
0.414
0.408
0.4
0.424
0.414
0.423
0.419
0.41
0.442
0.431
0.43
0.414
0.42
0.404
0.406
0.398
0.396
0.393
0.396
0.396
0.392
0.388
0.387
0.394
0.394
0.396
0.392
0.386
0.393
0.386
0.379
0.378
0.391
0.395
0.386
0.369
0.383
0.392
0.396
0.398
0.399
0.396
0.393
0.401
0.405
0.407
0.407
0.401
0.395
0.398
0.394
0.4
0.397
0.398
0.4
0.409
0.408
0.416
0.415
0.424
0.42
0.412
0.424
0.429
0.421
0.421
0.42
0.416
0.422
0.423
0.427
0.432
0.432
0.433
0.426
0.426
0.425
0.404
0.412
0.418
0.411
0.41
0.404
0.399
0.401
0.396
0.393
0.394
0.395
0.399
0.378
0.396
0.396
0.388
0.395
0.38
0.379
0.387
0.387
0.382
0.383
0.386
0.389
0.381
0.382
0.376
0.384
0.376
0.372
0.376
0.37
0.372
0.374
0.373
0.368
0.365
0.383
0.382
0.386
0.378
0.371
0.381
0.387
0.395
0.405
0.399
0.39
0.391
0.396
0.388
0.397
0.399
0.395
0.396
0.401
0.401
0.411
0.416
0.41
0.403
0.409
0.404
0.42
0.416
0.426
0.416
0.418
0.423
0.421
0.417
0.417
0.414
0.415
0.418
0.411
0.431
0.427
0.423
0.42
0.428
0.425
0.416
0.411
0.43
0.41
0.417
0.413
0.413
0.41
0.393
0.404
0.398
0.409
0.394
0.396
0.401
0.394
0.386
0.395
0.393
0.393
0.395
0.395
0.393
0.402
0.38
0.391
0.397
0.384
0.382
0.382
0.374
0.382
0.379
0.377
0.375
0.377
0.37
0.391
0.373
0.377
0.369
0.374
0.371
0.366
0.375
0.383
0.37
0.367
0.362
0.362
0.36
0.366
0.361
0.362
0.371
0.378
0.374
0.381
0.392
0.399
0.399
0.401
0.407
0.406
0.398
0.408
0.417
0.408
0.413
0.411
0.413
0.411
0.402
0.41
0.417
0.414
0.407
0.407
0.409
0.415
0.406
0.419
0.408
0.412
0.412
0.404
0.407
0.4
0.408
0.409
0.41
0.403
0.396
0.404
0.404
0.406
0.405
0.396
0.388
0.39
0.385
0.379
0.378
0.384
0.376
0.378
0.377
0.382
0.376
0.374
0.375
0.372
0.373
0.379
0.375
0.374
0.369
0.376
0.367
0.372
0.374
0.37
0.366
0.368
0.366
0.362
0.371
0.37
0.363
0.364
0.369
0.367
0.368
0.365
0.37
0.377
0.373
0.367
0.367
0.367
0.362
0.368
0.364
0.367
0.366
0.365
0.36
0.364
0.362
0.366
0.361
0.364
0.364
0.371
0.354
0.358
0.368
0.378
0.39
0.389
0.391
0.393
0.387
0.404
0.4
0.407
0.401
0.4
0.415
0.397
0.402
0.398
0.403
0.401
0.4
0.406
0.411
0.4
0.403
0.394
0.396
0.391
0.397
0.4
0.392
0.391
0.4
0.406
0.408
0.403
0.409
0.418
0.406
0.403
0.403
0.418
0.421
0.417
0.411
0.406
0.418
0.409
0.418
0.413
0.404
0.408
0.4
0.41
0.419
0.424
0.416
0.416
0.419
0.419
0.427
0.421
0.415
0.407
0.408
0.412
0.413
0.406
0.412
0.418
0.413
0.417
0.415
0.415
0.425
0.423
0.419
0.411
0.418
0.419
0.418
0.415
0.42
0.396
0.396
0.378
0.384
0.38
0.379
0.375
0.383
0.377
0.368
0.374
0.365
0.371
0.369
0.37
0.371
0.373
0.37
0.368
0.371
0.367
0.37
0.368
0.376
0.371
0.371
0.366
0.368
0.369
0.368
0.369
0.364
0.373
0.366
0.364
0.363
0.353
0.355
0.355
0.355
0.36
0.354
0.361
0.354
0.36
0.361
0.362
0.354
0.358
0.363
0.361
0.362
0.353
0.357
0.352
0.355
0.35
0.356
0.36
0.356
0.353
0.354
0.695
0.353
0.347
0.354
0.356
0.348
0.355
0.35
0.358
0.349
0.35
0.355
0.348
0.696
0.695
0.696
0.357
0.354
0.352
0.356
0.356
0.35
0.355
0.348
0.363
0.366
0.362
0.377
0.373
0.393
0.393
0.396
0.39
0.388
0.389
0.393
0.402
0.398
0.39
0.396
0.396
0.394
0.396
0.396
0.395
0.399
0.396
0.396
0.399
0.397
0.396
0.394
0.396
0.411
0.411
0.399
0.407
0.404
0.406
0.415
0.409
0.399
0.407
0.404
0.4
0.411
0.407
0.402
0.406
0.396
0.405
0.407
0.417
0.406
0.398
0.406
0.396
0.403
0.403
0.41
0.405
0.4
0.398
0.397
0.411
0.402
0.41
0.419
0.414
0.419
0.423
0.402
0.422
0.414
0.411
0.402
0.414
0.415
0.408
0.416
0.405
0.411
0.402
0.412
0.411
0.398
0.405
0.412
0.402
0.403
0.409
0.393
0.395
0.399
0.396
0.396
0.395
0.392
0.393
0.377
0.387
0.384
0.376
0.385
0.378
0.377
0.383
0.374
0.367
0.371
0.37
0.375
0.372
0.364
0.38
0.372
0.362
0.365
0.371
0.368
0.359
0.367
0.364
0.354
0.36
0.358
0.365
0.361
0.359
0.358
0.354
0.361
0.352
0.359
0.359
0.363
0.358
0.356
0.363
0.368
0.363
0.364
0.356
0.364
0.357
0.364
0.355
0.361
0.352
0.354
0.356
0.35
0.358
0.353
0.361
0.355
0.356
0.363
0.354
0.362
0.354
0.356
0.359
0.361
0.353
0.356
0.357
0.359
0.365
0.358
0.361
0.354
0.361
0.357
0.36
0.364
0.359
0.357
0.361
0.361
0.353
0.358
0.361
0.357
0.36
0.358
0.365
0.359
0.355
0.361
0.355
0.361
0.358
0.359
0.352
0.354
0.356
0.355
0.358
0.356
0.354
0.359
0.355
0.38
0.374
0.377
0.371
0.373
0.38
0.372
0.387
0.384
0.378
0.383
0.38
0.384
0.389
0.396
0.387
0.389
0.396
0.391
0.397
0.388
0.39
0.387
0.392
0.401
0.397
0.393
0.401
0.396
0.392
0.391
0.396
0.387
0.395
0.396
0.398
0.401
0.399
0.403
0.399
0.395
0.414
0.409
0.403
0.4
0.409
0.405
0.415
0.411
0.405
0.415
0.41
0.403
0.413
0.419
0.412
0.405
0.403
0.401
0.403
0.411
0.404
0.407
0.405
0.397
0.396
0.405
0.41
0.407
0.402
0.399
0.398
0.396
0.4
0.406
0.396
0.394
0.397
0.401
0.391
0.401
0.401
0.404
0.403
0.402
0.398
0.397
0.395
0.401
0.405
0.414
0.399
0.407
0.409
0.418
0.41
0.409
0.403
0.404
0.414
0.411
0.41
0.41
0.406
0.405
0.424
0.418
0.423
0.419
0.414
0.422
0.419
0.424
0.432
0.422
0.414
0.415
0.423
0.423
0.415
0.421
0.412
0.414
0.406
0.396
0.4
0.401
0.393
0.396
0.395
0.39
0.397
0.392
0.4
0.388
0.393
0.398
0.383
0.379
0.379
0.389
0.38
0.382
0.377
0.373
0.381
0.378
0.363
0.372
0.365
0.37
0.378
0.372
0.363
0.355
0.357
0.354
0.362
0.366
0.365
0.351
0.359
0.367
0.36
0.359
0.36
0.362
0.359
0.365
0.364
0.364
0.365
0.374
0.36
0.367
0.361
0.366
0.366
0.364
0.372
0.364
0.367
0.368
0.372
0.364
0.364
0.366
0.362
0.361
0.36
0.363
0.364
0.364
0.36
0.359
0.367
0.365
0.371
0.374
0.367
0.363
0.369
0.365
0.364
0.371
0.364
0.363
0.362
0.36
0.364
0.365
0.363
0.36
0.359
0.361
0.362
0.363
0.372
0.369
0.366
0.375
0.368
0.363
0.369
0.378
0.387
0.379
0.381
0.375
0.383
0.376
0.39
0.397
0.384
0.393
0.392
0.394
0.39
0.383
0.388
0.387
0.387
0.386
0.392
0.396
0.4
0.393
0.397
0.396
0.397
0.394
0.392
0.39
0.403
0.406
0.396
0.389
0.405
0.396
0.399
0.42
0.412
0.42
0.419
0.421
0.413
0.414
0.412
0.406
0.416
0.412
0.416
0.416
0.426
0.424
0.418
0.428
0.436
0.43
0.43
0.428
0.428
0.438
0.433
0.424
0.431
0.435
0.43
0.417
0.425
0.428
0.418
0.415
0.423
0.416
0.412
0.413
0.409
0.414
0.412
0.418
0.413
0.422
0.42
0.414
0.412
0.41
0.41
0.403
0.413
0.405
0.411
0.402
0.41
0.407
0.412
0.407
0.412
0.405
0.404
0.412
0.418
0.412
0.407
0.412
0.416
0.418
0.413
0.421
0.413
0.407
0.403
0.408
0.415
0.412
0.407
0.41
0.409
0.414
0.423
0.416
0.418
0.419
0.411
0.412
0.408
0.415
0.412
0.422
0.414
0.423
0.418
0.408
0.414
0.415
0.407
0.407
0.413
0.418
0.399
0.396
0.398
0.392
0.4
0.403
0.397
0.4
0.391
0.396
0.399
0.404
0.403
0.396
0.393
0.402
0.398
0.389
0.389
0.383
0.39
0.396
0.39
0.383
0.388
0.383
0.384
0.384
0.393
0.387
0.393
0.394
0.389
0.385
0.376
0.382
0.384
0.385
0.384
0.378
0.381
0.38
0.38
0.373
0.379
0.381
0.378
0.375
0.374
0.375
0.382
0.379
0.38
0.387
0.374
0.378
0.385
0.38
0.372
0.373
0.376
0.376
0.374
0.377
0.385
0.38
0.374
0.373
0.377
0.37
0.374
0.376
0.384
0.376
0.381
0.372
0.372
0.378
0.374
0.365
0.373
0.367
0.37
0.376
0.378
0.375
0.368
0.367
0.375
0.371
0.375
0.371
0.37
0.369
0.366
0.374
0.357
0.366
0.372
0.368
0.364
0.365
0.37
0.362
0.369
0.377
0.374
0.369
0.385
0.381
0.378
0.383
0.385
0.387
0.393
0.387
0.39
0.393
0.386
0.393
0.386
0.378
0.377
0.381
0.387
0.389
0.393
0.394
0.402
0.392
0.392
0.392
0.4
0.402
0.393
0.399
0.393
0.395
0.391
0.391
0.398
0.396
0.392
0.4
0.388
0.395
0.397
0.394
0.396
0.397
0.394
0.399
0.404
0.396
0.397
0.405
0.401
0.394
0.398
0.396
0.401
0.41
0.402
0.406
0.402
0.398
0.407
0.399
0.405
0.396
0.404
0.402
0.411
0.409
0.411
0.403
0.412
0.416
0.422
0.414
0.42
0.415
0.415
0.41
0.417
0.423
0.422
0.417
0.413
0.414
0.417
0.414
0.431
0.419
0.425
0.433
0.425
0.425
0.425
0.428
0.419
0.426
0.418
0.435
0.433
0.428
0.424
0.422
0.427
0.42
0.42
0.422
0.415
0.419
0.423
0.416
0.414
0.423
0.415
0.425
0.428
0.418
0.408
0.418
0.417
0.423
0.418
0.415
0.412
0.415
0.408
0.407
0.409
0.419
0.42
0.413
0.4
0.404
0.413
0.405
0.407
0.391
0.388
0.393
0.385
0.387
0.389
0.382
0.384
0.385
0.394
0.383
0.381
0.379
0.385
0.393
0.377
0.374
0.379
0.375
0.377
0.371
0.375
0.377
0.375
0.368
0.367
0.368
0.363
0.363
0.371
0.365
0.365
0.37
0.364
0.366
0.361
0.368
0.36
0.367
0.358
0.362
0.361
0.362
0.364
0.365
0.358
0.362
0.364
0.36
0.358
0.366
0.362
0.365
0.358
0.361
0.36
0.361
0.366
0.375
0.374
0.38
0.372
0.376
0.383
0.378
0.385
0.379
0.375
0.379
0.373
0.378
0.387
0.378
0.376
0.377
0.383
0.387
0.389
0.382
0.386
0.381
0.389
0.393
0.389
0.397
0.396
0.399
0.403
0.408
0.403
0.402
0.399
0.401
0.407
0.409
0.403
0.403
0.404
0.402
0.404
0.411
0.414
0.404
0.412
0.415
0.419
0.421
0.42
0.414
0.413
0.428
0.403
0.421
0.415
0.418
0.415
0.424
0.415
0.409
0.427
0.413
0.422
0.414
0.405
0.414
0.404
0.407
0.399
0.391
0.384
0.393
0.394
0.388
0.392
0.396
0.394
0.366
0.363
0.373
0.366
0.375
0.377
0.375
0.378
0.376
0.379
0.375
0.373
0.379
0.384
0.382
0.389
0.38
0.384
0.378
0.382
0.383
0.382
0.392
0.399
0.391
0.387
0.402
0.396
0.403
0.396
0.405
0.405
0.403
0.399
0.406
0.402
0.412
0.405
0.4
0.408
0.412
0.402
0.402
0.412
0.411
0.41
0.41
0.416
0.407
0.413
0.409
0.409
0.406
0.397
0.401
0.414
0.411
0.415
0.417
0.414
0.414
0.421
0.421
0.426
0.416
0.421
0.413
0.415
0.421
0.427
0.418
0.414
0.414
0.419
0.416
0.426
0.416
0.414
0.421
0.408
0.414
0.411
0.403
0.418
0.417
0.412
0.421
0.426
0.421
0.414
0.417
0.409
0.414
0.41
0.415
0.405
0.412
0.407
0.407
0.405
0.405
0.412
0.417
0.413
0.413
0.404
0.4
0.412
0.413
0.404
0.414
0.412
0.41
0.411
0.401
0.404
0.409
0.41
0.41
0.41
0.405
0.415
0.409
0.419
0.414
0.411
0.406
0.408
0.4
0.406
0.397
0.405
0.397
0.406
0.404
0.399
0.406
0.397
0.402
0.397
0.399
0.405
0.399
0.403
0.396
0.404
0.399
0.421
0.414
0.415
0.418
0.422
