0.695
0.681
0.672
0.657
0.646
0.638
0.624
0.624
0.579
0.581
0.571
0.576
0.569
0.567
0.557
0.506
0.502
0.685
0.458
0.438
0.438
0.438
0.432
0.429
0.434
0.435
0.437
0.435
0.436
0.431
0.428
0.434
0.441
0.436
0.436
0.433
0.439
0.442
0.435
0.437
0.428
0.425
0.442
0.418
0.446
0.426
0.438
0.434
0.424
0.428
0.438
0.42
0.426
0.432
0.433
0.438
0.428
0.419
0.424
0.417
0.422
0.417
0.432
0.433
0.427
0.43
0.426
0.434
0.44
0.44
0.424
0.427
0.44
0.437
0.447
0.448
0.439
0.444
0.443
0.438
0.438
0.429
0.427
0.429
0.438
0.448
0.441
0.438
0.449
0.442
0.439
0.434
0.434
0.436
0.436
0.432
0.44
0.435
0.425
0.43
0.429
0.437
0.432
0.434
0.438
0.443
0.443
0.431
0.427
0.428
0.431
0.425
0.435
0.442
0.43
0.426
0.436
0.433
0.434
0.428
0.423
0.419
0.416
0.425
0.431
0.438
0.425
0.434
0.419
0.422
0.418
0.415
0.421
0.422
0.428
0.416
0.419
0.412
0.417
0.42
0.422
0.426
0.433
0.438
0.423
0.431
0.441
0.44
0.441
0.429
0.427
0.428
0.429
0.429
0.436
0.428
0.431
0.425
0.422
0.437
0.434
0.426
0.424
0.419
0.431
0.427
0.422
0.426
0.419
0.417
0.42
0.436
0.434
0.438
0.428
0.441
0.434
0.426
0.432
0.423
0.427
0.423
0.428
0.432
0.441
0.446
0.421
0.429
0.425
0.434
0.427
0.45
0.431
0.427
0.42
0.43
0.425
0.421
0.426
0.417
0.424
0.422
0.424
0.418
0.428
0.418
0.426
0.429
0.452
0.429
0.426
0.428
0.424
0.436
0.437
0.424
0.416
0.41
0.417
0.423
0.42
0.411
0.419
0.412
0.419
0.419
0.421
0.43
0.426
0.418
0.424
0.418
0.426
0.42
0.418
0.428
0.438
0.433
0.417
0.425
0.421
0.427
0.419
0.427
0.432
0.414
0.414
0.422
0.421
0.412
0.416
0.41
0.418
0.411
0.421
0.413
0.421
0.412
0.418
0.411
0.42
0.414
0.413
0.421
0.418
0.415
0.422
0.434
0.418
0.431
0.436
0.432
0.429
0.43
0.429
0.428
0.436
0.435
0.438
0.429
0.422
0.429
0.438
0.438
0.441
0.433
0.454
0.457
0.46
0.46
0.461
0.487
0.489
0.498
0.491
0.501
0.508
0.514
0.512
0.516
0.51
0.505
0.508
0.517
0.508
0.507
0.514
0.519
0.52
0.541
0.538
0.545
0.541
0.537
0.542
0.559
0.567
0.57
0.576
0.582
0.585
0.627
0.639
