0.636
0.626
0.619
0.619
0.608
0.611
0.611
0.606
0.604
0.591
0.598
0.597
0.604
0.578
0.575
0.565
0.561
0.548
0.554
0.534
0.525
0.535
0.495
0.483
0.473
0.466
0.47
0.449
0.439
0.445
0.446
0.452
0.447
0.442
0.428
0.422
0.435
0.428
0.429
0.423
0.423
0.42
0.426
0.429
0.426
0.427
0.427
0.419
0.423
0.423
0.422
0.426
0.429
0.419
0.423
0.423
0.422
0.42
0.417
0.418
0.422
0.415
0.417
0.42
0.42
0.423
0.424
0.432
0.433
0.423
0.414
0.423
0.426
0.421
0.421
0.429
0.422
0.414
0.419
0.411
0.417
0.427
0.425
0.425
0.426
0.42
0.419
0.41
0.413
0.418
0.428
0.419
0.416
0.421
0.413
0.419
0.416
0.407
0.417
0.411
0.412
0.417
0.413
0.414
0.417
0.413
0.411
0.414
0.408
0.419
0.418
0.425
0.424
0.417
0.415
0.421
0.413
0.42
0.411
0.413
0.407
0.416
0.408
0.398
0.41
0.41
0.406
0.409
0.399
0.407
0.408
0.408
0.401
0.408
0.408
0.41
0.417
0.416
0.414
0.412
0.409
0.405
0.413
0.405
0.411
0.404
0.408
0.402
0.412
0.409
0.403
0.425
0.416
0.422
0.414
0.416
0.407
0.405
0.407
0.41
0.417
0.411
0.406
0.416
0.42
0.411
0.404
0.402
0.405
0.396
0.403
0.404
0.413
0.407
0.412
0.402
0.417
0.411
0.404
0.403
0.409
0.413
0.406
0.412
0.403
0.409
0.41
0.401
0.412
0.405
0.407
0.408
0.411
0.412
0.404
0.407
0.417
0.415
0.405
0.404
0.409
0.408
0.413
0.404
0.415
0.409
0.407
0.417
0.421
0.419
0.414
0.421
0.408
0.415
0.409
0.415
0.413
0.417
0.41
0.405
0.415
0.405
0.413
0.403
0.405
0.403
0.408
0.418
0.413
0.415
0.413
0.405
0.407
0.404
0.408
0.416
0.408
0.41
0.418
0.417
0.411
0.411
0.403
0.41
0.418
0.422
0.412
0.415
0.408
0.414
0.419
0.422
0.421
0.417
0.411
0.414
0.418
0.417
0.414
0.423
0.421
0.423
0.416
0.413
0.417
0.419
0.414
0.417
0.417
0.423
0.415
0.405
0.411
0.414
0.413
0.405
0.403
0.412
0.415
0.423
0.415
0.409
0.413
0.404
0.414
0.406
0.409
0.403
0.409
0.399
0.404
0.407
0.398
0.412
0.41
0.406
0.409
0.415
0.407
0.411
0.415
0.409
0.414
0.418
0.41
0.409
0.41
0.415
0.406
0.412
0.414
0.404
0.412
0.406
0.407
0.409
0.4
0.406
0.407
0.402
0.425
0.411
0.404
0.41
0.412
0.418
0.419
0.42
0.415
0.408
0.418
0.409
0.406
0.414
0.411
0.414
0.404
0.413
0.407
0.403
0.401
0.402
0.408
0.408
0.403
0.413
0.404
0.41
0.415
0.409
0.411
0.417
0.413
0.417
0.409
0.413
0.423
0.418
0.417
0.415
0.407
0.404
0.407
0.411
0.41
0.414
0.421
0.413
0.411
0.406
0.403
0.405
0.412
0.418
0.422
0.415
0.411
0.406
0.415
0.409
0.419
0.41
0.412
0.419
0.417
0.414
0.408
0.405
0.403
0.422
0.408
0.415
0.404
0.412
0.405
0.414
0.406
0.412
0.41
0.411
0.401
0.411
0.406
0.406
0.401
0.415
0.411
0.403
0.409
0.404
0.405
0.396
0.409
0.401
0.411
0.403
0.404
0.413
0.405
0.409
0.409
0.41
0.414
0.404
0.413
0.418
0.416
0.417
0.411
0.42
0.417
0.417
0.411
0.421
0.419
0.416
0.416
0.409
0.412
0.408
0.415
0.407
0.41
0.409
0.414
0.414
0.417
0.422
0.412
0.402
0.412
0.416
0.409
0.416
0.41
0.417
0.408
0.412
0.421
0.429
0.425
0.42
0.419
0.413
0.41
0.418
0.418
0.419
0.411
0.412
0.418
0.421
0.411
0.419
0.42
0.412
0.411
0.409
0.415
0.413
0.41
0.418
0.416
0.425
0.416
0.406
0.407
0.414
0.418
0.416
0.407
0.405
0.399
0.413
0.407
0.401
0.416
0.413
0.405
0.409
0.418
0.41
0.418
0.415
0.413
0.421
0.411
0.416
0.415
0.406
0.415
0.409
0.419
0.415
0.41
0.41
0.409
0.415
0.415
0.41
0.409
0.414
0.415
0.421
0.416
0.416
0.41
0.41
0.417
0.409
0.411
0.421
0.407
0.413
0.423
0.422
0.419
0.409
0.413
0.407
0.417
0.415
0.421
0.413
0.417
0.407
0.424
0.416
0.419
0.419
0.412
0.414
0.418
0.421
0.42
0.429
0.417
0.411
0.417
0.414
0.42
0.414
0.413
0.411
0.416
0.414
0.408
0.409
0.409
0.412
0.41
0.417
0.408
0.411
0.407
0.404
0.416
0.42
0.416
0.422
0.413
0.423
0.422
0.421
0.416
0.408
0.409
0.417
0.419
0.416
0.416
0.411
0.421
0.424
0.418
0.412
0.422
0.415
0.41
0.411
0.415
0.405
0.409
0.417
0.414
0.418
0.428
0.421
0.419
0.416
0.415
0.411
0.421
0.417
0.409
0.416
0.417
0.418
0.409
0.421
0.419
0.419
0.427
0.423
0.417
0.417
0.421
0.434
0.43
0.422
0.423
0.417
0.413
0.42
0.429
0.428
0.429
0.421
0.416
0.416
0.42
0.41
0.412
0.418
0.419
0.414
0.42
0.414
0.418
0.422
0.426
0.427
0.419
0.417
0.409
0.421
0.415
0.425
0.415
0.409
0.419
0.42
0.417
0.408
0.411
0.408
0.411
0.42
0.41
0.427
0.418
0.422
0.414
0.412
0.418
0.416
0.413
0.42
0.41
0.408
0.423
0.426
0.421
0.418
0.415
0.41
0.42
0.417
0.413
0.413
0.416
0.416
0.415
0.412
0.418
0.42
0.425
0.424
0.419
0.423
0.413
0.419
0.412
0.413
0.414
0.423
0.416
0.409
0.411
0.412
0.416
0.409
0.412
0.412
0.421
0.411
0.411
0.42
0.425
0.417
0.413
0.423
0.427
0.426
0.418
0.41
0.417
0.412
0.418
0.419
0.412
0.415
0.413
0.415
0.416
0.413
0.423
0.426
0.425
0.418
0.413
0.409
0.42
0.415
0.409
0.415
0.407
0.406
0.413
0.419
0.425
0.412
0.417
0.415
0.411
0.408
0.433
0.425
0.413
0.419
0.416
0.415
0.41
0.415
0.421
0.425
0.428
0.422
0.417
0.424
0.416
0.418
0.412
0.42
0.422
0.413
0.414
0.418
0.422
0.423
0.425
0.416
0.437
0.43
0.421
0.416
0.422
0.425
0.413
0.41
0.426
0.418
0.417
0.41
0.412
0.42
0.418
0.414
0.423
0.421
0.415
0.421
0.422
0.421
0.425
0.424
0.417
0.42
0.416
0.415
0.424
0.419
0.419
0.413
0.412
0.406
0.409
0.405
0.404
0.41
0.403
0.407
0.397
0.415
0.41
0.404
0.412
0.411
0.404
0.413
0.404
0.417
0.412
0.404
0.406
0.402
0.41
0.417
0.407
0.41
0.403
0.413
0.412
0.42
0.419
0.415
0.41
0.423
0.416
0.416
0.412
0.421
0.423
0.416
0.42
0.424
0.418
0.419
0.424
0.417
0.418
0.414
0.418
0.421
0.421
0.427
0.42
0.41
0.414
0.41
0.415
0.405
0.407
0.405
0.409
0.404
0.399
0.397
0.406
0.409
0.415
0.414
0.41
0.41
0.402
0.4
0.402
0.408
0.399
0.404
0.406
0.403
0.404
0.405
0.414
0.41
0.401
0.4
0.408
0.408
0.41
0.418
0.41
0.401
0.404
0.409
0.402
0.407
0.408
0.405
0.402
0.406
0.416
0.409
0.409
0.413
0.407
0.409
0.402
0.412
0.407
0.41
0.41
0.404
0.41
0.405
0.413
0.414
0.395
0.414
0.405
0.408
0.403
0.403
0.399
0.41
0.402
0.402
0.41
0.408
0.413
0.423
0.41
0.42
0.411
0.406
0.411
0.42
0.418
0.408
0.404
0.411
0.413
0.416
0.417
0.411
0.41
0.412
0.412
0.402
0.428
0.418
0.412
0.42
0.418
0.415
0.409
0.417
0.414
0.406
0.412
0.402
0.415
0.413
0.407
0.404
0.407
0.417
0.407
0.411
0.407
0.409
0.41
0.411
0.408
0.413
0.409
0.415
0.412
0.421
0.415
0.41
0.42
0.411
0.41
0.407
0.411
0.418
0.414
0.417
0.408
0.411
0.411
0.407
0.402
0.407
0.413
0.408
0.412
0.407
0.411
0.402
0.417
0.414
0.408
0.411
0.403
0.405
0.408
0.416
0.408
0.411
0.408
0.41
0.406
0.415
0.405
0.406
0.407
0.412
0.405
0.411
0.42
0.413
0.405
0.408
0.403
0.408
0.405
0.408
0.403
0.408
0.403
0.412
0.413
0.404
0.412
0.422
0.423
0.413
0.419
0.418
0.412
0.425
0.416
0.419
0.426
0.418
0.417
0.416
0.422
0.421
0.425
0.418
0.411
0.417
0.411
0.419
0.413
0.404
0.408
0.413
0.403
0.405
0.418
0.408
0.413
0.406
0.407
0.407
0.417
0.413
0.406
0.41
0.403
0.409
0.415
0.405
0.415
0.411
0.419
0.412
0.411
0.407
0.408
0.413
0.417
0.411
0.411
0.417
0.411
0.416
0.41
0.417
0.417
0.425
0.417
0.416
0.415
0.41
0.418
0.419
0.413
0.418
0.412
0.421
0.413
0.419
0.421
0.411
0.416
0.407
0.423
0.416
0.412
0.413
0.419
0.428
0.426
0.424
0.425
0.425
0.417
0.422
0.421
0.421
0.418
0.41
0.413
0.405
0.418
0.416
0.409
0.41
0.407
0.416
0.415
0.409
0.416
0.418
0.416
0.406
0.403
0.412
0.416
0.413
0.418
0.403
0.411
0.416
0.411
0.414
0.408
0.415
0.405
0.412
0.417
0.411
0.414
0.405
0.408
0.412
0.404
0.411
0.404
0.414
0.424
0.417
0.414
0.412
0.403
0.412
0.404
0.403
0.408
0.41
0.406
0.405
0.415
0.406
0.398
0.411
0.408
0.406
0.406
0.396
0.41
0.402
0.407
0.417
0.407
0.409
0.403
0.413
0.408
0.411
0.416
0.426
0.416
0.424
0.408
0.412
0.418
0.427
0.422
0.414
0.407
0.411
0.419
0.426
0.421
0.418
0.41
0.417
0.421
0.412
0.404
0.406
0.415
0.417
0.411
0.419
0.412
0.404
0.399
0.404
0.414
0.404
0.4
0.403
0.409
0.414
0.412
0.412
0.422
0.413
0.416
0.409
0.406
0.408
0.417
0.41
0.41
0.409
0.415
0.423
0.417
0.409
0.408
0.413
0.421
0.415
0.411
0.414
0.412
0.416
0.407
0.408
0.406
0.41
0.402
0.409
0.409
0.407
0.412
0.41
0.406
0.407
0.413
0.404
0.408
0.409
0.402
0.401
0.407
0.415
0.411
0.413
0.403
0.4
0.407
0.41
0.406
0.41
0.402
0.412
0.415
0.422
0.413
0.412
0.411
0.409
0.408
0.405
0.418
0.408
0.405
0.408
0.412
0.414
0.417
0.414
0.414
0.405
0.413
0.415
0.407
0.413
0.404
0.41
0.408
0.409
0.416
0.418
0.414
0.42
0.416
0.42
0.418
0.41
0.42
0.412
0.408
0.409
0.405
0.402
0.406
0.412
0.405
0.413
0.405
0.396
0.405
0.407
0.399
0.398
0.403
0.396
0.403
0.404
0.402
0.401
0.411
0.406
0.404
0.404
0.4
0.402
0.409
0.4
0.407
0.397
0.408
0.407
0.404
0.406
0.416
0.404
0.406
0.396
0.4
0.406
0.409
0.409
0.405
0.409
0.418
0.411
0.42
0.396
0.404
0.396
0.388
0.397
0.389
0.396
0.389
0.387
0.378
0.387
0.382
0.383
0.382
0.377
0.369
0.374
0.383
0.375
0.369
0.368
0.369
0.373
0.368
0.361
0.373
0.373
0.365
0.363
0.364
0.362
0.376
0.372
0.358
0.351
0.362
0.354
0.35
0.353
0.349
0.354
0.357
0.354
0.353
0.345
0.344
0.352
0.352
0.346
0.347
0.353
0.347
0.352
0.35
0.353
0.352
0.348
0.348
0.352
0.353
0.353
0.355
0.354
0.351
0.356
0.354
0.354
0.359
0.355
0.357
0.354
0.358
0.36
0.359
0.363
0.355
0.362
0.36
0.357
0.359
0.36
0.361
0.355
0.36
0.353
0.36
0.367
0.364
0.358
0.365
0.365
0.363
0.366
0.366
0.374
0.367
0.367
0.376
0.369
0.37
0.368
0.376
0.371
0.376
0.37
0.379
0.375
0.374
0.373
0.373
0.374
0.378
0.371
0.379
0.381
0.372
0.373
0.382
0.378
0.378
0.38
0.379
0.371
0.376
0.375
0.383
0.379
0.363
0.367
0.37
0.364
0.356
0.352
0.36
0.358
0.356
0.359
0.353
0.348
0.356
0.348
0.347
0.35
0.344
0.348
0.341
0.689
0.341
0.34
0.345
0.349
0.348
0.345
0.339
0.347
0.35
0.347
0.347
0.348
0.346
0.35
0.352
0.351
0.346
0.347
0.349
0.353
0.348
0.354
0.353
0.349
0.352
0.356
0.355
0.355
0.354
0.354
0.355
0.361
0.354
0.354
0.356
0.36
0.354
0.356
0.364
0.361
0.36
0.359
0.362
0.364
0.363
0.358
0.365
0.357
0.359
0.356
0.363
0.364
0.366
0.365
0.367
0.361
0.352
0.367
0.365
0.369
0.367
0.368
0.376
0.372
0.376
0.368
0.374
0.38
0.371
0.374
0.382
0.375
0.38
0.373
0.352
0.695
0.696
0.347
0.347
0.697
0.683
0.682
0.342
0.343
0.34
0.676
0.682
0.345
0.344
0.341
0.34
0.348
0.346
0.347
0.35
0.354
0.349
0.353
0.351
0.352
0.356
0.354
0.353
0.356
0.359
0.353
0.352
0.356
0.357
0.357
0.356
0.354
0.36
0.359
0.356
0.359
0.362
0.354
0.353
0.355
0.356
0.361
0.352
0.35
0.356
0.354
0.356
0.357
0.352
0.354
0.359
0.354
0.349
0.354
0.353
0.347
0.698
0.691
0.697
0.693
0.687
0.69
0.69
0.68
0.679
0.677
0.68
0.677
0.335
0.332
0.332
0.345
0.338
0.34
0.335
0.342
0.337
0.34
0.331
0.339
0.334
0.337
0.329
0.346
0.338
0.341
0.348
0.351
0.348
0.353
0.349
0.348
0.342
0.346
0.341
0.349
0.35
0.355
0.351
0.353
0.348
0.347
0.354
0.35
0.35
0.354
0.356
0.351
0.355
0.354
0.349
0.699
0.695
0.69
0.684
0.688
0.342
0.335
0.343
0.338
0.346
0.338
0.339
0.344
0.339
0.345
0.34
0.332
0.332
0.338
0.335
0.339
0.339
0.341
0.338
0.345
0.346
0.337
0.339
0.339
0.336
0.34
0.342
0.334
0.339
0.342
0.343
0.342
0.345
0.347
0.347
0.348
0.348
0.342
0.346
0.351
0.348
0.347
0.345
0.348
0.342
0.344
0.348
0.343
0.344
0.35
0.343
0.346
0.351
0.347
0.351
0.347
0.349
0.354
0.353
0.346
0.35
0.356
0.349
0.354
0.353
0.352
0.359
0.352
0.357
0.351
0.354
0.351
0.352
0.346
0.352
0.354
0.35
0.352
0.357
0.357
0.354
0.346
0.354
0.355
0.694
0.35
0.343
0.347
0.343
0.345
0.34
0.346
0.34
0.348
0.341
0.347
0.347
0.339
0.345
0.339
0.345
0.341
0.345
0.688
0.687
0.686
0.683
0.345
0.343
0.336
0.341
0.335
0.343
0.335
0.342
0.335
0.68
0.675
0.334
0.338
0.337
0.34
0.336
0.329
0.336
0.334
0.335
0.335
0.337
0.338
0.341
0.344
0.341
0.336
0.344
0.34
0.335
0.339
0.341
0.345
0.337
0.337
0.341
0.346
0.342
0.343
0.345
0.35
0.348
0.346
0.352
0.347
0.344
0.352
0.348
0.351
0.35
0.35
0.347
0.352
0.351
0.352
0.348
0.344
0.352
0.351
0.353
0.354
0.356
0.353
0.355
0.351
0.356
0.353
0.359
0.353
0.354
0.354
0.36
0.356
0.351
0.358
0.349
0.354
0.347
0.341
0.69
0.688
0.688
0.346
0.339
0.346
0.339
0.337
0.342
0.344
0.337
0.339
0.333
0.335
0.34
0.339
0.34
0.671
0.337
0.337
0.341
0.342
0.344
0.344
0.34
0.347
0.337
0.342
0.337
0.345
0.349
0.343
0.35
0.345
0.342
0.352
0.354
0.35
0.353
0.35
0.352
0.355
0.351
0.35
0.358
0.356
0.354
0.358
0.358
0.357
0.351
0.355
0.358
0.354
0.361
0.355
0.359
0.358
0.356
0.363
0.358
0.35
0.358
0.358
0.355
0.359
0.359
0.361
0.361
0.362
0.367
0.363
0.359
0.36
0.366
0.358
0.359
0.36
0.363
0.366
0.359
0.354
0.355
0.355
0.355
0.366
0.354
0.354
0.353
0.353
0.351
0.354
0.693
0.695
0.696
0.695
0.693
0.678
0.335
0.333
0.343
0.347
0.344
0.34
0.339
0.337
0.342
0.344
0.345
0.341
0.345
0.348
0.346
0.344
0.343
0.346
0.346
0.353
0.345
0.349
0.342
0.346
0.354
0.348
0.355
0.351
0.347
0.352
0.348
0.355
0.347
0.354
0.354
0.353
0.351
0.358
0.356
0.354
0.36
0.353
0.35
0.358
0.356
0.36
0.355
0.358
0.354
0.362
0.362
0.357
0.358
0.363
0.359
0.365
0.358
0.353
0.357
0.35
0.361
0.359
0.366
0.37
0.361
0.365
0.37
0.368
0.362
0.37
0.362
0.366
0.366
0.366
0.363
0.369
0.369
0.366
0.364
0.37
0.362
0.38
0.371
0.379
0.373
0.381
0.384
0.377
0.381
0.384
0.384
0.38
0.387
0.384
0.375
0.366
0.368
0.371
0.375
0.379
0.374
0.38
0.383
0.392
0.389
0.378
0.379
0.383
0.381
0.377
0.384
0.38
0.38
0.378
0.378
0.375
0.376
0.374
0.374
0.378
0.372
0.38
0.378
0.38
0.379
0.373
0.377
0.374
0.381
0.375
0.381
0.377
0.38
0.376
0.383
0.377
0.381
0.379
0.381
0.378
0.383
0.387
0.395
0.389
0.395
0.391
0.394
0.391
0.383
0.383
0.386
0.391
0.388
0.386
0.392
0.389
0.394
0.392
0.399
0.393
0.399
0.393
0.39
0.395
0.388
0.396
0.396
0.398
0.395
0.398
0.389
0.397
0.391
0.4
0.396
0.403
0.397
0.404
0.4
0.392
0.398
0.394
0.393
0.397
0.398
0.401
0.409
0.404
0.399
0.396
0.395
0.392
0.402
0.396
0.401
0.393
0.402
0.397
0.405
0.397
0.398
0.396
0.397
0.396
0.396
0.397
0.4
0.393
0.402
0.406
0.4
0.396
0.4
0.397
0.399
0.391
0.396
0.403
0.409
0.405
0.4
0.398
0.399
0.399
0.396
0.391
0.407
0.403
0.395
0.396
0.404
0.402
0.405
0.399
0.391
0.4
0.396
0.396
0.399
0.393
0.397
0.394
0.397
0.402
0.394
0.399
0.395
0.403
0.405
0.396
0.392
0.401
0.401
0.406
0.411
0.406
0.405
0.415
0.407
0.408
0.399
0.403
0.394
0.399
0.399
0.406
0.409
0.398
0.397
0.397
0.398
0.396
0.403
0.411
0.413
0.405
0.403
0.399
0.392
0.401
0.406
0.405
0.405
0.406
0.399
0.399
0.399
0.405
0.395
0.4
0.398
0.405
0.403
0.4
0.398
0.401
0.395
0.397
0.4
0.4
0.394
0.396
0.403
0.397
0.393
0.396
0.395
0.396
0.402
0.406
0.398
0.401
0.408
0.398
0.398
0.401
0.41
0.401
0.398
0.399
0.399
0.396
0.398
0.399
0.4
0.404
0.409
0.401
0.401
0.401
0.396
0.4
0.399
0.396
0.397
0.407
0.404
0.407
0.401
0.399
0.403
0.399
0.402
0.4
0.404
0.402
0.404
0.396
0.404
0.41
0.41
0.405
0.401
0.408
0.405
0.396
0.402
0.397
0.404
0.409
0.404
0.397
0.413
0.406
0.408
0.4
0.411
0.412
0.415
0.405
0.404
0.404
0.401
0.41
0.411
0.403
0.401
0.4
0.4
0.406
0.413
0.392
0.399
0.394
0.4
0.396
0.401
0.4
0.395
0.399
0.393
0.4
0.399
0.403
0.411
0.401
0.398
0.399
0.39
0.396
0.404
0.394
0.401
0.4
0.396
0.401
0.393
0.396
0.396
0.405
0.399
0.404
0.394
0.398
0.39
0.412
0.395
0.404
0.396
0.402
0.403
0.395
0.393
0.394
0.391
0.399
0.39
0.395
0.387
0.392
0.391
0.397
0.388
0.388
0.38
0.381
0.386
0.383
0.381
0.39
0.383
0.385
0.379
0.379
0.377
0.374
0.373
0.368
0.369
0.375
0.366
0.366
0.363
0.361
0.356
0.363
0.359
0.356
0.359
0.354
0.361
0.356
0.358
0.358
0.353
0.359
0.358
0.357
0.352
0.36
0.362
0.356
0.358
0.355
0.36
0.358
0.351
0.356
0.348
0.354
0.35
0.351
0.354
0.354
0.354
0.349
0.357
0.353
0.353
0.361
0.357
0.354
0.356
0.354
0.359
0.36
0.355
0.356
0.364
0.365
0.361
0.365
0.359
0.365
0.363
0.36
0.361
0.366
0.362
0.364
0.361
0.366
0.36
0.36
0.364
0.36
0.364
0.358
0.356
0.356
0.362
0.364
0.361
0.367
0.36
0.363
0.366
0.362
0.363
0.37
0.369
0.371
0.367
0.364
0.369
0.367
0.371
0.374
0.371
0.365
0.37
0.368
0.37
0.37
0.366
0.366
0.374
0.372
0.374
0.369
0.377
0.373
0.375
0.379
0.378
0.376
0.367
0.365
0.374
0.371
0.374
0.37
0.378
0.374
0.383
0.381
0.376
0.37
0.379
0.388
0.373
0.364
0.369
0.364
0.37
0.376
0.36
0.364
0.355
0.354
0.355
0.354
0.353
0.35
0.353
0.354
0.358
0.352
0.357
0.356
0.352
0.345
0.35
0.353
0.358
0.354
0.356
0.354
0.358
0.353
0.358
0.356
0.36
0.354
0.356
0.355
0.347
0.353
0.361
0.354
0.36
0.357
0.359
0.36
0.356
0.36
0.354
0.358
0.358
0.36
0.358
0.361
0.354
0.359
0.356
0.35
0.36
0.361
0.356
0.361
0.356
0.357
0.36
0.364
0.358
0.363
0.356
0.364
0.358
0.362
0.358
0.366
0.364
0.355
0.362
0.37
0.363
0.368
0.364
0.371
0.369
0.367
0.368
0.37
0.367
0.372
0.364
0.373
0.375
0.369
0.373
0.374
0.37
0.373
0.37
0.378
0.375
0.365
0.371
0.363
0.365
0.372
0.383
0.365
0.369
0.365
0.362
0.357
0.365
0.367
0.358
0.362
0.354
0.359
0.358
0.353
0.353
0.359
0.355
0.347
0.347
0.341
0.342
0.347
0.352
0.344
0.349
0.342
0.348
0.351
0.344
0.35
0.343
0.34
0.345
0.352
0.345
0.352
0.349
0.353
0.354
0.353
0.35
0.355
0.356
0.354
0.355
0.353
0.358
0.354
0.351
0.356
0.354
0.355
0.362
0.356
0.358
0.36
0.361
0.356
0.361
0.362
0.359
0.361
0.355
0.355
0.362
0.356
0.362
0.361
0.363
0.364
0.36
0.361
0.362
0.367
0.365
0.359
0.366
0.359
0.365
0.358
0.361
0.365
0.361
0.354
0.355
0.35
0.349
0.343
0.336
0.341
0.341
0.342
0.341
0.336
0.341
0.343
0.339
0.337
0.342
0.341
0.345
0.343
0.345
0.345
0.346
0.342
0.334
0.337
0.345
0.337
0.35
0.347
0.354
0.347
0.346
0.35
0.348
0.356
0.35
0.356
0.356
0.35
0.358
0.357
0.354
0.359
0.359
0.355
0.356
0.363
0.354
0.36
0.361
0.352
0.36
0.36
0.354
0.36
0.356
0.36
0.357
0.356
0.363
0.358
0.365
0.352
0.358
0.36
0.362
0.363
0.364
0.363
0.37
0.364
0.37
0.369
0.372
0.367
0.373
0.378
0.373
0.381
0.375
0.378
0.376
0.382
0.38
0.381
0.382
0.38
0.377
0.376
0.377
0.374
0.371
0.378
0.369
0.374
0.377
0.379
0.375
0.373
0.377
0.383
0.384
0.383
0.387
0.39
0.388
0.39
0.384
0.377
0.383
0.38
0.372
0.38
0.379
0.386
0.378
0.384
0.378
0.383
0.399
0.392
0.383
0.385
0.388
0.389
0.392
0.401
0.392
0.394
0.394
0.394
0.385
0.392
0.396
0.397
0.398
0.393
0.398
0.395
0.396
0.395
0.392
0.396
0.398
0.398
0.403
0.395
0.401
0.391
0.413
0.407
0.407
0.407
0.403
0.393
0.402
0.394
0.399
0.397
0.403
0.397
0.405
0.405
0.409
0.402
0.401
0.41
0.406
0.402
0.402
0.394
0.409
0.401
0.403
0.403
0.399
0.405
0.401
0.406
0.402
0.399
0.403
0.399
0.405
0.401
0.41
0.41
0.402
0.414
0.417
0.423
0.413
0.411
0.412
0.412
0.419
0.412
0.417
0.41
0.405
0.413
0.413
0.406
0.407
0.406
0.408
0.41
0.403
0.406
0.405
0.402
0.41
0.416
0.42
0.399
0.408
0.416
0.408
0.398
0.394
0.403
0.41
0.417
0.405
0.402
0.404
0.397
0.408
0.409
0.406
0.396
0.411
0.413
0.409
0.414
0.41
0.409
0.411
0.413
0.412
0.414
0.414
0.412
0.417
0.412
0.41
0.418
0.41
0.414
0.413
0.41
0.41
0.414
0.411
0.413
0.411
0.416
0.412
0.415
0.413
0.415
0.412
0.415
0.411
0.418
0.413
0.414
0.414
0.412
0.416
0.411
0.417
0.412
0.416
0.412
0.419
0.414
0.419
0.416
0.419
0.419
0.42
0.417
0.42
0.422
0.416
0.424
0.418
0.425
0.421
0.43
0.422
0.423
0.418
0.428
0.429
0.431
0.438
0.436
0.44
0.447
0.439
0.443
0.441
0.445
0.442
0.45
0.445
0.443
0.441
0.444
0.44
0.443
0.442
0.442
0.443
0.441
0.44
0.439
0.442
0.436
0.441
0.443
0.445
0.452
0.444
0.45
0.452
0.457
0.46
0.461
0.466
0.471
0.465
0.471
0.472
0.467
0.473
0.467
0.465
0.471
0.462
0.456
0.462
0.459
0.461
0.463
0.463
0.459
0.452
0.457
0.458
0.46
0.452
0.447
0.457
0.453
0.443
0.435
0.438
0.443
0.448
0.429
0.431
0.43
0.425
0.429
0.421
0.424
0.421
0.423
0.433
0.416
0.423
0.428
0.431
0.414
0.418
0.415
0.416
0.422
0.408
0.405
0.414
0.418
0.4
0.406
0.41
0.401
0.415
0.406
0.4
0.403
0.399
0.4
0.406
0.405
0.406
0.399
0.407
0.402
0.399
0.395
0.401
0.407
0.414
0.406
0.399
0.394
0.396
0.398
0.394
0.401
0.406
0.396
0.402
0.392
0.401
0.4
0.407
0.397
0.395
0.398
0.399
0.397
0.404
0.395
0.403
0.406
0.407
0.397
0.398
0.396
0.403
0.4
0.396
0.399
0.394
0.398
0.396
0.397
0.394
0.396
0.398
0.392
0.398
0.396
0.397
0.39
0.397
0.405
0.396
0.398
0.394
0.391
0.388
0.388
0.39
0.391
0.399
0.4
0.399
0.396
0.394
0.39
0.395
0.392
0.386
0.4
0.396
0.388
0.395
0.393
0.4
0.397
0.393
0.396
0.395
0.388
0.392
0.4
0.394
0.388
0.396
0.395
0.387
0.395
0.397
0.39
0.387
0.395
0.396
0.395
0.399
0.394
0.394
0.391
0.389
0.39
0.396
0.394
0.389
0.396
0.396
0.389
0.396
0.398
0.392
0.396
0.392
0.396
0.387
0.395
0.394
0.39
0.395
0.396
0.397
0.404
0.395
0.396
0.398
0.391
0.392
0.395
0.395
0.403
0.395
0.4
0.396
0.391
0.398
0.391
0.394
0.39
0.393
0.384
0.39
0.394
0.397
0.405
0.41
0.401
0.405
0.402
0.392
0.389
0.393
0.396
0.391
0.396
0.398
0.39
0.396
0.392
0.398
0.407
0.402
0.393
0.396
0.397
0.398
0.392
0.397
0.398
0.391
0.392
0.392
0.392
0.393
0.398
0.396
0.389
0.398
0.393
0.39
0.394
0.387
0.389
0.387
0.392
0.4
0.396
0.39
0.394
0.392
0.387
0.394
0.387
0.389
0.388
0.389
0.381
0.388
0.393
0.395
0.391
0.385
0.388
0.396
0.393
0.393
0.386
0.382
0.402
0.392
0.401
0.389
0.383
0.387
0.396
0.388
0.392
0.384
0.389
0.387
0.387
0.384
0.39
0.399
0.382
0.388
0.388
0.38
0.388
0.396
0.396
0.388
0.39
0.381
0.388
0.39
0.388
0.388
0.388
0.39
0.399
0.394
0.401
0.396
0.391
0.389
0.388
0.383
0.391
0.398
0.395
0.399
0.392
0.39
0.389
0.389
0.382
0.389
0.388
0.387
0.383
0.392
0.386
0.39
0.395
0.389
0.394
0.396
0.395
0.394
0.397
0.399
0.392
0.397
0.395
0.398
0.394
0.394
0.394
0.392
0.396
0.396
0.393
0.394
0.4
0.399
0.4
0.394
0.402
0.394
0.396
0.394
0.403
0.4
0.398
0.405
0.401
0.406
0.402
0.409
0.406
0.403
0.407
0.402
0.406
0.407
0.401
0.407
0.406
0.409
0.407
0.412
0.405
0.414
0.408
0.412
0.405
0.412
0.413
0.41
0.417
0.416
0.417
0.421
0.421
0.416
0.426
0.421
0.42
0.42
0.421
0.421
0.418
0.423
0.426
0.419
0.424
0.426
0.426
0.426
0.435
0.429
0.429
0.43
0.428
0.429
0.435
0.431
0.431
0.438
0.435
0.438
0.437
0.447
0.442
0.442
0.44
0.443
0.444
0.444
0.445
0.445
0.446
0.451
0.434
0.437
0.433
0.441
0.447
0.449
0.446
0.454
