0.597
0.598
0.575
0.574
0.561
0.563
0.55
0.539
0.527
0.524
0.504
0.511
0.515
0.504
0.507
0.51
0.509
0.505
0.494
0.494
0.505
0.499
0.503
0.486
0.49
0.488
0.48
0.491
0.485
0.473
0.468
0.479
0.474
0.464
0.463
0.459
0.458
0.469
0.465
0.454
0.461
0.464
0.453
0.452
0.456
0.457
0.459
0.459
0.452
0.463
0.457
0.451
0.461
0.466
0.464
0.469
0.459
0.469
0.473
0.466
0.471
0.468
0.471
0.463
0.456
0.475
0.47
0.466
0.457
0.468
0.458
0.466
0.46
0.444
0.438
0.44
0.438
0.438
0.436
0.437
0.44
0.44
0.434
0.437
0.444
0.435
0.44
0.436
0.431
0.431
0.448
0.438
0.44
0.445
0.434
0.444
0.434
0.438
0.432
0.432
0.428
0.44
0.437
0.428
0.436
0.435
0.441
0.446
0.44
0.439
0.435
0.431
0.436
0.434
0.439
0.445
0.438
0.441
0.438
0.44
0.433
0.434
0.442
0.444
0.437
0.434
0.435
0.445
0.438
0.429
0.438
0.441
0.447
0.45
0.451
0.445
0.442
0.441
0.442
0.441
0.435
0.451
0.445
0.444
0.435
0.44
0.45
0.449
0.446
0.456
0.454
0.46
0.464
0.456
0.464
0.468
0.464
0.478
0.484
0.476
0.471
0.478
0.47
0.464
0.456
0.462
0.458
0.45
0.458
0.455
0.446
0.437
0.432
0.432
0.43
0.428
0.438
0.44
0.422
0.427
0.426
0.423
0.422
0.425
0.427
0.434
0.429
0.424
0.421
0.426
0.423
0.422
0.42
0.422
0.417
0.424
0.43
0.429
0.42
0.427
0.425
0.432
0.423
0.423
0.416
0.422
0.415
0.417
0.418
0.422
0.417
0.422
0.432
0.43
0.422
0.43
0.428
0.424
0.425
0.419
0.425
0.42
0.426
0.419
0.422
0.431
0.421
0.425
0.42
0.419
0.42
0.416
0.425
0.434
0.424
0.423
0.42
0.426
0.428
0.432
0.426
0.42
0.42
0.43
0.42
0.427
0.421
0.423
0.425
0.433
0.429
0.435
0.434
0.435
0.437
0.439
0.431
0.431
0.427
0.428
0.421
0.425
0.429
0.432
0.434
0.428
0.423
0.42
0.429
0.423
0.42
0.43
0.423
0.426
0.425
0.423
0.421
0.427
0.434
0.443
0.434
0.438
0.443
0.435
0.432
0.438
0.433
0.424
0.43
0.434
0.432
0.433
0.44
0.43
0.43
0.429
0.426
0.425
0.434
0.428
0.425
0.427
0.43
0.435
0.425
0.416
0.421
0.427
0.431
0.438
0.424
0.432
0.426
0.425
0.426
0.427
0.433
0.43
0.43
0.42
0.423
0.427
0.422
0.429
0.428
0.428
0.432
0.441
0.423
0.431
0.434
0.42
0.426
0.422
0.428
0.422
0.418
0.419
0.429
0.426
0.42
0.43
0.425
0.416
0.422
0.425
0.423
0.425
0.423
0.432
0.432
0.436
0.426
0.425
0.419
0.425
0.419
0.42
0.429
0.432
0.422
0.418
0.423
0.428
0.423
0.431
0.415
0.421
0.411
0.412
0.414
0.416
0.414
0.415
0.415
0.41
0.416
0.409
0.412
0.413
0.412
0.415
0.417
0.414
0.418
0.41
0.415
0.415
0.414
0.418
0.421
0.414
0.42
0.422
0.423
0.415
0.418
0.417
0.417
0.419
0.41
0.423
0.42
0.416
0.426
0.424
0.426
0.428
0.421
0.415
0.417
0.418
0.421
0.416
0.42
0.422
0.429
0.425
0.42
0.414
0.416
0.419
0.415
0.417
0.407
0.414
0.413
0.414
0.423
0.416
0.417
0.412
0.419
0.412
0.409
0.412
0.41
0.408
0.416
0.406
0.415
0.407
0.415
0.407
0.411
0.409
0.417
0.417
0.408
0.418
0.414
0.423
0.413
0.418
0.418
0.409
0.412
0.415
0.425
0.42
0.418
0.413
0.422
0.417
0.419
0.422
0.413
0.408
0.417
0.419
0.414
0.423
0.416
0.413
0.411
0.414
0.415
0.406
0.414
0.41
0.415
0.419
0.423
0.424
0.418
0.412
0.417
0.41
0.416
0.42
0.427
0.421
0.416
0.414
0.423
0.415
0.42
0.425
0.425
0.417
0.415
0.425
0.422
0.426
0.431
0.421
0.417
0.423
0.422
0.422
0.424
0.419
0.422
0.425
0.424
0.43
0.426
0.432
0.426
0.436
0.419
0.423
0.423
0.417
0.418
0.422
0.423
0.417
0.423
0.413
0.416
0.411
0.417
0.419
0.412
0.419
0.414
0.415
0.419
0.417
0.415
0.417
0.408
0.418
0.408
0.428
0.419
0.411
0.419
0.414
0.423
0.418
0.418
0.412
0.419
0.419
0.422
0.42
0.429
0.423
0.413
0.418
0.408
0.412
0.415
0.409
0.417
0.407
0.415
0.417
0.411
0.418
0.427
0.417
0.409
0.416
0.422
0.413
0.417
0.41
0.411
0.415
0.417
0.419
0.412
0.413
0.413
0.413
0.414
0.412
0.419
0.415
0.414
0.421
0.416
0.418
0.419
0.416
0.422
0.415
0.416
0.421
0.418
0.413
0.411
0.416
0.408
0.414
0.409
0.413
0.41
0.406
0.405
0.409
0.41
0.417
0.417
0.413
0.411
0.408
0.413
0.412
0.41
0.407
0.41
0.403
0.41
0.409
0.408
0.415
0.409
0.412
0.406
0.403
0.411
0.417
0.409
0.403
0.402
0.408
0.402
0.411
0.412
0.412
0.405
0.404
0.407
0.397
0.405
0.399
0.4
0.402
0.405
0.397
0.397
0.405
0.411
0.404
0.404
0.399
0.405
0.404
0.397
0.404
0.402
0.398
0.398
0.399
0.394
0.405
0.401
0.396
0.393
0.402
0.406
0.398
0.394
0.403
0.397
0.405
0.401
0.402
0.399
0.401
0.4
0.407
0.4
0.406
0.41
0.412
0.41
0.405
0.399
0.401
0.403
0.399
0.404
0.4
0.403
0.4
0.409
0.4
0.402
0.402
0.408
0.4
0.405
0.404
0.41
0.403
0.411
0.405
0.407
0.397
0.41
0.402
0.409
0.403
0.404
0.408
0.41
0.402
0.407
0.401
0.405
0.403
0.395
0.415
0.413
0.4
0.408
0.405
0.41
0.401
0.397
0.403
0.406
0.402
0.41
0.4
0.395
0.401
0.403
0.395
0.404
0.399
0.393
0.402
0.409
0.411
0.399
0.399
0.407
0.401
0.399
0.398
0.407
0.402
0.406
0.396
0.403
0.398
0.405
0.396
0.398
0.401
0.396
0.403
0.4
0.397
0.39
0.401
0.393
0.399
0.392
0.401
0.397
0.397
0.404
0.401
0.395
0.396
0.399
0.403
0.399
0.405
0.396
0.403
0.397
0.396
0.402
0.396
0.402
0.393
0.396
0.404
0.41
0.406
0.399
0.398
0.402
0.411
0.404
0.409
0.4
0.405
0.397
0.405
0.405
0.402
0.411
0.404
0.402
0.412
0.411
0.407
0.399
0.414
0.407
0.4
0.4
0.406
0.41
0.405
0.399
0.408
0.404
0.405
0.4
0.403
0.409
0.404
0.408
0.41
0.415
0.415
0.409
0.403
0.406
0.405
0.415
0.412
0.402
0.407
0.4
0.406
0.403
0.402
0.405
0.4
0.401
0.4
0.405
0.406
0.401
0.41
0.406
0.413
0.405
0.409
0.415
0.415
0.421
0.421
0.424
0.422
0.416
0.424
0.426
0.433
0.436
0.433
0.438
0.442
0.445
0.452
0.455
0.452
0.454
0.456
0.457
0.454
0.465
0.465
0.462
0.465
0.462
0.466
0.463
0.463
0.469
0.473
0.474
0.473
0.5
0.497
0.494
0.49
0.481
0.493
0.49
0.5
0.496
0.522
0.558
0.552
0.555
0.562
0.563
0.553
0.548
0.546
0.575
0.565
0.503
0.493
0.484
0.484
0.488
0.484
0.498
0.491
0.507
0.508
0.502
0.511
0.507
0.51
0.516
0.512
0.515
0.522
0.529
0.524
0.532
0.491
0.497
0.488
0.464
0.439
0.432
0.435
0.434
0.441
0.445
0.44
0.44
0.433
0.44
0.441
0.442
0.445
0.447
0.439
0.443
0.451
0.458
0.45
0.453
0.446
0.458
0.466
0.462
0.473
0.476
0.477
0.469
0.475
0.47
0.481
0.477
0.468
0.474
0.47
0.47
0.469
0.475
0.48
0.482
0.49
0.509
0.53
0.53
0.53
0.534
0.541
0.535
0.531
0.538
0.534
0.54
0.531
0.543
0.544
0.546
0.556
0.566
0.564
0.574
0.593
0.601
0.599
0.597
0.596
0.589
0.58
0.577
0.565
0.568
0.575
0.578
0.583
0.595
0.597
0.61
0.607
0.616
0.607
0.605
0.607
0.61
0.6
0.605
0.604
0.596
0.596
0.61
0.616
0.63
0.643
0.63
0.639
0.626
0.621
0.62
0.605
0.61
0.608
0.604
0.604
0.604
0.604
0.608
0.608
0.613
0.622
0.626
0.636
0.63
0.635
0.633
0.625
0.623
0.61
0.616
0.613
0.61
0.61
0.608
0.604
0.606
0.599
0.604
0.601
0.603
0.607
0.605
0.613
0.612
0.62
0.62
0.623
0.623
0.612
0.615
0.606
0.616
0.612
0.623
0.638
0.65
0.663
0.662
0.676
0.664
0.662
0.65
0.647
0.648
0.642
0.648
0.655
0.653
0.66
0.657
0.657
0.645
0.609
0.616
0.613
0.614
0.623
0.621
0.622
0.62
0.621
0.612
0.605
0.614
0.545
0.535
0.541
0.511
0.502
0.502
0.5
0.497
0.485
0.478
0.454
0.456
0.43
0.439
0.432
0.425
0.427
0.421
0.416
0.417
0.399
0.403
0.393
0.407
0.401
0.404
0.4
0.395
0.389
0.388
0.391
0.389
0.394
0.387
0.385
0.394
0.393
0.389
0.389
0.389
0.392
0.388
0.385
0.39
0.394
0.388
0.389
0.382
0.384
0.382
0.379
0.386
0.393
0.386
0.383
0.386
0.383
0.389
0.386
0.392
0.391
0.383
0.388
0.385
0.388
0.39
0.385
0.393
0.396
0.393
0.391
0.385
0.391
0.383
0.392
0.385
0.384
0.389
0.385
0.387
0.383
0.388
0.386
0.39
0.385
0.388
0.386
0.395
0.39
0.39
0.386
0.392
0.385
0.388
0.39
0.387
0.393
0.384
0.387
0.387
0.381
0.394
0.387
0.387
0.373
0.378
0.387
0.378
0.384
0.368
0.361
0.369
0.365
0.373
0.365
0.368
0.367
0.368
0.371
0.364
0.372
0.368
0.367
0.369
0.361
0.364
0.365
0.365
0.371
0.365
0.368
0.368
0.365
0.37
0.37
0.366
0.368
0.366
0.374
0.372
0.37
0.366
0.374
0.373
0.383
0.381
0.384
0.384
0.385
0.376
0.377
0.381
0.382
0.38
0.381
0.384
0.387
0.378
0.386
0.38
0.387
0.391
0.382
0.382
0.384
0.376
0.381
0.376
0.373
0.379
0.38
0.383
0.384
0.375
0.366
0.368
0.375
0.372
0.369
0.378
0.366
0.365
0.358
0.362
0.363
0.36
0.366
0.359
0.361
0.359
0.364
0.363
0.357
0.365
0.365
0.366
0.357
0.362
0.357
0.364
0.358
0.359
0.359
0.359
0.361
0.366
0.358
0.362
0.362
0.363
0.363
0.365
0.366
0.361
0.368
0.365
0.364
0.367
0.365
0.367
0.369
0.367
0.369
0.368
0.368
0.366
0.369
0.364
0.365
0.369
0.377
0.371
0.378
0.36
0.361
0.364
0.362
0.363
0.367
0.36
0.365
0.359
0.363
0.359
0.362
0.355
0.357
0.363
0.362
0.357
0.36
0.359
0.352
0.353
0.356
0.362
0.362
0.358
0.353
0.356
0.363
0.359
0.357
0.357
0.36
0.354
0.356
0.358
0.359
0.354
0.356
0.358
0.357
0.359
0.363
0.36
0.363
0.361
0.369
0.361
0.365
0.364
0.373
0.366
0.368
0.363
0.37
0.366
0.375
0.368
0.369
0.371
0.368
0.376
0.367
0.374
0.37
0.374
0.374
0.373
0.369
0.374
0.377
0.371
0.366
0.368
0.365
0.372
0.368
0.367
0.362
0.368
0.364
0.371
0.376
0.363
0.368
0.37
0.365
0.357
0.365
0.366
0.366
0.373
0.357
0.359
0.366
0.364
0.357
0.354
0.362
0.353
0.36
0.357
0.357
0.361
0.358
0.361
0.361
0.362
0.359
0.36
0.357
0.363
0.363
0.366
0.358
0.362
0.366
0.368
0.365
0.368
0.371
0.367
0.372
0.37
0.368
0.368
0.376
0.372
0.369
0.375
0.375
0.375
0.374
0.372
0.374
0.373
0.373
0.373
0.37
0.375
0.374
0.375
0.374
0.373
0.373
0.379
0.37
0.378
0.387
0.373
0.38
0.388
0.372
0.38
0.383
0.38
0.369
0.363
0.36
0.362
0.367
0.371
0.362
0.354
0.358
0.361
0.354
0.362
0.361
0.356
0.364
0.361
0.354
0.36
0.353
0.361
0.36
0.36
0.357
0.358
0.357
0.354
0.358
0.362
0.353
0.357
0.365
0.358
0.362
0.353
0.359
0.362
0.361
0.361
0.361
0.367
0.365
0.367
0.363
0.368
0.367
0.365
0.374
0.369
0.372
0.378
0.375
0.376
0.376
0.374
0.375
0.375
0.376
0.372
0.376
0.37
0.374
0.37
0.376
0.38
0.373
0.373
0.366
0.369
0.377
0.38
0.37
0.374
0.378
0.364
0.369
0.373
0.362
0.37
0.356
0.358
0.35
0.355
0.355
0.354
0.354
0.354
0.352
0.357
0.354
0.349
0.351
0.351
0.351
0.348
0.351
0.348
0.352
0.346
0.353
0.347
0.354
0.348
0.353
0.352
0.352
0.351
0.352
0.353
0.351
0.351
0.35
0.349
0.352
0.355
0.35
0.358
0.352
0.354
0.354
0.351
0.359
0.361
0.358
0.354
0.357
0.363
0.358
0.36
0.357
0.364
0.357
0.365
0.361
0.361
0.365
0.36
0.363
0.359
0.365
0.367
0.367
0.369
0.362
0.369
0.373
0.364
0.366
0.368
0.375
0.374
0.378
0.376
0.37
0.372
0.369
0.372
0.365
0.371
0.358
0.361
0.357
0.36
0.368
0.35
0.357
0.353
0.355
0.351
0.354
0.35
0.352
0.352
0.349
0.354
0.349
0.351
0.353
0.35
0.351
0.354
0.351
0.348
0.35
0.354
0.354
0.351
0.354
0.353
0.35
0.358
0.355
0.358
0.352
0.358
0.363
0.36
0.363
0.359
0.365
0.357
0.362
0.362
0.362
0.361
0.363
0.36
0.364
0.363
0.361
0.364
0.366
0.367
0.364
0.367
0.363
0.361
0.361
0.362
0.36
0.363
0.359
0.366
0.362
0.363
0.37
0.355
0.358
0.364
0.358
0.358
0.357
0.357
0.355
0.354
0.356
0.353
0.359
0.352
0.356
0.361
0.367
0.355
0.353
0.354
0.353
0.354
0.358
0.357
0.354
0.352
0.353
0.354
0.353
0.35
0.349
0.354
0.349
0.351
0.353
0.35
0.353
0.354
0.353
0.359
0.354
0.359
0.351
0.356
0.357
0.352
0.36
0.354
0.361
0.366
0.362
0.368
0.36
0.358
0.366
0.369
0.361
0.366
0.371
0.366
0.368
0.371
0.364
0.365
0.366
0.37
0.371
0.367
0.366
0.375
0.371
0.368
0.362
0.365
0.367
0.372
0.363
0.359
0.362
0.366
0.353
0.354
0.354
0.355
0.352
0.358
0.359
0.354
0.355
0.348
0.354
0.354
0.352
0.351
0.353
0.354
0.35
0.353
0.35
0.354
0.352
0.353
0.345
0.352
0.354
0.354
0.351
0.353
0.354
0.348
0.351
0.353
0.354
0.354
0.346
0.35
0.354
0.352
0.354
0.354
0.359
0.355
0.357
0.365
0.359
0.361
0.362
0.357
0.354
0.36
0.358
0.356
0.364
0.357
0.362
0.355
0.361
0.361
0.358
0.361
0.366
0.36
0.366
0.362
0.364
0.363
0.361
0.364
0.361
0.363
0.364
0.363
0.36
0.366
0.362
0.365
0.363
0.357
0.362
0.364
0.355
0.361
0.363
0.366
0.361
0.363
0.36
0.368
0.36
0.358
0.354
0.36
0.358
0.36
0.366
0.354
0.357
0.352
0.356
0.354
0.353
0.356
0.352
0.356
0.352
0.357
0.352
0.356
0.355
0.355
0.359
0.354
0.351
0.352
0.354
0.35
0.351
0.349
0.353
0.354
0.356
0.357
0.353
0.359
0.358
0.363
0.363
0.363
0.36
0.365
0.361
0.367
0.362
0.366
0.364
0.364
0.365
0.373
0.365
0.367
0.374
0.367
0.366
0.374
0.365
0.364
0.369
0.366
0.365
0.367
0.361
0.366
0.36
0.36
0.36
0.362
0.362
0.357
0.36
0.358
0.36
0.354
0.36
0.352
0.354
0.354
0.356
0.351
0.355
0.35
0.354
0.352
0.354
0.351
0.354
0.351
0.355
0.347
0.346
0.354
0.347
0.353
0.347
0.346
0.354
0.346
0.354
0.346
0.35
0.346
0.352
0.346
0.354
0.346
0.35
0.346
0.351
0.347
0.344
0.691
0.692
0.692
0.676
0.692
0.349
0.346
0.346
0.348
0.35
0.347
0.353
0.352
0.353
0.352
0.355
0.347
0.351
0.355
0.355
0.361
0.354
0.358
0.354
0.359
0.361
0.359
0.358
0.355
0.362
0.361
0.357
0.362
0.369
0.363
0.366
0.359
0.36
0.363
0.363
0.36
0.362
0.362
0.368
0.363
0.365
0.366
0.366
0.367
0.368
0.361
0.368
0.369
0.366
0.37
0.367
0.369
0.367
0.373
0.366
0.367
0.366
0.372
0.368
0.374
0.369
0.373
0.37
0.371
0.373
0.371
0.373
0.372
0.372
0.375
0.374
0.374
0.376
0.374
0.374
0.375
0.381
0.373
0.382
0.38
0.387
0.378
0.38
0.38
0.382
0.38
0.379
0.384
0.385
0.385
0.391
0.382
0.385
0.391
0.388
0.381
0.389
0.385
0.385
0.39
0.388
0.387
0.388
0.394
0.388
0.396
0.392
0.386
0.39
0.398
0.398
0.398
0.398
0.395
0.396
0.39
0.389
0.395
0.392
0.39
0.399
0.393
0.396
0.391
0.393
0.393
0.391
0.398
0.392
0.396
0.391
0.383
0.391
0.391
0.397
0.394
0.399
0.393
0.388
0.394
0.39
0.392
0.393
0.396
0.398
0.395
0.394
0.396
0.394
0.4
0.397
0.396
0.405
0.399
0.391
0.396
0.4
0.397
0.397
0.397
0.393
0.398
0.405
0.404
0.399
0.398
0.398
0.397
0.403
0.399
0.404
0.404
0.399
0.398
0.402
0.407
0.401
0.394
0.403
0.396
0.4
0.402
0.408
0.406
0.396
0.388
0.392
0.396
0.396
0.4
0.4
0.402
0.394
0.396
0.404
0.396
0.404
0.401
0.408
0.403
0.4
0.408
0.403
0.402
0.402
0.399
0.408
0.405
0.395
0.402
0.396
0.4
0.407
0.403
0.404
0.401
0.404
0.397
0.405
0.4
0.406
0.4
0.396
0.396
0.401
0.405
0.396
0.396
0.396
0.403
0.401
0.396
0.394
0.401
0.396
0.402
0.396
0.404
0.403
0.397
0.404
0.399
0.405
0.407
0.404
0.402
0.405
0.403
0.396
0.401
0.408
0.406
0.401
0.407
0.404
0.403
0.413
0.41
0.413
0.411
0.406
0.41
0.406
0.412
0.408
0.409
0.402
0.412
0.413
0.403
0.411
0.405
0.414
0.416
0.413
0.409
0.408
0.407
0.41
0.412
0.416
0.412
0.41
0.411
0.409
0.415
0.414
0.407
0.409
0.41
0.418
0.421
0.414
0.413
0.417
0.417
0.41
0.41
0.408
0.414
0.412
0.419
0.411
0.407
0.411
0.411
0.412
0.422
0.412
0.421
0.418
0.409
0.411
0.411
0.415
0.411
0.416
0.406
0.411
0.412
0.415
0.414
0.407
0.409
0.403
0.411
0.411
0.406
0.399
0.399
0.401
0.403
0.408
0.409
0.41
0.412
0.406
0.408
0.401
0.402
0.41
0.4
0.405
0.411
0.411
0.403
0.41
0.409
0.415
0.406
0.411
0.407
0.409
0.409
0.406
0.411
0.415
0.407
0.413
0.408
0.414
0.41
0.409
0.419
0.416
0.413
0.414
0.404
0.412
0.406
0.408
0.406
0.407
0.409
0.407
0.416
0.413
0.41
0.41
0.404
0.411
0.403
0.412
0.407
0.412
0.408
0.414
0.404
0.411
0.403
0.408
0.417
0.408
0.406
0.41
0.415
0.414
0.409
0.411
0.41
0.416
0.414
0.42
0.414
0.407
0.406
0.415
0.41
0.42
0.415
0.415
0.422
0.42
0.41
0.416
0.407
0.417
0.418
0.422
0.419
0.415
0.421
0.413
0.414
0.414
0.41
0.419
0.418
0.415
0.412
0.406
0.413
0.412
0.415
0.413
0.409
0.411
0.406
0.409
0.412
0.407
0.411
0.406
0.413
0.413
0.411
0.409
0.405
0.411
0.402
0.41
0.409
0.408
0.407
0.407
0.408
0.414
0.407
0.413
0.41
0.402
0.41
0.403
0.407
0.404
0.413
0.409
0.405
0.404
0.396
0.403
0.401
0.4
0.407
0.406
0.403
0.396
0.396
0.396
0.401
0.398
0.399
0.394
0.388
0.389
0.396
0.389
0.386
0.39
0.383
0.383
0.382
0.38
0.373
0.376
0.375
0.368
0.372
0.372
0.367
0.374
0.366
0.375
0.368
0.369
0.362
0.362
0.366
0.358
0.366
0.359
0.361
0.361
0.359
0.363
0.355
0.354
0.357
0.354
0.358
0.354
0.357
0.358
0.352
0.361
0.352
0.357
0.354
0.354
0.36
0.36
0.357
0.362
0.361
0.356
0.361
0.364
0.361
0.369
0.366
0.366
0.363
0.369
0.367
0.367
0.37
0.366
0.372
0.367
0.365
0.374
0.368
0.371
0.371
0.375
0.368
0.373
0.377
0.376
0.377
0.372
0.378
0.372
0.379
0.38
0.373
0.377
0.383
0.378
0.379
0.385
0.383
0.383
0.387
0.385
0.383
0.39
0.388
0.393
0.392
0.399
0.395
0.396
0.396
0.394
0.401
0.395
0.391
0.396
0.398
0.4
0.401
0.404
0.395
0.395
0.396
0.404
0.404
0.401
0.4
0.403
0.396
0.399
0.407
0.408
0.409
0.412
0.409
0.413
0.411
0.416
0.411
0.414
0.417
0.413
0.42
0.423
0.417
0.423
0.427
0.419
0.434
0.433
0.437
0.43
0.436
0.438
0.442
0.447
0.436
0.443
0.451
0.447
0.45
0.443
0.453
0.456
0.458
0.46
0.46
0.45
0.458
0.461
0.459
0.468
0.462
0.467
0.466
0.462
0.471
0.467
0.474
0.478
0.482
0.485
0.482
0.477
0.483
0.48
0.485
0.484
0.484
0.481
0.492
0.487
0.481
0.49
0.501
0.492
0.5
0.492
0.491
0.488
0.487
0.507
0.508
0.508
0.517
0.51
0.508
0.503
0.505
0.502
0.509
0.506
0.51
0.5
0.509
0.517
0.512
0.513
0.513
0.511
0.502
0.508
0.506
0.514
0.509
0.509
0.511
0.507
0.519
0.516
0.515
0.519
0.514
0.512
0.513
0.504
0.511
0.504
0.503
0.505
0.504
0.506
0.5
0.497
0.499
0.496
0.491
0.494
0.49
0.501
0.497
0.49
0.489
0.49
0.462
0.452
0.449
0.444
0.434
0.438
0.43
0.422
0.416
0.423
0.418
0.408
0.399
0.396
0.396
0.399
0.394
0.386
0.39
0.397
0.389
0.386
0.377
0.384
0.38
0.379
0.377
0.371
0.377
0.37
0.364
0.358
0.359
0.362
0.364
0.36
0.363
0.362
0.358
0.364
0.359
0.36
0.364
0.361
0.366
0.366
0.361
0.368
0.364
0.368
0.364
0.369
0.365
0.37
0.374
0.368
0.372
0.374
0.372
0.372
0.376
0.375
0.38
0.378
0.38
0.38
0.378
0.384
0.379
0.383
0.388
0.385
0.384
0.386
0.387
0.384
0.392
0.383
0.391
0.385
0.389
0.39
0.384
0.39
0.392
0.384
0.39
0.392
0.389
0.39
0.391
0.389
0.394
0.396
0.391
0.392
0.4
0.398
0.401
0.403
0.401
0.401
0.41
0.418
0.411
0.409
0.415
0.409
0.418
0.417
0.417
0.425
0.42
0.423
0.425
0.432
0.433
0.426
0.432
0.439
0.442
0.434
0.439
0.442
0.438
0.44
0.441
0.44
0.446
0.445
0.442
0.447
0.443
0.446
0.438
0.445
0.453
0.454
0.465
0.458
0.462
0.468
0.464
0.467
0.471
0.473
0.462
0.473
0.475
0.475
0.467
0.477
0.477
0.474
0.48
0.479
0.481
0.469
0.479
0.477
0.475
0.475
0.484
0.478
0.486
0.488
0.488
0.487
0.495
0.487
0.497
0.499
0.499
0.499
0.502
0.503
0.506
0.499
0.504
0.505
0.496
0.509
0.511
0.516
0.527
0.522
0.52
0.523
0.523
0.518
0.522
0.522
0.526
0.525
0.525
0.522
0.521
0.526
0.53
0.52
0.526
0.52
0.522
0.518
0.519
0.519
0.519
0.521
0.513
0.523
0.518
0.506
0.513
0.516
0.51
0.515
0.517
0.51
0.516
0.507
0.514
0.511
0.503
0.509
0.502
0.509
0.508
0.52
0.522
0.521
0.521
0.509
0.417
0.408
0.404
0.398
0.396
0.389
0.379
0.383
0.372
0.38
0.361
0.367
0.365
0.364
0.363
0.371
0.362
0.354
0.361
0.358
0.358
0.362
0.361
0.365
0.359
0.361
0.362
0.359
0.361
0.364
0.361
0.36
0.366
0.359
0.362
0.367
0.365
0.365
0.368
0.366
0.364
0.367
0.371
0.363
0.367
0.374
0.366
0.368
0.373
0.371
0.376
0.371
0.372
0.372
0.376
0.372
0.377
0.37
0.376
0.38
0.375
0.377
0.379
0.381
0.384
0.385
0.388
0.386
0.389
0.393
0.389
0.393
0.394
0.397
0.389
0.396
0.394
0.396
0.396
0.394
0.403
0.401
0.397
0.395
0.399
0.399
0.399
0.408
0.402
0.407
0.398
0.402
0.408
0.404
0.408
0.405
0.403
0.413
0.407
0.411
0.407
0.405
0.411
0.413
0.415
0.41
0.415
0.417
0.424
0.423
0.431
0.424
0.425
0.422
0.427
0.437
0.433
0.43
0.439
0.446
0.438
0.437
0.438
0.439
0.44
0.447
0.446
0.445
0.446
0.443
0.452
0.447
0.457
0.447
0.45
0.457
0.46
0.468
0.457
0.468
0.462
0.472
0.461
0.461
0.463
0.461
0.463
0.462
0.465
0.476
0.472
0.474
0.469
0.476
0.474
0.479
0.473
0.484
0.474
0.485
0.479
0.488
0.485
0.487
0.487
0.485
0.486
0.489
0.489
0.5
0.493
0.488
0.489
0.48
0.489
0.485
0.492
0.486
0.498
0.487
0.49
0.492
0.494
0.501
0.489
0.495
0.488
0.497
0.495
0.496
0.5
0.504
0.502
0.501
0.508
0.505
0.506
0.505
0.503
0.507
0.506
0.498
0.506
0.513
0.515
0.513
0.506
0.509
0.514
0.511
0.512
0.512
0.515
0.514
0.511
0.516
0.517
0.524
0.521
0.53
0.532
0.525
0.532
0.528
0.53
0.526
0.531
0.518
0.45
0.433
0.427
0.433
0.422
0.404
0.408
0.403
0.396
0.378
0.372
0.381
0.382
0.365
0.373
0.373
0.367
0.368
0.368
0.376
0.365
0.36
0.357
0.362
0.364
0.362
0.364
0.356
0.36
0.36
0.358
0.364
0.355
0.356
0.362
0.364
0.364
0.361
0.363
0.361
0.365
0.366
0.363
0.362
0.368
0.363
0.365
0.365
0.364
0.372
0.367
0.368
0.373
0.372
0.372
0.375
0.377
0.377
0.376
0.378
0.378
0.375
0.384
0.381
0.381
0.378
0.386
0.385
0.387
0.386
0.392
0.386
0.392
0.395
0.392
0.396
0.388
0.389
0.396
0.392
0.396
0.396
0.396
0.399
0.399
0.398
0.402
0.401
0.403
0.401
0.41
0.406
0.407
0.412
0.407
0.407
0.415
0.412
0.415
0.42
0.414
0.422
0.425
0.429
0.433
0.437
0.439
0.436
0.434
0.432
0.439
0.439
0.438
0.441
0.449
0.449
0.45
0.45
0.459
0.458
0.457
0.461
0.458
0.46
0.467
0.463
0.46
0.463
0.463
0.462
0.463
0.466
0.47
0.474
0.464
0.47
0.461
0.466
0.471
0.466
0.472
0.462
0.483
0.476
0.479
0.486
0.493
0.493
0.489
0.496
0.498
0.49
0.495
0.484
0.493
0.5
0.49
0.501
0.493
0.501
0.496
0.495
0.491
0.494
0.495
0.5
0.498
0.498
0.499
0.507
0.506
0.514
0.517
0.522
0.518
0.514
0.519
0.521
0.517
0.521
0.519
0.517
0.521
0.509
0.517
0.526
0.52
0.509
0.514
0.533
0.535
0.53
0.548
0.548
0.543
0.547
0.541
0.541
0.541
0.534
0.537
0.534
0.523
0.523
0.514
0.52
0.511
0.509
0.506
0.51
0.507
0.505
0.506
0.5
0.509
0.5
0.505
0.498
0.486
0.493
0.485
0.482
0.473
0.471
0.474
0.468
0.45
0.447
0.444
0.454
0.451
0.441
0.441
0.444
0.438
0.436
0.436
0.44
0.438
0.445
0.434
0.438
0.443
0.444
0.436
0.435
0.435
0.444
0.435
0.434
0.439
0.44
0.435
0.435
0.429
0.433
0.437
0.423
0.432
0.424
0.422
0.42
0.425
0.418
0.428
0.42
0.425
0.425
0.418
0.419
0.426
0.417
0.42
0.422
0.416
0.418
0.428
0.418
0.426
0.427
0.423
0.421
0.418
0.425
0.418
0.427
0.424
0.43
0.42
0.425
0.424
0.415
0.421
0.416
0.42
0.417
0.419
0.413
0.422
0.416
0.416
0.413
0.413
0.42
0.422
0.412
0.416
0.412
0.415
0.408
0.418
0.422
0.417
0.415
0.409
0.412
0.412
0.407
0.409
0.412
0.405
0.41
0.413
0.419
0.41
0.406
0.41
0.413
0.413
0.407
0.405
0.409
0.412
0.41
0.407
0.405
0.411
0.409
0.41
0.404
0.401
0.408
0.403
0.407
0.408
0.408
0.409
0.399
0.406
0.399
0.407
0.402
0.397
0.403
0.406
0.401
0.404
0.4
0.409
0.411
0.406
0.406
0.404
0.403
0.395
0.413
0.409
0.402
0.41
0.409
0.41
0.406
0.405
0.407
0.402
0.411
0.41
0.405
0.407
0.404
0.407
0.411
0.409
0.406
0.405
0.415
0.408
0.4
0.407
0.405
0.411
0.405
0.4
0.407
0.398
0.402
0.404
0.401
0.398
0.402
0.401
0.411
0.401
0.396
0.401
0.402
0.405
0.399
0.396
0.393
0.4
0.396
0.389
0.398
0.391
0.398
0.393
0.399
0.397
0.397
0.396
0.389
0.392
0.401
0.396
0.39
0.396
0.39
0.396
0.39
0.396
0.393
0.401
0.396
0.396
0.394
0.394
0.396
0.389
0.398
0.395
0.399
0.395
0.395
0.393
0.396
0.391
0.399
0.394
0.396
0.396
0.398
0.392
0.401
0.397
0.397
0.396
0.396
0.396
0.4
0.397
0.404
0.399
0.393
0.4
0.394
0.399
0.4
0.397
0.396
0.401
0.395
0.398
0.394
0.397
0.404
0.398
0.393
0.397
0.396
0.399
0.403
0.402
0.397
0.399
0.398
0.403
0.394
0.401
0.41
0.404
0.398
0.407
0.399
0.408
0.4
0.407
0.41
0.413
0.409
0.403
0.411
0.402
0.412
0.404
0.409
0.411
0.414
0.417
0.415
0.406
0.41
0.406
0.409
0.407
0.414
0.412
0.403
0.41
0.403
0.408
0.407
0.414
0.411
0.41
0.406
0.41
0.405
0.412
0.413
0.41
0.406
0.416
0.411
0.413
0.409
0.406
0.411
0.402
0.411
0.41
0.404
0.41
0.41
0.419
0.412
0.402
0.403
0.413
0.407
0.412
0.409
0.409
0.412
0.42
0.411
0.41
0.41
0.411
0.419
0.414
0.406
0.416
0.413
0.411
0.415
0.407
0.416
0.414
0.413
0.408
0.416
0.41
0.412
0.408
0.414
0.41
0.414
0.411
0.412
0.413
0.411
0.413
0.406
0.415
0.413
0.404
0.414
0.413
0.408
0.408
0.413
0.413
0.417
0.419
0.41
0.413
0.418
0.415
0.408
0.415
0.415
0.416
0.424
0.42
0.411
0.417
0.414
0.423
0.422
0.413
0.418
0.411
0.416
0.411
0.413
0.418
0.411
0.417
0.409
0.414
0.409
0.417
0.407
0.416
0.414
0.41
0.416
0.41
0.413
0.407
0.413
0.412
0.417
0.413
0.409
0.411
0.408
0.414
0.412
0.407
0.41
0.413
0.406
0.414
0.408
0.413
0.409
0.403
0.405
0.409
0.419
0.41
0.405
0.412
0.406
0.409
0.406
0.41
0.41
0.408
0.408
0.409
0.416
0.412
0.406
0.406
0.408
0.408
0.41
0.418
0.415
0.421
0.414
0.411
0.419
0.41
0.42
0.407
0.413
0.416
0.409
0.41
0.414
0.412
0.412
0.417
0.415
0.418
0.411
0.413
0.411
0.417
0.415
0.409
0.411
0.409
0.419
0.415
0.414
0.412
0.407
0.413
0.408
0.405
0.411
0.405
0.413
0.411
0.407
0.407
0.409
0.409
0.415
0.406
0.404
0.409
0.404
0.413
0.409
0.41
0.406
0.403
0.41
0.402
0.407
0.403
0.406
0.404
0.41
0.408
0.404
0.405
0.402
0.41
0.407
0.406
0.398
0.404
0.403
0.408
0.399
0.408
0.398
0.404
0.404
0.402
0.403
0.398
0.406
0.401
0.406
0.41
0.407
0.408
0.4
0.407
0.41
0.407
0.411
0.405
0.397
0.406
0.407
0.401
0.399
0.404
0.402
0.407
0.401
0.403
0.4
0.399
0.4
0.399
0.398
0.404
0.407
0.41
0.402
0.396
0.403
0.401
0.403
0.396
0.405
0.396
0.404
0.398
0.405
0.4
0.402
0.396
0.396
0.399
0.403
0.403
0.403
0.404
0.409
0.403
0.405
0.402
0.397
0.401
0.4
0.407
0.404
0.4
0.4
0.399
0.397
0.396
0.398
0.398
0.396
0.404
0.399
0.404
0.397
0.403
0.4
0.406
0.41
0.401
0.399
0.407
0.399
0.407
0.411
0.404
0.404
0.414
0.405
0.408
0.415
0.417
0.409
0.415
0.415
0.419
0.422
0.419
0.419
0.419
0.418
0.421
0.427
0.423
0.425
0.422
0.427
0.423
0.428
0.424
0.423
0.431
0.425
0.429
0.424
0.429
0.426
0.432
0.427
0.433
0.43
0.428
0.432
0.431
0.433
0.431
0.434
0.438
0.436
0.432
0.435
0.442
0.446
0.452
0.451
0.45
0.456
0.462
0.468
0.461
0.471
0.472
0.469
0.461
0.468
0.464
0.47
0.479
0.478
0.485
0.476
0.486
0.483
0.485
0.489
0.479
0.489
0.493
0.502
0.499
0.502
0.493
0.505
0.504
0.496
0.505
0.502
0.509
0.502
0.51
0.515
0.51
0.506
0.506
0.506
0.51
0.513
0.501
0.509
0.516
0.514
0.513
0.525
0.526
0.517
0.517
0.518
0.542
0.539
0.538
0.528
0.527
0.515
0.521
0.527
0.558
0.6
0.597
0.557
0.548
0.546
0.547
0.597
0.593
0.592
0.585
0.586
0.595
0.593
0.597
0.596
0.648
0.661
0.594
0.585
0.579
0.587
0.59
0.586
0.575
0.571
0.579
0.569
0.574
0.575
0.563
0.558
0.563
0.562
0.555
0.568
0.57
0.621
0.632
0.634
0.632
0.623
0.614
0.601
0.594
0.591
0.588
0.584
0.593
0.595
0.59
0.599
0.596
0.59
0.588
0.594
0.598
0.604
0.609
0.61
0.576
0.567
0.564
0.561
0.562
0.561
0.563
0.563
0.57
0.57
0.561
0.569
0.612
0.608
0.604
0.602
0.604
0.606
0.608
0.605
0.657
0.666
0.671
0.67
0.66
0.652
0.62
0.61
0.601
0.602
0.602
0.601
0.589
0.645
0.634
0.616
0.607
0.605
0.602
0.6
0.603
