0.584
0.528
0.493
0.444
0.438
0.444
0.446
0.438
0.438
0.439
0.433
0.428
0.438
0.433
0.426
0.432
0.436
0.431
0.435
0.43
0.434
0.443
0.438
0.43
0.434
0.439
0.443
0.435
0.428
0.431
0.431
0.429
0.427
0.432
0.427
0.424
0.428
0.419
0.424
0.418
0.416
0.425
0.433
0.423
0.423
0.419
0.413
0.419
0.412
0.402
0.41
0.42
0.41
0.405
0.415
0.417
0.417
0.41
0.413
0.409
0.403
0.411
0.419
0.412
0.406
0.403
0.396
0.418
0.422
0.43
0.423
0.425
0.426
0.418
0.416
0.417
0.407
0.412
0.409
0.417
0.408
0.417
0.407
0.414
0.423
0.414
0.413
0.416
0.408
0.415
0.41
0.411
0.404
0.414
0.408
0.415
0.414
0.409
0.402
0.408
0.41
0.398
0.402
0.399
0.41
0.409
0.413
0.415
0.421
0.426
0.427
0.419
0.415
0.417
0.407
0.409
0.412
0.404
0.398
0.406
0.412
0.396
0.399
0.397
0.41
0.411
0.403
0.41
0.401
0.408
0.412
0.411
0.407
0.408
0.408
0.411
0.401
0.405
0.411
0.407
0.412
0.402
0.401
0.417
0.41
0.413
0.414
0.416
0.423
0.411
0.407
0.408
0.408
0.412
0.403
0.405
0.411
0.415
0.407
0.414
0.41
0.415
0.402
0.397
0.396
0.405
0.405
0.399
0.408
0.398
0.389
0.397
0.405
0.395
0.396
0.404
0.409
0.405
0.41
0.409
0.412
0.407
0.414
0.401
0.402
0.396
0.404
0.407
0.408
0.402
0.396
0.398
0.401
0.402
0.392
0.389
0.398
0.403
0.399
0.402
0.394
0.396
0.396
0.389
0.402
0.404
0.398
0.397
0.389
0.396
0.402
0.394
0.402
0.4
0.393
0.39
0.396
0.396
0.405
0.395
0.389
0.395
0.392
0.383
0.392
0.398
0.403
0.396
0.396
0.398
0.4
0.397
0.396
0.403
0.393
0.401
0.4
0.401
0.4
0.393
0.396
0.404
0.396
0.399
0.402
0.406
0.398
0.396
0.395
0.397
0.393
0.396
0.383
0.396
0.396
0.394
0.396
0.394
0.403
0.39
0.386
0.384
0.382
0.386
0.383
0.387
0.391
0.39
0.393
0.391
0.396
0.39
0.398
0.392
0.397
0.393
0.387
0.404
0.394
0.386
0.403
0.394
0.397
0.391
0.404
0.394
0.401
0.394
0.387
0.396
0.399
0.396
0.397
0.404
0.39
0.39
0.386
0.387
0.389
0.397
0.394
0.395
0.401
0.397
0.396
0.396
0.391
0.395
0.4
0.391
0.385
0.387
0.384
0.39
0.411
0.415
0.552
0.566
0.577
0.648
0.646
0.619
0.609
0.607
0.604
0.615
0.604
0.612
0.605
0.614
0.604
0.607
0.603
0.614
0.61
0.607
