0.669
0.66
0.65
0.638
0.639
0.638
0.63
0.622
0.597
0.594
0.58
0.579
0.59
0.577
0.572
0.567
0.562
0.553
0.543
0.521
0.531
0.524
0.514
0.52
0.509
0.505
0.496
0.506
0.502
0.498
0.504
0.501
0.505
0.493
0.499
0.494
0.496
0.503
0.496
0.498
0.499
0.497
0.487
0.484
0.491
0.49
0.479
0.484
0.482
0.479
0.478
0.47
0.47
0.466
0.481
0.47
0.474
0.485
0.476
0.477
0.481
0.467
0.478
0.467
0.477
0.466
0.465
0.476
0.468
0.466
0.47
0.473
0.465
0.471
0.465
0.467
0.469
0.464
0.468
0.466
0.466
0.465
0.474
0.466
0.462
0.462
0.469
0.474
0.466
0.467
0.459
0.456
0.452
0.452
0.452
0.447
0.454
0.456
0.453
0.452
0.453
0.453
0.452
0.467
0.478
0.47
0.461
0.453
0.449
0.442
0.451
0.444
0.449
0.452
0.444
0.434
0.438
0.438
0.438
0.433
0.436
0.445
0.435
0.444
0.45
0.459
0.452
0.441
0.443
0.455
0.451
0.451
0.457
0.453
0.463
0.467
0.466
0.463
0.454
0.452
0.454
0.457
0.465
0.457
0.448
0.45
0.469
0.46
0.449
0.451
0.457
0.461
0.458
0.458
0.458
0.455
0.458
0.463
0.467
0.475
0.474
0.461
0.456
0.452
0.445
0.467
0.459
0.458
0.468
0.454
0.448
0.453
0.461
0.451
0.456
0.465
0.454
0.45
0.449
0.451
0.454
0.447
0.455
0.453
0.447
0.449
0.459
0.457
0.461
0.446
0.455
0.458
0.447
0.438
0.439
0.446
0.457
0.44
0.44
0.44
0.449
0.446
0.435
0.434
0.431
0.438
0.436
0.432
0.452
0.439
0.452
0.45
0.444
0.448
0.437
0.437
0.438
0.442
0.446
0.455
0.434
0.44
0.437
0.455
0.457
0.436
0.439
0.449
0.453
0.444
0.439
0.434
0.443
0.437
0.442
0.444
0.434
0.435
0.439
0.442
0.444
0.438
0.444
0.436
0.436
0.438
0.433
0.435
0.44
0.442
0.436
0.438
0.441
0.438
0.435
0.435
0.438
0.434
0.438
0.431
0.43
0.434
0.434
0.44
0.45
0.434
0.431
0.437
0.434
0.427
0.43
0.433
0.437
0.427
0.434
0.442
0.44
0.432
0.425
0.43
0.433
0.427
0.43
0.429
0.424
0.429
0.43
0.438
0.428
0.431
0.429
0.432
0.426
0.431
0.423
0.428
0.432
0.425
0.426
0.433
0.429
0.434
0.439
0.43
0.435
0.432
0.434
0.44
0.438
0.438
0.439
0.448
0.453
0.442
0.438
0.437
0.44
0.433
0.441
0.438
0.433
0.443
0.449
0.432
0.436
0.43
0.427
0.43
0.433
0.425
0.43
0.43
0.439
0.431
0.428
0.435
0.425
0.43
0.437
0.436
0.43
0.424
0.426
0.422
0.427
0.422
0.43
0.435
0.434
0.429
0.423
0.423
0.433
0.438
0.423
0.43
0.424
0.433
0.43
0.424
0.426
0.432
0.427
0.426
0.418
0.425
0.432
0.426
0.435
0.425
0.434
0.424
0.431
0.424
0.433
0.423
0.423
0.429
0.424
0.428
0.426
0.428
0.422
0.432
0.433
0.438
0.439
0.432
0.426
0.429
0.439
0.432
0.426
0.427
0.43
0.427
0.437
0.428
0.425
0.428
0.432
0.423
0.43
0.435
0.431
0.435
0.438
0.435
0.433
0.425
0.424
0.433
0.433
0.436
0.428
0.426
0.427
0.438
0.428
0.432
0.428
0.428
0.434
0.435
0.437
0.429
0.42
0.419
0.427
0.422
0.422
0.42
0.423
0.433
0.421
0.418
0.426
0.43
0.438
0.44
0.427
0.437
0.427
0.424
0.432
0.426
0.435
0.432
0.436
0.429
0.429
0.425
0.432
0.424
0.429
0.426
0.436
0.444
0.435
0.441
0.438
0.428
0.427
0.423
0.427
0.433
0.434
0.429
0.419
0.429
0.435
0.438
0.434
0.438
0.428
0.435
0.426
0.433
0.443
0.439
0.43
0.435
0.428
0.429
0.425
0.424
0.433
0.432
0.43
0.449
0.451
0.44
0.438
0.432
0.427
0.444
0.439
0.448
0.43
0.427
0.422
0.429
0.431
0.44
0.432
0.429
0.424
0.425
0.435
0.43
0.42
0.428
0.418
0.416
0.431
0.421
0.425
0.418
0.424
0.418
0.416
0.414
0.421
0.431
0.422
0.428
0.418
0.413
0.421
0.428
0.433
0.426
0.424
0.415
0.413
0.419
0.417
0.423
0.416
0.418
0.416
0.411
0.422
0.413
0.419
0.421
0.417
0.414
0.414
0.422
0.417
0.419
0.425
0.417
0.427
0.418
0.423
0.428
0.42
0.421
0.428
0.429
0.432
0.433
0.426
0.427
0.417
0.423
0.431
0.428
0.421
0.428
0.428
0.421
0.426
0.429
0.434
0.437
0.424
0.431
0.434
0.435
0.429
0.43
0.426
0.433
0.429
0.422
0.428
0.421
0.418
0.421
0.418
0.422
0.431
0.432
0.423
0.416
0.424
0.425
0.425
0.419
0.419
0.423
0.417
0.42
0.418
0.416
0.42
0.413
0.42
0.42
0.423
0.415
0.422
0.415
0.407
0.419
0.413
0.415
0.418
0.412
0.415
0.417
0.427
0.425
0.42
0.429
0.419
0.422
0.426
0.415
0.414
0.423
0.414
0.414
0.414
0.424
0.418
0.418
0.418
0.417
0.421
0.417
0.419
0.415
0.41
0.42
0.423
0.424
0.421
0.422
0.412
0.415
0.42
0.416
0.425
0.419
0.414
0.423
0.427
0.437
0.424
0.419
0.437
0.423
0.426
0.427
0.429
0.438
0.43
0.438
0.434
0.425
0.422
0.419
0.417
0.421
0.418
0.422
0.42
0.416
0.415
0.422
0.412
0.416
0.417
0.416
0.417
0.42
0.422
0.416
0.421
0.426
0.421
0.429
0.419
0.42
0.419
0.416
0.421
0.421
0.412
0.414
0.435
0.42
0.416
0.422
0.422
0.42
0.426
0.416
0.422
0.428
0.423
0.431
0.433
0.422
0.427
0.434
0.432
0.426
0.418
0.42
0.421
0.424
0.42
0.412
0.425
0.433
0.433
0.429
0.428
0.435
0.428
0.437
0.436
0.426
0.426
0.418
0.416
0.425
0.419
0.422
0.422
0.429
0.435
0.425
0.422
0.413
0.41
0.419
0.425
0.419
0.416
0.426
0.431
0.436
0.428
0.427
0.417
0.422
0.423
0.422
0.424
0.432
0.441
0.434
0.424
0.432
0.423
0.428
0.423
0.426
0.42
0.428
0.422
0.429
0.421
0.441
0.432
0.426
0.436
0.428
0.421
0.427
0.434
0.443
0.438
0.438
0.423
0.426
0.42
0.42
0.431
0.425
0.424
0.418
0.416
0.422
0.424
0.418
0.409
0.419
0.415
0.414
0.421
0.414
0.413
0.412
0.414
0.417
0.411
0.413
0.423
0.429
0.417
0.411
0.413
0.418
0.414
0.417
0.41
0.418
0.415
0.411
0.42
0.429
0.422
0.42
0.414
0.411
0.407
0.412
0.422
0.422
0.414
0.416
0.407
0.407
0.413
0.419
0.422
0.416
0.415
0.407
0.408
0.409
0.417
0.422
0.415
0.417
0.409
0.407
0.413
0.421
0.422
0.418
0.418
0.412
0.412
0.413
0.411
0.416
0.421
0.412
0.418
0.418
0.414
0.423
0.425
0.432
0.419
0.415
0.419
0.415
0.425
0.421
0.421
0.414
0.417
0.422
0.431
0.434
0.423
0.418
0.426
0.424
0.422
0.432
0.428
0.414
0.422
0.413
0.42
0.413
0.419
0.419
0.414
0.418
0.415
0.418
0.42
0.413
0.42
0.412
0.419
0.426
0.416
0.42
0.415
0.418
0.422
0.415
0.427
0.432
0.433
0.42
0.423
0.418
0.419
0.422
0.408
0.413
0.409
0.41
0.408
0.406
0.414
0.405
0.409
0.407
0.403
0.408
0.402
0.41
0.405
0.4
0.401
0.406
0.399
0.405
0.396
0.392
0.4
0.398
0.398
0.405
0.399
0.402
0.409
0.41
0.401
0.402
0.4
0.398
0.404
0.407
0.403
0.41
0.404
0.406
0.398
0.406
0.402
0.406
0.402
0.4
0.412
0.415
0.412
0.413
0.409
0.409
0.411
0.415
0.407
0.416
0.409
0.412
0.408
0.418
0.416
0.421
0.418
0.424
0.419
0.409
0.415
0.417
0.419
0.422
0.416
0.421
0.421
0.426
0.43
0.438
0.434
0.425
0.424
0.441
0.431
0.427
0.428
0.427
0.43
0.438
0.443
0.429
0.428
0.437
0.444
0.435
0.422
0.424
0.418
0.427
0.419
0.419
0.425
0.422
0.419
0.428
0.431
0.428
0.425
0.444
0.434
0.428
0.433
0.43
0.436
0.432
0.424
0.434
0.429
0.438
0.43
0.42
0.442
0.436
0.43
0.437
0.43
0.43
0.426
0.429
0.427
0.434
0.434
0.443
0.437
0.427
0.432
0.427
0.435
0.427
0.428
0.432
0.43
0.433
0.43
0.438
0.438
0.438
0.434
0.438
0.435
0.443
0.434
0.424
0.428
0.43
0.437
0.446
0.437
0.441
0.438
0.436
0.432
0.436
0.428
0.43
0.432
0.43
0.431
0.432
0.428
0.443
0.431
0.432
0.425
0.429
0.438
0.439
0.432
0.428
0.423
0.427
0.422
0.428
0.428
0.422
0.424
0.429
0.429
0.434
0.429
0.436
0.443
0.438
0.434
0.425
0.429
0.437
0.427
0.43
0.424
0.44
0.43
0.434
0.427
0.432
0.439
0.432
0.426
0.429
0.433
0.432
0.434
0.426
0.42
0.422
0.425
0.417
0.425
0.417
0.42
0.417
0.422
0.421
0.416
0.421
0.425
0.422
0.421
0.417
0.427
0.417
0.42
0.418
0.422
0.417
0.42
0.417
0.42
0.42
0.418
0.424
0.424
0.421
0.429
0.425
0.435
0.43
0.42
0.429
0.42
0.423
0.417
0.416
0.42
0.429
0.437
0.422
0.416
0.417
0.414
0.423
0.415
0.428
0.42
0.417
0.412
0.421
0.416
0.416
0.422
0.415
0.425
0.418
0.421
0.414
0.42
0.421
0.418
0.421
0.417
0.422
0.421
0.417
0.42
0.419
0.424
0.422
0.418
0.417
0.422
0.419
0.415
0.413
0.403
0.405
0.409
0.401
0.402
0.404
0.401
0.401
0.405
0.398
0.396
0.39
0.387
0.395
0.402
0.397
0.392
0.389
0.39
0.396
0.392
0.393
0.39
0.398
0.399
0.396
0.397
0.406
0.406
0.4
0.397
0.401
0.395
0.393
0.396
0.402
0.392
0.398
0.399
0.402
0.392
0.401
0.397
0.395
0.398
0.396
0.395
0.4
0.399
0.402
0.396
0.394
0.401
0.408
0.402
0.408
0.41
0.403
0.397
0.399
0.403
0.402
0.398
0.398
0.4
0.399
0.408
0.406
0.409
0.402
0.41
0.408
0.407
0.409
0.411
0.419
0.412
0.407
0.412
0.402
0.406
0.412
0.408
0.405
0.412
0.404
0.408
0.418
0.415
0.419
0.416
0.42
0.42
0.419
0.428
0.418
0.42
0.417
0.419
0.417
0.423
0.422
0.421
0.415
0.421
0.419
0.425
0.421
0.412
0.418
0.421
0.427
0.428
0.426
0.422
0.418
0.423
0.425
0.434
0.429
0.433
0.428
0.429
0.432
0.425
0.431
0.423
0.425
0.422
0.431
0.429
0.436
0.43
0.439
0.434
0.428
0.429
0.421
0.42
0.43
0.422
0.429
0.425
0.429
0.43
0.409
0.41
0.419
0.406
0.408
0.4
0.398
0.396
0.397
0.392
0.397
0.403
0.397
0.402
0.392
0.389
0.393
0.397
0.393
0.395
0.402
0.397
0.398
0.399
0.4
0.398
0.407
0.406
0.4
0.397
0.394
0.4
0.395
0.392
0.396
0.399
0.396
0.395
0.399
0.406
0.4
0.409
0.406
0.4
0.396
0.399
0.396
0.401
0.399
0.39
0.396
0.398
0.408
0.398
0.395
0.401
0.404
0.397
0.402
0.406
0.402
0.402
0.397
0.404
0.396
0.394
0.401
0.404
0.398
0.4
0.408
0.408
0.402
0.404
0.413
0.409
0.419
0.409
0.41
0.405
0.41
0.4
0.413
0.416
0.407
0.399
0.415
0.42
0.405
0.409
0.414
0.405
0.415
0.409
0.409
0.411
0.409
0.408
0.413
0.411
0.408
0.407
0.414
0.419
0.419
0.416
0.414
0.416
0.416
0.422
0.415
0.417
0.419
0.425
0.42
0.417
0.422
0.427
0.418
0.416
0.431
0.421
0.421
0.426
0.432
0.428
0.426
0.429
0.436
0.428
0.423
0.432
0.433
0.437
0.432
0.427
0.421
0.426
0.425
0.426
0.424
0.434
0.428
0.438
0.429
0.427
0.427
0.424
0.43
0.425
0.423
0.426
0.421
0.424
0.43
0.438
0.432
0.426
0.421
0.419
0.415
0.414
0.404
0.406
0.41
0.403
0.398
0.396
0.397
0.39
0.394
0.387
0.396
0.392
0.388
0.396
0.393
0.395
0.392
0.4
0.396
0.397
0.402
0.396
0.396
0.401
0.403
0.401
0.404
0.41
0.413
0.413
0.405
0.405
0.396
0.406
0.405
0.409
0.399
0.395
0.408
0.402
0.395
0.399
0.406
0.398
0.401
0.408
0.413
0.407
0.404
0.407
0.402
0.401
0.407
0.415
0.41
0.415
0.409
0.413
0.407
0.414
0.418
0.422
0.42
0.416
0.408
0.415
0.414
0.414
0.408
0.414
0.407
0.413
0.42
0.409
0.418
0.418
0.411
0.41
0.414
0.42
0.413
0.418
0.418
0.412
0.416
0.421
0.43
0.415
0.41
0.416
0.424
0.422
0.412
0.405
0.412
0.409
0.416
0.41
0.417
0.412
0.42
0.416
0.417
0.407
0.416
0.414
0.418
0.408
0.417
0.421
0.42
0.415
0.409
0.418
0.42
0.413
0.419
0.415
0.423
0.414
0.42
0.413
0.421
0.413
0.42
0.415
0.423
0.419
0.427
0.419
0.419
0.418
0.426
0.424
0.425
0.416
0.419
0.419
0.428
0.426
0.427
0.42
0.425
0.426
0.429
0.424
0.415
0.422
0.414
0.417
0.421
0.414
0.418
0.418
0.416
0.426
0.42
0.421
0.416
0.423
0.42
0.421
0.432
0.422
0.415
0.42
0.423
0.414
0.432
0.429
0.426
0.421
0.424
0.434
0.438
0.43
0.423
0.425
0.43
0.425
0.424
0.432
0.427
0.432
0.435
0.425
0.431
0.421
0.435
0.433
0.443
0.436
0.436
0.435
0.429
0.431
0.423
0.436
0.432
0.425
0.432
0.437
0.428
0.423
0.43
0.427
0.431
0.421
0.431
0.426
0.422
0.427
0.421
0.419
0.419
0.426
0.428
0.395
0.387
0.395
0.404
0.396
0.393
0.396
0.388
0.384
0.389
0.385
0.385
0.385
0.386
0.39
0.392
0.392
0.395
0.4
0.398
0.404
0.398
0.406
0.406
0.407
0.406
0.404
0.397
0.403
0.404
0.401
0.409
0.407
0.401
0.404
0.409
0.399
0.394
0.4
0.399
0.393
0.399
0.406
0.406
0.399
0.408
0.404
0.405
0.402
0.405
0.407
0.408
0.407
0.408
0.415
0.416
0.407
0.415
0.412
0.414
0.42
0.42
0.414
0.423
0.424
0.417
0.426
0.425
0.421
0.426
0.425
0.433
0.426
0.434
0.431
0.435
0.438
0.454
0.462
0.456
0.463
0.461
