0.438
0.442
0.441
0.44
0.43
0.421
0.424
0.423
0.426
0.429
0.421
0.417
0.424
0.419
0.417
0.422
0.421
0.412
0.419
0.428
0.416
0.412
0.416
0.408
0.413
0.421
0.422
0.413
0.408
0.408
0.411
0.41
0.42
0.414
0.409
0.408
0.413
0.407
0.411
0.41
0.413
0.411
0.409
0.419
0.418
0.414
0.412
0.417
0.42
0.424
0.42
0.418
0.422
0.424
0.428
0.432
0.434
0.426
0.425
0.417
0.423
0.432
0.436
0.428
0.423
0.43
0.435
0.437
0.438
0.438
0.431
0.434
0.44
0.438
0.431
0.433
0.429
0.438
0.431
0.437
0.438
0.437
0.432
0.444
0.452
0.445
0.438
0.436
0.438
0.445
0.438
0.436
0.432
0.434
0.427
0.42
0.423
0.414
0.418
0.421
0.42
0.421
0.417
0.426
0.422
0.423
0.422
0.427
0.423
0.425
0.419
0.424
0.417
0.414
0.423
0.426
0.422
0.414
0.417
0.422
0.423
0.427
0.437
0.427
0.421
0.417
0.421
0.429
0.419
0.417
0.427
0.428
0.427
0.421
0.42
0.421
0.426
0.413
0.412
0.418
0.419
0.424
0.415
0.415
0.413
0.413
0.412
0.422
0.43
0.419
0.425
0.428
0.421
0.424
0.415
0.419
0.42
0.411
0.408
0.408
0.403
0.405
0.41
0.417
0.411
0.404
0.406
0.405
0.409
0.416
0.419
0.409
0.407
0.407
0.398
0.409
0.397
0.408
0.406
0.403
0.408
0.409
0.401
0.404
0.405
0.408
0.398
0.407
0.413
0.405
0.401
0.395
0.411
0.404
0.401
0.4
0.406
0.4
0.399
0.399
0.401
0.4
0.396
0.399
0.4
0.397
0.401
0.393
0.402
0.397
0.401
0.4
0.397
0.392
0.399
0.391
0.392
0.391
0.384
0.387
0.383
0.389
0.387
0.388
0.386
0.389
0.392
0.396
0.391
0.388
0.389
0.398
0.39
0.39
0.385
0.388
0.388
0.389
0.385
0.393
0.396
0.402
0.392
0.4
0.401
0.392
0.392
0.391
0.398
0.393
0.396
0.393
0.398
0.394
0.389
0.398
0.405
0.403
0.397
0.394
0.395
0.395
0.389
0.389
0.391
0.389
0.391
0.384
0.387
0.39
0.389
0.384
0.389
0.382
0.381
0.38
0.384
0.38
0.376
0.384
0.392
0.388
0.377
0.374
0.378
0.386
0.379
0.386
0.378
0.378
0.372
0.38
0.386
0.388
0.383
0.383
0.384
0.386
0.378
0.386
0.386
0.387
0.38
0.38
0.389
0.387
0.386
0.385
0.383
0.379
0.383
0.38
0.399
0.393
0.391
0.397
0.389
0.396
0.402
0.4
0.401
0.409
0.407
0.401
0.395
0.352
0.349
0.384
0.384
0.38
0.396
0.396
0.389
0.387
0.382
0.388
0.386
0.38
0.388
0.383
0.39
0.392
0.385
0.389
0.394
0.386
0.39
0.388
0.384
0.387
0.389
0.394
0.399
0.4
0.393
0.386
0.393
0.391
0.39
0.388
0.391
0.393
0.391
0.386
0.395
0.391
0.396
0.397
0.393
0.394
0.396
0.387
0.392
0.39
0.394
0.391
0.385
0.391
0.399
0.398
0.392
0.396
0.39
0.398
0.396
0.404
0.394
0.397
0.395
0.392
0.41
0.396
0.402
0.396
0.389
0.389
0.39
0.387
0.392
0.383
0.391
0.385
0.387
0.39
0.386
0.394
0.388
0.397
0.39
0.388
0.389
0.38
0.375
0.384
0.392
0.387
0.378
0.377
0.38
0.38
0.377
0.372
0.378
0.386
0.381
0.381
0.382
0.374
0.368
0.374
0.374
0.38
0.376
0.375
0.373
0.371
0.38
0.377
0.378
0.376
0.376
0.382
0.375
0.371
0.371
0.377
0.372
0.374
0.378
0.374
0.372
0.381
0.373
0.371
0.377
0.37
0.368
0.369
0.376
0.368
0.376
0.381
0.38
0.376
0.375
0.371
0.378
0.371
0.372
0.369
0.369
0.375
0.369
0.374
0.37
0.375
0.368
0.376
0.367
0.38
0.373
0.369
0.372
0.377
0.371
0.372
0.371
0.372
0.372
0.377
0.369
0.373
0.379
0.377
0.379
0.382
0.381
0.378
0.376
0.37
0.377
0.374
0.369
0.369
0.377
0.383
0.383
0.38
0.378
0.376
0.378
0.374
0.376
0.372
0.377
0.371
0.379
0.373
0.378
0.377
0.379
0.374
0.367
0.369
0.378
0.373
0.372
0.373
0.377
0.379
0.377
0.38
0.375
0.374
0.373
0.382
0.378
0.375
0.375
0.376
0.378
0.381
0.374
0.381
0.382
0.382
0.376
0.37
0.381
0.377
0.383
0.389
0.381
0.384
0.376
0.381
0.384
0.376
0.374
0.381
0.375
0.384
0.372
0.387
0.383
0.38
0.376
0.379
0.376
0.382
0.379
0.374
0.383
0.375
0.384
0.384
0.379
0.374
0.377
0.385
0.38
0.379
0.381
0.38
0.376
0.385
0.381
0.384
0.377
0.374
0.377
0.384
0.379
0.373
0.38
0.382
0.375
0.382
0.375
0.374
0.374
0.381
0.378
0.382
0.378
0.379
0.378
0.375
0.379
0.372
0.379
0.38
0.384
0.376
0.373
0.377
0.374
0.374
0.371
0.373
0.374
0.375
0.383
0.38
0.388
0.382
0.381
0.387
0.383
0.385
0.384
0.381
0.377
0.38
0.385
0.383
0.389
0.381
0.39
0.384
0.387
0.395
0.388
0.391
0.392
0.388
0.38
0.385
0.389
0.384
0.383
0.381
0.383
0.38
0.375
0.373
0.373
0.379
0.377
0.377
0.385
0.372
0.373
0.378
0.376
0.37
0.374
0.375
0.38
0.379
0.388
0.38
0.381
0.376
0.374
0.379
0.37
0.377
0.384
0.381
0.379
0.381
0.372
0.375
0.377
0.381
0.373
0.391
0.387
0.382
0.381
0.386
0.383
0.387
0.384
0.384
0.384
0.379
0.378
0.385
0.379
0.394
0.392
0.387
0.39
0.381
0.391
0.389
0.386
0.391
0.384
0.389
0.395
0.391
0.394
0.4
0.387
0.39
0.39
0.386
0.392
0.386
0.393
0.384
0.393
0.386
0.394
0.389
0.389
0.385
0.386
0.391
0.386
0.382
0.39
0.383
0.388
0.395
0.39
0.387
0.385
0.389
0.38
0.388
0.389
0.385
0.39
0.391
0.391
0.388
0.384
0.384
0.379
0.379
0.376
0.383
0.382
0.384
0.375
0.384
0.375
0.379
0.384
0.383
0.391
0.384
0.38
0.381
0.381
0.379
0.385
0.384
0.379
0.38
0.38
0.382
0.38
0.378
0.38
0.373
0.38
0.381
0.381
0.381
0.386
0.377
0.385
0.389
0.384
0.383
0.38
0.38
0.381
0.378
0.38
0.376
0.385
0.378
0.381
0.388
0.389
0.386
0.379
0.386
0.38
0.377
0.383
0.381
0.378
0.383
0.376
0.382
0.377
0.388
0.388
0.382
0.38
0.38
0.384
0.379
0.387
0.378
0.385
0.379
0.387
0.381
0.378
0.387
0.38
0.385
0.385
0.387
0.382
0.391
0.392
0.386
0.384
0.39
0.39
0.383
0.383
0.388
0.388
0.395
0.391
0.386
0.399
0.404
0.397
0.398
0.396
0.392
0.394
0.396
0.4
0.396
0.404
0.396
0.395
0.401
0.392
0.394
0.39
0.397
0.397
0.394
0.397
0.388
0.391
0.399
0.396
0.387
0.395
0.388
0.395
0.392
0.394
0.402
0.397
0.399
0.393
0.385
0.389
0.388
0.387
0.385
0.39
0.382
0.398
0.393
0.385
0.388
0.381
0.382
0.388
0.381
0.387
0.384
0.391
0.396
0.389
0.39
0.385
0.382
0.381
0.38
0.387
0.39
0.386
0.385
0.388
0.382
0.379
0.381
0.376
0.384
0.38
0.382
0.375
0.382
0.384
0.379
0.383
0.382
0.379
0.386
0.38
0.386
0.379
0.387
0.386
0.387
0.383
0.382
0.376
0.383
0.382
0.382
0.385
0.381
0.388
0.39
0.374
0.377
0.378
0.384
0.384
0.386
0.38
0.377
0.375
0.381
0.376
0.372
0.378
0.373
0.374
0.38
0.372
0.373
0.375
0.377
0.372
0.378
0.378
0.372
0.378
0.37
0.37
0.374
0.373
0.371
0.37
0.382
0.377
0.376
0.38
0.381
0.374
0.371
0.373
0.368
0.371
0.367
0.372
0.369
0.369
0.366
0.365
0.363
0.365
0.364
0.368
0.364
0.369
0.369
0.367
0.36
0.362
0.36
0.363
0.365
0.369
0.369
0.362
0.366
0.366
0.369
0.363
0.366
0.368
0.368
0.361
0.369
0.366
0.364
0.364
0.368
0.369
0.366
0.367
0.366
0.36
0.364
0.366
0.363
0.366
0.374
0.373
0.37
0.375
0.367
0.364
0.373
0.368
0.369
0.363
0.37
0.367
0.368
0.361
0.368
0.372
0.366
0.369
0.371
0.371
0.366
0.365
0.362
0.369
0.366
0.36
0.362
0.37
0.366
0.366
0.364
0.36
0.367
0.37
0.368
0.366
0.365
0.372
0.365
0.373
0.367
0.367
0.375
0.371
0.365
0.371
0.368
0.368
0.365
0.367
0.368
0.366
0.364
0.371
0.364
0.37
0.37
0.371
0.37
0.375
0.373
0.371
0.369
0.37
0.367
0.373
0.37
0.366
0.373
0.366
0.369
0.365
0.366
0.368
0.368
0.365
0.374
0.365
0.374
0.366
0.366
0.374
0.366
0.372
0.37
0.37
0.372
0.366
0.363
0.368
0.374
0.368
0.365
0.369
0.369
0.37
0.368
0.364
0.369
0.371
0.369
0.361
0.368
0.365
0.364
0.369
0.371
0.374
0.376
0.373
0.38
0.379
0.384
0.378
0.387
0.385
0.382
0.383
0.383
0.384
0.382
0.383
0.387
0.382
0.39
0.386
0.382
0.382
0.386
0.393
0.394
0.393
0.392
0.389
0.386
0.389
0.39
0.386
0.392
0.389
0.391
0.391
0.393
0.4
0.395
0.395
0.396
0.396
0.421
0.414
0.424
0.43
0.426
0.428
0.428
0.425
0.431
0.424
0.429
0.426
0.434
0.426
0.434
0.43
0.424
0.418
0.413
0.417
0.426
0.427
0.418
0.426
0.41
0.404
0.401
0.403
0.413
0.408
0.405
0.399
0.396
0.403
0.401
0.409
0.405
0.395
0.396
0.399
0.39
0.399
0.396
0.398
0.398
0.394
0.389
0.393
0.396
0.39
0.397
0.397
0.391
0.398
0.392
0.387
0.378
0.391
0.394
0.388
0.383
0.387
0.383
0.386
0.386
0.392
0.389
0.396
0.389
0.39
0.388
0.39
0.393
0.396
0.389
0.393
0.395
0.386
0.38
0.389
0.384
0.389
0.382
0.386
0.391
0.389
0.386
0.38
0.384
0.382
0.379
0.383
0.377
0.38
0.387
0.379
0.374
0.376
0.373
0.377
0.369
0.375
0.371
0.376
0.369
0.374
0.37
0.374
0.376
0.37
0.367
0.365
0.37
0.368
0.367
0.372
0.373
0.372
0.369
0.375
0.37
0.376
0.368
0.37
0.366
0.37
0.365
0.369
0.371
0.369
0.367
0.363
0.372
0.367
0.366
0.362
0.362
0.364
0.369
0.36
0.36
0.36
0.364
0.359
0.367
0.361
0.362
0.362
0.363
0.359
0.365
0.361
0.36
0.362
0.359
0.359
0.365
0.365
0.356
0.365
0.361
0.365
0.362
0.362
0.356
0.361
0.362
0.363
0.357
0.356
0.361
0.361
0.36
0.366
0.359
0.358
0.365
0.36
0.361
0.363
0.364
0.36
0.363
0.362
0.358
0.361
0.359
0.36
0.359
0.359
0.358
0.364
0.355
0.359
0.36
0.358
0.36
0.36
0.355
0.356
0.364
0.355
0.359
0.36
0.367
0.364
0.363
0.362
0.369
0.36
0.362
0.361
0.369
0.366
0.361
0.366
0.36
0.365
0.359
0.363
0.372
0.367
0.359
0.366
0.36
0.365
0.36
0.368
0.36
0.364
0.362
0.363
0.362
0.37
0.365
0.36
0.358
0.364
0.363
0.368
0.367
0.363
0.371
0.363
0.368
0.362
0.361
0.365
0.36
0.364
0.358
0.364
0.359
0.355
0.359
0.361
0.36
0.365
0.358
0.365
0.359
0.363
0.363
0.369
0.36
0.365
0.363
0.361
0.364
0.361
0.358
0.365
0.364
0.371
0.366
0.366
0.369
0.371
0.364
0.372
0.366
0.368
0.364
0.367
0.368
0.366
0.364
0.363
0.367
0.368
0.36
0.363
0.359
0.363
0.362
0.359
0.363
0.361
0.362
0.358
0.366
0.359
0.362
0.364
0.368
0.362
0.366
0.363
0.37
0.367
0.366
0.367
0.368
0.367
0.36
0.365
0.367
0.366
0.364
0.364
0.367
0.364
0.367
0.368
0.361
0.368
0.37
0.367
0.37
0.367
0.375
0.369
0.37
0.373
0.369
0.365
0.368
0.366
0.364
0.36
0.367
0.365
0.365
0.363
0.364
0.364
0.363
0.362
0.361
0.357
0.362
0.36
0.356
0.357
0.359
0.355
0.36
0.36
0.362
0.36
0.358
0.36
0.367
0.36
0.363
0.357
0.363
0.365
0.359
0.366
0.357
0.367
0.366
0.363
0.371
0.364
0.364
0.36
0.36
0.361
0.36
0.36
0.358
0.358
0.36
0.36
0.358
0.36
0.359
0.361
0.363
0.36
0.36
0.36
0.356
0.358
0.366
0.358
0.36
0.363
0.366
0.359
0.362
0.353
0.354
0.356
0.359
0.355
0.357
0.357
0.356
0.363
0.362
0.363
0.365
0.362
0.364
0.368
0.367
0.365
0.364
0.365
0.363
0.36
0.356
0.354
0.354
0.355
0.354
0.356
0.355
0.356
0.354
0.358
0.354
0.356
0.361
0.363
0.354
0.36
0.358
0.357
0.359
0.354
0.354
0.356
0.351
0.355
0.354
0.353
0.354
0.358
0.354
0.354
0.354
0.355
0.354
0.355
0.357
0.358
0.358
0.363
0.358
0.36
0.36
0.367
0.363
0.355
0.363
0.36
0.362
0.357
0.364
0.357
0.361
0.36
0.361
0.359
0.358
0.362
0.36
0.359
0.364
0.357
0.36
0.364
0.356
0.359
0.356
0.358
0.357
0.352
0.354
0.361
0.357
0.355
0.358
0.357
0.354
0.36
0.36
0.353
0.363
0.358
0.364
0.359
0.365
0.36
0.36
0.362
0.367
0.362
0.358
0.36
0.361
0.36
0.355
0.355
0.361
0.361
0.355
0.361
0.36
0.352
0.351
0.354
0.352
0.354
0.35
0.358
0.352
0.351
0.349
0.355
0.352
0.36
0.357
0.353
0.361
0.353
0.359
0.361
0.353
0.359
0.356
0.354
0.354
0.358
0.352
0.359
0.354
0.356
0.354
0.353
0.357
0.359
0.358
0.358
0.359
0.36
0.355
0.355
0.358
0.353
0.357
0.354
0.358
0.353
0.358
0.353
0.357
0.352
0.355
0.357
0.357
0.355
0.354
0.357
0.354
0.353
0.357
0.355
0.356
0.354
0.354
0.357
0.356
0.359
0.354
0.35
0.356
0.361
0.354
0.358
0.352
0.353
0.354
0.354
0.358
0.351
0.356
0.349
0.356
0.352
0.358
0.352
0.359
0.357
0.35
0.35
0.358
0.353
0.352
0.353
0.355
0.353
0.352
0.36
0.352
0.356
0.358
0.36
0.354
0.353
0.355
0.356
0.355
0.357
0.354
0.358
0.353
0.359
0.355
0.348
0.356
0.354
0.362
0.358
0.354
0.357
0.354
0.349
0.352
0.359
0.359
0.356
0.364
0.358
0.358
0.361
0.355
0.359
0.36
0.357
0.354
0.361
0.358
0.354
0.36
0.354
0.355
0.357
0.359
0.357
0.355
0.363
0.356
0.364
0.356
0.364
0.362
0.354
0.354
0.359
0.365
0.356
0.357
0.358
0.358
0.356
0.356
0.363
0.358
0.359
0.354
0.36
0.356
0.357
0.359
0.358
0.36
0.355
0.361
0.356
0.36
0.364
0.362
0.356
0.358
0.365
0.358
0.366
0.358
0.362
0.359
0.359
0.361
0.365
0.359
0.367
0.359
0.366
0.367
0.362
0.366
0.359
0.365
0.361
0.369
0.369
0.363
0.359
0.361
0.361
0.358
0.358
0.362
0.358
0.359
0.365
0.356
0.36
0.365
0.358
0.362
0.358
0.363
0.357
0.359
0.364
0.361
0.357
0.363
0.359
0.362
0.36
0.359
0.362
0.359
0.361
0.358
0.361
0.36
0.358
0.36
0.359
0.36
0.357
0.363
0.357
0.359
0.36
0.361
0.364
0.36
0.363
0.364
0.362
0.366
0.358
0.36
0.361
0.364
0.356
0.361
0.37
0.367
0.363
0.363
0.359
0.364
0.361
0.363
0.358
0.365
0.36
0.364
0.363
0.359
0.358
0.365
0.358
0.364
0.358
0.364
0.358
0.36
0.36
0.362
0.358
0.361
0.37
0.365
0.365
0.362
0.36
0.363
0.363
0.363
0.36
0.359
0.369
0.369
0.371
0.367
0.368
0.368
0.37
0.361
0.367
0.373
0.367
0.372
0.366
0.368
0.365
0.363
0.363
0.363
0.357
0.363
0.357
0.361
0.36
0.365
0.37
0.362
0.368
0.362
0.372
0.377
0.37
0.367
0.369
0.371
0.363
0.359
0.357
0.363
0.364
0.354
0.356
0.355
0.354
0.354
0.361
0.352
0.355
0.362
0.355
0.363
0.359
0.353
0.355
0.354
0.356
0.354
0.352
0.351
0.354
0.354
0.355
0.356
0.35
0.354
0.361
0.354
0.351
0.356
0.353
0.355
0.357
0.354
0.354
0.362
0.354
0.359
0.354
0.355
0.357
0.352
0.36
0.361
0.354
0.356
0.36
0.357
0.364
0.359
0.355
0.353
0.359
0.353
0.356
0.354
0.358
0.355
0.356
0.354
0.362
0.354
0.357
0.354
0.355
0.359
0.358
0.354
0.353
0.354
0.353
0.354
0.353
0.359
0.354
0.357
0.351
0.358
0.356
0.356
0.354
0.356
0.356
0.359
0.353
0.36
0.355
0.355
0.354
0.354
0.355
0.353
0.353
0.356
0.361
0.354
0.362
0.364
0.359
0.361
0.356
0.358
0.361
0.367
0.364
0.357
0.359
0.357
0.352
0.357
0.362
0.362
0.361
0.358
0.359
0.366
0.36
0.36
0.357
0.358
0.357
0.36
0.36
0.365
0.357
0.364
0.358
0.363
0.359
0.363
0.36
0.361
0.359
0.359
0.361
0.356
0.359
0.363
0.359
0.365
0.357
0.36
0.366
0.367
0.365
0.365
0.372
0.363
0.372
0.374
0.367
0.375
0.37
0.375
0.367
0.372
0.369
0.371
0.364
0.373
0.364
0.367
0.361
0.366
0.36
0.367
0.36
0.362
0.363
0.364
0.361
0.36
0.364
0.361
0.364
0.36
0.361
0.367
0.361
0.363
0.369
0.365
0.368
0.371
0.364
0.369
0.364
0.37
0.368
0.365
0.369
0.367
0.36
0.363
0.363
0.364
0.364
0.361
0.37
0.366
0.366
0.359
0.365
0.366
0.367
0.366
0.365
0.364
0.367
0.376
0.37
0.373
0.368
0.37
0.371
0.372
0.37
0.371
0.369
0.368
0.372
0.369
0.368
0.369
0.368
0.368
0.37
0.361
0.368
0.368
0.361
0.364
0.363
0.361
0.358
0.361
0.365
0.369
0.362
0.366
0.363
0.361
0.361
0.369
0.361
0.359
0.357
0.364
0.36
0.355
0.358
0.361
0.362
0.356
0.361
0.356
0.355
0.355
0.356
0.356
0.361
0.355
0.357
0.357
0.36
0.353
0.361
0.354
0.357
0.36
0.353
0.358
0.351
0.354
0.357
0.353
0.358
0.354
0.361
0.355
0.358
0.355
0.357
0.359
0.354
0.361
0.352
0.357
0.355
0.358
0.359
0.357
0.357
0.36
0.36
0.356
0.361
0.361
0.363
0.356
0.361
0.36
0.361
0.357
0.36
0.36
0.364
0.368
0.361
0.368
0.361
0.368
0.363
0.371
0.368
0.363
0.366
0.361
0.368
0.36
0.362
0.363
0.356
0.36
0.362
0.364
0.358
0.359
0.363
0.363
0.365
0.371
0.368
0.366
0.364
0.366
0.363
0.366
0.363
0.365
0.361
0.362
0.366
0.36
0.361
0.361
0.363
0.359
0.367
0.362
0.364
0.363
0.358
0.36
0.361
0.367
0.36
0.367
0.361
0.358
0.361
0.356
0.356
0.355
0.359
0.36
0.354
0.362
0.356
0.357
0.362
0.354
0.362
0.359
0.358
0.353
0.356
0.364
0.356
0.363
0.357
0.359
0.362
0.36
0.357
0.364
0.355
0.355
0.363
0.359
0.354
0.36
0.358
0.356
0.359
0.359
0.354
0.358
0.36
0.358
0.354
0.36
0.353
0.36
0.357
0.354
0.355
0.359
0.355
0.361
0.357
0.358
0.354
0.36
0.355
0.358
0.351
0.358
0.358
0.352
0.352
0.36
0.354
0.356
0.356
0.356
0.357
0.356
0.356
0.357
0.356
0.355
0.354
0.362
0.354
0.357
0.355
0.357
0.355
0.36
0.354
0.355
0.354
0.36
0.352
0.353
0.359
0.353
0.361
0.359
0.355
0.354
0.357
0.354
0.353
0.355
0.351
0.354
0.349
0.354
0.349
0.353
0.351
0.354
0.348
0.348
0.356
0.348
0.35
0.354
0.349
0.355
0.699
0.353
0.353
0.353
0.353
0.355
0.352
0.354
0.351
0.355
0.353
0.354
0.354
0.355
0.356
0.355
0.351
0.347
0.352
0.356
0.35
0.358
0.347
0.353
0.354
0.349
0.353
0.351
0.347
0.698
0.353
0.347
0.349
0.347
0.354
0.352
0.699
0.349
0.354
0.35
0.349
0.352
0.352
0.347
0.354
0.354
0.349
0.356
0.349
0.354
0.353
0.354
0.347
0.352
0.346
0.35
0.357
0.35
0.356
0.35
0.355
0.355
0.352
0.354
0.348
0.353
0.352
0.353
0.354
0.347
0.354
0.35
0.353
0.352
0.354
0.351
0.35
0.354
0.349
0.355
0.351
0.352
0.351
0.352
0.354
0.35
0.355
0.349
0.352
0.351
0.354
0.353
0.357
0.354
0.354
0.358
0.351
0.355
0.348
0.348
0.356
0.351
0.357
0.359
0.351
0.358
0.351
0.354
0.358
0.352
0.357
0.354
0.352
0.359
0.355
0.359
0.353
0.358
0.359
0.353
0.359
0.358
0.354
0.36
0.358
0.355
0.36
0.352
0.355
0.359
0.357
0.361
0.358
0.363
0.355
0.36
0.355
0.36
0.356
0.351
0.364
0.357
0.358
0.362
0.361
0.362
0.356
0.361
0.365
0.363
0.36
0.36
0.362
0.356
0.36
0.364
0.362
0.369
0.367
0.362
0.371
0.367
0.365
0.368
0.373
0.365
0.372
0.371
0.373
0.368
0.369
0.362
0.367
0.364
0.361
0.358
0.365
0.368
0.363
0.362
0.363
0.359
0.363
0.358
0.365
0.363
0.354
0.364
0.361
0.366
0.363
0.364
0.373
0.369
0.363
0.369
0.365
0.358
0.365
0.364
0.363
0.358
0.362
0.36
0.357
0.364
0.359
0.365
0.359
0.356
0.357
0.359
0.365
0.364
0.361
0.368
0.364
0.362
0.355
0.362
0.353
0.36
0.353
0.36
0.358
0.355
0.363
0.356
0.358
0.36
0.354
0.354
0.354
0.348
0.354
0.353
0.354
0.352
0.35
0.35
0.356
0.349
0.355
0.348
0.35
0.347
0.354
0.347
0.354
0.346
0.354
0.355
0.35
0.351
0.348
0.355
0.355
0.353
0.348
0.355
0.347
0.35
0.349
0.351
0.351
0.352
0.349
0.351
0.349
0.351
0.351
0.348
0.351
0.347
0.348
0.35
0.346
0.697
0.353
0.348
0.352
0.347
0.346
0.347
0.353
0.346
0.353
0.346
0.351
0.351
0.344
0.349
0.353
0.346
0.35
0.351
0.347
0.351
0.345
0.348
0.356
0.349
0.35
0.349
0.347
0.354
0.698
0.696
0.697
0.693
0.353
0.345
0.351
0.351
0.344
0.348
0.351
0.352
0.349
0.349
0.352
0.348
0.354
0.347
0.353
0.35
0.347
0.35
0.354
0.348
0.352
0.349
0.347
0.352
0.346
0.347
0.352
0.353
0.354
0.346
0.349
0.353
0.351
0.356
0.351
0.352
0.354
0.348
0.355
0.349
0.354
0.352
0.355
0.352
0.354
0.35
0.357
0.356
0.355
0.353
0.356
0.359
0.353
0.355
0.354
0.358
0.35
0.358
0.356
0.357
0.35
0.356
0.348
0.358
0.354
0.359
0.353
0.362
0.354
0.354
0.358
0.357
0.363
0.357
0.354
0.362
0.359
0.36
0.358
0.358
0.363
0.358
0.362
0.363
0.362
0.363
0.359
0.362
0.359
0.362
0.358
0.365
0.356
0.36
0.362
0.363
0.362
0.365
0.364
0.364
0.364
0.371
0.365
0.367
0.376
0.38
0.373
0.368
0.373
0.369
0.372
0.369
0.371
0.367
0.367
0.369
0.366
0.368
0.37
0.371
0.369
0.366
0.368
0.369
0.368
0.37
0.371
0.364
0.37
0.365
0.369
0.364
0.367
0.368
0.367
0.366
0.367
0.373
0.373
0.375
0.368
0.376
0.373
0.376
0.374
0.373
0.37
0.376
0.372
0.375
0.374
0.372
0.38
0.373
0.375
0.37
0.374
0.374
0.377
0.379
0.375
0.373
0.381
0.376
0.375
0.371
0.373
0.375
0.378
0.369
0.377
0.372
0.373
0.373
0.378
0.373
0.383
0.385
0.381
0.386
0.384
0.384
