0.651
0.642
0.642
0.641
0.639
0.63
0.62
0.625
0.62
0.607
0.603
0.6
0.604
0.596
0.589
0.577
0.575
0.569
0.58
0.571
0.553
0.546
0.556
0.544
0.531
0.536
0.523
0.525
0.521
0.521
0.508
0.508
0.502
0.51
0.501
0.511
0.509
0.501
0.503
0.494
0.499
0.499
0.499
0.502
0.491
0.485
0.491
0.494
0.487
0.475
0.484
0.477
0.483
0.484
0.472
0.476
0.472
0.478
0.472
0.474
0.481
0.48
0.474
0.477
0.473
0.462
0.472
0.469
0.463
0.473
0.463
0.461
0.47
0.473
0.469
0.473
0.467
0.467
0.471
0.466
0.474
0.468
0.47
0.462
0.472
0.468
0.462
0.471
0.463
0.467
0.468
0.478
0.474
0.469
0.46
0.469
0.475
0.471
0.462
0.468
0.459
0.467
0.472
0.471
0.466
0.455
0.466
0.472
0.469
0.465
0.461
0.47
0.459
0.467
0.468
0.463
0.455
0.454
0.463
0.458
0.454
0.457
0.464
0.453
0.456
0.464
0.446
0.457
0.447
0.447
0.443
0.444
0.447
0.457
0.45
0.461
0.461
0.463
0.466
0.466
0.458
0.464
0.453
0.463
0.459
0.451
0.448
0.455
0.451
0.46
0.44
0.446
0.445
0.456
0.459
0.455
0.447
0.445
0.453
0.455
0.446
0.438
0.439
0.447
0.454
0.459
0.451
0.46
0.458
0.451
0.448
0.458
0.453
0.447
0.458
0.449
0.446
0.45
0.451
0.45
0.455
0.452
0.456
0.454
0.45
0.455
0.461
0.444
0.45
0.45
0.452
0.457
0.456
0.452
0.475
0.465
0.468
0.463
0.466
0.474
0.476
0.465
0.468
0.468
0.449
0.449
0.458
0.453
0.448
0.455
0.456
0.448
0.45
0.447
0.443
0.446
0.457
0.449
0.457
0.44
0.44
0.457
0.44
0.435
0.438
0.448
0.441
0.444
0.441
0.437
0.436
0.445
0.448
0.447
0.438
0.436
0.439
0.44
0.439
0.438
0.433
0.439
0.43
0.439
0.44
0.438
0.44
0.44
0.434
0.43
0.427
0.434
0.434
0.426
0.434
0.438
0.428
0.43
0.428
0.43
0.433
0.438
0.432
0.43
0.42
0.423
0.422
0.417
0.421
0.421
0.424
0.419
0.426
0.423
0.424
0.417
0.426
0.424
0.434
0.427
0.424
0.431
0.437
0.429
0.426
0.431
0.432
0.44
0.43
0.432
0.441
0.431
0.436
0.438
0.431
0.429
0.421
0.424
0.427
0.435
0.438
0.429
0.432
0.436
0.426
0.428
0.43
0.43
0.437
0.439
0.429
0.425
0.424
0.434
0.436
0.433
0.425
0.426
0.435
0.437
0.427
0.426
0.422
0.424
0.426
0.433
0.438
0.434
0.434
0.431
0.435
0.432
0.429
0.425
0.423
0.43
0.436
0.424
0.429
0.428
0.436
0.427
0.436
0.432
0.428
0.428
0.422
0.423
0.421
0.419
0.425
0.425
0.425
0.433
0.424
0.43
0.427
0.425
0.422
0.419
0.429
0.424
0.421
0.422
0.431
0.422
0.42
0.425
0.433
0.435
0.434
0.426
0.427
0.424
0.429
0.422
0.431
0.44
0.437
0.433
0.429
0.428
0.429
0.438
0.428
0.437
0.436
0.421
0.424
0.427
0.435
0.426
0.417
0.423
0.418
0.421
0.429
0.429
0.434
0.428
0.423
0.429
0.431
0.427
0.432
0.424
0.415
0.419
0.427
0.429
0.423
0.418
0.419
0.423
0.427
0.425
0.416
0.42
0.423
0.424
0.417
0.42
0.418
0.423
0.422
0.431
0.426
0.417
0.42
0.426
0.435
0.427
0.428
0.432
0.425
0.418
0.428
0.436
0.433
0.43
0.435
0.438
0.429
0.43
0.432
0.429
0.429
0.433
0.433
0.433
0.44
0.441
0.432
0.436
0.442
0.435
0.44
0.431
0.437
0.436
0.426
0.429
0.428
0.424
0.439
0.43
0.435
0.442
0.432
0.433
0.426
0.429
0.428
0.437
0.439
0.432
0.428
0.43
0.425
0.43
0.438
0.438
0.432
0.429
0.424
0.431
0.429
0.432
0.442
0.431
0.427
0.433
0.435
0.44
0.432
0.424
0.431
0.438
0.43
0.425
0.444
0.439
0.448
0.443
0.438
0.448
0.437
0.437
0.44
0.443
0.434
0.44
0.442
0.432
0.43
0.439
0.431
0.438
0.448
0.438
0.448
0.438
0.443
0.432
0.43
0.436
0.435
0.445
0.432
0.436
0.43
0.434
0.441
0.44
0.431
0.429
0.431
0.434
0.44
0.43
0.427
0.436
0.44
0.424
0.423
0.429
0.425
0.432
0.439
0.44
0.433
0.431
0.44
0.45
0.43
0.435
0.439
0.436
0.434
0.434
0.439
0.442
0.436
0.426
0.429
0.429
0.43
0.43
0.438
0.426
0.428
0.431
0.434
0.437
0.436
0.446
0.437
0.436
0.439
0.442
0.44
0.445
0.438
0.448
0.441
0.449
0.445
0.451
0.451
0.45
0.453
0.459
0.458
0.464
0.465
0.465
0.454
0.445
0.454
0.445
0.45
0.447
0.446
0.455
0.453
0.445
0.454
0.455
0.445
0.451
0.445
0.453
0.439
0.449
0.438
0.43
0.432
0.434
0.443
0.444
0.435
0.438
0.446
0.429
0.429
0.431
0.431
0.43
0.427
0.432
0.43
0.437
0.432
0.435
0.427
0.433
0.44
0.441
0.432
0.44
0.443
0.432
0.429
0.431
0.434
0.434
0.438
0.44
0.431
0.43
0.424
0.432
0.423
0.417
0.42
0.428
0.431
0.433
0.423
0.432
0.418
0.418
0.424
0.43
0.435
0.419
0.425
0.422
0.428
0.418
0.42
0.423
0.42
0.417
0.42
0.418
0.423
0.432
0.428
0.434
0.434
0.436
0.438
0.435
0.431
0.434
0.444
0.438
0.44
0.436
0.437
0.444
0.449
0.437
0.442
0.448
0.44
0.45
0.44
0.437
0.43
0.436
0.446
0.442
0.436
0.432
0.434
0.435
0.43
0.437
0.445
0.437
0.438
0.448
0.453
0.438
0.446
0.441
0.446
0.444
0.444
0.447
0.448
0.448
0.452
0.451
0.445
0.444
0.437
0.447
0.438
0.462
0.443
0.441
0.451
0.452
0.444
0.451
0.446
0.44
0.438
0.445
0.438
0.446
0.455
0.447
0.448
0.437
0.445
0.446
0.447
0.438
0.438
0.431
0.438
0.445
0.452
0.441
0.444
0.446
0.448
0.451
0.442
0.45
0.443
0.444
0.452
0.45
0.448
0.453
0.449
0.454
0.45
0.445
0.45
0.455
0.451
0.447
0.453
0.458
0.447
0.456
0.456
0.449
0.459
0.454
0.464
0.463
0.461
0.468
0.469
0.473
0.471
0.481
0.482
0.479
0.48
0.489
0.494
0.505
0.536
0.546
0.545
0.539
0.549
0.536
0.542
0.541
0.534
0.534
0.572
0.563
0.57
0.569
0.6
0.593
0.565
0.566
0.611
0.648
0.66
0.654
0.658
0.659
0.609
0.606
0.598
0.6
0.591
0.6
0.611
0.609
0.669
0.67
0.661
0.655
0.664
0.659
0.667
0.681
0.696
0.685
0.65
0.663
0.678
0.669
0.675
0.659
0.673
0.67
0.663
0.669
0.674
0.673
0.68
0.683
0.666
0.677
0.669
0.657
0.663
0.655
0.67
0.663
0.662
0.668
0.665
0.654
0.651
0.645
0.654
0.657
0.658
0.666
0.674
0.669
0.666
0.665
0.674
0.675
0.668
0.667
0.666
0.668
0.673
0.664
0.668
0.665
0.667
0.661
0.662
0.661
0.649
0.652
0.651
0.658
0.66
0.672
0.665
0.654
0.663
0.667
0.668
0.674
0.674
0.679
0.664
0.669
0.666
0.655
0.659
0.659
0.665
0.662
0.67
0.677
0.684
0.683
0.686
0.686
0.688
0.68
0.686
0.694
0.698
0.696
0.699
0.688
0.693
0.694
0.699
0.693
0.694
0.696
0.696
0.699
0.693
0.672
0.681
0.693
0.699
0.689
0.646
0.695
0.697
0.691
0.678
0.694
0.697
0.684
0.699
0.695
0.684
0.68
0.674
0.675
0.677
0.668
0.678
0.684
0.688
0.682
0.679
0.682
0.682
0.688
0.691
0.699
0.696
0.699
0.696
0.694
0.688
0.667
0.672
0.626
0.59
0.563
0.564
0.554
0.56
0.551
0.538
0.551
0.54
0.542
0.531
0.533
0.546
0.523
0.531
0.523
0.51
0.509
0.499
0.506
0.495
0.5
0.494
0.496
0.504
0.499
0.489
0.494
0.494
0.486
0.492
0.485
0.477
0.484
0.473
0.478
0.485
0.477
0.483
0.467
0.472
0.463
0.473
0.471
0.46
0.452
0.456
0.453
0.457
0.455
0.464
0.469
0.466
0.463
0.471
0.473
0.464
0.463
0.464
0.461
0.463
0.474
0.464
0.473
0.462
0.464
0.47
0.463
0.464
0.47
0.46
0.46
0.468
0.458
0.459
0.469
0.457
0.456
0.452
0.461
0.471
0.463
0.455
0.463
0.453
0.464
0.463
0.454
0.472
0.464
0.472
0.463
0.467
0.474
0.47
0.464
0.465
0.461
0.472
0.454
0.459
0.457
0.454
0.451
0.449
0.445
0.44
0.435
0.436
0.444
0.45
0.441
0.448
0.436
0.444
0.448
0.45
0.457
0.447
0.439
0.453
0.45
0.441
0.445
0.451
0.444
0.45
0.441
0.432
0.44
0.445
0.434
0.44
0.435
0.438
0.433
0.425
0.417
0.424
0.421
0.417
0.426
0.428
0.427
0.421
0.418
0.427
0.433
0.427
0.418
0.422
0.416
0.421
0.419
0.415
0.421
0.423
0.431
0.42
0.425
0.427
0.417
0.419
0.419
0.412
0.422
0.424
0.42
0.416
0.419
0.421
0.416
0.423
0.417
0.426
0.427
0.43
0.438
0.435
0.425
0.428
0.429
0.425
0.432
0.427
0.424
0.424
0.439
0.43
0.425
0.427
0.436
0.424
0.418
0.428
0.421
0.427
0.428
0.432
0.424
0.421
0.43
0.433
0.424
0.421
0.422
0.428
0.432
0.422
0.42
0.429
0.423
0.421
0.418
0.432
0.415
0.419
0.415
0.414
0.423
0.427
0.424
0.415
0.425
0.422
0.429
0.42
0.415
0.418
0.417
0.422
0.414
0.42
0.423
0.43
0.421
0.421
0.412
0.422
0.428
0.424
0.417
0.411
0.417
0.418
0.426
0.421
0.415
0.412
0.413
0.418
0.42
0.419
0.414
0.41
0.415
0.416
0.425
0.421
0.415
0.409
0.413
0.42
0.42
0.419
0.415
0.409
0.413
0.408
0.413
0.413
0.407
0.413
0.414
0.422
0.419
0.423
0.414
0.407
0.412
0.422
0.42
0.411
0.416
0.416
0.42
0.417
0.407
0.407
0.411
0.416
0.418
0.419
0.415
0.407
0.41
0.407
0.416
0.423
0.416
0.413
0.416
0.418
0.421
0.431
0.424
0.418
0.421
0.421
0.43
0.427
0.434
0.429
0.431
0.428
0.422
0.419
0.427
0.429
0.428
0.418
0.423
0.424
0.43
0.422
0.42
0.414
0.424
0.428
0.422
0.415
0.42
0.423
0.428
0.422
0.421
0.428
0.426
0.427
0.412
0.416
0.413
0.417
0.419
0.426
0.413
0.407
0.413
0.407
0.412
0.414
0.414
0.421
0.416
0.407
0.406
0.411
0.407
0.416
0.406
0.413
0.418
0.411
0.403
0.41
0.403
0.411
0.404
0.409
0.406
0.416
0.412
0.404
0.407
0.412
0.413
0.42
0.414
0.406
0.409
0.402
0.407
0.407
0.413
0.407
0.409
0.404
0.41
0.413
0.416
0.419
0.409
0.405
0.412
0.406
0.414
0.41
0.405
0.409
0.405
0.409
0.406
0.416
0.415
0.409
0.411
0.403
0.407
0.405
0.408
0.405
0.407
0.413
0.414
0.415
0.413
0.406
0.408
0.405
0.412
0.412
0.416
0.409
0.407
0.414
0.412
0.403
0.401
0.411
0.409
0.403
0.405
0.398
0.405
0.398
0.403
0.405
0.398
0.408
0.405
0.398
0.4
0.397
0.403
0.399
0.407
0.408
0.4
0.397
0.401
0.4
0.403
0.396
0.405
0.404
0.408
0.407
0.403
0.399
0.405
0.409
0.409
0.405
0.397
0.404
0.401
0.404
0.399
0.402
0.404
0.4
0.406
0.408
0.4
0.407
0.399
0.407
0.401
0.405
0.401
0.403
0.41
0.402
0.404
0.404
0.41
0.407
0.411
0.405
0.4
0.404
0.407
0.401
0.407
0.41
0.401
0.41
0.402
0.41
0.403
0.401
0.408
0.406
0.405
0.406
0.408
0.402
0.416
0.414
0.406
0.408
0.405
0.41
0.41
0.418
0.419
0.409
0.412
0.408
0.416
0.41
0.417
0.422
0.413
0.418
0.422
0.423
0.415
0.409
0.412
0.415
0.411
0.413
0.416
0.411
0.42
0.427
0.418
0.413
0.417
0.416
0.422
0.414
0.406
0.41
0.404
0.411
0.407
0.413
0.408
0.407
0.404
0.402
0.4
0.405
0.414
0.405
0.402
0.402
0.409
0.409
0.414
0.412
0.402
0.408
0.405
0.415
0.413
0.403
0.399
0.399
0.401
0.403
0.4
0.409
0.406
0.412
0.407
0.403
0.4
0.408
0.398
0.403
0.396
0.403
0.401
0.397
0.404
0.405
0.406
0.396
0.397
0.397
0.406
0.403
0.403
0.395
0.397
0.399
0.405
0.403
0.408
0.405
0.396
0.394
0.404
0.399
0.393
0.401
0.395
0.403
0.401
0.402
0.398
0.391
0.406
0.403
0.401
0.402
0.396
0.4
0.398
0.4
0.403
0.407
0.404
0.4
0.405
0.401
0.402
0.41
0.41
0.42
0.418
0.422
0.413
0.417
0.426
0.431
0.424
0.434
0.43
0.431
0.43
0.423
0.422
0.42
0.426
0.434
0.444
0.442
0.434
0.438
0.442
0.431
0.436
0.438
0.429
0.434
0.44
0.42
0.425
0.425
0.427
0.427
0.422
0.413
0.419
0.412
0.422
0.413
0.417
0.41
0.42
0.417
0.408
0.406
0.413
0.416
0.416
0.413
0.405
0.407
0.407
0.414
0.407
0.407
0.406
0.41
0.405
0.407
0.403
0.408
0.404
0.41
0.401
0.414
0.412
0.417
0.416
0.41
0.417
0.415
0.425
0.419
0.409
0.418
0.42
0.41
0.41
0.412
0.409
0.419
0.414
0.406
0.406
0.415
0.409
0.419
0.404
0.413
0.405
0.415
0.404
0.411
0.403
0.413
0.413
0.413
0.411
0.402
0.408
0.407
0.411
0.404
0.413
0.412
0.403
0.408
0.403
0.414
0.408
0.402
0.408
0.405
0.405
0.412
0.414
0.415
0.414
0.404
0.409
0.406
0.414
0.415
0.409
0.411
0.407
0.408
0.415
0.412
0.418
0.415
0.407
0.405
0.414
0.411
0.418
0.411
0.404
0.407
0.402
0.411
0.403
0.405
0.412
0.407
0.408
0.402
0.403
0.406
0.406
0.405
0.414
0.404
0.406
0.402
0.411
0.412
0.402
0.402
0.402
0.407
0.401
0.41
0.403
0.407
0.405
0.415
0.412
0.405
0.4
0.404
0.401
0.411
0.405
0.403
0.4
0.401
0.404
0.409
0.405
0.396
0.398
0.397
0.406
0.405
0.404
0.4
0.395
0.401
0.392
0.393
0.395
0.403
0.394
0.4
0.397
0.394
0.401
0.397
0.406
0.401
0.403
0.406
0.398
0.4
0.398
0.406
0.396
0.398
0.402
0.402
0.406
0.4
0.395
0.398
0.393
0.4
0.394
0.393
0.398
0.396
0.403
0.393
0.395
0.394
0.4
0.396
0.405
0.405
0.393
0.396
0.393
0.402
0.397
0.391
0.388
0.387
0.396
0.389
0.391
0.397
0.395
0.396
0.393
0.395
0.39
0.388
0.392
0.392
0.393
0.396
0.394
0.398
0.394
0.4
0.399
0.395
0.391
0.389
0.393
0.397
0.398
0.39
0.389
0.398
0.397
0.395
0.392
0.388
0.395
0.402
0.392
0.396
0.396
0.399
0.402
0.405
0.402
0.4
0.402
0.405
0.408
0.403
0.405
0.408
0.407
0.404
0.409
0.408
0.418
0.415
0.414
0.41
0.419
0.413
0.416
0.415
0.416
0.421
0.413
0.413
0.422
0.423
0.425
0.42
0.426
0.422
0.43
0.431
0.429
0.427
0.432
0.43
0.427
0.427
0.43
0.433
0.432
0.427
0.43
0.432
0.432
0.438
0.436
0.437
0.443
0.45
0.442
0.45
0.461
0.459
0.467
0.464
0.456
0.465
0.47
0.469
0.467
0.466
0.471
0.474
0.477
0.488
0.487
0.491
0.502
0.506
0.509
0.502
0.497
0.506
0.506
0.495
0.502
0.506
0.504
0.506
0.508
0.513
0.521
0.521
0.525
0.543
0.533
0.53
0.528
0.531
0.529
0.551
0.554
0.531
0.532
0.531
0.539
0.548
0.542
0.54
0.544
0.539
0.547
0.536
0.537
0.535
0.536
0.532
0.529
0.579
0.59
0.588
0.596
0.601
0.602
0.598
0.592
0.603
0.608
0.601
0.679
0.671
0.592
0.65
0.658
0.666
0.655
0.654
0.643
0.634
0.621
0.622
0.613
0.602
0.622
0.633
0.63
0.63
0.625
0.625
0.613
0.602
0.606
0.602
0.612
0.597
0.605
0.614
0.609
0.622
0.625
0.629
0.618
0.621
0.617
0.681
0.664
0.64
0.611
0.616
0.623
0.611
0.611
0.62
0.609
0.621
0.653
0.655
0.663
0.659
0.655
0.639
0.642
0.639
0.634
0.629
0.626
0.627
0.625
0.621
0.617
0.607
0.608
0.61
0.615
0.611
0.612
0.618
0.619
0.609
0.616
0.609
0.609
0.625
0.62
