0.536
0.536
0.533
0.533
0.525
0.537
0.535
0.529
0.516
0.52
0.517
0.513
0.504
0.514
0.505
0.508
0.498
0.493
0.491
0.503
0.487
0.491
0.495
0.481
0.493
0.481
0.479
0.476
0.477
0.475
0.473
0.481
0.476
0.47
0.48
0.476
0.47
0.477
0.48
0.474
0.476
0.468
0.478
0.467
0.476
0.465
0.458
0.469
0.463
0.471
0.481
0.472
0.472
0.468
0.469
0.478
0.473
0.467
0.471
0.479
0.469
0.464
0.472
0.464
0.474
0.465
0.467
0.476
0.473
0.462
0.472
0.478
0.471
0.479
0.476
0.473
0.464
0.468
0.463
0.473
0.471
0.46
0.454
0.463
0.468
0.459
0.462
0.461
0.452
0.46
0.454
0.445
0.446
0.453
0.46
0.448
0.442
0.442
0.446
0.451
0.445
0.451
0.458
0.442
0.442
0.448
0.455
0.449
0.443
0.438
0.442
0.443
0.439
0.436
0.433
0.439
0.434
0.433
0.434
0.44
0.437
0.438
0.439
0.442
0.442
0.446
0.441
0.436
0.439
0.44
0.444
0.448
0.439
0.437
0.446
0.441
0.437
0.436
0.439
0.446
0.448
0.441
0.438
0.435
0.436
0.432
0.438
0.436
0.432
0.435
0.442
0.446
0.447
0.438
0.435
0.435
0.441
0.449
0.448
0.437
0.44
0.436
0.44
0.441
0.434
0.444
0.442
0.45
0.449
0.455
0.458
0.447
0.449
0.455
0.453
0.463
0.452
0.458
0.442
0.453
0.46
0.449
0.459
0.454
0.445
0.447
0.445
0.438
0.443
0.452
0.455
0.444
0.446
0.446
0.44
0.441
0.44
0.446
0.438
0.435
0.441
0.44
0.446
0.435
0.436
0.435
0.434
0.437
0.434
0.431
0.44
0.449
0.44
0.438
0.433
0.45
0.461
0.454
0.457
0.437
0.438
0.44
0.438
0.439
0.445
0.449
0.441
0.437
0.437
0.438
0.439
0.444
0.447
0.436
0.432
0.433
0.439
0.442
0.441
0.444
0.445
0.436
0.439
0.444
0.443
0.435
0.432
0.436
0.446
0.447
0.44
0.446
0.436
0.444
0.446
0.439
0.439
0.436
0.43
0.434
0.431
0.426
0.43
0.433
0.441
0.446
0.445
0.429
0.426
0.425
0.428
0.432
0.434
0.439
0.43
0.425
0.425
0.423
0.426
0.427
0.421
0.426
0.427
0.429
0.42
0.431
0.423
0.424
0.433
0.435
0.44
0.431
0.428
0.429
0.423
0.439
0.434
0.431
0.427
0.43
0.429
0.435
0.43
0.427
0.434
0.432
0.429
0.432
0.434
0.43
0.434
0.43
0.434
0.433
0.437
0.441
0.447
0.442
0.451
0.444
0.438
0.437
0.441
0.439
0.434
0.444
0.436
0.435
0.44
0.45
0.443
0.437
0.431
0.437
0.438
0.436
0.446
0.439
0.438
0.446
0.44
0.447
0.452
0.452
0.449
0.44
0.438
0.435
0.44
0.438
0.434
0.438
0.438
0.438
0.434
0.435
0.436
0.436
0.437
0.436
0.439
0.438
0.438
0.438
0.435
0.44
0.442
0.451
0.433
0.435
0.43
0.434
0.432
0.431
0.43
0.43
0.434
0.433
0.433
0.433
0.435
0.428
0.435
0.436
0.44
0.437
0.433
0.439
0.445
0.442
0.433
0.438
0.428
0.432
0.436
0.444
0.435
0.428
0.431
0.423
0.431
0.428
0.435
0.442
0.438
0.434
0.43
0.432
0.434
0.438
0.444
0.438
0.432
0.43
0.432
0.437
0.442
0.435
0.432
0.428
0.437
0.432
0.429
0.435
0.43
0.427
0.435
0.43
0.421
0.425
0.428
0.432
0.432
0.439
0.433
0.439
0.437
0.427
0.424
0.432
0.435
0.429
0.425
0.424
0.427
0.435
0.427
0.424
0.427
0.419
0.42
0.424
0.426
0.435
0.433
0.423
0.419
0.42
0.425
0.425
0.423
0.425
0.418
0.425
0.434
0.432
0.42
0.425
0.419
0.42
0.418
0.422
0.432
0.428
0.422
0.431
0.425
0.432
0.426
0.428
0.429
0.437
0.429
0.427
0.426
0.431
0.427
0.433
0.424
0.438
0.43
0.426
0.424
0.428
0.436
0.428
0.427
0.425
0.433
0.425
0.434
0.427
0.433
0.436
0.439
0.436
0.428
0.425
0.427
0.424
0.425
0.427
0.423
0.427
0.426
0.43
0.43
0.429
0.424
0.426
0.431
0.426
0.433
0.438
0.438
0.435
0.44
0.447
0.438
0.437
0.432
0.433
0.43
0.436
0.436
0.43
0.437
0.435
0.439
0.432
0.438
0.438
0.433
0.437
0.438
0.442
0.436
0.431
0.428
0.438
0.438
0.437
0.429
0.427
0.431
0.439
0.445
0.43
0.43
0.431
0.423
0.431
0.426
0.431
0.441
0.44
0.445
0.435
0.434
0.43
0.437
0.429
0.431
0.431
0.438
0.443
0.438
0.433
0.429
0.435
0.438
0.446
0.435
0.433
0.433
0.428
0.428
0.429
0.437
0.427
0.429
0.419
0.428
0.429
0.423
0.429
0.431
0.436
0.441
0.431
0.426
0.427
0.425
0.43
0.425
0.427
0.437
0.434
0.426
0.424
0.428
0.425
0.433
0.425
0.423
0.419
0.425
0.427
0.424
0.426
0.422
0.427
0.427
0.428
0.422
0.434
0.443
0.432
0.423
0.428
0.428
0.418
0.428
0.42
0.426
0.427
0.422
0.43
0.423
0.429
0.427
0.431
0.44
0.43
0.425
0.425
0.42
0.424
0.43
0.43
0.437
0.428
0.422
0.422
0.428
0.429
0.423
0.422
0.422
0.424
0.426
0.433
0.437
0.431
0.426
0.435
0.425
0.427
0.422
0.426
0.426
0.421
0.422
0.425
0.43
0.435
0.433
0.424
0.421
0.425
0.429
0.437
0.426
0.422
0.431
0.422
0.432
0.427
0.423
0.419
0.424
0.422
0.422
0.43
0.434
0.425
0.424
0.425
0.433
0.438
0.42
0.428
0.432
0.433
0.43
0.431
0.426
0.436
0.426
0.428
0.427
0.425
0.428
0.436
0.441
0.43
0.425
0.426
0.425
0.424
0.428
0.421
0.425
0.419
0.42
0.42
0.423
0.421
0.422
0.418
0.423
0.422
0.42
0.414
0.423
0.424
0.424
0.428
0.434
0.424
0.419
0.42
0.42
0.421
0.418
0.424
0.418
0.417
0.416
0.426
0.433
0.425
0.421
0.416
0.42
0.422
0.429
0.427
0.433
0.427
0.426
0.426
0.427
0.426
0.426
0.426
0.426
0.425
0.429
0.439
0.43
0.421
0.43
0.423
0.419
0.415
0.425
0.435
0.425
0.417
0.419
0.416
0.424
0.427
0.416
0.42
0.423
0.414
0.408
0.416
0.41
0.409
0.41
0.411
0.405
0.414
0.414
0.407
0.413
0.412
0.409
0.413
0.407
0.413
0.409
0.419
0.424
0.415
0.412
0.411
0.412
0.424
0.417
0.416
0.411
0.417
0.426
0.426
0.425
0.417
0.414
0.415
0.418
0.416
0.416
0.414
0.419
0.415
0.418
0.417
0.416
0.419
0.418
0.415
0.418
0.416
0.415
0.417
0.425
0.432
0.424
0.416
0.419
0.416
0.416
0.422
0.421
0.414
0.421
0.419
0.419
0.418
0.42
0.42
0.42
0.414
0.423
0.419
0.42
0.415
0.419
0.419
0.427
0.43
0.434
0.425
0.419
0.424
0.417
0.427
0.423
0.42
0.424
0.424
0.425
0.424
0.422
0.426
0.429
0.438
0.423
0.42
0.425
0.422
0.421
0.43
0.423
0.421
0.416
0.428
0.422
0.419
0.428
0.419
0.421
0.423
0.421
0.426
0.426
0.435
0.425
0.42
0.426
0.421
0.419
0.42
0.413
0.419
0.415
0.422
0.419
0.416
0.412
0.421
0.424
0.43
0.424
0.416
0.417
0.416
0.425
0.417
0.415
0.422
0.415
0.422
0.425
0.418
0.417
0.414
0.417
0.411
0.421
0.414
0.413
0.418
0.414
0.414
0.407
0.413
0.406
0.406
0.407
0.411
0.402
0.406
0.407
0.406
0.406
0.412
0.407
0.408
0.404
0.408
0.403
0.41
0.401
0.406
0.406
0.404
0.408
0.411
0.406
0.408
0.402
0.407
0.408
0.411
0.417
0.41
0.406
0.413
0.41
0.406
0.408
0.403
0.413
0.417
0.405
0.414
0.408
0.408
0.412
0.408
0.411
0.411
0.406
0.406
0.407
0.417
0.41
0.403
0.417
0.411
0.406
0.407
0.407
0.414
0.415
0.422
0.414
0.409
0.41
0.406
0.415
0.421
0.412
0.408
0.411
0.414
0.404
0.411
0.413
0.417
0.409
0.413
0.408
0.416
0.419
0.426
0.42
0.411
0.421
0.43
0.414
0.415
0.422
0.423
0.429
0.425
0.419
0.428
0.427
0.417
0.419
0.421
0.422
0.427
0.419
0.422
0.417
0.42
0.428
0.427
0.417
0.42
0.416
0.415
0.424
0.424
0.425
0.416
0.415
0.415
0.413
0.423
0.423
0.432
0.428
0.423
0.414
0.413
0.413
0.42
0.421
0.413
0.423
0.413
0.421
0.42
0.422
0.422
0.414
0.42
0.423
0.42
0.421
0.418
0.423
0.426
0.43
0.422
0.424
0.422
0.43
0.435
0.433
0.43
0.424
0.422
0.421
0.425
0.42
0.424
0.427
0.431
0.429
0.426
0.42
0.423
0.422
0.425
0.418
0.419
0.418
0.426
0.427
0.435
0.426
0.42
0.421
0.412
0.423
0.423
0.418
0.428
0.423
0.421
0.42
0.42
0.422
0.423
0.419
0.424
0.42
0.422
0.418
0.425
0.429
0.425
0.426
0.421
0.422
0.422
0.416
0.424
0.424
0.417
0.421
0.42
0.427
0.43
0.427
0.426
0.42
0.425
0.424
0.418
0.422
0.42
0.423
0.428
0.422
0.42
0.42
0.425
0.418
0.42
0.416
0.427
0.417
0.422
0.42
0.418
0.415
0.421
0.424
0.419
0.42
0.427
0.421
0.419
0.427
0.422
0.427
0.418
0.42
0.419
0.423
0.418
0.414
0.42
0.419
0.416
0.421
0.425
0.429
0.424
0.417
0.42
0.416
0.421
0.419
0.422
0.422
0.422
0.427
0.421
0.423
0.438
0.428
0.424
0.424
0.423
0.421
0.427
0.42
0.419
0.418
0.415
0.416
0.412
0.41
0.417
0.413
0.41
0.416
0.407
0.417
0.412
0.41
0.409
0.41
0.419
0.419
0.411
0.416
0.407
0.415
0.417
0.411
0.407
0.411
0.417
0.408
0.414
0.419
0.412
0.41
0.411
0.419
0.421
0.414
0.409
0.418
0.415
0.415
0.413
0.415
0.417
0.415
0.419
0.418
0.419
0.415
0.425
0.431
0.423
0.416
0.421
0.415
0.414
0.421
0.417
0.427
0.428
0.427
0.432
0.428
0.432
0.435
0.433
0.439
0.438
0.434
0.442
0.439
0.444
0.443
0.442
0.451
0.453
0.453
0.451
0.459
0.456
0.455
0.455
