0.612
0.604
0.618
0.599
0.593
0.58
0.589
0.577
0.565
0.56
0.565
0.552
0.547
0.549
0.537
0.528
0.523
0.515
0.519
0.514
0.507
0.516
0.505
0.501
0.492
0.488
0.497
0.482
0.486
0.478
0.465
0.472
0.461
0.462
0.466
0.473
0.468
0.469
0.466
0.474
0.455
0.45
0.452
0.456
0.45
0.452
0.453
0.456
0.457
0.459
0.47
0.465
0.467
0.456
0.455
0.458
0.467
0.456
0.451
0.459
0.453
0.454
0.444
0.442
0.447
0.45
0.457
0.447
0.453
0.452
0.454
0.451
0.466
0.476
0.458
0.465
0.456
0.45
0.45
0.45
0.439
0.435
0.428
0.428
0.432
0.436
0.435
0.427
0.432
0.422
0.436
0.44
0.443
0.441
0.436
0.437
0.439
0.433
0.443
0.453
0.442
0.447
0.44
0.443
0.444
0.437
0.437
0.438
0.444
0.438
0.438
0.439
0.438
0.443
0.439
0.444
0.45
0.457
0.444
0.433
0.439
0.444
0.455
0.449
0.45
0.439
0.467
0.45
0.456
0.466
0.442
0.449
0.452
0.451
0.449
0.454
0.458
0.448
0.453
0.449
0.442
0.447
0.452
0.447
0.441
0.435
0.435
0.436
0.445
0.449
0.437
0.442
0.447
0.428
0.43
0.431
0.428
0.436
0.442
0.448
0.427
0.421
0.43
0.423
0.445
0.434
0.433
0.432
0.436
0.438
0.428
0.437
0.423
0.42
0.43
0.42
0.422
0.426
0.421
0.42
0.423
0.432
0.427
0.423
0.429
0.438
0.43
0.428
0.426
0.43
0.438
0.428
0.427
0.428
0.431
0.434
0.442
0.438
0.438
0.438
0.439
0.429
0.441
0.446
0.44
0.43
0.433
0.426
0.431
0.438
0.445
0.435
0.445
0.428
0.428
0.428
0.42
0.429
0.422
0.428
0.426
0.43
0.433
0.432
0.429
0.433
0.43
0.43
0.438
0.428
0.431
0.421
0.424
0.436
0.421
0.417
0.425
0.415
0.417
0.417
0.415
0.433
0.443
0.432
0.424
0.431
0.439
0.429
0.421
0.427
0.436
0.428
0.431
0.44
0.431
0.435
0.435
0.431
0.439
0.439
0.445
0.437
0.43
0.439
0.445
0.434
0.439
0.445
0.416
0.432
0.43
0.438
0.436
0.43
0.425
0.421
0.419
0.426
0.417
0.416
0.428
0.438
0.435
0.428
0.438
0.43
0.438
0.436
0.426
0.418
0.421
0.428
0.433
0.43
0.426
0.424
0.433
0.428
0.412
0.425
0.425
0.413
0.42
0.412
0.412
0.408
0.418
0.419
0.413
0.417
0.413
0.417
0.421
0.414
0.411
0.419
0.412
0.434
0.426
0.423
0.419
0.423
0.426
0.435
0.431
0.429
0.422
0.426
0.419
0.428
0.429
0.428
0.427
0.418
0.422
0.421
0.421
0.425
0.415
0.427
0.426
0.423
0.421
0.431
0.429
0.427
0.425
0.416
0.43
0.427
0.434
0.43
0.422
0.424
0.418
0.434
0.425
0.424
0.419
0.417
0.421
0.429
0.429
0.425
0.427
0.429
0.428
0.428
0.436
0.434
0.428
0.428
0.434
0.433
0.427
0.434
0.444
0.447
0.43
0.432
0.438
0.435
0.438
0.445
0.434
0.438
0.438
0.446
0.454
0.451
0.442
0.438
0.438
0.44
0.438
0.434
0.435
0.448
0.438
0.441
0.444
0.438
0.442
0.445
0.446
0.452
0.463
0.462
0.468
0.459
0.454
0.45
0.439
0.448
0.444
0.454
0.459
0.436
0.435
0.442
0.45
0.44
0.434
0.434
0.434
0.427
0.433
0.435
0.425
0.428
0.425
0.426
0.427
0.436
0.429
0.438
0.432
0.429
0.421
0.437
0.438
0.434
0.425
0.428
0.438
0.441
0.43
0.424
0.432
0.429
0.438
0.439
0.441
0.452
0.45
0.444
0.45
0.43
0.438
0.442
0.45
0.426
0.425
0.432
0.44
0.442
0.434
0.427
0.426
0.429
0.42
0.428
0.42
0.423
0.425
0.421
0.422
0.429
0.431
0.426
0.434
0.438
0.431
0.44
0.431
0.425
0.42
0.434
0.425
0.425
0.416
0.413
0.414
0.413
0.413
0.419
0.418
0.412
0.414
0.408
0.411
0.418
0.416
0.422
0.418
0.428
0.418
0.42
0.419
0.423
0.416
0.423
0.423
0.433
0.436
0.431
0.421
0.429
0.418
0.412
0.418
0.422
0.417
0.419
0.413
0.416
0.42
0.426
0.416
0.417
0.411
0.414
0.424
0.421
0.415
0.427
0.434
0.425
0.417
0.417
0.42
0.41
0.417
0.427
0.433
0.43
0.423
0.416
0.419
0.415
0.408
0.409
0.414
0.418
0.409
0.412
0.418
0.418
0.428
0.421
0.415
0.418
0.422
0.425
0.422
0.416
0.419
0.427
0.422
0.416
0.421
0.419
0.426
0.423
0.426
0.426
0.417
0.417
0.413
0.419
0.421
0.429
0.43
0.429
0.423
0.414
0.412
0.419
0.42
0.418
0.428
0.425
0.433
0.433
0.431
0.427
0.418
0.426
0.417
0.422
0.432
0.422
0.413
0.418
0.418
0.409
0.414
0.416
0.409
0.426
0.413
0.42
0.421
0.411
0.408
0.405
0.406
0.405
0.414
0.409
0.419
0.42
0.416
0.411
0.413
0.42
0.411
0.412
0.408
0.412
0.404
0.408
0.41
0.403
0.407
0.401
0.406
0.403
0.403
0.402
0.409
0.41
0.412
0.41
0.406
0.403
0.403
0.411
0.421
0.42
0.408
0.414
0.412
0.418
0.414
0.416
0.417
0.406
0.415
0.419
0.417
0.407
0.413
0.417
0.407
0.405
0.414
0.408
0.412
0.405
0.402
0.409
0.416
0.415
0.411
0.401
0.408
0.398
0.401
0.407
0.403
0.413
0.409
0.401
0.403
0.405
0.402
0.411
0.413
0.415
0.404
0.403
0.413
0.417
0.412
0.404
0.404
0.396
0.41
0.405
0.403
0.412
0.418
0.412
0.409
0.412
0.422
0.418
0.409
0.407
0.41
0.405
0.404
0.406
0.415
0.421
0.42
0.41
0.403
0.4
0.407
0.41
0.41
0.403
0.41
0.404
0.411
0.408
0.409
0.415
0.405
0.403
0.423
0.41
0.415
0.421
0.411
0.412
0.406
0.412
0.411
0.408
0.411
0.404
0.412
0.419
0.418
0.418
0.41
0.409
0.4
0.408
0.404
0.409
0.418
0.42
0.419
0.412
0.405
0.401
0.42
0.412
0.408
0.404
0.399
0.415
0.409
0.413
0.423
0.413
0.406
0.41
0.417
0.426
0.424
0.408
0.42
0.414
0.407
0.406
0.41
0.411
0.406
0.41
0.412
0.409
0.404
0.412
0.415
0.423
0.418
0.416
0.407
0.409
0.415
0.409
0.413
0.405
0.411
0.414
0.413
0.403
0.404
0.412
0.414
0.405
0.412
0.411
0.408
0.408
0.414
0.408
0.413
0.421
0.413
0.409
0.415
0.405
0.413
0.414
0.404
0.42
0.413
0.419
0.409
0.413
0.41
0.411
0.413
0.417
0.421
0.43
0.424
0.426
0.427
0.413
0.422
0.41
0.413
0.417
0.41
0.403
0.419
0.408
0.418
0.419
0.414
0.413
0.414
0.404
0.398
0.403
0.401
0.407
0.413
0.407
0.406
0.407
0.409
0.413
0.417
0.422
0.413
0.409
0.417
0.424
0.414
0.41
0.419
0.408
0.414
0.409
0.405
0.413
0.413
0.404
0.4
0.408
0.404
0.398
0.401
0.411
0.403
0.401
0.401
0.408
0.401
0.399
0.4
0.394
0.401
0.408
0.406
0.409
0.404
0.399
0.402
0.401
0.404
0.406
0.402
0.401
0.403
0.407
0.404
0.41
0.402
0.4
0.404
0.402
0.407
0.406
0.41
0.401
0.41
0.401
0.405
0.408
0.399
0.403
0.393
0.413
0.403
0.399
0.405
0.402
0.405
0.397
0.405
0.4
0.407
0.412
0.403
0.401
0.401
0.406
0.405
0.405
0.415
0.413
0.403
0.394
0.403
0.398
0.402
0.407
0.401
0.404
0.4
0.409
0.406
0.398
0.407
0.412
0.403
0.406
0.396
0.403
0.406
0.397
0.404
0.401
0.401
0.401
0.411
0.402
0.402
0.395
0.413
0.411
0.406
0.411
0.407
0.408
0.399
0.4
0.406
0.405
0.401
0.405
0.406
0.404
0.414
0.405
0.411
0.41
0.4
0.409
0.419
0.418
0.401
0.411
0.408
0.405
0.399
0.396
0.397
0.404
0.403
0.406
0.402
0.411
0.41
0.403
0.396
0.407
0.402
0.405
0.403
0.407
0.401
0.408
0.407
0.404
0.407
0.401
0.411
0.412
0.406
0.413
0.409
0.407
0.412
0.411
0.418
0.412
0.417
0.417
0.409
0.405
0.414
0.412
0.406
0.404
0.413
0.41
0.406
0.41
0.403
0.408
0.411
0.404
0.417
0.407
0.404
0.409
0.402
0.412
0.414
0.417
0.409
0.402
0.412
0.406
0.409
0.401
0.404
0.406
0.404
0.403
0.404
0.403
0.403
0.396
0.413
0.41
0.4
0.396
0.396
0.403
0.398
0.41
0.405
0.399
0.397
0.394
0.402
0.395
0.404
0.398
0.39
0.397
0.404
0.392
0.399
0.406
0.396
0.403
0.394
0.398
0.404
0.396
0.396
0.397
0.405
0.397
0.399
0.396
0.397
0.396
0.398
0.397
0.391
0.395
0.398
0.402
0.399
0.404
0.398
0.406
0.397
0.406
0.412
0.406
0.406
0.4
0.419
0.409
0.413
0.409
0.407
0.41
0.41
0.419
0.414
0.405
0.4
0.407
0.41
0.411
0.402
0.407
0.405
0.402
0.409
0.407
0.405
0.4
0.404
0.411
0.409
0.408
0.409
0.402
0.412
0.408
0.417
0.417
0.416
0.409
0.404
0.408
0.414
0.412
0.419
0.416
0.406
0.401
0.408
0.416
0.411
0.418
0.405
0.408
0.414
0.407
0.406
0.411
0.415
0.417
0.407
0.399
0.418
0.415
0.412
0.405
0.411
0.405
0.402
0.402
0.408
0.407
0.403
0.404
0.41
0.406
0.407
0.402
0.41
0.404
0.407
0.401
0.407
0.403
0.407
0.41
0.4
0.412
0.405
0.403
0.402
0.406
0.405
0.403
0.41
0.416
0.407
0.403
0.4
0.405
0.411
0.406
0.401
0.404
0.411
0.406
0.41
0.415
0.416
0.416
0.42
0.408
0.416
0.417
0.42
0.414
0.404
0.405
0.405
0.413
0.414
0.405
0.408
0.416
0.415
0.415
0.405
0.406
0.409
0.405
0.414
0.415
0.424
0.419
0.409
0.417
0.418
0.421
0.411
0.404
0.407
0.416
0.409
0.416
0.416
0.419
0.418
0.411
0.419
0.41
0.418
0.41
0.408
0.417
0.408
0.412
0.405
0.407
0.404
0.413
0.406
0.415
0.419
0.416
0.407
0.413
0.406
0.402
0.398
0.406
0.408
0.404
0.401
0.403
0.394
0.403
0.405
0.403
0.4
0.406
0.411
0.416
0.402
0.401
0.406
0.397
0.401
0.415
0.408
0.404
0.403
0.399
0.404
0.402
0.409
0.406
0.409
0.415
0.407
0.401
0.409
0.414
0.416
0.41
0.417
0.405
0.412
0.414
0.403
0.408
0.398
0.414
0.414
0.405
0.406
0.401
0.406
0.398
0.408
0.404
0.405
0.404
0.407
0.408
0.403
0.408
0.398
0.399
0.408
0.411
0.417
0.413
0.408
0.402
0.407
0.401
0.403
0.407
0.414
0.406
0.406
0.413
0.421
0.414
0.404
0.402
0.409
0.413
0.41
0.404
0.412
0.411
0.407
0.414
0.407
0.412
0.422
0.417
0.434
0.414
0.415
0.435
0.427
0.423
0.432
0.422
0.43
0.424
0.428
0.434
0.437
0.42
0.425
0.432
0.425
0.434
0.436
0.43
0.437
0.421
0.429
0.431
0.424
0.42
0.413
0.41
0.415
0.413
0.413
0.413
0.424
0.413
0.421
0.423
0.425
0.417
0.409
0.416
0.407
0.412
0.416
0.424
0.424
0.409
0.417
0.41
0.405
0.407
0.414
0.404
0.403
0.404
0.409
0.418
0.404
0.403
0.41
0.409
0.411
0.407
0.399
0.406
0.414
0.403
0.41
0.408
0.416
0.414
0.404
0.412
0.406
0.414
0.414
0.408
0.404
0.407
0.406
0.415
0.407
0.408
0.402
0.409
0.412
0.412
0.402
0.409
0.404
0.407
0.411
0.415
0.42
0.413
0.405
0.401
0.406
0.41
0.404
0.412
0.412
0.402
0.412
0.418
0.418
0.409
0.413
0.422
0.422
0.414
0.415
0.406
0.411
0.409
0.419
0.409
0.424
0.414
0.409
0.423
0.421
0.411
0.409
0.419
0.409
0.419
0.425
0.426
0.418
0.411
0.412
0.409
0.406
0.407
0.416
0.425
0.416
0.409
0.408
0.404
0.417
0.418
0.412
0.411
0.414
0.407
0.411
0.411
0.421
0.411
0.41
0.405
0.411
0.419
0.424
0.415
0.409
0.412
0.405
0.409
0.41
0.402
0.416
0.415
0.407
0.41
0.403
0.414
0.407
0.412
0.41
0.416
0.408
0.414
0.415
0.41
0.413
0.414
0.407
0.412
0.402
0.415
0.409
0.417
0.407
0.415
0.412
0.421
0.416
0.413
0.409
0.414
0.417
0.415
0.411
0.416
0.414
0.415
0.417
0.417
0.426
0.416
0.422
0.419
0.425
0.421
0.43
0.423
0.422
0.426
0.429
0.426
0.422
0.427
0.428
0.435
0.436
0.438
0.434
0.443
0.443
0.443
0.446
0.444
0.453
0.45
0.456
0.45
0.428
0.429
0.414
0.397
0.406
0.399
0.395
0.397
0.39
0.396
0.394
0.388
0.394
0.391
0.4
0.391
0.384
0.388
0.394
0.396
