0.688
0.677
0.647
0.634
0.63
0.633
0.619
0.614
0.614
0.604
0.599
0.599
0.592
0.589
0.596
0.587
0.579
0.562
0.532
0.521
0.534
0.529
0.521
0.508
0.518
0.514
0.517
0.509
0.512
0.516
0.51
0.506
0.508
0.506
0.5
0.508
0.499
0.51
0.508
0.498
0.504
0.492
0.5
0.49
0.499
0.493
0.499
0.49
0.498
0.49
0.489
0.493
0.486
0.497
0.488
0.489
0.479
0.481
0.483
0.477
0.474
0.482
0.484
0.475
0.479
0.47
0.48
0.48
0.479
0.476
0.487
0.478
0.477
0.485
0.481
0.477
0.476
0.479
0.473
0.475
0.478
0.477
0.474
0.479
0.482
0.481
0.477
0.477
0.472
0.482
0.478
0.48
0.485
0.49
0.493
0.498
0.504
0.521
0.523
0.526
0.528
0.523
0.527
0.516
0.517
0.513
0.517
0.518
0.518
0.517
0.525
0.527
0.523
0.521
0.523
0.521
0.524
0.53
0.521
0.531
0.525
0.603
0.612
0.617
0.604
0.6
0.606
0.618
0.619
0.604
0.607
0.598
0.597
0.604
0.605
0.608
0.607
0.653
0.635
0.642
0.641
0.604
0.6
0.597
0.585
0.582
0.582
0.576
0.562
0.55
0.557
0.552
0.54
0.533
0.52
0.522
0.517
0.519
0.507
0.516
0.504
0.51
0.506
0.497
0.497
0.492
0.499
0.499
0.485
0.483
0.485
0.48
0.475
0.487
0.489
0.497
0.484
0.479
0.476
0.467
0.48
0.478
0.48
0.483
0.483
0.491
0.472
0.48
0.48
0.477
0.466
0.479
0.482
0.484
0.479
0.481
0.468
0.47
0.457
0.453
0.446
0.448
0.455
0.451
0.447
0.458
0.45
0.45
0.455
0.45
0.445
0.443
0.438
0.444
0.447
0.443
0.453
0.453
0.445
0.446
0.448
0.453
0.443
0.448
0.454
0.443
0.442
0.442
0.449
0.454
0.445
0.449
0.454
0.446
0.457
0.448
0.458
0.461
0.462
0.467
0.458
0.454
0.464
0.458
0.456
0.452
0.445
0.45
0.46
0.451
0.461
0.457
0.463
0.471
0.464
0.46
0.466
0.476
0.474
0.475
0.475
0.466
0.468
0.457
0.459
0.479
0.468
0.474
0.46
0.446
0.451
0.451
0.457
0.465
0.457
0.454
0.451
0.455
0.452
0.457
0.465
0.458
0.461
0.465
0.46
0.463
0.465
0.473
0.451
0.45
0.443
0.443
0.439
0.446
0.455
0.455
0.459
0.448
0.447
0.451
0.467
0.458
0.466
0.455
0.461
0.464
0.466
0.463
0.467
0.46
0.457
0.451
0.456
0.458
0.458
0.455
0.462
0.457
0.458
0.466
0.459
0.461
0.452
0.46
0.468
0.463
0.456
0.467
0.462
0.465
0.476
0.466
0.467
0.478
0.471
0.478
0.474
0.47
0.466
0.474
0.466
0.466
0.474
0.47
0.463
0.47
0.469
0.462
0.462
0.472
0.461
0.458
0.464
0.459
0.464
0.468
0.446
0.449
0.465
0.467
0.456
0.457
0.462
0.456
0.454
0.449
0.444
0.455
0.462
0.455
0.465
0.457
0.453
0.46
0.46
0.453
0.462
0.455
0.462
0.459
0.455
0.461
0.453
0.448
0.458
0.459
0.454
0.461
0.465
0.456
0.467
0.461
0.455
0.452
0.45
0.445
0.451
0.462
0.468
0.469
0.464
0.452
0.461
0.454
0.464
0.461
0.468
0.448
0.454
0.459
0.444
0.454
0.457
0.452
0.453
0.442
0.437
0.44
0.449
0.454
0.439
0.436
0.436
0.446
0.441
0.444
0.442
0.44
0.443
0.448
0.44
0.452
0.446
0.442
0.441
0.445
0.436
0.446
0.445
0.435
0.44
0.434
0.443
0.45
0.439
0.435
0.437
0.437
0.43
0.436
0.445
0.436
0.441
0.445
0.442
0.434
0.433
0.435
0.43
0.427
0.432
0.435
0.44
0.444
0.433
0.429
0.432
0.433
0.431
0.444
0.438
0.434
0.433
0.434
0.441
0.452
0.444
0.439
0.438
0.438
0.452
0.431
0.433
0.433
0.431
0.434
0.443
0.452
0.444
0.433
0.438
0.434
0.436
0.438
0.428
0.432
0.439
0.443
0.438
0.436
0.445
0.438
0.444
0.453
0.447
0.442
0.437
0.439
0.445
0.44
0.431
0.443
0.446
0.437
0.433
0.434
0.436
0.436
0.44
0.445
0.453
0.438
0.442
0.442
0.436
0.438
0.444
0.438
0.445
0.446
0.438
0.439
0.443
0.446
0.449
0.454
0.462
0.446
0.455
0.451
0.454
0.454
0.438
0.439
0.435
0.437
0.438
0.445
0.449
0.438
0.433
0.429
0.436
0.442
0.452
0.442
0.438
0.432
0.437
0.439
0.439
0.438
0.44
0.45
0.453
0.435
0.435
0.431
0.441
0.432
0.438
0.434
0.428
0.438
0.437
0.438
0.44
0.447
0.439
0.443
0.445
0.438
0.436
0.434
0.441
0.435
0.437
0.437
0.446
0.438
0.438
0.432
0.435
0.432
0.432
0.429
0.433
0.429
0.432
0.44
0.443
0.436
0.434
0.438
0.448
0.442
0.435
0.437
0.433
0.438
0.446
0.442
0.437
0.432
0.436
0.44
0.442
0.436
0.437
0.438
0.446
0.447
0.436
0.446
0.447
0.43
0.422
0.432
0.438
0.437
0.431
0.427
0.421
0.427
0.432
0.441
0.43
0.43
0.425
0.426
0.44
0.431
0.433
0.437
0.433
0.427
0.422
0.424
0.422
0.429
0.43
0.438
0.427
0.419
0.423
0.414
0.424
0.424
0.417
0.417
0.423
0.419
0.421
0.427
0.417
0.419
0.423
0.417
0.42
0.42
0.418
0.426
0.42
0.426
0.422
0.427
0.423
0.428
0.428
0.426
0.431
0.43
0.43
0.43
0.421
0.427
0.427
0.423
0.426
0.426
0.426
0.423
0.43
0.435
0.434
0.442
0.431
0.424
0.427
0.435
0.428
0.437
0.435
0.433
0.438
0.438
0.444
0.448
0.458
0.449
0.446
0.443
0.449
0.458
0.439
0.442
0.438
0.442
0.448
0.454
0.432
0.441
0.436
0.435
0.439
0.438
0.437
0.433
0.439
0.43
0.439
0.448
0.439
0.438
0.434
0.443
0.452
0.438
0.446
0.448
0.438
0.43
0.446
0.447
0.436
0.438
0.445
0.446
0.446
0.438
0.438
0.446
0.452
0.433
0.438
0.437
0.439
0.441
0.438
0.431
0.433
0.432
0.438
0.438
0.431
0.44
0.442
0.439
0.43
0.434
0.431
0.44
0.437
0.442
0.445
0.44
0.447
0.455
0.437
0.445
0.444
0.454
0.457
0.453
0.454
0.46
0.469
0.464
0.468
0.473
0.467
0.475
0.479
0.473
0.479
0.473
0.48
0.479
0.48
0.486
0.483
0.486
0.484
0.492
0.493
0.497
0.502
0.501
0.503
0.506
0.51
0.513
0.511
0.52
0.52
0.531
0.534
0.546
0.545
0.539
0.578
0.594
0.592
0.589
0.592
0.588
0.589
0.598
0.593
0.604
0.611
0.625
0.629
0.631
0.632
0.63
0.618
0.61
0.609
0.62
0.618
0.629
0.642
0.651
0.662
0.677
0.664
0.672
0.67
0.659
0.663
0.647
0.65
0.662
0.649
0.536
0.531
0.539
0.532
0.543
0.537
0.542
0.543
0.55
0.551
0.558
0.627
0.619
0.619
0.622
0.614
0.582
0.591
0.591
0.597
0.6
0.604
0.611
0.62
0.612
0.622
0.619
0.626
0.632
0.625
0.611
0.623
0.617
0.625
0.653
0.655
0.651
0.647
0.643
0.635
0.646
0.651
0.657
0.648
0.653
0.656
0.652
0.644
0.633
0.622
0.634
0.675
0.668
0.663
0.647
0.646
0.642
0.627
0.637
0.642
0.645
0.646
0.651
0.646
0.646
0.637
0.632
0.638
0.559
0.551
0.523
0.533
0.53
0.533
0.54
0.535
0.528
0.528
0.537
0.523
0.519
0.517
0.511
0.519
0.507
0.512
0.526
0.523
0.528
0.527
0.524
0.527
0.527
0.529
0.529
0.534
0.532
0.532
0.524
0.531
0.517
0.506
0.507
0.508
0.508
0.5
0.493
0.498
0.497
0.497
0.501
0.494
0.501
0.501
0.505
0.516
0.506
0.514
0.508
0.532
0.532
0.53
0.54
0.532
0.539
0.542
0.537
0.536
0.546
0.54
0.542
0.554
0.55
0.559
0.558
0.564
0.565
0.574
0.57
0.567
0.565
0.57
0.565
0.569
0.573
0.566
0.577
0.635
0.625
0.636
0.64
0.637
0.643
0.646
0.632
0.64
0.64
0.644
0.64
0.632
0.638
0.644
0.643
0.648
0.647
0.645
0.648
0.636
0.647
0.642
0.515
0.521
0.511
0.518
0.514
0.519
0.517
0.521
0.521
0.528
0.525
0.545
0.549
0.55
0.545
0.542
0.546
0.555
0.554
0.57
0.56
0.565
0.575
0.583
0.569
0.575
0.577
0.581
0.574
0.563
0.571
0.575
0.563
0.551
0.589
0.575
0.565
0.57
0.568
0.558
0.54
0.435
0.431
0.425
0.423
0.415
0.412
0.402
0.408
0.407
0.411
0.406
0.403
0.401
0.405
0.408
0.414
0.404
0.404
0.398
0.398
0.399
0.405
0.395
0.401
0.396
0.398
0.402
0.403
0.396
0.393
0.399
0.397
0.396
0.394
0.402
0.405
0.401
0.393
0.402
0.396
0.397
0.401
0.398
0.401
0.396
0.401
0.404
0.399
0.404
0.405
0.401
0.405
0.399
0.408
0.409
0.402
0.406
0.416
0.406
0.407
0.409
0.418
0.422
0.423
0.421
0.436
0.429
0.427
0.427
0.434
0.434
0.443
0.436
0.434
0.428
0.434
0.434
0.438
0.437
0.434
0.438
0.44
0.45
0.439
0.443
0.44
0.442
0.443
0.441
0.449
0.458
0.464
0.449
0.46
0.454
0.454
0.465
0.474
0.469
0.469
0.466
0.469
0.463
0.474
0.464
0.469
0.469
0.477
0.469
0.479
0.468
0.468
0.471
0.466
0.474
0.471
0.475
0.479
0.468
0.473
0.468
0.463
0.468
0.466
0.476
0.476
0.477
0.467
0.466
0.469
0.462
0.464
0.457
0.457
0.461
0.468
0.479
0.469
0.474
0.466
0.458
0.456
0.455
0.453
0.462
0.463
0.457
0.465
0.463
0.468
0.46
0.463
0.46
0.441
0.453
0.448
0.459
0.451
0.461
0.456
0.445
0.444
0.444
0.449
0.442
0.444
0.446
0.459
0.453
0.443
0.44
0.442
0.442
0.438
0.437
0.438
0.433
0.428
0.438
0.438
0.448
0.444
0.434
0.431
0.437
0.44
0.431
0.437
0.437
0.436
0.435
0.428
0.432
0.434
0.435
0.43
0.428
0.438
0.43
0.437
0.439
0.442
0.434
0.44
0.445
0.427
0.436
0.427
0.427
0.434
0.43
0.437
0.442
0.445
0.437
0.436
0.433
0.432
0.438
0.43
0.436
0.438
0.433
0.434
0.428
0.438
0.432
0.438
0.444
0.441
0.434
0.439
0.436
0.442
0.447
0.437
0.445
0.455
0.451
0.446
0.443
0.439
0.445
0.448
0.454
0.44
0.438
0.445
0.449
0.438
0.431
0.437
0.431
0.439
0.445
0.438
0.435
0.426
0.433
0.436
0.432
0.436
0.427
0.428
0.431
0.436
0.428
0.434
0.429
0.438
0.43
0.433
0.428
0.429
0.425
0.434
0.43
0.431
0.433
0.437
0.433
0.429
0.441
0.432
0.432
0.434
0.438
0.441
0.438
0.431
0.428
0.428
0.426
0.429
0.434
0.428
0.438
0.428
0.431
0.438
0.428
0.43
0.433
0.433
0.429
0.439
0.432
0.424
0.43
0.437
0.43
0.437
0.434
0.424
0.432
0.444
0.436
0.445
0.446
0.435
0.432
0.426
0.43
0.432
0.422
0.43
0.424
0.43
0.43
0.438
0.423
0.422
0.43
0.428
0.43
0.421
0.427
0.427
0.433
0.429
0.419
0.424
0.431
0.422
0.431
0.425
0.421
0.43
0.437
0.432
0.426
0.428
0.434
0.433
0.426
0.422
0.432
0.422
0.431
0.437
0.44
0.432
0.43
0.421
0.429
0.426
0.429
0.421
0.426
0.426
0.42
0.422
0.424
0.434
0.434
0.429
0.423
0.42
0.429
0.432
0.425
0.425
0.42
0.425
0.421
0.421
0.423
0.421
0.429
0.433
0.426
0.418
0.422
0.426
0.419
0.423
0.42
0.421
0.418
0.425
0.419
0.421
0.42
0.425
0.419
0.422
0.418
0.418
0.422
0.416
0.423
0.428
0.423
0.416
0.421
0.417
0.426
0.425
0.417
0.426
0.42
0.416
0.426
0.423
0.417
0.424
0.422
0.432
0.426
0.435
0.43
0.42
0.427
0.433
0.423
0.422
0.415
0.422
0.415
0.418
0.419
0.412
0.423
0.429
0.433
0.425
0.423
0.429
0.437
0.429
0.426
0.421
0.425
0.428
0.418
0.429
0.421
0.428
0.423
0.429
0.435
0.434
0.435
0.426
0.422
0.427
0.428
0.435
0.43
0.421
0.424
0.432
0.425
0.423
0.434
0.426
0.423
0.429
0.43
0.423
0.431
0.433
0.434
0.436
0.433
0.426
0.428
0.429
0.426
0.435
0.431
0.429
0.426
0.43
0.438
0.429
0.425
0.424
0.429
0.43
0.422
0.427
0.43
0.433
0.436
0.438
0.442
0.433
0.438
0.441
0.438
0.429
0.433
0.438
0.444
0.436
0.428
0.428
0.432
0.428
0.437
0.439
0.431
0.427
0.431
0.441
0.429
0.428
0.421
0.435
0.429
0.423
0.428
0.429
0.427
0.427
0.432
0.439
0.436
0.428
0.438
0.438
0.428
0.426
0.419
0.428
0.423
0.422
0.428
0.424
0.422
0.426
0.42
0.424
0.426
0.416
0.422
0.427
0.42
0.423
0.426
0.431
0.43
0.42
0.425
0.425
0.426
0.428
0.436
0.439
0.429
0.42
0.43
0.425
0.435
0.425
0.427
0.42
0.427
0.423
0.419
0.421
0.426
0.434
0.424
0.415
0.421
0.413
0.426
0.418
0.42
0.411
0.419
0.419
0.421
0.423
0.425
0.428
0.419
0.417
0.426
0.431
0.422
0.42
0.414
0.426
0.419
0.421
0.429
0.433
0.424
0.424
0.418
0.417
0.42
0.427
0.43
0.425
0.419
0.414
0.414
0.417
0.427
0.429
0.422
0.415
0.419
0.41
0.431
0.432
0.424
0.433
0.424
0.417
0.427
0.429
0.426
0.422
0.417
0.416
0.42
0.421
0.427
0.432
0.423
0.422
0.419
0.422
0.419
0.42
0.429
0.429
0.42
0.416
0.423
0.423
0.422
0.431
0.433
0.431
0.428
0.42
0.426
0.435
0.436
0.426
0.425
0.43
0.437
0.434
0.428
0.42
0.425
0.426
0.432
0.423
0.429
0.43
0.425
0.43
0.422
0.427
0.436
0.438
0.43
0.424
0.428
0.438
0.438
0.428
0.436
0.439
0.432
0.434
0.438
0.434
0.44
0.43
0.428
0.423
0.424
0.427
0.435
0.437
0.427
0.426
0.424
0.427
0.432
0.439
0.429
0.428
0.432
0.423
0.433
0.436
0.429
0.428
0.42
0.429
0.423
0.436
0.426
0.435
0.436
0.426
0.426
0.421
0.431
0.427
0.434
0.435
0.427
0.425
0.419
0.426
0.422
0.422
0.427
0.426
0.421
0.423
0.432
0.437
0.417
0.42
0.419
0.422
0.419
0.421
0.426
0.42
0.43
0.422
0.43
0.427
0.431
0.432
0.432
0.435
0.441
0.434
0.434
0.435
0.442
0.431
0.43
0.43
0.438
0.438
0.43
0.423
0.421
0.422
0.425
0.434
0.427
0.419
0.422
0.424
0.423
0.43
0.421
0.43
0.421
0.428
0.429
0.431
0.427
0.437
0.441
0.424
0.425
0.425
0.435
0.438
0.427
0.421
0.431
0.437
0.441
0.429
0.424
0.428
0.421
0.43
0.437
0.431
0.424
0.423
0.428
0.436
0.427
0.432
0.435
0.427
0.422
0.423
0.437
0.428
0.439
0.43
0.434
0.441
0.43
0.452
0.443
0.438
0.429
0.435
0.435
0.438
0.444
0.442
0.433
0.438
0.435
0.43
0.433
0.431
0.434
0.433
0.431
0.432
0.437
0.441
0.434
0.429
0.428
0.433
0.428
0.43
0.441
0.443
0.45
0.454
0.448
0.443
0.44
0.43
0.426
0.433
0.443
0.432
0.424
0.424
0.429
0.427
0.417
0.422
0.419
0.423
0.418
0.418
0.426
0.43
0.423
0.413
0.415
0.425
0.42
0.427
0.419
0.417
0.418
0.416
0.422
0.415
0.405
0.415
0.412
0.419
0.409
0.413
0.42
0.411
0.409
0.409
0.419
0.42
0.42
0.416
0.411
0.412
0.409
0.413
0.418
0.425
0.418
0.418
0.411
0.417
0.41
0.412
0.416
0.411
0.416
0.416
0.41
0.41
0.414
0.414
0.41
0.416
0.413
0.41
0.416
0.42
0.42
0.415
0.409
0.416
0.422
0.421
0.413
0.42
0.414
0.409
0.41
0.415
0.415
0.41
0.412
0.416
0.418
0.425
0.427
0.42
0.415
0.425
0.418
0.422
0.416
0.437
0.43
0.427
0.436
0.432
0.428
0.428
0.421
0.422
0.425
0.428
0.434
0.431
0.427
0.422
0.426
0.433
0.437
0.438
0.438
0.44
0.438
0.438
0.441
0.441
0.446
0.443
0.445
0.442
0.443
0.443
0.44
0.449
0.439
0.442
0.445
0.441
0.449
0.446
0.453
0.448
0.452
0.45
0.456
0.453
0.456
0.458
0.458
0.457
0.464
0.473
0.473
0.479
0.486
0.489
0.486
0.492
0.491
0.498
0.495
0.513
0.515
0.519
0.525
0.553
0.543
0.546
0.548
0.593
0.587
0.592
0.6
0.589
0.604
0.608
0.604
0.609
0.572
0.572
0.606
0.599
0.604
0.597
0.605
0.598
0.584
0.573
0.579
0.57
0.568
0.567
0.582
0.561
0.573
0.688
0.695
0.678
0.667
0.611
0.597
0.611
0.618
0.613
0.606
0.602
0.604
0.607
0.599
0.61
0.696
0.649
0.599
0.606
0.595
0.599
0.594
0.591
0.582
0.591
0.587
0.595
0.602
0.608
0.641
0.647
0.646
0.634
0.636
0.624
0.621
0.61
0.609
0.615
0.617
0.618
0.632
0.637
0.628
0.621
0.611
0.598
0.612
0.612
0.611
0.62
0.622
0.617
0.618
0.615
0.614
0.623
0.623
0.622
0.63
0.628
0.622
0.621
0.627
0.627
0.631
0.634
0.665
0.662
0.653
0.652
0.643
0.635
0.636
0.63
0.626
0.634
0.632
0.643
0.641
0.653
0.657
0.664
0.662
0.677
0.675
0.646
0.622
0.626
0.626
0.616
0.626
0.633
0.626
0.626
0.625
0.626
0.618
0.603
0.609
0.603
0.607
0.639
0.651
0.696
0.693
0.679
0.675
0.676
0.661
0.67
