0.696
0.692
0.692
0.685
0.686
0.679
0.664
0.663
0.651
0.646
0.649
0.635
0.635
0.642
0.65
0.664
0.674
0.688
0.695
0.685
0.681
0.69
0.646
0.645
0.638
0.625
0.61
0.623
0.614
0.603
0.6
0.604
0.607
0.61
0.605
0.608
0.617
0.625
0.631
0.634
0.622
0.622
0.617
0.612
0.609
0.604
0.604
0.604
0.598
0.599
0.595
0.59
0.593
0.588
0.581
0.583
0.584
0.585
0.585
0.582
0.588
0.587
0.591
0.594
0.587
0.592
0.59
0.589
0.588
0.585
0.582
0.577
0.573
0.57
0.573
0.568
0.57
0.561
0.568
0.562
0.56
0.564
0.563
0.559
0.559
0.563
0.557
0.558
0.557
0.56
0.562
0.552
0.565
0.565
0.559
0.56
0.56
0.56
0.549
0.557
0.556
0.552
0.545
0.555
0.554
0.55
0.548
0.551
0.552
0.546
0.546
0.549
0.547
0.547
0.541
0.545
0.544
0.543
0.54
0.541
0.545
0.541
0.542
0.54
0.542
0.543
0.535
0.546
0.541
0.54
0.532
0.539
0.539
0.536
0.531
0.542
0.538
0.536
0.548
0.541
0.545
0.541
0.544
0.551
0.551
0.549
0.553
0.554
0.549
0.55
0.555
0.551
0.542
0.553
0.544
0.545
0.538
0.544
0.539
0.538
0.532
0.542
0.535
0.54
0.531
0.532
0.539
0.539
0.536
0.531
0.536
0.534
0.526
0.532
0.538
0.53
0.528
0.539
0.532
0.536
0.534
0.532
0.531
0.531
0.527
0.528
0.521
0.521
0.529
0.527
0.527
0.518
0.525
0.519
0.521
0.516
0.521
0.519
0.517
0.518
0.522
0.52
0.513
0.523
0.522
0.524
0.525
0.527
0.528
0.518
0.525
0.529
0.535
0.529
0.525
0.534
0.533
0.525
0.531
0.54
0.527
0.523
0.53
0.528
0.524
0.532
0.528
0.527
0.524
0.532
0.525
0.528
0.533
0.525
0.534
0.536
0.544
0.536
0.541
0.54
0.544
0.544
0.541
0.546
0.544
0.545
0.548
0.546
0.552
0.551
0.545
0.545
0.55
0.539
0.54
0.541
0.545
0.538
0.541
0.54
0.54
0.544
0.548
0.553
0.55
0.555
0.553
0.548
0.549
0.546
0.538
0.543
0.543
0.54
0.548
0.554
0.559
0.562
0.571
0.561
0.567
0.563
0.555
0.551
0.552
0.541
0.546
0.545
0.548
0.546
0.552
0.556
0.556
0.56
0.57
0.565
0.563
0.557
0.558
0.557
0.546
0.546
0.548
0.551
0.547
0.556
0.547
0.55
0.549
0.549
0.545
0.546
0.544
0.541
0.543
0.549
0.547
0.553
0.55
0.55
0.562
0.548
0.555
0.548
0.552
0.554
0.554
0.546
0.549
0.546
0.545
0.547
0.548
0.556
0.554
0.556
0.555
0.558
0.561
0.561
0.566
0.562
0.549
0.557
0.549
0.55
0.54
0.543
0.543
0.537
0.549
0.545
0.548
0.551
0.559
0.55
0.557
0.558
0.554
0.553
0.558
0.556
0.557
0.559
0.558
0.549
0.551
0.55
0.544
0.539
0.552
0.545
0.556
0.552
0.563
0.575
0.574
0.574
0.576
0.576
0.562
0.563
0.567
0.57
0.57
0.564
0.571
0.572
0.567
0.569
0.568
0.555
0.564
0.56
0.559
0.557
0.562
0.563
0.566
0.564
0.565
0.562
0.571
0.568
0.57
0.568
0.561
0.558
0.558
0.554
0.551
0.552
0.552
0.549
0.545
0.545
0.552
0.549
0.544
0.548
0.546
0.551
0.546
0.553
0.553
0.553
0.544
0.548
0.55
0.543
0.552
0.55
0.547
0.549
0.548
0.546
0.541
0.544
0.542
0.541
0.533
0.539
0.536
0.535
0.525
0.542
0.536
0.544
0.539
0.535
0.536
0.533
0.532
0.53
0.532
0.532
0.527
0.535
0.531
0.532
0.53
0.538
0.535
0.534
0.534
0.535
0.534
0.521
0.532
0.522
0.519
0.518
0.517
0.515
0.509
0.518
0.514
0.514
0.512
0.52
0.513
0.514
0.519
0.515
0.511
0.51
0.516
0.508
0.513
0.51
0.51
0.51
0.513
0.506
0.516
0.513
0.509
0.505
0.515
0.521
0.52
0.514
0.521
0.518
0.517
0.52
0.512
0.516
0.508
0.515
0.52
0.518
0.511
0.519
0.519
0.519
0.518
0.519
0.517
0.522
0.521
0.512
0.521
0.517
0.512
0.513
0.523
0.522
0.529
0.53
0.531
0.529
0.532
0.528
0.525
0.531
0.528
0.53
0.526
0.525
0.53
0.525
0.522
0.524
0.524
0.516
0.523
0.523
0.521
0.514
0.526
0.519
0.518
0.517
0.521
0.522
0.52
0.519
0.526
0.524
0.513
0.524
0.514
0.526
0.516
0.519
0.522
0.524
0.521
0.521
0.52
0.517
0.517
0.516
0.512
0.516
0.522
0.523
0.527
0.525
0.517
0.528
0.527
0.522
0.518
0.525
0.521
0.52
0.517
0.52
0.516
0.513
0.516
0.509
0.517
0.518
0.521
0.519
0.521
0.521
0.516
0.52
0.516
0.513
0.515
0.515
0.505
0.509
0.505
0.509
0.506
0.505
0.506
0.508
0.514
0.514
0.521
0.517
0.521
0.522
0.511
0.517
0.515
0.506
0.513
0.503
0.508
0.507
0.51
0.504
0.509
0.514
0.516
0.516
0.515
0.514
0.517
0.516
0.516
0.514
0.514
0.517
0.514
0.529
0.534
0.532
0.532
0.526
0.528
0.525
0.525
0.529
0.527
0.532
0.53
0.537
0.539
0.541
0.542
0.539
0.548
0.542
0.54
0.543
0.533
0.536
0.535
0.531
0.527
0.525
0.529
0.526
0.532
0.536
0.53
0.537
0.538
0.531
0.541
0.537
0.531
0.536
0.532
0.537
0.536
0.539
0.541
0.545
0.552
0.551
0.553
0.555
0.553
0.55
0.549
0.549
0.553
0.547
0.549
0.551
0.547
0.55
0.547
0.557
0.553
0.553
0.557
0.556
0.56
0.555
0.55
0.554
0.55
0.545
0.556
0.548
0.549
0.557
0.547
0.552
0.546
0.555
0.543
0.546
0.55
0.541
0.543
0.541
0.541
0.538
0.538
0.544
0.54
0.54
0.541
0.538
0.538
0.541
0.536
0.542
0.544
0.539
0.544
0.543
0.542
0.539
0.536
0.538
0.536
0.535
0.537
0.536
0.537
0.54
0.533
0.542
0.548
0.543
0.543
0.542
0.538
0.532
0.533
0.534
0.531
0.536
0.536
0.539
0.541
0.539
0.544
0.549
0.548
0.55
0.55
0.545
0.546
0.544
0.542
0.545
0.541
0.545
0.538
0.545
0.54
0.541
0.539
0.539
0.543
0.537
0.542
0.541
0.536
0.541
0.538
0.541
0.54
0.538
0.543
0.535
0.537
0.541
0.532
0.537
0.537
0.534
0.538
0.534
0.542
0.534
0.533
0.54
0.527
0.534
0.53
0.53
0.529
0.529
0.533
0.527
0.531
0.536
0.538
0.541
0.54
0.542
0.544
0.546
0.54
0.539
0.54
0.538
0.534
0.536
0.537
0.538
0.543
0.542
0.546
0.553
0.55
0.547
0.547
0.543
0.547
0.542
0.542
0.541
0.539
0.541
0.542
0.541
0.537
0.537
0.539
0.531
0.533
0.537
0.533
0.538
0.53
0.532
0.534
0.527
0.526
0.534
0.529
0.533
0.54
0.533
0.538
0.537
0.533
0.538
0.542
0.541
0.546
0.549
0.559
0.551
0.558
0.557
0.551
0.553
0.552
0.546
0.548
0.546
0.542
0.543
0.549
0.546
0.546
0.551
0.545
0.547
0.548
0.542
0.545
0.543
0.541
0.539
0.537
0.534
0.534
0.536
0.532
0.53
0.534
0.535
0.535
0.532
0.536
0.536
0.54
0.535
0.537
0.534
0.534
0.527
0.535
0.532
0.527
0.53
0.526
0.525
0.532
0.534
0.538
0.543
0.545
0.548
0.549
0.548
0.553
0.548
0.543
0.55
0.544
0.544
0.542
0.54
0.54
0.537
0.532
0.54
0.534
0.54
0.533
0.539
0.538
0.534
0.536
0.538
0.527
0.534
0.534
0.529
0.524
0.521
0.527
0.519
0.523
0.532
0.519
0.529
0.526
0.53
0.533
0.524
0.53
0.528
0.531
0.529
0.528
0.529
0.524
0.52
0.523
0.52
0.513
0.521
0.522
0.521
0.519
0.519
0.52
0.522
0.526
0.527
0.529
0.531
0.536
0.537
0.538
0.54
0.541
0.54
0.54
0.542
0.544
0.55
0.545
0.548
0.548
0.538
0.543
0.544
0.536
0.542
0.537
0.535
0.536
0.532
0.531
0.531
0.532
0.532
0.526
0.532
0.532
0.531
0.534
0.535
0.528
0.531
0.531
0.529
0.53
0.529
0.534
0.53
0.526
0.53
0.527
0.524
0.525
0.521
0.519
0.524
0.52
0.514
0.513
0.516
0.517
0.521
0.517
0.517
0.517
0.52
0.513
0.515
0.516
0.515
0.52
0.514
0.521
0.521
0.514
0.515
0.516
0.507
0.514
0.513
0.514
0.511
0.518
0.509
0.511
0.516
0.512
0.508
0.508
0.513
0.517
0.517
0.521
0.52
0.527
0.527
0.532
0.537
0.531
0.541
0.541
0.542
0.53
0.536
0.537
0.536
0.539
0.53
0.538
0.537
0.542
0.536
0.542
0.549
0.556
0.555
0.556
0.563
0.557
0.548
0.554
0.549
0.549
0.546
0.549
0.547
0.551
0.543
0.55
0.547
0.55
0.553
0.545
0.551
0.548
0.555
0.542
0.548
0.544
0.551
0.539
0.546
0.539
0.541
0.536
0.537
0.538
0.537
0.531
0.535
0.539
0.534
0.531
0.532
0.535
0.532
0.531
0.522
0.521
0.533
0.533
0.545
0.532
0.538
0.543
0.534
0.539
0.532
0.528
0.528
0.528
0.52
0.524
0.521
0.517
0.521
0.522
0.517
0.525
0.521
0.53
0.528
0.529
0.533
0.53
0.531
0.533
0.525
0.532
0.532
0.531
0.529
0.53
0.54
0.539
0.543
0.539
0.55
0.546
0.547
0.552
0.542
0.55
0.547
0.546
0.536
0.537
0.543
0.536
0.541
0.546
0.548
0.548
0.545
0.539
0.543
0.54
0.533
0.537
0.532
0.535
0.53
0.531
0.536
0.532
0.534
0.531
0.533
0.53
0.53
0.531
0.523
0.527
0.528
0.532
0.525
0.525
0.525
0.523
0.521
0.521
0.522
0.512
0.515
0.514
0.512
0.517
0.517
0.521
0.511
0.518
0.512
0.516
0.516
0.515
0.512
0.514
0.517
0.513
0.51
0.507
0.519
0.509
0.514
0.508
0.51
0.511
0.518
0.509
0.52
0.518
0.52
0.512
0.524
0.518
0.522
0.519
0.52
0.519
0.517
0.521
0.525
0.519
0.528
0.526
0.521
0.528
0.53
0.529
0.531
0.529
0.528
0.535
0.539
0.545
0.533
0.537
0.537
0.53
0.532
0.527
0.528
0.53
0.522
0.525
0.536
0.537
0.539
0.543
0.542
0.543
0.539
0.543
0.532
0.532
0.534
0.525
0.527
0.526
0.518
0.522
0.524
0.521
0.521
0.525
0.526
0.522
0.529
0.528
0.525
0.526
0.531
0.525
0.527
0.526
0.53
0.527
0.534
0.529
0.537
0.541
0.536
0.544
0.544
0.545
0.547
0.547
0.54
0.541
0.539
0.545
0.543
0.546
0.547
0.545
0.551
0.548
0.56
0.554
0.558
0.565
0.558
0.563
0.563
0.557
0.557
0.563
0.555
0.561
0.553
0.562
0.561
0.555
0.56
0.549
0.547
0.542
0.536
0.534
0.535
0.537
0.527
0.535
0.531
0.538
0.531
0.536
0.541
0.541
0.54
0.539
0.541
0.533
0.541
0.537
0.533
0.534
0.537
0.532
0.533
0.532
0.535
0.534
0.538
0.54
0.532
0.537
0.533
0.546
0.539
0.541
0.533
0.537
0.539
0.532
0.538
0.53
0.524
0.533
0.536
0.532
0.532
0.536
0.539
0.536
0.538
0.549
0.542
0.541
0.536
0.541
0.538
0.536
0.533
0.533
0.536
0.533
0.534
0.535
0.527
0.534
0.534
0.531
0.526
0.53
0.532
0.53
0.527
0.527
0.531
0.525
0.522
0.521
0.52
0.527
0.528
0.531
0.536
0.531
0.527
0.526
0.526
0.525
0.519
0.524
0.52
0.521
0.523
0.529
0.534
0.533
0.533
0.542
0.537
0.548
0.54
0.545
0.542
0.543
0.539
0.533
0.531
0.531
0.531
0.518
0.523
0.521
0.517
0.516
0.521
0.513
0.521
0.519
0.511
0.519
0.515
0.521
0.513
0.521
0.52
0.519
0.522
0.526
0.517
0.527
0.52
0.519
0.521
0.521
0.517
0.52
0.516
0.517
0.52
0.519
0.515
0.52
0.518
0.522
0.521
0.521
0.529
0.524
0.53
0.529
0.529
0.533
0.537
0.53
0.539
0.539
0.534
0.529
0.535
0.53
0.531
0.526
0.532
0.53
0.533
0.527
0.538
0.531
0.529
0.529
0.532
0.531
0.531
0.531
0.539
0.527
0.533
0.533
0.527
0.537
0.544
0.535
0.541
0.543
0.539
0.538
0.537
0.538
0.538
0.536
0.538
0.536
0.532
0.537
0.532
0.533
0.532
0.537
0.533
0.535
0.534
0.534
0.534
0.536
0.524
0.533
0.539
0.53
0.533
0.537
0.538
0.551
0.558
0.56
0.567
0.559
0.566
0.565
0.568
0.567
0.565
0.578
0.587
0.597
0.595
0.605
0.609
0.608
0.602
0.595
0.577
0.594
0.616
0.624
0.632
0.638
0.663
0.65
0.652
0.643
0.643
0.651
0.655
0.653
0.652
0.657
0.66
0.669
0.653
0.658
0.668
0.668
0.651
0.648
0.654
0.657
0.665
0.657
0.654
0.656
0.66
0.657
0.656
0.67
0.673
0.67
0.694
0.681
0.672
0.679
0.683
0.673
0.684
0.698
0.694
0.685
0.685
0.693
0.684
0.686
