0.644
0.633
0.631
0.619
0.617
0.605
0.604
0.593
0.593
0.589
0.581
0.579
0.589
0.591
0.579
0.588
0.577
0.579
0.587
0.581
0.584
0.563
0.556
0.555
0.555
0.553
0.547
0.542
0.514
0.521
0.53
0.503
0.506
0.509
0.49
0.479
0.485
0.481
0.479
0.473
0.483
0.479
0.482
0.483
0.473
0.477
0.483
0.484
0.467
0.472
0.476
0.465
0.456
0.458
0.454
0.457
0.457
0.449
0.459
0.46
0.463
0.458
0.465
0.456
0.461
0.471
0.464
0.466
0.458
0.458
0.464
0.461
0.458
0.464
0.459
0.466
0.457
0.465
0.462
0.455
0.466
0.461
0.45
0.448
0.447
0.455
0.447
0.452
0.456
0.453
0.448
0.442
0.447
0.449
0.456
0.452
0.448
0.452
0.459
0.455
0.447
0.436
0.441
0.449
0.441
0.451
0.447
0.447
0.454
0.465
0.441
0.447
0.456
0.461
0.45
0.459
0.451
0.45
0.443
0.437
0.442
0.438
0.444
0.455
0.455
0.449
0.447
0.457
0.46
0.453
0.449
0.447
0.451
0.455
0.455
0.455
0.461
0.457
0.457
0.447
0.447
0.45
0.444
0.448
0.443
0.449
0.447
0.447
0.438
0.444
0.439
0.457
0.453
0.446
0.448
0.444
0.445
0.447
0.436
0.434
0.442
0.443
0.454
0.443
0.437
0.438
0.434
0.43
0.438
0.446
0.445
0.437
0.441
0.43
0.434
0.445
0.435
0.441
0.442
0.441
0.441
0.451
0.442
0.446
0.443
0.438
0.442
0.442
0.438
0.444
0.443
0.432
0.439
0.443
0.434
0.438
0.433
0.437
0.433
0.431
0.443
0.438
0.428
0.446
0.441
0.439
0.437
0.447
0.438
0.438
0.432
0.439
0.431
0.436
0.426
0.435
0.428
0.432
0.435
0.426
0.424
0.43
0.436
0.432
0.429
0.424
0.429
0.434
0.432
0.434
0.431
0.427
0.434
0.427
0.424
0.449
0.435
0.439
0.432
0.426
0.435
0.43
0.439
0.439
0.431
0.433
0.424
0.434
0.434
0.444
0.448
0.44
0.439
0.429
0.433
0.44
0.447
0.432
0.441
0.43
0.437
0.438
0.442
0.435
0.433
0.429
0.438
0.441
0.449
0.448
0.439
0.43
0.435
0.44
0.447
0.441
0.43
0.431
0.436
0.426
0.43
0.427
0.43
0.429
0.438
0.432
0.431
0.424
0.429
0.429
0.432
0.437
0.446
0.438
0.434
0.438
0.451
0.444
0.445
0.452
0.443
0.433
0.427
0.437
0.438
0.446
0.437
0.446
0.432
0.438
0.43
0.434
0.429
0.424
0.421
0.43
0.436
0.423
0.431
0.421
0.429
0.434
0.424
0.425
0.428
0.431
0.435
0.43
0.427
0.423
0.419
0.42
0.427
0.433
0.427
0.42
0.426
0.437
0.435
0.434
0.433
0.432
0.429
0.43
0.428
0.437
0.439
0.443
0.433
0.424
0.446
0.438
0.433
0.429
0.431
0.424
0.433
0.424
0.428
0.422
0.425
0.426
0.433
0.429
0.438
0.432
0.429
0.423
0.438
0.435
0.425
0.432
0.422
0.424
0.428
0.423
0.418
0.44
0.421
0.434
0.425
0.422
0.428
0.432
0.435
0.438
0.43
0.438
0.442
0.43
0.432
0.439
0.434
0.442
0.438
0.432
0.432
0.43
0.435
0.434
0.425
0.43
0.422
0.424
0.424
0.417
0.425
0.424
0.428
0.426
0.422
0.419
0.419
0.423
0.428
0.424
0.426
0.418
0.42
0.421
0.423
0.442
0.438
0.432
0.434
0.424
0.432
0.431
0.429
0.425
0.436
0.438
0.429
0.429
0.428
0.43
0.436
0.429
0.434
0.427
0.43
0.431
0.428
0.43
0.421
0.436
0.433
0.425
0.446
0.438
0.428
0.429
0.426
0.417
0.425
0.419
0.42
0.415
0.426
0.428
0.421
0.429
0.422
0.421
0.425
0.427
0.425
0.418
0.425
0.43
0.422
0.422
0.423
0.419
0.424
0.422
0.432
0.425
0.422
0.418
0.427
0.421
0.42
0.422
0.427
0.435
0.431
0.427
0.421
0.419
0.418
0.412
0.416
0.421
0.416
0.422
0.414
0.415
0.419
0.412
0.415
0.421
0.426
0.431
0.43
0.424
0.431
0.421
0.42
0.422
0.425
0.424
0.423
0.422
0.422
0.42
0.421
0.417
0.423
0.416
0.416
0.422
0.413
0.421
0.415
0.421
0.421
0.417
0.418
0.421
0.42
0.424
0.419
0.428
0.422
0.425
0.417
0.427
0.426
0.43
0.427
0.429
0.421
0.42
0.428
0.43
0.43
0.427
0.423
0.419
0.428
0.427
0.419
0.427
0.421
0.429
0.435
0.43
0.431
0.436
0.44
0.429
0.438
0.431
0.426
0.426
0.433
0.427
0.433
0.422
0.426
0.431
0.422
0.419
0.421
0.429
0.432
0.428
0.429
0.43
0.421
0.414
0.438
0.43
0.432
0.426
0.416
0.422
0.417
0.428
0.428
0.421
0.415
0.416
0.417
0.422
0.418
0.414
0.418
0.422
0.421
0.412
0.421
0.413
0.414
0.414
0.409
0.413
0.41
0.41
0.403
0.411
0.411
0.407
0.413
0.418
0.408
0.411
0.418
0.411
0.412
0.409
0.407
0.407
0.412
0.406
0.406
0.408
0.408
0.409
0.403
0.408
0.401
0.411
0.413
0.411
0.412
0.411
0.419
0.415
0.416
0.411
0.416
0.406
0.411
0.414
0.414
0.416
0.407
0.416
0.411
0.419
0.424
0.418
0.411
0.417
0.417
0.426
0.432
0.427
0.431
0.426
0.428
0.426
0.422
0.418
0.426
0.429
0.423
0.413
0.405
0.414
0.415
0.416
0.408
0.414
0.417
0.422
0.42
0.41
0.416
0.419
0.411
0.404
0.414
0.421
0.414
0.409
0.413
0.412
0.414
0.406
0.412
0.42
0.421
0.413
0.412
0.41
0.413
0.42
0.421
0.411
0.415
0.412
0.402
0.41
0.417
0.407
0.403
0.407
0.414
0.406
0.406
0.412
0.414
0.411
0.42
0.413
0.407
0.414
0.409
0.418
0.416
0.416
0.408
0.417
0.417
0.409
0.411
0.412
0.408
0.41
0.419
0.409
0.416
0.436
0.428
0.422
0.429
0.435
0.428
0.43
0.43
0.44
0.434
0.436
0.43
0.424
0.425
0.42
0.424
0.434
0.438
0.431
0.426
0.428
0.426
0.432
0.425
0.427
0.428
0.432
0.423
0.437
0.427
0.422
0.427
0.437
0.43
0.437
0.434
0.446
0.446
0.441
0.439
0.441
0.435
0.43
0.433
0.441
0.442
0.432
0.428
0.423
0.419
0.416
0.424
0.433
0.425
0.43
0.424
0.418
0.438
0.425
0.43
0.42
0.426
0.421
0.423
0.431
0.425
0.423
0.432
0.431
0.428
0.426
0.419
0.429
0.427
0.433
0.432
0.438
0.435
0.429
0.426
0.426
0.425
0.431
0.428
0.424
0.438
0.438
0.438
0.43
0.429
0.426
0.433
0.442
0.431
0.425
0.427
0.426
0.43
0.424
0.418
0.418
0.423
0.418
0.421
0.415
0.433
0.426
0.427
0.421
0.427
0.422
0.418
0.428
0.418
0.427
0.422
0.417
0.427
0.435
0.426
0.422
0.422
0.419
0.426
0.419
0.414
0.415
0.419
0.414
0.413
0.421
0.424
0.417
0.415
0.413
0.423
0.413
0.408
0.417
0.424
0.419
0.416
0.416
0.411
0.409
0.414
0.409
0.415
0.423
0.425
0.414
0.413
0.414
0.419
0.412
0.422
0.419
0.415
0.42
0.423
0.433
0.42
0.418
0.422
0.43
0.422
0.418
0.435
0.438
0.44
0.43
0.424
0.442
0.447
0.452
0.46
0.446
0.451
0.447
0.436
0.431
0.438
0.44
0.438
0.428
0.439
0.432
0.427
0.434
0.442
0.447
0.444
0.446
0.433
0.433
0.434
0.428
0.436
0.431
0.427
0.427
0.435
0.427
0.427
0.429
0.433
0.431
0.428
0.434
0.443
0.44
0.437
0.439
0.434
0.428
0.424
0.421
0.429
0.426
0.436
0.434
0.432
0.427
0.429
0.422
0.421
0.429
0.42
0.42
0.422
0.425
0.42
0.417
0.423
0.416
0.42
0.415
0.416
0.426
0.424
0.418
0.42
0.412
0.41
0.413
0.417
0.414
0.42
0.418
0.412
0.408
0.416
0.416
0.411
0.415
0.409
0.412
0.416
0.409
0.405
0.409
0.404
0.412
0.41
0.406
0.406
0.402
0.408
0.414
0.413
0.406
0.4
0.407
0.412
0.406
0.403
0.403
0.407
0.401
0.406
0.406
0.404
0.401
0.404
0.401
0.405
0.4
0.409
0.403
0.397
0.403
0.403
0.399
0.405
0.403
0.406
0.405
0.411
0.403
0.409
0.403
0.409
0.413
0.418
0.405
0.414
0.408
0.408
0.418
0.417
0.41
0.416
0.417
0.411
0.42
0.427
0.417
0.422
0.418
0.421
0.416
0.425
0.433
0.427
0.437
0.425
0.418
0.423
0.418
0.417
0.426
0.423
0.429
0.42
0.425
0.429
0.422
0.429
0.424
0.42
0.418
0.426
0.421
0.422
0.431
0.425
0.419
0.422
0.423
0.429
0.42
0.426
0.433
0.432
0.436
0.428
0.426
0.426
0.421
0.429
0.427
0.426
0.42
0.421
0.43
0.427
0.424
0.428
0.435
0.429
0.431
0.429
0.422
0.418
0.425
0.426
0.424
0.431
0.436
0.435
0.425
0.435
0.425
0.421
0.423
0.432
0.438
0.429
0.429
0.43
0.427
0.426
0.431
0.431
0.432
0.437
0.437
0.43
0.424
0.432
0.429
0.435
0.428
0.434
0.428
0.436
0.441
0.433
0.431
0.426
0.44
0.437
0.434
0.431
0.44
0.432
0.436
0.426
0.438
0.431
0.429
0.438
0.435
0.435
0.44
0.444
0.435
0.431
0.431
0.446
0.436
0.429
0.433
0.437
0.431
0.431
0.435
0.431
0.437
0.435
0.445
0.437
0.445
0.438
0.44
0.432
0.433
0.431
0.43
0.434
0.435
0.435
0.431
0.439
0.447
0.439
0.442
0.438
0.43
0.438
0.445
0.433
0.427
0.424
0.432
0.438
0.43
0.429
0.423
0.425
0.425
0.428
0.434
0.428
0.431
0.43
0.435
0.43
0.434
0.427
0.428
0.423
0.43
0.438
0.428
0.421
0.425
0.428
0.436
0.426
0.436
0.429
0.423
0.429
0.43
0.42
0.429
0.419
0.413
0.416
0.407
0.409
0.411
0.415
0.414
0.413
0.417
0.418
0.407
0.411
0.413
0.416
0.403
0.407
0.401
0.401
0.403
0.401
0.406
0.404
0.4
0.407
0.407
0.403
0.397
0.405
0.401
0.398
0.399
0.408
0.404
0.408
0.417
0.41
0.406
0.416
0.419
0.41
0.419
0.412
0.419
0.426
0.418
0.412
0.42
0.416
0.421
0.415
0.414
0.423
0.416
0.418
0.417
0.427
0.417
0.416
0.414
0.425
0.427
0.42
0.421
0.418
0.433
0.432
0.424
0.424
0.434
0.439
0.427
0.434
0.432
0.424
0.433
0.435
0.443
0.431
0.429
0.427
0.423
0.432
0.426
0.419
0.437
0.437
0.443
0.448
0.441
0.433
0.437
0.43
0.434
0.437
0.439
0.432
0.44
0.449
0.444
0.443
0.45
0.44
0.437
0.446
0.453
0.444
0.44
0.448
0.437
0.447
0.458
0.451
0.452
0.443
0.438
0.448
0.456
0.446
0.437
0.447
0.442
0.445
0.455
0.456
0.446
0.446
0.442
0.444
0.454
0.451
0.442
0.446
0.441
0.44
0.453
0.442
0.445
0.449
0.441
0.447
0.451
0.444
0.444
0.452
0.449
0.444
0.444
0.455
0.449
0.442
0.442
0.434
0.439
0.432
0.438
0.433
0.429
0.431
0.438
0.43
0.431
0.436
0.431
0.432
0.436
0.431
0.435
0.43
0.435
0.438
0.448
0.439
0.438
0.438
0.436
0.429
0.435
0.44
0.444
0.428
0.432
0.44
0.43
0.439
0.438
0.431
0.427
0.427
0.437
0.435
0.428
0.426
0.426
0.433
0.431
0.426
0.426
0.426
0.419
0.427
0.419
0.423
0.42
0.416
0.413
0.422
0.413
0.418
0.415
0.42
0.417
0.417
0.412
0.42
0.428
0.42
0.42
0.421
0.411
0.413
0.414
0.414
0.413
0.418
0.41
0.416
0.423
0.418
0.413
0.432
0.422
0.418
0.427
0.426
0.428
0.437
0.427
0.42
0.425
0.421
0.431
0.421
0.426
0.42
0.416
0.42
0.415
0.419
0.415
0.418
0.423
0.422
0.414
0.419
0.411
0.421
0.415
0.416
0.409
0.414
0.42
0.417
0.419
0.416
0.41
0.416
0.419
0.425
0.418
0.408
0.416
0.415
0.411
0.411
0.413
0.412
0.422
0.414
0.41
0.413
0.41
0.409
0.407
0.415
0.417
0.42
0.41
0.415
0.412
0.411
0.408
0.412
0.415
0.42
0.413
0.403
0.406
0.412
0.421
0.414
0.412
0.409
0.414
0.416
0.421
0.415
0.409
0.419
0.416
0.413
0.421
0.418
0.416
0.412
0.419
0.423
0.416
0.417
0.409
0.418
0.413
0.422
0.416
0.424
0.42
0.415
0.408
0.416
0.414
0.416
0.407
0.413
0.408
0.406
0.411
0.411
0.417
0.415
0.416
0.418
0.408
0.41
0.411
0.413
0.412
0.42
0.412
0.412
0.406
0.415
0.413
0.41
0.415
0.411
0.405
0.412
0.407
0.412
0.42
0.412
0.412
0.406
0.416
0.408
0.409
0.413
0.405
0.407
0.413
0.417
0.424
0.416
0.411
0.42
0.424
0.419
0.42
0.411
0.421
0.412
0.417
0.421
0.416
0.426
0.43
0.417
0.424
0.421
0.417
0.416
0.417
0.417
0.412
0.414
0.42
0.41
0.415
0.419
0.417
0.412
0.422
0.421
0.423
0.43
0.422
0.426
0.417
0.415
0.418
0.418
0.417
0.423
0.427
0.427
0.415
0.412
0.419
0.422
0.413
0.422
0.426
0.416
0.415
0.419
0.423
0.423
0.419
0.411
0.419
0.426
0.422
0.421
0.415
0.428
0.431
0.426
0.427
0.422
0.423
0.438
0.432
0.428
0.42
0.427
0.426
0.42
0.424
0.427
0.423
0.432
0.429
0.436
0.426
0.426
0.436
0.427
0.435
0.434
0.439
0.436
0.445
0.441
0.44
0.449
0.448
0.448
0.439
0.446
0.435
0.457
0.447
0.456
0.45
0.44
0.445
0.455
0.45
0.45
0.443
0.454
0.457
0.447
0.442
0.443
0.449
0.451
0.446
0.445
0.438
0.436
0.441
0.433
0.438
0.444
0.446
0.441
0.436
0.438
0.433
0.439
0.441
0.446
0.437
0.434
0.436
0.436
0.434
0.442
0.446
0.448
0.445
0.441
0.436
0.432
0.436
0.434
0.433
0.437
0.433
0.438
0.438
0.446
0.446
0.439
0.436
0.439
0.444
0.447
0.45
0.446
0.438
0.442
0.447
0.448
0.438
0.439
0.436
0.44
0.436
0.442
0.437
0.445
0.451
0.451
0.448
0.439
0.447
0.442
0.439
0.444
0.452
0.439
0.44
0.431
0.441
0.43
0.437
0.445
0.441
0.433
0.428
0.434
0.431
0.433
0.438
0.43
0.437
0.439
0.431
0.425
0.427
0.422
0.421
0.426
0.42
0.43
0.422
0.426
0.43
0.42
0.427
0.431
0.425
0.418
0.417
0.419
0.421
0.43
0.418
0.414
0.422
0.418
0.415
0.412
0.422
0.415
0.414
0.422
0.415
0.425
0.427
0.418
0.423
0.41
0.416
0.412
0.421
0.418
0.425
0.421
0.411
0.417
0.417
0.411
0.418
0.418
0.427
0.427
0.427
0.426
0.423
0.42
0.43
0.432
0.43
0.423
0.43
0.426
0.433
0.431
0.435
0.425
0.422
0.427
0.432
0.437
0.43
0.439
0.434
0.427
0.434
0.434
0.444
0.443
0.436
0.439
0.438
0.434
0.435
0.432
0.438
0.437
0.43
0.43
0.427
0.422
0.422
0.428
0.423
0.424
0.421
0.431
0.421
0.42
0.422
0.422
0.43
0.425
0.427
0.427
0.417
0.42
0.422
0.432
0.423
0.416
0.42
0.416
0.42
0.419
0.419
0.425
0.426
0.43
0.427
0.426
0.421
0.419
0.418
0.417
0.427
0.428
0.429
0.419
0.417
0.427
0.424
0.422
0.42
0.429
0.433
0.424
0.428
0.427
0.421
0.426
0.418
0.422
0.428
0.421
0.429
0.434
0.424
0.414
0.421
0.429
0.427
0.426
0.428
0.421
0.427
0.421
0.42
0.417
0.412
0.419
0.412
0.415
0.416
0.413
0.413
0.415
0.425
0.416
0.416
0.414
0.421
0.418
0.411
0.412
0.408
0.414
0.405
0.417
0.417
0.415
0.411
0.416
0.414
0.424
0.416
0.421
0.415
0.409
0.411
0.408
0.416
0.42
0.418
0.41
0.407
0.417
0.423
0.414
0.42
0.419
0.41
0.415
0.418
0.414
0.408
0.413
0.409
0.415
0.404
0.413
0.404
0.411
0.404
0.402
0.409
0.414
0.409
0.408
0.41
0.411
0.411
0.418
0.409
0.41
0.414
0.406
0.412
0.41
0.418
0.416
0.412
0.421
0.419
0.416
0.422
0.414
0.416
0.413
0.417
0.417
0.426
0.419
0.424
0.417
0.423
0.431
0.422
0.413
0.418
0.422
0.412
0.417
0.418
0.411
0.415
0.423
0.414
0.422
0.429
0.422
0.417
0.424
0.43
0.427
0.42
0.426
0.419
0.414
0.418
0.426
0.422
0.415
0.424
0.429
0.422
0.419
0.415
0.422
0.425
0.426
0.417
0.419
0.417
0.415
0.424
0.414
0.423
0.418
0.417
0.427
0.429
0.42
0.417
0.421
0.426
0.419
0.426
0.423
0.431
0.427
0.422
0.427
0.422
0.423
0.429
0.427
0.42
0.425
0.422
0.429
0.424
0.417
0.419
0.424
0.418
0.416
0.423
0.416
0.425
0.417
0.417
0.419
0.424
0.423
0.419
0.428
0.433
0.426
0.428
0.429
0.421
0.418
0.421
0.425
0.426
0.429
0.424
0.423
0.432
0.423
0.421
0.424
0.417
0.426
0.425
0.434
0.424
0.42
0.429
0.431
0.427
0.417
0.424
0.424
0.417
0.427
0.427
0.427
0.42
0.415
0.421
0.417
0.427
0.42
0.416
0.412
0.408
0.407
0.412
0.416
0.417
0.41
0.409
0.411
0.413
0.409
0.415
0.413
0.408
0.411
0.412
0.406
0.406
0.411
0.419
0.41
0.411
0.418
0.42
0.416
0.407
0.407
0.417
0.426
0.42
0.411
0.412
0.411
0.414
0.41
0.418
0.416
0.424
0.408
0.418
0.423
0.414
0.414
0.416
0.417
0.412
0.411
0.415
0.416
0.421
0.413
0.412
0.415
0.408
0.415
0.412
0.42
0.42
0.422
0.412
0.409
0.415
0.408
0.418
0.42
0.415
0.408
0.415
0.417
0.412
0.417
0.418
0.421
0.414
0.411
0.419
0.411
0.419
0.411
0.415
0.425
0.419
0.424
0.42
0.421
0.429
0.419
0.429
0.422
0.416
0.418
0.423
0.427
0.43
0.42
0.415
0.424
0.421
0.425
0.415
0.407
0.416
0.41
0.411
0.415
0.417
0.409
0.409
0.413
0.406
0.414
0.418
0.408
0.405
0.412
0.413
0.413
0.412
0.415
0.407
0.405
0.413
0.409
0.408
0.402
0.409
0.404
0.409
0.411
0.406
0.403
0.411
0.404
0.411
0.408
0.407
0.405
0.41
0.408
0.404
0.403
0.412
0.408
0.398
0.403
0.409
0.399
0.403
0.401
0.402
0.4
0.401
0.402
0.407
0.406
0.412
0.406
0.4
0.403
0.407
0.414
0.41
0.406
0.406
0.402
0.408
0.412
0.409
0.404
0.401
0.411
0.403
0.407
0.404
0.413
0.409
0.409
0.404
0.405
0.405
0.414
0.416
0.41
0.402
0.406
0.407
0.416
0.415
0.416
0.412
0.408
0.415
0.42
0.411
0.414
0.423
0.42
0.412
0.405
0.419
0.413
0.416
0.426
0.416
0.425
0.426
0.419
0.424
0.43
0.428
0.429
0.435
0.438
0.435
0.438
0.431
0.421
0.429
0.431
0.431
0.436
0.434
0.434
0.43
0.436
0.438
0.435
0.435
0.433
0.442
0.441
0.432
0.439
0.447
0.428
0.427
0.436
0.444
0.434
0.43
0.426
0.426
0.417
0.427
0.42
0.418
0.424
0.421
0.429
0.43
0.426
0.417
0.423
0.424
0.414
0.417
0.423
0.419
0.424
0.414
0.421
0.419
0.423
0.418
0.423
0.416
0.426
0.42
0.42
0.415
0.421
0.424
0.427
0.424
0.424
0.426
0.417
0.421
0.427
0.429
0.429
0.429
0.429
0.425
0.421
0.42
0.413
0.428
0.422
0.417
0.427
0.424
0.42
0.423
0.427
0.424
0.427
0.424
0.428
0.427
0.425
0.433
0.43
0.438
0.429
0.423
0.43
0.431
0.439
0.437
0.441
0.43
0.432
0.442
0.438
0.438
0.434
0.433
0.438
0.428
0.431
0.428
0.422
0.422
0.432
0.434
0.411
0.416
0.413
0.419
0.411
0.426
0.423
0.416
0.415
0.418
0.418
0.418
0.421
0.424
0.429
0.421
0.416
0.423
0.418
0.416
0.42
0.419
0.414
0.419
0.42
0.417
0.412
0.415
0.421
0.418
0.41
0.418
0.411
0.413
0.419
0.416
0.407
0.413
0.412
0.42
0.41
0.421
0.421
0.422
0.421
0.428
0.422
0.423
0.429
0.426
0.43
0.43
0.429
0.437
0.432
0.437
0.438
0.453
0.459
0.455
0.463
0.46
