0.653
0.659
0.654
0.653
0.616
0.616
0.607
0.606
0.604
0.602
0.592
0.598
0.588
0.6
0.578
0.583
0.573
0.542
0.513
0.465
0.475
0.483
0.471
0.46
0.455
0.458
0.452
0.449
0.449
0.441
0.438
0.438
0.431
0.434
0.437
0.438
0.43
0.431
0.441
0.438
0.441
0.449
0.447
0.438
0.442
0.431
0.434
0.449
0.438
0.43
0.438
0.44
0.43
0.434
0.436
0.433
0.432
0.429
0.434
0.435
0.426
0.428
0.436
0.445
0.425
0.426
0.433
0.44
0.432
0.42
0.428
0.433
0.438
0.438
0.444
0.453
0.449
0.441
0.444
0.442
0.437
0.438
0.441
0.434
0.431
0.435
0.439
0.439
0.44
0.424
0.431
0.425
0.442
0.436
0.433
0.439
0.447
0.446
0.428
0.435
0.445
0.436
0.438
0.441
0.438
0.432
0.43
0.432
0.427
0.436
0.439
0.442
0.436
0.429
0.419
0.427
0.433
0.436
0.439
0.438
0.438
0.446
0.433
0.414
0.421
0.418
0.423
0.425
0.426
0.417
0.425
0.433
0.427
0.421
0.425
0.417
0.418
0.433
0.43
0.426
0.439
0.436
0.429
0.42
0.429
0.427
0.434
0.426
0.421
0.426
0.427
0.419
0.419
0.426
0.424
0.427
0.421
0.418
0.426
0.423
0.415
0.432
0.436
0.415
0.422
0.425
0.418
0.428
0.423
0.444
0.433
0.438
0.434
0.434
0.435
0.435
0.426
0.43
0.438
0.42
0.426
0.434
0.42
0.426
0.427
0.418
0.408
0.426
0.424
0.42
0.415
0.423
0.416
0.422
0.426
0.418
0.425
0.435
0.422
0.432
0.435
0.415
0.425
0.424
0.425
0.429
0.438
0.436
0.421
0.424
0.431
0.431
0.421
0.42
0.425
0.428
0.428
0.421
0.424
0.418
0.423
0.428
0.432
0.414
0.417
0.425
0.415
0.409
0.433
0.427
0.417
0.414
0.423
0.42
0.423
0.427
0.422
0.431
0.423
0.419
0.417
0.426
0.421
0.42
0.411
0.418
0.428
0.425
0.416
0.416
0.412
0.424
0.406
0.423
0.419
0.411
0.414
0.416
0.42
0.427
0.415
0.424
0.43
0.421
0.417
0.42
0.424
0.434
0.423
0.413
0.425
0.415
0.417
0.422
0.422
0.412
0.418
0.427
0.429
0.432
0.408
0.433
0.417
0.427
0.418
0.424
0.43
0.422
0.418
0.413
0.427
0.423
0.438
0.428
0.436
0.444
0.437
0.438
0.443
0.446
0.435
0.44
0.448
0.426
0.433
0.437
0.427
0.419
0.418
0.424
0.42
0.41
0.43
0.428
0.426
0.419
0.428
0.428
0.425
0.419
0.417
0.411
0.416
0.42
0.42
0.42
0.42
0.423
0.416
0.416
0.414
0.409
0.419
0.422
0.424
0.416
0.415
0.425
0.429
0.422
0.421
0.418
0.434
0.421
0.431
0.435
0.433
0.428
0.431
0.435
0.438
0.425
0.423
0.428
0.418
0.423
0.418
0.429
0.419
0.422
0.414
0.417
0.424
0.416
0.42
0.424
0.42
0.417
0.416
0.41
0.423
0.421
0.413
0.405
0.428
0.428
0.413
0.408
0.415
0.43
0.433
0.432
0.423
0.42
0.422
0.421
0.435
0.424
0.429
0.426
0.428
0.427
0.432
0.427
0.432
0.438
0.42
0.412
0.417
0.419
0.413
0.434
0.411
0.418
0.416
0.422
0.427
0.42
0.415
0.422
0.415
0.417
0.419
0.41
0.417
0.423
0.416
0.421
0.422
0.429
0.433
0.412
0.412
0.42
0.418
0.416
0.426
0.418
0.415
0.425
0.43
0.419
0.431
0.423
0.416
0.425
0.42
0.416
0.42
0.422
0.424
0.43
0.42
0.411
0.417
0.436
0.428
0.427
0.432
0.432
0.436
0.435
0.427
0.44
0.441
0.437
0.429
0.431
0.433
0.436
0.426
0.434
0.436
0.435
0.432
0.431
0.423
0.429
0.429
0.429
0.433
0.423
0.422
0.427
0.432
0.43
0.422
0.426
0.43
0.438
0.43
0.428
0.419
0.426
0.42
0.423
0.433
0.426
0.432
0.432
0.423
0.421
0.423
0.426
0.436
0.409
0.421
0.426
0.411
0.418
0.409
0.41
0.419
0.409
0.406
0.415
0.406
0.405
0.404
0.398
0.404
0.409
0.415
0.408
0.4
0.397
0.4
0.408
0.414
0.412
0.412
0.408
0.406
0.411
0.409
0.413
0.405
0.411
0.401
0.396
0.407
0.401
0.401
0.405
0.414
0.408
0.406
0.401
0.406
0.415
0.413
0.419
0.415
0.413
0.408
0.417
0.413
0.411
0.405
0.395
0.401
0.405
0.396
0.41
0.408
0.409
0.416
0.421
0.426
0.435
0.429
0.421
0.428
0.421
0.42
0.434
0.438
0.439
0.439
0.438
0.436
0.438
0.43
0.43
0.434
0.435
0.437
0.447
0.44
0.445
0.438
0.433
0.423
0.436
0.428
0.431
0.422
0.426
0.436
0.424
0.429
0.43
0.44
0.432
0.441
0.432
0.423
0.421
0.429
0.439
0.426
0.436
0.44
0.418
0.425
0.424
0.446
0.438
0.421
0.428
0.428
0.421
0.421
0.43
0.425
0.423
0.426
0.417
0.433
0.441
0.443
0.44
0.435
0.43
0.427
0.43
0.432
0.426
0.432
0.434
0.438
0.435
0.43
0.438
0.428
0.43
0.435
0.427
0.435
0.435
0.439
0.431
0.437
0.439
0.44
0.449
0.456
0.447
0.441
0.452
0.441
0.438
0.432
0.438
0.438
0.431
0.432
0.432
0.429
0.432
0.435
0.433
0.429
0.435
0.441
0.438
0.437
0.446
0.435
0.444
0.441
0.435
0.43
0.432
0.429
0.437
0.444
0.446
0.437
0.431
0.44
0.438
0.439
0.437
0.445
0.436
0.436
0.433
0.437
0.435
0.429
0.429
0.442
0.431
0.434
0.445
0.437
0.442
0.452
0.438
0.44
0.435
0.437
0.442
0.451
0.435
0.436
0.438
0.443
0.446
0.438
0.429
0.436
0.439
0.437
0.434
0.437
0.441
0.43
0.437
0.443
0.45
0.45
0.444
0.446
0.45
0.446
0.446
0.441
0.446
0.441
0.444
0.445
0.442
0.447
0.455
0.451
0.441
0.438
0.44
0.445
0.443
0.436
0.431
0.448
0.444
0.437
0.44
0.436
0.442
0.45
0.444
0.438
0.448
0.445
0.447
0.458
0.448
0.446
0.436
0.442
0.445
0.447
0.449
0.45
0.453
0.435
0.438
0.436
0.441
0.44
0.438
0.443
0.439
0.431
0.441
0.437
0.433
0.425
0.426
0.427
0.434
0.432
0.433
0.424
0.429
0.43
0.424
0.436
0.427
0.421
0.427
0.433
0.427
0.434
0.443
0.431
0.424
0.419
0.426
0.426
0.416
0.427
0.417
0.424
0.427
0.425
0.424
0.419
0.423
0.428
0.419
0.422
0.417
0.424
0.423
0.421
0.421
0.414
0.416
0.416
0.413
0.42
0.418
0.419
0.421
0.417
0.415
0.416
0.415
0.406
0.419
0.419
0.417
0.421
0.427
0.419
0.419
0.422
0.424
0.415
0.408
0.408
0.411
0.416
0.422
0.422
0.42
0.421
0.427
0.417
0.427
0.432
0.417
0.425
0.415
0.414
0.42
0.418
0.423
0.426
0.412
0.42
0.42
0.42
0.415
0.415
0.411
0.424
0.427
0.424
0.422
0.419
0.421
0.415
0.42
0.423
0.426
0.421
0.417
0.435
0.425
0.426
0.434
0.411
0.424
0.422
0.425
0.43
0.431
0.427
0.426
0.428
0.419
0.421
0.426
0.435
0.426
0.43
0.432
0.437
0.433
0.425
0.442
0.434
0.435
0.426
0.434
0.438
0.428
0.43
0.434
0.438
0.435
0.442
0.431
0.438
0.446
0.424
0.429
0.421
0.421
0.413
0.423
0.431
0.427
0.42
0.422
0.415
0.423
0.426
0.427
0.425
0.429
0.41
0.41
0.418
0.418
0.41
0.418
0.408
0.41
0.415
0.412
0.416
0.41
0.407
0.408
0.411
0.405
0.405
0.422
0.414
0.418
0.416
0.411
0.422
0.423
0.414
0.424
0.43
0.432
0.41
0.429
0.437
0.438
0.422
0.427
0.426
0.435
0.427
0.431
0.432
0.422
0.428
0.437
0.433
0.431
0.44
0.443
0.434
0.426
0.426
0.427
0.428
0.431
0.438
0.446
0.428
0.437
0.431
0.437
0.427
0.436
0.445
0.437
0.434
0.439
0.441
0.431
0.422
0.441
0.439
0.431
0.434
0.435
0.439
0.428
0.435
0.433
0.426
0.429
0.431
0.427
0.426
0.428
0.424
0.424
0.42
0.427
0.423
0.418
0.418
0.424
0.432
0.439
0.431
0.427
0.433
0.436
0.439
0.422
0.431
0.438
0.434
0.424
0.425
0.432
0.44
0.43
0.421
0.418
0.425
0.416
0.407
0.416
0.415
0.406
0.412
0.4
0.406
0.414
0.403
0.396
0.404
0.41
0.419
0.409
0.407
0.413
0.423
0.423
0.425
0.418
0.419
0.412
0.414
0.412
0.416
0.422
0.414
0.408
0.421
0.431
0.425
0.425
0.424
0.415
0.416
0.425
0.426
0.422
0.414
0.425
0.429
0.42
0.429
0.428
0.42
0.434
0.431
0.423
0.426
0.431
0.434
0.437
0.438
0.428
0.436
0.438
0.431
0.439
0.449
0.442
0.441
0.434
0.426
0.447
0.44
0.45
0.453
0.442
0.444
0.441
0.446
0.45
0.44
0.453
0.459
0.457
0.454
0.446
0.444
0.455
0.462
0.448
0.456
0.46
0.459
0.468
0.478
0.462
0.451
0.447
0.451
0.457
0.466
0.454
0.444
0.447
0.442
0.45
0.453
0.435
0.44
0.445
0.445
0.439
0.443
0.447
0.449
0.449
0.439
0.442
0.434
0.438
0.435
0.425
0.435
0.429
0.434
0.426
0.434
0.431
0.427
0.419
0.425
0.431
0.426
0.434
0.438
0.429
0.427
0.426
0.418
0.42
0.419
0.426
0.418
0.411
0.417
0.421
0.414
0.42
0.418
0.423
0.428
0.418
0.414
0.419
0.429
0.425
0.425
0.415
0.422
0.418
0.408
0.416
0.418
0.42
0.424
0.427
0.424
0.419
0.412
0.422
0.421
0.422
0.423
0.413
0.407
0.42
0.423
0.421
0.413
0.403
0.406
0.414
0.421
0.429
0.417
0.418
0.416
0.422
0.426
0.417
0.407
0.428
0.419
0.416
0.41
0.413
0.408
0.415
0.417
0.421
0.405
0.408
0.414
0.414
0.409
0.414
0.404
0.404
0.41
0.412
0.414
0.415
0.407
0.406
0.409
0.411
0.412
0.417
0.415
0.421
0.411
0.434
0.426
0.425
0.425
0.435
0.426
0.429
0.425
0.431
0.438
0.424
0.434
0.438
0.43
0.43
0.44
0.424
0.414
0.429
0.434
0.408
0.425
0.418
0.417
0.424
0.429
0.422
0.419
0.422
0.432
0.412
0.419
0.41
0.414
0.42
0.41
0.419
0.417
0.424
0.419
0.421
0.425
0.422
0.413
0.423
0.42
0.41
0.421
0.415
0.415
0.42
0.41
0.418
0.419
0.424
0.428
0.419
0.428
0.407
0.427
0.432
0.417
0.422
0.425
0.421
0.413
0.418
0.419
0.417
0.412
0.418
0.409
0.413
0.419
0.425
0.423
0.422
0.413
0.412
0.417
0.413
0.419
0.42
0.415
0.41
0.43
0.422
0.419
0.424
0.428
0.428
0.438
0.424
0.416
0.419
0.412
0.416
0.418
0.413
0.411
0.419
0.428
0.423
0.421
0.415
0.41
0.42
0.413
0.411
0.419
0.416
0.413
0.411
0.42
0.428
0.42
0.419
0.418
0.412
0.414
0.413
0.424
0.417
0.417
0.41
0.415
0.421
0.424
0.415
0.44
0.438
0.443
0.44
0.43
0.437
0.431
0.439
0.438
0.439
0.443
0.422
0.431
0.424
0.442
0.437
0.438
0.445
0.443
0.442
0.439
0.438
0.438
0.438
0.434
0.441
0.447
0.441
0.431
0.435
0.434
0.438
0.444
0.435
0.439
0.435
0.438
0.429
0.438
0.436
0.442
0.446
0.441
0.448
0.447
0.438
0.439
0.444
0.443
0.448
0.437
0.436
0.436
0.442
0.432
0.441
0.439
0.442
0.435
0.429
0.435
0.442
0.431
0.44
0.44
0.432
0.431
0.422
0.428
0.432
0.44
0.431
0.429
0.427
0.429
0.423
0.429
0.422
0.424
0.42
0.436
0.428
0.421
0.427
0.426
0.433
0.427
0.428
0.423
0.423
0.425
0.431
0.433
0.428
0.424
0.429
0.433
0.435
0.435
0.438
0.439
0.427
0.429
0.43
0.428
0.438
0.443
0.436
0.428
0.431
0.436
0.438
0.431
0.438
0.431
0.439
0.445
0.442
0.433
0.438
0.428
0.437
0.438
0.44
0.444
0.431
0.438
0.436
0.429
0.421
0.431
0.435
0.438
0.438
0.436
0.437
0.438
0.441
0.433
0.424
0.431
0.429
0.435
0.43
0.434
0.424
0.419
0.423
0.433
0.425
0.426
0.433
0.424
0.417
0.422
0.426
0.427
0.431
0.435
0.423
0.428
0.428
0.428
0.419
0.414
0.417
0.425
0.434
0.424
0.425
0.431
0.435
0.425
0.422
0.423
0.421
0.42
0.423
0.427
0.42
0.418
0.423
0.416
0.418
0.412
0.422
0.43
0.425
0.421
0.422
0.426
0.419
0.411
0.43
0.432
0.428
0.433
0.435
0.427
0.424
0.438
0.437
0.44
0.444
0.432
0.435
0.431
0.432
0.434
0.43
0.434
0.442
0.452
0.435
0.443
0.445
0.434
0.434
0.434
0.438
0.436
0.439
0.44
0.431
0.435
0.433
0.441
0.43
0.436
0.434
0.44
0.436
0.431
0.433
0.428
0.433
0.427
0.433
0.434
0.434
0.444
0.434
0.424
0.426
0.431
0.422
0.413
0.42
0.428
0.424
0.427
0.42
0.427
0.429
0.423
0.433
0.434
0.43
0.434
0.426
0.422
0.427
0.431
0.429
0.435
0.439
0.43
0.432
0.433
0.43
0.437
0.428
0.431
0.441
0.44
0.436
0.436
0.42
0.432
0.436
0.432
0.436
0.432
0.423
0.425
0.417
0.428
0.424
0.431
0.421
0.419
0.421
0.423
0.428
0.418
0.418
0.425
0.42
0.421
0.412
0.421
0.424
0.426
0.419
0.428
0.428
0.427
0.427
0.418
0.42
0.414
0.426
0.422
0.426
0.422
0.421
0.427
0.426
0.424
0.433
0.426
0.417
0.427
0.42
0.425
0.423
0.422
0.428
0.421
0.425
0.419
0.424
0.421
0.428
0.418
0.426
0.424
0.415
0.412
0.408
0.416
0.411
0.421
0.421
0.422
0.426
0.431
0.426
0.415
0.424
0.423
0.422
0.42
0.414
0.406
0.415
0.425
0.42
0.41
0.411
0.415
0.416
0.412
0.408
0.408
0.411
0.421
0.412
0.406
0.403
0.41
0.407
0.416
0.408
0.409
0.409
0.418
0.414
0.423
0.415
0.413
0.413
0.419
0.412
0.419
0.417
0.415
0.413
0.415
0.406
0.396
0.41
0.405
0.411
0.404
0.409
0.416
0.41
0.408
0.412
0.408
0.415
0.422
0.418
0.411
0.415
0.409
0.416
0.412
0.415
0.417
0.407
0.406
0.415
0.424
0.415
0.415
0.416
0.41
0.412
0.406
0.418
0.421
0.431
0.413
0.417
0.41
0.419
0.412
0.417
0.414
0.419
0.414
0.412
0.421
0.419
0.429
0.426
0.428
0.433
0.431
0.43
0.428
0.431
0.428
0.418
0.419
0.426
0.426
0.419
0.426
0.433
0.431
0.433
0.437
0.428
0.429
0.432
0.427
0.433
0.43
0.426
0.432
0.431
0.432
0.436
0.444
0.436
0.442
0.434
0.431
0.434
0.439
0.417
0.439
0.438
0.431
0.424
0.431
0.428
0.42
0.426
0.419
0.426
0.431
0.427
0.426
0.429
0.425
0.43
0.438
0.436
0.426
0.425
0.427
0.419
0.424
0.434
0.42
0.423
0.426
0.429
0.427
0.424
0.422
0.42
0.418
0.42
0.426
0.417
0.415
0.42
0.427
0.429
0.431
0.419
0.425
0.42
0.411
0.431
0.412
0.422
0.421
0.423
0.423
0.416
0.407
0.416
0.424
0.424
0.415
0.408
0.418
0.418
0.428
0.407
0.415
0.408
0.432
0.414
0.423
0.425
0.415
0.412
0.416
0.419
0.421
0.42
0.428
0.422
0.425
0.415
0.418
0.418
0.425
0.417
0.418
0.41
0.414
0.423
0.423
0.423
0.418
0.413
0.423
0.416
0.421
0.42
0.406
0.413
0.406
0.398
0.405
0.414
0.406
0.403
0.406
0.416
0.408
0.411
0.418
0.414
0.423
0.417
0.42
0.423
0.426
0.422
0.421
0.425
0.422
0.426
0.417
0.419
0.42
0.428
0.425
0.432
0.432
0.43
0.438
0.439
0.447
0.442
0.435
0.444
0.438
0.438
0.446
0.442
0.448
0.443
0.458
0.458
0.459
0.466
0.471
0.473
0.465
0.471
0.524
0.521
0.511
0.539
0.542
0.5
0.497
0.527
0.521
0.511
0.514
0.507
0.5
0.522
0.567
0.578
0.583
0.573
