0.462
0.465
0.456
0.458
0.45
0.441
0.451
0.445
0.438
0.457
0.453
0.453
0.444
0.452
0.453
0.446
0.457
0.458
0.461
0.446
0.443
0.444
0.438
0.436
0.434
0.437
0.432
0.442
0.46
0.444
0.449
0.438
0.444
0.437
0.438
0.438
0.436
0.443
0.438
0.448
0.44
0.447
0.443
0.436
0.434
0.438
0.428
0.438
0.446
0.433
0.427
0.435
0.43
0.444
0.453
0.439
0.445
0.444
0.432
0.436
0.441
0.45
0.438
0.439
0.431
0.439
0.436
0.438
0.431
0.438
0.432
0.441
0.438
0.43
0.427
0.436
0.439
0.438
0.431
0.435
0.425
0.433
0.441
0.429
0.426
0.425
0.438
0.428
0.425
0.426
0.431
0.426
0.431
0.437
0.445
0.438
0.434
0.424
0.429
0.422
0.421
0.428
0.42
0.431
0.425
0.432
0.43
0.427
0.428
0.426
0.427
0.434
0.425
0.424
0.43
0.425
0.415
0.419
0.428
0.437
0.43
0.426
0.417
0.42
0.427
0.433
0.429
0.429
0.427
0.431
0.427
0.437
0.427
0.429
0.426
0.429
0.421
0.422
0.431
0.427
0.43
0.433
0.44
0.419
0.422
0.427
0.424
0.428
0.431
0.415
0.407
0.421
0.417
0.422
0.415
0.419
0.411
0.414
0.423
0.421
0.423
0.415
0.417
0.421
0.421
0.421
0.415
0.411
0.407
0.411
0.414
0.419
0.425
0.428
0.419
0.431
0.435
0.432
0.437
0.424
0.417
0.435
0.434
0.426
0.419
0.425
0.426
0.419
0.411
0.41
0.408
0.407
0.425
0.415
0.415
0.409
0.427
0.417
0.414
0.423
0.43
0.433
0.419
0.416
0.4
0.405
0.403
0.408
0.416
0.393
0.4
0.407
0.399
0.396
0.393
0.397
0.396
0.399
0.405
0.397
0.405
0.397
0.399
0.401
0.406
0.397
0.395
0.389
0.401
0.391
0.401
0.392
0.397
0.411
0.415
0.407
0.401
0.404
0.408
0.407
0.398
0.4
0.394
0.401
0.396
0.404
0.407
0.399
0.414
0.415
0.408
0.413
0.403
0.4
0.42
0.418
0.411
0.419
0.41
0.415
0.408
0.426
0.428
0.421
0.414
0.404
0.416
0.416
0.423
0.413
0.41
0.416
0.411
0.411
0.406
0.412
0.414
0.42
0.41
0.417
0.409
0.413
0.406
0.406
0.413
0.412
0.413
0.403
0.41
0.402
0.406
0.42
0.42
0.412
0.421
0.422
0.412
0.404
0.414
0.408
0.413
0.423
0.431
0.41
0.406
0.404
0.405
0.408
0.418
0.413
0.406
0.4
0.396
0.401
0.403
0.402
0.403
0.399
0.405
0.396
0.4
0.393
0.395
0.392
0.398
0.394
0.401
0.409
0.416
0.395
0.404
0.409
0.393
0.397
0.392
0.395
0.404
0.398
0.41
0.404
0.408
0.398
0.41
0.404
0.395
0.397
0.401
0.401
0.402
0.396
0.399
0.402
0.4
0.403
0.405
0.408
0.408
0.399
0.396
0.392
0.392
0.388
0.397
0.395
0.396
0.387
0.391
0.397
0.403
0.408
0.401
0.395
0.389
0.396
0.402
0.397
0.402
0.399
0.399
0.393
0.412
0.423
0.403
0.408
0.399
0.412
0.408
0.406
0.404
0.414
0.412
0.419
0.404
0.4
0.407
0.398
0.4
0.402
0.399
0.419
0.409
0.416
0.424
0.429
0.419
0.411
0.415
0.408
0.413
0.406
0.412
0.407
0.402
0.399
0.394
0.39
0.41
0.402
0.406
0.408
0.416
0.408
0.414
0.403
0.413
0.413
0.411
0.412
0.409
0.41
0.406
0.403
0.394
0.402
0.397
0.391
0.397
0.399
0.404
0.398
0.39
0.397
0.396
0.396
0.389
0.414
0.405
0.389
0.395
0.393
0.386
0.394
0.396
0.396
0.396
0.392
0.386
0.389
0.386
0.404
0.4
0.391
0.389
0.395
0.394
0.399
0.391
0.4
0.396
0.396
0.4
0.395
0.395
0.389
0.385
0.393
0.398
0.402
0.396
0.396
0.396
0.4
0.392
0.401
0.393
0.396
0.391
0.4
0.4
0.395
0.401
0.394
0.399
0.393
0.393
0.401
0.405
0.414
0.414
0.406
0.405
0.408
0.404
0.397
0.392
0.411
0.404
0.407
0.409
0.411
0.396
0.407
0.405
0.406
0.403
0.405
0.41
0.401
0.402
0.395
0.394
0.396
0.4
0.406
0.404
0.411
0.416
0.399
0.415
0.403
0.404
0.413
0.41
0.415
0.407
0.4
0.402
0.403
0.404
0.409
0.409
0.41
0.413
0.407
0.411
0.402
0.413
0.409
0.411
0.406
0.406
0.409
0.406
0.412
0.41
0.404
0.413
0.422
0.425
0.425
0.411
0.41
0.412
0.409
0.418
0.426
0.419
0.413
0.407
0.412
0.421
0.403
0.403
0.402
0.396
0.407
0.403
0.397
0.4
0.4
0.398
0.406
0.408
0.412
0.419
0.421
0.415
0.419
0.414
0.419
0.421
0.417
0.414
0.407
0.399
0.405
0.395
0.398
0.394
0.403
0.403
0.407
0.412
0.402
0.408
0.403
0.413
0.403
0.399
0.397
0.411
0.421
0.424
0.409
0.406
0.406
0.415
0.411
0.411
0.402
0.408
0.417
0.423
0.417
0.404
0.42
0.409
0.405
0.42
0.405
0.408
0.414
0.405
0.409
0.412
0.408
0.406
0.397
0.41
0.41
0.416
0.406
0.415
0.412
0.408
0.405
0.396
0.411
0.412
0.416
0.409
0.405
0.403
0.398
0.407
0.4
0.398
0.399
0.402
0.4
0.401
0.4
0.407
0.4
0.401
0.405
0.407
0.407
0.407
0.402
0.404
0.402
0.403
0.399
0.407
0.414
0.406
0.396
0.396
0.404
0.401
0.391
0.398
0.397
0.403
0.404
0.396
0.392
0.396
0.396
0.387
0.394
0.397
0.396
0.39
0.393
0.397
0.394
0.4
0.406
0.412
0.403
0.4
0.4
0.402
0.411
0.399
0.405
0.399
0.411
0.388
0.402
0.401
0.398
0.407
0.417
0.415
0.408
0.41
0.414
0.408
0.406
0.402
0.403
0.396
0.4
0.394
0.405
0.4
0.395
0.393
0.394
0.389
0.395
0.399
0.396
0.387
0.394
0.402
0.393
0.397
0.398
0.391
0.4
0.397
0.398
0.397
0.393
0.395
0.406
0.399
0.407
0.398
0.406
0.396
0.397
0.396
0.397
0.4
0.393
0.396
0.398
0.403
0.403
0.396
0.391
0.398
0.405
0.397
0.402
0.408
0.401
0.399
0.395
0.404
0.394
0.395
0.402
0.399
0.401
0.403
0.4
0.391
0.397
0.388
0.396
0.394
0.399
0.405
0.404
0.395
0.4
0.393
0.399
0.406
0.402
0.394
0.4
0.393
0.396
0.392
0.401
0.407
0.401
0.394
0.393
0.399
0.404
0.403
0.407
0.399
0.396
0.4
0.397
0.399
0.394
0.407
0.395
0.402
0.393
0.396
0.404
0.409
0.402
0.394
0.385
0.396
0.387
0.395
0.396
0.394
0.39
0.392
0.393
0.398
0.393
0.387
0.396
0.393
0.385
0.394
0.398
0.39
0.396
0.394
0.39
0.392
0.399
0.389
0.396
0.389
0.398
0.396
0.397
0.393
0.394
0.385
0.391
0.395
0.387
0.392
0.396
0.387
0.383
0.391
0.393
0.394
0.392
0.393
0.386
0.391
0.392
0.397
0.4
0.403
0.409
0.392
0.4
0.393
0.394
0.401
0.392
0.39
0.413
0.399
0.399
0.404
0.413
0.409
0.395
0.402
0.396
0.402
0.396
0.399
0.395
0.394
0.392
0.404
0.402
0.392
0.394
0.388
0.393
0.397
0.394
0.39
0.396
0.394
0.391
0.393
0.392
0.394
0.391
0.392
0.386
0.399
0.395
0.406
0.399
0.392
0.387
0.406
0.396
0.399
0.395
0.422
0.402
0.4
0.396
0.411
0.406
0.398
0.4
0.4
0.391
0.396
0.395
0.398
0.397
0.394
0.392
0.396
0.396
0.392
0.397
0.403
0.409
0.41
0.4
0.397
0.396
0.396
0.391
0.395
0.397
0.401
0.411
0.402
0.408
0.398
0.397
0.388
0.396
0.405
0.398
0.4
0.401
0.396
0.39
0.393
0.397
0.396
0.391
0.4
0.403
0.41
0.4
0.394
0.395
0.399
0.393
0.395
0.404
0.395
0.393
0.397
0.4
0.397
0.403
0.395
0.404
0.398
0.4
0.396
0.399
0.405
0.396
0.39
0.399
0.394
0.401
0.399
0.408
0.4
0.391
0.394
0.402
0.396
0.401
0.401
0.405
0.404
0.399
0.397
0.402
0.397
0.394
0.416
0.416
0.416
0.402
0.396
0.399
0.394
0.403
0.398
0.399
0.394
0.401
0.396
0.397
0.39
0.396
0.398
0.393
0.397
0.393
0.403
0.398
0.396
0.401
0.394
0.396
0.402
0.399
0.393
0.396
0.402
0.412
0.403
0.403
0.413
0.403
0.403
0.394
0.398
0.395
0.403
0.392
0.399
0.393
0.397
0.398
0.396
0.391
0.394
0.392
0.391
0.396
0.396
0.395
0.393
0.394
0.393
0.399
0.406
0.396
0.396
0.389
0.396
0.403
0.399
0.397
0.394
0.389
0.408
0.389
0.397
0.397
0.395
0.403
0.388
0.4
0.392
0.383
0.389
0.388
0.387
0.39
0.389
0.382
0.388
0.395
0.387
0.382
0.38
0.38
0.385
0.393
0.398
0.391
0.387
0.387
0.38
0.384
0.384
0.389
0.39
0.392
0.378
0.387
0.393
0.388
0.394
0.387
0.384
0.393
0.391
0.386
0.394
0.374
0.377
0.385
0.378
0.375
0.379
0.386
0.381
0.372
0.38
0.389
0.384
0.375
0.373
0.382
0.383
0.39
0.395
0.394
0.385
0.393
0.389
0.384
0.383
0.391
0.392
0.389
0.382
0.388
0.396
0.391
0.395
0.389
0.386
0.388
0.393
0.4
0.395
0.393
0.395
0.386
0.38
0.388
0.391
0.387
0.384
0.387
0.383
0.386
0.393
0.388
0.387
0.391
0.385
0.378
0.387
0.393
0.384
0.389
0.376
0.383
0.392
0.39
0.386
0.377
0.382
0.385
0.389
0.393
0.387
0.383
0.389
0.392
0.393
0.389
0.391
0.391
0.387
0.395
0.403
0.388
0.388
0.388
0.38
0.382
0.39
0.396
0.394
0.385
0.381
0.394
0.396
0.388
0.383
0.392
0.386
0.402
0.392
0.387
0.404
0.404
0.395
0.4
0.402
0.395
0.398
0.405
0.402
0.397
0.401
0.392
0.396
0.39
0.396
0.392
0.385
0.393
0.402
0.387
0.39
0.396
0.393
0.385
0.393
0.401
0.395
0.391
0.393
0.389
0.386
0.384
0.393
0.396
0.39
0.395
0.396
0.394
0.396
0.395
0.389
0.396
0.394
0.392
0.396
0.397
0.388
0.392
0.392
0.386
0.392
0.386
0.38
0.389
0.391
0.383
0.393
0.396
0.387
0.397
0.392
0.404
0.412
0.388
0.39
0.396
0.395
0.388
0.389
0.385
0.381
0.386
0.382
0.389
0.391
0.398
0.39
0.385
0.377
0.381
0.388
0.393
0.396
0.402
0.386
0.384
0.388
0.379
0.388
0.384
0.38
0.4
0.399
0.388
0.39
0.385
0.385
0.392
0.391
0.388
0.395
0.381
0.39
0.382
0.387
0.385
0.379
0.385
0.392
0.386
0.392
0.389
0.382
0.383
0.385
0.379
0.391
0.391
0.386
0.379
0.394
0.397
0.392
0.396
0.386
0.392
0.387
0.38
0.381
0.385
0.379
0.38
0.384
0.391
0.399
0.388
0.385
0.382
0.387
0.393
0.394
0.395
0.401
0.39
0.385
0.39
0.391
0.385
0.393
0.397
0.392
0.387
0.386
0.377
0.385
0.39
0.397
0.391
0.396
0.386
0.381
0.391
0.385
0.386
0.379
0.389
0.387
0.393
0.394
0.388
0.381
0.386
0.38
0.384
0.375
0.386
0.387
0.393
0.394
0.387
0.384
0.391
0.383
0.379
0.384
0.392
0.387
0.388
0.391
0.383
0.386
0.387
0.383
0.39
0.392
0.388
0.388
0.387
0.387
0.4
0.392
0.386
0.384
0.378
0.381
0.382
0.391
0.393
0.395
0.388
0.388
0.384
0.392
0.385
0.382
0.391
0.387
0.382
0.38
0.378
0.386
0.38
0.378
0.382
0.375
0.384
0.382
0.389
0.38
0.375
0.379
0.381
0.379
0.379
0.387
0.392
0.383
0.383
0.379
0.383
0.38
0.382
0.378
0.376
0.385
0.386
0.379
0.374
0.38
0.383
0.375
0.383
0.383
0.388
0.381
0.374
0.38
0.383
0.375
0.383
0.381
0.377
0.383
0.381
0.383
0.379
0.378
0.381
0.379
0.374
0.378
0.377
0.384
0.393
0.384
0.374
0.383
0.376
0.38
0.387
0.388
0.379
0.384
0.381
0.382
0.382
0.391
0.384
0.38
0.378
0.375
0.386
0.383
0.378
0.381
0.372
0.372
0.381
0.382
0.388
0.38
0.378
0.379
0.396
0.385
0.385
0.382
0.383
0.374
0.38
0.383
0.387
0.381
0.376
0.38
0.383
0.383
0.38
0.375
0.375
0.378
0.387
0.382
0.382
0.384
0.381
0.379
0.384
0.389
0.389
0.387
0.389
0.39
0.386
0.38
0.383
0.388
0.38
0.383
0.387
0.393
0.384
0.381
0.39
0.391
0.391
0.383
0.385
0.379
0.382
0.382
0.375
0.382
0.381
0.381
0.389
0.387
0.384
0.381
0.382
0.387
0.392
0.387
0.383
0.382
0.387
0.383
0.38
0.388
0.383
0.394
0.388
0.384
0.392
0.388
0.383
0.387
0.38
0.378
0.394
0.38
0.384
0.378
0.378
0.383
0.379
0.385
0.381
0.384
0.389
0.389
0.385
0.382
0.379
0.379
0.383
0.388
0.381
0.388
0.383
0.381
0.377
0.382
0.38
0.389
0.386
0.395
0.394
0.39
0.39
0.389
0.386
0.394
0.385
0.382
0.393
0.387
0.39
0.384
0.387
0.393
0.39
0.389
0.396
0.387
0.382
0.375
0.379
0.38
0.386
0.391
0.393
0.385
0.388
0.387
0.394
0.387
0.381
0.394
0.396
0.38
0.383
0.393
0.387
0.394
0.392
0.384
0.385
0.383
0.381
0.39
0.393
0.385
0.395
0.389
0.384
0.387
0.394
0.398
0.391
0.383
0.387
0.383
0.388
0.395
0.399
0.396
0.387
0.382
0.393
0.386
0.388
0.394
0.396
0.391
0.394
0.388
0.381
0.377
0.386
0.383
0.386
0.388
0.393
0.396
0.394
0.388
0.385
0.388
0.38
0.386
0.393
0.385
0.388
0.381
0.386
0.381
0.388
0.392
0.386
0.389
0.382
0.38
0.381
0.384
0.394
0.386
0.387
0.39
0.386
0.387
0.387
0.377
0.379
0.384
0.391
0.382
0.384
0.383
0.388
0.38
0.389
0.393
0.385
0.39
0.386
0.385
0.388
0.381
0.39
0.383
0.383
0.383
0.381
0.383
0.376
0.383
0.384
0.386
0.381
0.376
0.385
0.39
0.396
0.39
0.382
0.386
0.384
0.38
0.39
0.384
0.382
0.381
0.387
0.382
0.401
0.395
0.387
0.396
0.389
0.393
0.395
0.397
0.385
0.387
0.388
0.388
0.387
0.391
0.391
0.393
0.398
0.389
0.381
0.384
0.385
0.382
0.385
0.39
0.392
0.391
0.399
0.394
0.396
0.388
0.385
0.388
0.397
0.39
0.394
0.389
0.394
0.394
0.384
0.391
0.393
0.387
0.392
0.39
0.389
0.388
0.379
0.383
0.396
0.388
0.391
0.399
0.395
0.386
0.388
0.379
0.384
0.383
0.386
0.387
0.396
0.389
0.387
0.387
0.384
0.385
0.389
0.392
0.385
0.388
0.385
0.394
0.389
0.381
0.391
0.393
0.377
0.379
0.387
0.382
0.377
0.384
0.387
0.381
0.382
0.385
0.391
0.391
0.386
0.391
0.391
0.389
0.389
0.395
0.395
0.393
0.392
0.393
0.388
0.389
0.385
0.391
0.392
0.396
0.396
0.398
0.404
0.394
0.401
0.398
0.399
0.396
0.397
0.402
0.395
0.397
0.394
0.403
0.396
0.397
0.392
0.396
0.399
0.402
0.396
0.402
0.4
0.396
0.401
0.408
0.398
0.404
0.399
0.402
0.403
0.413
0.412
0.415
0.411
0.405
0.413
0.419
0.435
0.43
0.436
0.438
0.436
0.436
0.435
0.433
0.44
0.441
0.444
0.446
0.445
0.442
0.442
0.438
0.443
0.44
0.445
0.453
0.449
0.46
0.462
0.468
0.464
0.468
0.467
0.467
0.463
0.464
0.464
0.465
0.472
0.472
0.475
0.477
0.482
0.491
0.489
0.489
0.48
0.483
0.477
0.477
0.473
0.476
0.503
0.511
0.522
0.532
0.531
0.53
0.533
0.541
0.544
0.538
0.527
0.52
0.525
0.523
0.532
0.544
0.584
0.574
0.579
0.579
0.58
0.578
0.57
0.547
0.538
0.529
0.499
0.42
0.407
0.397
0.395
0.396
0.399
0.394
0.399
0.398
0.399
0.401
0.408
0.408
0.4
0.403
0.413
0.404
0.403
0.407
0.406
0.408
0.411
0.417
0.411
0.413
0.41
0.416
0.426
0.425
0.42
0.415
0.424
0.419
0.423
0.42
0.415
0.42
0.422
0.412
0.416
0.418
0.423
0.415
0.416
0.424
0.42
0.415
0.415
0.416
0.422
0.418
0.41
0.417
0.412
0.413
0.421
0.416
0.411
0.408
0.424
0.422
0.414
0.409
0.416
0.413
0.406
0.414
0.408
0.42
0.417
0.416
0.424
0.417
0.427
0.428
0.42
0.434
0.435
0.437
0.436
0.427
0.432
0.431
0.427
0.426
0.421
0.431
0.428
0.432
0.432
0.433
0.431
0.443
0.446
0.442
0.449
0.459
0.45
0.447
0.457
0.461
0.451
0.446
0.436
0.473
0.462
0.469
0.47
0.477
0.476
0.476
0.479
0.483
0.491
0.497
0.508
0.512
0.507
0.497
0.502
0.497
0.496
0.491
0.489
0.498
0.505
0.494
0.487
0.493
0.505
0.536
0.513
0.504
0.51
0.508
0.613
0.576
0.54
0.531
0.531
0.544
0.544
0.534
0.549
0.548
0.545
0.543
0.53
0.524
0.518
0.519
0.515
0.564
0.522
0.528
0.531
0.532
0.527
0.565
0.56
0.551
0.543
0.556
0.553
0.547
0.542
0.554
0.56
0.577
0.573
0.568
0.579
0.58
0.587
0.587
0.545
0.576
0.571
0.579
0.583
0.57
0.578
0.575
0.568
0.561
0.566
0.558
0.616
0.602
0.594
0.592
0.583
0.57
0.563
0.552
0.556
0.563
0.572
0.636
0.604
0.61
0.605
0.599
0.588
0.581
0.574
0.569
0.571
0.578
0.635
0.628
0.619
0.617
0.616
0.602
0.565
0.558
0.563
0.563
0.57
0.581
0.571
0.567
0.577
0.563
0.49
0.491
0.461
0.45
0.426
0.423
0.431
0.405
0.403
0.406
0.41
0.417
0.411
0.41
0.404
0.404
0.409
0.415
