0.639
0.626
0.611
0.577
0.35
0.337
0.372
0.424
0.419
0.428
0.426
0.448
0.447
0.446
0.454
0.458
0.466
0.465
0.457
0.463
0.468
0.466
0.471
0.479
0.474
0.476
0.483
0.652
0.629
0.651
0.646
0.643
0.656
0.66
0.65
0.676
0.679
0.695
0.678
0.671
0.667
0.665
0.668
0.672
0.674
0.673
0.686
0.683
0.67
0.677
0.688
0.671
0.671
0.674
0.674
0.641
0.626
0.638
0.642
0.64
0.646
0.64
0.637
0.64
0.627
0.636
0.607
0.593
0.59
0.576
0.579
0.579
0.522
0.513
0.517
0.516
0.442
0.434
0.443
0.447
0.409
0.401
0.408
0.395
0.399
0.395
0.397
0.402
0.4
0.401
0.404
0.41
0.412
0.419
0.41
0.403
0.415
0.416
0.416
0.415
0.412
0.416
0.423
0.406
0.409
0.404
0.397
0.418
0.423
0.432
0.422
0.419
0.412
0.415
0.418
0.408
0.409
0.418
0.397
0.399
0.39
0.408
0.401
0.404
0.408
0.388
0.399
0.396
0.374
0.409
0.437
0.413
0.407
0.409
0.413
0.403
0.396
0.387
0.403
0.386
0.382
0.381
0.387
0.396
0.397
0.401
0.41
0.385
0.389
0.389
0.395
0.395
0.399
0.391
0.391
0.388
0.377
0.404
0.394
0.391
0.386
0.385
0.394
0.387
0.385
0.393
0.389
0.392
0.385
0.382
0.375
0.386
0.379
0.382
0.374
0.389
0.383
0.397
0.388
0.385
0.381
0.386
0.377
0.382
0.385
0.392
0.387
0.387
0.406
0.403
0.399
0.397
0.375
0.377
0.38
0.38
0.373
0.37
0.372
0.368
0.372
0.376
0.369
0.381
0.386
0.378
0.381
0.382
0.385
0.377
0.382
0.384
0.387
0.395
0.387
0.404
0.393
0.392
0.395
0.396
0.396
0.377
0.385
0.392
0.391
0.389
0.383
0.387
0.387
0.394
0.392
0.396
0.391
0.4
0.392
0.396
0.397
0.402
0.403
0.41
0.406
0.394
0.394
0.392
0.398
0.397
0.402
0.405
0.401
0.391
0.393
0.399
0.421
0.411
0.416
0.406
0.398
0.392
0.387
0.379
0.402
0.396
0.394
0.398
0.391
0.387
0.391
0.385
0.379
0.39
0.394
0.389
0.389
0.396
0.389
0.392
0.396
0.398
0.389
0.381
0.389
0.385
0.386
0.387
0.386
0.383
0.386
0.378
0.376
0.382
0.386
0.382
0.386
0.388
0.384
0.379
0.383
0.376
0.375
0.39
0.385
0.393
0.382
0.386
0.391
0.387
0.396
0.395
0.387
0.389
0.387
0.381
0.389
0.394
0.39
0.395
0.391
0.387
0.399
0.396
0.403
0.41
0.401
0.406
0.409
0.399
0.391
0.39
0.396
0.401
0.393
0.395
0.395
0.393
0.391
0.388
0.382
0.384
0.389
0.386
0.386
0.388
0.396
0.375
0.381
0.385
0.374
0.375
0.38
0.376
0.372
0.397
0.396
0.393
0.387
0.39
0.393
0.384
0.388
0.396
0.393
0.39
0.396
0.382
0.385
0.381
0.386
0.388
0.385
0.377
0.382
0.386
0.392
0.393
0.393
0.402
0.394
0.39
0.391
0.399
0.394
0.388
0.395
0.388
0.393
0.392
0.387
0.399
0.401
0.397
0.391
0.414
0.413
0.418
0.413
0.408
0.412
0.413
0.406
0.405
0.409
0.408
0.404
0.414
0.41
0.412
0.391
0.396
0.391
0.391
0.398
0.391
0.393
0.395
0.402
0.396
0.392
0.401
0.403
0.39
0.383
0.385
0.386
0.39
0.396
0.388
0.388
0.396
0.391
0.389
0.384
0.392
0.391
0.393
0.386
0.387
0.381
0.402
0.396
0.391
0.391
0.4
0.392
0.388
0.383
0.386
0.384
0.389
0.383
0.39
0.389
0.381
0.395
0.389
0.397
0.389
0.39
0.388
0.395
0.386
0.392
0.387
0.381
0.381
0.39
0.389
0.381
0.381
0.374
0.374
0.383
0.386
0.386
0.386
0.395
0.387
0.392
0.389
0.38
0.385
0.385
0.389
0.393
0.383
0.384
0.377
0.386
0.391
0.396
0.39
0.391
0.397
0.39
0.395
0.386
0.387
0.401
0.397
0.398
0.391
0.396
0.391
0.39
0.39
0.388
0.403
0.393
0.396
0.394
0.4
0.405
0.4
0.397
0.414
0.401
0.41
0.392
0.396
0.405
0.402
0.399
0.394
0.399
0.408
0.398
0.406
0.415
0.406
0.403
0.406
0.406
0.411
0.408
0.398
0.4
0.396
0.401
0.398
0.399
0.399
0.402
0.396
0.397
0.389
0.386
0.389
0.396
0.389
0.388
0.389
0.386
0.394
0.382
0.374
0.386
0.381
0.378
0.386
0.394
0.387
0.392
0.389
0.391
0.382
0.38
0.373
0.381
0.388
0.385
0.38
0.381
0.375
0.383
0.385
0.38
0.381
0.373
0.391
0.394
0.385
0.394
0.402
0.395
0.394
0.402
0.409
0.41
0.393
0.388
0.391
0.393
0.396
0.393
0.395
0.399
0.397
0.394
0.394
0.393
0.395
0.394
0.397
0.393
0.386
0.395
0.395
0.396
0.401
0.399
0.393
0.391
0.394
0.389
0.396
0.397
0.397
0.4
0.395
0.396
0.391
0.385
0.384
0.389
0.391
0.385
0.38
0.384
0.378
0.387
0.39
0.395
0.397
0.391
0.384
0.396
0.391
0.396
0.405
0.396
0.404
0.396
0.387
0.382
0.395
0.399
0.396
0.403
0.397
0.395
0.39
0.389
0.384
0.388
0.383
0.398
0.39
0.396
0.402
0.402
0.391
0.4
0.397
0.396
0.39
0.391
0.4
0.393
0.395
0.394
0.4
0.394
0.399
0.401
0.4
0.409
0.402
0.403
0.411
0.413
0.4
0.391
0.399
0.399
0.4
0.398
0.395
0.39
0.393
0.391
0.398
0.402
0.393
0.398
0.405
0.396
0.388
0.397
0.399
0.39
0.389
0.393
0.384
0.393
0.39
0.395
0.39
0.393
0.393
0.388
0.393
0.389
0.394
0.401
0.393
0.388
0.395
0.396
0.395
0.403
0.393
0.396
0.399
0.396
0.387
0.391
0.389
0.392
0.396
0.392
0.398
0.395
0.391
0.388
0.389
0.389
0.389
0.392
0.392
0.397
0.396
0.403
0.399
0.398
0.399
0.406
0.396
0.393
0.399
0.394
0.397
0.403
0.396
0.405
0.401
0.408
0.398
0.405
0.407
0.406
0.402
0.406
0.405
0.405
0.402
0.401
0.406
0.404
0.396
0.405
0.402
0.41
0.413
0.421
0.407
0.407
0.401
0.397
0.418
0.418
0.427
0.422
0.417
0.409
0.408
0.414
0.408
0.408
0.408
0.4
0.402
0.408
0.401
0.4
0.402
0.4
0.391
0.401
0.396
0.399
0.394
0.395
0.394
0.394
0.4
0.403
0.396
0.397
0.395
0.398
0.392
0.395
0.387
0.39
0.391
0.388
0.389
0.395
0.389
0.39
0.399
0.391
0.389
0.389
0.393
0.387
0.39
0.392
0.395
0.387
0.388
0.393
0.388
0.387
0.389
0.39
0.396
0.396
0.395
0.394
0.392
0.401
0.403
0.394
0.401
0.396
0.39
0.386
0.395
0.388
0.391
0.393
0.392
0.397
0.401
0.387
0.392
0.397
0.388
0.381
0.391
0.385
0.388
0.405
0.412
0.406
0.406
0.401
0.41
0.41
0.417
0.401
0.402
0.409
0.394
0.403
0.396
0.393
0.402
0.396
0.396
0.395
0.389
0.396
0.397
0.389
0.404
0.391
0.399
0.391
0.397
0.403
0.389
0.389
0.391
0.396
0.389
0.386
0.387
0.39
0.397
0.394
0.396
0.399
0.39
0.393
0.39
0.395
0.391
0.399
0.391
0.39
0.386
0.393
0.386
0.39
0.394
0.392
0.391
0.393
0.392
0.385
0.388
0.393
0.397
0.393
0.387
0.393
0.391
0.389
0.396
0.379
0.383
0.389
0.38
0.383
0.388
0.386
0.391
0.389
0.38
0.387
0.388
0.387
0.382
0.384
0.39
0.394
0.396
0.393
0.396
0.401
0.39
0.387
0.383
0.389
0.391
0.399
0.398
0.397
0.393
0.387
0.395
0.389
0.396
0.391
0.391
0.398
0.395
0.394
0.408
0.404
0.414
0.42
0.412
0.412
0.431
0.463
0.458
0.475
0.472
0.479
0.486
0.477
0.479
0.479
0.485
0.481
0.486
0.488
0.481
0.497
0.493
0.49
0.496
0.5
0.495
0.521
0.52
0.546
0.541
0.532
0.532
0.543
0.547
0.56
0.552
0.554
0.567
0.576
0.58
0.53
0.539
0.541
0.548
0.542
0.55
0.559
0.566
0.556
0.563
0.573
0.584
0.581
0.589
0.597
0.604
0.606
0.612
0.614
0.606
0.592
0.582
0.576
0.566
0.569
0.563
0.567
0.558
0.57
0.57
0.576
0.578
0.584
0.664
0.655
0.658
0.65
0.619
0.555
0.561
0.559
0.56
0.558
0.556
0.543
0.542
0.564
0.601
0.612
0.611
0.596
0.592
0.59
0.58
0.568
0.637
0.646
0.641
0.629
0.634
0.628
0.623
0.616
0.619
0.61
0.61
0.603
0.599
0.594
0.591
0.584
0.58
0.599
0.602
0.591
0.582
0.588
0.575
0.572
0.572
0.57
0.579
0.573
0.626
0.622
0.627
0.633
0.63
0.625
0.62
0.626
0.619
0.619
0.616
0.614
0.619
0.62
0.629
0.637
0.634
0.631
0.626
0.618
0.608
0.615
0.608
0.604
0.602
0.602
0.604
0.607
0.604
0.596
0.6
0.594
0.593
0.587
0.589
0.587
0.592
0.599
0.604
0.608
0.606
0.604
0.603
0.598
0.587
0.582
0.571
0.573
0.583
0.583
0.631
0.621
0.618
0.612
0.607
0.612
0.616
0.626
0.633
0.66
0.658
0.657
0.646
0.642
0.64
0.639
0.631
0.637
0.635
0.638
0.646
0.632
0.577
0.585
0.577
0.571
0.58
0.603
0.608
0.612
0.614
0.624
0.62
0.607
0.601
0.596
0.601
0.593
0.58
0.586
0.58
0.581
0.584
0.593
0.594
0.589
0.608
0.608
0.594
0.604
0.594
0.592
0.588
0.583
0.611
0.616
0.616
0.621
0.616
0.608
0.613
0.608
0.614
0.613
0.618
0.626
0.63
0.638
0.64
0.637
0.633
0.625
0.613
0.612
0.605
0.599
0.59
0.596
0.66
0.631
0.62
0.627
0.659
