0.553
0.54
0.532
0.502
0.495
0.489
0.481
0.485
0.483
0.476
0.467
0.468
0.458
0.466
0.47
0.472
0.469
0.458
0.452
0.463
0.439
0.439
0.449
0.445
0.439
0.443
0.438
0.432
0.434
0.439
0.448
0.438
0.443
0.442
0.432
0.434
0.441
0.438
0.437
0.441
0.432
0.422
0.43
0.435
0.44
0.446
0.435
0.43
0.424
0.427
0.419
0.426
0.436
0.438
0.429
0.421
0.422
0.427
0.427
0.425
0.428
0.433
0.441
0.431
0.43
0.432
0.429
0.429
0.432
0.425
0.431
0.424
0.422
0.412
0.424
0.43
0.427
0.422
0.423
0.42
0.419
0.423
0.422
0.419
0.426
0.419
0.423
0.419
0.414
0.432
0.429
0.438
0.423
0.424
0.426
0.429
0.427
0.421
0.416
0.421
0.422
0.43
0.421
0.417
0.414
0.418
0.422
0.426
0.431
0.42
0.419
0.413
0.414
0.424
0.422
0.422
0.426
0.421
0.423
0.434
0.44
0.442
0.442
0.444
0.433
0.442
0.437
0.431
0.434
0.441
0.435
0.434
0.435
0.428
0.427
0.429
0.439
0.437
0.443
0.432
0.437
0.434
0.428
0.422
0.425
0.43
0.435
0.425
0.419
0.424
0.425
0.42
0.422
0.415
0.409
0.418
0.415
0.415
0.42
0.414
0.41
0.412
0.406
0.412
0.414
0.406
0.41
0.415
0.402
0.41
0.402
0.396
0.398
0.391
0.394
0.371
0.372
0.374
0.378
0.38
0.388
0.376
0.384
0.373
0.389
0.381
0.374
0.373
0.379
0.377
0.379
0.385
0.377
0.386
0.39
0.388
0.393
0.389
0.385
0.38
0.387
0.385
0.386
0.387
0.394
0.396
0.396
0.398
0.396
0.391
0.395
0.401
0.395
0.393
0.4
0.396
0.405
0.402
0.404
0.394
0.389
0.409
0.406
0.4
0.408
0.404
0.411
0.415
0.408
0.411
0.403
0.401
0.411
0.418
0.417
0.418
0.412
0.409
0.407
0.409
0.413
0.405
0.412
0.41
0.41
0.404
0.409
0.414
0.421
0.417
0.416
0.414
0.405
0.407
0.403
0.41
0.402
0.407
0.404
0.4
0.404
0.404
0.408
0.399
0.416
0.409
0.416
0.412
0.42
0.412
0.403
0.406
0.401
0.409
0.402
0.409
0.404
0.406
0.408
0.409
0.413
0.419
0.412
0.411
0.411
0.407
0.405
0.411
0.399
0.408
0.407
0.399
0.404
0.405
0.4
0.397
0.398
0.396
0.405
0.402
0.4
0.396
0.392
0.387
0.396
0.4
0.401
0.398
0.393
0.389
0.388
0.393
0.39
0.398
0.397
0.396
0.387
0.388
0.397
0.395
0.404
0.385
0.394
0.394
0.388
0.381
0.384
0.382
0.374
0.367
0.376
0.382
0.377
0.369
0.373
0.366
0.372
0.369
0.373
0.36
0.372
0.37
0.372
0.354
0.351
0.35
0.692
0.336
0.685
0.687
0.681
0.69
0.679
0.342
0.341
0.344
0.338
0.345
0.337
0.345
0.338
0.682
0.685
0.686
0.686
0.69
0.686
0.687
0.688
0.682
0.681
0.68
0.683
0.68
0.683
0.681
0.684
0.683
0.683
0.688
0.689
0.69
0.687
0.693
0.691
0.685
0.685
0.341
0.338
0.341
0.338
0.339
0.678
0.674
0.674
0.677
0.676
0.678
0.343
0.348
0.348
0.353
0.353
0.354
0.351
0.353
0.354
0.357
0.35
0.353
0.354
0.362
0.354
0.358
0.356
0.358
0.36
0.361
0.361
0.365
0.365
0.358
0.381
0.375
0.379
0.376
0.378
0.387
0.375
0.379
0.376
0.377
0.379
0.379
0.396
0.401
0.396
0.396
0.391
0.397
0.406
0.411
0.402
0.408
0.404
0.4
0.402
0.41
0.409
0.418
0.413
0.409
0.404
0.412
0.396
0.402
0.4
0.393
0.397
0.398
0.39
0.383
0.392
0.384
0.384
0.387
0.383
0.387
0.384
0.388
0.371
0.366
0.367
0.372
0.368
0.361
0.366
0.362
0.361
0.364
0.367
0.375
0.353
0.696
0.358
0.693
0.692
0.688
0.69
0.342
0.343
0.685
0.682
0.672
0.349
0.347
0.354
0.357
0.366
0.365
0.367
0.375
0.378
0.382
0.375
0.39
0.397
0.405
0.404
0.404
0.408
0.436
0.434
0.444
0.452
0.444
0.405
0.412
0.393
0.401
0.403
0.389
0.391
0.382
0.37
0.365
0.359
0.365
0.348
0.698
0.692
0.694
0.699
0.694
0.69
0.35
0.344
0.68
0.681
0.683
0.684
0.688
0.689
0.686
0.687
0.688
0.68
0.665
0.678
0.68
0.677
0.681
0.679
0.677
0.679
0.333
0.343
0.342
0.344
0.338
0.35
0.353
0.348
0.355
0.362
0.355
0.367
0.362
0.371
0.367
0.369
0.373
0.364
0.383
0.375
0.384
0.382
0.385
0.385
0.384
0.379
0.385
0.388
0.397
0.394
0.404
0.403
0.4
0.393
0.396
0.399
0.406
0.396
0.399
0.403
0.399
0.405
0.399
0.404
0.398
0.404
0.396
0.405
0.401
0.399
0.398
0.401
0.403
0.395
0.402
0.403
0.408
0.408
0.417
0.425
0.427
0.409
0.41
0.418
0.422
0.414
0.415
0.415
0.418
0.41
0.418
0.416
0.416
0.42
0.417
0.416
0.42
0.424
0.432
0.414
0.413
0.42
0.414
0.423
0.422
0.427
0.43
0.43
0.427
0.42
0.42
0.42
0.427
0.424
0.418
0.424
0.432
0.43
0.425
0.421
0.43
0.431
0.431
0.426
0.423
0.414
0.422
0.42
0.429
0.426
0.418
0.426
0.422
0.421
0.422
0.432
0.415
0.417
0.419
0.425
0.417
0.412
0.402
0.403
0.405
0.396
0.396
0.396
0.391
0.395
0.396
0.39
0.385
0.386
0.389
0.379
0.371
0.37
0.373
0.367
0.375
0.371
0.38
0.375
0.378
0.373
0.366
0.365
0.369
0.37
0.361
0.375
0.353
0.36
0.353
0.36
0.356
0.359
0.363
0.361
0.697
0.694
0.695
0.688
0.694
0.689
0.695
0.69
0.346
0.353
0.345
0.343
0.345
0.34
0.344
0.341
0.344
0.34
0.34
0.343
0.341
0.34
0.336
0.343
0.342
0.336
0.343
0.336
0.342
0.337
0.342
0.334
0.341
0.348
0.345
0.344
0.337
0.345
0.677
0.674
0.673
0.676
0.677
0.676
0.678
0.674
0.675
0.661
0.674
0.668
0.668
0.666
0.662
0.675
0.67
0.669
0.671
0.667
0.669
0.665
0.665
0.337
0.33
0.331
0.335
0.338
0.342
0.353
0.345
0.349
0.354
0.347
0.35
0.355
0.347
0.354
0.355
0.352
0.355
0.361
0.359
0.356
0.348
0.36
0.368
0.363
0.37
0.37
0.364
0.369
0.377
0.38
0.375
0.384
0.386
0.383
0.382
0.39
0.385
0.394
0.396
0.394
0.388
0.398
0.395
0.394
0.403
0.4
0.395
0.392
0.397
0.395
0.397
0.393
0.402
0.397
0.4
0.401
0.408
0.401
0.398
0.393
0.402
0.398
0.399
0.392
0.405
0.4
0.399
0.39
0.395
0.4
0.404
0.396
0.404
0.402
0.402
0.402
0.393
0.41
0.401
0.4
0.396
0.414
0.409
0.405
0.41
0.402
0.407
0.397
0.418
0.406
0.405
0.412
0.417
0.41
0.417
0.41
0.408
0.41
0.405
0.409
0.407
0.413
0.407
0.413
0.408
0.407
0.416
0.421
0.415
0.408
0.414
0.411
0.412
0.416
0.414
0.412
0.419
0.409
0.416
0.424
0.417
0.411
0.411
0.415
0.413
0.414
0.416
0.419
0.414
0.41
0.42
0.417
0.424
0.41
0.414
0.404
0.419
0.409
0.41
0.413
0.414
0.421
0.418
0.397
0.404
0.407
0.4
0.398
0.392
0.395
0.4
0.4
0.399
0.399
0.395
0.387
0.381
0.388
0.394
0.377
0.377
0.38
0.386
0.392
0.368
0.375
0.378
0.37
0.363
0.364
0.373
0.371
0.363
0.367
0.365
0.361
0.36
0.361
0.363
0.358
0.364
0.371
0.366
0.363
0.354
0.362
0.369
0.343
0.687
0.339
0.346
0.343
0.337
0.343
0.335
0.341
0.335
0.342
0.337
0.341
0.336
0.342
0.335
0.343
0.674
0.674
0.672
0.671
0.67
0.672
0.668
0.666
0.677
0.671
0.667
0.67
0.673
0.671
0.676
0.674
0.333
0.341
0.679
0.681
0.677
0.679
0.682
0.68
0.685
0.673
0.68
0.333
0.33
0.339
0.341
0.348
0.353
0.352
0.355
0.359
0.354
0.36
0.355
0.362
0.355
0.361
0.356
0.371
0.364
0.37
0.37
0.372
0.372
0.363
0.366
0.368
0.366
0.373
0.367
0.376
0.37
0.371
0.38
0.376
0.368
0.372
0.377
0.38
0.381
0.388
0.388
0.381
0.39
0.382
0.391
0.388
0.387
0.392
0.393
0.388
0.393
0.399
0.396
0.392
0.398
0.392
0.4
0.402
0.392
0.4
0.404
0.41
0.414
0.412
0.416
0.415
0.424
0.423
0.413
0.422
0.419
0.421
0.424
0.428
0.423
0.423
0.433
0.438
0.428
0.438
0.437
0.434
0.429
0.436
0.437
0.427
0.436
0.44
0.43
0.441
0.429
0.437
0.435
0.427
0.418
0.417
0.418
0.423
0.423
0.418
0.415
0.414
0.415
0.42
0.42
0.416
0.423
0.414
0.406
0.423
0.414
0.422
0.415
0.423
0.432
0.414
0.407
0.41
0.401
0.399
0.408
0.416
0.406
0.406
0.416
0.396
0.408
0.408
0.4
0.394
0.396
0.405
0.402
0.404
0.4
0.394
0.396
0.396
0.389
0.399
0.392
0.399
0.394
0.388
0.408
0.394
0.402
0.397
0.389
0.397
0.396
0.398
0.393
0.398
0.39
0.4
0.393
0.4
0.407
0.397
0.396
0.394
0.401
0.398
0.398
0.392
0.396
0.396
0.4
0.4
0.408
0.397
0.396
0.395
0.396
0.391
0.398
0.394
0.397
0.391
0.402
0.397
0.39
0.391
0.4
0.407
0.4
0.391
0.399
0.39
0.407
0.402
0.397
0.397
0.393
0.392
0.396
0.394
0.403
0.406
0.396
0.396
0.391
0.398
0.394
0.398
0.391
0.399
0.392
0.393
0.391
0.4
0.397
0.397
0.397
0.395
0.395
0.402
0.392
0.4
0.401
0.392
0.399
0.4
0.392
0.398
0.39
0.406
0.396
0.392
0.396
0.391
0.396
0.396
0.396
0.403
0.407
0.4
0.398
0.395
0.397
0.403
0.396
0.394
0.403
0.394
0.397
0.394
0.399
0.396
0.396
0.399
0.392
0.396
0.39
0.405
0.396
0.39
0.394
0.402
0.403
0.393
0.396
0.388
0.393
0.391
0.392
0.387
0.393
0.392
0.396
0.392
0.395
0.404
0.395
0.399
0.393
0.389
0.389
0.396
0.395
0.401
0.396
0.398
0.391
0.396
0.396
0.403
0.403
0.399
0.394
0.396
0.393
0.396
0.389
0.395
0.391
0.395
0.397
0.4
0.399
0.391
0.392
0.392
0.397
0.392
0.387
0.391
0.391
0.385
0.387
0.394
0.398
0.399
0.402
0.393
0.391
0.384
0.396
0.388
0.385
0.392
0.386
0.399
0.39
0.391
0.393
0.387
0.385
0.395
0.386
0.392
0.39
0.385
0.393
0.385
0.4
0.394
0.393
0.392
0.388
0.395
0.395
0.387
0.393
0.396
0.387
0.396
0.39
0.39
0.39
0.391
0.397
0.401
0.392
0.386
0.391
0.395
0.397
0.399
0.393
0.388
0.389
0.388
0.391
0.39
0.384
0.392
0.396
0.396
0.392
0.4
0.405
0.398
0.391
0.389
0.391
0.396
0.395
0.394
0.395
0.398
0.396
0.394
0.402
0.396
0.396
0.396
0.397
0.396
0.396
0.401
0.401
0.397
0.403
0.403
0.4
0.405
0.396
0.402
0.394
0.396
0.402
0.402
0.396
0.404
0.404
0.401
0.407
0.409
0.401
0.41
0.407
0.402
0.412
0.407
0.408
0.404
0.407
0.411
0.407
0.411
0.409
0.415
0.406
0.412
0.418
0.419
0.416
0.417
0.417
0.419
0.419
0.418
0.419
0.415
0.421
0.418
0.413
0.417
0.416
0.418
0.419
0.417
0.419
0.421
0.425
0.424
0.425
0.43
0.426
0.43
0.434
0.43
0.435
0.434
0.433
0.431
0.433
0.427
0.426
0.429
0.427
0.428
0.428
0.432
0.43
0.434
0.432
0.439
0.439
0.438
0.444
0.447
0.444
0.445
0.445
0.447
0.446
0.449
0.445
0.449
0.451
0.453
0.456
0.454
0.46
0.461
0.462
0.465
0.462
0.465
0.462
0.464
0.463
0.46
0.462
0.461
0.457
0.46
0.458
0.461
0.457
0.458
0.459
0.455
0.457
0.453
0.459
0.456
0.458
0.459
0.46
0.463
0.459
0.463
0.463
0.465
0.462
0.463
0.463
0.463
0.462
0.462
0.463
0.464
0.465
0.466
0.464
0.466
0.466
0.465
0.468
0.465
0.466
0.464
0.466
0.458
0.465
0.463
0.454
0.46
0.455
0.459
0.456
0.459
0.458
0.463
0.464
0.466
0.463
0.469
0.468
0.467
0.468
0.466
0.469
0.467
0.467
0.47
0.466
0.464
0.461
0.458
0.457
0.461
0.459
0.464
0.466
0.466
0.47
0.469
0.47
0.47
0.468
0.469
0.471
0.471
0.474
0.469
0.473
0.472
0.472
0.474
0.468
0.473
0.473
0.473
0.474
0.47
0.475
0.474
0.474
0.474
0.474
0.474
0.475
0.474
0.475
0.475
0.475
0.476
0.476
0.473
0.478
0.478
0.475
0.478
0.478
0.475
0.469
0.476
0.476
0.475
0.476
0.479
0.476
0.475
0.479
0.478
0.479
0.48
0.485
0.483
0.487
0.483
0.483
0.484
0.483
0.481
0.476
0.474
0.473
0.472
0.476
0.474
0.469
0.465
0.464
0.468
0.466
0.467
0.468
0.467
0.471
0.467
