0.566
0.557
0.495
0.496
0.487
0.479
0.482
0.487
0.474
0.437
0.433
0.438
0.431
0.435
0.442
0.423
0.429
0.435
0.437
0.428
0.428
0.418
0.42
0.428
0.422
0.412
0.426
0.422
0.422
0.429
0.427
0.435
0.423
0.428
0.424
0.429
0.435
0.422
0.425
0.435
0.42
0.425
0.426
0.428
0.424
0.415
0.412
0.419
0.41
0.416
0.41
0.414
0.418
0.408
0.416
0.418
0.408
0.408
0.404
0.409
0.412
0.402
0.402
0.401
0.411
0.42
0.411
0.402
0.407
0.41
0.42
0.412
0.411
0.406
0.41
0.403
0.405
0.396
0.41
0.404
0.4
0.409
0.404
0.404
0.394
0.398
0.404
0.405
0.399
0.406
0.403
0.4
0.403
0.4
0.399
0.403
0.408
0.402
0.401
0.4
0.407
0.408
0.401
0.401
0.407
0.41
0.402
0.401
0.407
0.416
0.414
0.413
0.408
0.409
0.409
0.401
0.41
0.401
0.408
0.41
0.407
0.409
0.411
0.404
0.408
0.414
0.417
0.42
0.41
0.406
0.408
0.408
0.417
0.413
0.402
0.402
0.396
0.401
0.394
0.398
0.396
0.396
0.396
0.39
0.399
0.396
0.401
0.4
0.401
0.399
0.405
0.401
0.405
0.407
0.402
0.409
0.399
0.405
0.41
0.401
0.41
0.402
0.404
0.396
0.405
0.395
0.406
0.408
0.401
0.4
0.395
0.409
0.404
0.403
0.409
0.408
0.407
0.4
0.401
0.41
0.417
0.405
0.411
0.42
0.411
0.405
0.405
0.405
0.398
0.397
0.396
0.405
0.405
0.398
0.404
0.395
0.402
0.402
0.407
0.398
0.402
0.398
0.397
0.398
0.397
0.39
0.396
0.399
0.393
0.392
0.401
0.396
0.391
0.399
0.395
0.4
0.399
0.407
0.412
0.402
0.408
0.407
0.403
0.4
0.404
0.405
0.395
0.399
0.392
0.397
0.398
0.399
0.403
0.395
0.394
0.394
0.399
0.395
0.397
0.399
0.401
0.394
0.398
0.402
0.396
0.388
0.397
0.397
0.395
0.392
0.396
0.395
0.399
0.393
0.397
0.396
0.392
0.39
0.396
0.387
0.389
0.392
0.395
0.399
0.396
0.393
0.391
0.4
0.396
0.396
0.397
0.397
0.397
0.405
0.396
0.396
0.395
0.395
0.391
0.394
0.397
0.397
0.389
0.395
0.391
0.4
0.399
0.398
0.406
0.396
0.393
0.396
0.39
0.406
0.403
0.396
0.393
0.401
0.4
0.395
0.397
0.396
0.393
0.402
0.396
0.401
0.395
0.397
0.399
0.4
0.395
0.403
0.393
0.404
0.4
0.396
0.402
0.396
0.404
0.396
0.409
0.4
0.406
0.398
0.403
0.393
0.399
0.403
0.407
0.4
0.394
0.4
0.397
0.399
0.394
0.397
0.399
0.39
0.397
0.406
0.405
0.403
0.406
0.406
0.405
0.399
0.408
0.414
0.409
0.404
0.4
0.4
0.396
0.401
0.401
0.397
0.397
0.395
0.388
0.395
0.404
0.405
0.396
0.396
0.399
0.393
0.396
0.405
0.401
0.399
0.396
0.398
0.404
0.394
0.394
0.397
0.401
0.405
0.398
0.395
0.398
0.395
0.397
0.392
0.397
0.404
0.399
0.394
0.392
0.396
0.399
0.391
0.398
0.4
0.398
0.393
0.401
0.396
0.402
0.403
0.41
0.397
0.405
0.395
0.398
0.391
0.4
0.401
0.396
0.404
0.405
0.404
0.392
0.396
0.389
0.398
0.393
0.397
0.392
0.396
0.401
0.4
0.394
0.402
0.394
0.406
0.396
0.391
0.395
0.396
0.401
0.401
0.395
0.398
0.392
0.396
0.391
0.396
0.396
0.403
0.395
0.397
0.391
0.416
0.413
0.405
0.406
0.408
0.405
0.415
0.423
0.423
0.413
0.42
0.407
0.406
0.399
0.404
0.402
0.408
0.405
0.403
0.4
0.392
0.397
0.397
0.403
0.407
0.407
0.396
0.395
0.388
0.393
0.392
0.398
0.394
0.391
0.386
0.392
0.391
0.39
0.394
0.393
0.396
0.393
0.397
0.406
0.407
0.399
0.393
0.396
0.403
0.4
0.396
0.399
0.394
0.403
0.397
0.407
0.412
0.405
0.403
0.406
0.397
0.403
0.401
0.409
0.408
0.414
0.407
0.401
0.403
0.404
0.401
0.404
0.395
0.399
0.392
0.397
0.396
0.396
0.404
0.412
0.396
0.393
0.398
0.396
0.397
0.389
0.401
0.403
0.397
0.398
0.389
0.396
0.403
0.396
0.397
0.395
0.391
0.398
0.399
0.395
0.39
0.397
0.399
0.399
0.399
0.394
0.396
0.396
0.392
0.402
0.41
0.395
0.39
0.386
0.398
0.395
0.391
0.404
0.395
0.396
0.394
0.392
0.396
0.395
0.391
0.396
0.403
0.406
0.398
0.401
0.405
0.396
0.391
0.396
0.393
0.396
0.395
0.396
0.401
0.397
0.405
0.41
0.412
0.406
0.396
0.412
0.402
0.402
0.412
0.422
0.42
0.41
0.403
0.394
0.413
0.405
0.409
0.403
0.404
0.409
0.403
0.406
0.404
0.397
0.419
0.401
0.408
0.398
0.413
0.413
0.404
0.404
0.407
0.409
0.418
0.413
0.403
0.408
0.417
0.424
0.415
0.411
0.414
0.407
0.407
0.412
0.416
0.425
0.406
0.402
0.405
0.4
0.401
0.406
0.41
0.414
0.408
0.408
0.399
0.407
0.406
0.412
0.406
0.411
0.401
0.403
0.403
0.403
0.407
0.417
0.404
0.398
0.407
0.411
0.405
0.4
0.393
0.404
0.4
0.403
0.41
0.405
0.398
0.403
0.4
0.405
0.395
0.404
0.396
0.4
0.403
0.41
0.416
0.41
0.402
0.4
0.403
0.409
0.405
0.411
0.401
0.396
0.415
0.407
0.408
0.406
0.397
0.404
0.406
0.403
0.402
0.408
0.416
0.401
0.402
0.41
0.407
0.403
0.411
0.411
0.415
0.412
0.413
0.405
0.411
0.416
0.41
0.411
0.414
0.409
0.418
0.421
0.417
0.414
0.416
0.413
0.418
0.425
0.423
0.42
0.415
0.417
0.431
0.427
0.427
0.428
0.428
0.429
0.429
0.427
0.434
0.435
0.434
0.434
0.438
0.443
0.437
0.44
0.441
0.437
0.442
0.451
0.444
0.446
0.451
0.457
0.463
0.474
0.464
0.474
0.464
0.464
0.472
0.476
0.485
0.486
0.487
0.485
0.49
0.487
0.48
0.487
0.476
0.474
0.473
0.474
0.479
0.482
0.486
0.483
0.484
0.481
0.479
0.479
0.473
0.479
0.471
0.505
0.555
0.543
0.579
0.565
0.534
0.536
0.537
0.525
0.531
0.531
0.519
0.527
0.517
0.528
0.524
0.526
0.528
0.537
0.535
0.536
0.54
0.543
0.544
0.556
0.568
0.557
0.557
0.563
0.552
0.548
0.55
0.552
0.548
0.56
0.554
0.56
0.567
0.581
0.581
0.573
0.56
0.556
0.576
0.56
0.551
0.544
0.547
0.54
0.537
0.541
0.54
0.535
0.532
0.539
0.535
0.586
0.547
0.554
0.527
0.522
0.513
0.512
0.504
0.505
0.442
0.437
0.444
0.438
0.436
0.442
0.437
0.438
0.441
0.438
0.44
0.446
0.437
0.445
0.446
0.445
0.451
0.441
0.446
0.446
0.447
0.445
0.449
0.458
0.455
0.457
0.453
0.461
0.453
0.452
0.46
0.453
0.453
0.46
0.453
0.46
0.463
0.457
0.458
0.465
0.462
0.455
0.447
0.447
0.455
0.451
0.442
0.407
0.417
0.42
0.419
0.417
0.423
0.414
0.413
0.409
0.415
0.42
0.425
0.422
0.416
0.425
0.426
0.419
0.428
0.422
0.424
0.428
0.43
0.426
0.427
0.435
0.427
0.429
0.436
0.439
0.446
0.439
0.444
0.444
0.443
0.439
0.442
0.449
0.445
0.445
0.447
0.446
0.456
0.452
0.461
0.465
0.457
0.458
0.474
0.479
0.472
0.475
0.477
0.485
0.479
0.479
0.472
0.479
0.481
0.488
0.493
0.485
0.495
0.495
0.494
0.489
0.488
0.497
0.505
0.494
0.505
0.497
0.526
0.522
0.531
0.526
0.539
0.531
0.544
0.538
0.531
0.559
0.563
0.429
0.427
0.43
0.427
0.42
0.428
0.429
0.422
0.425
0.425
0.424
0.422
0.428
0.423
0.425
0.43
0.421
0.426
0.427
0.426
0.431
0.431
0.426
0.435
0.429
0.43
0.432
0.439
0.433
0.439
0.443
0.434
0.44
0.449
0.449
0.449
0.452
0.455
0.466
0.456
0.462
0.454
0.463
0.462
0.473
0.479
0.483
0.492
0.497
0.507
0.519
0.513
0.524
0.529
0.539
0.547
0.555
0.552
0.545
0.537
0.547
0.549
0.546
