0.648
0.639
0.637
0.641
0.638
0.644
0.644
0.63
0.635
0.64
0.637
0.636
0.636
0.628
0.629
0.618
0.579
0.569
0.566
0.539
0.505
0.513
0.505
0.493
0.504
0.49
0.484
0.49
0.479
0.485
0.473
0.465
0.464
0.472
0.464
0.462
0.463
0.459
0.453
0.455
0.445
0.439
0.447
0.443
0.438
0.448
0.447
0.437
0.444
0.452
0.454
0.448
0.438
0.437
0.437
0.439
0.438
0.444
0.448
0.448
0.45
0.435
0.429
0.452
0.438
0.435
0.435
0.435
0.438
0.431
0.439
0.437
0.445
0.445
0.452
0.444
0.439
0.44
0.438
0.441
0.446
0.457
0.443
0.434
0.433
0.453
0.433
0.434
0.438
0.453
0.454
0.444
0.465
0.441
0.438
0.441
0.442
0.433
0.436
0.437
0.436
0.428
0.435
0.436
0.436
0.438
0.439
0.436
0.426
0.43
0.43
0.439
0.445
0.423
0.436
0.439
0.429
0.432
0.43
0.437
0.442
0.439
0.432
0.438
0.441
0.43
0.421
0.425
0.423
0.428
0.435
0.439
0.44
0.432
0.441
0.445
0.435
0.436
0.432
0.43
0.432
0.436
0.432
0.434
0.433
0.431
0.43
0.431
0.438
0.443
0.436
0.433
0.426
0.432
0.428
0.436
0.43
0.435
0.44
0.446
0.438
0.441
0.445
0.44
0.432
0.425
0.418
0.427
0.426
0.422
0.429
0.439
0.442
0.422
0.43
0.438
0.429
0.42
0.419
0.428
0.423
0.438
0.434
0.436
0.428
0.431
0.44
0.444
0.422
0.427
0.432
0.423
0.43
0.425
0.421
0.431
0.429
0.419
0.419
0.425
0.417
0.421
0.426
0.418
0.409
0.406
0.412
0.414
0.406
0.412
0.411
0.405
0.408
0.411
0.411
0.412
0.414
0.417
0.418
0.412
0.405
0.415
0.411
0.411
0.411
0.407
0.411
0.413
0.41
0.408
0.412
0.414
0.417
0.42
0.413
0.406
0.406
0.407
0.416
0.408
0.41
0.407
0.414
0.417
0.42
0.418
0.418
0.419
0.409
0.418
0.417
0.413
0.418
0.415
0.416
0.408
0.416
0.422
0.414
0.413
0.409
0.423
0.415
0.411
0.421
0.419
0.417
0.425
0.42
0.436
0.445
0.431
0.421
0.427
0.432
0.425
0.435
0.429
0.429
0.421
0.423
0.424
0.418
0.425
0.415
0.414
0.42
0.423
0.429
0.43
0.427
0.422
0.424
0.428
0.433
0.434
0.44
0.44
0.431
0.427
0.428
0.428
0.428
0.432
0.433
0.437
0.438
0.415
0.421
0.42
0.415
0.424
0.416
0.413
0.418
0.413
0.431
0.429
0.424
0.432
0.425
0.426
0.434
0.44
0.438
0.432
0.431
0.426
0.423
0.427
0.429
0.425
0.427
0.437
0.423
0.42
0.428
0.422
0.43
0.42
0.42
0.423
0.423
0.419
0.411
0.417
0.426
0.426
0.426
0.417
0.412
0.416
0.412
0.415
0.407
0.409
0.417
0.41
0.401
0.419
0.425
0.423
0.416
0.411
0.407
0.41
0.404
0.403
0.408
0.402
0.399
0.42
0.41
0.402
0.409
0.404
0.411
0.418
0.41
0.406
0.405
0.406
0.401
0.406
0.398
0.404
0.399
0.404
0.398
0.399
0.401
0.401
0.409
0.409
0.399
0.408
0.404
0.41
0.41
0.414
0.418
0.413
0.412
0.408
0.418
0.42
0.415
0.42
0.415
0.438
0.434
0.431
0.423
0.415
0.415
0.414
0.414
0.411
0.419
0.415
0.416
0.409
0.416
0.417
0.417
0.414
0.417
0.417
0.438
0.435
0.417
0.416
0.41
0.421
0.415
0.421
0.414
0.432
0.414
0.417
0.418
0.422
0.421
0.431
0.424
0.414
0.405
0.408
0.414
0.405
0.417
0.407
0.403
0.407
0.402
0.407
0.41
0.405
0.41
0.41
0.412
0.414
0.421
0.407
0.408
0.417
0.418
0.411
0.404
0.406
0.409
0.409
0.411
0.413
0.408
0.414
0.41
0.406
0.411
0.408
0.413
0.413
0.412
0.419
0.407
0.401
0.404
0.402
0.409
0.4
0.397
0.402
0.396
0.396
0.391
0.396
0.404
0.396
0.383
0.376
0.381
0.376
0.373
0.376
0.37
0.372
0.375
0.367
0.376
0.382
0.365
0.372
0.366
0.367
0.369
0.369
0.376
0.373
0.366
0.372
0.369
0.374
0.373
0.37
0.375
0.367
0.375
0.378
0.373
0.373
0.378
0.384
0.378
0.386
0.381
0.384
0.387
0.381
0.378
0.378
0.378
0.376
0.375
0.376
0.381
0.384
0.393
0.38
0.387
0.379
0.383
0.376
0.384
0.384
0.385
0.379
0.384
0.38
0.385
0.385
0.382
0.375
0.38
0.373
0.366
0.373
0.371
0.378
0.372
0.372
0.378
0.369
0.372
0.373
0.369
0.378
0.382
0.369
0.37
0.37
0.369
0.367
0.366
0.368
0.363
0.372
0.368
0.364
0.366
0.364
0.364
0.367
0.364
0.373
0.365
0.365
0.361
0.368
0.362
0.367
0.373
0.37
0.363
0.363
0.365
0.364
0.366
0.357
0.363
0.367
0.373
0.374
0.366
0.374
0.369
0.364
0.359
0.359
0.358
0.365
0.367
0.364
0.364
0.371
0.366
0.374
0.373
0.371
0.366
0.367
0.367
0.366
0.365
0.359
0.366
0.373
0.376
0.369
0.363
0.37
0.362
0.361
0.369
0.366
0.368
0.365
0.363
0.367
0.365
0.368
0.374
0.365
0.359
0.366
0.365
0.36
0.369
0.362
0.356
0.359
0.365
0.363
0.362
0.364
0.363
0.363
0.36
0.364
0.36
0.362
0.365
0.371
0.362
0.357
0.362
0.368
0.364
0.363
0.354
0.357
0.36
0.354
0.362
0.355
0.361
0.353
0.358
0.36
0.363
0.356
0.362
0.353
0.355
0.361
0.355
0.363
0.355
0.361
0.361
0.357
0.364
0.362
0.363
0.354
0.361
0.36
0.365
0.357
0.365
0.361
0.366
0.364
0.363
0.362
0.366
0.361
0.361
0.36
0.366
0.362
0.354
0.362
0.359
0.364
0.367
0.361
0.368
0.369
0.375
0.366
0.364
0.367
0.364
0.365
0.364
0.359
0.371
0.367
0.362
0.364
0.362
0.364
0.367
0.359
0.367
0.364
0.356
0.358
0.362
0.358
0.362
0.361
0.366
0.369
0.364
0.356
0.361
0.353
0.355
0.359
0.353
0.357
0.361
0.357
0.351
0.359
0.353
0.359
0.359
0.353
0.36
0.352
0.353
0.358
0.356
0.36
0.357
0.358
0.363
0.355
0.361
0.359
0.361
0.354
0.357
0.36
0.355
0.358
0.354
0.362
0.354
0.359
0.358
0.354
0.359
0.352
0.355
0.359
0.355
0.349
0.359
0.357
0.358
0.359
0.354
0.358
0.36
0.356
0.36
0.357
0.362
0.362
0.354
0.355
0.363
0.357
0.364
0.359
0.353
0.36
0.354
0.355
0.362
0.36
0.352
0.354
0.362
0.353
0.354
0.349
0.353
0.349
0.357
0.35
0.357
0.351
0.354
0.351
0.354
0.348
0.349
0.349
0.353
0.35
0.353
0.35
0.352
0.346
0.349
0.353
0.347
0.354
0.346
0.354
0.348
0.351
0.348
0.351
0.347
0.353
0.347
0.35
0.348
0.349
0.344
0.347
0.351
0.346
0.348
0.346
0.353
0.345
0.347
0.354
0.348
0.699
0.349
0.348
0.346
0.352
0.349
0.354
0.348
0.346
0.35
0.354
0.347
0.354
0.347
0.35
0.354
0.356
0.349
0.343
0.353
0.346
0.354
0.346
0.353
0.356
0.359
0.351
0.363
0.359
0.363
0.357
0.353
0.358
0.357
0.36
0.352
0.358
0.359
0.358
0.353
0.356
0.35
0.352
0.345
0.694
0.694
0.694
0.691
0.692
0.69
0.693
0.695
0.691
0.347
0.347
0.342
0.35
0.348
0.342
0.35
0.344
0.35
0.355
0.344
0.345
0.342
0.349
0.345
0.349
0.341
0.349
0.342
0.342
0.347
0.343
0.34
0.341
0.348
0.345
0.347
0.346
0.351
0.352
0.347
0.354
0.347
0.348
0.35
0.349
0.356
0.356
0.354
0.346
0.339
0.35
0.346
0.347
0.35
0.343
0.698
0.699
0.347
0.345
0.348
0.344
0.349
0.343
0.351
0.344
0.346
0.345
0.35
0.343
0.348
0.344
0.349
0.344
0.35
0.345
0.35
0.692
0.699
0.341
0.343
0.348
0.347
0.343
0.345
0.345
0.687
0.688
0.688
0.688
0.697
0.344
0.339
0.341
0.345
0.345
0.337
0.342
0.345
0.341
0.344
0.34
0.348
0.343
0.348
0.34
0.342
0.343
0.344
0.345
0.345
0.346
0.349
0.342
0.348
0.345
0.344
0.35
0.347
0.346
0.343
0.347
0.347
0.346
0.352
0.352
0.351
0.347
0.342
0.347
0.353
0.347
0.353
0.35
0.354
0.353
0.354
0.354
0.357
0.351
0.354
0.354
0.349
0.355
0.354
0.355
0.354
0.357
0.357
0.355
0.359
0.355
0.356
0.351
0.352
0.346
0.348
0.355
0.349
0.346
0.351
0.69
0.692
0.696
0.697
0.688
0.696
0.699
0.347
0.348
0.351
0.346
0.349
0.345
0.351
0.348
0.35
0.344
0.347
0.354
0.348
0.353
0.349
0.348
0.353
0.351
0.348
0.344
0.35
0.347
0.352
0.344
0.349
0.354
0.351
0.346
0.353
0.35
0.351
0.347
0.346
0.696
0.698
0.342
0.348
0.351
0.353
0.345
0.349
0.351
0.348
0.35
0.344
0.349
0.354
0.352
0.349
0.343
0.349
0.354
0.353
0.351
0.351
0.354
0.351
0.354
0.346
0.351
0.359
0.352
0.358
0.351
0.356
0.35
0.354
0.35
0.354
0.35
0.354
0.348
0.356
0.348
0.355
0.347
0.348
0.354
0.354
0.353
0.354
0.354
0.353
0.355
0.352
0.354
0.352
0.354
0.347
0.354
0.348
0.354
0.349
0.353
0.348
0.353
0.35
0.349
0.347
0.354
0.348
0.345
0.35
0.35
0.344
0.35
0.343
0.344
0.348
0.344
0.35
0.686
0.346
0.342
0.697
0.348
0.347
0.343
0.346
0.346
0.345
0.341
0.343
0.347
0.343
0.344
0.345
0.342
0.345
0.342
0.344
0.344
0.344
0.347
0.341
0.348
0.344
0.346
0.343
0.349
0.342
0.346
0.344
0.34
0.348
0.343
0.344
0.337
0.344
0.345
0.348
0.341
0.343
0.35
0.343
0.35
0.344
0.352
0.354
0.698
0.354
0.349
0.354
0.346
0.351
0.358
0.351
0.352
0.345
0.345
0.345
0.351
0.353
0.356
0.354
0.346
0.352
0.346
0.35
0.344
0.349
0.343
0.346
0.351
0.347
0.352
0.344
0.349
0.342
0.347
0.34
0.348
0.342
0.689
0.342
0.344
0.347
0.687
0.69
0.349
0.341
0.348
0.685
0.348
0.34
0.344
0.336
0.347
0.346
0.346
0.688
0.69
0.354
0.353
0.348
0.349
0.356
0.351
0.346
0.354
0.347
0.355
0.356
0.352
0.356
0.354
0.355
0.349
0.366
0.362
0.36
0.365
0.359
0.366
0.363
0.36
0.364
0.358
0.366
0.365
0.367
0.359
0.366
0.366
0.369
0.364
0.361
0.364
0.362
0.36
0.365
0.363
0.357
0.362
0.366
0.367
0.374
0.367
0.368
0.377
0.368
0.364
0.359
0.372
0.373
0.372
0.373
0.372
0.374
0.378
0.373
0.378
0.381
0.384
0.382
0.375
0.371
0.38
0.383
0.377
0.384
0.378
0.379
0.375
0.377
0.385
0.379
0.381
0.374
0.377
0.374
0.381
0.379
0.382
0.374
0.377
0.384
0.377
0.371
0.376
0.374
0.378
0.377
0.373
0.377
0.381
0.383
0.377
0.393
0.384
0.381
0.38
0.386
0.382
0.391
0.383
0.392
0.393
0.397
0.388
0.386
0.388
0.388
0.386
0.381
0.386
0.382
0.389
0.381
0.389
0.38
0.387
0.395
0.389
0.382
0.386
0.383
0.383
0.381
0.381
0.389
0.385
0.385
0.381
0.382
0.381
0.384
0.381
0.387
0.381
0.386
0.385
0.39
0.39
0.394
0.385
0.384
0.384
0.394
0.393
0.385
0.386
0.394
0.388
0.39
0.387
0.389
0.386
0.393
0.393
0.4
0.391
0.388
0.392
0.389
0.393
0.388
0.393
0.396
0.395
0.388
0.396
0.405
0.396
0.395
0.389
0.395
0.39
0.393
0.392
0.398
0.4
0.393
0.398
0.393
0.396
0.403
0.397
0.399
0.396
0.399
0.396
0.392
0.396
0.395
0.392
0.396
0.399
0.405
0.392
0.394
0.394
0.403
0.396
0.401
0.4
0.396
0.396
0.398
0.396
0.398
0.396
0.398
0.395
0.405
0.396
0.391
0.394
0.396
0.4
0.399
0.398
0.404
0.399
0.4
0.402
0.401
0.4
0.393
0.401
0.397
0.402
0.396
0.405
0.407
0.398
0.399
0.396
0.398
0.394
0.402
0.395
0.395
0.394
0.399
0.397
0.392
0.398
0.39
0.399
0.402
0.397
0.397
0.393
0.389
0.388
0.39
0.395
0.39
0.395
0.403
0.399
0.396
0.389
0.391
0.391
0.393
0.386
0.394
0.395
0.391
0.392
0.387
0.396
0.392
0.388
0.389
0.39
0.383
0.388
0.391
0.386
0.395
0.387
0.393
0.389
0.388
0.39
0.39
0.387
0.392
0.386
0.389
0.395
0.393
0.387
0.388
0.389
0.387
0.388
0.385
0.391
0.382
0.396
0.388
0.393
0.385
0.388
0.388
0.387
0.381
0.387
0.39
0.384
0.384
0.387
0.386
0.385
0.383
0.392
0.395
0.39
0.386
0.386
0.395
0.392
0.399
0.397
0.389
0.394
0.396
0.403
0.397
0.397
0.397
0.393
0.387
0.391
0.385
0.387
0.387
0.387
0.385
0.387
0.386
0.385
0.386
0.383
0.386
0.391
0.383
0.391
0.389
0.385
0.387
0.388
0.39
0.393
0.387
0.383
0.388
0.382
0.39
0.383
0.385
0.385
0.394
0.393
0.387
0.388
0.382
0.386
0.394
0.385
0.387
0.39
0.38
0.376
0.379
0.375
0.367
0.366
0.372
0.371
0.365
0.36
0.365
0.358
0.361
0.356
0.36
0.361
0.361
0.358
0.362
0.353
0.359
0.358
0.354
0.358
0.358
0.363
0.354
0.359
0.354
0.357
0.354
0.354
0.356
0.352
0.357
0.35
0.355
0.352
0.352
0.352
0.349
0.35
0.353
0.348
0.35
0.354
0.355
0.35
0.348
0.35
0.353
0.351
0.348
0.351
0.349
0.355
0.35
0.353
0.351
0.353
0.35
0.355
0.354
0.347
0.348
0.343
0.695
0.697
0.695
0.696
0.695
0.697
0.694
0.692
0.697
0.691
0.693
0.692
0.69
0.691
0.69
0.69
0.688
0.686
0.688
0.685
0.687
0.686
0.686
0.685
0.687
0.682
0.687
0.686
0.346
0.343
0.349
0.346
0.346
0.343
0.344
0.343
0.346
0.343
0.348
0.342
0.349
0.341
0.346
0.341
0.347
0.341
0.343
0.342
0.343
0.342
0.345
0.339
0.347
0.685
0.683
0.684
0.685
0.677
0.692
0.685
0.683
0.685
0.341
0.341
0.342
0.342
0.342
0.343
0.339
0.347
0.339
0.345
0.343
0.34
0.342
0.337
0.343
0.34
0.346
0.345
0.346
0.342
0.345
0.348
0.342
0.348
0.349
0.347
0.345
0.35
0.354
0.349
0.353
0.35
0.354
0.353
0.354
0.353
0.35
0.355
0.353
0.354
0.352
0.351
0.357
0.353
0.356
0.354
0.362
0.357
0.361
0.357
0.36
0.358
0.357
0.361
0.357
0.364
0.36
0.356
0.36
0.364
0.368
0.359
0.363
0.363
0.366
0.358
0.357
0.365
0.372
0.379
0.373
0.378
0.377
0.376
0.375
0.376
0.376
0.383
0.379
0.388
0.379
0.381
0.379
0.376
0.383
0.381
0.38
0.379
0.38
0.377
0.374
0.381
0.376
0.382
0.373
0.382
0.378
0.384
0.379
0.387
0.388
0.382
0.391
0.383
0.398
0.397
0.39
0.395
0.396
0.393
0.395
0.392
0.396
0.389
0.397
0.399
0.397
0.39
0.396
0.395
0.393
0.398
0.39
0.396
0.405
0.395
0.396
0.391
0.397
0.394
0.399
0.406
0.393
0.387
0.367
0.367
0.359
0.364
0.366
0.357
0.363
0.364
0.361
0.363
0.361
0.363
0.357
0.363
0.356
0.356
0.36
0.356
0.362
0.358
0.364
0.361
0.355
0.36
0.358
0.356
0.356
0.358
0.355
0.356
0.362
0.357
0.359
0.354
0.362
0.354
0.359
0.356
0.349
0.355
0.352
0.354
0.35
0.347
0.355
0.354
0.351
0.344
0.346
0.344
0.345
0.346
0.35
0.348
0.354
0.351
0.348
0.351
0.344
0.349
0.344
0.348
0.344
0.35
0.346
0.348
0.342
0.35
0.688
0.689
0.689
0.687
0.345
0.349
0.347
0.346
0.348
0.348
0.345
0.35
0.347
0.344
0.343
0.351
0.349
0.341
0.346
0.354
0.351
0.35
0.347
0.354
0.357
0.353
0.353
0.351
0.35
0.353
0.353
0.354
0.354
0.355
0.351
0.35
0.352
0.355
0.349
0.352
0.356
0.357
0.356
0.356
0.354
0.359
0.36
0.356
0.355
0.358
0.353
0.361
0.354
0.359
0.361
0.36
0.359
0.364
0.361
0.367
0.364
0.363
0.37
0.365
0.364
0.369
0.364
0.367
0.375
0.373
0.369
0.367
0.37
0.371
0.372
0.37
0.375
0.377
0.369
0.377
0.378
0.387
0.381
0.375
0.379
0.377
0.386
0.383
0.38
0.386
0.39
0.385
0.386
0.395
0.391
0.392
0.399
0.396
0.395
0.398
0.398
0.397
0.401
0.408
0.401
0.402
0.404
0.407
0.4
0.404
0.413
0.409
0.407
0.415
0.413
0.411
0.416
0.415
0.417
0.42
0.414
0.418
0.418
0.427
0.43
0.424
0.426
0.435
0.427
0.428
0.428
0.429
0.419
0.422
0.414
0.429
0.422
0.422
0.413
0.422
0.432
0.44
0.43
0.423
0.422
0.424
0.425
0.431
0.423
0.419
0.429
0.419
0.42
0.427
0.42
0.425
0.423
0.421
0.419
0.424
0.421
0.416
0.416
0.421
0.414
0.422
0.429
0.414
0.414
0.416
0.414
0.424
0.409
0.414
0.411
0.415
0.409
0.41
0.4
0.413
0.406
0.408
0.406
0.408
0.405
0.415
0.418
0.409
0.402
0.404
0.418
0.411
0.402
0.411
0.413
0.408
0.412
0.409
0.414
0.409
0.416
0.416
0.414
0.409
0.415
0.423
0.42
0.415
0.408
0.411
0.415
0.417
0.416
0.407
0.405
0.402
0.409
0.416
0.408
0.4
0.398
0.4
0.405
0.408
0.4
0.395
0.399
0.395
0.392
0.386
0.393
0.392
0.394
0.403
0.397
0.396
0.398
0.398
0.394
0.402
0.404
0.395
0.4
0.396
0.396
0.393
0.4
0.404
0.397
0.396
0.404
0.401
0.394
0.398
0.401
0.399
0.4
0.392
0.398
0.395
0.392
0.397
0.399
0.392
0.401
0.393
0.397
0.4
0.403
0.396
0.404
0.397
0.4
0.402
0.403
0.398
0.4
0.402
0.403
0.409
0.403
0.405
0.408
0.415
0.408
0.41
0.419
0.412
0.419
0.424
0.418
0.423
0.432
0.441
0.433
0.424
0.432
0.429
0.436
0.431
0.436
0.434
0.432
0.434
0.434
0.425
0.429
0.432
0.424
0.431
0.435
0.439
0.434
0.437
0.427
0.425
0.427
0.433
0.436
0.443
0.429
0.434
0.429
0.437
0.419
0.42
0.429
0.422
0.421
0.417
0.42
0.428
0.431
0.421
0.416
0.408
0.416
0.418
0.418
0.427
0.424
0.431
0.421
0.417
0.42
0.41
0.415
0.406
0.413
0.405
0.41
0.419
0.418
0.409
0.404
0.411
0.404
0.407
0.404
0.413
0.406
0.409
0.403
0.407
0.406
0.399
0.406
0.406
0.403
0.403
0.404
0.413
0.412
0.421
0.408
0.403
0.413
0.406
0.402
0.411
0.403
0.404
0.404
0.408
0.401
0.409
0.402
0.406
0.405
0.405
0.409
0.402
0.407
0.409
0.406
0.411
0.401
0.409
0.403
0.409
0.415
0.406
0.408
0.406
0.408
0.406
0.408
0.405
0.413
0.408
0.407
0.409
0.407
0.409
0.404
0.406
0.412
0.409
0.411
0.411
0.419
0.422
0.414
0.415
0.424
0.418
0.428
0.43
0.428
0.423
0.432
0.431
0.441
0.436
0.443
0.444
0.451
0.442
0.443
0.446
0.443
0.443
0.447
0.452
0.446
0.452
0.455
0.456
0.456
0.462
0.462
0.456
0.465
0.457
0.459
0.46
0.458
0.469
0.474
0.476
0.476
0.48
0.47
0.48
0.479
0.475
0.479
0.475
0.483
0.476
0.481
0.476
0.482
0.478
0.481
0.487
0.485
0.481
0.482
0.483
0.488
0.481
0.493
0.495
0.495
0.498
0.503
0.497
0.499
0.494
0.503
0.491
0.502
0.496
0.503
0.505
0.512
0.517
0.517
0.524
0.523
0.521
0.533
0.515
0.511
0.511
0.505
0.511
0.517
0.511
0.521
0.518
0.521
0.523
0.526
