0.679
0.664
0.653
0.645
0.618
0.618
0.588
0.595
0.589
0.581
0.569
0.572
0.579
0.521
0.497
0.494
0.487
0.476
0.481
0.47
0.48
0.47
0.477
0.485
0.479
0.489
0.478
0.469
0.463
0.457
0.458
0.46
0.457
0.464
0.474
0.463
0.455
0.458
0.463
0.454
0.463
0.459
0.458
0.465
0.458
0.45
0.452
0.451
0.461
0.461
0.46
0.459
0.451
0.461
0.455
0.46
0.45
0.445
0.451
0.458
0.438
0.441
0.449
0.451
0.449
0.447
0.456
0.445
0.443
0.437
0.447
0.446
0.443
0.442
0.451
0.451
0.443
0.452
0.451
0.446
0.438
0.443
0.448
0.45
0.439
0.447
0.444
0.436
0.429
0.43
0.446
0.436
0.441
0.452
0.448
0.44
0.435
0.436
0.437
0.44
0.436
0.429
0.437
0.438
0.436
0.44
0.445
0.439
0.435
0.444
0.434
0.439
0.444
0.435
0.437
0.437
0.447
0.433
0.441
0.43
0.438
0.437
0.443
0.442
0.436
0.442
0.447
0.436
0.436
0.431
0.431
0.429
0.428
0.43
0.423
0.432
0.439
0.443
0.437
0.437
0.438
0.448
0.423
0.435
0.432
0.427
0.436
0.435
0.442
0.443
0.433
0.434
0.424
0.43
0.436
0.436
0.427
0.433
0.434
0.438
0.44
0.434
0.444
0.446
0.436
0.43
0.426
0.436
0.438
0.438
0.433
0.43
0.434
0.441
0.444
0.434
0.439
0.438
0.431
0.431
0.427
0.433
0.441
0.442
0.438
0.435
0.425
0.428
0.435
0.431
0.437
0.438
0.429
0.435
0.43
0.436
0.435
0.438
0.441
0.434
0.426
0.423
0.427
0.427
0.432
0.438
0.442
0.435
0.438
0.438
0.433
0.438
0.443
0.44
0.435
0.431
0.422
0.429
0.433
0.437
0.432
0.434
0.44
0.44
0.435
0.435
0.43
0.44
0.434
0.437
0.438
0.428
0.435
0.442
0.437
0.436
0.44
0.438
0.433
0.434
0.44
0.449
0.442
0.435
0.438
0.434
0.442
0.431
0.438
0.44
0.442
0.434
0.443
0.436
0.445
0.435
0.437
0.43
0.434
0.444
0.437
0.439
0.439
0.429
0.434
0.442
0.431
0.438
0.436
0.432
0.438
0.441
0.435
0.431
0.434
0.435
0.426
0.428
0.438
0.444
0.444
0.437
0.433
0.433
0.433
0.432
0.431
0.433
0.431
0.421
0.427
0.432
0.425
0.438
0.44
0.433
0.432
0.422
0.434
0.424
0.43
0.444
0.436
0.437
0.428
0.444
0.453
0.449
0.445
0.452
0.434
0.434
0.438
0.439
0.432
0.437
0.433
0.426
0.436
0.438
0.43
0.445
0.438
0.437
0.438
0.439
0.448
0.441
0.443
0.435
0.43
0.42
0.425
0.431
0.432
0.432
0.433
0.435
0.433
0.434
0.428
0.438
0.445
0.436
0.432
0.428
0.434
0.436
0.434
0.442
0.44
0.432
0.433
0.424
0.43
0.439
0.438
0.43
0.432
0.44
0.447
0.443
0.435
0.436
0.427
0.431
0.435
0.428
0.43
0.436
0.443
0.435
0.429
0.421
0.432
0.439
0.44
0.438
0.432
0.429
0.42
0.428
0.428
0.429
0.424
0.43
0.423
0.428
0.421
0.42
0.419
0.429
0.428
0.425
0.417
0.424
0.426
0.419
0.417
0.422
0.418
0.416
0.425
0.428
0.422
0.418
0.426
0.421
0.417
0.422
0.415
0.42
0.419
0.426
0.426
0.428
0.419
0.415
0.419
0.427
0.428
0.419
0.423
0.414
0.413
0.421
0.422
0.416
0.42
0.426
0.423
0.413
0.413
0.413
0.41
0.416
0.415
0.412
0.417
0.418
0.41
0.42
0.413
0.409
0.43
0.436
0.439
0.429
0.425
0.432
0.441
0.429
0.438
0.432
0.43
0.424
0.43
0.428
0.422
0.428
0.425
0.433
0.438
0.435
0.426
0.431
0.432
0.424
0.428
0.431
0.433
0.43
0.424
0.441
0.432
0.435
0.433
0.424
0.432
0.437
0.431
0.427
0.426
0.425
0.434
0.435
0.438
0.439
0.438
0.448
0.435
0.427
0.432
0.429
0.426
0.434
0.435
0.43
0.432
0.435
0.439
0.431
0.422
0.428
0.432
0.438
0.429
0.423
0.42
0.429
0.426
0.429
0.437
0.418
0.423
0.421
0.413
0.422
0.426
0.429
0.426
0.418
0.419
0.419
0.419
0.412
0.419
0.421
0.419
0.423
0.424
0.414
0.422
0.43
0.431
0.423
0.421
0.417
0.425
0.417
0.422
0.416
0.426
0.42
0.425
0.416
0.419
0.417
0.419
0.423
0.413
0.421
0.416
0.422
0.422
0.418
0.424
0.422
0.425
0.419
0.423
0.419
0.429
0.415
0.42
0.423
0.421
0.43
0.422
0.424
0.421
0.423
0.413
0.418
0.425
0.419
0.43
0.422
0.418
0.421
0.423
0.413
0.42
0.422
0.412
0.431
0.422
0.422
0.417
0.409
0.453
0.457
0.458
0.457
0.455
0.465
0.464
0.455
0.451
0.459
0.441
0.435
0.434
0.444
0.436
0.427
0.433
0.434
0.443
0.447
0.437
0.429
0.438
0.434
0.43
0.445
0.437
0.434
0.43
0.432
0.437
0.427
0.43
0.423
0.423
0.432
0.428
0.427
0.433
0.426
0.432
0.428
0.419
0.416
0.416
0.415
0.41
0.42
0.427
0.418
0.421
0.416
0.409
0.416
0.411
0.409
0.417
0.407
0.411
0.42
0.413
0.413
0.421
0.42
0.41
0.415
0.418
0.408
0.413
0.419
0.421
0.413
0.414
0.408
0.409
0.404
0.414
0.414
0.406
0.407
0.4
0.41
0.409
0.409
0.41
0.418
0.414
0.409
0.412
0.407
0.408
0.409
0.418
0.412
0.411
0.411
0.417
0.409
0.412
0.411
0.419
0.413
0.415
0.422
0.417
0.416
0.408
0.414
0.416
0.406
0.41
0.414
0.413
0.414
0.419
0.419
0.426
0.419
0.421
0.417
0.418
0.411
0.424
0.417
0.419
0.413
0.418
0.422
0.418
0.415
0.416
0.416
0.422
0.413
0.422
0.422
0.42
0.418
0.408
0.411
0.407
0.416
0.409
0.415
0.416
0.407
0.415
0.421
0.424
0.431
0.422
0.416
0.422
0.413
0.42
0.413
0.423
0.425
0.419
0.422
0.429
0.422
0.423
0.429
0.421
0.42
0.422
0.428
0.426
0.433
0.432
0.422
0.415
0.437
0.429
0.426
0.427
0.431
0.421
0.422
0.428
0.422
0.414
0.412
0.411
0.416
0.424
0.425
0.419
0.416
0.41
0.411
0.411
0.42
0.403
0.412
0.41
0.425
0.417
0.423
0.423
0.43
0.415
0.414
0.415
0.416
0.406
0.414
0.408
0.409
0.409
0.412
0.412
0.41
0.409
0.402
0.407
0.413
0.405
0.397
0.409
0.415
0.415
0.408
0.405
0.415
0.406
0.402
0.405
0.408
0.411
0.414
0.41
0.4
0.4
0.408
0.407
0.41
0.411
0.419
0.417
0.407
0.412
0.411
0.409
0.408
0.407
0.411
0.41
0.417
0.413
0.408
0.414
0.415
0.419
0.414
0.41
0.406
0.404
0.411
0.412
0.403
0.41
0.405
0.412
0.412
0.407
0.407
0.407
0.415
0.409
0.413
0.407
0.406
0.41
0.41
0.411
0.41
0.41
0.412
0.41
0.412
0.407
0.416
0.409
0.402
0.411
0.406
0.406
0.409
0.399
0.408
0.401
0.414
0.412
0.41
0.414
0.411
0.413
0.432
0.425
0.423
0.422
0.431
0.429
0.423
0.422
0.432
0.433
0.443
0.436
0.428
0.441
0.435
0.425
0.438
0.44
0.438
0.441
0.436
0.428
0.422
0.429
0.423
0.422
0.427
0.436
0.434
0.425
0.424
0.42
0.429
0.425
0.428
0.428
0.424
0.421
0.431
0.424
0.426
0.432
0.44
0.431
0.429
0.436
0.428
0.425
0.42
0.436
0.426
0.422
0.427
0.43
0.426
0.422
0.429
0.437
0.44
0.442
0.436
0.434
0.425
0.426
0.425
0.423
0.428
0.438
0.423
0.431
0.428
0.423
0.423
0.42
0.414
0.427
0.424
0.426
0.416
0.423
0.43
0.429
0.423
0.427
0.426
0.424
0.418
0.416
0.425
0.431
0.424
0.421
0.413
0.429
0.428
0.426
0.42
0.419
0.423
0.418
0.415
0.418
0.425
0.423
0.428
0.429
0.422
0.424
0.433
0.436
0.433
0.425
0.422
0.431
0.426
0.421
0.42
0.422
0.421
0.424
0.422
0.421
0.418
0.428
0.427
0.426
0.422
0.417
0.425
0.415
0.42
0.426
0.429
0.426
0.417
0.418
0.432
0.428
0.426
0.436
0.426
0.422
0.425
0.43
0.432
0.432
0.424
0.418
0.423
0.431
0.428
0.421
0.431
0.425
0.416
0.426
0.425
0.425
0.423
0.428
0.423
0.415
0.416
0.425
0.42
0.418
0.425
0.42
0.423
0.416
0.423
0.422
0.42
0.424
0.423
0.416
0.419
0.41
0.418
0.415
0.42
0.417
0.427
0.422
0.412
0.418
0.408
0.418
0.415
0.415
0.428
0.421
0.417
0.42
0.41
0.414
0.422
0.418
0.414
0.416
0.419
0.418
0.426
0.427
0.432
0.424
0.417
0.418
0.42
0.423
0.424
0.427
0.425
0.428
0.433
0.438
0.432
0.43
0.426
0.427
0.437
0.442
0.435
0.427
0.434
0.432
0.428
0.433
0.441
0.434
0.443
0.435
0.436
0.433
0.43
0.439
0.438
0.438
0.431
0.441
0.436
0.435
0.425
0.434
0.431
0.438
0.43
0.427
0.433
0.438
0.428
0.429
0.432
0.429
0.424
0.421
0.431
0.423
0.433
0.427
0.424
0.416
0.414
0.416
0.423
0.412
0.421
0.412
0.418
0.417
0.424
0.422
0.419
0.41
0.416
0.419
0.424
0.418
0.41
0.418
0.413
0.418
0.417
0.417
0.412
0.413
0.411
0.42
0.412
0.419
0.415
0.424
0.416
0.41
0.416
0.409
0.421
0.419
0.422
0.412
0.42
0.416
0.414
0.413
0.409
0.414
0.409
0.416
0.408
0.41
0.409
0.407
0.41
0.408
0.41
0.407
0.405
0.408
0.41
0.41
0.418
0.411
0.414
0.413
0.415
0.412
0.413
0.411
0.408
0.416
0.414
0.41
0.418
0.419
0.409
0.418
0.425
0.417
0.415
0.422
0.418
0.421
0.422
0.415
0.42
0.423
0.417
0.427
0.428
0.422
0.432
0.429
0.431
0.422
0.423
0.432
0.423
0.417
0.42
0.413
0.419
0.414
0.425
0.43
0.42
0.414
0.42
0.42
0.418
0.42
0.415
0.421
0.418
0.415
0.425
0.434
0.42
0.428
0.434
0.423
0.418
0.427
0.426
0.417
0.423
0.419
0.422
0.418
0.416
0.42
0.421
0.412
0.417
0.416
0.412
0.418
0.423
0.417
0.42
0.417
0.418
0.423
0.424
0.427
0.422
0.423
0.418
0.435
0.422
0.414
0.422
0.422
0.416
0.424
0.428
0.427
0.419
0.416
0.42
0.427
0.433
0.424
0.42
0.422
0.417
0.426
0.417
0.426
0.436
0.426
0.433
0.437
0.442
0.429
0.426
0.425
0.429
0.426
0.436
0.427
0.423
0.428
0.419
0.426
0.421
0.419
0.419
0.41
0.414
0.406
0.415
0.418
0.413
0.422
0.413
0.423
0.426
0.427
0.425
0.422
0.416
0.414
0.422
0.424
0.424
0.42
0.428
0.424
0.42
0.416
0.419
0.414
0.422
0.421
0.426
0.42
0.421
0.424
0.416
0.422
0.421
0.427
0.422
0.422
0.414
0.42
0.429
0.419
0.409
0.427
0.421
0.422
0.416
0.422
0.42
0.416
0.425
0.424
0.423
0.415
0.42
0.417
0.422
0.425
0.422
0.421
0.412
0.421
0.417
0.421
0.422
0.415
0.424
0.421
0.419
0.414
0.418
0.418
0.414
0.417
0.41
0.419
0.417
0.41
0.414
0.419
0.412
0.416
0.416
0.415
0.42
0.42
0.416
0.422
0.413
0.422
0.412
0.417
0.417
0.412
0.415
0.417
0.421
0.413
0.414
0.424
0.417
0.414
0.422
0.414
0.416
0.407
0.418
0.413
0.409
0.418
0.418
0.409
0.41
0.413
0.413
0.42
0.412
0.406
0.414
0.421
0.424
0.424
0.42
0.419
0.412
0.417
0.41
0.42
0.424
0.418
0.412
0.412
0.423
0.421
0.417
0.409
0.414
0.412
0.407
0.414
0.404
0.411
0.421
0.412
0.41
0.412
0.403
0.412
0.415
0.415
0.413
0.412
0.405
0.412
0.404
0.413
0.409
0.412
0.403
0.41
0.407
0.408
0.405
0.406
0.412
0.416
0.41
0.4
0.406
0.402
0.41
0.42
0.413
0.407
0.413
0.404
0.413
0.418
0.418
0.419
0.418
0.412
0.412
0.419
0.413
0.405
0.413
0.409
0.408
0.408
0.413
0.407
0.404
0.414
0.407
0.401
0.413
0.413
0.418
0.412
0.416
0.407
0.414
0.411
0.414
0.419
0.413
0.409
0.413
0.412
0.416
0.425
0.417
0.409
0.414
0.415
0.41
0.416
0.425
0.42
0.416
0.424
0.421
0.428
0.426
0.433
0.428
0.43
0.421
0.422
0.424
0.429
0.424
0.42
0.419
0.424
0.425
0.422
0.429
0.431
0.421
0.429
0.424
0.421
0.431
0.423
0.433
0.432
0.424
0.427
0.421
0.425
0.421
0.423
0.427
0.426
0.427
0.422
0.415
0.422
0.431
0.426
0.418
0.413
0.423
0.421
0.412
0.415
0.416
0.411
0.416
0.414
0.422
0.414
0.416
0.41
0.416
0.418
0.421
0.416
0.415
0.413
0.413
0.418
0.41
0.413
0.416
0.408
0.412
0.417
0.418
0.427
0.416
0.421
0.419
0.412
0.413
0.412
0.415
0.424
0.421
0.416
0.414
0.412
0.409
0.416
0.413
0.41
0.415
0.412
0.417
0.417
0.421
0.414
0.413
0.414
0.407
0.415
0.419
0.428
0.416
0.416
0.416
0.409
0.419
0.412
0.41
0.408
0.413
0.418
0.409
0.414
0.413
0.409
0.414
0.407
0.419
0.414
0.408
0.413
0.412
0.42
0.41
0.413
0.408
0.417
0.423
0.414
0.421
0.416
0.422
0.414
0.417
0.416
0.41
0.412
0.413
0.411
0.411
0.408
0.415
0.423
0.414
0.41
0.418
0.409
0.405
0.401
0.404
0.41
0.404
0.413
0.416
0.413
0.409
0.409
0.399
0.402
0.402
0.41
0.408
0.416
0.415
0.412
0.403
0.411
0.407
0.407
0.402
0.411
0.411
0.403
0.415
0.407
0.407
0.409
0.403
0.413
0.419
0.412
0.411
0.402
0.403
0.409
0.401
0.414
0.413
0.412
0.404
0.416
0.415
0.413
0.408
0.412
0.407
0.407
0.414
0.42
0.414
0.412
0.405
0.408
0.415
0.411
0.413
0.409
0.416
0.423
0.421
0.416
0.417
0.414
0.422
0.415
0.415
0.423
0.416
0.424
0.419
0.421
0.426
0.421
0.428
0.432
0.43
0.435
0.426
0.439
0.447
0.447
