0.699
0.637
0.633
0.628
0.625
0.612
0.618
0.609
0.582
0.56
0.545
0.532
0.522
0.534
0.536
0.491
0.491
0.481
0.483
0.479
0.488
0.485
0.479
0.47
0.474
0.476
0.478
0.467
0.467
0.455
0.459
0.451
0.446
0.442
0.443
0.446
0.435
0.451
0.354
0.425
0.428
0.418
0.414
0.438
0.439
0.434
0.429
0.433
0.434
0.433
0.438
0.448
0.414
0.412
0.417
0.36
0.36
0.354
0.406
0.407
0.415
0.413
0.366
0.359
0.356
0.359
0.414
0.422
0.429
0.438
0.436
0.438
0.436
0.429
0.431
0.44
0.407
0.407
0.408
0.418
0.411
0.407
0.423
0.419
0.409
0.409
0.408
0.415
0.41
0.409
0.411
0.413
0.415
0.409
0.412
0.407
0.401
0.424
0.419
0.419
0.409
0.41
0.396
0.424
0.422
0.409
0.417
0.418
0.42
0.414
0.423
0.414
0.397
0.418
0.418
0.408
0.401
0.404
0.406
0.403
0.399
0.411
0.406
0.407
0.403
0.404
0.398
0.408
0.411
0.402
0.394
0.4
0.394
0.402
0.412
0.402
0.394
0.423
0.41
0.413
0.411
0.405
0.4
0.414
0.412
0.408
0.406
0.411
0.401
0.391
0.418
0.407
0.399
0.405
0.402
0.412
0.422
0.391
0.422
0.402
0.397
0.392
0.396
0.393
0.413
0.403
0.402
0.396
0.397
0.405
0.4
0.396
0.411
0.402
0.408
0.416
0.421
0.416
0.409
0.425
0.404
0.413
0.416
0.426
0.407
0.407
0.407
0.424
0.408
0.412
0.408
0.422
0.412
0.419
0.426
0.416
0.414
0.41
0.412
0.411
0.417
0.409
0.415
0.42
0.417
0.414
0.407
0.411
0.418
0.423
0.422
0.412
0.406
0.408
0.401
0.409
0.412
0.421
0.429
0.403
0.403
0.416
0.412
0.42
0.411
0.428
0.41
0.434
0.405
0.411
0.405
0.404
0.409
0.418
0.408
0.411
0.406
0.402
0.414
0.425
0.42
0.393
0.404
0.408
0.401
0.396
0.408
0.406
0.414
0.407
0.399
0.398
0.398
0.393
0.402
0.399
0.394
0.396
0.397
0.394
0.386
0.407
0.39
0.388
0.395
0.403
0.406
0.401
0.403
0.396
0.39
0.384
0.395
0.398
0.391
0.385
0.397
0.399
0.392
0.383
0.391
0.388
0.394
0.396
0.396
0.401
0.395
0.399
0.404
0.4
0.405
0.409
0.406
0.403
0.396
0.398
0.396
0.389
0.397
0.396
0.396
0.399
0.393
0.395
0.4
0.396
0.395
0.396
0.392
0.399
0.397
0.396
0.41
0.416
0.406
0.411
0.398
0.406
0.405
0.398
0.402
0.411
0.404
0.404
0.411
0.409
0.401
0.395
0.406
0.407
0.401
0.407
0.409
0.406
0.399
0.405
0.403
0.406
0.406
0.401
0.405
0.409
0.409
0.41
0.406
0.41
0.411
0.418
0.418
0.414
0.407
0.405
0.403
0.409
0.411
0.404
0.411
0.405
0.411
0.406
0.401
0.408
0.409
0.413
0.408
0.406
0.402
0.403
0.404
0.413
0.418
0.413
0.403
0.395
0.4
0.408
0.399
0.396
0.405
0.411
0.406
0.407
0.396
0.402
0.4
0.403
0.408
0.41
0.405
0.404
0.396
0.404
0.405
0.413
0.417
0.404
0.403
0.406
0.397
0.388
0.406
0.399
0.399
0.4
0.406
0.408
0.401
0.393
0.398
0.398
0.406
0.399
0.39
0.398
0.399
0.397
0.409
0.408
0.404
0.403
0.4
0.419
0.413
0.413
0.404
0.398
0.407
0.403
0.409
0.418
0.427
0.411
0.41
0.414
0.425
0.418
0.422
0.413
0.417
0.412
0.408
0.405
0.413
0.416
0.408
0.413
0.419
0.421
0.412
0.415
0.409
0.414
0.407
0.419
0.419
0.41
0.41
0.419
0.419
0.413
0.413
0.411
0.409
0.427
0.41
0.414
0.424
0.414
0.411
0.426
0.412
0.406
0.415
0.409
0.41
0.406
0.407
0.414
0.412
0.404
0.411
0.408
0.416
0.409
0.414
0.41
0.409
0.398
0.397
0.403
0.399
0.393
0.397
0.394
0.388
0.398
0.396
0.39
0.396
0.396
0.403
0.4
0.401
0.392
0.395
0.402
0.399
0.395
0.396
0.404
0.414
0.406
0.409
0.399
0.406
0.396
0.391
0.4
0.407
0.406
0.398
0.391
0.399
0.401
0.403
0.398
0.404
0.397
0.398
0.394
0.402
0.398
0.391
0.401
0.409
0.41
0.394
0.391
0.396
0.402
0.398
0.391
0.398
0.39
0.388
0.387
0.392
0.396
0.391
0.393
0.391
0.382
0.388
0.396
0.389
0.388
0.381
0.375
0.386
0.393
0.395
0.385
0.382
0.391
0.382
0.373
0.384
0.375
0.377
0.381
0.372
0.387
0.385
0.377
0.38
0.378
0.373
0.365
0.373
0.375
0.383
0.379
0.383
0.374
0.365
0.371
0.367
0.387
0.387
0.383
0.378
0.374
0.367
0.373
0.381
0.382
0.375
0.366
0.374
0.375
0.372
0.365
0.371
0.373
0.37
0.372
0.371
0.37
0.374
0.37
0.363
0.365
0.373
0.373
0.367
0.362
0.37
0.368
0.366
0.36
0.372
0.365
0.374
0.371
0.365
0.374
0.371
0.365
0.369
0.361
0.369
0.365
0.367
0.366
0.364
0.371
0.362
0.368
0.362
0.368
0.366
0.369
0.365
0.361
0.37
0.365
0.373
0.365
0.357
0.37
0.37
0.357
0.365
0.363
0.361
0.367
0.364
0.362
0.365
0.358
0.359
0.357
0.357
0.358
0.355
0.362
0.363
0.354
0.37
0.363
0.366
0.358
0.372
0.366
0.361
0.368
0.36
0.367
0.366
0.361
0.363
0.362
0.362
0.358
0.364
0.359
0.359
0.367
0.367
0.367
0.363
0.363
0.363
0.367
0.364
0.364
0.365
0.365
0.365
0.368
0.361
0.363
0.358
0.36
0.36
0.361
0.356
0.36
0.356
0.356
0.364
0.361
0.365
0.359
0.362
0.357
0.362
0.357
0.36
0.362
0.355
0.362
0.355
0.363
0.354
0.359
0.352
0.359
0.354
0.359
0.353
0.359
0.355
0.358
0.357
0.354
0.351
0.353
0.354
0.354
0.356
0.351
0.35
0.351
0.352
0.35
0.356
0.352
0.349
0.35
0.351
0.354
0.35
0.356
0.348
0.356
0.348
0.355
0.354
0.354
0.354
0.353
0.354
0.694
0.694
0.343
0.355
0.356
0.356
0.349
0.349
0.352
0.35
0.351
0.352
0.348
0.355
0.353
0.353
0.348
0.354
0.354
0.353
0.347
0.354
0.355
0.349
0.356
0.353
0.356
0.355
0.357
0.35
0.356
0.355
0.35
0.358
0.356
0.349
0.357
0.354
0.355
0.35
0.358
0.359
0.351
0.353
0.354
0.347
0.358
0.354
0.357
0.35
0.355
0.353
0.357
0.35
0.349
0.353
0.352
0.354
0.361
0.359
0.353
0.351
0.352
0.347
0.352
0.354
0.351
0.354
0.353
0.357
0.354
0.697
0.689
0.352
0.691
0.691
0.351
0.345
0.345
0.349
0.35
0.343
0.347
0.353
0.698
0.694
0.698
0.355
0.345
0.347
0.344
0.351
0.691
0.698
0.35
0.348
0.346
0.346
0.345
0.351
0.352
0.351
0.349
0.352
0.346
0.345
0.351
0.344
0.349
0.344
0.346
0.346
0.344
0.346
0.35
0.344
0.35
0.348
0.348
0.344
0.35
0.352
0.35
0.347
0.354
0.35
0.351
0.351
0.343
0.348
0.353
0.354
0.697
0.354
0.349
0.348
0.352
0.347
0.354
0.346
0.349
0.693
0.347
0.346
0.345
0.348
0.35
0.345
0.349
0.689
0.683
0.337
0.349
0.342
0.341
0.346
0.342
0.343
0.347
0.348
0.34
0.343
0.345
0.339
0.347
0.341
0.342
0.339
0.344
0.343
0.348
0.343
0.345
0.348
0.344
0.342
0.341
0.345
0.338
0.34
0.342
0.345
0.352
0.35
0.342
0.348
0.348
0.346
0.35
0.697
0.352
0.349
0.348
0.345
0.35
0.351
0.349
0.353
0.349
0.354
0.35
0.355
0.352
0.346
0.35
0.354
0.347
0.353
0.35
0.349
0.348
0.345
0.346
0.353
0.353
0.349
0.352
0.347
0.352
0.351
0.353
0.345
0.352
0.347
0.35
0.35
0.347
0.353
0.351
0.347
0.351
0.353
0.349
0.349
0.349
0.342
0.35
0.342
0.346
0.35
0.35
0.699
0.346
0.346
0.35
0.343
0.351
0.352
0.346
0.354
0.349
0.352
0.35
0.348
0.352
0.35
0.345
0.352
0.35
0.354
0.347
0.339
0.347
0.354
0.349
0.342
0.35
0.351
0.351
0.347
0.345
0.351
0.355
0.352
0.344
0.346
0.35
0.352
0.356
0.356
0.353
0.353
0.349
0.353
0.353
0.358
0.359
0.354
0.356
0.35
0.35
0.353
0.356
0.352
0.346
0.358
0.353
0.347
0.359
0.354
0.349
0.357
0.35
0.358
0.354
0.353
0.353
0.359
0.358
0.355
0.352
0.358
0.353
0.349
0.354
0.355
0.349
0.353
0.359
0.351
0.355
0.355
0.351
0.357
0.346
0.35
0.353
0.354
0.352
0.355
0.356
0.354
0.349
0.361
0.35
0.354
0.358
0.357
0.36
0.356
0.359
0.356
0.356
0.354
0.362
0.354
0.355
0.354
0.362
0.357
0.361
0.358
0.352
0.355
0.358
0.363
0.36
0.359
0.361
0.354
0.354
0.353
0.357
0.356
0.364
0.36
0.363
0.361
0.357
0.361
0.361
0.361
0.361
0.365
0.362
0.362
0.362
0.358
0.364
0.359
0.366
0.365
0.359
0.367
0.363
0.37
0.367
0.365
0.363
0.367
0.359
0.364
0.367
0.362
0.366
0.369
0.367
0.368
0.365
0.368
0.367
0.359
0.369
0.37
0.376
0.373
0.373
0.369
0.363
0.364
0.371
0.363
0.37
0.372
0.37
0.365
0.367
0.369
0.374
0.365
0.372
0.369
0.371
0.365
0.371
0.363
0.372
0.365
0.366
0.367
0.364
0.369
0.361
0.37
0.363
0.364
0.362
0.368
0.365
0.367
0.363
0.358
0.361
0.36
0.363
0.365
0.361
0.36
0.364
0.355
0.36
0.364
0.358
0.364
0.358
0.352
0.36
0.361
0.357
0.36
0.362
0.357
0.357
0.359
0.357
0.36
0.36
0.357
0.363
0.359
0.359
0.359
0.362
0.355
0.361
0.354
0.36
0.353
0.36
0.352
0.356
0.361
0.356
0.356
0.359
0.355
0.357
0.351
0.359
0.358
0.355
0.357
0.354
0.36
0.352
0.358
0.357
0.35
0.354
0.349
0.351
0.354
0.354
0.354
0.347
0.354
0.354
0.346
0.354
0.346
0.354
0.354
0.35
0.354
0.348
0.352
0.352
0.351
0.35
0.351
0.352
0.345
0.354
0.348
0.353
0.349
0.353
0.346
0.352
0.35
0.344
0.351
0.351
0.35
0.343
0.699
0.355
0.349
0.342
0.697
0.696
0.695
0.693
0.346
0.351
0.698
0.351
0.689
0.689
0.691
0.35
0.688
0.693
0.693
0.697
0.693
0.344
0.35
0.345
0.349
0.351
0.346
0.354
0.347
0.346
0.352
0.346
0.343
0.344
0.347
0.35
0.352
0.696
0.694
0.348
0.351
0.348
0.346
0.348
0.351
0.349
0.343
0.343
0.348
0.356
0.348
0.349
0.345
0.346
0.352
0.348
0.351
0.355
0.35
0.351
0.354
0.351
0.356
0.352
0.356
0.353
0.354
0.348
0.352
0.357
0.352
0.36
0.353
0.356
0.354
0.347
0.353
0.353
0.359
0.354
0.356
0.355
0.35
0.349
0.357
0.35
0.35
0.358
0.361
0.353
0.356
0.355
0.36
0.356
0.356
0.359
0.361
0.352
0.357
0.364
0.366
0.362
0.357
0.361
0.362
0.359
0.358
0.361
0.364
0.362
0.361
0.356
0.365
0.362
0.368
0.36
0.361
0.364
0.367
0.362
0.36
0.367
0.363
0.368
0.36
0.364
0.364
0.365
0.37
0.361
0.368
0.373
0.367
0.361
0.369
0.364
0.372
0.364
0.367
0.374
0.374
0.381
0.379
0.372
0.368
0.36
0.368
0.364
0.356
0.361
0.363
0.368
0.363
0.358
0.365
0.357
0.362
0.358
0.361
0.355
0.36
0.361
0.358
0.366
0.36
0.364
0.359
0.364
0.362
0.371
0.363
0.366
0.374
0.368
0.363
0.37
0.361
0.37
0.365
0.365
0.373
0.364
0.369
0.368
0.37
0.364
0.37
0.363
0.37
0.363
0.372
0.358
0.358
0.365
0.357
0.365
0.358
0.36
0.36
0.357
0.355
0.361
0.353
0.36
0.354
0.355
0.354
0.356
0.355
0.354
0.354
0.354
0.347
0.348
0.354
0.354
0.348
0.354
0.352
0.699
0.347
0.698
0.696
0.352
0.35
0.349
0.351
0.352
0.351
0.353
0.349
0.354
0.349
0.354
0.698
0.698
0.691
0.346
0.354
0.695
0.351
0.349
0.352
0.354
0.351
0.347
0.354
0.348
0.353
0.353
0.346
0.351
0.345
0.346
0.348
0.352
0.344
0.351
0.346
0.348
0.351
0.346
0.348
0.345
0.351
0.352
0.346
0.352
0.351
0.345
0.353
0.346
0.344
0.347
0.348
0.345
0.349
0.349
0.351
0.345
0.353
0.351
0.354
0.354
0.352
0.351
0.351
0.354
0.35
0.353
0.351
0.352
0.352
0.346
0.351
0.353
0.358
0.351
0.347
0.346
0.361
0.353
0.354
0.351
0.356
0.353
0.35
0.353
0.354
0.348
0.352
0.354
0.357
0.356
0.351
0.354
0.353
0.357
0.35
0.355
0.363
0.355
0.353
0.359
0.352
0.359
0.358
0.363
0.372
0.371
0.365
0.369
0.364
0.365
0.373
0.369
0.365
0.369
0.36
0.367
0.364
0.361
0.367
0.372
0.362
0.362
0.37
0.37
0.367
0.362
0.356
0.362
0.364
0.363
0.361
0.37
0.364
0.373
0.366
0.37
0.362
0.368
0.365
0.366
0.368
0.361
0.365
0.367
0.363
0.371
0.364
0.373
0.371
0.374
0.373
0.375
0.368
0.372
0.379
0.372
0.38
0.371
0.372
0.379
0.376
0.381
0.377
0.377
0.377
0.383
0.375
0.367
0.373
0.367
0.373
0.381
0.379
0.376
0.382
0.374
0.372
0.372
0.373
0.367
0.375
0.371
0.364
0.372
0.365
0.373
0.379
0.381
0.376
0.385
0.377
0.382
0.38
0.384
0.378
0.385
0.377
0.383
0.376
0.385
0.383
0.375
0.382
0.374
0.372
0.376
0.381
0.38
0.382
0.373
0.369
0.378
0.374
0.377
0.375
0.373
0.373
0.376
0.367
0.367
0.371
0.375
0.375
0.378
0.369
0.377
0.377
0.373
0.373
0.377
0.374
0.373
0.38
0.372
0.38
0.376
0.382
0.373
0.376
0.381
0.374
0.383
0.379
0.372
0.369
0.377
0.375
0.372
0.38
0.373
0.369
0.376
0.369
0.376
0.367
0.374
0.368
0.364
0.37
0.373
0.371
0.376
0.37
0.374
0.373
0.374
0.376
0.373
0.372
0.375
0.376
0.374
0.366
0.372
0.379
0.373
0.38
0.366
0.371
0.377
0.372
0.368
0.374
0.368
0.374
0.365
0.369
0.372
0.364
0.37
0.374
0.367
0.362
0.363
0.372
0.373
0.368
0.373
0.367
0.365
0.374
0.38
0.374
0.37
0.372
0.381
0.381
0.377
0.385
0.385
0.376
0.379
0.374
0.373
0.381
0.382
0.376
0.37
0.379
0.371
0.374
0.375
0.379
0.371
0.375
0.378
0.376
0.378
0.376
0.376
0.373
0.38
0.372
0.375
0.368
0.37
0.375
0.37
0.372
0.37
0.377
0.368
0.375
0.372
0.377
0.375
0.372
0.374
0.382
0.381
0.372
0.374
0.381
0.372
0.381
0.374
0.381
0.381
0.381
0.378
0.381
0.377
0.38
0.381
0.375
0.384
0.375
0.382
0.373
0.37
0.374
0.377
0.383
0.378
0.375
0.368
0.372
0.38
0.372
0.379
0.368
0.362
0.363
0.355
0.366
0.363
0.357
0.361
0.36
0.361
0.359
0.358
0.363
0.357
0.362
0.358
0.364
0.355
0.355
0.359
0.352
0.359
0.353
0.354
0.36
0.356
0.352
0.36
0.357
0.358
0.352
0.356
0.356
0.362
0.356
0.354
0.359
0.356
0.361
0.353
0.354
0.36
0.366
0.363
0.363
0.356
0.358
0.363
0.367
0.36
0.365
0.362
0.366
0.365
0.365
0.362
0.366
0.359
0.366
0.365
0.363
0.371
0.363
0.371
0.364
0.367
0.367
0.367
0.368
0.365
0.37
0.373
0.367
0.374
0.368
0.377
0.368
0.377
0.377
0.371
0.376
0.37
0.373
0.37
0.378
0.374
0.373
0.365
0.367
0.372
0.363
0.369
0.378
0.369
0.377
0.369
0.376
0.367
0.375
0.374
0.372
0.375
0.367
0.374
0.374
0.367
0.369
0.376
0.369
0.378
0.373
0.375
0.37
0.378
0.378
0.381
0.376
0.373
0.372
0.371
0.369
0.376
0.368
0.375
0.371
0.376
0.367
0.369
0.367
0.361
0.367
0.367
0.365
0.363
0.367
0.359
0.366
0.369
0.367
0.362
0.36
0.362
0.361
0.361
0.358
0.363
0.362
0.357
0.363
0.355
0.358
0.356
0.361
0.357
0.361
0.357
0.361
0.36
0.359
0.359
0.357
0.353
0.354
0.356
0.356
0.364
0.357
0.353
0.353
0.361
0.355
0.359
0.36
0.36
0.362
0.361
0.364
0.358
0.36
0.36
0.358
0.362
0.354
0.364
0.364
0.363
0.359
0.364
0.36
0.354
0.358
0.359
0.363
0.366
0.364
0.364
0.369
0.362
0.357
0.361
0.366
0.369
0.36
0.368
0.371
0.362
0.367
0.367
0.375
0.367
0.375
0.369
0.365
0.37
0.365
0.356
0.361
0.364
0.362
0.369
0.368
0.371
0.363
0.372
0.374
0.372
0.37
0.371
0.375
0.371
0.377
0.374
0.375
0.367
0.373
0.381
0.382
0.374
0.376
0.376
0.374
0.379
0.374
0.38
0.377
0.382
0.377
0.381
0.378
0.386
0.381
0.378
0.382
0.38
0.384
0.376
0.383
0.381
0.376
0.385
0.377
0.379
0.381
0.379
0.379
0.374
0.38
0.383
0.376
0.374
0.371
0.375
0.381
0.376
0.376
0.369
0.373
0.38
0.377
0.379
0.38
0.376
0.372
0.376
0.37
0.37
0.377
0.37
0.378
0.37
0.378
0.376
0.376
0.37
0.376
0.378
0.373
0.374
0.368
0.37
0.377
0.379
0.376
0.384
0.383
0.374
0.383
0.386
0.379
0.371
0.376
0.371
0.38
0.377
0.381
0.369
0.367
0.373
0.367
0.374
0.37
0.371
0.368
0.366
0.374
0.373
0.379
0.367
0.363
0.367
0.36
0.366
0.361
0.362
0.359
0.358
0.354
0.364
0.36
0.361
0.356
0.359
0.353
0.358
0.354
0.356
0.358
0.354
0.359
0.351
0.356
0.359
0.357
0.355
0.354
0.354
0.353
0.356
0.353
0.355
0.349
0.357
0.352
0.353
0.35
0.355
0.354
0.359
0.359
0.353
0.358
0.353
0.355
0.354
0.357
0.365
0.356
0.359
0.354
0.358
0.358
0.362
0.354
0.356
0.363
0.356
0.362
0.356
0.361
0.362
0.359
0.361
0.355
0.363
0.359
0.364
0.36
0.362
0.358
0.362
0.36
0.359
0.366
0.361
0.364
0.357
0.363
0.361
0.359
0.361
0.362
0.363
0.355
0.363
0.354
0.359
0.361
0.36
0.366
0.36
0.364
0.364
0.366
0.361
0.366
0.361
0.364
0.363
0.36
0.366
0.366
0.368
0.366
0.361
0.367
0.371
0.368
0.365
0.364
0.373
0.369
0.367
0.364
0.373
0.366
0.374
0.365
0.373
0.365
0.369
0.368
0.367
0.37
0.361
0.368
0.37
0.378
0.368
0.371
0.374
0.367
0.375
0.369
0.376
0.376
0.368
0.366
0.374
0.374
0.375
0.369
0.373
0.368
0.373
0.366
0.367
0.373
0.374
0.367
0.367
0.371
0.361
0.363
0.362
0.366
0.361
0.362
0.354
0.365
0.363
0.358
0.353
0.357
0.354
0.358
0.356
0.358
0.354
0.355
0.352
0.353
0.346
0.351
0.354
0.35
0.354
0.352
0.352
0.354
0.351
0.353
0.35
0.351
0.352
0.353
0.349
0.348
0.354
0.354
0.35
0.354
0.35
0.353
0.352
0.35
0.353
0.349
0.351
0.348
0.352
0.349
0.349
0.354
0.353
0.35
0.345
0.349
0.344
0.35
0.354
0.347
0.352
0.352
0.351
0.355
0.349
0.357
0.353
0.353
0.354
0.354
0.355
0.352
0.355
0.356
0.354
