0.553
0.507
0.489
0.468
0.458
0.433
0.442
0.411
0.404
0.396
0.393
0.4
0.403
0.393
0.394
0.389
0.391
0.392
0.392
0.385
0.392
0.384
0.383
0.378
0.378
0.379
0.381
0.376
0.374
0.381
0.38
0.371
0.367
0.375
0.381
0.36
0.358
0.354
0.356
0.364
0.363
0.364
0.372
0.366
0.363
0.367
0.364
0.369
0.37
0.371
0.375
0.372
0.375
0.37
0.386
0.379
0.394
0.386
0.39
0.396
0.388
0.402
0.399
0.4
0.397
0.402
0.395
0.388
0.393
0.396
0.396
0.395
0.393
0.399
0.391
0.387
0.399
0.383
0.387
0.393
0.369
0.363
0.371
0.371
0.37
0.362
0.363
0.362
0.363
0.365
0.362
0.36
0.362
0.362
0.353
0.36
0.353
0.356
0.36
0.352
0.358
0.358
0.366
0.361
0.354
0.357
0.351
0.362
0.36
0.364
0.371
0.363
0.363
0.363
0.359
0.365
0.357
0.361
0.363
0.364
0.372
0.376
0.37
0.366
0.365
0.359
0.364
0.364
0.359
0.365
0.368
0.366
0.366
0.371
0.367
0.372
0.366
0.363
0.366
0.375
0.368
0.368
0.374
0.375
0.377
0.383
0.383
0.38
0.373
0.375
0.376
0.379
0.377
0.389
0.387
0.392
0.386
0.383
0.384
0.379
0.39
0.389
0.388
0.39
0.382
0.381
0.38
0.374
0.377
0.371
0.37
0.372
0.366
0.369
0.362
0.369
0.37
0.371
0.363
0.363
0.362
0.359
0.364
0.356
0.363
0.356
0.364
0.359
0.36
0.354
0.353
0.36
0.352
0.362
0.355
0.352
0.358
0.35
0.698
0.699
0.343
0.354
0.352
0.353
0.35
0.351
0.349
0.356
0.352
0.349
0.357
0.354
0.359
0.361
0.362
0.36
0.361
0.354
0.357
0.362
0.37
0.363
0.36
0.36
0.365
0.362
0.357
0.355
0.359
0.361
0.357
0.364
0.356
0.364
0.359
0.356
0.361
0.364
0.363
0.364
0.368
0.365
0.36
0.365
0.36
0.366
0.368
0.363
0.363
0.358
0.367
0.359
0.365
0.373
0.374
0.371
0.376
0.37
0.371
0.377
0.374
0.378
0.376
0.376
0.371
0.379
0.38
0.376
0.381
0.376
0.374
0.379
0.376
0.382
0.379
0.386
0.38
0.375
0.37
0.373
0.382
0.378
0.381
0.372
0.375
0.371
0.367
0.368
0.362
0.369
0.364
0.355
0.359
0.361
0.357
0.361
0.354
0.355
0.354
0.356
0.353
0.353
0.36
0.352
0.352
0.35
0.356
0.351
0.355
0.348
0.352
0.353
0.347
0.344
0.351
0.339
0.349
0.347
0.349
0.355
0.692
0.343
0.35
0.35
0.347
0.346
0.348
0.351
0.348
0.354
0.35
0.353
0.349
0.351
0.357
0.696
0.354
0.357
0.361
0.356
0.354
0.347
0.358
0.358
0.353
0.358
0.363
0.363
0.361
0.361
0.368
0.36
0.363
0.365
0.364
0.364
0.365
0.36
0.363
0.361
0.366
0.364
0.364
0.36
0.357
0.368
0.364
0.365
0.365
0.364
0.367
0.363
0.368
0.365
0.368
0.368
0.373
0.37
0.372
0.374
0.373
0.364
0.359
0.36
0.368
0.359
0.356
0.359
0.355
0.359
0.354
0.362
0.356
0.349
0.352
0.35
0.353
0.352
0.349
0.351
0.351
0.355
0.351
0.346
0.347
0.352
0.349
0.348
0.348
0.349
0.35
0.349
0.349
0.348
0.35
0.345
0.349
0.346
0.352
0.346
0.351
0.343
0.345
0.351
0.346
0.346
0.338
0.344
0.341
0.343
0.349
0.35
0.343
0.346
0.344
0.351
0.349
0.352
0.346
0.351
0.346
0.352
0.35
0.352
0.35
0.349
0.352
0.344
0.349
0.351
0.355
0.35
0.355
0.357
0.351
0.348
0.349
0.352
0.358
0.361
0.354
0.356
0.351
0.356
0.353
0.35
0.357
0.359
0.358
0.35
0.358
0.354
0.354
0.359
0.356
0.357
0.354
0.359
0.361
0.361
0.36
0.362
0.358
0.361
0.36
0.368
0.359
0.366
0.358
0.363
0.365
0.367
0.373
0.366
0.367
0.371
0.38
0.371
0.377
0.37
0.377
0.371
0.378
0.371
0.372
0.363
0.364
0.373
0.367
0.371
0.377
0.373
0.372
0.376
0.371
0.373
0.376
0.372
0.371
0.372
0.374
0.381
0.385
0.376
0.368
0.373
0.355
0.354
0.357
0.35
0.358
0.35
0.354
0.354
0.35
0.347
0.35
0.35
0.353
0.349
0.352
0.347
0.352
0.347
0.355
0.35
0.349
0.347
0.352
0.346
0.35
0.347
0.354
0.347
0.345
0.343
0.347
0.349
0.345
0.346
0.345
0.347
0.349
0.342
0.343
0.35
0.342
0.348
0.347
0.343
0.346
0.344
0.347
0.344
0.345
0.35
0.347
0.349
0.349
0.343
0.35
0.344
0.351
0.345
0.352
0.345
0.343
0.35
0.348
0.352
0.345
0.35
0.352
0.351
0.347
0.342
0.353
0.348
0.354
0.348
0.351
0.346
0.352
0.352
0.352
0.347
0.355
0.354
0.355
0.351
0.352
0.353
0.348
0.355
0.355
0.352
0.357
0.352
0.352
0.358
0.354
0.357
0.357
0.349
0.355
0.355
0.361
0.354
0.355
0.363
0.357
0.361
0.363
0.361
0.364
0.357
0.358
0.362
0.36
0.36
0.361
0.362
0.361
0.359
0.366
0.372
0.365
0.37
0.373
0.367
0.368
0.376
0.376
0.374
0.378
0.373
0.37
0.376
0.375
0.375
0.378
0.387
0.381
0.376
0.381
0.377
0.379
0.382
0.377
0.384
0.383
0.387
0.378
0.38
0.386
0.378
0.384
0.376
0.369
0.381
0.353
0.352
0.691
0.698
0.688
0.345
0.339
0.684
0.686
0.684
0.682
0.337
0.344
0.342
0.342
0.346
0.348
0.349
0.344
0.344
0.352
0.34
0.348
0.346
0.346
0.349
0.342
0.345
0.35
0.35
0.346
0.35
0.345
0.342
0.35
0.349
0.346
0.352
0.347
0.351
0.353
0.349
0.35
0.357
0.352
0.358
0.356
0.359
0.363
0.356
0.36
0.361
0.363
0.362
0.357
0.369
0.365
0.373
0.367
0.37
0.379
0.377
0.371
0.374
0.367
0.376
0.379
0.37
0.377
0.374
0.375
0.382
0.374
0.38
0.383
0.374
0.382
0.379
0.381
0.379
0.379
0.383
0.381
0.383
0.39
0.381
0.384
0.392
0.385
0.384
0.382
0.377
0.375
0.378
0.381
0.374
0.369
0.369
0.366
0.361
0.364
0.361
0.365
0.369
0.36
0.357
0.354
0.362
0.357
0.354
0.355
0.357
0.356
0.349
0.354
0.35
0.351
0.354
0.353
0.354
0.353
0.347
0.351
0.351
0.351
0.348
0.348
0.351
0.347
0.354
0.349
0.344
0.346
0.346
0.343
0.345
0.348
0.342
0.349
0.343
0.345
0.341
0.344
0.345
0.345
0.346
0.345
0.345
0.347
0.34
0.348
0.353
0.351
0.348
0.347
0.351
0.348
0.349
0.348
0.355
0.348
0.354
0.351
0.351
0.351
0.353
0.351
0.349
0.357
0.354
0.354
0.354
0.353
0.359
0.352
0.353
0.355
0.354
0.352
0.359
0.354
0.36
0.352
0.352
0.36
0.353
0.356
0.362
0.362
0.369
0.361
0.363
0.359
0.355
0.356
0.362
0.365
0.363
0.368
0.365
0.367
0.36
0.365
0.363
0.366
0.357
0.364
0.368
0.368
0.365
0.373
0.369
0.374
0.367
0.375
0.366
0.372
0.367
0.368
0.375
0.373
0.371
0.374
0.37
0.376
0.369
0.375
0.369
0.368
0.374
0.373
0.373
0.371
0.378
0.376
0.369
0.376
0.379
0.377
0.378
0.385
0.39
0.381
0.384
0.379
0.387
0.38
0.385
0.382
0.391
0.382
0.391
0.396
0.391
0.387
0.385
0.396
0.393
0.392
0.397
0.394
0.398
0.394
0.401
0.392
0.398
0.396
0.404
0.39
0.393
0.389
0.397
0.392
0.386
0.39
0.395
0.396
0.388
0.396
0.39
0.396
0.389
0.401
0.398
0.397
0.397
0.391
0.395
0.396
0.395
0.394
0.392
0.396
0.394
0.397
0.396
0.399
0.395
0.398
0.392
0.396
0.4
0.391
0.406
0.409
0.399
0.397
0.399
0.396
0.402
0.403
0.4
0.398
0.396
0.4
0.399
0.399
0.392
0.394
0.4
0.398
0.402
0.392
0.396
0.394
0.396
0.392
0.392
0.396
0.394
0.388
0.395
0.398
0.388
0.395
0.388
0.386
0.386
0.389
0.387
0.388
0.383
0.385
0.383
0.39
0.385
0.387
0.384
0.377
0.379
0.395
0.397
0.392
0.391
0.385
0.382
0.39
0.385
0.381
0.383
0.387
0.378
0.387
0.381
0.38
0.384
0.38
0.379
0.383
0.376
0.384
0.391
0.387
0.381
0.378
0.381
0.382
0.379
0.383
0.377
0.38
0.38
0.378
0.377
0.383
0.381
0.387
0.382
0.39
0.386
0.392
0.385
0.38
0.38
0.383
0.379
0.378
0.383
0.375
0.384
0.379
0.386
0.38
0.396
0.388
0.386
0.384
0.383
0.384
0.381
0.387
0.378
0.383
0.387
0.385
0.383
0.383
0.386
0.381
0.399
0.39
0.385
0.388
0.388
0.384
0.386
0.381
0.387
0.396
0.381
0.382
0.379
0.385
0.378
0.384
0.38
0.385
0.388
0.379
0.381
0.38
0.38
0.377
0.379
0.38
0.383
0.376
0.381
0.38
0.381
0.385
0.382
0.38
0.375
0.385
0.387
0.379
0.377
0.377
0.38
0.378
0.379
0.37
0.379
0.374
0.382
0.376
0.381
0.361
0.377
0.371
0.372
0.368
0.368
0.362
0.356
0.358
0.359
0.354
0.353
0.354
0.354
0.357
0.352
0.35
0.355
0.355
0.349
0.357
0.354
0.36
0.348
0.352
0.35
0.35
0.35
0.352
0.348
0.35
0.346
0.353
0.346
0.349
0.347
0.346
0.348
0.346
0.346
0.349
0.343
0.698
0.351
0.345
0.35
0.348
0.345
0.347
0.342
0.348
0.35
0.345
0.35
0.345
0.342
0.349
0.348
0.353
0.35
0.344
0.35
0.353
0.349
0.352
0.352
0.344
0.349
0.35
0.349
0.341
0.348
0.341
0.346
0.345
0.343
0.345
0.344
0.343
0.34
0.346
0.338
0.341
0.347
0.339
0.345
0.34
0.347
0.344
0.338
0.342
0.344
0.349
0.347
0.348
0.341
0.348
0.349
0.349
0.349
0.349
0.346
0.354
0.354
0.348
0.35
0.35
0.351
0.355
0.354
0.697
0.36
0.352
0.357
0.354
0.354
0.353
0.352
0.355
0.351
0.355
0.347
0.354
0.36
0.354
0.357
0.357
0.362
0.355
0.361
0.354
0.359
0.356
0.352
0.359
0.357
0.364
0.356
0.361
0.358
0.362
0.361
0.36
0.352
0.364
0.366
0.357
0.362
0.362
0.368
0.362
0.369
0.36
0.367
0.358
0.357
0.362
0.366
0.361
0.37
0.368
0.363
0.359
0.364
0.36
0.368
0.375
0.366
0.357
0.365
0.357
0.36
0.367
0.358
0.362
0.353
0.355
0.349
0.354
0.346
0.347
0.697
0.695
0.696
0.698
0.697
0.693
0.698
0.347
0.346
0.353
0.349
0.351
0.353
0.345
0.353
0.351
0.353
0.347
0.354
0.355
0.354
0.35
0.358
0.354
0.353
0.354
0.355
0.354
0.699
0.694
0.348
0.345
0.352
0.346
0.348
0.346
0.342
0.344
0.342
0.347
0.344
0.344
0.345
0.343
0.34
0.345
0.346
0.341
0.346
0.342
0.343
0.342
0.347
0.351
0.345
0.345
0.347
0.346
0.35
0.345
0.344
0.351
0.349
0.345
0.35
0.35
0.348
0.352
0.351
0.347
0.349
0.353
0.351
0.345
0.353
0.356
0.349
0.354
0.351
0.35
0.358
0.355
0.352
0.353
0.361
0.355
0.35
0.356
0.352
0.356
0.354
0.357
0.363
0.366
0.357
0.362
0.365
0.364
0.357
0.364
0.366
0.357
