0.688
0.68
0.671
0.663
0.659
0.653
0.646
0.646
0.65
0.635
0.629
0.621
0.61
0.605
0.605
0.593
0.604
0.576
0.585
0.574
0.562
0.551
0.554
0.556
0.543
0.551
0.548
0.538
0.539
0.541
0.53
0.524
0.524
0.512
0.523
0.511
0.501
0.509
0.488
0.49
0.49
0.488
0.486
0.491
0.481
0.46
0.461
0.473
0.458
0.467
0.46
0.449
0.446
0.443
0.45
0.451
0.446
0.452
0.431
0.438
0.44
0.441
0.441
0.441
0.356
0.354
0.354
0.412
0.414
0.352
0.42
0.422
0.414
0.406
0.412
0.41
0.411
0.405
0.405
0.411
0.409
0.419
0.416
0.42
0.411
0.41
0.411
0.417
0.403
0.406
0.4
0.409
0.408
0.412
0.411
0.417
0.411
0.409
0.403
0.41
0.412
0.415
0.407
0.407
0.413
0.412
0.41
0.415
0.413
0.417
0.42
0.414
0.409
0.412
0.418
0.417
0.419
0.427
0.425
0.421
0.425
0.433
0.425
0.417
0.423
0.424
0.415
0.437
0.428
0.437
0.43
0.429
0.433
0.438
0.425
0.432
0.436
0.433
0.429
0.425
0.418
0.42
0.421
0.414
0.415
0.425
0.421
0.415
0.406
0.403
0.41
0.412
0.415
0.395
0.4
0.398
0.391
0.396
0.392
0.394
0.391
0.402
0.398
0.401
0.396
0.4
0.409
0.41
0.403
0.411
0.398
0.4
0.408
0.413
0.403
0.401
0.402
0.408
0.398
0.407
0.404
0.411
0.408
0.408
0.398
0.4
0.409
0.415
0.406
0.401
0.399
0.41
0.403
0.4
0.402
0.402
0.41
0.413
0.403
0.412
0.414
0.399
0.409
0.411
0.408
0.402
0.401
0.411
0.421
0.414
0.406
0.412
0.395
0.414
0.397
0.401
0.403
0.41
0.413
0.407
0.396
0.4
0.405
0.406
0.416
0.407
0.401
0.406
0.413
0.393
0.402
0.403
0.397
0.4
0.401
0.402
0.414
0.41
0.407
0.402
0.412
0.405
0.397
0.403
0.399
0.393
0.403
0.401
0.404
0.394
0.402
0.4
0.404
0.401
0.397
0.401
0.398
0.402
0.401
0.4
0.405
0.397
0.401
0.406
0.412
0.404
0.395
0.404
0.409
0.409
0.412
0.409
0.408
0.4
0.411
0.412
0.414
0.416
0.416
0.41
0.411
0.406
0.415
0.412
0.414
0.419
0.428
0.423
0.418
0.412
0.422
0.418
0.419
0.417
0.415
0.423
0.422
0.422
0.42
0.418
0.416
0.42
0.41
0.416
0.412
0.41
0.408
0.413
0.406
0.424
0.416
0.414
0.421
0.415
0.423
0.416
0.422
0.422
0.47
0.465
0.458
0.448
0.471
0.469
0.479
0.455
0.453
0.457
0.448
0.452
0.458
0.448
0.447
0.453
0.451
0.429
0.423
0.428
0.428
0.42
0.421
0.412
0.416
0.41
0.401
0.404
0.408
0.409
0.419
0.414
0.405
0.416
0.414
0.406
0.416
0.414
0.409
0.401
0.401
0.402
0.405
0.411
0.406
0.407
0.409
0.403
0.409
0.399
0.399
0.401
0.409
0.404
0.414
0.406
0.401
0.411
0.411
0.402
0.407
0.411
0.405
0.401
0.399
0.399
0.407
0.354
0.36
0.356
0.357
0.364
0.395
0.397
0.395
0.402
0.408
0.398
0.4
0.425
0.424
0.416
0.42
0.422
0.424
0.414
0.418
0.415
0.428
0.412
0.42
0.353
0.404
0.412
0.41
0.408
0.409
0.401
0.404
0.363
0.417
0.408
0.343
0.335
0.409
0.408
0.403
0.409
0.405
0.4
0.409
0.399
0.406
0.408
0.414
0.417
0.399
0.408
0.398
0.396
0.403
0.402
0.411
0.409
0.402
0.404
0.395
0.409
0.412
0.409
0.405
0.398
0.404
0.399
0.403
0.402
0.403
0.408
0.401
0.392
0.396
0.403
0.399
0.403
0.4
0.4
0.396
0.406
0.4
0.403
0.402
0.39
0.396
0.398
0.397
0.398
0.403
0.412
0.397
0.402
0.41
0.399
0.412
0.397
0.413
0.407
0.407
0.415
0.393
0.409
0.397
0.414
0.423
0.414
0.404
0.413
0.406
0.4
0.421
0.416
0.411
0.401
0.417
0.409
0.417
0.423
0.425
0.412
0.402
0.416
0.406
0.409
0.416
0.406
0.415
0.412
0.405
0.4
0.405
0.41
0.409
0.403
0.401
0.409
0.405
0.405
0.411
0.4
0.409
0.399
0.399
0.403
0.402
0.406
0.397
0.396
0.407
0.41
0.414
0.407
0.417
0.414
0.41
0.409
0.407
0.406
0.409
0.406
0.409
0.406
0.411
0.403
0.404
0.412
0.407
0.409
0.407
0.408
0.402
0.404
0.398
0.394
0.414
0.416
0.411
0.401
0.406
0.411
0.402
0.414
0.417
0.413
0.405
0.405
0.406
0.414
0.404
0.402
0.402
0.402
0.412
0.411
0.401
0.402
0.412
0.401
0.404
0.406
0.41
0.402
0.409
0.41
0.403
0.408
0.404
0.394
0.403
0.401
0.411
0.403
0.403
0.403
0.393
0.398
0.403
0.4
0.396
0.403
0.399
0.402
0.412
0.406
0.414
0.423
0.423
0.419
0.416
0.426
0.417
0.407
0.407
0.41
0.408
0.417
0.407
0.404
0.399
0.406
0.411
0.402
0.394
0.409
0.412
0.412
0.404
0.402
0.409
0.407
0.405
0.401
0.406
0.412
0.404
0.399
0.404
0.398
0.401
0.409
0.41
0.397
0.402
0.393
0.409
0.406
0.411
0.403
0.408
0.405
0.405
0.413
0.409
0.41
0.414
0.407
0.402
0.403
0.393
0.409
0.413
0.414
0.403
0.403
0.399
0.404
0.404
0.4
0.407
0.399
0.404
0.404
0.408
0.41
0.416
0.407
0.407
0.397
0.407
0.401
0.403
0.399
0.397
0.405
0.398
0.396
0.402
0.396
0.401
0.41
0.407
0.401
0.396
0.398
0.397
0.404
0.397
0.398
0.397
0.396
0.397
0.405
0.403
0.405
0.396
0.397
0.401
0.397
0.397
0.4
0.402
0.41
0.4
0.398
0.398
0.398
0.403
0.396
0.393
0.4
0.396
0.403
0.395
0.401
0.409
0.399
0.401
0.406
0.404
0.394
0.399
0.396
0.389
0.401
0.409
0.409
0.407
0.404
0.413
0.406
0.4
0.401
0.394
0.396
0.405
0.397
0.401
0.393
0.398
0.403
0.411
0.402
0.392
0.403
0.408
0.403
0.403
0.403
0.404
0.4
0.402
0.398
0.4
0.401
0.395
0.399
0.399
0.405
0.398
0.397
0.401
0.405
0.407
0.413
0.402
0.41
0.405
0.401
0.406
0.396
0.398
0.409
0.412
0.4
0.404
0.403
0.396
0.399
0.404
0.403
0.405
0.409
0.415
0.409
0.403
0.413
0.413
0.413
0.406
0.409
0.407
0.408
0.409
0.403
0.407
0.417
0.417
0.414
0.41
0.406
0.413
0.403
0.401
0.41
0.411
0.401
0.411
0.405
0.402
0.41
0.401
0.406
0.404
0.408
0.413
0.409
0.4
0.393
0.411
0.398
0.398
0.398
0.393
0.401
0.403
0.401
0.397
0.394
0.401
0.401
0.394
0.396
0.398
0.397
0.406
0.407
0.406
0.4
0.396
0.4
0.404
0.404
0.396
0.394
0.399
0.405
0.408
0.405
0.412
0.409
0.411
0.418
0.418
0.419
0.42
0.424
0.427
0.426
0.424
0.436
0.445
0.443
0.449
0.449
0.452
0.45
0.457
0.452
0.459
0.459
0.465
0.466
0.472
0.477
0.483
0.483
0.484
0.488
0.486
0.475
0.481
0.488
0.49
0.496
0.498
0.499
0.498
0.496
0.486
0.481
0.482
0.479
0.481
0.483
0.486
0.487
0.499
0.502
0.503
0.502
0.501
0.497
0.505
0.503
0.502
0.508
0.501
0.513
0.505
0.52
0.519
0.517
0.517
0.511
0.51
0.517
0.513
0.514
0.507
0.512
0.51
0.52
0.513
0.52
0.52
0.521
0.515
0.521
0.518
0.521
0.521
0.518
0.523
0.519
0.521
0.514
0.519
0.518
0.51
0.52
0.522
0.522
0.529
0.53
0.52
0.523
0.525
0.528
0.523
0.524
0.524
0.522
0.516
0.531
0.544
0.548
0.554
0.559
0.55
0.555
0.546
0.539
0.533
0.536
0.541
0.543
0.536
0.553
0.545
0.543
0.543
0.542
0.54
0.544
0.541
0.541
0.547
0.548
0.55
0.541
0.548
0.537
0.545
0.54
0.548
0.553
0.547
0.559
0.563
0.559
0.566
0.559
0.567
0.571
0.561
0.568
0.562
0.567
0.556
0.563
0.561
0.551
0.56
0.558
0.561
0.558
0.564
0.564
0.563
0.559
0.56
0.56
0.554
0.555
0.556
0.555
0.556
0.555
0.558
0.558
0.561
0.552
0.551
0.548
0.542
0.542
0.532
0.544
0.548
0.538
0.537
0.539
0.531
0.537
0.535
0.537
0.545
