0.58
0.587
0.58
0.57
0.573
0.581
0.542
0.536
0.532
0.543
0.505
0.497
0.492
0.452
0.452
0.457
0.452
0.441
0.44
0.436
0.43
0.432
0.435
0.445
0.437
0.438
0.432
0.43
0.434
0.438
0.427
0.423
0.426
0.427
0.427
0.429
0.426
0.427
0.425
0.426
0.434
0.43
0.422
0.432
0.434
0.438
0.427
0.426
0.432
0.436
0.426
0.421
0.424
0.425
0.431
0.422
0.419
0.427
0.42
0.42
0.426
0.429
0.428
0.418
0.417
0.418
0.417
0.422
0.426
0.428
0.418
0.409
0.411
0.417
0.409
0.418
0.408
0.415
0.421
0.415
0.413
0.406
0.412
0.408
0.414
0.406
0.408
0.413
0.408
0.408
0.416
0.418
0.418
0.413
0.41
0.419
0.409
0.4
0.413
0.409
0.407
0.412
0.405
0.406
0.415
0.407
0.398
0.407
0.409
0.406
0.402
0.411
0.406
0.407
0.402
0.405
0.404
0.407
0.407
0.403
0.412
0.408
0.4
0.407
0.412
0.412
0.41
0.401
0.406
0.399
0.406
0.403
0.404
0.396
0.397
0.406
0.405
0.405
0.415
0.408
0.407
0.401
0.408
0.417
0.412
0.414
0.413
0.406
0.409
0.414
0.419
0.42
0.414
0.42
0.411
0.414
0.411
0.414
0.415
0.413
0.421
0.418
0.413
0.417
0.421
0.412
0.421
0.414
0.415
0.417
0.425
0.429
0.423
0.416
0.421
0.419
0.418
0.416
0.424
0.429
0.423
0.421
0.417
0.422
0.426
0.434
0.431
0.428
0.42
0.424
0.417
0.421
0.419
0.417
0.425
0.417
0.42
0.413
0.415
0.419
0.421
0.419
0.425
0.42
0.42
0.426
0.417
0.419
0.416
0.412
0.421
0.422
0.418
0.416
0.425
0.418
0.42
0.411
0.424
0.438
0.433
0.429
0.424
0.421
0.428
0.419
0.424
0.417
0.417
0.414
0.422
0.424
0.415
0.412
0.404
0.408
0.415
0.41
0.419
0.412
0.408
0.409
0.409
0.415
0.415
0.422
0.413
0.406
0.406
0.407
0.411
0.407
0.41
0.406
0.415
0.409
0.417
0.408
0.411
0.41
0.417
0.422
0.42
0.412
0.413
0.414
0.411
0.407
0.411
0.404
0.411
0.418
0.419
0.412
0.406
0.409
0.405
0.408
0.409
0.401
0.417
0.411
0.403
0.411
0.406
0.401
0.405
0.399
0.406
0.399
0.4
0.398
0.4
0.403
0.393
0.411
0.406
0.398
0.404
0.408
0.401
0.402
0.4
0.402
0.398
0.406
0.4
0.402
0.396
0.4
0.401
0.396
0.404
0.399
0.4
0.399
0.398
0.396
0.404
0.402
0.407
0.4
0.401
0.405
0.396
0.403
0.412
0.397
0.403
0.403
0.401
0.403
0.402
0.406
0.396
0.413
0.409
0.399
0.397
0.398
0.403
0.403
0.41
0.412
0.408
0.401
0.404
0.4
0.403
0.395
0.411
0.402
0.396
0.403
0.398
0.402
0.396
0.406
0.398
0.409
0.4
0.406
0.399
0.408
0.403
0.399
0.403
0.402
0.402
0.41
0.414
0.411
0.403
0.405
0.402
0.405
0.413
0.417
0.426
0.41
0.41
0.416
0.408
0.406
0.412
0.407
0.406
0.412
0.408
0.412
0.407
0.415
0.406
0.399
0.402
0.405
0.397
0.406
0.4
0.401
0.404
0.398
0.402
0.403
0.406
0.41
0.406
0.399
0.402
0.398
0.407
0.402
0.401
0.4
0.406
0.4
0.404
0.411
0.409
0.4
0.409
0.409
0.403
0.405
0.404
0.406
0.407
0.411
0.403
0.4
0.407
0.406
0.396
0.411
0.406
0.398
0.399
0.404
0.399
0.405
0.399
0.394
0.396
0.398
0.393
0.394
0.398
0.395
0.393
0.396
0.397
0.39
0.391
0.399
0.403
0.399
0.403
0.398
0.407
0.413
0.404
0.414
0.41
0.405
0.406
0.405
0.411
0.41
0.411
0.408
0.401
0.399
0.399
0.402
0.405
0.398
0.398
0.398
0.398
0.407
0.398
0.398
0.402
0.402
0.395
0.398
0.4
0.4
0.4
0.394
0.402
0.407
0.397
0.399
0.401
0.396
0.402
0.398
0.406
0.405
0.402
0.396
0.395
0.404
0.407
0.404
0.395
0.4
0.4
0.403
0.399
0.406
0.407
0.411
0.403
0.403
0.412
0.402
0.41
0.405
0.407
0.403
0.414
0.412
0.403
0.408
0.417
0.405
0.411
0.403
0.413
0.409
0.419
0.409
0.41
0.407
0.42
0.415
0.409
0.41
0.406
0.409
0.412
0.411
0.413
0.407
0.417
0.427
0.409
0.411
0.407
0.413
0.413
0.419
0.41
0.411
0.408
0.414
0.412
0.403
0.405
0.405
0.409
0.407
0.416
0.414
0.407
0.406
0.402
0.409
0.413
0.407
0.406
0.403
0.413
0.423
0.414
0.406
0.408
0.415
0.41
0.405
0.412
0.409
0.4
0.425
0.408
0.408
0.415
0.407
0.406
0.409
0.399
0.404
0.408
0.402
0.41
0.402
0.406
0.407
0.408
0.404
0.41
0.409
0.407
0.412
0.419
0.417
0.408
0.41
0.413
0.417
0.42
0.429
0.416
0.419
0.418
0.41
0.417
0.418
0.414
0.429
0.419
0.41
0.405
0.407
0.4
0.405
0.401
0.399
0.42
0.412
0.404
0.402
0.405
0.405
0.403
0.398
0.406
0.401
0.411
0.417
0.412
0.405
0.397
0.404
0.403
0.403
0.412
0.41
0.406
0.405
0.404
0.405
0.412
0.406
0.404
0.402
0.405
0.413
0.407
0.403
0.398
0.408
0.403
0.404
0.413
0.413
0.405
0.409
0.415
0.413
0.408
0.405
0.411
0.407
0.415
0.409
0.419
0.419
0.413
0.409
0.409
0.413
0.416
0.413
0.411
0.411
0.42
0.413
0.413
0.405
0.424
0.418
0.412
0.412
0.407
0.415
0.406
0.41
0.416
0.421
0.412
0.417
0.413
0.412
0.414
0.406
0.406
0.416
0.414
0.407
0.404
0.408
0.403
0.398
0.402
0.404
0.398
0.403
0.408
0.404
0.401
0.404
0.4
0.399
0.398
0.4
0.406
0.397
0.406
0.411
0.405
0.397
0.397
0.398
0.404
0.395
0.398
0.398
0.392
0.397
0.39
0.403
0.401
0.392
0.397
0.397
0.393
0.404
0.4
0.395
0.402
0.403
0.396
0.403
0.402
0.395
0.401
0.402
0.393
0.396
0.401
0.399
0.404
0.398
0.403
0.402
0.405
0.415
0.415
0.402
0.4
0.399
0.407
0.408
0.4
0.398
0.403
0.405
0.404
0.407
0.405
0.397
0.402
0.402
0.401
0.41
0.41
0.415
0.406
0.405
0.4
0.409
0.402
0.406
0.414
0.407
0.407
0.404
0.41
0.412
0.402
0.404
0.408
0.401
0.402
0.397
0.405
0.397
0.401
0.406
0.4
0.404
0.403
0.406
0.409
0.409
0.4
0.4
0.405
0.399
0.407
0.407
0.406
0.416
0.414
0.406
0.407
0.403
0.403
0.403
0.409
0.417
0.415
0.407
0.406
0.408
0.409
0.404
0.412
0.402
0.415
0.406
0.409
0.407
0.411
0.41
0.405
0.414
0.422
0.414
0.415
0.413
0.415
0.413
0.41
0.419
0.415
0.408
0.413
0.41
0.42
0.43
0.413
0.411
0.433
0.414
0.413
0.422
0.413
0.414
0.411
0.42
0.416
0.415
0.409
0.418
0.41
0.409
0.412
0.415
0.409
0.429
0.42
0.41
0.414
0.421
0.416
0.43
0.423
0.419
0.423
0.422
0.415
0.421
0.425
0.415
0.412
0.433
0.419
0.41
0.431
0.423
0.414
0.415
0.419
0.421
0.411
0.414
0.421
0.416
0.411
0.417
0.417
0.426
0.423
0.415
0.411
0.41
0.415
0.417
0.424
0.409
0.406
0.414
0.409
0.405
0.401
0.406
0.398
0.407
0.401
0.406
0.402
0.407
0.408
0.418
0.414
0.405
0.406
0.403
0.407
0.403
0.411
0.408
0.406
0.413
0.407
0.416
0.418
0.414
0.406
0.411
0.406
0.412
0.417
0.413
0.408
0.41
0.412
0.404
0.42
0.412
0.403
0.407
0.41
0.414
0.41
0.42
0.418
0.412
0.402
0.405
0.405
0.411
0.405
0.405
0.401
0.407
0.41
0.405
0.402
0.404
0.407
0.404
0.413
0.419
0.411
0.404
0.406
0.406
0.411
0.41
0.405
0.408
0.406
0.412
0.404
0.414
0.408
0.417
0.41
0.413
0.407
0.417
0.409
0.411
0.409
0.412
0.413
0.419
0.418
0.411
0.407
0.413
0.407
0.417
0.407
0.41
0.408
0.409
0.408
0.418
0.413
0.418
0.415
0.413
0.423
0.413
0.416
0.424
0.418
0.414
0.411
0.418
0.412
0.417
0.415
0.414
0.419
0.415
0.418
0.418
0.414
0.414
0.428
0.42
0.417
0.416
0.417
0.42
0.411
0.421
0.414
0.419
0.418
0.412
0.421
0.421
0.429
0.411
0.41
0.414
0.408
0.414
0.415
0.411
0.408
0.413
0.419
0.412
0.407
0.417
0.41
0.413
0.413
0.408
0.417
0.418
0.411
0.415
0.412
0.413
0.405
0.409
0.418
0.411
0.406
0.415
0.406
0.407
0.406
0.405
0.397
0.402
0.405
0.399
0.404
0.403
0.399
0.407
0.409
0.418
0.409
0.399
0.406
0.41
0.403
0.397
0.403
0.403
0.412
0.407
0.398
0.396
0.398
0.398
0.4
0.403
0.395
0.39
0.394
0.392
0.39
0.398
0.4
0.398
0.389
0.395
0.398
0.389
0.396
0.4
0.397
0.39
0.395
0.398
0.394
0.392
0.395
0.391
0.395
0.392
0.392
0.392
0.388
0.396
0.388
0.393
0.384
0.393
0.4
0.398
0.39
0.391
0.387
0.394
0.388
0.39
0.391
0.393
0.392
0.39
0.394
0.392
0.394
0.397
0.405
0.4
0.401
0.397
0.402
0.396
0.405
0.409
0.411
0.402
0.4
0.4
0.397
0.399
0.399
0.398
0.402
0.4
0.4
0.403
0.403
0.396
0.405
0.404
0.402
0.4
0.405
0.409
0.409
0.409
0.4
0.406
0.398
0.405
0.407
0.415
0.412
0.416
0.425
0.417
0.41
0.411
0.407
0.415
0.408
0.418
0.415
0.406
0.413
0.406
0.416
0.419
0.416
0.411
0.41
0.418
0.417
0.424
0.419
0.414
0.416
0.422
0.412
0.412
0.409
0.411
0.404
0.41
0.409
0.411
0.405
0.412
0.409
0.411
0.402
0.407
0.408
0.415
0.411
0.412
0.406
0.414
0.408
0.407
0.404
0.403
0.411
0.41
0.41
0.411
