0.666
0.67
0.656
0.657
0.647
0.651
0.64
0.635
0.627
0.624
0.622
0.612
0.616
0.619
0.612
0.606
0.598
0.592
0.591
0.563
0.534
0.526
0.53
0.526
0.515
0.514
0.505
0.506
0.501
0.5
0.493
0.496
0.494
0.496
0.5
0.488
0.485
0.488
0.478
0.479
0.481
0.47
0.479
0.47
0.46
0.47
0.472
0.461
0.451
0.451
0.451
0.452
0.442
0.44
0.444
0.445
0.45
0.46
0.438
0.44
0.442
0.442
0.432
0.439
0.44
0.439
0.446
0.44
0.431
0.441
0.435
0.432
0.437
0.443
0.44
0.434
0.436
0.445
0.446
0.435
0.439
0.449
0.44
0.438
0.429
0.431
0.44
0.445
0.442
0.435
0.429
0.433
0.435
0.436
0.438
0.447
0.431
0.434
0.438
0.428
0.445
0.432
0.425
0.431
0.432
0.434
0.434
0.431
0.433
0.426
0.435
0.426
0.427
0.429
0.432
0.428
0.423
0.432
0.436
0.435
0.433
0.438
0.438
0.438
0.428
0.428
0.43
0.438
0.445
0.434
0.425
0.425
0.425
0.433
0.427
0.433
0.423
0.428
0.435
0.429
0.42
0.423
0.43
0.428
0.419
0.425
0.421
0.416
0.421
0.428
0.423
0.424
0.419
0.425
0.43
0.434
0.43
0.427
0.421
0.43
0.421
0.429
0.431
0.421
0.426
0.426
0.436
0.427
0.424
0.422
0.432
0.429
0.42
0.427
0.423
0.416
0.425
0.426
0.425
0.434
0.429
0.424
0.419
0.425
0.417
0.414
0.415
0.425
0.417
0.423
0.425
0.428
0.431
0.438
0.43
0.421
0.428
0.433
0.426
0.416
0.421
0.424
0.414
0.429
0.422
0.424
0.414
0.423
0.421
0.42
0.427
0.441
0.438
0.43
0.435
0.437
0.438
0.436
0.435
0.436
0.43
0.432
0.435
0.431
0.436
0.441
0.433
0.429
0.422
0.427
0.427
0.437
0.428
0.432
0.428
0.432
0.433
0.428
0.438
0.428
0.422
0.428
0.438
0.436
0.427
0.428
0.432
0.437
0.441
0.43
0.432
0.429
0.43
0.422
0.422
0.43
0.437
0.438
0.429
0.433
0.439
0.437
0.439
0.433
0.427
0.429
0.437
0.442
0.438
0.429
0.435
0.441
0.438
0.431
0.422
0.424
0.428
0.42
0.426
0.429
0.421
0.421
0.429
0.419
0.414
0.423
0.425
0.415
0.424
0.426
0.417
0.426
0.432
0.432
0.437
0.428
0.422
0.425
0.425
0.416
0.424
0.427
0.417
0.426
0.431
0.433
0.432
0.44
0.442
0.432
0.431
0.43
0.436
0.442
0.438
0.43
0.42
0.425
0.431
0.431
0.434
0.431
0.424
0.433
0.424
0.425
0.428
0.432
0.435
0.435
0.428
0.42
0.428
0.424
0.434
0.436
0.428
0.428
0.418
0.424
0.433
0.424
0.431
0.421
0.424
0.424
0.426
0.419
0.421
0.422
0.42
0.426
0.43
0.421
0.425
0.43
0.42
0.426
0.426
0.425
0.419
0.422
0.42
0.423
0.417
0.419
0.426
0.424
0.431
0.425
0.428
0.426
0.418
0.419
0.426
0.432
0.435
0.421
0.43
0.44
0.43
0.423
0.426
0.435
0.435
0.421
0.424
0.426
0.432
0.424
0.426
0.429
0.436
0.432
0.428
0.421
0.426
0.431
0.439
0.429
0.428
0.427
0.433
0.428
0.43
0.436
0.426
0.421
0.422
0.431
0.421
0.424
0.423
0.424
0.428
0.438
0.416
0.425
0.426
0.429
0.427
0.423
0.425
0.417
0.424
0.426
0.422
0.426
0.436
0.426
0.428
0.422
0.421
0.431
0.422
0.431
0.423
0.425
0.426
0.422
0.431
0.425
0.433
0.416
0.426
0.417
0.42
0.426
0.428
0.419
0.416
0.421
0.417
0.411
0.411
0.417
0.419
0.414
0.431
0.414
0.419
0.417
0.425
0.422
0.412
0.425
0.424
0.427
0.424
0.417
0.416
0.414
0.417
0.413
0.414
0.406
0.414
0.408
0.412
0.414
0.409
0.415
0.421
0.43
0.412
0.42
0.414
0.411
0.42
0.421
0.419
0.429
0.417
0.42
0.415
0.417
0.415
0.42
0.419
0.42
0.42
0.414
0.421
0.419
0.413
0.422
0.414
0.414
0.419
0.423
0.418
0.416
0.418
0.41
0.416
0.421
0.411
0.416
0.418
0.415
0.41
0.413
0.414
0.422
0.416
0.42
0.425
0.422
0.416
0.414
0.421
0.422
0.431
0.415
0.425
0.412
0.419
0.413
0.422
0.418
0.427
0.411
0.412
0.421
0.413
0.413
0.413
0.42
0.42
0.425
0.423
0.424
0.422
0.423
0.421
0.425
0.426
0.432
0.409
0.419
0.414
0.418
0.426
0.423
0.431
0.427
0.42
0.422
0.414
0.42
0.424
0.433
0.431
0.426
0.431
0.427
0.42
0.416
0.414
0.418
0.416
0.419
0.421
0.429
0.428
0.421
0.419
0.415
0.415
0.42
0.42
0.418
0.417
0.416
0.424
0.419
0.415
0.416
0.42
0.418
0.423
0.417
0.414
0.421
0.42
0.419
0.412
0.42
0.427
0.431
0.422
0.413
0.422
0.413
0.413
0.419
0.413
0.42
0.42
0.411
0.417
0.423
0.425
0.421
0.417
0.413
0.421
0.428
0.423
0.415
0.423
0.417
0.421
0.43
0.426
0.419
0.416
0.417
0.425
0.421
0.414
0.419
0.422
0.431
0.428
0.419
0.417
0.417
0.423
0.419
0.423
0.413
0.426
0.421
0.423
0.425
0.434
0.426
0.424
0.426
0.436
0.427
0.425
0.43
0.434
0.426
0.431
0.432
0.429
0.434
0.441
0.442
0.433
0.437
0.433
0.431
0.422
0.414
0.42
0.422
0.415
0.418
0.418
0.426
0.43
0.421
0.423
0.417
0.419
0.429
0.423
0.416
0.422
0.429
0.434
0.423
0.414
0.417
0.418
0.411
0.422
0.428
0.419
0.421
0.414
0.422
0.417
0.419
0.428
0.422
0.416
0.419
0.416
0.414
0.41
0.419
0.413
0.412
0.43
0.42
0.411
0.414
0.423
0.427
0.433
0.42
0.415
0.414
0.415
0.413
0.417
0.411
0.419
0.415
0.412
0.422
0.413
0.418
0.413
0.417
0.419
0.415
0.411
0.419
0.417
0.425
0.434
0.417
0.422
0.419
0.423
0.422
0.416
0.421
0.424
0.418
0.424
0.417
0.415
0.414
0.42
0.417
0.421
0.417
0.422
0.427
0.42
0.42
0.422
0.418
0.413
0.42
0.413
0.42
0.421
0.421
0.428
0.43
0.424
0.415
0.423
0.432
0.428
0.418
0.415
0.426
0.416
0.417
0.42
0.437
0.422
0.42
0.419
0.428
0.42
0.428
0.428
0.436
0.426
0.418
0.421
0.43
0.438
0.423
0.431
0.431
0.421
0.429
0.43
0.436
0.427
0.431
0.423
0.43
0.434
0.424
0.426
0.421
0.428
0.424
0.424
0.428
0.438
0.432
0.425
0.435
0.43
0.435
0.425
0.425
0.419
0.416
0.422
0.423
0.417
0.42
0.423
0.414
0.42
0.429
0.421
0.418
0.418
0.426
0.419
0.427
0.417
0.417
0.419
0.417
0.411
0.413
0.419
0.416
0.414
0.424
0.419
0.413
0.421
0.431
0.425
0.419
0.418
0.423
0.414
0.423
0.431
0.423
0.419
0.425
0.431
0.425
0.432
0.424
0.42
0.419
0.424
0.427
0.421
0.426
0.424
0.418
0.428
0.426
0.424
0.429
0.422
0.418
0.417
0.416
0.421
0.424
0.416
0.414
0.421
0.424
0.433
0.435
0.419
0.418
0.425
0.433
0.434
0.414
0.418
0.424
0.417
0.42
0.412
0.424
0.414
0.423
0.43
0.435
0.434
0.428
0.419
0.431
0.438
0.429
0.426
0.435
0.427
0.42
0.423
0.428
0.425
0.432
0.429
0.421
0.427
0.426
0.433
0.431
0.438
0.442
0.433
0.429
0.426
0.433
0.433
0.424
0.427
0.433
0.437
0.429
0.439
0.429
0.426
0.432
0.436
0.434
0.426
0.428
0.432
0.44
0.423
0.424
0.426
0.428
0.42
0.42
0.431
0.429
0.422
0.429
0.421
0.431
0.439
0.429
0.42
0.424
0.428
0.424
0.424
0.418
0.422
0.429
0.426
0.43
0.42
0.424
0.431
0.425
0.418
0.425
0.418
0.427
0.429
0.437
0.427
0.427
0.434
0.424
0.431
0.431
0.427
0.421
0.431
0.429
0.433
0.428
0.425
0.418
0.424
0.423
0.417
0.424
0.419
0.415
0.418
0.427
0.435
0.425
0.416
0.421
0.414
0.415
0.419
0.412
0.418
0.428
0.411
0.414
0.407
0.413
0.423
0.426
0.422
0.427
0.418
0.418
0.425
0.418
0.419
0.411
0.432
0.412
0.417
0.427
0.424
0.432
0.424
0.423
0.43
0.422
0.417
0.42
0.418
0.426
0.417
0.416
0.42
0.423
0.432
0.428
0.43
0.436
0.442
0.419
0.418
0.42
0.424
0.416
0.414
0.41
0.418
0.419
0.412
0.419
0.417
0.427
0.437
0.419
0.414
0.412
0.418
0.424
0.427
0.421
0.419
0.413
0.419
0.426
0.428
0.418
0.417
0.422
0.419
0.417
0.42
0.414
0.42
0.422
0.421
0.427
0.421
0.418
0.422
0.415
0.426
0.419
0.416
0.425
0.428
0.425
0.421
0.417
0.425
0.427
0.432
0.418
0.418
0.418
0.423
0.418
0.422
0.417
0.416
0.419
0.425
0.417
0.418
0.412
0.421
0.416
0.415
0.425
0.428
0.427
0.417
0.424
0.414
0.416
0.417
0.409
0.415
0.418
0.411
0.412
0.418
0.411
0.416
0.418
0.409
0.417
0.412
0.411
0.416
0.412
0.409
0.409
0.415
0.417
0.407
0.412
0.411
0.413
0.423
0.424
0.419
0.415
0.411
0.416
0.42
0.412
0.414
0.408
0.416
0.413
0.409
0.407
0.41
0.412
0.414
0.407
0.414
0.412
0.409
0.411
0.412
0.409
0.419
0.423
0.417
0.411
0.413
0.403
0.415
0.415
0.405
0.41
0.418
0.414
0.422
0.426
0.418
0.411
0.421
0.417
0.426
0.427
0.421
0.415
0.422
0.428
0.428
0.419
0.422
0.431
0.425
0.421
0.417
0.42
0.422
0.426
0.42
0.42
0.412
0.419
0.41
0.417
0.418
0.409
0.416
0.406
0.419
0.415
0.411
0.416
0.414
0.413
0.417
0.41
0.417
0.415
0.409
0.417
0.419
0.409
0.409
0.41
0.426
0.419
0.412
0.416
0.413
0.412
0.415
0.424
0.424
0.423
0.415
0.411
0.408
0.421
0.418
0.41
0.417
0.413
0.408
0.413
0.414
0.409
0.418
0.408
0.412
0.416
0.418
0.41
0.412
0.407
0.415
0.405
0.415
0.406
0.411
0.41
0.414
0.411
0.413
0.408
0.413
0.414
0.419
0.416
0.424
0.427
0.423
0.413
0.416
0.411
0.418
0.422
0.42
0.414
0.423
0.431
0.428
0.421
0.415
0.416
0.417
0.419
0.42
0.425
0.428
0.42
0.417
0.422
0.415
0.421
0.422
0.431
0.422
0.412
0.426
0.423
0.423
0.428
0.434
0.427
0.428
0.438
0.428
0.43
0.423
0.426
0.42
0.423
0.426
0.418
0.423
0.426
0.422
0.419
0.425
0.424
0.421
0.431
0.424
0.427
0.434
0.432
0.423
0.419
0.424
0.426
0.42
0.424
0.415
0.42
0.423
0.418
0.417
0.424
0.417
0.415
0.425
0.421
0.42
0.412
0.415
0.42
0.41
0.419
0.417
0.417
0.419
0.42
0.414
0.412
0.413
0.417
0.421
0.43
0.414
0.407
0.416
0.407
0.413
0.417
0.415
0.408
0.411
0.41
0.415
0.424
0.42
0.412
0.408
0.409
0.416
0.414
0.411
0.404
0.412
0.415
0.419
0.418
0.413
0.408
0.412
0.406
0.419
0.412
0.407
0.406
0.414
0.421
0.414
0.416
0.41
0.405
0.414
0.42
0.417
0.412
0.406
0.411
0.407
0.413
0.404
0.409
0.419
0.42
0.413
0.414
0.423
0.416
0.419
0.412
0.408
0.405
0.415
0.411
0.42
0.412
0.41
0.413
0.408
0.411
0.416
0.413
0.419
0.421
0.42
0.42
