0.674
0.677
0.683
0.655
0.631
0.62
0.629
0.619
0.629
0.617
0.607
0.594
0.587
0.588
0.582
0.589
0.572
0.563
0.557
0.549
0.536
0.523
0.519
0.508
0.503
0.498
0.492
0.48
0.483
0.482
0.489
0.483
0.471
0.468
0.478
0.475
0.473
0.469
0.461
0.461
0.458
0.46
0.466
0.471
0.47
0.468
0.468
0.463
0.453
0.459
0.452
0.455
0.459
0.457
0.448
0.447
0.445
0.441
0.445
0.453
0.458
0.447
0.443
0.442
0.447
0.443
0.446
0.446
0.444
0.443
0.436
0.439
0.437
0.445
0.437
0.446
0.44
0.437
0.434
0.435
0.439
0.433
0.436
0.446
0.448
0.438
0.446
0.438
0.433
0.434
0.437
0.43
0.434
0.442
0.442
0.436
0.428
0.429
0.431
0.431
0.43
0.435
0.442
0.444
0.433
0.438
0.446
0.445
0.443
0.433
0.436
0.436
0.429
0.439
0.448
0.426
0.432
0.435
0.442
0.44
0.437
0.427
0.432
0.438
0.435
0.439
0.435
0.434
0.436
0.438
0.438
0.441
0.445
0.437
0.447
0.451
0.434
0.431
0.437
0.44
0.449
0.438
0.43
0.435
0.441
0.449
0.438
0.447
0.44
0.436
0.436
0.442
0.432
0.436
0.442
0.445
0.435
0.438
0.44
0.447
0.44
0.433
0.44
0.447
0.446
0.444
0.443
0.443
0.451
0.461
0.456
0.449
0.448
0.453
0.462
0.471
0.449
0.454
0.453
0.463
0.462
0.455
0.452
0.452
0.455
0.453
0.454
0.45
0.442
0.444
0.441
0.448
0.452
0.435
0.437
0.432
0.441
0.445
0.434
0.43
0.429
0.431
0.434
0.431
0.439
0.442
0.444
0.449
0.446
0.438
0.447
0.442
0.433
0.436
0.435
0.427
0.428
0.428
0.418
0.422
0.426
0.428
0.433
0.428
0.421
0.42
0.422
0.419
0.413
0.42
0.424
0.422
0.43
0.423
0.431
0.418
0.423
0.429
0.431
0.421
0.42
0.415
0.416
0.423
0.414
0.422
0.428
0.426
0.431
0.422
0.421
0.426
0.421
0.429
0.439
0.43
0.428
0.422
0.431
0.423
0.427
0.427
0.418
0.435
0.44
0.425
0.435
0.43
0.435
0.443
0.434
0.424
0.429
0.425
0.421
0.414
0.422
0.417
0.422
0.414
0.412
0.42
0.416
0.409
0.418
0.412
0.41
0.42
0.418
0.412
0.422
0.423
0.425
0.419
0.427
0.434
0.441
0.446
0.455
0.438
0.43
0.429
0.431
0.433
0.441
0.435
0.43
0.425
0.435
0.426
0.433
0.44
0.417
0.416
0.423
0.418
0.422
0.44
0.433
0.428
0.434
0.441
0.436
0.421
0.424
0.426
0.416
0.417
0.424
0.421
0.43
0.433
0.431
0.428
0.438
0.438
0.429
0.426
0.421
0.421
0.43
0.426
0.421
0.444
0.438
0.427
0.428
0.418
0.421
0.422
0.431
0.413
0.424
0.423
0.418
0.425
0.421
0.426
0.432
0.426
0.423
0.431
0.423
0.423
0.413
0.432
0.423
0.421
0.413
0.425
0.418
0.425
0.422
0.42
0.422
0.412
0.423
0.415
0.415
0.412
0.415
0.417
0.409
0.416
0.419
0.42
0.429
0.429
0.427
0.429
0.437
0.426
0.423
0.427
0.427
0.432
0.432
0.423
0.437
0.428
0.425
0.438
0.416
0.417
0.426
0.427
0.431
0.423
0.414
0.416
0.422
0.421
0.413
0.419
0.419
0.423
0.416
0.418
0.425
0.421
0.416
0.417
0.416
0.412
0.415
0.412
0.421
0.418
0.417
0.416
0.416
0.419
0.409
0.417
0.427
0.426
0.429
0.426
0.425
0.42
0.431
0.438
0.433
0.426
0.423
0.425
0.427
0.433
0.426
0.423
0.419
0.424
0.42
0.422
0.422
0.424
0.424
0.425
0.417
0.428
0.435
0.439
0.424
0.432
0.422
0.427
0.435
0.422
0.428
0.43
0.433
0.432
0.427
0.42
0.42
0.424
0.431
0.425
0.417
0.425
0.428
0.418
0.418
0.421
0.417
0.419
0.411
0.42
0.411
0.411
0.42
0.425
0.409
0.407
0.397
0.405
0.407
0.401
0.407
0.412
0.402
0.397
0.399
0.401
0.405
0.401
0.401
0.396
0.405
0.4
0.396
0.406
0.402
0.4
0.402
0.398
0.396
0.399
0.401
0.401
0.401
0.402
0.399
0.392
0.396
0.415
0.408
0.403
0.399
0.404
0.401
0.412
0.402
0.399
0.412
0.407
0.403
0.408
0.407
0.408
0.423
0.431
0.428
0.413
0.418
0.421
0.423
0.419
0.412
0.417
0.417
0.418
0.415
0.416
0.418
0.415
0.421
0.416
0.414
0.423
0.414
0.418
0.424
0.41
0.424
0.414
0.411
0.412
0.427
0.422
0.42
0.425
0.43
0.425
0.421
0.416
0.425
0.424
0.424
0.424
0.423
0.419
0.419
0.421
0.415
0.43
0.42
0.419
0.416
0.423
0.422
0.422
0.43
0.422
0.413
0.415
0.416
0.418
0.423
0.429
0.425
0.42
0.413
0.417
0.415
0.425
0.417
0.407
0.412
0.414
0.411
0.413
0.417
0.424
0.414
0.411
0.411
0.407
0.402
0.409
0.412
0.413
0.405
0.404
0.412
0.406
0.413
0.408
0.417
0.419
0.416
0.418
0.414
0.408
0.416
0.411
0.404
0.407
0.391
0.386
0.383
0.381
0.386
0.377
0.368
0.373
0.367
0.371
0.365
0.362
0.368
0.37
0.367
0.364
0.362
0.376
0.37
0.364
0.372
0.365
0.371
0.379
0.376
0.368
0.363
0.369
0.362
0.367
0.359
0.367
0.373
0.371
0.36
0.364
0.363
0.358
0.362
0.359
0.363
0.358
0.363
0.36
0.359
0.363
0.36
0.36
0.365
0.356
0.36
0.359
0.362
0.364
0.371
0.37
0.365
0.359
0.361
0.368
0.362
0.362
0.367
0.36
0.368
0.363
0.366
0.374
0.368
0.367
0.371
0.374
0.379
0.376
0.381
0.381
0.383
0.384
0.377
0.383
0.383
0.386
0.382
0.391
0.391
0.384
0.391
0.398
0.394
0.402
0.396
0.394
0.413
0.403
0.411
0.417
0.422
0.428
0.425
0.432
0.429
0.424
0.431
0.434
0.459
0.464
0.462
0.468
0.465
0.464
0.464
0.461
0.464
0.464
0.461
0.464
0.46
0.458
0.468
0.471
0.476
0.479
0.479
0.475
0.472
0.471
0.48
0.523
0.529
0.522
0.523
0.53
0.526
0.533
0.541
0.563
0.561
0.569
0.572
0.564
0.574
0.57
0.578
0.581
0.59
0.576
0.545
0.542
0.548
0.515
0.519
0.52
0.522
0.527
0.559
0.557
0.566
0.585
0.587
0.589
0.588
