0.645
0.646
0.633
0.606
0.6
0.586
0.586
0.574
0.583
0.571
0.539
0.537
0.507
0.503
0.512
0.506
0.484
0.478
0.477
0.458
0.465
0.464
0.453
0.448
0.457
0.451
0.449
0.445
0.434
0.444
0.442
0.433
0.439
0.446
0.441
0.437
0.436
0.438
0.435
0.451
0.444
0.448
0.438
0.428
0.438
0.428
0.434
0.424
0.447
0.425
0.443
0.441
0.436
0.441
0.432
0.424
0.434
0.428
0.419
0.427
0.435
0.436
0.441
0.436
0.428
0.438
0.432
0.425
0.433
0.439
0.435
0.425
0.434
0.433
0.435
0.438
0.44
0.445
0.437
0.435
0.441
0.448
0.438
0.438
0.434
0.43
0.423
0.43
0.428
0.437
0.427
0.428
0.428
0.42
0.425
0.44
0.431
0.433
0.431
0.433
0.427
0.43
0.427
0.442
0.427
0.44
0.426
0.446
0.429
0.437
0.434
0.428
0.424
0.427
0.424
0.427
0.427
0.423
0.433
0.432
0.427
0.42
0.429
0.424
0.42
0.419
0.413
0.434
0.424
0.424
0.421
0.429
0.429
0.423
0.419
0.427
0.417
0.433
0.425
0.423
0.417
0.427
0.42
0.423
0.421
0.422
0.426
0.424
0.422
0.426
0.422
0.417
0.412
0.42
0.425
0.431
0.413
0.419
0.417
0.417
0.414
0.42
0.429
0.42
0.42
0.411
0.414
0.416
0.416
0.42
0.414
0.424
0.424
0.416
0.415
0.42
0.412
0.415
0.416
0.41
0.415
0.412
0.415
0.411
0.41
0.42
0.405
0.414
0.418
0.413
0.414
0.417
0.411
0.419
0.417
0.426
0.431
0.421
0.415
0.428
0.42
0.416
0.419
0.424
0.415
0.431
0.424
0.422
0.415
0.417
0.411
0.41
0.421
0.425
0.419
0.429
0.422
0.418
0.425
0.423
0.423
0.415
0.43
0.422
0.421
0.425
0.426
0.418
0.412
0.422
0.42
0.416
0.417
0.425
0.433
0.427
0.419
0.422
0.424
0.415
0.419
0.417
0.421
0.425
0.426
0.419
0.417
0.42
0.413
0.428
0.42
0.417
0.421
0.415
0.427
0.422
0.416
0.425
0.421
0.419
0.415
0.417
0.427
0.432
0.416
0.414
0.423
0.414
0.417
0.413
0.419
0.41
0.415
0.419
0.412
0.417
0.413
0.412
0.415
0.413
0.409
0.41
0.413
0.41
0.413
0.415
0.421
0.425
0.428
0.42
0.424
0.422
0.416
0.418
0.416
0.426
0.418
0.417
0.42
0.422
0.419
0.419
0.425
0.415
0.427
0.421
0.415
0.418
0.424
0.429
0.419
0.422
0.413
0.416
0.425
0.415
0.407
0.402
0.412
0.417
0.414
0.409
0.411
0.404
0.417
0.414
0.406
0.403
0.411
0.415
0.41
0.417
0.415
0.415
0.413
0.424
0.42
0.421
0.429
0.425
0.42
0.415
0.416
0.43
0.42
0.416
0.425
0.42
0.419
0.412
0.417
0.424
0.421
0.412
0.422
0.423
0.419
0.418
0.416
0.415
0.423
0.421
0.415
0.419
0.424
0.428
0.426
0.422
0.426
0.423
0.418
0.431
0.423
0.414
0.429
0.419
0.416
0.419
0.411
0.419
0.416
0.417
0.408
0.411
0.421
0.417
0.413
0.408
0.423
0.423
0.428
0.404
0.42
0.429
0.421
0.413
0.417
0.411
0.417
0.408
0.417
0.413
0.413
0.408
0.416
0.41
0.426
0.417
0.412
0.423
0.414
0.422
0.428
0.425
0.416
0.415
0.424
0.417
0.414
0.415
0.416
0.421
0.43
0.431
0.423
0.416
0.415
0.421
0.42
0.417
0.427
0.418
0.417
0.421
0.429
0.419
0.417
0.415
0.42
0.423
0.427
0.423
0.421
0.416
0.426
0.422
0.418
0.412
0.423
0.421
0.414
0.422
0.429
0.434
0.424
0.42
0.417
0.422
0.416
0.426
0.42
0.413
0.417
0.412
0.42
0.418
0.41
0.418
0.423
0.429
0.424
0.424
0.425
0.425
0.428
0.432
0.424
0.42
0.429
0.422
0.42
0.43
0.43
0.435
0.429
0.433
0.436
0.434
0.433
0.436
0.435
0.436
0.432
0.434
0.43
0.445
0.446
0.444
0.447
