0.686
0.673
0.685
0.413
0.416
0.422
0.42
0.418
0.407
0.403
0.406
0.401
0.411
0.42
0.406
0.409
0.402
0.403
0.405
0.404
0.411
0.409
0.409
0.412
0.409
0.4
0.41
0.414
0.411
0.41
0.407
0.399
0.405
0.403
0.405
0.399
0.405
0.396
0.402
0.403
0.406
0.4
0.404
0.406
0.405
0.409
0.408
0.407
0.407
0.403
0.402
0.407
0.414
0.408
0.411
0.404
0.403
0.406
0.41
0.406
0.403
0.404
0.401
0.41
0.404
0.409
0.404
0.404
0.413
0.406
0.406
0.401
0.407
0.4
0.408
0.404
0.405
0.397
0.404
0.409
0.404
0.411
0.41
0.412
0.41
0.406
0.408
0.409
0.409
0.415
0.415
0.424
0.418
0.415
0.408
0.414
0.411
0.416
0.419
0.411
0.403
0.412
0.419
0.409
0.406
0.416
0.412
0.407
0.406
0.403
0.408
0.415
0.41
0.408
0.407
0.4
0.415
0.411
0.411
0.417
0.416
0.41
0.408
0.411
0.419
0.41
0.416
0.412
0.421
0.42
0.411
0.412
0.418
0.418
0.424
0.417
0.417
0.41
0.418
0.413
0.412
0.406
0.41
0.412
0.403
0.412
0.418
0.404
0.408
0.403
0.408
0.406
0.404
0.411
0.407
0.409
0.407
0.4
0.407
0.397
0.416
0.406
0.413
0.415
0.413
0.417
0.413
0.417
0.422
0.416
0.414
0.407
0.41
0.402
0.404
0.403
0.404
0.402
0.405
0.402
0.404
0.398
0.398
0.399
0.401
0.393
0.406
0.399
0.397
0.399
0.403
0.395
0.398
0.4
0.394
0.403
0.408
0.396
0.392
0.398
0.396
0.396
0.392
0.398
0.39
0.393
0.393
0.395
0.389
0.394
0.392
0.396
0.4
0.398
0.394
0.395
0.396
0.387
0.395
0.391
0.397
0.396
0.393
0.391
0.396
0.389
0.395
0.396
0.391
0.391
0.395
0.394
0.388
0.395
0.392
0.397
0.391
0.393
0.395
0.396
0.397
0.393
0.399
0.401
0.402
0.398
0.396
0.396
0.396
0.392
0.397
0.399
0.396
0.395
0.403
0.403
0.407
0.4
0.395
0.39
0.395
0.39
0.401
0.396
0.402
0.399
0.398
0.418
0.41
0.405
0.403
0.4
0.405
0.407
0.417
0.413
0.406
0.407
0.406
0.407
0.404
0.405
0.409
0.408
0.4
0.405
0.404
0.397
0.404
0.411
0.402
0.399
0.402
0.407
0.403
0.404
0.399
0.402
0.405
0.401
0.413
0.401
0.41
0.404
0.404
0.403
0.404
0.408
0.407
0.4
0.408
0.411
0.402
0.399
0.404
0.41
0.403
0.403
0.411
0.41
0.417
0.418
0.407
0.409
0.399
0.41
0.417
0.417
0.407
0.407
0.409
0.399
0.405
0.406
0.406
0.413
0.408
0.407
0.409
0.404
0.406
0.397
0.402
0.396
0.405
0.411
0.413
0.399
0.405
0.395
0.391
0.398
0.399
0.398
0.396
0.393
0.396
0.405
0.396
0.391
0.39
0.397
0.393
0.391
0.392
0.395
0.391
0.39
0.395
0.4
0.396
0.389
0.385
0.393
0.396
0.391
0.387
0.391
0.396
0.397
0.394
0.396
0.392
0.395
0.388
0.397
0.402
0.393
0.403
0.401
0.409
0.402
0.395
0.399
0.401
0.394
0.398
0.403
0.399
0.394
0.402
0.4
0.397
0.397
0.405
0.395
0.4
0.4
0.4
0.396
0.396
0.396
0.401
0.41
0.401
0.4
0.397
0.4
0.391
0.396
0.396
0.395
0.397
0.397
0.4
0.396
0.405
0.397
0.394
0.398
0.397
0.396
0.402
0.399
0.396
0.397
0.403
0.398
0.4
0.397
0.396
0.4
0.398
0.4
0.409
0.406
0.404
0.396
0.405
0.406
0.396
0.411
0.407
0.4
0.409
0.417
0.409
0.402
0.407
0.407
0.399
0.401
0.402
0.4
0.402
0.4
0.396
0.399
0.403
0.4
0.405
0.406
0.415
0.404
0.398
0.407
0.401
0.407
0.402
0.403
0.399
0.398
0.4
0.399
0.408
0.407
0.403
0.398
0.401
0.398
0.407
0.414
0.405
0.404
0.405
0.412
0.416
0.401
0.416
0.407
0.406
0.407
0.41
0.408
0.404
0.419
0.41
0.405
0.41
0.402
0.41
0.412
0.411
0.413
0.403
0.403
0.411
0.405
0.4
0.409
0.409
0.409
0.404
0.405
0.396
0.409
0.41
0.406
0.396
0.407
0.404
0.404
0.402
0.411
0.405
0.402
0.407
0.405
0.409
0.401
0.402
0.4
0.401
0.4
0.4
0.408
0.407
0.402
0.4
0.408
0.405
0.403
0.408
0.407
0.404
0.406
0.4
0.41
0.406
0.401
0.407
0.407
0.402
0.403
0.407
0.414
0.411
0.419
0.412
0.406
0.407
0.401
0.4
0.406
0.401
0.409
0.415
0.408
0.403
0.408
0.402
0.41
0.408
0.405
0.411
0.403
0.407
0.411
0.404
0.407
0.411
0.403
0.408
0.41
0.412
0.414
0.423
0.416
0.41
0.412
0.407
0.411
0.413
0.419
0.418
0.411
0.403
0.407
0.409
0.407
0.411
0.407
0.413
0.405
0.407
0.408
0.411
0.406
0.41
0.408
0.412
0.409
0.415
0.408
0.412
0.403
0.41
0.406
0.414
0.414
0.42
0.413
0.406
0.41
0.407
0.41
0.405
0.405
0.411
0.402
0.411
0.406
0.412
0.41
0.419
0.413
0.414
0.409
0.428
0.413
0.418
0.417
0.412
0.419
0.415
0.413
0.423
0.414
0.419
0.411
0.416
0.415
0.414
0.414
0.419
0.423
0.415
0.418
0.411
0.414
0.417
0.413
0.413
0.404
0.415
0.412
0.416
0.415
0.409
0.421
0.414
0.419
0.417
0.421
0.414
0.409
0.415
0.415
0.409
0.422
0.414
0.408
0.415
0.418
0.423
0.417
0.418
0.422
0.412
0.412
0.418
0.419
0.41
0.412
0.406
0.414
0.407
0.413
0.41
0.417
0.407
0.414
0.404
0.408
0.407
0.406
0.408
0.405
0.41
0.4
0.405
0.405
0.398
0.408
0.418
0.407
0.397
0.401
0.398
0.398
0.399
0.401
0.404
0.396
0.402
0.41
0.41
0.407
0.404
0.4
0.403
0.402
0.405
0.395
0.401
0.399
0.401
0.397
0.4
0.409
0.404
0.396
0.396
0.396
0.4
0.409
0.404
0.395
0.404
0.404
0.394
0.402
0.4
0.402
0.406
0.405
0.404
0.4
0.404
0.396
0.407
0.403
0.399
0.403
0.395
0.401
0.404
0.4
0.402
0.404
0.398
0.403
0.41
0.413
0.41
0.405
0.397
0.402
0.403
0.405
0.4
0.405
0.396
0.405
0.413
0.409
0.412
0.403
0.404
0.408
0.416
0.411
0.405
0.415
0.408
0.407
0.413
0.41
0.405
0.413
0.42
0.413
0.406
0.408
0.401
0.411
0.412
0.412
0.421
0.416
0.415
0.408
0.415
0.42
0.417
0.414
0.409
0.414
0.419
0.412
0.418
0.412
0.415
0.417
0.415
0.411
0.416
0.423
0.419
0.419
0.412
0.418
0.424
0.425
0.421
0.416
0.411
0.418
0.411
0.414
0.411
0.414
0.417
0.415
0.415
0.414
0.416
0.417
0.414
0.425
0.421
0.418
0.413
0.422
0.424
0.422
0.418
0.415
0.422
0.426
0.428
0.419
0.419
0.421
0.423
0.425
0.418
0.411
0.417
0.414
0.414
0.419
0.414
0.414
0.416
0.413
0.415
0.412
0.425
0.422
0.429
0.414
0.419
0.429
0.419
0.41
0.414
0.407
0.413
0.414
0.407
0.41
0.416
0.412
0.421
0.418
0.423
0.416
0.425
0.413
0.419
0.414
0.414
0.411
0.405
0.411
0.401
0.409
0.406
0.412
0.404
0.407
0.416
0.407
0.405
0.412
0.421
0.421
0.413
0.414
0.422
0.417
0.411
0.412
0.405
0.417
0.41
0.418
0.424
0.425
0.419
0.411
0.421
0.427
0.423
0.418
0.416
0.42
0.423
0.432
0.423
0.416
0.416
0.409
0.423
0.418
0.414
0.41
0.416
0.412
0.422
0.413
0.405
0.414
0.413
0.42
0.414
0.417
0.41
0.419
0.422
0.417
0.421
0.415
0.417
0.426
0.424
0.419
0.411
0.428
0.418
0.418
0.408
0.414
0.417
0.407
0.413
0.425
0.425
0.424
0.425
0.422
0.416
0.412
0.415
0.413
0.42
0.42
0.429
0.42
0.415
0.416
0.414
0.417
0.412
0.421
0.417
0.419
0.428
0.418
0.414
0.417
0.41
0.41
0.415
0.413
0.417
0.408
0.416
0.423
0.412
0.411
0.414
0.423
0.42
0.416
0.412
0.41
0.41
0.408
0.415
0.412
0.408
0.415
0.416
0.422
0.427
0.418
0.421
0.42
0.428
0.422
0.42
0.416
0.42
0.414
0.414
0.409
0.408
0.404
0.414
0.413
0.409
0.403
0.401
0.399
0.401
0.402
0.403
0.412
0.403
0.402
0.397
0.4
0.395
0.398
0.402
0.396
0.401
0.391
0.4
0.4
0.396
0.403
0.404
0.397
0.401
0.404
0.399
0.405
0.408
0.412
0.407
0.402
0.406
0.397
0.401
0.399
0.403
0.398
0.407
0.401
0.409
0.41
0.412
0.416
0.408
0.413
0.415
0.407
0.403
0.41
0.401
0.411
0.409
0.408
0.411
0.41
0.406
0.415
0.412
0.403
0.41
0.401
0.406
0.414
0.408
0.402
0.407
0.4
0.408
0.406
0.402
0.401
0.406
0.396
0.403
0.412
0.409
0.406
0.399
0.411
0.419
0.412
0.412
0.411
0.404
0.407
0.411
0.41
0.405
0.408
0.398
0.411
0.408
0.403
0.41
0.402
0.409
0.411
0.404
0.42
0.41
0.404
0.408
0.407
0.411
0.407
0.408
0.402
0.404
0.407
0.407
0.4
0.401
0.408
0.403
0.398
0.399
0.402
0.403
0.41
0.401
0.405
0.399
0.407
0.406
0.41
0.405
0.4
0.401
0.396
0.404
0.404
0.395
0.402
0.399
0.397
0.401
0.393
0.399
0.399
0.408
0.404
0.396
0.4
0.396
0.4
0.398
0.395
0.399
0.394
0.403
0.4
0.395
0.398
0.407
0.406
0.401
0.397
0.401
0.392
0.403
0.408
0.404
0.4
0.397
0.398
0.393
0.399
0.402
0.396
0.398
0.396
0.4
0.394
0.403
0.398
0.4
0.396
0.401
0.403
0.406
0.4
0.396
0.4
0.392
0.395
0.396
0.405
0.409
0.402
0.392
0.4
0.396
0.402
0.409
0.399
0.397
0.398
0.395
0.397
0.396
0.402
0.396
0.394
0.396
0.398
0.4
0.402
0.4
0.395
0.396
0.397
0.391
0.394
0.401
0.396
0.395
0.398
0.403
0.407
0.408
0.402
0.397
0.4
0.393
0.396
0.398
0.398
0.408
0.402
0.403
0.402
0.394
0.401
0.399
0.407
0.402
0.402
0.402
0.404
0.403
0.41
0.404
0.404
0.399
0.404
0.407
0.413
0.398
0.408
0.398
0.403
0.405
0.411
0.401
0.405
0.397
0.401
0.408
0.401
0.407
0.401
0.407
0.402
0.412
0.405
0.399
0.4
0.406
0.412
0.403
0.4
0.408
0.402
0.399
0.402
0.4
0.402
0.401
0.396
0.405
0.399
0.401
0.402
0.394
0.408
0.406
0.402
0.396
0.401
0.405
0.399
0.4
0.404
0.401
0.411
0.404
0.402
0.404
0.403
0.411
0.401
0.397
0.4
0.396
0.401
0.396
0.404
0.397
0.405
0.411
0.403
0.402
0.408
0.408
0.405
0.402
0.406
0.401
0.403
0.404
0.397
0.398
0.401
0.402
0.405
0.413
0.406
0.398
0.403
0.394
0.403
0.397
0.4
0.405
0.396
0.401
0.405
0.396
0.402
0.403
0.405
0.396
0.404
0.396
0.396
0.405
0.398
0.399
0.403
0.395
0.396
0.401
0.398
0.396
0.397
0.395
0.4
0.396
0.396
0.392
0.398
0.401
0.392
0.394
0.4
0.393
0.401
0.4
0.396
0.394
0.396
0.387
0.398
0.398
0.391
0.395
0.392
0.39
0.398
0.401
0.395
0.391
0.389
0.395
0.396
0.393
0.39
0.394
0.39
0.398
0.397
0.401
0.396
0.388
0.396
0.388
0.394
0.39
0.397
0.397
0.395
0.39
0.395
0.396
0.392
0.394
0.397
0.39
0.392
0.397
0.392
0.393
0.394
0.392
0.395
0.386
0.393
0.389
0.393
0.391
0.393
0.39
0.396
0.392
0.397
0.398
0.394
0.39
0.393
0.387
0.391
0.395
0.392
0.399
0.396
0.401
0.399
0.393
0.396
0.388
0.394
0.39
0.399
0.396
0.394
0.401
0.396
0.39
0.398
0.397
0.398
0.397
0.395
0.391
0.393
0.387
0.393
0.402
0.395
0.391
0.397
0.4
0.392
0.39
0.397
0.391
0.391
0.389
0.394
0.395
0.396
0.397
0.394
0.389
0.395
0.386
0.39
0.386
0.391
0.383
0.392
0.39
0.389
0.388
0.385
0.39
0.399
0.382
0.388
0.394
0.389
0.389
0.386
0.389
0.389
0.391
0.386
0.389
0.38
0.388
0.396
0.394
0.392
0.39
0.386
0.39
0.396
0.389
0.384
0.393
0.394
0.394
0.392
0.388
0.394
0.396
0.388
0.39
0.389
0.385
0.393
0.402
0.393
0.392
0.387
0.389
0.387
0.39
0.396
0.395
0.389
0.395
0.393
0.399
0.399
0.396
0.389
0.398
0.393
0.4
0.394
0.396
0.396
0.401
0.411
0.397
0.391
0.395
0.401
0.391
0.394
0.399
0.393
0.397
0.401
0.406
0.4
0.398
0.398
0.405
0.402
0.4
0.4
0.409
0.406
0.411
0.401
0.403
0.403
0.407
0.406
0.402
0.403
0.403
0.407
0.406
0.413
0.409
0.406
0.404
0.403
0.405
0.406
0.405
0.402
0.403
0.399
0.406
0.402
0.405
0.406
0.396
0.409
0.414
0.41
0.405
0.409
0.402
0.414
0.41
0.406
0.406
0.406
0.415
0.415
0.41
0.404
0.406
0.41
0.413
0.416
0.408
0.403
0.408
0.411
0.402
0.411
0.409
0.41
0.415
0.408
0.408
0.405
0.408
0.412
0.408
0.409
0.404
0.409
0.411
0.406
0.409
0.403
0.412
0.411
0.409
0.403
0.409
0.407
0.416
0.419
0.401
0.408
0.418
0.408
0.411
0.406
0.416
0.413
0.415
0.409
0.419
0.412
0.407
0.412
0.415
0.405
0.42
0.411
0.409
0.414
0.407
0.416
0.418
0.41
0.411
0.413
0.415
0.417
0.418
0.422
0.416
0.417
0.422
0.419
0.426
0.419
0.422
0.427
0.42
0.429
0.434
0.431
0.433
0.434
0.434
0.429
0.437
0.435
0.428
0.421
0.419
0.425
0.428
0.423
0.417
0.417
0.432
0.422
0.421
0.425
0.421
0.418
0.415
0.416
0.421
0.412
0.414
0.418
0.415
0.407
0.409
0.409
0.411
0.419
0.411
0.406
0.408
0.398
0.406
0.402
0.397
0.403
0.402
0.404
0.399
0.398
0.392
0.397
0.396
0.391
0.397
0.395
0.402
0.394
0.399
0.402
0.396
0.404
0.398
0.394
0.396
0.396
0.4
0.397
0.404
0.399
0.396
0.396
0.393
0.396
0.391
0.397
0.396
0.393
0.388
0.392
0.399
0.402
0.391
0.391
0.398
0.396
0.4
0.396
0.39
0.392
0.384
0.401
0.403
0.391
0.396
0.391
0.388
0.393
0.386
0.388
0.39
0.396
0.391
0.395
0.395
0.394
0.396
0.396
0.395
0.396
0.404
0.401
0.402
0.405
0.406
0.402
0.406
0.401
0.409
0.41
0.405
0.413
0.416
0.42
0.417
0.421
0.418
0.414
0.415
0.421
0.426
0.427
0.437
0.439
0.446
0.449
0.447
0.451
0.454
0.449
0.455
0.456
0.451
0.454
0.451
0.453
0.463
0.462
0.464
0.461
0.465
0.464
0.486
0.476
0.495
0.487
0.488
0.471
0.47
0.472
0.473
0.471
0.471
0.47
0.476
0.467
0.471
0.485
0.491
0.495
0.501
0.507
0.514
0.509
0.516
0.508
0.504
0.504
0.493
0.5
0.502
0.513
0.504
0.513
0.506
0.515
0.52
0.521
0.523
0.523
0.519
0.531
0.526
0.523
0.529
0.546
0.551
0.559
0.547
0.551
0.547
0.536
0.533
0.527
0.521
0.524
0.532
0.542
0.548
0.555
0.546
0.524
0.524
0.537
0.539
0.544
0.545
0.554
0.56
0.559
0.555
0.547
0.549
0.543
0.546
0.538
0.549
0.554
0.553
0.563
0.559
0.571
