0.611
0.604
0.591
0.59
0.576
0.578
0.579
0.578
0.54
0.501
0.482
0.49
0.482
0.475
0.484
0.48
0.468
0.472
0.475
0.469
0.478
0.457
0.47
0.469
0.448
0.44
0.437
0.445
0.438
0.441
0.441
0.449
0.44
0.458
0.453
0.438
0.437
0.439
0.43
0.462
0.463
0.47
0.481
0.478
0.468
0.476
0.476
0.479
0.47
0.469
0.449
0.451
0.444
0.433
0.434
0.438
0.442
0.445
0.449
0.439
0.438
0.439
0.429
0.451
0.445
0.436
0.44
0.44
0.449
0.439
0.447
0.428
0.441
0.435
0.435
0.443
0.439
0.438
0.432
0.442
0.44
0.432
0.43
0.44
0.433
0.428
0.425
0.425
0.426
0.425
0.432
0.426
0.431
0.434
0.437
0.443
0.435
0.43
0.436
0.435
0.428
0.425
0.424
0.427
0.422
0.433
0.428
0.435
0.434
0.439
0.438
0.431
0.435
0.425
0.432
0.438
0.432
0.442
0.44
0.443
0.435
0.438
0.436
0.442
0.439
0.438
0.442
0.452
0.435
0.438
0.437
0.436
0.426
0.434
0.434
0.442
0.436
0.437
0.437
0.437
0.428
0.434
0.432
0.43
0.432
0.439
0.429
0.435
0.438
0.43
0.438
0.441
0.438
0.432
0.429
0.427
0.444
0.435
0.427
0.429
0.42
0.427
0.438
0.441
0.433
0.425
0.416
0.418
0.424
0.428
0.422
0.428
0.426
0.424
0.434
0.417
0.408
0.411
0.408
0.405
0.412
0.416
0.419
0.412
0.406
0.411
0.418
0.43
0.426
0.423
0.423
0.429
0.42
0.425
0.43
0.434
0.426
0.431
0.427
0.439
0.447
0.441
0.44
0.436
0.437
0.438
0.444
0.446
0.443
0.44
0.443
0.433
0.436
0.434
0.435
0.444
0.452
0.445
0.44
0.432
0.424
0.431
0.427
0.447
0.438
0.431
0.435
0.427
0.427
0.427
0.425
0.427
0.425
0.429
0.436
0.43
0.426
0.432
0.427
0.43
0.436
0.442
0.429
0.427
0.422
0.437
0.432
0.427
0.428
0.422
0.427
0.433
0.428
0.42
0.427
0.427
0.423
0.421
0.427
0.418
0.419
0.429
0.415
0.425
0.421
0.421
0.419
0.424
0.429
0.42
0.412
0.414
0.411
0.425
0.416
0.414
0.421
0.428
0.43
0.436
0.431
0.432
0.423
0.432
0.434
0.44
0.43
0.42
0.428
0.424
0.433
0.425
0.424
0.429
0.438
0.436
0.432
0.432
0.425
0.425
0.43
0.424
0.414
0.424
0.424
0.418
0.428
0.422
0.427
0.426
0.422
0.419
0.429
0.423
0.42
0.417
0.416
0.415
0.422
0.428
0.428
0.424
0.427
0.429
0.437
0.427
0.432
0.43
0.424
0.431
0.43
0.427
0.418
0.43
0.421
0.426
0.419
0.428
0.432
0.432
0.425
0.43
0.421
0.424
0.433
0.429
0.421
0.42
0.411
0.423
0.429
0.43
0.42
0.43
0.436
0.435
0.429
0.424
0.434
0.433
0.427
0.42
0.419
0.427
0.418
0.424
0.425
0.421
0.427
0.428
0.435
0.427
0.419
0.422
0.43
0.435
0.433
0.431
0.431
0.421
0.43
0.415
0.42
0.428
0.421
0.427
0.417
0.419
0.423
0.42
0.411
0.417
0.422
0.424
0.427
0.424
0.418
0.428
0.419
0.418
0.423
0.423
0.419
0.424
0.444
0.44
0.434
0.443
0.432
0.436
0.438
0.446
0.421
0.427
0.424
0.428
0.425
0.423
0.417
0.409
0.417
0.424
0.419
0.414
0.414
0.415
0.42
0.42
0.417
0.412
0.418
0.426
0.426
0.41
0.416
0.412
0.418
0.426
0.429
0.428
0.437
0.427
0.42
0.422
0.42
0.429
0.423
0.425
0.426
0.423
0.429
0.43
0.414
0.424
0.414
0.412
0.411
0.418
0.423
0.415
0.423
0.424
0.423
0.416
0.433
0.423
0.429
0.419
0.431
0.424
0.425
0.431
0.42
0.426
0.426
0.426
0.424
0.419
0.419
0.422
0.427
0.426
0.423
0.426
0.426
0.42
0.42
0.427
0.428
0.419
0.43
0.432
0.425
0.423
0.427
0.425
0.427
0.431
0.421
0.42
0.426
0.422
0.426
0.417
0.427
0.422
0.426
0.429
0.429
0.423
0.418
0.423
0.436
0.429
0.433
0.425
0.427
0.433
0.438
0.43
0.434
0.443
0.436
0.434
0.441
0.435
0.443
0.438
0.448
0.44
0.435
0.439
0.431
0.434
0.431
0.437
0.436
0.432
0.429
0.425
0.433
0.441
0.436
0.438
0.43
0.435
0.428
0.43
0.423
0.428
0.426
0.425
0.413
0.426
0.42
0.42
0.417
0.427
0.427
0.41
0.42
0.418
0.412
0.417
0.425
0.427
0.417
0.427
0.429
0.421
0.42
0.424
0.429
0.423
0.42
0.416
0.425
0.429
0.405
0.422
0.428
0.427
0.421
0.413
0.419
0.421
0.424
0.432
0.434
0.438
0.435
0.426
0.42
0.421
0.416
0.424
0.429
0.422
0.436
0.431
0.438
0.445
0.428
0.435
0.443
0.439
0.429
0.447
0.439
0.443
0.438
0.43
0.434
0.439
0.446
0.438
0.432
0.436
0.432
0.434
0.44
0.444
0.434
0.431
0.436
0.438
0.443
0.445
0.444
0.437
0.432
0.43
0.426
0.435
0.433
0.43
0.423
0.436
0.43
0.428
0.428
0.437
0.427
0.431
0.434
0.424
0.433
0.43
0.424
0.433
0.437
0.44
0.43
0.43
0.433
0.427
0.427
0.417
0.425
0.423
0.429
0.421
0.416
0.417
0.413
0.409
0.413
0.426
0.426
0.418
0.416
0.405
0.414
0.407
0.409
0.41
0.416
0.423
0.431
0.421
0.423
0.433
0.431
0.432
0.432
0.437
0.439
0.438
0.438
0.44
0.432
0.436
0.427
0.442
0.431
0.44
0.443
0.436
0.44
0.431
0.432
0.429
0.436
0.431
0.436
0.428
0.432
0.438
0.426
0.428
0.421
0.431
0.435
0.432
0.425
0.428
0.437
0.433
0.432
0.424
0.43
0.425
0.442
0.447
0.439
0.429
0.432
0.437
0.435
0.429
0.427
0.435
0.438
0.434
0.436
0.433
0.427
0.426
0.43
0.437
0.43
0.429
0.432
0.423
0.425
0.422
0.426
0.434
0.44
0.433
0.424
0.433
0.433
0.427
0.428
0.422
0.429
0.434
0.435
0.428
0.438
0.43
0.433
0.425
0.418
0.434
0.427
0.421
0.433
0.432
0.422
0.42
0.424
0.42
0.423
0.425
0.422
0.425
0.426
0.429
0.434
0.434
0.431
0.429
0.424
0.434
0.425
0.434
0.43
0.432
0.429
0.429
0.437
0.433
0.428
0.429
0.441
0.444
0.436
0.427
0.427
0.424
0.429
0.429
0.426
0.427
0.431
0.441
0.437
0.432
0.43
0.425
0.429
0.425
0.429
0.426
0.427
0.419
0.419
0.419
0.423
0.416
0.42
0.421
0.429
0.424
0.417
0.425
0.419
0.425
0.417
0.418
0.416
0.421
0.426
0.42
0.42
0.42
0.429
0.423
0.418
0.421
0.43
0.428
0.432
0.435
0.428
0.434
0.43
0.434
0.428
0.418
0.439
0.425
0.433
0.427
0.43
0.423
0.433
0.436
0.443
0.433
0.437
0.438
0.443
0.432
0.438
0.453
0.444
0.445
0.437
0.445
0.453
0.449
0.446
0.441
0.442
0.453
0.449
0.447
0.443
0.442
0.445
0.452
0.436
0.438
0.439
0.443
0.447
0.446
0.456
0.448
0.434
0.443
0.438
0.445
0.439
0.444
0.442
0.445
0.441
0.44
0.439
0.437
0.433
0.435
0.447
0.438
0.445
0.448
0.439
0.437
0.438
0.445
0.444
0.442
0.435
0.436
0.448
0.445
0.445
0.454
0.458
0.449
0.451
0.444
0.446
0.439
0.438
0.44
0.449
0.438
0.433
0.441
0.438
0.438
0.435
0.435
0.445
0.442
0.44
0.442
0.437
0.44
0.44
0.439
0.438
0.448
0.454
0.427
0.431
0.431
0.425
0.428
0.42
0.424
0.433
0.43
0.433
0.425
0.43
0.427
0.427
0.438
0.436
0.431
0.438
0.433
0.442
0.437
0.43
0.442
0.438
0.437
0.436
0.431
0.436
0.436
0.443
0.439
0.44
0.435
0.449
0.451
0.447
0.454
0.447
0.447
0.45
0.447
0.436
0.432
0.445
0.438
0.448
0.452
0.447
0.447
0.444
0.443
0.449
0.438
0.439
0.442
0.433
0.442
0.442
0.437
0.446
0.454
0.447
0.445
0.446
0.448
0.441
0.439
0.438
0.444
0.441
0.438
0.437
0.445
0.436
0.438
0.439
0.44
0.449
0.442
0.446
0.444
0.441
0.452
0.442
0.444
0.442
0.44
0.431
0.457
0.436
0.435
0.432
0.438
0.432
0.436
0.428
0.424
0.427
0.434
0.429
0.43
0.425
0.427
0.423
0.434
0.424
0.428
0.433
0.424
0.435
0.429
0.424
0.417
0.407
0.408
0.408
0.409
0.41
0.414
0.42
0.414
0.411
0.414
0.413
0.411
0.413
0.413
0.418
0.412
0.411
0.413
0.414
0.408
0.427
0.407
0.416
0.414
0.403
0.412
0.422
0.416
0.409
0.403
0.411
0.41
0.414
0.415
0.423
0.422
0.425
0.425
0.427
0.423
0.421
0.42
0.428
0.422
0.428
0.436
0.435
0.431
0.424
0.419
0.428
0.428
0.429
0.436
0.428
0.419
0.421
0.424
0.418
0.438
0.428
0.432
0.424
0.426
0.433
0.424
0.425
0.434
0.434
0.428
0.421
0.431
0.435
0.435
0.445
0.434
0.439
0.44
0.443
0.443
0.448
0.437
0.442
0.439
0.437
0.436
0.43
0.439
0.445
0.438
0.441
0.431
0.435
0.427
0.432
0.432
0.44
0.439
0.44
0.436
0.435
0.431
0.435
0.438
0.435
0.431
0.431
0.441
0.431
0.434
0.424
0.426
0.426
0.428
0.424
0.428
0.431
0.425
0.434
0.427
0.431
0.429
0.431
0.426
0.425
0.434
0.426
0.428
0.432
0.424
0.423
0.425
0.42
0.424
0.433
0.424
0.423
0.42
0.417
0.417
0.422
0.431
0.422
0.424
0.427
0.421
0.418
0.419
0.42
0.425
0.42
0.421
0.44
0.428
0.419
0.426
0.43
0.42
0.422
0.426
0.426
0.416
0.425
0.427
0.429
0.436
0.432
0.428
0.432
0.426
0.432
0.425
0.42
0.423
0.423
0.419
0.424
0.415
0.419
0.42
0.423
0.42
0.422
0.425
0.421
0.425
0.416
0.422
0.419
0.427
0.424
0.426
0.42
0.418
0.408
0.421
0.415
0.428
0.431
0.427
0.417
0.423
0.418
0.417
0.42
0.424
0.427
0.418
0.426
0.423
0.43
0.438
0.431
0.429
0.422
0.429
0.421
0.427
0.436
0.441
0.432
0.427
0.43
0.435
0.441
0.437
0.423
0.427
0.426
0.436
0.432
0.438
0.44
0.444
0.438
0.465
0.461
0.462
0.472
0.475
0.476
0.479
0.479
0.482
0.48
0.475
0.484
0.486
0.498
0.523
0.526
0.526
0.522
0.513
0.522
0.518
0.512
0.521
0.521
0.526
0.523
0.527
0.539
0.533
0.529
0.55
0.551
0.542
0.55
0.554
0.544
0.578
0.584
0.581
0.572
0.569
0.561
0.561
0.566
0.559
0.563
0.566
0.568
0.563
0.584
0.591
0.59
0.592
0.593
0.582
0.593
0.59
0.591
0.601
0.609
0.57
0.573
0.571
0.568
0.575
0.563
0.562
0.563
0.594
0.598
0.597
0.608
0.602
0.599
0.591
0.59
0.591
0.598
0.604
0.605
0.617
0.631
0.641
0.63
0.634
0.635
0.635
0.624
0.582
0.58
0.584
0.618
0.59
0.577
0.612
0.607
0.602
0.576
0.573
0.587
0.577
0.572
0.563
0.556
0.557
0.552
0.549
0.55
0.545
0.548
0.541
0.551
0.549
0.548
0.55
0.549
0.551
0.551
0.604
0.604
0.595
0.586
0.579
0.575
0.573
0.563
0.569
0.566
0.562
0.555
0.553
0.556
0.556
0.548
0.54
0.548
0.552
0.543
0.551
0.546
0.64
0.644
0.572
0.567
0.565
0.558
0.554
0.554
0.548
0.549
0.54
0.546
0.538
0.538
0.535
0.542
0.532
0.541
0.541
0.542
0.545
0.557
0.552
0.555
0.548
0.542
0.537
0.544
0.548
0.553
0.562
0.566
0.563
0.571
0.582
0.579
0.576
0.577
0.566
0.563
0.56
0.559
0.563
0.557
0.561
0.567
0.576
0.572
0.593
0.591
0.599
0.591
0.593
0.591
0.6
