0.508
0.518
0.499
0.471
0.468
0.473
0.465
0.466
0.474
0.463
0.465
0.457
0.455
0.449
0.455
0.445
0.451
0.458
0.449
0.438
0.442
0.45
0.45
0.445
0.435
0.429
0.438
0.439
0.438
0.429
0.428
0.438
0.432
0.424
0.422
0.426
0.428
0.425
0.434
0.432
0.425
0.418
0.423
0.424
0.428
0.435
0.425
0.427
0.428
0.422
0.416
0.425
0.423
0.433
0.42
0.419
0.413
0.418
0.412
0.417
0.416
0.409
0.421
0.424
0.428
0.421
0.417
0.41
0.412
0.421
0.412
0.414
0.406
0.416
0.419
0.427
0.416
0.409
0.417
0.419
0.409
0.408
0.413
0.416
0.414
0.407
0.4
0.402
0.404
0.412
0.415
0.4
0.403
0.407
0.402
0.401
0.404
0.395
0.403
0.4
0.405
0.4
0.4
0.397
0.405
0.398
0.405
0.4
0.392
0.402
0.408
0.394
0.4
0.404
0.396
0.396
0.4
0.395
0.4
0.392
0.4
0.396
0.396
0.397
0.395
0.397
0.396
0.404
0.402
0.397
0.397
0.396
0.394
0.399
0.403
0.399
0.392
0.396
0.4
0.396
0.399
0.397
0.402
0.405
0.406
0.399
0.396
0.403
0.394
0.399
0.396
0.397
0.404
0.399
0.398
0.395
0.403
0.395
0.41
0.402
0.399
0.408
0.406
0.407
0.403
0.403
0.396
0.4
0.395
0.401
0.398
0.399
0.396
0.399
0.395
0.404
0.399
0.391
0.4
0.398
0.395
0.4
0.399
0.403
0.405
0.4
0.393
0.402
0.396
0.397
0.394
0.397
0.399
0.398
0.403
0.396
0.396
0.396
0.401
0.396
0.404
0.403
0.397
0.405
0.403
0.398
0.396
0.395
0.401
0.401
0.398
0.394
0.396
0.394
0.4
0.403
0.393
0.392
0.392
0.396
0.389
0.395
0.388
0.396
0.389
0.394
0.402
0.396
0.387
0.391
0.393
0.394
0.39
0.396
0.389
0.396
0.392
0.389
0.388
0.394
0.389
0.39
0.392
0.387
0.39
0.394
0.391
0.394
0.4
0.396
0.388
0.383
0.385
0.392
0.395
0.396
0.387
0.386
0.394
0.389
0.398
0.39
0.395
0.401
0.388
0.387
0.387
0.394
0.398
0.393
0.388
0.384
0.39
0.391
0.387
0.391
0.385
0.391
0.398
0.392
0.39
0.388
0.39
0.395
0.401
0.394
0.395
0.388
0.393
0.388
0.392
0.389
0.393
0.387
0.388
0.396
0.394
0.396
0.396
0.405
0.399
0.395
0.399
0.395
0.389
0.395
0.396
0.396
0.4
0.394
0.399
0.398
0.392
0.398
0.401
0.4
0.391
0.391
0.393
0.401
0.394
0.4
0.396
0.398
0.392
0.392
0.392
0.4
0.392
0.398
0.394
0.399
0.395
0.394
0.396
0.403
0.396
0.405
0.404
0.396
0.395
0.4
0.396
0.395
0.4
0.395
0.395
0.398
0.39
0.399
0.4
0.401
0.395
0.396
0.396
0.394
0.399
0.394
0.394
0.396
0.396
0.396
0.393
0.399
0.408
0.394
0.401
0.411
0.406
0.398
0.407
0.399
0.399
0.407
0.401
0.411
0.407
0.416
0.402
0.408
0.398
0.409
0.408
0.405
0.402
0.402
0.406
0.409
0.402
0.398
0.404
0.409
0.409
0.411
0.406
0.41
0.409
0.405
0.407
0.402
0.402
0.398
0.401
0.406
0.4
0.407
0.414
0.409
0.412
0.408
0.403
0.401
0.402
0.409
0.417
0.409
0.405
0.405
0.403
0.411
0.401
0.408
0.403
0.401
0.411
0.406
0.416
0.408
0.399
0.402
0.394
0.406
0.397
0.402
0.408
0.402
0.401
0.396
0.399
0.408
0.411
0.401
0.398
0.401
0.409
0.407
0.397
0.396
0.402
0.403
0.408
0.409
0.404
0.409
0.399
0.4
0.408
0.404
0.395
0.399
0.407
0.397
0.398
0.396
0.396
0.403
0.399
0.397
0.398
0.399
0.392
0.402
0.397
0.396
0.398
0.396
0.405
0.398
0.401
0.409
0.4
0.398
0.403
0.396
0.397
0.402
0.398
0.39
0.396
0.393
0.4
0.401
0.405
0.401
0.397
0.394
0.398
0.393
0.396
0.4
0.401
0.391
0.396
0.396
0.396
0.395
0.399
0.401
0.393
0.396
0.397
0.392
0.404
0.395
0.394
0.396
0.393
0.397
0.399
0.398
0.394
0.401
0.395
0.398
0.404
0.4
0.393
0.396
0.398
0.39
0.399
0.395
0.396
0.397
0.392
0.396
0.402
0.398
0.398
0.394
0.398
0.396
0.405
0.393
0.401
0.399
0.404
0.403
0.399
0.395
0.401
0.395
0.396
0.396
0.396
0.401
0.396
0.397
0.396
0.399
0.392
0.396
0.402
0.401
0.396
0.397
0.398
0.394
0.399
0.398
0.401
0.4
0.396
0.399
0.395
0.404
0.409
0.397
0.393
0.396
0.404
0.406
0.401
0.394
0.401
0.397
0.396
0.394
0.402
0.395
0.401
0.4
0.407
0.396
0.4
0.396
0.4
0.405
0.398
0.396
0.404
0.395
0.393
0.398
0.391
0.396
0.387
0.394
0.392
0.395
0.396
0.39
0.393
0.401
0.399
0.392
0.396
0.396
0.388
0.396
0.393
0.396
0.39
0.397
0.393
0.399
0.4
0.399
0.398
0.396
0.394
0.397
0.392
0.397
0.393
0.399
0.396
0.395
0.397
0.393
0.399
0.395
0.392
0.399
0.394
0.403
0.393
0.398
0.392
0.397
0.397
0.394
0.396
0.396
0.395
0.392
0.397
0.395
0.397
0.391
0.399
0.394
0.396
0.392
0.398
0.4
0.403
0.394
0.391
0.397
0.406
0.398
0.394
0.393
0.4
0.398
0.392
0.391
0.385
0.391
0.395
0.398
0.39
0.394
0.391
0.398
0.397
0.39
0.397
0.389
0.396
0.392
0.395
0.399
0.395
0.4
0.401
0.391
0.402
0.396
0.394
0.39
0.394
0.4
0.403
0.396
0.397
0.392
0.398
0.396
0.397
0.398
0.397
0.394
0.396
0.391
0.395
0.386
0.397
0.391
0.39
0.392
0.4
0.403
0.398
0.396
0.395
0.397
0.393
0.397
0.404
0.402
0.396
0.396
0.404
0.406
0.401
0.399
0.397
0.396
0.396
0.402
0.4
0.406
0.396
0.394
0.396
0.402
0.393
0.401
0.396
0.403
0.397
0.406
0.403
0.395
0.402
0.397
0.396
0.396
0.404
0.401
0.402
0.395
0.404
0.401
0.398
0.406
0.399
0.398
0.395
0.398
0.392
0.404
0.403
0.393
0.396
0.395
0.399
0.399
0.395
0.397
0.393
0.397
0.405
0.396
0.391
0.394
0.399
0.391
0.404
0.396
0.396
0.388
0.396
0.393
0.4
0.392
0.401
0.395
0.402
0.408
0.395
0.391
0.4
0.393
0.394
0.401
0.397
0.396
0.388
0.389
0.396
0.389
0.393
0.389
0.387
0.396
0.389
0.391
0.388
0.396
0.388
0.391
0.385
0.389
0.384
0.392
0.391
0.387
0.39
0.384
0.387
0.384
0.393
0.388
0.389
0.383
0.389
0.392
0.392
0.388
0.387
0.39
0.382
0.387
0.394
0.386
0.385
0.387
0.388
0.382
0.39
0.389
0.386
0.382
0.39
0.389
0.383
0.388
0.39
0.393
0.387
0.389
0.386
0.395
0.387
0.391
0.396
0.395
0.387
0.393
0.392
0.388
0.391
0.389
0.395
0.397
0.401
0.395
0.396
0.391
0.39
0.395
0.392
0.389
0.394
0.392
0.401
0.396
0.396
0.389
0.389
0.395
0.393
0.39
0.393
0.389
0.395
0.402
0.399
0.395
0.388
0.396
0.391
0.396
0.395
0.403
0.402
0.403
0.405
0.398
0.402
0.406
0.398
0.4
0.396
0.398
0.396
0.4
0.392
0.399
0.401
0.396
0.399
0.402
0.397
0.401
0.402
0.4
0.397
0.398
0.407
0.398
0.399
0.408
0.407
0.398
0.402
0.395
0.404
0.4
0.407
0.404
0.397
0.404
0.397
0.397
0.404
0.403
0.411
0.402
0.4
0.404
0.413
0.406
0.406
0.397
0.4
0.404
0.404
0.413
0.404
0.408
0.411
0.406
0.396
0.401
0.406
0.403
0.402
0.401
0.401
0.399
0.405
0.404
0.412
0.408
0.4
0.397
0.399
0.404
0.403
0.402
0.411
0.414
0.405
0.396
0.405
0.406
0.408
0.416
0.403
0.401
0.403
0.406
0.403
0.403
0.407
0.406
0.399
0.402
0.403
0.396
0.402
0.405
0.402
0.412
0.417
0.407
0.407
0.406
0.414
0.407
0.403
0.402
0.406
0.403
0.403
0.413
0.407
0.408
0.404
0.401
0.408
0.406
0.408
0.405
0.411
0.411
0.405
0.411
0.415
0.414
0.41
0.419
0.426
0.409
0.41
0.409
0.419
0.42
0.418
0.424
0.417
0.414
0.414
0.422
0.415
0.407
0.405
0.407
0.415
0.413
0.415
0.403
0.412
0.409
0.408
0.403
0.403
0.4
0.408
0.404
0.407
0.397
0.403
0.4
0.394
0.399
0.399
0.404
0.394
0.396
0.396
0.398
0.396
0.402
0.399
0.396
0.402
0.407
0.398
0.398
0.401
0.396
0.402
0.398
0.403
0.397
0.406
0.406
0.408
0.405
0.399
0.4
0.397
0.396
0.401
0.409
0.405
0.395
0.4
0.406
0.396
0.406
0.4
0.404
0.407
0.41
0.404
0.4
0.401
0.399
0.399
0.408
0.407
0.409
0.404
0.4
0.396
0.402
0.403
0.399
0.395
0.404
0.414
0.411
0.406
0.399
0.408
0.404
0.406
0.407
0.406
0.41
0.406
0.414
0.404
0.413
0.41
0.412
0.405
0.412
0.414
0.41
0.417
0.415
0.417
0.413
0.411
0.41
0.405
0.411
0.412
0.415
0.417
0.42
0.413
0.418
0.414
0.415
0.408
0.407
0.405
0.407
0.4
0.407
0.404
0.404
0.404
0.41
0.403
0.407
0.397
0.41
0.405
0.401
0.4
0.396
0.404
0.407
0.409
0.409
0.401
0.396
0.401
0.396
0.403
0.406
0.397
0.402
0.398
0.397
0.405
0.396
0.405
0.398
0.397
0.403
0.395
0.4
0.403
0.402
0.402
0.396
0.411
0.403
0.404
0.4
0.407
0.403
0.413
0.408
0.408
0.41
0.41
0.428
0.42
0.429
0.425
0.428
0.416
0.422
0.417
0.414
0.413
0.414
0.421
0.413
0.414
0.421
0.42
0.422
0.427
0.426
0.416
0.428
0.42
0.42
0.423
0.418
0.415
0.414
0.419
0.416
0.415
0.425
0.418
0.423
0.415
0.412
0.421
0.411
0.411
0.416
0.423
0.413
0.409
0.416
0.413
0.415
0.41
0.418
0.415
0.421
0.416
0.409
0.419
0.411
0.419
0.413
0.416
0.408
0.411
0.417
0.425
0.416
0.406
0.415
0.419
0.425
0.422
0.41
0.42
0.417
0.407
0.413
0.422
0.422
0.414
0.411
0.416
0.421
0.415
0.408
0.412
0.406
0.415
0.421
0.413
0.41
0.419
0.412
0.421
0.417
0.407
0.41
0.407
0.413
0.422
0.411
0.413
0.419
0.416
0.414
0.41
0.404
0.413
0.41
0.411
0.411
0.409
0.419
0.416
0.417
0.407
0.416
0.42
0.41
0.407
0.412
0.408
0.408
0.409
0.405
0.413
0.411
0.407
0.41
0.41
0.404
0.414
0.416
0.42
0.413
0.406
0.406
0.404
0.411
0.416
0.418
0.412
0.415
0.409
0.404
0.405
0.403
0.412
0.404
0.404
0.41
0.418
0.41
0.402
0.405
0.403
0.409
0.41
0.403
0.406
0.407
0.412
0.406
0.404
0.406
0.403
0.412
0.417
0.409
0.415
0.416
0.407
0.415
0.411
0.402
0.414
0.404
0.404
0.404
0.403
0.398
0.406
0.412
0.404
0.403
0.405
0.405
0.402
0.405
0.399
0.405
0.396
0.406
0.398
0.405
0.408
0.401
0.407
0.4
0.407
0.416
0.408
0.412
0.414
0.404
0.407
0.404
0.402
0.402
0.402
0.401
0.407
0.405
0.398
0.397
0.399
0.407
0.396
0.4
0.393
0.399
0.397
0.394
0.401
0.395
0.4
0.401
0.397
0.4
0.393
0.398
0.397
0.405
0.405
0.399
0.406
0.413
0.406
0.398
0.396
0.404
0.396
0.4
0.403
0.397
0.399
0.402
0.398
0.406
0.401
0.408
0.405
0.4
0.408
0.414
0.411
0.403
0.406
0.404
0.412
0.418
0.41
0.407
0.41
0.406
0.419
0.42
0.41
0.409
0.41
0.408
0.412
0.417
0.42
0.422
0.404
0.413
0.407
0.408
0.414
0.408
0.413
0.406
0.411
0.404
0.407
0.414
0.416
0.408
0.419
0.408
0.414
0.419
0.414
0.415
0.42
0.411
0.413
0.416
0.408
0.418
0.417
0.419
0.412
0.416
0.406
0.411
0.418
0.412
0.411
0.403
0.417
0.408
0.407
0.412
0.413
0.412
0.406
0.407
0.41
0.404
0.41
0.411
0.404
0.41
0.401
0.411
0.409
0.407
0.417
0.414
0.408
0.411
0.405
0.412
0.418
0.412
0.419
0.41
0.412
0.407
0.414
0.406
0.416
0.412
0.419
0.411
0.41
0.417
0.423
0.415
0.41
0.414
0.414
0.41
0.415
0.412
0.416
0.409
0.414
0.406
0.41
0.41
0.413
0.421
0.415
0.417
0.407
0.408
0.41
0.414
0.41
0.408
0.412
0.408
0.418
0.414
0.413
0.414
0.414
0.411
0.404
0.414
0.411
0.409
0.408
0.409
0.419
0.414
0.423
0.413
0.408
0.417
0.406
0.412
0.412
0.42
0.414
0.407
0.409
0.404
0.41
0.409
0.416
0.411
0.405
0.406
0.403
0.41
0.417
0.411
0.417
0.404
0.411
0.405
0.403
0.401
0.406
0.41
0.404
0.403
0.403
0.398
0.406
0.399
0.407
0.403
0.396
0.403
0.398
0.403
0.403
0.403
0.412
0.4
0.399
0.398
0.407
0.4
0.398
0.398
0.4
0.403
0.397
0.402
0.41
0.41
0.406
0.4
0.393
0.402
0.397
0.399
0.408
0.403
0.4
0.406
0.414
0.405
0.403
0.406
0.4
0.405
0.406
0.401
0.409
0.4
0.405
0.412
0.409
0.419
0.415
0.406
0.405
0.409
0.412
0.414
0.405
0.412
0.403
0.4
0.404
0.413
0.407
0.404
0.408
0.408
0.401
0.41
0.402
0.403
0.41
0.405
0.415
0.409
0.4
0.404
0.399
0.401
0.404
0.4
0.405
0.408
0.411
0.402
0.403
0.407
0.4
0.408
0.401
0.402
0.411
0.408
0.406
0.415
0.408
0.404
0.415
0.409
0.412
0.415
0.407
0.409
0.418
0.422
0.414
0.408
0.417
0.412
0.421
0.416
0.408
0.417
0.417
0.42
0.414
0.41
0.417
0.412
0.42
0.413
0.414
0.409
0.417
0.409
0.405
0.415
0.422
0.418
0.409
0.41
0.409
0.413
0.412
0.416
0.412
0.405
0.411
0.413
0.414
0.42
0.42
0.411
0.417
0.411
0.414
0.419
0.421
0.413
0.419
0.413
0.41
0.417
0.414
0.418
0.411
0.425
0.415
0.412
0.422
0.421
0.426
0.424
0.417
0.414
0.418
0.427
0.424
0.426
0.417
0.419
0.414
0.421
0.418
0.423
0.414
0.42
0.426
0.433
0.426
0.423
0.425
0.426
0.425
0.432
0.433
0.438
0.429
0.423
0.421
0.431
0.425
0.428
0.426
0.436
0.427
0.421
0.427
0.432
0.428
0.424
0.42
0.424
0.415
0.423
0.424
0.429
0.431
0.422
0.424
0.419
0.427
0.424
0.418
0.423
0.415
0.419
0.418
0.413
0.421
0.421
0.414
0.424
0.424
0.423
0.415
0.416
0.412
0.421
0.424
0.418
0.421
0.428
0.424
0.414
0.422
0.424
0.424
0.417
0.409
0.426
0.417
0.417
0.423
0.424
0.425
0.415
0.425
0.431
0.429
0.423
0.419
0.426
0.429
0.425
0.434
0.422
0.415
0.418
0.419
0.417
0.427
0.424
0.424
0.419
0.413
0.419
0.413
0.416
0.419
0.413
0.416
0.414
0.422
0.419
0.423
0.413
0.414
0.418
0.41
0.41
0.413
0.408
0.418
0.415
0.411
0.412
0.408
0.419
0.411
0.413
0.412
0.406
0.41
0.407
0.417
0.413
0.406
0.411
0.405
0.407
0.41
0.413
0.419
0.415
0.411
0.406
0.404
0.411
0.402
0.413
0.405
0.414
0.408
0.409
0.405
0.415
0.406
0.412
0.402
0.406
0.402
0.407
0.411
0.413
0.418
0.419
0.406
0.409
0.402
0.408
0.406
0.414
0.413
0.408
0.402
0.41
0.411
0.42
0.421
0.411
0.402
0.411
0.41
0.413
0.41
0.415
0.412
0.408
0.411
0.406
0.407
0.41
0.42
0.412
0.41
0.418
0.419
0.413
0.423
0.418
0.413
0.416
0.421
0.414
0.416
0.416
0.411
0.421
0.422
0.426
0.421
0.416
0.415
0.416
0.423
0.429
0.419
0.409
0.417
0.427
0.424
0.429
0.42
0.424
0.421
0.42
0.421
0.417
0.422
0.414
0.422
0.431
0.426
0.417
0.427
0.42
0.421
0.416
0.426
0.423
0.417
0.414
0.423
0.417
0.423
0.422
0.429
0.429
0.421
0.414
0.418
0.42
0.416
0.426
0.43
0.421
0.42
0.425
0.421
0.423
0.414
0.421
0.417
0.42
0.418
0.43
0.427
0.42
0.423
0.413
0.429
0.422
0.431
0.432
0.427
0.419
0.416
0.423
0.415
0.421
0.412
0.42
0.419
0.412
0.422
0.418
0.412
0.414
0.422
0.417
0.417
0.412
0.421
0.416
0.423
0.417
0.423
0.414
0.427
0.423
0.426
0.423
0.415
0.42
0.411
0.421
0.417
0.414
0.417
0.415
0.418
0.411
0.417
0.412
0.419
0.418
0.427
0.428
0.418
0.408
0.425
0.431
0.427
0.412
0.419
0.415
0.424
0.419
0.414
0.409
0.418
0.413
0.417
0.416
0.41
0.416
0.421
0.422
0.417
0.422
0.414
0.41
0.415
0.421
0.42
0.428
0.417
0.411
0.419
0.413
0.417
0.416
0.423
0.427
0.432
0.435
0.428
0.428
0.421
0.433
0.436
0.435
0.438
0.436
0.429
0.431
0.431
0.431
0.425
0.43
0.424
0.429
0.428
0.429
0.421
0.43
0.422
0.419
0.412
0.418
0.421
0.425
0.411
0.414
0.422
0.419
0.425
0.417
0.407
0.416
0.42
0.421
0.411
0.406
0.41
0.417
0.413
0.408
0.412
0.406
0.423
0.415
0.419
0.409
0.414
0.409
0.41
0.415
0.412
0.409
0.416
0.406
0.413
0.404
0.41
0.405
0.409
0.404
0.409
0.408
0.417
0.409
0.412
0.406
0.41
0.4
0.419
0.413
0.41
0.411
0.402
0.416
0.416
0.415
0.414
0.409
0.411
0.402
0.406
0.414
0.418
0.411
0.405
0.412
0.406
0.413
0.405
0.41
0.403
0.412
0.418
0.411
0.409
0.405
0.409
0.403
0.408
0.414
0.406
0.405
0.408
0.404
0.405
0.405
0.404
0.404
0.409
0.413
0.411
0.418
0.41
0.406
0.404
0.406
0.403
0.412
0.413
0.403
0.408
0.403
0.412
0.407
0.408
0.405
0.409
0.4
0.409
0.409
0.407
0.409
0.4
0.409
0.411
0.419
0.415
0.408
0.408
0.409
0.416
0.407
0.419
0.411
0.41
0.411
0.407
0.414
0.404
0.414
0.411
0.411
0.404
0.41
0.403
0.41
0.408
0.408
0.405
0.412
0.415
0.405
0.409
0.406
0.412
0.409
0.405
0.411
0.406
0.416
0.422
0.412
0.41
0.419
0.414
0.42
0.414
0.408
0.411
0.42
0.417
0.409
0.411
0.407
0.415
0.409
0.406
0.414
0.415
0.408
0.411
0.405
0.413
0.403
0.411
0.401
0.408
0.405
0.405
0.411
0.404
0.409
0.405
0.416
0.406
0.406
0.413
0.411
0.407
0.413
0.404
0.414
0.411
0.408
0.417
0.418
0.413
0.407
0.404
0.414
0.411
0.421
0.415
0.424
0.413
0.411
0.421
0.419
0.418
0.42
0.41
0.408
0.411
0.408
0.412
0.406
0.416
0.411
0.412
0.407
0.412
0.407
0.413
0.408
0.414
0.404
0.414
0.408
0.417
0.411
0.41
0.419
0.415
0.42
0.412
0.413
0.407
0.426
0.416
0.408
0.412
0.414
0.411
0.419
0.411
0.421
0.427
0.419
0.415
0.425
0.416
0.42
0.414
0.413
0.426
0.417
0.413
0.423
0.427
0.418
0.424
0.423
0.422
0.412
0.413
0.416
0.419
0.411
0.418
0.411
0.412
0.409
0.408
0.418
0.412
0.405
0.41
0.417
0.411
0.415
0.42
0.412
0.422
0.413
0.42
0.414
0.422
0.418
0.415
0.424
0.415
0.422
0.426
0.421
0.414
0.422
0.419
0.413
0.423
0.415
0.422
0.416
0.421
0.416
0.424
0.424
0.417
0.421
0.413
0.419
0.417
0.413
0.421
0.413
0.416
0.411
0.419
0.413
0.415
0.412
0.417
0.415
0.411
0.415
0.412
0.417
0.41
0.423
0.417
0.413
0.42
0.416
0.416
0.412
0.421
0.428
0.424
0.416
0.418
0.41
0.424
0.429
0.421
0.415
0.419
0.412
0.419
0.414
0.42
0.413
0.418
0.411
0.418
0.415
0.412
0.417
0.42
0.417
0.424
0.419
0.412
0.41
0.418
0.408
0.418
0.414
0.421
0.411
0.41
0.408
0.411
0.406
0.405
0.41
0.402
0.415
0.407
0.406
0.411
0.407
0.417
0.415
0.408
0.405
0.41
0.404
0.416
0.414
0.405
0.406
0.413
0.416
0.418
0.417
0.416
0.407
0.401
0.41
0.407
0.413
0.417
0.411
0.404
0.409
0.404
0.409
0.413
0.406
0.416
0.422
0.412
0.405
0.415
0.425
0.417
0.416
0.423
0.414
0.411
0.407
0.415
0.407
0.412
0.408
0.417
0.427
0.415
0.408
0.414
0.41
0.419
0.415
0.425
0.41
0.405
0.41
0.403
0.413
0.411
0.41
0.408
0.41
0.415
0.411
0.415
0.42
0.417
0.417
0.407
0.412
0.403
0.407
0.411
0.409
0.403
0.418
0.41
0.403
0.412
0.411
0.403
0.404
0.414
0.416
0.406
0.402
0.405
0.404
0.406
0.403
0.406
0.412
0.402
0.408
0.402
0.412
0.415
0.405
0.404
0.411
0.406
0.399
0.402
0.409
0.399
0.408
0.401
0.403
0.404
0.396
0.405
0.399
0.41
0.402
0.401
0.404
0.404
0.403
0.408
0.41
0.41
0.402
0.401
0.401
0.401
0.404
0.4
0.408
0.416
0.404
0.401
0.406
0.397
0.402
0.405
0.397
0.397
0.408
0.4
0.405
0.402
0.398
0.407
0.4
0.409
0.404
0.396
0.405
0.404
0.397
0.41
0.413
0.403
0.407
0.401
0.405
0.407
0.405
0.413
0.421
0.403
0.411
0.406
0.403
0.409
0.406
0.415
0.411
0.407
0.406
0.412
0.404
0.415
0.408
0.416
0.406
0.411
0.404
0.409
0.412
0.406
0.413
0.405
0.414
0.409
0.415
0.409
0.416
0.415
0.413
0.42
0.414
0.416
0.414
0.417
0.421
0.418
0.42
0.418
0.423
0.424
0.424
0.429
0.428
0.431
0.431
0.428
0.435
0.429
0.427
0.434
0.433
0.438
0.438
0.436
0.434
0.437
0.443
0.434
0.444
0.436
0.44
0.448
0.448
0.447
0.454
0.452
0.451
0.462
0.454
0.462
0.46
0.462
0.469
0.463
0.469
0.479
0.476
0.47
0.478
0.479
0.47
0.476
0.465
0.473
0.481
0.493
0.494
0.502
0.496
0.497
0.499
0.496
0.496
0.496
0.485
0.493
0.5
0.491
0.494
0.498
0.503
0.504
0.506
0.51
0.501
0.505
0.509
0.512
0.504
0.514
0.512
0.514
0.512
0.521
0.516
0.519
0.521
0.522
0.519
0.51
0.516
0.516
0.511
0.515
0.521
0.509
0.516
0.52
0.517
0.52
0.519
0.524
0.522
0.518
0.528
0.521
0.516
0.521
0.525
0.518
0.528
0.527
0.522
0.531
0.532
0.53
0.536
0.538
0.53
0.536
0.531
0.53
0.528
0.526
0.527
0.527
0.536
0.537
0.533
0.537
0.528
0.536
0.524
0.53
0.531
0.528
0.538
0.541
0.537
0.543
0.537
0.536
0.538
0.531
0.531
0.534
0.523
0.54
0.552
0.56
0.558
0.555
0.563
0.566
0.563
0.554
0.554
0.546
0.54
0.535
0.539
0.535
0.539
0.545
0.545
0.545
0.544
0.551
0.552
0.548
0.546
0.546
0.546
0.548
0.54
0.533
0.54
0.538
0.54
0.536
0.543
0.542
0.542
0.537
0.545
0.549
0.541
0.546
0.535
0.545
0.54
0.532
0.538
0.538
0.533
0.541
0.54
0.545
0.546
0.542
0.537
0.548
0.537
0.541
0.529
0.535
0.535
0.54
0.54
0.538
0.543
0.55
0.541
0.553
0.543
0.554
0.554
0.556
0.559
0.556
0.555
0.553
0.547
0.544
0.543
0.549
0.537
0.546
0.54
0.546
0.546
0.553
0.55
0.55
0.547
0.546
0.545
