0.505
0.513
0.512
0.504
0.503
0.496
0.488
0.495
0.483
0.483
0.458
0.465
0.475
0.448
0.447
0.439
0.447
0.442
0.441
0.441
0.445
0.445
0.453
0.447
0.443
0.442
0.453
0.435
0.433
0.427
0.428
0.423
0.423
0.428
0.425
0.42
0.43
0.423
0.429
0.424
0.418
0.419
0.414
0.416
0.419
0.422
0.413
0.419
0.416
0.424
0.421
0.431
0.419
0.409
0.428
0.42
0.413
0.421
0.42
0.416
0.424
0.417
0.418
0.415
0.42
0.417
0.422
0.429
0.419
0.415
0.412
0.415
0.422
0.419
0.42
0.425
0.415
0.417
0.408
0.417
0.412
0.415
0.417
0.419
0.411
0.42
0.412
0.415
0.424
0.421
0.416
0.42
0.425
0.418
0.422
0.423
0.427
0.428
0.423
0.42
0.417
0.421
0.423
0.427
0.429
0.415
0.42
0.429
0.43
0.427
0.418
0.424
0.422
0.419
0.427
0.427
0.422
0.422
0.415
0.424
0.418
0.419
0.424
0.426
0.42
0.426
0.422
0.418
0.416
0.423
0.421
0.417
0.414
0.418
0.421
0.424
0.419
0.411
0.418
0.411
0.411
0.413
0.417
0.414
0.413
0.423
0.43
0.417
0.421
0.417
0.427
0.42
0.426
0.423
0.413
0.421
0.419
0.426
0.427
0.418
0.413
0.419
0.418
0.414
0.41
0.424
0.429
0.42
0.415
0.414
0.414
0.413
0.409
0.411
0.404
0.406
0.414
0.415
0.413
0.409
0.402
0.409
0.408
0.405
0.408
0.412
0.407
0.409
0.408
0.409
0.414
0.406
0.415
0.406
0.413
0.411
0.41
0.409
0.416
0.408
0.413
0.403
0.404
0.405
0.408
0.406
0.41
0.41
0.407
0.417
0.408
0.402
0.4
0.399
0.408
0.41
0.397
0.396
0.4
0.406
0.398
0.403
0.399
0.397
0.398
0.394
0.398
0.396
0.397
0.397
0.402
0.404
0.402
0.402
0.402
0.403
0.401
0.397
0.403
0.4
0.404
0.402
0.405
0.402
0.408
0.399
0.408
0.407
0.404
0.406
0.413
0.411
0.416
0.412
0.414
0.424
0.424
0.43
0.426
0.426
0.432
0.423
0.429
0.425
0.421
0.424
0.419
0.423
0.425
0.453
0.461
0.454
0.461
0.46
0.452
0.458
0.45
0.44
0.448
0.448
0.449
0.44
0.439
0.445
0.451
0.446
0.502
0.49
0.483
0.482
0.475
0.467
0.472
0.473
0.467
0.47
0.453
0.458
0.453
0.461
0.464
0.459
0.469
0.479
0.471
0.478
0.479
0.477
0.476
0.487
0.482
0.479
0.473
0.47
0.468
0.465
0.463
0.465
0.474
0.474
0.467
0.492
0.485
0.486
0.465
0.471
0.461
0.454
0.452
0.456
0.455
0.461
0.594
0.589
0.587
0.59
0.58
0.588
0.595
0.623
0.616
0.608
0.509
0.505
0.504
0.503
0.502
0.505
0.514
0.526
0.521
0.559
0.557
0.553
0.545
0.554
0.553
0.547
0.537
0.532
0.535
0.527
0.519
0.519
0.52
0.522
0.524
0.523
0.523
0.513
0.519
0.495
0.489
0.499
0.489
0.501
0.491
0.489
0.509
0.503
0.506
0.501
0.491
0.501
0.494
0.5
0.506
0.5
0.509
0.513
0.504
0.506
0.516
0.512
0.511
0.506
0.508
0.503
0.511
0.507
0.506
0.507
0.517
0.518
0.521
0.53
0.536
0.542
0.541
0.549
0.544
0.545
0.543
0.537
0.529
0.533
0.526
0.531
0.522
0.522
0.515
0.523
0.512
0.524
0.523
0.52
0.517
0.507
0.508
0.51
0.503
0.573
0.567
0.577
0.57
0.569
0.511
0.516
0.512
0.514
0.504
0.511
0.506
0.513
0.542
0.555
0.55
0.56
0.549
0.546
0.539
0.533
0.532
0.532
0.532
0.508
0.535
0.524
0.515
0.525
0.525
0.527
0.519
0.541
0.54
0.549
0.549
0.549
0.541
0.549
0.539
0.549
0.532
0.531
0.525
0.525
0.524
0.522
0.525
0.522
0.529
0.525
0.532
0.539
0.528
0.54
0.541
0.541
0.53
0.524
0.523
0.521
0.511
0.499
0.497
0.498
0.503
0.515
0.59
0.589
0.553
0.546
0.537
0.531
0.524
0.529
0.52
0.524
0.516
0.527
0.532
0.52
0.556
0.547
0.537
0.533
0.517
0.518
0.519
0.529
0.54
0.455
0.455
0.452
0.444
0.442
0.433
0.414
0.408
0.404
0.394
0.395
0.396
0.393
0.388
0.379
0.383
0.38
0.387
0.381
0.373
0.376
0.37
0.369
0.376
0.368
0.369
0.37
0.372
0.368
0.375
0.37
0.372
0.377
0.368
0.376
0.373
0.372
0.377
0.372
0.376
0.369
0.375
0.379
0.36
0.348
0.353
0.344
0.353
0.352
0.359
0.352
0.36
0.354
0.357
0.353
0.361
0.356
0.358
0.357
0.358
0.36
0.36
0.362
0.353
0.358
0.362
0.357
0.364
0.359
0.363
0.36
0.365
0.366
0.365
0.369
0.365
0.365
0.363
0.369
0.367
0.366
0.367
0.375
0.372
0.375
0.373
0.369
0.372
0.376
0.367
0.373
0.378
0.376
0.376
0.378
0.371
0.377
0.382
0.386
0.381
0.383
0.388
0.385
0.388
0.396
0.389
0.405
0.397
0.406
0.414
0.418
0.41
0.429
0.425
0.433
0.427
0.422
0.427
0.431
0.428
0.438
0.451
0.461
0.46
0.468
0.458
0.465
0.457
0.46
0.459
0.464
0.46
0.461
0.455
0.46
0.459
0.464
0.453
0.459
0.463
0.457
0.485
0.547
0.538
0.512
0.514
0.512
0.507
0.506
0.508
0.516
0.511
0.507
0.502
0.508
0.52
0.509
0.52
0.515
0.516
0.526
0.523
0.51
0.509
0.502
0.509
0.502
0.501
0.493
0.515
0.518
0.519
0.511
0.533
0.542
0.543
0.538
0.526
0.539
0.534
0.534
0.535
0.525
0.514
0.526
0.516
0.55
0.558
0.567
0.571
0.563
0.554
0.524
0.53
0.524
0.535
0.547
0.535
0.527
0.538
0.532
0.53
0.526
0.536
0.543
0.549
0.562
0.55
0.56
0.552
0.553
0.547
0.54
0.541
0.536
0.532
0.532
0.539
0.535
0.536
0.535
0.535
0.546
0.55
0.554
0.548
0.542
0.548
0.547
0.547
0.547
0.543
0.545
0.543
0.55
0.54
0.54
0.543
0.538
0.528
0.528
0.517
0.527
0.515
0.536
0.563
0.553
0.552
0.552
0.532
0.529
0.533
0.526
0.551
0.544
0.557
0.561
0.56
0.547
0.534
0.532
0.532
0.525
0.523
0.527
0.527
0.531
0.539
0.577
0.585
0.588
0.575
0.568
0.563
0.554
0.556
0.547
0.546
0.541
0.532
0.531
0.564
0.573
0.567
0.567
0.563
0.552
0.543
0.54
0.532
0.525
0.633
0.582
0.578
0.566
0.559
0.548
0.544
0.536
0.533
0.545
0.577
0.582
0.58
0.573
0.562
0.574
0.565
0.567
0.586
0.599
0.605
0.597
0.591
0.579
0.571
0.568
0.558
0.547
0.552
0.563
0.57
0.624
0.621
0.612
0.606
0.607
0.606
0.57
0.562
0.563
0.55
0.549
0.542
0.537
0.614
0.613
0.614
0.613
0.601
0.596
0.584
0.57
0.567
0.563
0.558
0.569
0.576
0.588
0.593
0.58
0.578
0.585
0.59
0.563
0.554
0.55
0.544
0.549
0.561
0.669
0.661
0.653
0.58
0.575
0.562
0.556
0.544
0.549
0.532
0.532
0.542
0.596
0.595
0.584
0.589
0.59
0.582
0.546
0.433
0.416
0.417
0.408
0.401
0.392
0.39
0.383
0.385
0.382
0.374
0.382
0.372
0.382
0.387
0.383
0.381
0.385
0.377
0.375
0.379
0.386
0.379
0.383
0.379
0.376
0.375
0.377
0.376
0.376
0.383
0.383
0.381
0.387
0.385
0.384
0.387
0.386
0.391
0.388
0.384
0.39
0.391
0.395
0.393
0.394
0.402
0.396
0.396
0.4
0.401
0.408
0.415
0.412
0.435
0.443
0.445
0.439
0.447
0.456
0.462
0.464
0.498
0.489
0.492
0.48
0.481
0.476
0.47
0.466
0.473
0.474
0.47
0.473
0.472
0.472
0.478
0.478
0.486
0.501
0.501
0.513
0.521
0.534
0.525
0.533
0.529
0.533
0.522
0.522
0.512
0.502
0.495
0.498
0.504
0.51
0.521
0.523
0.527
0.516
0.529
0.534
0.534
0.536
0.537
0.531
0.533
0.54
0.54
0.535
0.534
0.53
0.517
0.507
0.516
0.52
0.532
0.534
0.547
0.559
0.548
0.554
0.525
0.534
0.531
0.525
0.533
0.566
0.532
0.527
0.525
0.517
0.524
0.523
0.532
0.531
0.528
0.532
0.54
0.553
0.564
0.557
0.559
0.554
0.547
0.534
0.54
0.526
0.521
0.525
0.536
0.578
0.567
0.56
0.547
0.534
0.521
0.583
0.583
0.576
0.588
0.591
0.597
0.573
0.567
0.568
0.561
0.562
0.552
0.608
0.627
0.614
0.602
0.588
0.553
0.548
0.551
0.557
0.568
0.573
0.566
0.614
0.62
0.611
0.597
0.564
0.55
0.56
0.611
0.623
0.621
0.619
0.605
0.593
0.586
0.585
0.586
0.579
0.57
0.557
0.563
0.553
0.555
0.55
0.544
0.547
0.54
0.55
0.542
0.549
0.541
0.558
0.564
0.555
0.548
0.564
0.557
0.55
0.549
0.548
0.546
0.536
0.536
0.528
0.523
0.516
0.545
0.597
0.575
0.577
0.573
0.564
0.563
0.555
0.545
0.541
0.536
0.542
0.539
0.534
0.534
0.533
0.536
0.542
0.541
0.54
0.479
0.474
0.464
0.471
0.48
0.476
0.471
0.476
0.466
0.473
0.464
0.466
0.477
0.459
0.469
0.459
0.455
0.465
0.457
0.459
0.449
0.458
0.451
0.459
0.455
0.453
0.456
0.451
0.458
0.454
0.456
0.452
0.448
0.439
0.436
0.445
0.45
0.439
0.438
0.431
0.435
0.438
0.432
0.431
0.436
0.438
0.428
0.421
0.435
0.43
0.432
0.431
0.436
0.428
0.429
0.428
0.433
0.433
0.431
0.428
0.422
0.427
0.429
0.422
0.418
0.42
0.423
0.428
0.426
0.433
0.426
0.43
0.428
0.419
0.41
0.418
0.423
0.427
0.435
0.425
0.421
0.422
0.418
0.408
0.414
0.415
0.408
0.42
0.414
0.411
0.418
0.418
0.426
0.419
0.413
0.423
0.425
0.418
0.41
0.415
0.414
0.405
0.412
0.419
0.417
0.408
0.408
0.408
0.418
0.423
0.418
0.413
0.412
0.414
0.412
0.419
0.414
0.421
0.417
0.408
0.415
0.425
0.42
0.418
0.425
0.43
0.42
0.423
0.414
0.415
0.419
0.419
0.421
0.414
0.41
0.417
0.413
0.423
0.425
0.416
0.414
0.407
0.422
0.428
0.431
0.433
0.424
0.421
0.421
0.423
0.415
0.419
0.415
0.419
0.42
0.417
0.42
0.418
0.419
0.422
0.417
0.426
0.424
0.421
0.426
0.426
0.423
0.418
0.424
0.424
0.418
0.426
0.436
0.43
0.437
0.432
0.435
0.442
0.446
0.457
0.455
0.454
0.46
0.453
0.454
0.455
0.505
0.516
0.491
0.481
0.478
0.479
0.486
0.585
0.589
0.577
0.565
0.552
0.55
0.547
0.537
0.511
0.508
0.499
0.582
0.582
0.576
0.568
0.559
0.522
0.59
0.583
0.58
0.578
0.566
0.569
0.558
0.561
0.565
0.563
0.556
0.554
0.544
0.536
0.532
0.532
0.522
0.528
0.534
0.616
0.573
0.565
0.561
0.554
0.558
0.548
0.54
0.536
0.535
0.527
0.525
0.521
0.526
0.52
0.53
0.541
0.552
0.587
0.581
0.577
0.567
0.559
0.553
0.543
0.54
0.534
0.535
0.534
0.531
0.529
0.531
0.536
0.543
0.546
0.55
0.557
0.563
0.616
0.617
0.604
0.592
0.585
0.572
0.563
0.554
0.554
0.548
0.545
0.617
0.615
0.611
0.602
0.594
0.581
0.573
0.562
0.55
0.539
0.539
0.544
0.556
0.577
0.607
0.608
0.604
0.598
0.599
0.587
0.578
0.578
0.581
0.577
0.556
0.559
0.563
0.556
0.557
0.546
0.543
0.535
0.538
0.531
0.534
0.536
0.533
0.54
0.551
0.564
0.589
0.582
0.572
0.562
0.559
0.553
0.55
0.543
0.537
0.528
0.525
0.524
0.534
0.563
0.568
0.559
0.5
0.492
0.502
0.49
0.479
0.469
0.463
0.464
0.455
0.461
0.455
0.449
0.448
0.432
0.44
0.43
0.42
0.44
0.434
0.438
0.438
0.438
0.438
0.443
0.442
0.444
0.444
0.439
0.437
0.438
0.438
0.437
0.432
0.434
0.438
0.431
0.436
0.429
0.437
0.443
0.453
0.444
0.454
0.444
0.45
0.456
0.447
0.453
0.452
0.455
0.451
0.449
0.446
0.451
0.45
0.451
0.447
0.45
0.447
0.519
0.53
0.519
0.515
0.504
0.512
0.503
0.509
0.499
0.509
0.504
0.513
0.515
0.519
0.507
0.515
0.516
0.524
0.518
0.523
0.532
0.522
0.497
0.509
0.497
0.488
0.495
0.488
0.487
0.489
0.486
0.493
0.497
0.492
0.504
0.507
0.503
0.508
0.502
0.51
0.508
0.507
0.503
0.512
0.507
0.509
0.516
0.511
0.51
0.509
0.512
0.507
0.508
0.506
0.503
0.513
0.517
0.513
0.529
0.531
0.518
0.52
0.516
0.515
0.511
0.516
0.506
0.518
0.521
0.528
0.551
0.55
0.547
0.524
0.523
0.527
0.578
0.566
0.562
0.557
0.56
0.552
0.555
0.552
0.55
0.547
0.537
0.537
0.545
0.548
0.582
0.588
0.544
0.547
0.551
0.547
0.549
0.553
0.555
0.556
0.554
0.564
0.564
0.557
0.563
0.567
0.572
0.578
0.582
0.581
0.588
0.598
0.605
0.61
0.6
0.568
0.563
0.564
0.57
0.58
0.617
0.623
0.619
0.621
0.622
0.625
0.627
0.628
0.613
0.608
0.596
0.584
0.573
0.563
0.551
0.548
0.546
0.552
0.563
0.667
0.583
0.57
0.562
0.564
0.557
0.561
0.567
0.613
0.605
0.599
0.59
0.562
0.564
0.571
0.585
0.599
0.613
0.622
0.612
0.612
0.598
0.599
0.596
0.583
0.579
0.58
0.575
0.577
0.578
0.576
0.574
0.597
0.588
0.58
0.579
0.568
0.667
0.623
0.61
0.581
0.573
0.57
0.569
0.568
0.568
0.566
0.61
0.607
0.596
0.592
0.586
0.59
0.586
0.587
0.584
0.58
0.571
0.568
0.567
0.566
0.657
0.607
0.594
0.59
0.583
0.582
0.591
0.598
0.602
0.597
0.646
0.646
0.64
0.627
0.621
0.614
0.609
0.602
0.592
0.586
0.591
0.586
0.588
0.59
0.591
0.604
0.628
0.628
0.618
0.611
0.602
0.598
0.596
0.593
0.597
0.599
0.607
0.625
0.62
0.584
0.584
0.598
0.667
0.682
0.673
0.595
0.59
0.588
0.585
0.587
0.598
0.629
0.616
0.605
0.601
0.598
0.601
0.604
0.604
0.618
0.625
0.632
0.629
0.619
0.59
0.594
0.595
0.604
0.605
0.614
0.626
0.638
0.647
0.648
0.643
0.628
0.615
0.604
0.592
0.58
0.574
0.573
0.585
0.633
0.62
0.607
0.598
0.593
0.589
0.588
0.591
0.596
0.601
0.614
0.626
0.595
0.588
0.588
0.585
0.574
0.578
0.581
0.595
0.619
0.624
0.637
0.641
0.629
0.618
0.605
0.599
0.567
0.563
0.563
0.574
0.585
0.59
0.59
0.591
0.585
0.576
0.572
0.563
0.563
0.564
0.568
0.568
0.581
0.623
0.597
0.589
0.57
0.58
0.586
0.654
0.655
0.653
0.648
0.596
0.596
0.589
0.582
0.589
0.587
0.587
0.588
0.579
0.586
0.59
0.599
0.605
0.611
0.622
0.608
0.583
0.594
0.583
0.576
0.572
0.535
0.536
0.539
0.525
0.513
0.5
0.491
0.49
0.485
0.484
0.475
0.475
0.471
0.479
0.47
0.473
0.469
0.476
0.473
0.474
0.477
0.476
0.481
0.481
0.489
0.483
0.484
0.485
0.489
0.488
0.492
0.492
0.489
0.483
0.483
0.487
0.483
0.482
0.492
0.482
0.498
0.497
0.505
0.507
0.503
0.51
0.508
0.513
0.51
0.506
0.514
0.507
0.515
0.504
0.504
0.501
0.502
0.512
0.51
0.521
0.52
0.558
0.55
0.55
0.537
0.548
0.545
0.552
0.546
0.55
0.562
0.559
0.563
0.562
0.564
0.565
0.574
0.573
0.584
0.581
0.588
0.586
0.593
0.58
0.591
0.581
0.588
0.614
0.588
0.588
0.587
0.588
0.591
0.579
0.581
0.552
0.544
0.535
0.523
0.514
0.521
0.512
0.511
0.519
0.515
0.512
0.53
0.523
0.53
0.527
0.525
0.532
0.528
0.534
0.536
0.548
0.549
0.57
0.563
0.56
0.558
0.55
0.545
0.532
0.541
0.538
0.544
0.554
0.554
0.565
0.563
0.564
0.569
0.584
0.593
0.591
0.59
0.57
0.569
0.556
0.563
0.692
0.636
0.624
0.613
0.611
0.601
0.594
0.593
0.598
0.61
0.617
0.626
0.625
0.616
0.601
0.604
0.604
0.598
0.648
0.646
0.635
0.623
0.613
0.608
0.605
0.599
0.604
0.602
0.596
0.597
0.591
0.605
0.664
0.637
0.642
0.641
0.637
0.643
0.641
0.646
0.643
0.644
0.558
0.558
0.554
0.556
0.544
0.551
0.553
0.541
0.548
0.557
0.521
0.529
0.522
0.512
0.521
0.52
0.517
0.506
0.516
0.51
0.517
0.518
0.515
0.521
0.51
0.499
0.496
0.489
0.493
0.488
0.494
0.492
0.482
0.486
0.498
0.488
0.492
0.49
0.478
0.48
0.486
0.474
0.464
0.472
0.463
0.453
0.442
0.445
0.449
0.446
0.447
0.436
0.441
0.446
0.438
0.428
0.431
0.434
0.433
0.443
0.442
0.431
0.436
0.445
0.438
0.443
0.438
0.438
0.432
0.438
0.433
0.438
0.439
0.43
0.438
0.432
0.441
0.441
0.441
0.433
0.432
0.441
0.434
0.426
0.432
0.427
0.426
0.42
0.425
0.434
0.437
0.427
0.429
0.432
0.438
0.436
0.426
0.433
0.431
0.437
0.433
0.432
0.427
0.435
0.432
0.426
0.43
0.428
0.438
0.438
0.435
0.433
0.437
0.445
0.434
0.44
0.44
0.432
0.434
0.434
0.424
0.432
0.438
0.441
0.442
0.434
0.43
0.437
0.43
0.436
0.434
0.443
0.437
0.432
0.439
0.441
0.446
0.446
0.452
0.45
0.441
0.441
0.447
0.444
0.436
0.438
0.435
0.434
0.44
0.438
0.438
0.438
0.438
0.448
0.439
0.448
0.44
0.449
0.444
0.435
0.438
0.434
0.434
0.432
0.423
0.433
0.425
0.426
0.422
0.432
0.432
0.427
0.419
0.412
0.418
0.413
0.422
0.414
0.416
0.414
0.422
0.414
0.414
0.415
0.406
0.413
0.413
0.411
0.403
0.412
0.417
0.412
0.413
0.415
0.408
0.419
0.418
0.424
0.418
0.415
0.418
0.408
0.413
0.411
0.421
0.42
0.419
0.42
0.416
0.417
0.42
0.429
0.42
0.428
0.421
0.424
0.425
0.425
0.418
0.414
0.428
0.423
0.413
0.429
0.43
0.424
0.42
0.42
0.427
0.421
0.431
0.427
0.424
0.431
0.43
0.429
0.42
0.412
0.42
0.422
0.417
0.419
0.419
0.42
0.43
0.422
0.417
0.419
0.424
0.429
0.438
0.438
0.43
0.42
0.432
0.431
0.427
0.432
0.438
0.438
0.438
0.438
0.432
0.428
0.424
0.432
0.425
0.428
0.434
0.431
0.429
0.423
0.424
0.432
0.431
0.433
0.433
0.432
0.436
0.432
0.435
0.436
0.44
0.43
0.423
0.422
0.443
0.431
0.428
0.431
0.433
0.439
0.434
0.431
0.43
0.44
0.435
0.429
0.438
0.429
0.432
0.426
0.435
0.426
0.433
0.427
0.428
0.42
0.426
0.429
0.423
0.43
0.434
0.432
0.426
0.433
0.436
0.433
0.431
0.443
0.448
0.446
0.455
0.449
0.455
0.456
0.462
0.463
0.462
0.46
0.463
0.459
0.459
0.454
0.462
0.455
0.457
0.462
0.465
0.461
0.465
0.468
0.476
0.477
0.473
0.479
0.476
0.485
0.488
0.477
0.487
0.499
0.501
0.498
0.498
0.5
0.499
0.498
0.5
0.499
0.503
0.56
0.552
0.54
0.532
0.528
0.515
0.517
0.565
0.553
0.544
0.536
0.517
0.513
0.566
0.541
0.533
0.532
0.523
0.535
0.537
0.53
0.527
0.517
0.535
0.539
0.535
0.538
0.532
0.527
0.533
0.537
0.682
0.559
0.56
0.562
0.558
0.553
0.534
0.535
0.606
0.604
0.607
0.605
0.6
0.599
0.598
0.592
0.588
0.585
0.574
0.566
0.569
0.565
0.556
0.563
0.552
0.548
0.553
0.546
0.554
0.599
0.586
0.58
0.576
0.573
0.565
0.561
0.559
0.556
0.562
0.565
0.566
0.568
0.566
0.565
0.561
0.555
0.562
0.566
0.561
0.572
0.585
0.635
0.624
0.616
0.579
0.567
0.561
0.563
0.603
0.608
0.61
0.603
0.592
0.583
0.577
0.547
0.567
0.574
0.572
0.568
0.564
0.561
0.56
0.558
0.559
0.563
0.566
0.565
0.567
0.566
0.563
0.569
0.595
0.59
0.584
0.589
0.593
0.59
0.59
0.571
