0.644
0.628
0.613
0.607
0.601
0.599
0.592
0.585
0.592
0.591
0.593
0.571
0.574
0.563
0.567
0.572
0.563
0.558
0.558
0.556
0.556
0.546
0.547
0.557
0.544
0.541
0.539
0.536
0.528
0.518
0.53
0.522
0.516
0.519
0.509
0.517
0.51
0.5
0.508
0.504
0.507
0.504
0.482
0.485
0.491
0.479
0.482
0.481
0.479
0.483
0.475
0.472
0.483
0.474
0.474
0.482
0.479
0.481
0.471
0.465
0.459
0.458
0.457
0.451
0.461
0.462
0.472
0.467
0.475
0.465
0.465
0.473
0.465
0.467
0.469
0.477
0.472
0.463
0.46
0.458
0.457
0.461
0.462
0.471
0.467
0.463
0.462
0.459
0.454
0.457
0.45
0.459
0.465
0.455
0.459
0.465
0.456
0.456
0.464
0.454
0.448
0.456
0.462
0.458
0.45
0.445
0.446
0.442
0.447
0.442
0.449
0.451
0.451
0.444
0.439
0.441
0.445
0.442
0.44
0.446
0.45
0.451
0.44
0.445
0.443
0.44
0.443
0.445
0.453
0.447
0.457
0.446
0.452
0.445
0.442
0.442
0.442
0.446
0.444
0.437
0.438
0.444
0.436
0.436
0.438
0.431
0.434
0.434
0.436
0.431
0.436
0.434
0.44
0.44
0.438
0.43
0.43
0.434
0.431
0.44
0.436
0.436
0.445
0.432
0.434
0.441
0.443
0.435
0.434
0.43
0.433
0.437
0.435
0.441
0.443
0.435
0.437
0.427
0.432
0.434
0.428
0.432
0.439
0.441
0.431
0.432
0.425
0.431
0.432
0.436
0.435
0.437
0.436
0.438
0.439
0.441
0.438
0.438
0.44
0.441
0.444
0.455
0.444
0.445
0.443
0.436
0.438
0.44
0.444
0.439
0.447
0.438
0.438
0.442
0.434
0.433
0.434
0.44
0.443
0.441
0.436
0.433
0.438
0.439
0.438
0.44
0.443
0.447
0.445
0.455
0.452
0.455
0.451
0.461
0.463
0.473
0.483
0.485
0.485
0.459
0.464
0.466
0.47
0.462
0.46
0.461
0.471
0.469
0.469
0.46
0.468
0.446
0.456
0.446
0.443
0.438
0.442
0.444
0.445
0.451
0.45
0.456
0.452
0.447
0.454
0.443
0.445
0.447
0.455
0.442
0.442
0.453
0.451
0.442
0.441
0.437
0.446
0.435
0.441
0.436
0.438
0.439
0.437
0.431
0.431
0.444
0.436
0.432
0.437
0.432
0.433
0.438
0.445
0.45
0.448
0.44
0.436
0.435
0.441
0.445
0.446
0.441
0.448
0.443
0.445
0.439
0.436
0.435
0.438
0.439
0.443
0.446
0.437
0.437
0.433
0.438
0.446
0.45
0.443
0.44
0.448
0.453
0.441
0.443
0.45
0.436
0.44
0.431
0.434
0.441
0.44
0.433
0.44
0.432
0.424
0.427
0.435
0.43
0.436
0.441
0.433
0.43
0.439
0.433
0.443
0.432
0.435
0.428
0.432
0.436
0.432
0.431
0.434
0.432
0.434
0.434
0.43
0.436
0.439
0.445
0.438
0.43
0.436
0.446
0.436
0.439
0.444
0.423
0.44
0.432
0.429
0.427
0.429
0.432
0.442
0.449
0.443
0.432
0.434
0.43
0.437
0.44
0.442
0.432
0.442
0.439
0.435
0.432
0.436
0.436
0.431
0.433
0.431
0.437
0.438
0.434
0.432
0.435
0.438
0.44
0.446
0.44
0.437
0.433
0.438
0.437
0.433
0.436
0.438
0.428
0.427
0.434
0.425
0.434
0.426
0.427
0.435
0.429
0.431
0.432
0.429
0.439
0.443
0.436
0.431
0.427
0.436
0.432
0.424
0.432
0.428
0.429
0.434
0.436
0.438
0.441
0.43
0.434
0.432
0.438
0.43
0.432
0.429
0.449
0.438
0.432
0.438
0.434
0.432
0.424
0.425
0.425
0.432
0.428
0.429
0.431
0.433
0.44
0.45
0.442
0.432
0.432
0.433
0.432
0.435
0.436
0.438
0.433
0.437
0.436
0.434
0.438
0.442
0.441
0.433
0.426
0.433
0.433
0.425
0.429
0.43
0.435
0.435
0.439
0.44
0.432
0.431
0.424
0.434
0.438
0.435
0.43
0.424
0.426
0.433
0.435
0.435
0.432
0.432
0.423
0.425
0.429
0.426
0.425
0.434
0.436
0.427
0.431
0.435
0.425
0.427
0.427
0.426
0.428
0.423
0.417
0.423
0.417
0.42
0.422
0.416
0.418
0.421
0.417
0.42
0.418
0.413
0.414
0.421
0.416
0.416
0.418
0.413
0.413
0.419
0.412
0.413
0.419
0.413
0.414
0.423
0.42
0.427
0.428
0.418
0.413
0.422
0.418
0.413
0.422
0.417
0.417
0.415
0.425
0.423
0.432
0.422
0.415
0.413
0.419
0.425
0.421
0.415
0.42
0.411
0.421
0.424
0.422
0.417
0.423
0.42
0.415
0.415
0.427
0.42
0.424
0.424
0.416
0.421
0.42
0.425
0.419
0.421
0.424
0.421
0.426
0.43
0.427
0.422
0.42
0.42
0.427
0.423
0.42
0.425
0.432
0.433
0.429
0.423
0.431
0.421
0.426
0.42
0.423
0.431
0.436
0.427
0.426
0.42
0.427
0.425
0.424
0.426
0.435
0.433
0.438
0.428
0.418
0.422
0.413
0.417
0.414
0.419
0.417
0.414
0.411
0.414
0.408
0.411
0.421
0.421
0.414
0.411
0.417
0.416
0.415
0.416
0.411
0.413
0.419
0.428
0.423
0.418
0.42
0.423
0.416
0.423
0.421
0.417
0.422
0.43
0.433
0.429
0.422
0.419
0.425
0.429
0.422
0.422
0.427
0.426
0.433
0.423
0.431
0.436
0.438
0.428
0.436
0.434
0.438
0.431
0.427
0.43
0.438
0.435
0.428
0.422
0.425
0.433
0.431
0.422
0.416
0.422
0.421
0.423
0.422
0.425
0.424
0.424
0.429
0.423
0.429
0.427
0.424
0.418
0.424
0.425
0.416
0.422
0.431
0.422
0.423
0.418
0.423
0.422
0.418
0.426
0.423
0.422
0.427
0.423
0.415
0.423
0.415
0.421
0.427
0.429
0.427
0.419
0.417
0.426
0.423
0.423
0.431
0.423
0.415
0.416
0.418
0.423
0.415
0.42
0.421
0.414
0.422
0.416
0.423
0.423
0.425
0.427
0.43
0.436
0.429
0.425
0.422
0.432
0.435
0.432
0.423
0.42
0.426
0.416
0.421
0.423
0.414
0.423
0.423
0.421
0.435
0.435
0.429
0.425
0.422
0.426
0.423
0.422
0.429
0.43
0.436
0.433
0.427
0.423
0.426
0.426
0.427
0.428
0.429
0.432
0.422
0.427
0.42
0.422
0.428
0.429
0.438
0.428
0.424
0.421
0.425
0.43
0.434
0.425
0.421
0.423
0.431
0.423
0.42
0.428
0.428
0.419
0.424
0.425
0.418
0.438
0.43
0.433
0.43
0.428
0.437
0.419
0.421
0.425
0.428
0.42
0.424
0.417
0.421
0.416
0.425
0.422
0.42
0.418
0.415
0.425
0.424
0.415
0.418
0.42
0.411
0.422
0.424
0.425
0.417
0.42
0.422
0.417
0.421
0.421
0.421
0.42
0.424
0.415
0.429
0.423
0.421
0.426
0.422
0.423
0.43
0.422
0.426
0.428
0.434
0.424
0.42
0.43
0.421
0.422
0.418
0.426
0.425
0.428
0.421
0.413
0.419
0.42
0.424
0.425
0.428
0.419
0.42
0.416
0.423
0.427
0.42
0.42
0.419
0.429
0.419
0.421
0.431
0.424
0.414
0.42
0.411
0.418
0.417
0.415
0.418
0.418
0.411
0.412
0.415
0.425
0.427
0.421
0.415
0.415
0.419
0.419
0.424
0.417
0.417
0.426
0.417
0.415
0.425
0.42
0.419
0.414
0.416
0.416
0.424
0.432
0.418
0.419
0.423
0.415
0.419
0.423
0.418
0.418
0.425
0.419
0.427
0.419
0.422
0.423
0.418
0.42
0.415
0.42
0.414
0.419
0.416
0.422
0.423
0.429
0.42
0.422
0.412
0.419
0.426
0.426
0.43
0.421
0.412
0.417
0.419
0.422
0.413
0.42
0.411
0.422
0.419
0.412
0.418
0.42
0.419
0.42
0.422
0.432
0.428
0.432
0.433
0.438
0.438
0.434
0.426
0.424
0.423
0.431
0.423
0.42
0.419
0.419
0.419
0.421
0.416
0.421
0.424
0.415
0.419
0.415
0.418
0.424
0.418
0.417
0.41
0.419
0.417
0.424
0.414
0.422
0.414
0.418
0.414
0.421
0.421
0.426
0.425
0.419
0.415
0.416
0.41
0.411
0.415
0.414
0.41
0.415
0.414
0.421
0.416
0.411
0.417
0.411
0.415
0.416
0.41
0.41
0.411
0.408
0.411
0.409
0.412
0.421
0.425
0.421
0.412
0.409
0.414
0.408
0.414
0.409
0.411
0.413
0.415
0.415
0.415
0.422
0.419
0.409
0.414
0.424
0.417
0.422
0.417
0.41
0.416
0.415
0.412
0.422
0.42
0.413
0.41
0.422
0.421
0.414
0.413
0.413
0.412
0.421
0.416
0.417
0.412
0.421
0.425
0.421
0.417
0.415
0.416
0.418
0.411
0.415
0.419
0.409
0.42
0.419
0.417
0.419
0.418
0.42
0.426
0.427
0.421
0.413
0.423
0.422
0.414
0.417
0.415
0.419
0.421
0.418
0.417
0.421
0.413
0.417
0.418
0.412
0.42
0.421
0.405
0.415
0.397
0.404
0.409
0.405
0.403
0.397
0.405
0.398
0.4
0.398
0.396
0.395
0.397
0.396
0.399
0.395
0.396
0.394
0.396
0.395
0.394
0.396
0.397
0.393
0.396
0.396
0.39
0.393
0.396
0.394
0.399
0.391
0.392
0.393
0.39
0.398
0.394
0.389
0.391
0.392
0.389
0.394
0.391
0.392
0.386
0.394
0.392
0.398
0.4
0.397
0.398
0.399
0.395
0.392
0.399
0.391
0.393
0.398
0.396
0.395
0.405
0.398
0.393
0.399
0.393
0.397
0.402
0.403
0.397
0.397
0.4
0.4
0.408
0.401
0.401
0.405
0.398
0.402
0.397
0.4
0.405
0.398
0.406
0.414
0.41
0.417
0.41
0.414
0.422
0.424
0.428
0.431
0.426
0.423
0.425
0.434
0.438
0.439
0.432
0.435
0.426
0.426
0.429
0.425
0.429
0.432
0.419
0.418
0.426
0.424
0.416
0.423
0.421
0.413
0.422
0.412
0.422
0.424
0.425
0.425
0.435
0.426
0.432
0.438
0.429
0.435
0.435
0.425
0.434
0.424
0.428
0.428
0.425
0.429
0.436
0.437
0.428
0.428
0.427
0.434
0.426
0.433
0.438
0.428
0.427
0.423
0.434
0.426
0.422
0.423
0.432
0.422
0.422
0.424
0.418
0.428
0.418
0.426
0.435
0.431
0.422
0.422
0.427
0.421
0.421
0.43
0.434
0.424
0.419
0.422
0.429
0.42
0.428
0.435
0.434
0.437
0.431
0.438
0.43
0.432
0.434
0.439
0.434
0.443
0.433
0.438
0.438
0.436
0.444
0.445
0.435
0.435
0.43
0.431
0.439
0.431
0.434
0.434
0.443
0.448
0.452
0.442
0.44
0.438
0.441
0.438
0.443
0.442
0.436
0.444
0.451
0.444
0.438
0.437
0.454
0.442
0.438
0.433
0.443
0.434
0.438
0.43
0.436
0.438
0.433
0.438
0.436
0.433
0.442
0.444
0.449
0.444
0.434
0.437
0.438
0.448
0.438
0.438
0.444
0.447
0.455
0.438
0.443
0.443
0.435
0.431
0.433
0.443
0.447
0.438
0.432
0.431
0.424
0.429
0.439
0.441
0.443
0.432
0.43
0.44
0.446
0.436
0.432
0.428
0.43
0.427
0.433
0.435
0.436
0.431
0.43
0.429
0.424
0.427
0.432
0.438
0.444
0.432
0.428
0.426
0.429
0.428
0.423
0.426
0.423
0.423
0.421
0.423
0.424
0.42
0.426
0.425
0.435
0.429
0.429
0.425
0.418
0.416
0.423
0.429
0.423
0.414
0.42
0.41
0.414
0.422
0.413
0.418
0.421
0.419
0.415
0.415
0.423
0.417
0.417
0.417
0.427
0.417
0.425
0.417
0.426
0.421
0.417
0.417
0.427
0.422
0.419
0.413
0.418
0.409
0.41
0.419
0.419
0.413
0.41
0.417
0.41
0.412
0.408
0.413
0.412
0.414
0.408
0.409
0.415
0.408
0.416
0.417
0.407
0.422
0.428
0.418
0.414
0.413
0.419
0.413
0.416
0.412
0.416
0.417
0.422
0.413
0.42
0.422
0.416
0.414
0.414
0.413
0.415
0.412
0.421
0.416
0.412
0.414
0.411
0.418
0.411
0.413
0.416
0.406
0.415
0.405
0.415
0.414
0.411
0.409
0.414
0.406
0.416
0.415
0.411
0.413
0.411
0.413
0.419
0.411
0.419
0.417
0.411
0.415
0.412
0.417
0.424
0.425
0.42
0.413
0.418
0.415
0.422
0.424
0.423
0.414
0.411
0.414
0.417
0.419
0.421
0.415
0.407
0.42
0.41
0.406
0.414
0.412
0.411
0.411
0.404
0.41
0.412
0.406
0.416
0.407
0.41
0.406
0.408
0.414
0.408
0.413
0.41
0.417
0.422
0.415
0.415
0.408
0.418
0.415
0.417
0.408
0.419
0.422
0.425
0.42
0.417
0.412
0.413
0.416
0.411
0.415
0.414
0.412
0.418
0.414
0.41
0.414
0.41
0.413
0.408
0.417
0.41
0.41
0.417
0.421
0.42
0.415
0.409
0.409
0.412
0.417
0.418
0.422
0.414
0.407
0.414
0.418
0.411
0.413
0.407
0.41
0.415
0.407
0.413
0.417
0.416
0.408
0.413
0.412
0.416
0.407
0.417
0.412
0.408
0.415
0.407
0.412
0.412
0.417
0.409
0.417
0.41
0.417
0.417
0.424
0.42
0.415
0.412
0.412
0.418
0.421
0.411
0.414
0.412
0.415
0.417
0.409
0.411
0.41
0.417
0.419
0.423
0.417
0.407
0.41
0.405
0.406
0.415
0.416
0.409
0.414
0.406
0.415
0.408
0.412
0.417
0.411
0.415
0.41
0.419
0.411
0.41
0.417
0.407
0.413
0.408
0.415
0.406
0.416
0.413
0.407
0.416
0.418
0.412
0.413
0.405
0.42
0.43
0.423
0.414
0.414
0.421
0.411
0.415
0.423
0.423
0.423
0.416
0.414
0.414
0.413
0.414
0.414
0.416
0.409
0.416
0.407
0.418
0.422
0.415
0.407
0.412
0.409
0.417
0.419
0.423
0.418
0.408
0.417
0.423
0.421
0.414
0.41
0.412
0.41
0.427
0.42
0.415
0.415
0.416
0.412
0.419
0.422
0.42
0.427
0.417
0.41
0.416
0.41
0.414
0.416
0.413
0.417
0.424
0.418
0.413
0.42
0.415
0.411
0.42
0.411
0.421
0.413
0.423
0.416
0.413
0.418
0.413
0.419
0.419
0.413
0.42
0.415
0.423
0.418
0.416
0.414
0.423
0.418
0.409
0.419
0.413
0.419
0.42
0.412
0.416
0.413
0.422
0.414
0.413
0.41
0.42
0.415
0.417
0.412
0.413
0.41
0.413
0.413
0.41
0.419
0.417
0.417
0.418
0.411
0.422
0.412
0.415
0.415
0.412
0.416
0.414
0.423
0.423
0.427
0.417
0.414
0.418
0.413
0.42
0.419
0.421
0.417
0.415
0.421
0.412
0.421
0.424
0.423
0.418
0.424
0.422
0.42
0.423
0.42
0.429
0.429
0.434
0.427
0.423
0.433
0.426
0.423
0.429
0.425
0.427
0.422
0.426
0.429
0.429
0.422
0.429
0.426
0.429
0.421
0.426
0.429
0.424
0.437
0.441
0.433
0.435
0.428
0.419
0.426
0.428
0.421
0.428
0.425
0.431
0.421
0.415
0.423
0.421
0.418
0.424
0.425
0.433
0.425
0.417
0.419
0.412
0.417
0.419
0.415
0.411
0.421
0.413
0.418
0.415
0.407
0.414
0.415
0.418
0.421
0.413
0.416
0.41
0.41
0.417
0.411
0.413
0.407
0.417
0.421
0.414
0.408
0.411
0.411
0.418
0.419
0.424
0.417
0.408
0.417
0.412
0.408
0.413
0.41
0.414
0.42
0.414
0.413
0.41
0.41
0.411
0.414
0.412
0.41
0.414
0.415
0.416
0.413
0.418
0.416
0.414
0.419
0.412
0.42
0.413
0.415
0.415
0.415
0.421
0.417
0.417
0.41
0.414
0.418
0.413
0.419
0.418
0.414
0.423
0.416
0.417
0.415
0.425
0.429
0.421
0.418
0.416
0.425
0.422
0.419
0.427
0.42
0.42
0.422
0.418
0.421
0.429
0.43
0.425
0.419
0.417
0.425
0.422
0.419
0.421
0.416
0.42
0.416
0.422
0.43
0.433
0.426
0.422
0.418
0.427
0.421
0.421
0.42
0.426
0.425
0.42
0.43
0.424
0.434
0.429
0.433
0.433
0.431
0.437
0.437
0.441
0.436
0.431
0.425
0.435
0.432
0.427
0.431
0.435
0.425
0.431
0.434
0.434
0.434
0.439
0.445
0.435
0.439
0.438
0.437
0.442
0.439
0.438
0.447
0.454
0.443
0.444
0.449
0.435
0.445
0.437
0.44
0.438
0.439
0.439
0.443
0.436
0.44
0.449
0.439
0.434
0.429
0.437
0.431
0.431
0.44
0.442
0.435
0.433
0.425
0.43
0.438
0.431
0.431
0.429
0.426
0.435
0.445
0.435
0.434
0.427
0.428
0.429
0.438
0.431
0.43
0.439
0.44
0.432
0.431
0.429
0.43
0.434
0.436
0.441
0.437
0.438
0.441
0.43
0.429
0.423
0.43
0.431
0.426
0.427
0.427
0.425
0.425
0.433
0.425
0.427
0.43
0.438
0.438
0.433
0.434
0.438
0.438
0.434
0.435
0.428
0.418
0.426
0.428
0.421
0.42
0.423
0.422
0.421
0.422
0.419
0.423
0.427
0.435
0.427
0.422
0.421
0.42
0.416
0.423
0.422
0.419
0.427
0.426
0.424
0.418
0.419
0.424
0.415
0.419
0.421
0.423
0.421
0.416
0.431
0.43
0.432
0.432
0.426
0.423
0.429
0.436
0.434
0.425
0.422
0.427
0.419
0.422
0.435
0.437
0.428
0.422
0.429
0.429
0.432
0.429
0.437
0.421
0.425
0.426
0.421
0.426
0.421
0.418
0.424
0.415
0.428
0.432
0.438
0.425
0.421
0.429
0.419
0.422
0.417
0.425
0.418
0.419
0.427
0.418
0.423
0.413
0.423
0.419
0.42
0.415
0.421
0.415
0.416
0.421
0.414
0.422
0.415
0.414
0.422
0.419
0.424
0.434
0.43
0.421
0.416
0.426
0.422
0.42
0.423
0.414
0.421
0.415
0.425
0.418
0.419
0.417
0.415
0.421
0.428
0.415
0.423
0.424
0.416
0.421
0.411
0.417
0.422
0.425
0.429
0.424
0.417
0.422
0.428
0.43
0.417
0.426
0.428
0.431
0.428
0.425
0.419
0.422
0.421
0.428
0.42
0.427
0.431
0.424
0.422
0.421
0.43
0.429
0.422
0.426
0.423
0.416
0.435
0.428
0.425
0.417
0.423
0.425
0.42
0.425
0.431
0.421
0.424
0.418
0.424
0.415
0.422
0.42
0.418
0.414
0.423
0.418
0.42
0.413
0.43
0.425
0.42
0.419
0.426
0.428
0.42
0.411
0.41
0.414
0.421
0.415
0.412
0.417
0.408
0.413
0.416
0.411
0.416
0.415
0.411
0.41
0.414
0.405
0.414
0.41
0.415
0.412
0.408
0.412
0.408
0.412
0.403
0.404
0.409
0.413
0.403
0.413
0.41
0.41
0.408
0.406
0.406
0.409
0.412
0.414
0.405
0.41
0.401
0.422
0.414
0.405
0.405
0.41
0.409
0.402
0.41
0.41
0.406
0.404
0.404
0.405
0.409
0.408
0.411
0.402
0.405
0.404
0.409
0.402
0.41
0.409
0.402
0.404
0.406
0.406
0.401
0.406
0.411
0.402
0.401
0.409
0.407
0.405
0.398
0.404
0.4
0.408
0.406
0.401
0.405
0.411
0.402
0.405
0.41
0.412
0.412
0.418
0.413
0.408
0.416
0.416
0.424
0.417
0.419
0.424
0.421
0.424
0.432
0.427
0.428
0.423
0.432
0.433
0.429
0.439
0.446
0.445
0.448
0.453
0.458
0.456
0.46
0.458
0.467
0.467
0.463
0.472
0.474
0.478
0.48
0.478
0.481
0.483
0.481
0.486
0.487
0.488
0.486
0.481
0.489
0.49
0.479
0.489
0.497
0.49
0.489
0.497
0.488
0.493
0.492
0.492
0.491
0.497
0.491
0.492
0.494
0.49
0.499
0.501
0.499
0.505
0.513
0.521
0.521
0.529
0.527
0.528
0.526
0.526
0.526
0.522
0.524
0.528
0.555
0.561
0.575
0.58
0.577
0.572
0.566
0.573
0.568
0.559
0.565
0.571
0.566
0.57
0.577
0.581
0.588
0.594
0.595
0.593
0.59
0.589
0.583
0.58
0.585
0.58
0.584
0.583
0.577
0.567
0.566
0.572
0.568
0.58
0.573
0.587
0.593
0.595
0.589
0.594
0.589
0.574
0.567
0.558
0.556
0.565
0.567
0.558
0.549
0.562
0.556
0.561
0.555
0.567
0.563
0.568
0.561
0.575
0.569
0.575
0.569
0.564
0.577
0.579
0.578
0.582
0.578
0.572
0.566
0.57
0.576
0.573
0.568
0.562
0.568
0.565
0.555
0.559
0.563
0.575
0.573
0.582
0.58
0.584
0.579
0.582
0.578
0.584
0.58
0.577
0.574
0.577
0.579
0.583
0.58
0.587
0.583
0.594
0.588
0.599
0.599
0.593
0.601
0.596
0.593
0.589
0.585
0.578
0.586
0.659
0.665
0.671
0.673
0.67
0.659
0.646
0.635
0.627
0.616
0.61
0.606
0.597
0.591
0.591
0.591
0.592
0.588
0.591
0.592
0.592
0.594
0.607
0.613
0.616
0.619
0.61
0.605
0.599
0.594
0.585
0.583
0.586
0.583
0.588
0.596
0.601
0.614
0.616
0.623
0.617
0.621
0.614
0.612
0.614
0.604
0.598
0.585
0.577
0.589
0.598
0.604
0.606
0.607
0.61
0.607
0.615
0.619
0.619
0.618
0.615
0.612
0.608
0.609
0.614
0.606
0.608
0.621
0.623
0.629
0.655
0.67
0.67
0.626
0.625
0.623
0.619
0.623
0.631
0.629
0.629
0.637
0.647
0.65
0.65
0.661
0.667
0.673
0.665
0.66
0.65
0.649
0.644
0.637
0.632
0.623
0.622
0.621
0.617
0.615
0.63
0.629
0.637
0.662
0.666
0.651
0.647
0.645
0.638
0.636
0.647
0.662
0.672
0.683
0.695
0.69
0.691
0.691
0.686
0.68
0.677
0.669
0.634
0.632
0.628
0.629
0.636
0.639
0.641
0.638
0.637
0.637
0.643
0.646
0.65
0.655
0.668
0.669
0.635
0.659
0.649
0.655
0.648
0.642
0.634
0.634
0.62
0.62
0.619
0.625
0.631
0.676
0.684
