0.433
0.429
0.409
0.408
0.401
0.404
0.41
0.392
0.386
0.392
0.389
0.391
0.385
0.393
0.381
0.387
0.384
0.386
0.382
0.385
0.386
0.382
0.376
0.379
0.377
0.383
0.39
0.383
0.378
0.384
0.389
0.392
0.383
0.383
0.386
0.394
0.4
0.386
0.402
0.406
0.401
0.407
0.41
0.412
0.415
0.415
0.418
0.418
0.422
0.424
0.43
0.426
0.427
0.422
0.431
0.433
0.423
0.405
0.396
0.399
0.39
0.39
0.384
0.389
0.382
0.387
0.372
0.376
0.378
0.37
0.377
0.368
0.365
0.368
0.377
0.37
0.365
0.374
0.369
0.367
0.372
0.371
0.371
0.371
0.362
0.365
0.365
0.369
0.37
0.376
0.371
0.38
0.375
0.374
0.375
0.387
0.386
0.383
0.382
0.382
0.387
0.385
0.381
0.389
0.395
0.391
0.392
0.398
0.396
0.387
0.394
0.398
0.405
0.4
0.4
0.404
0.414
0.404
0.412
0.409
0.403
0.395
0.414
0.408
0.416
0.415
0.411
0.421
0.414
0.42
0.42
0.424
0.424
0.43
0.41
0.411
0.411
0.412
0.406
0.416
0.403
0.399
0.407
0.388
0.381
0.376
0.378
0.372
0.369
0.371
0.368
0.361
0.368
0.359
0.364
0.357
0.357
0.359
0.351
0.361
0.364
0.363
0.358
0.361
0.365
0.374
0.377
0.378
0.373
0.375
0.377
0.393
0.385
0.389
0.392
0.39
0.395
0.395
0.389
0.396
0.391
0.397
0.398
0.401
0.407
0.412
0.409
0.405
0.412
0.413
0.407
0.414
0.404
0.41
0.418
0.419
0.409
0.406
0.405
0.398
0.39
0.379
0.372
0.375
0.366
0.362
0.361
0.367
0.358
0.358
0.362
0.362
0.362
0.355
0.361
0.357
0.365
0.358
0.357
0.363
0.354
0.354
0.357
0.361
0.359
0.36
0.364
0.369
0.366
0.37
0.366
0.374
0.372
0.373
0.378
0.381
0.381
0.384
0.376
0.378
0.383
0.382
0.382
0.391
0.396
0.388
0.396
0.393
0.393
0.397
0.406
0.4
0.392
0.401
0.393
0.4
0.394
0.397
0.399
0.402
0.41
0.407
0.402
0.399
0.404
0.408
0.402
0.405
0.408
0.405
0.41
0.416
0.396
0.401
0.392
0.4
0.396
0.393
0.402
0.392
0.387
0.381
0.38
0.377
0.384
0.376
0.371
0.37
0.362
0.358
0.364
0.364
0.365
0.359
0.367
0.363
0.359
0.361
0.353
0.361
0.352
0.359
0.357
0.362
0.354
0.358
0.355
0.357
0.359
0.356
0.36
0.36
0.365
0.368
0.37
0.371
0.364
0.366
0.373
0.371
0.368
0.374
0.376
0.367
0.37
0.372
0.378
0.372
0.371
0.373
0.365
0.369
0.376
0.375
0.373
0.38
0.383
0.383
0.381
0.399
0.396
0.389
0.404
0.41
0.404
0.396
0.399
0.408
0.403
0.402
0.406
0.404
0.396
0.408
0.408
0.412
0.41
0.417
0.415
0.411
0.413
0.413
0.403
0.407
0.398
0.399
0.407
0.398
0.395
0.393
0.384
0.354
0.356
0.354
0.355
0.353
0.359
0.359
0.355
0.361
0.357
0.358
0.353
0.36
0.36
0.357
0.361
0.367
0.36
0.363
0.367
0.362
0.368
0.364
0.365
0.367
0.37
0.362
0.369
0.367
0.374
0.368
0.374
0.373
0.376
0.371
0.377
0.37
0.375
0.38
0.384
0.379
0.385
0.376
0.385
0.379
0.375
0.383
0.38
0.374
0.381
0.389
0.396
0.395
0.393
0.39
0.395
0.393
0.399
0.401
0.4
0.404
0.403
0.399
0.392
0.386
0.377
0.367
0.366
0.357
0.353
0.361
0.358
0.363
0.354
0.355
0.348
0.354
0.347
0.354
0.348
0.355
0.351
0.351
0.348
0.351
0.355
0.349
0.353
0.353
0.349
0.344
0.344
0.352
0.344
0.349
0.343
0.349
0.345
0.349
0.344
0.35
0.344
0.349
0.346
0.345
0.347
0.35
0.347
0.348
0.343
0.351
0.354
0.352
0.358
0.356
0.348
0.355
0.356
0.354
0.359
0.365
0.358
0.363
0.359
0.361
0.362
0.365
0.358
0.363
0.361
0.369
0.372
0.364
0.369
0.374
0.372
0.373
0.367
0.373
0.371
0.38
0.372
0.369
0.364
0.375
0.374
0.376
0.372
0.378
0.381
0.382
0.377
0.382
0.383
0.388
0.391
0.388
0.389
0.385
0.386
0.393
0.394
0.402
0.393
0.403
0.408
0.4
0.394
0.401
0.4
0.404
0.4
0.402
0.405
0.407
0.407
0.411
0.408
0.398
0.404
0.405
0.402
0.397
0.394
0.398
0.389
0.393
0.359
0.359
0.353
0.354
0.362
0.35
0.354
0.352
0.355
0.361
0.699
0.698
0.696
0.697
0.699
0.698
0.345
0.35
0.346
0.351
0.694
0.345
0.353
0.348
0.348
0.349
0.346
0.342
0.344
0.35
0.349
0.353
0.35
0.351
0.354
0.349
0.352
0.355
0.355
0.355
0.351
0.359
0.353
0.357
0.354
0.357
0.364
0.357
0.361
0.358
0.363
0.364
0.362
0.363
0.354
0.354
0.367
0.363
0.365
0.369
0.372
0.376
0.38
0.382
0.377
0.379
0.39
0.389
0.384
0.388
0.396
0.389
0.401
0.401
0.405
0.398
0.399
0.406
0.408
0.407
0.412
0.409
0.406
0.396
0.413
0.396
0.387
0.377
0.377
0.383
0.378
0.37
0.378
0.369
0.366
0.358
0.363
0.354
0.356
0.362
0.364
0.355
0.36
0.362
0.354
0.361
0.361
0.358
0.698
0.699
0.699
0.697
0.697
0.352
0.348
0.355
0.349
0.349
0.348
0.352
0.348
0.354
0.346
0.351
0.35
0.356
0.354
0.348
0.356
0.351
0.354
0.355
0.355
0.354
0.353
0.355
0.355
0.361
0.359
0.361
0.358
0.365
0.36
0.361
0.359
0.359
0.361
0.365
0.364
0.362
0.36
0.366
0.368
0.364
0.37
0.366
0.369
0.371
0.366
0.367
0.373
0.366
0.373
0.374
0.381
0.385
0.377
0.384
0.376
0.385
0.38
0.377
0.392
0.385
0.392
0.394
0.393
0.397
0.397
0.388
0.396
0.396
0.39
0.399
0.391
0.396
0.402
0.396
0.403
0.404
0.401
0.408
0.401
0.41
0.403
0.411
0.414
0.406
0.412
0.405
0.403
0.374
0.379
0.373
0.366
0.374
0.365
0.362
0.369
0.357
0.355
0.359
0.353
0.361
0.356
0.358
0.357
0.358
0.361
0.355
0.352
0.351
0.352
0.36
0.356
0.35
0.354
0.353
0.354
0.35
0.355
0.35
0.357
0.354
0.699
0.35
0.345
0.352
0.357
0.352
0.355
0.357
0.356
0.363
0.356
0.357
0.357
0.363
0.361
0.358
0.354
0.367
0.368
0.374
0.366
0.373
0.368
0.364
0.373
0.366
0.374
0.38
0.371
0.377
0.376
0.381
0.38
0.38
0.387
0.384
0.386
0.382
0.384
0.381
0.394
0.392
0.386
0.391
0.395
0.392
0.393
0.395
0.404
0.396
0.387
0.39
0.396
0.401
0.393
0.401
0.395
0.396
0.409
0.409
0.404
0.404
0.41
0.418
0.405
0.406
0.409
0.408
0.418
0.4
0.404
0.4
0.403
0.409
0.401
0.4
0.395
0.396
0.398
0.402
0.399
0.399
0.394
0.402
0.402
0.396
0.396
0.397
0.394
0.398
0.396
0.387
0.397
0.388
0.392
0.398
0.4
0.397
0.396
0.399
0.395
0.4
0.406
0.406
0.399
0.405
0.405
0.399
0.398
0.406
0.396
0.405
0.403
0.396
0.402
0.405
0.396
0.405
0.404
0.403
0.402
0.396
0.398
0.393
0.399
0.394
0.4
0.397
0.405
0.407
0.397
0.394
0.4
0.401
0.396
0.396
0.398
0.398
0.404
0.396
0.399
0.403
0.396
0.397
0.395
0.397
0.396
0.404
0.395
0.401
0.399
0.395
0.387
0.396
0.393
0.4
0.4
0.387
0.388
0.383
0.391
0.39
0.381
0.383
0.39
0.385
0.378
0.387
0.387
0.382
0.39
0.385
0.388
0.381
0.384
0.38
0.388
0.382
0.386
0.394
0.396
0.388
0.383
0.386
0.382
0.388
0.383
0.381
0.387
0.385
0.387
0.391
0.395
0.386
0.384
0.393
0.384
0.381
0.385
0.385
0.391
0.384
0.39
0.386
0.385
0.39
0.388
0.391
0.386
0.384
0.386
0.381
0.388
0.386
0.388
0.396
0.387
0.382
0.391
0.384
0.385
0.39
0.386
0.393
0.388
0.393
0.392
0.389
0.392
0.384
0.392
0.391
0.397
0.393
0.396
0.403
0.394
0.401
0.391
0.392
0.393
0.399
0.397
0.395
0.387
0.395
0.395
0.397
0.392
0.4
0.403
0.394
0.401
0.406
0.403
0.396
0.396
0.398
0.406
0.398
0.407
0.4
0.4
0.393
0.4
0.398
0.391
0.399
0.391
0.4
0.397
0.403
0.396
0.404
0.384
0.382
0.375
0.374
0.376
0.369
0.372
0.378
0.372
0.377
0.374
0.371
0.365
0.368
0.362
0.366
0.362
0.369
0.36
0.361
0.364
0.365
0.358
0.365
0.357
0.36
0.366
0.362
0.354
0.36
0.361
0.369
0.363
0.361
0.354
0.368
0.364
0.361
0.365
0.356
0.362
0.362
0.36
0.362
0.355
0.356
0.362
0.355
0.361
0.354
0.362
0.353
0.353
0.361
0.358
0.354
0.361
0.356
0.358
0.352
0.354
0.349
0.354
0.357
0.354
0.354
0.347
0.353
0.346
0.35
0.353
0.355
0.352
0.358
0.352
0.349
0.351
0.352
0.354
0.346
0.352
0.355
0.354
0.354
0.352
0.362
0.354
0.362
0.36
0.356
0.354
0.354
0.352
0.353
0.351
0.352
0.352
0.36
0.355
0.34
0.347
0.339
0.346
0.346
0.346
0.348
0.347
0.346
0.349
0.345
0.346
0.344
0.343
0.346
0.35
0.346
0.342
0.346
0.348
0.351
0.353
0.351
0.345
0.351
0.346
0.352
0.352
0.357
0.349
0.353
0.353
0.357
0.351
0.354
0.356
0.353
0.358
0.351
0.361
0.364
0.355
0.361
0.364
0.358
0.363
0.362
0.357
0.361
0.36
0.364
0.362
0.364
0.362
0.375
0.376
0.377
0.376
0.38
0.375
0.381
0.376
0.373
0.379
0.383
0.381
0.376
0.384
0.378
0.385
0.376
0.391
0.385
0.382
0.388
0.389
0.385
0.389
0.384
0.396
0.397
0.397
0.397
0.393
0.401
0.398
0.406
0.395
0.393
0.396
0.396
0.394
0.392
0.396
0.402
0.4
0.394
0.401
0.393
0.396
0.402
0.399
0.401
0.408
0.399
0.407
0.406
0.398
0.39
0.401
0.404
0.404
0.399
0.395
0.401
0.409
0.403
0.395
0.403
0.407
0.399
0.408
0.41
0.402
0.398
0.404
0.404
0.408
0.408
0.405
0.409
0.403
0.409
0.4
0.4
0.402
0.402
0.399
0.396
0.405
0.402
0.4
0.408
0.404
0.4
0.404
0.406
0.405
0.408
0.403
0.398
0.39
0.399
0.396
0.393
0.397
0.395
0.403
0.404
0.405
0.4
0.392
0.401
0.396
0.396
0.393
0.397
0.399
0.403
0.401
0.405
0.401
0.4
0.396
0.396
0.403
0.399
0.4
0.395
0.393
0.399
0.396
0.396
0.398
0.396
0.399
0.407
0.402
0.405
0.395
0.4
0.395
0.397
0.396
0.396
0.397
0.406
0.398
0.399
0.398
0.397
0.402
0.398
0.406
0.401
0.398
0.402
0.395
0.4
0.405
0.396
0.4
0.408
0.396
0.397
0.392
0.399
0.402
0.393
0.404
0.4
0.397
0.399
0.393
0.401
0.397
0.403
0.394
0.401
0.395
0.396
0.399
0.402
0.393
0.398
0.39
0.399
0.396
0.396
0.402
0.399
0.396
0.403
0.402
0.396
0.4
0.402
0.409
0.403
0.406
0.397
0.399
0.403
0.395
0.399
0.402
0.396
0.401
0.395
0.401
0.392
0.4
0.4
0.396
0.404
0.394
0.402
0.399
0.394
0.4
0.396
0.396
0.401
0.393
0.402
0.398
0.406
0.408
0.401
0.396
0.405
0.399
0.4
0.403
0.398
0.404
0.396
0.396
0.399
0.407
0.405
0.411
0.408
0.399
0.401
0.4
0.402
0.408
0.403
0.401
0.4
0.398
0.402
0.407
0.4
0.407
0.412
0.406
0.406
0.406
0.41
0.405
0.405
0.4
0.409
0.404
0.4
0.405
0.399
0.407
0.4
0.409
0.4
0.398
0.405
0.401
0.395
0.401
0.402
0.409
0.399
0.404
0.403
0.401
0.401
0.407
0.414
0.413
0.402
0.406
0.399
0.4
0.407
0.411
0.415
0.406
0.407
0.414
0.407
0.415
0.412
0.406
0.414
0.405
0.402
0.403
0.407
0.407
0.417
0.413
0.409
0.409
0.41
0.412
0.416
0.41
0.411
0.413
0.406
0.396
0.409
0.415
0.407
0.409
0.404
0.411
0.42
0.411
0.42
0.417
0.411
0.404
0.413
0.405
0.402
0.407
0.407
0.404
0.406
0.414
0.416
0.41
0.411
0.403
0.413
0.417
0.423
0.415
0.413
0.419
0.41
0.417
0.414
0.419
0.417
0.419
0.423
0.416
0.414
0.421
0.428
0.419
0.419
0.419
0.413
0.42
0.418
0.428
0.421
0.419
0.412
0.412
0.416
0.419
0.414
0.414
0.418
0.413
0.408
0.416
0.413
0.412
0.41
0.408
0.412
0.409
0.413
0.412
0.418
0.414
0.414
0.413
0.413
0.405
0.414
0.411
0.409
0.415
0.409
0.411
0.41
0.409
0.407
0.412
0.408
0.404
0.413
0.419
0.412
0.406
0.402
0.4
0.397
0.404
0.406
0.399
0.408
0.402
0.412
0.403
0.397
0.405
0.415
0.406
0.408
0.398
0.406
0.401
0.403
0.41
0.403
0.398
0.4
0.408
0.399
0.404
0.399
0.402
0.402
0.403
0.396
0.404
0.401
0.411
0.402
0.401
0.401
0.406
0.401
0.407
0.415
0.405
0.4
0.397
0.403
0.407
0.398
0.4
0.408
0.4
0.406
0.41
0.404
0.41
0.4
0.408
0.405
0.407
0.412
0.408
0.412
0.412
0.416
0.412
0.411
0.415
0.417
0.411
0.417
0.415
0.423
0.413
0.419
0.415
0.422
0.424
0.426
0.42
0.422
0.426
