0.52
0.511
0.52
0.521
0.509
0.493
0.485
0.483
0.477
0.485
0.477
0.472
0.476
0.485
0.474
0.467
0.472
0.464
0.457
0.455
0.459
0.454
0.446
0.441
0.452
0.449
0.439
0.435
0.442
0.45
0.432
0.429
0.434
0.432
0.438
0.44
0.433
0.434
0.441
0.444
0.434
0.44
0.437
0.433
0.441
0.441
0.433
0.441
0.432
0.434
0.432
0.432
0.436
0.429
0.437
0.435
0.438
0.438
0.433
0.44
0.43
0.438
0.432
0.43
0.437
0.439
0.439
0.453
0.432
0.434
0.439
0.448
0.438
0.438
0.431
0.438
0.431
0.429
0.438
0.435
0.428
0.448
0.443
0.438
0.44
0.431
0.441
0.436
0.446
0.445
0.442
0.443
0.445
0.44
0.448
0.446
0.46
0.465
0.456
0.451
0.45
0.453
0.438
0.438
0.457
0.442
0.432
0.448
0.428
0.431
0.435
0.428
0.434
0.432
0.441
0.432
0.449
0.458
0.444
0.444
0.434
0.44
0.434
0.442
0.435
0.438
0.436
0.44
0.448
0.437
0.427
0.415
0.429
0.429
0.438
0.435
0.437
0.429
0.436
0.439
0.434
0.431
0.434
0.443
0.435
0.438
0.444
0.433
0.431
0.439
0.432
0.436
0.426
0.423
0.431
0.454
0.458
0.453
0.422
0.437
0.442
0.45
0.443
0.437
0.427
0.423
0.43
0.426
0.431
0.441
0.436
0.438
0.439
0.431
0.436
0.426
0.424
0.434
0.427
0.432
0.438
0.426
0.426
0.425
0.422
0.417
0.415
0.438
0.436
0.432
0.434
0.44
0.508
0.514
0.508
0.546
0.567
0.566
0.557
0.558
0.555
0.552
0.595
0.604
0.593
0.597
0.609
0.621
0.588
0.653
0.641
0.606
0.612
0.604
0.606
0.62
0.631
0.629
0.621
0.611
0.684
0.671
0.656
0.671
0.656
0.652
0.648
0.658
0.663
0.667
0.674
0.675
0.683
0.686
0.676
