0.681
0.672
0.668
0.66
0.65
0.655
0.659
0.656
0.645
0.655
0.658
0.661
0.658
0.642
0.657
0.66
0.65
0.646
0.656
0.647
0.641
0.65
0.646
0.641
0.64
0.646
0.644
0.64
0.654
0.654
0.65
0.662
0.674
0.669
0.677
0.678
0.679
0.663
0.656
0.654
0.654
0.67
0.676
0.676
0.663
0.65
0.664
0.662
0.658
0.644
0.641
0.645
0.64
0.634
0.649
0.648
0.646
0.66
0.658
0.657
0.669
0.659
0.669
0.666
0.654
0.666
0.656
0.658
0.657
0.648
0.658
0.661
0.649
0.664
0.657
0.654
0.663
0.65
0.652
0.655
0.657
0.66
0.646
0.643
0.658
0.658
0.651
0.665
0.655
0.657
0.66
0.655
0.673
0.685
0.692
0.687
0.691
0.694
0.679
0.684
0.682
0.666
0.672
0.675
0.673
0.699
0.695
0.69
0.696
0.682
0.699
0.685
0.67
0.679
0.681
0.675
0.684
0.676
0.67
0.669
0.683
0.677
0.677
0.688
0.671
0.685
0.68
0.67
0.659
0.668
0.681
0.69
0.678
0.667
0.683
0.672
0.666
0.678
0.675
0.675
0.688
0.677
0.683
0.693
0.684
0.68
0.692
0.695
0.688
0.692
0.686
0.679
0.663
0.686
0.692
0.687
0.694
0.687
0.683
0.686
0.662
0.646
0.645
0.661
0.655
0.646
0.659
0.658
0.645
0.64
0.653
0.644
0.644
0.658
0.665
0.656
0.681
0.668
0.676
0.68
0.69
0.689
0.676
0.678
0.666
0.682
0.666
0.666
0.657
0.665
0.655
0.646
0.659
0.662
0.649
0.661
0.673
0.669
0.673
0.663
0.642
0.648
0.646
0.636
0.646
0.641
0.644
0.633
0.628
0.622
0.607
0.617
0.622
0.62
0.613
0.626
0.628
0.641
0.645
0.632
0.652
0.663
0.667
0.655
0.65
0.666
0.669
0.659
0.667
0.671
0.66
0.668
0.653
0.666
0.669
0.654
0.666
0.675
0.67
0.662
0.652
0.666
0.661
0.654
0.652
0.636
0.625
0.637
0.627
0.647
0.658
0.65
0.64
0.633
0.64
0.626
0.631
0.646
0.645
0.632
0.644
0.643
0.631
0.638
0.639
0.635
0.628
0.622
0.61
0.613
0.619
0.61
0.604
0.61
0.611
0.601
0.606
0.617
0.622
0.615
0.628
0.641
0.642
0.627
0.625
0.614
0.62
0.615
0.608
0.614
0.606
0.612
0.611
0.603
0.616
0.62
0.617
0.632
0.641
0.633
0.628
0.639
0.63
0.625
0.631
0.617
0.612
0.605
0.602
0.617
0.623
0.626
0.625
0.637
0.644
0.644
0.633
0.629
0.629
0.633
0.635
0.624
0.618
0.62
0.628
0.631
0.638
0.626
0.613
0.636
0.622
0.607
0.626
0.619
0.616
0.606
0.602
0.6
0.589
0.618
0.626
0.631
0.622
0.609
0.622
0.625
0.623
0.626
0.613
0.609
0.607
0.613
0.625
0.616
0.622
0.618
0.607
0.614
0.623
0.615
0.605
0.617
0.616
0.607
0.62
0.621
0.635
0.626
0.622
0.629
0.622
0.62
0.632
0.625
0.622
0.623
0.608
0.613
0.626
0.62
0.615
0.603
0.613
0.608
0.614
0.629
0.638
0.64
0.6
0.597
0.587
0.6
0.593
0.589
0.6
0.6
0.601
0.594
0.591
0.593
0.604
0.61
0.605
0.605
0.591
0.604
0.592
0.595
0.606
0.611
0.596
0.608
0.599
0.611
0.604
0.606
0.603
0.603
0.635
0.626
0.614
0.627
0.62
0.624
0.624
0.632
0.631
0.62
0.628
0.619
0.62
0.625
0.623
0.612
0.607
0.619
0.611
0.605
0.609
0.596
0.615
0.596
0.588
0.584
0.575
0.586
0.584
0.587
0.582
0.591
0.579
0.589
0.585
0.581
0.59
0.587
0.58
0.587
0.59
0.596
0.604
0.614
0.604
0.608
0.616
0.621
0.608
0.621
0.617
0.608
0.612
0.608
0.597
0.609
0.608
0.6
0.603
0.606
0.604
0.592
0.6
0.592
0.6
0.596
0.593
0.605
0.6
0.598
0.606
0.601
0.613
0.604
0.614
0.607
0.608
0.619
0.606
0.617
0.613
0.604
0.614
0.604
0.615
0.606
0.614
0.599
0.603
0.605
0.593
0.604
0.603
0.608
0.6
0.602
0.604
0.596
0.585
0.581
0.593
0.582
0.595
0.601
0.587
0.596
0.586
0.588
0.601
0.602
0.593
0.604
0.589
0.597
0.602
0.592
0.589
0.591
0.589
0.582
0.576
0.581
0.582
0.586
0.564
0.572
0.563
0.575
0.572
0.574
0.563
0.573
0.578
0.565
0.568
0.576
0.576
0.566
0.568
0.571
0.559
0.571
0.564
0.559
0.567
0.578
0.573
0.57
0.563
0.571
0.563
0.562
0.55
0.563
0.559
0.552
0.562
0.565
0.559
0.563
0.575
0.576
0.568
0.581
0.592
0.595
0.581
0.586
0.592
0.591
0.588
0.593
0.603
0.593
0.602
0.6
0.598
0.596
0.599
0.589
0.601
0.602
0.594
0.595
0.597
0.591
0.58
0.592
0.581
0.582
0.586
0.578
0.58
0.582
0.574
0.588
0.585
0.581
0.584
0.583
0.582
0.578
0.576
0.566
0.575
0.569
0.573
0.563
0.555
0.563
0.563
0.555
0.563
0.555
0.551
0.557
0.549
0.555
0.556
0.565
0.559
0.571
0.585
0.582
0.606
0.603
0.605
0.59
0.579
0.587
0.583
0.569
0.57
0.572
0.563
0.571
0.572
0.559
0.565
0.573
0.575
0.573
0.577
0.567
0.58
0.58
0.568
0.578
0.576
0.564
0.573
0.562
0.569
0.572
0.563
0.571
0.574
0.574
0.564
0.574
0.573
0.562
0.575
0.574
0.561
0.576
0.578
0.567
0.578
0.578
0.564
0.577
0.579
0.572
0.565
0.574
0.577
0.565
0.572
0.576
0.565
0.578
0.585
0.58
0.573
0.582
0.575
0.575
0.575
0.562
0.571
0.566
0.566
0.563
0.555
0.549
0.549
0.55
0.541
0.548
0.549
0.538
0.542
0.552
0.544
0.545
0.539
0.541
0.529
0.532
0.535
0.525
0.524
0.529
0.535
0.527
0.536
0.544
0.539
0.55
0.553
0.541
0.551
0.543
0.545
0.548
0.539
0.539
0.549
0.547
0.535
0.542
0.537
0.544
0.541
0.535
0.545
0.548
0.535
0.544
0.551
0.538
0.548
0.552
0.54
0.532
0.531
0.54
0.54
0.529
0.537
0.548
0.539
0.547
0.548
0.539
0.545
0.541
0.534
0.538
0.53
0.533
0.535
0.534
0.53
0.537
0.539
0.527
0.54
0.543
0.531
0.539
0.543
0.541
0.546
0.538
0.53
0.524
0.532
0.533
0.529
0.538
0.536
0.532
0.544
0.538
0.531
0.543
0.532
0.545
0.542
0.546
0.534
0.546
0.54
0.551
0.539
0.547
0.55
0.537
0.546
0.546
0.537
0.549
0.553
0.546
0.548
0.537
0.539
0.542
0.542
0.529
0.538
0.542
0.532
0.542
0.547
0.539
0.55
0.551
0.542
0.554
0.55
0.54
0.553
0.542
0.543
0.547
0.535
0.547
0.546
0.534
0.546
0.543
0.553
0.543
0.552
0.554
0.545
0.554
0.547
0.548
0.548
0.543
0.55
0.547
0.54
0.544
0.549
0.546
0.549
0.553
0.546
0.55
0.55
0.544
0.554
0.552
0.542
0.552
0.553
0.543
0.554
0.546
0.541
0.552
0.549
0.541
0.554
0.542
0.547
0.551
0.543
0.551
0.558
0.561
0.551
0.562
0.561
0.558
0.558
0.547
0.56
0.564
0.568
0.557
0.556
0.546
0.547
0.546
0.542
0.551
0.546
0.552
0.552
0.544
0.551
0.549
0.558
0.55
0.563
0.565
0.568
0.576
0.572
0.581
0.59
0.578
0.578
0.584
0.577
0.566
0.566
0.564
0.575
0.577
0.573
0.579
0.566
0.576
0.576
0.575
0.561
0.57
0.558
0.571
0.564
0.553
0.564
0.572
0.563
0.568
0.562
0.569
0.565
0.558
0.554
0.547
0.55
0.547
0.551
0.551
0.548
0.556
0.562
0.556
0.566
0.566
0.554
0.565
0.559
0.562
0.557
0.559
0.556
0.547
0.558
0.546
0.553
0.561
0.559
0.562
0.564
0.555
0.563
0.563
0.554
0.565
0.566
0.558
0.565
0.569
0.564
0.565
0.552
0.563
0.563
0.56
0.571
0.56
0.57
0.563
0.561
0.568
0.557
0.561
0.567
0.563
0.563
0.573
0.567
0.574
0.574
0.564
0.576
0.563
0.575
0.575
0.574
0.565
0.563
0.57
0.566
0.572
0.564
0.575
0.576
0.563
0.577
0.564
0.577
0.576
0.566
0.579
0.576
0.583
0.591
0.586
0.588
0.589
0.596
0.59
0.591
0.58
0.58
0.572
0.575
0.58
0.578
0.572
0.578
0.57
0.577
0.563
0.574
0.573
0.579
0.573
0.587
0.583
0.576
0.589
0.576
0.58
0.578
0.573
0.587
0.578
0.569
0.58
0.578
0.567
0.572
0.574
0.575
0.564
0.573
0.574
0.561
0.574
0.567
0.575
0.567
0.571
0.571
0.566
0.567
0.558
0.559
0.554
0.553
0.558
0.554
0.564
0.57
0.563
0.577
0.572
0.558
0.555
0.546
0.554
0.554
0.545
0.553
0.54
0.553
0.552
0.551
0.555
0.548
0.547
0.534
0.545
0.551
0.554
0.556
0.547
0.558
0.558
0.554
0.552
0.557
0.551
0.573
0.597
0.593
0.592
0.58
0.58
0.566
0.568
0.555
0.563
0.568
0.554
0.564
0.563
0.56
0.551
0.559
0.559
0.55
0.554
0.56
0.548
0.552
0.552
0.544
0.543
0.545
0.54
0.535
0.539
0.536
0.531
0.532
0.534
0.536
0.526
0.533
0.535
0.529
0.521
0.529
0.527
0.53
0.527
0.521
0.522
0.527
0.522
0.515
0.518
0.52
0.521
0.51
0.513
0.515
0.516
0.507
0.511
0.511
0.515
0.508
0.516
0.516
0.513
0.513
0.516
0.517
0.521
0.515
0.521
0.523
0.519
0.522
0.519
0.518
0.524
0.522
0.521
0.521
0.521
0.517
0.513
0.514
0.517
0.514
0.507
0.514
0.512
0.51
0.513
0.515
0.517
0.521
0.519
0.511
0.521
0.522
0.523
0.521
0.525
0.524
0.518
0.52
0.519
0.51
0.516
0.51
0.51
0.508
0.512
0.507
0.507
0.503
0.502
0.511
0.507
0.51
0.511
0.503
0.513
0.511
0.502
0.51
0.506
0.509
0.501
0.508
0.507
0.501
0.509
0.507
0.511
0.499
0.51
0.508
0.509
0.505
0.513
0.513
0.506
0.514
0.514
0.513
0.505
0.516
0.512
0.513
0.515
0.505
0.507
0.506
0.508
0.499
0.507
0.508
0.511
0.508
0.513
0.513
0.508
0.508
0.511
0.514
0.513
0.521
0.516
0.512
0.52
0.519
0.518
0.512
0.518
0.515
0.519
0.508
0.514
0.511
0.519
0.515
0.513
0.51
0.507
0.508
0.513
0.511
0.511
0.506
0.508
0.51
0.5
0.501
0.502
0.502
0.495
0.501
0.501
0.494
0.501
0.497
0.495
0.5
0.494
0.486
0.498
0.504
0.504
0.502
0.507
0.509
0.507
0.507
0.507
0.511
0.505
0.515
0.51
0.506
0.512
0.509
0.505
0.514
0.516
0.514
0.515
0.509
0.515
0.518
0.52
0.519
0.52
0.508
0.516
0.511
0.517
0.507
0.519
0.523
0.526
0.531
0.526
0.538
0.536
0.53
0.543
0.548
0.542
0.547
0.55
0.538
0.548
0.543
0.535
0.543
0.539
0.542
0.541
0.533
0.535
0.529
0.529
0.531
0.523
0.53
0.528
0.529
0.531
0.538
0.528
0.534
0.533
0.531
0.53
0.531
0.525
0.532
0.522
0.519
0.526
0.524
0.527
0.525
0.535
0.532
0.528
0.535
0.536
0.531
0.528
0.536
0.535
0.529
0.532
0.536
0.534
0.528
0.534
0.537
0.532
0.53
0.53
0.535
0.535
0.533
0.53
0.529
0.525
0.532
0.535
0.532
0.537
0.535
0.539
0.531
0.539
0.535
0.535
0.534
0.535
0.536
0.533
0.539
0.544
0.538
0.544
0.541
0.538
0.541
0.531
0.539
0.537
0.533
0.531
0.535
0.532
0.523
0.527
0.527
0.522
0.521
0.518
0.521
0.521
0.518
0.516
0.521
0.519
0.521
0.521
0.522
0.526
0.527
0.525
0.523
0.525
0.523
0.522
0.525
0.525
0.515
0.527
0.527
0.521
0.532
0.535
0.524
0.536
0.531
0.535
0.533
0.522
0.529
0.527
0.527
0.516
0.52
0.521
0.52
0.514
0.511
0.516
0.518
0.51
0.524
0.524
0.528
0.534
0.524
0.535
0.533
0.531
0.525
0.527
0.527
0.514
0.523
0.524
0.516
0.524
0.526
0.521
0.525
0.524
0.524
0.52
0.523
0.526
0.52
0.517
0.519
0.518
0.516
0.512
0.513
0.514
0.511
0.516
0.519
0.507
0.517
0.52
0.515
0.521
0.521
0.516
0.528
0.525
0.52
0.522
0.514
0.52
0.52
0.52
0.527
0.525
0.523
0.528
0.529
0.521
0.524
0.523
0.52
0.521
0.525
0.52
0.524
0.526
0.527
0.521
0.522
0.527
0.521
0.525
0.525
0.526
0.521
0.522
0.525
0.524
0.525
0.526
0.531
0.528
0.531
0.536
0.527
0.537
0.534
0.526
0.529
0.524
0.521
0.521
0.513
0.518
0.517
0.51
0.517
0.516
0.509
0.516
0.516
0.511
0.518
0.516
0.51
0.515
0.514
0.511
0.511
0.512
0.512
0.505
0.514
0.515
0.507
0.513
0.524
0.521
0.516
0.521
0.52
0.512
0.517
0.515
0.51
0.51
0.513
0.507
0.511
0.511
0.502
0.508
0.505
0.497
0.5
0.497
0.497
0.49
0.495
0.495
0.495
0.496
0.491
0.494
0.49
0.49
0.488
0.491
0.486
0.484
0.485
0.484
0.484
0.489
0.485
0.494
0.492
0.49
0.494
0.495
0.498
0.501
0.505
0.51
0.504
0.51
0.511
0.504
0.511
0.509
0.506
0.511
0.514
0.51
0.514
0.512
0.505
0.507
0.509
0.508
0.506
0.515
0.508
0.507
0.511
0.516
0.519
0.513
0.524
0.522
0.512
0.521
0.522
0.515
0.521
0.519
0.512
0.52
0.521
0.511
0.517
0.514
0.508
0.515
0.513
0.505
0.511
0.511
0.507
0.505
0.507
0.506
0.499
0.508
0.51
0.507
0.504
0.508
0.508
0.502
0.504
0.505
0.51
0.502
0.501
0.503
0.505
0.493
0.505
0.505
0.502
0.499
0.5
0.499
0.496
0.496
0.499
0.497
0.506
0.503
0.503
0.506
0.514
0.508
0.511
0.514
0.51
0.507
0.506
0.499
0.507
0.507
0.502
0.5
0.506
0.507
0.498
0.513
0.514
0.519
0.51
0.515
0.518
0.509
0.516
0.518
0.51
0.517
0.515
0.513
0.511
0.519
0.52
0.517
0.521
0.527
0.522
0.531
0.539
0.537
0.524
0.524
0.525
0.521
0.521
0.521
0.518
0.514
0.514
0.507
0.507
0.507
0.51
0.506
0.503
0.511
0.513
0.506
0.513
0.514
0.507
0.519
0.521
0.517
0.522
0.516
0.515
0.514
0.512
0.513
0.52
0.524
0.528
0.524
0.531
0.532
0.525
0.53
0.532
0.521
0.533
0.537
0.521
0.52
0.524
0.519
0.522
0.521
0.529
0.516
0.522
0.525
0.519
0.521
0.52
0.519
0.514
0.518
0.52
0.508
0.519
0.515
0.521
0.521
0.519
0.524
0.527
0.516
0.526
0.523
0.515
0.52
0.519
0.512
0.519
0.519
0.511
0.521
0.52
0.518
0.523
0.525
0.527
0.523
0.516
0.523
0.522
0.512
0.514
0.512
0.514
0.513
0.509
0.506
0.508
0.506
0.512
0.503
0.51
0.508
0.519
0.519
0.521
0.538
0.549
0.532
0.519
0.529
0.527
0.517
0.529
0.521
0.52
0.522
0.528
0.517
0.525
0.528
0.52
0.532
0.527
0.531
0.531
0.521
0.529
0.529
0.523
0.531
0.53
0.524
0.528
0.532
0.521
0.526
0.53
0.521
0.524
0.531
0.522
0.522
0.527
0.528
0.523
0.53
0.531
0.526
0.531
0.527
0.533
0.54
0.527
0.535
0.535
0.522
0.533
0.534
0.521
0.533
0.532
0.535
0.528
0.536
0.537
0.527
0.535
0.539
0.53
0.534
0.539
0.528
0.531
0.533
0.526
0.524
0.53
0.517
0.529
0.53
0.519
0.523
0.524
0.514
0.52
0.521
0.513
0.519
0.524
0.517
0.515
0.519
0.52
0.515
0.518
0.519
0.511
0.519
0.521
0.511
0.521
0.511
0.521
0.516
0.515
0.522
0.519
0.519
0.522
0.529
0.517
0.528
0.527
0.523
0.529
0.53
0.525
0.532
0.536
0.527
0.529
0.532
0.52
0.532
0.527
0.522
0.515
0.518
0.518
0.523
0.513
0.521
0.521
0.524
0.518
0.527
0.529
0.523
0.53
0.53
0.526
0.527
0.521
0.53
0.526
0.516
0.526
0.524
0.511
0.519
0.514
0.513
0.506
0.517
0.522
0.521
0.523
0.533
0.538
0.539
0.545
0.548
0.548
0.541
0.547
0.549
0.55
0.542
0.543
0.546
0.541
0.54
0.544
0.534
0.541
0.546
0.544
0.538
0.55
0.549
0.541
0.554
0.551
0.545
0.554
0.55
0.553
0.547
0.551
0.552
0.548
0.544
0.545
0.545
0.536
0.54
0.54
0.542
0.531
0.538
0.538
0.542
0.542
0.545
0.55
0.554
0.553
0.544
0.547
0.551
0.545
0.537
0.542
0.545
0.532
0.54
0.537
0.53
0.539
0.54
0.54
0.536
0.544
0.55
0.542
0.552
0.548
0.547
0.544
0.546
0.543
0.537
0.541
0.542
0.541
0.538
0.537
0.532
0.535
0.534
0.522
0.533
0.539
0.535
0.537
0.537
0.54
0.53
0.532
0.531
0.533
0.526
0.526
0.529
0.532
0.538
0.532
0.533
0.523
0.53
0.525
0.525
0.516
0.523
0.521
0.519
0.518
0.521
0.521
0.518
0.522
0.52
0.521
0.515
0.525
0.522
0.521
0.519
0.522
0.522
0.521
0.515
0.519
0.518
0.51
0.514
0.514
0.516
0.509
0.509
0.513
0.512
0.507
0.515
0.512
0.505
0.507
0.515
0.509
0.505
0.51
0.507
0.508
0.501
0.499
0.504
0.501
0.493
0.501
0.495
0.491
0.492
0.487
0.488
0.489
0.487
0.484
0.488
0.489
0.483
0.49
0.49
0.489
0.493
0.497
0.493
0.497
0.498
0.491
0.499
0.493
0.492
0.491
0.496
0.5
0.492
0.494
0.496
0.495
0.492
0.497
0.497
0.49
0.494
0.493
0.489
0.496
0.492
0.492
0.491
0.496
0.496
0.489
0.495
0.494
0.488
0.494
0.492
0.487
0.491
0.493
0.485
0.491
0.489
0.487
0.484
0.488
0.49
0.482
0.493
0.49
0.49
0.487
0.492
0.488
0.485
0.486
0.49
0.489
0.483
0.493
0.489
0.488
0.483
0.489
0.488
0.479
0.479
0.481
0.479
0.484
0.486
0.489
0.491
0.494
0.505
0.51
0.51
0.515
0.503
0.507
0.504
0.505
0.497
0.499
0.5
0.497
0.494
0.5
0.501
0.504
0.503
0.507
0.499
0.51
0.505
0.508
0.509
0.513
0.517
0.516
0.511
0.518
0.516
0.521
0.511
0.518
0.52
0.517
0.512
0.521
0.519
0.515
0.523
0.522
0.512
0.521
0.518
0.521
0.518
0.513
0.52
0.515
0.52
0.513
0.519
0.522
0.522
0.521
0.523
0.524
0.525
0.519
0.521
0.515
0.517
0.513
0.514
0.512
0.502
0.509
0.505
0.507
0.51
0.512
0.505
0.516
0.511
0.509
0.512
0.511
0.514
0.505
0.511
0.51
0.502
0.511
0.506
0.502
0.503
0.505
0.502
0.501
0.503
0.505
0.508
0.506
0.504
0.509
0.51
0.509
0.508
0.51
0.511
0.512
0.507
0.511
0.515
0.509
0.511
0.512
0.514
0.508
0.507
0.508
0.514
0.508
0.514
0.515
0.506
0.518
0.517
0.514
0.512
0.516
0.512
0.511
0.511
0.511
0.514
0.507
0.511
0.513
0.511
0.511
0.506
0.512
0.513
0.513
0.508
0.513
0.509
0.512
0.509
0.513
0.514
0.512
0.509
0.512
0.514
0.504
0.516
0.512
0.505
0.503
0.511
0.508
0.512
0.507
0.511
0.513
0.503
0.511
0.511
0.509
0.507
0.514
0.512
0.511
0.515
0.516
0.517
0.516
0.512
0.512
0.517
0.512
0.514
0.514
0.514
0.509
0.516
0.513
0.517
0.512
0.518
0.517
0.512
0.515
0.52
0.52
0.512
0.518
0.518
0.525
0.519
0.528
0.526
0.522
0.52
0.521
0.52
0.525
0.517
0.524
0.523
0.521
0.521
0.523
0.526
0.528
0.52
0.528
0.528
0.526
0.527
0.528
0.53
0.525
0.53
0.53
0.526
0.523
0.526
0.524
0.522
0.521
0.522
0.528
0.521
0.529
0.527
0.521
0.527
0.527
0.526
0.523
0.528
0.527
0.521
0.526
0.526
0.521
0.52
0.523
0.522
0.515
0.522
0.52
0.521
0.519
0.521
0.52
0.516
0.521
0.521
0.513
0.52
0.517
0.514
0.513
0.518
0.514
0.51
0.517
0.514
0.513
0.514
0.516
0.519
0.514
0.52
0.517
0.521
0.514
0.519
0.518
0.52
0.514
0.519
0.517
0.518
0.509
0.515
0.515
0.517
0.515
0.514
0.521
0.521
0.522
0.519
0.515
0.517
0.514
0.523
0.523
0.53
0.521
0.525
0.528
0.528
0.519
0.528
0.53
0.524
0.519
0.524
0.527
0.518
0.526
0.524
0.517
0.521
0.521
0.522
0.521
0.517
0.519
0.523
0.521
0.521
0.524
0.524
0.523
0.516
0.526
0.525
0.529
0.527
0.534
0.537
0.536
0.532
0.542
0.541
0.537
0.541
0.542
0.54
0.532
0.535
0.535
0.541
0.535
0.537
0.536
0.542
0.536
0.536
0.54
0.537
0.549
0.555
0.543
0.552
0.548
0.536
0.528
0.533
0.533
0.538
0.533
0.526
0.528
0.531
0.532
0.523
0.532
0.531
0.53
0.524
0.52
0.525
0.523
0.527
0.525
0.523
0.521
0.521
0.521
0.524
0.521
0.516
0.515
0.518
0.52
0.515
0.513
0.517
0.515
0.515
0.519
0.524
0.522
0.521
0.524
0.524
0.521
0.519
0.521
0.519
0.514
0.518
0.514
0.516
0.507
0.515
0.511
0.512
0.521
0.531
0.534
0.534
0.531
0.528
0.526
0.524
0.527
0.53
0.525
0.529
0.531
0.527
0.532
0.535
0.532
0.533
0.532
0.529
0.53
0.528
0.526
0.527
0.532
0.537
0.542
0.549
0.556
0.561
0.566
0.573
0.572
0.568
0.563
0.563
0.559
0.561
0.566
0.563
0.573
0.578
0.574
0.577
0.587
0.585
0.591
0.6
0.598
0.597
0.6
0.598
0.596
0.601
0.586
0.586
0.578
0.698
0.662
0.638
0.599
0.573
0.571
0.576
0.563
0.614
0.629
0.666
0.654
0.648
0.654
0.651
0.649
0.656
0.669
0.67
0.681
0.688
0.683
0.691
0.684
0.646
0.652
0.688
0.683
0.677
0.688
0.688
0.689
0.675
0.658
0.667
0.68
