0.421
0.414
0.402
0.395
0.388
0.414
0.412
0.406
0.416
0.406
0.41
0.412
0.407
0.412
0.42
0.416
0.413
0.419
0.415
0.439
0.43
0.426
0.426
0.45
0.476
0.486
0.504
0.515
0.507
0.484
0.489
0.478
0.477
0.481
0.477
0.477
0.471
0.477
0.482
0.362
0.366
0.362
0.359
0.36
0.372
0.363
0.358
0.363
0.36
0.362
0.369
0.372
0.375
0.37
0.369
0.372
0.364
0.37
0.371
0.374
0.368
0.345
0.348
0.352
0.348
0.345
0.352
0.359
0.356
0.348
0.354
0.351
0.351
0.358
0.362
0.36
0.362
0.355
0.356
0.362
0.36
0.352
0.36
0.357
0.357
0.369
0.363
0.387
0.38
0.388
0.384
0.405
0.412
0.412
0.41
0.404
0.419
0.409
0.41
0.415
0.411
0.421
0.416
0.418
0.422
0.431
0.434
0.425
0.427
0.433
0.43
0.423
0.426
0.422
0.425
0.435
0.44
0.438
0.438
0.444
0.438
0.396
0.393
0.385
0.388
0.382
0.376
0.699
0.351
0.353
0.357
0.359
0.362
0.356
0.351
0.357
0.359
0.354
0.354
0.356
0.357
0.364
0.357
0.365
0.367
0.367
0.368
0.368
0.37
0.369
0.371
0.37
0.374
0.368
0.377
0.378
0.371
0.379
0.377
0.372
0.378
0.384
0.381
0.388
0.387
0.384
0.38
0.385
0.39
0.387
0.396
0.398
0.414
0.413
0.432
0.433
0.435
0.426
0.431
0.431
0.433
0.432
0.373
0.354
0.362
0.353
0.361
0.361
0.355
0.358
0.359
0.361
0.366
0.375
0.371
0.378
0.357
0.36
0.354
0.354
0.358
0.354
0.359
0.361
0.354
0.353
0.365
0.369
0.371
0.377
0.376
0.371
0.368
0.374
0.379
0.378
0.378
0.37
0.376
0.373
0.385
0.388
0.388
0.393
0.4
0.404
0.408
0.415
0.41
0.411
0.417
0.416
0.413
0.421
0.414
0.419
0.427
0.422
0.425
0.421
0.426
0.427
0.427
0.436
0.43
0.437
0.447
0.436
0.443
0.437
0.441
0.442
0.442
0.449
0.441
0.433
0.456
0.452
0.443
0.451
0.461
0.468
0.465
0.46
0.465
0.468
0.469
0.468
0.475
0.469
0.472
0.476
0.479
0.486
0.486
0.479
0.479
0.482
0.481
0.479
0.477
0.477
0.485
0.492
0.483
0.471
0.482
0.475
0.479
0.489
0.488
0.476
0.482
0.479
0.479
0.487
0.48
0.483
0.487
0.485
0.481
0.493
0.484
0.491
0.488
0.482
0.494
0.499
0.499
0.501
0.491
0.483
0.478
0.488
0.491
0.49
0.498
0.494
0.5
0.503
0.505
0.503
0.506
0.513
0.508
0.502
0.508
0.503
0.506
0.506
0.507
0.512
0.509
0.511
0.509
0.513
0.51
0.522
0.519
0.517
0.507
0.533
0.524
0.521
0.521
0.521
0.52
0.514
0.521
0.514
0.52
0.509
0.521
0.521
0.515
0.52
0.527
0.531
0.533
0.53
0.54
0.54
0.53
0.523
0.524
0.512
0.513
0.506
0.539
0.533
0.54
0.529
0.534
0.529
0.535
0.545
0.538
0.538
0.529
0.523
0.534
0.54
0.541
0.55
0.556
0.543
0.544
0.545
0.543
0.54
0.547
0.541
0.538
0.54
0.541
0.546
0.539
0.539
0.543
0.535
0.53
0.536
0.536
0.54
0.534
0.557
0.537
0.534
0.532
0.537
0.548
0.522
0.538
0.542
0.531
0.527
0.519
0.512
0.539
0.541
0.534
0.539
0.537
0.547
0.553
0.552
0.55
0.548
0.549
0.557
0.548
0.555
0.552
0.547
0.546
0.54
0.53
0.526
0.527
0.523
0.527
0.524
0.585
0.58
0.572
0.567
0.568
0.56
0.563
0.572
0.556
0.549
0.551
0.528
0.547
0.547
0.547
0.559
0.557
0.563
0.563
0.564
0.554
0.566
0.557
0.556
0.56
0.564
0.558
0.555
0.565
0.563
0.564
0.558
0.559
0.56
0.555
0.548
0.55
0.539
0.534
0.54
0.534
0.541
0.532
0.545
0.537
0.544
0.54
0.548
0.546
0.546
0.547
0.539
0.543
0.544
0.539
0.546
0.54
0.526
0.528
0.529
0.533
0.535
0.53
0.542
0.535
0.531
0.538
0.533
0.529
0.52
0.52
0.514
0.511
0.52
0.412
0.406
0.396
0.402
0.404
0.398
0.395
0.398
0.403
0.395
0.398
0.397
0.4
0.4
0.402
0.408
0.403
0.409
0.41
0.407
0.41
0.412
0.408
0.41
0.414
0.41
0.409
0.418
0.414
0.41
0.418
0.412
0.408
0.418
0.415
0.411
0.412
0.413
0.421
0.415
0.414
0.42
0.415
0.413
0.42
0.417
0.414
0.424
0.414
0.425
0.42
0.428
0.438
0.444
0.438
0.43
0.439
0.448
0.448
0.456
0.445
0.449
0.45
0.457
0.461
0.453
0.449
0.456
0.454
0.452
0.451
0.458
0.458
0.467
0.47
0.475
0.466
0.458
0.467
0.474
0.467
0.472
0.463
0.46
0.391
0.389
0.393
0.393
0.384
0.386
0.388
0.38
0.384
0.363
0.372
0.377
0.369
0.372
0.366
0.374
0.379
0.375
0.38
0.372
0.37
0.377
0.369
0.374
0.378
0.372
0.376
0.379
0.385
0.377
0.381
0.386
0.382
0.378
0.382
0.378
0.382
0.697
0.693
0.689
0.354
0.354
0.349
0.353
0.351
0.357
0.355
0.356
0.349
0.357
0.352
0.348
0.354
0.347
0.355
0.359
0.353
0.357
0.362
0.354
0.35
0.364
0.365
0.358
0.366
0.364
0.355
0.357
0.364
0.366
0.367
0.362
0.355
0.373
0.374
0.365
0.364
0.371
0.371
0.372
0.365
0.373
0.378
0.374
0.38
0.378
0.386
0.379
0.37
0.382
0.38
0.384
0.39
0.384
0.393
0.388
0.39
0.398
0.395
0.396
0.395
0.399
0.395
0.397
0.392
0.396
0.398
0.398
0.407
0.41
0.404
0.41
0.418
0.41
0.418
0.417
0.412
0.408
0.416
0.42
0.417
0.416
0.413
0.421
0.418
0.414
0.422
0.425
0.422
0.424
0.429
0.422
0.428
0.432
0.432
0.433
0.434
0.439
0.433
0.438
0.434
0.438
0.444
0.438
0.445
0.45
0.439
0.375
0.699
0.688
0.346
0.347
0.35
0.353
0.346
0.36
0.353
0.361
0.355
0.349
0.366
0.364
0.359
0.362
0.354
0.362
0.36
0.354
0.359
0.356
0.362
0.371
0.362
0.361
0.375
0.367
0.375
0.367
0.373
0.381
0.378
0.384
0.386
0.385
0.384
0.383
0.388
0.388
0.396
0.387
0.388
0.389
0.391
0.397
0.404
0.398
0.392
0.396
0.401
0.396
0.399
0.402
0.408
0.41
0.41
0.414
0.406
0.411
0.417
0.41
0.405
0.414
0.422
0.419
0.416
0.407
0.417
0.413
0.39
0.396
0.378
0.372
0.363
0.371
0.363
0.354
0.354
0.361
0.352
0.363
0.359
0.362
0.361
0.359
0.352
0.355
0.366
0.358
0.366
0.358
0.364
0.364
0.357
0.356
0.351
0.356
0.351
0.349
0.353
0.349
0.349
0.344
0.344
0.345
0.348
0.356
0.35
0.353
0.349
0.351
0.355
0.361
0.362
0.363
0.354
0.358
0.364
0.362
0.356
0.359
0.362
0.353
0.372
0.363
0.37
0.356
0.376
0.38
0.378
0.378
0.393
0.39
0.382
0.389
0.396
0.392
0.395
0.398
0.404
0.408
0.405
0.4
0.405
0.403
0.412
0.416
0.417
0.417
0.427
0.436
0.429
0.431
0.441
0.438
0.442
0.439
0.442
0.432
0.427
0.432
0.435
0.441
0.44
0.443
0.438
0.451
0.443
0.446
0.453
0.456
0.444
0.454
0.448
0.447
0.449
0.452
0.442
0.451
0.444
0.449
0.459
0.462
0.457
0.46
0.454
0.457
0.452
0.457
0.455
0.465
0.454
0.46
0.464
0.46
0.461
0.485
0.469
0.469
0.472
0.462
0.468
0.46
0.46
0.471
0.472
0.475
0.468
0.469
0.477
0.483
0.478
0.479
0.489
0.483
0.482
0.479
0.488
0.491
0.488
0.488
0.49
0.487
0.487
0.487
0.489
0.498
0.496
0.503
0.505
0.509
0.503
0.502
0.501
0.495
0.497
0.491
0.487
0.482
0.486
0.49
0.489
0.495
0.499
0.497
0.501
0.51
0.501
0.507
0.508
0.508
0.5
0.492
0.481
0.495
0.507
0.504
0.506
0.502
0.501
0.496
0.502
0.493
0.488
0.492
0.504
0.504
0.514
0.511
0.511
0.516
0.512
0.5
0.509
0.506
0.495
0.497
0.514
0.514
0.513
0.511
0.501
0.511
0.515
0.504
0.502
0.498
0.5
0.492
0.486
0.49
0.493
0.489
0.497
0.499
0.511
0.541
0.541
0.536
0.524
0.514
0.523
0.518
0.518
0.513
0.507
0.505
0.503
0.513
0.517
0.518
0.51
0.518
0.522
0.516
0.523
0.517
0.52
0.521
0.511
0.508
0.52
0.51
0.518
0.522
0.52
0.524
0.521
0.528
0.521
0.522
0.51
0.518
0.511
0.506
0.5
0.518
0.516
0.512
0.521
0.531
0.541
0.539
0.535
0.543
0.543
0.533
0.536
0.534
0.529
0.529
0.523
0.522
0.516
0.517
0.517
0.52
0.531
0.538
0.546
0.547
0.541
0.541
0.531
0.536
0.537
0.537
0.519
0.527
0.521
0.513
0.508
0.501
0.523
0.53
0.525
0.521
0.517
0.516
0.521
0.521
0.511
0.502
0.498
0.508
0.501
0.511
0.514
0.515
0.552
0.554
0.548
0.551
0.547
0.548
0.54
0.548
0.54
0.532
0.524
0.524
0.516
0.519
0.51
0.519
0.51
0.51
0.521
0.517
0.524
0.524
0.519
0.517
0.518
0.511
0.504
0.512
0.512
0.515
0.517
0.529
0.529
0.531
0.535
0.531
0.534
0.533
0.532
0.52
0.516
0.514
0.51
0.517
0.507
0.511
0.518
0.529
0.537
0.543
0.547
0.557
0.555
0.547
0.559
0.546
0.548
0.539
0.536
0.538
0.525
0.527
0.528
0.531
0.52
0.522
0.525
0.525
0.544
0.551
0.523
0.524
0.522
0.515
0.513
0.523
0.525
0.531
0.526
0.533
0.537
0.541
0.55
0.534
0.521
0.52
0.519
0.522
0.511
0.517
0.514
0.513
0.521
0.517
0.521
0.519
0.517
0.515
0.506
0.508
0.502
0.511
0.504
0.507
0.51
0.519
0.519
0.513
0.525
0.521
0.522
0.522
0.512
0.514
0.51
0.509
0.517
0.508
0.505
0.515
0.527
0.53
0.521
0.513
0.524
0.521
0.525
0.491
0.394
0.403
0.393
0.39
0.387
0.386
0.39
0.381
0.388
0.383
0.383
0.384
0.378
0.384
0.385
0.385
0.39
0.388
0.393
0.393
0.387
0.396
0.387
0.386
0.389
0.393
0.389
0.39
0.383
0.388
0.389
0.391
0.395
0.396
0.396
0.395
0.401
0.4
0.404
0.412
0.403
0.412
0.408
0.41
0.414
0.412
0.417
0.419
0.421
0.419
0.418
0.427
0.424
0.43
0.429
0.431
0.438
0.428
0.436
0.431
0.432
0.428
0.432
0.439
0.438
0.44
0.438
0.443
0.449
0.444
0.44
0.447
0.447
0.444
0.445
0.449
0.449
0.456
0.455
0.458
0.46
0.453
0.46
0.457
0.442
0.357
0.356
0.356
0.361
0.357
0.357
0.36
0.362
0.367
0.36
0.367
0.361
0.36
0.364
0.369
0.363
0.369
0.364
0.365
0.374
0.373
0.373
0.378
0.379
0.371
0.388
0.389
0.391
0.384
0.392
0.385
0.391
0.386
0.393
0.364
0.368
0.37
0.355
0.348
0.353
0.353
0.348
0.343
0.349
0.347
0.347
0.351
0.354
0.357
0.354
0.358
0.352
0.359
0.357
0.353
0.36
0.352
0.347
0.349
0.355
0.359
0.363
0.354
0.361
0.359
0.353
0.359
0.363
0.357
0.362
0.359
0.353
0.357
0.365
0.363
0.354
0.361
0.364
0.366
0.365
0.356
0.363
0.355
0.372
0.368
0.364
0.368
0.376
0.376
0.368
0.376
0.37
0.379
0.374
0.383
0.376
0.378
0.38
0.386
0.383
0.386
0.378
0.384
0.383
0.388
0.393
0.393
0.392
0.396
0.394
0.394
0.401
0.396
0.392
0.398
0.404
0.404
0.401
0.409
0.4
0.406
0.399
0.413
0.421
0.413
0.42
0.424
0.415
0.421
0.427
0.423
0.433
0.423
0.425
0.419
0.423
0.422
0.423
0.417
0.419
0.434
0.427
0.429
0.432
0.435
0.429
0.422
0.401
0.404
0.395
0.388
0.385
0.387
0.359
0.357
0.353
0.345
0.354
0.348
0.351
0.354
0.348
0.345
0.347
0.347
0.346
0.351
0.354
0.368
0.361
0.36
0.364
0.358
0.362
0.367
0.377
0.394
0.4
0.409
0.406
0.401
0.404
0.404
0.407
0.411
0.41
0.403
0.409
0.404
0.405
0.402
0.411
0.413
0.409
0.412
0.402
0.417
0.427
0.389
0.386
0.382
0.359
0.356
0.346
0.349
0.341
0.338
0.346
0.343
0.352
0.348
0.346
0.349
0.348
0.355
0.353
0.357
0.355
0.354
0.357
0.357
0.35
0.354
0.356
0.361
0.361
0.354
0.359
0.367
0.36
0.368
0.363
0.358
0.366
0.359
0.695
0.699
0.695
0.35
0.347
0.351
0.344
0.354
0.348
0.351
0.349
0.351
0.351
0.355
0.359
0.354
0.349
0.354
0.351
0.355
0.349
0.358
0.356
0.362
0.353
0.366
0.361
0.361
0.367
0.364
0.364
0.357
0.363
0.37
0.361
0.366
0.37
0.362
0.366
0.372
0.367
0.367
0.374
0.372
0.366
0.372
0.38
0.372
0.381
0.373
0.382
0.381
0.379
0.379
0.385
0.376
0.382
0.389
0.38
0.384
0.391
0.383
0.385
0.384
0.386
0.388
0.394
0.396
0.387
0.394
0.393
0.4
0.398
0.395
0.404
0.398
0.406
0.404
0.399
0.403
0.403
0.41
0.417
0.418
0.42
0.415
0.411
0.413
0.414
0.408
0.405
0.415
0.416
0.42
0.41
0.417
0.425
0.423
0.433
0.43
0.435
0.429
0.422
0.424
0.425
0.427
0.422
0.426
0.422
0.441
0.437
0.437
0.434
0.449
0.44
0.445
0.435
0.437
0.435
0.43
0.438
0.452
0.445
0.443
0.445
0.453
0.455
0.45
0.449
0.444
0.453
0.457
0.452
0.456
0.459
0.459
0.466
0.463
0.463
0.466
0.461
0.462
0.463
0.463
0.463
0.468
0.467
0.462
0.455
0.466
0.473
0.471
0.469
0.462
0.472
0.469
0.467
0.464
0.473
0.474
0.472
0.478
0.483
0.479
0.474
0.481
0.474
0.485
0.479
0.486
0.479
0.48
0.478
0.473
0.469
0.477
0.47
0.465
0.47
0.481
0.481
0.474
0.472
0.6
0.544
0.52
0.525
0.511
0.503
0.503
0.494
0.489
0.486
0.49
0.479
0.519
0.527
0.519
0.51
0.513
0.522
0.525
0.523
0.517
0.513
0.525
0.521
0.514
0.521
0.51
0.515
0.511
0.51
0.514
0.504
0.503
0.501
0.502
0.495
0.492
0.489
0.482
0.483
0.483
0.486
0.488
0.487
0.49
0.482
0.482
0.48
0.482
0.481
0.48
0.48
0.483
