0.578
0.569
0.555
0.535
0.472
0.34
0.356
0.359
0.353
0.352
0.351
0.351
0.347
0.332
0.357
0.341
0.347
0.359
0.352
0.346
0.346
0.352
0.355
0.348
0.349
0.353
0.349
0.355
0.355
0.347
0.355
0.354
0.351
0.359
0.36
0.341
0.358
0.35
0.358
0.348
0.355
0.356
0.363
0.339
0.342
0.697
0.404
0.408
0.417
0.422
0.406
0.407
0.403
0.409
0.418
0.404
0.398
0.402
0.393
0.399
0.404
0.402
0.404
0.407
0.401
0.392
0.385
0.385
0.376
0.386
0.377
0.4
0.4
0.397
0.663
0.667
0.672
0.674
0.667
0.654
0.651
0.647
0.655
0.666
0.67
0.677
0.684
0.674
0.658
0.644
0.63
0.616
0.619
0.623
0.679
0.688
0.676
0.678
0.68
0.68
0.68
0.668
