0.534
0.528
0.529
0.435
0.419
0.411
0.424
0.433
0.427
0.445
0.451
0.446
0.443
0.454
0.454
0.458
0.469
0.474
0.473
0.479
0.469
0.478
0.479
0.482
0.473
0.475
0.48
0.495
0.494
0.501
0.508
0.499
0.509
0.506
0.506
0.512
0.521
0.531
0.52
0.511
0.521
0.53
0.53
0.533
0.537
0.547
0.542
0.548
0.54
0.548
0.559
0.525
0.528
0.535
0.533
0.546
0.557
0.564
0.573
0.565
0.56
0.556
0.564
0.555
0.554
0.565
0.552
0.554
0.556
0.569
0.566
0.56
0.565
0.572
0.566
0.577
0.568
0.564
0.576
0.576
0.577
0.583
0.584
0.586
0.583
0.596
0.587
0.599
0.59
0.589
0.593
0.599
0.601
0.6
0.606
0.62
0.621
0.624
0.612
0.608
0.604
0.601
0.603
0.6
0.601
0.609
0.618
0.612
0.612
0.599
0.611
0.596
0.597
0.6
0.592
0.604
0.591
0.603
0.594
0.604
0.596
0.594
0.599
0.601
0.606
0.594
0.599
0.599
0.595
0.589
0.609
0.624
0.619
0.624
0.62
0.628
0.625
0.613
0.615
0.619
0.623
0.635
0.634
0.622
0.626
0.626
0.624
0.628
0.617
0.62
0.609
0.602
0.61
0.597
0.607
0.6
0.596
0.593
0.62
0.596
0.605
0.609
0.608
0.614
0.602
0.605
0.596
0.605
0.607
0.607
0.612
0.607
0.622
0.615
0.624
0.628
0.63
0.622
0.612
0.624
0.636
0.621
0.614
0.621
0.607
0.616
0.606
0.612
0.643
0.634
0.639
0.633
0.623
0.633
0.627
0.639
0.628
0.635
0.635
0.639
0.649
0.647
0.633
0.637
0.629
0.62
0.61
0.609
0.604
0.611
0.607
0.62
0.62
0.635
0.641
0.642
0.656
0.659
0.656
0.652
0.646
0.636
0.636
0.629
0.623
0.624
0.616
0.64
0.651
0.642
0.644
0.636
0.626
0.629
0.62
0.611
0.61
0.604
0.61
0.606
0.618
0.617
0.625
0.626
0.635
0.636
0.645
0.634
0.631
0.619
0.609
0.606
0.598
0.607
0.604
0.612
0.646
0.657
0.661
0.655
0.646
0.643
0.634
0.631
0.619
0.62
0.609
0.61
0.604
0.615
0.615
0.622
0.612
0.43
0.44
0.435
0.428
0.429
0.472
0.461
0.46
0.465
0.463
0.471
0.464
0.47
0.48
0.473
0.469
0.479
0.476
0.488
0.483
0.498
0.499
0.502
0.505
0.515
0.506
0.508
0.506
0.514
0.505
0.515
0.506
0.507
0.507
0.514
0.548
0.537
0.543
0.537
0.542
0.533
0.532
0.532
0.532
0.525
0.53
0.526
0.532
0.533
0.546
0.54
0.537
0.539
0.55
0.543
0.542
0.537
0.539
0.538
0.542
0.554
0.556
0.568
0.563
0.57
0.579
0.552
0.557
0.551
0.559
0.546
0.551
0.556
0.548
0.553
0.546
0.571
0.565
0.572
0.56
0.563
0.553
0.576
0.566
0.579
0.565
0.559
0.567
0.576
0.562
0.568
0.573
0.577
0.571
0.584
0.583
0.583
0.58
0.584
0.57
0.576
0.568
0.571
0.57
0.561
0.566
0.57
0.563
0.555
0.57
0.562
0.564
0.57
0.566
0.57
0.58
0.574
0.577
0.591
0.578
0.591
0.585
0.587
0.581
0.587
0.573
0.575
0.567
0.58
0.568
0.568
0.575
0.572
0.583
0.577
0.58
0.589
0.592
0.58
0.593
0.59
0.576
0.577
0.569
0.568
0.581
0.575
0.581
0.588
0.597
0.594
0.606
0.592
0.594
0.585
0.587
0.591
0.579
0.579
0.584
0.59
0.594
0.59
0.588
0.585
0.585
0.582
0.577
0.581
0.576
0.585
0.581
0.58
0.58
0.579
0.569
0.575
0.568
0.576
0.581
0.574
0.583
0.593
0.582
0.59
0.578
0.583
0.577
0.567
0.572
0.57
0.564
0.56
0.559
0.548
0.546
0.546
0.564
0.57
0.58
0.588
0.588
0.597
0.592
0.594
0.592
0.592
0.599
0.6
0.6
0.626
0.627
0.615
0.613
0.613
0.605
0.612
0.602
0.601
0.597
0.603
0.6
0.602
0.617
0.624
0.622
0.63
0.623
0.63
0.635
0.628
0.614
0.612
0.602
0.599
0.6
0.587
0.594
0.588
0.599
0.608
0.606
0.618
0.627
0.636
0.622
0.623
0.613
0.604
0.609
0.614
0.615
0.621
0.613
0.628
0.628
0.623
0.631
0.617
0.609
0.612
0.613
0.604
0.616
0.625
0.612
0.615
0.604
0.593
0.583
0.582
0.595
0.581
0.59
0.599
0.603
0.616
0.614
0.604
0.613
0.618
0.621
0.616
0.614
0.557
0.401
0.421
0.424
0.428
0.437
0.436
0.442
0.45
0.444
0.449
0.455
0.451
0.452
0.453
0.461
0.455
0.461
0.463
0.473
0.474
0.467
0.486
0.483
0.493
0.482
0.489
0.495
0.484
0.491
0.493
0.496
0.5
0.512
0.5
0.511
0.514
0.502
0.507
0.51
0.502
0.51
0.52
0.519
0.527
0.524
0.516
0.528
0.535
0.528
0.521
0.521
0.533
0.529
0.517
0.522
0.522
0.512
0.545
0.539
0.528
0.535
0.542
0.53
0.54
0.535
0.53
0.537
0.54
0.53
0.526
0.533
0.536
0.524
0.527
0.529
0.525
0.52
0.527
0.518
0.519
0.522
0.553
0.556
0.567
0.563
0.553
0.561
0.549
0.54
0.543
0.539
0.535
0.534
0.539
0.527
0.538
0.528
0.538
0.538
0.549
0.543
0.556
0.546
0.555
0.543
0.55
0.551
0.539
0.546
0.548
0.554
0.544
0.544
0.544
0.546
0.535
0.536
0.543
0.541
0.545
0.553
0.545
0.549
0.54
0.551
0.543
0.546
0.549
0.553
0.553
0.558
0.551
0.543
0.548
0.559
0.558
0.563
0.558
0.563
0.556
0.555
0.556
0.555
0.56
0.569
0.569
0.563
0.57
0.564
0.566
0.568
0.565
0.555
0.557
0.561
0.565
0.559
0.562
0.556
0.569
0.555
0.566
0.553
0.554
0.548
0.548
0.549
0.549
0.551
0.575
0.574
0.575
0.564
0.571
0.578
0.575
0.58
0.569
0.583
0.575
0.563
0.556
0.564
0.553
0.552
0.564
0.564
0.574
0.58
0.562
0.563
0.555
0.561
0.548
0.55
0.558
0.548
0.555
0.552
0.558
0.563
0.568
0.572
0.58
0.577
0.576
0.564
0.566
0.563
0.571
0.545
0.554
0.551
0.555
0.549
0.547
0.549
0.543
0.555
0.596
0.584
0.593
0.581
0.571
0.576
0.566
0.56
0.563
0.565
0.559
0.564
0.558
0.555
0.552
0.561
0.552
0.56
0.559
0.568
0.575
0.572
0.574
0.577
0.576
0.568
0.565
0.558
0.551
0.545
0.547
0.535
0.543
0.534
0.523
0.534
0.541
0.552
0.553
0.562
0.569
0.577
0.578
0.573
0.59
0.6
0.599
0.595
0.592
0.596
0.582
0.571
0.579
0.587
0.6
0.413
0.423
0.433
0.441
