0.582
0.575
0.551
0.549
0.523
0.529
0.526
0.521
0.527
0.523
0.53
0.518
0.509
0.518
0.512
0.509
0.5
0.512
0.497
0.497
0.496
0.482
0.471
0.461
0.452
0.454
0.465
0.455
0.459
0.45
0.449
0.442
0.438
0.438
0.438
0.43
0.44
0.43
0.429
0.432
0.428
0.434
0.43
0.432
0.436
0.438
0.429
0.421
0.429
0.431
0.438
0.43
0.428
0.435
0.426
0.421
0.417
0.425
0.419
0.422
0.419
0.424
0.43
0.423
0.419
0.421
0.426
0.429
0.421
0.425
0.421
0.427
0.43
0.43
0.423
0.417
0.428
0.424
0.43
0.424
0.431
0.421
0.429
0.429
0.432
0.423
0.428
0.433
0.432
0.426
0.43
0.421
0.426
0.432
0.43
0.421
0.424
0.419
0.424
0.417
0.415
0.418
0.42
0.428
0.425
0.43
0.425
0.418
0.425
0.416
0.417
0.424
0.424
0.423
0.414
0.424
0.428
0.419
0.419
0.41
0.42
0.425
0.422
0.423
0.421
0.415
0.419
0.42
0.416
0.418
0.422
0.421
0.415
0.409
0.417
0.418
0.41
0.41
0.42
0.428
0.421
0.42
0.423
0.422
0.416
0.433
0.425
0.425
0.422
0.427
0.422
0.424
0.415
0.424
0.426
0.417
0.434
0.431
0.433
0.423
0.431
0.424
0.429
0.42
0.429
0.422
0.431
0.434
0.43
0.424
0.423
0.429
0.428
0.424
0.433
0.423
0.426
0.421
0.422
0.43
0.428
0.433
0.426
0.417
0.424
0.43
0.428
0.432
0.428
0.419
0.423
0.424
0.416
0.426
0.422
0.432
0.433
0.416
0.419
0.419
0.423
0.428
0.422
0.42
0.429
0.425
0.416
0.428
0.425
0.435
0.425
0.426
0.431
0.425
0.415
0.425
0.417
0.427
0.418
0.424
0.42
0.413
0.421
0.429
0.426
0.431
0.421
0.425
0.426
0.417
0.411
0.418
0.412
0.42
0.421
0.416
0.419
0.41
0.42
0.425
0.43
0.425
0.422
0.42
0.43
0.426
0.416
0.43
0.422
0.412
0.416
0.426
0.418
0.422
0.429
0.426
0.429
0.428
0.425
0.424
0.434
0.417
0.418
0.423
0.419
0.409
0.417
0.433
0.429
0.423
0.428
0.428
0.43
0.427
0.425
0.427
0.42
0.418
0.418
0.421
0.414
0.421
0.411
0.413
0.417
0.417
0.407
0.414
0.41
0.417
0.419
0.417
0.418
0.413
0.423
0.415
0.408
0.413
0.403
0.41
0.416
0.42
0.414
0.412
0.412
0.417
0.407
0.408
0.411
0.406
0.413
0.416
0.407
0.414
0.412
0.409
0.404
0.409
0.409
0.408
0.414
0.404
0.412
0.409
0.399
0.401
0.411
0.407
0.414
0.41
0.418
0.409
0.405
0.411
0.407
0.403
0.407
0.404
0.407
0.413
0.409
0.409
0.399
0.416
0.415
0.416
0.409
0.415
0.409
0.403
0.41
0.407
0.414
0.408
0.409
0.399
0.406
0.404
0.4
0.407
0.408
0.4
0.409
0.411
0.407
0.41
0.405
0.411
0.404
0.4
0.401
0.406
0.4
0.403
0.402
0.409
0.405
0.407
0.403
0.401
0.403
0.4
0.405
0.414
0.411
0.411
0.418
0.408
0.409
0.413
0.411
0.417
0.412
0.412
0.411
0.402
0.406
0.396
0.408
0.409
0.399
0.403
0.412
0.408
0.406
0.408
0.409
0.401
0.408
0.409
0.414
0.404
0.41
0.41
0.408
0.402
0.399
0.406
0.408
0.4
0.422
0.407
0.417
0.412
0.41
0.407
0.406
0.415
0.407
0.411
0.405
0.406
0.41
0.391
0.396
0.4
0.403
0.396
0.402
0.392
0.398
0.403
0.41
0.404
0.396
0.402
0.399
0.401
0.411
0.405
0.399
0.404
0.411
0.404
0.399
0.405
0.404
0.398
0.404
0.395
0.404
0.397
0.404
0.404
0.402
0.397
0.404
0.399
0.399
0.396
0.41
0.419
0.411
0.403
0.404
0.406
0.4
0.418
0.4
0.409
0.414
0.404
0.404
0.412
0.407
0.416
0.42
0.422
0.403
0.399
0.404
0.405
0.4
0.396
0.405
0.404
0.397
0.393
0.402
0.406
0.399
0.404
0.414
0.413
0.405
0.411
0.415
0.407
0.413
0.41
0.405
0.402
0.405
0.404
0.41
0.417
0.413
0.422
0.409
0.415
0.41
0.418
0.421
0.412
0.404
0.401
0.398
0.405
0.409
0.4
0.404
0.407
0.399
0.406
0.404
0.405
0.399
0.403
0.408
0.406
0.406
0.401
0.403
0.404
0.395
0.404
0.402
0.4
0.403
0.405
0.4
0.396
0.4
0.409
0.408
0.399
0.403
0.393
0.398
0.403
0.406
0.398
0.4
0.402
0.403
0.404
0.394
0.396
0.404
0.406
0.411
0.401
0.404
0.41
0.4
0.391
0.396
0.392
0.383
0.392
0.392
0.387
0.382
0.391
0.386
0.39
0.385
0.385
0.38
0.379
0.378
0.379
0.377
0.382
0.381
0.374
0.38
0.375
0.384
0.376
0.391
0.384
0.378
0.381
0.376
0.384
0.391
0.385
0.391
0.38
0.381
0.383
0.376
0.375
0.379
0.383
0.378
0.382
0.384
0.372
0.37
0.378
0.371
0.376
0.368
0.372
0.366
0.369
0.368
0.372
0.379
0.363
0.37
0.363
0.371
0.369
0.367
0.366
0.368
0.364
0.364
0.372
0.365
0.368
0.362
0.366
0.372
0.368
0.375
0.367
0.37
0.367
0.37
0.367
0.359
0.365
0.358
0.365
0.359
0.364
0.357
0.365
0.356
0.359
0.358
0.361
0.367
0.362
0.365
0.365
0.368
0.361
0.369
0.362
0.362
0.352
0.356
0.351
0.354
0.349
0.364
0.356
0.363
0.359
0.359
0.36
0.359
0.363
0.365
0.367
0.362
0.369
0.377
0.367
0.373
0.353
0.355
0.36
0.35
0.356
0.348
0.359
0.354
0.357
0.36
0.355
0.36
0.352
0.353
0.348
0.353
0.351
0.353
0.35
0.355
0.353
0.355
0.351
0.353
0.359
0.352
0.356
0.355
0.35
0.349
0.356
0.349
0.349
0.351
0.351
0.353
0.353
0.358
0.354
0.348
0.357
0.359
0.353
0.35
0.347
0.353
0.348
0.353
0.347
0.354
0.349
0.351
0.347
0.354
0.347
0.352
0.694
0.696
0.695
0.696
0.698
0.695
0.697
0.696
0.694
0.691
0.696
0.693
0.695
0.693
0.691
0.694
0.694
0.697
0.693
0.694
0.693
0.693
0.697
0.347
0.351
0.35
0.345
0.35
0.348
0.352
0.35
0.347
0.354
0.354
0.348
0.354
0.355
0.349
0.353
0.359
0.354
0.356
0.354
0.348
0.353
0.35
0.351
0.352
0.349
0.353
0.696
0.355
0.35
0.348
0.345
0.348
0.351
0.347
0.354
0.699
0.688
0.352
0.349
0.352
0.699
0.353
0.351
0.356
0.348
0.698
0.694
0.694
0.695
0.693
0.692
0.694
0.693
0.696
0.693
0.696
0.689
0.686
0.691
0.691
0.693
0.689
0.69
0.691
0.688
0.692
0.687
0.689
0.688
0.689
0.687
0.346
0.347
0.342
0.347
0.351
0.341
0.346
0.345
0.35
0.345
0.338
0.342
0.69
0.347
0.353
0.35
0.354
0.349
0.353
0.349
0.354
0.349
0.35
0.357
0.354
0.349
0.354
0.695
0.351
0.688
0.69
0.691
0.69
0.691
0.688
0.687
0.687
0.688
0.686
0.685
0.684
0.685
0.68
0.687
0.345
0.343
0.344
0.343
0.343
0.339
0.344
0.339
0.345
0.342
0.344
0.337
0.34
0.343
0.345
0.345
0.339
0.342
0.35
0.344
0.349
0.345
0.349
0.345
0.35
0.692
0.346
0.348
0.349
0.353
0.349
0.351
0.346
0.354
0.346
0.354
0.349
0.344
0.356
0.351
0.353
0.353
0.36
0.352
0.354
0.362
0.368
0.361
0.366
0.36
0.368
0.362
0.366
0.363
0.358
0.361
0.364
0.355
0.356
0.364
0.365
0.361
0.363
0.358
0.36
0.354
0.36
0.361
0.356
0.373
0.37
0.37
0.37
0.37
0.369
0.368
0.377
0.374
0.367
0.375
0.369
0.377
0.37
0.376
0.382
0.38
0.377
0.374
0.377
0.383
0.38
0.389
0.38
0.389
0.386
0.377
0.381
0.387
0.388
0.383
0.388
0.392
0.392
0.393
0.388
0.396
0.396
0.395
0.393
0.398
0.389
0.394
0.394
0.395
0.393
0.396
0.392
0.395
0.4
0.393
0.4
0.391
