0.565
0.573
0.53
0.52
0.532
0.523
0.519
0.487
0.49
0.48
0.471
0.472
0.475
0.483
0.472
0.463
0.457
0.453
0.45
0.45
0.455
0.448
0.452
0.445
0.451
0.457
0.453
0.448
0.457
0.454
0.444
0.448
0.445
0.437
0.437
0.438
0.439
0.444
0.445
0.434
0.436
0.441
0.438
0.433
0.432
0.424
0.436
0.438
0.433
0.438
0.44
0.437
0.429
0.419
0.421
0.43
0.425
0.432
0.441
0.431
0.433
0.431
0.429
0.433
0.428
0.421
0.429
0.436
0.431
0.426
0.417
0.422
0.431
0.438
0.426
0.429
0.435
0.422
0.42
0.422
0.417
0.431
0.425
0.427
0.426
0.425
0.419
0.424
0.43
0.421
0.429
0.425
0.426
0.422
0.416
0.426
0.422
0.432
0.422
0.425
0.421
0.422
0.422
0.42
0.415
0.425
0.423
0.421
0.421
0.426
0.424
0.414
0.417
0.428
0.435
0.443
0.427
0.433
0.437
0.43
0.433
0.426
0.424
0.43
0.432
0.434
0.424
0.421
0.431
0.428
0.431
0.428
0.431
0.426
0.419
0.417
0.426
0.428
0.436
0.428
0.435
0.428
0.434
0.425
0.416
0.42
0.41
0.413
0.42
0.41
0.416
0.42
0.426
0.417
0.419
0.41
0.421
0.416
0.42
0.426
0.421
0.421
0.419
0.428
0.429
0.423
0.422
0.425
0.427
0.419
0.427
0.422
0.434
0.426
0.43
0.42
0.436
0.434
0.431
0.426
0.424
0.421
0.43
0.422
0.416
0.423
0.415
0.406
0.415
0.415
0.433
0.423
0.416
0.427
0.434
0.424
0.425
0.424
0.423
0.432
0.431
0.422
0.413
0.432
0.424
0.429
0.419
0.412
0.418
0.424
0.408
0.416
0.409
0.414
0.407
0.41
0.412
0.411
0.42
0.417
0.408
0.414
0.409
0.401
0.41
0.406
0.415
0.42
0.411
0.411
0.408
0.418
0.422
0.419
0.424
0.414
0.414
0.424
0.412
0.41
0.417
0.403
0.41
0.41
0.404
0.4
0.398
0.398
0.399
0.402
0.398
0.389
0.394
0.397
0.404
0.396
0.401
0.395
0.399
0.402
0.396
0.396
0.401
0.399
0.402
0.396
0.402
0.408
0.405
0.396
0.39
0.406
0.401
0.404
0.411
0.401
0.4
0.396
0.399
0.402
0.395
0.403
0.396
0.393
0.401
0.403
0.401
0.408
0.396
0.405
0.402
0.407
0.406
0.402
0.403
0.411
0.409
0.416
0.407
0.414
0.407
0.399
0.406
0.415
0.408
0.409
0.4
0.404
0.394
0.405
0.408
0.403
0.401
0.41
0.42
0.408
0.402
0.405
0.413
0.411
0.409
0.407
0.406
0.4
0.406
0.41
0.401
0.406
0.408
0.408
0.411
0.402
0.41
0.417
0.411
0.413
0.423
0.415
0.422
0.413
0.422
0.429
0.414
0.413
0.404
0.422
0.416
0.41
0.412
0.41
0.412
0.418
0.419
0.411
0.411
0.406
0.415
0.414
0.408
0.411
0.413
0.408
0.41
0.41
0.416
0.41
0.408
0.418
0.423
0.418
0.414
0.421
0.423
0.416
0.415
0.405
0.415
0.408
0.414
0.414
0.407
0.411
0.405
0.415
0.421
0.419
0.415
0.411
0.409
0.414
0.419
0.419
0.422
0.414
0.417
0.412
0.403
0.408
0.399
0.409
0.404
0.407
0.411
0.417
0.424
0.414
0.406
0.414
0.423
0.421
0.418
0.415
0.408
0.411
0.409
0.415
0.413
0.404
0.415
0.413
0.422
0.42
0.416
0.414
0.422
0.412
0.409
0.412
0.403
0.411
0.41
0.404
0.409
0.403
0.411
0.409
0.426
0.417
0.418
0.414
0.424
0.418
0.42
0.411
0.418
0.412
0.414
0.419
0.414
0.418
0.414
0.414
0.411
0.407
0.414
0.416
0.407
0.414
0.418
0.426
0.409
0.408
0.412
0.415
0.412
0.405
0.408
0.411
0.402
0.409
0.415
0.419
0.407
0.403
0.41
0.404
0.412
0.408
0.398
0.396
0.401
0.399
0.405
0.413
0.404
0.405
0.409
0.409
0.411
0.414
0.42
0.419
0.414
0.417
0.41
0.421
0.426
0.421
0.427
0.426
0.428
0.432
0.427
0.43
0.437
0.437
0.435
0.438
