0.665
0.626
0.623
0.612
0.614
0.588
0.586
0.582
0.584
0.56
0.53
0.537
0.525
0.538
0.515
0.514
0.521
0.516
0.521
0.492
0.494
0.478
0.479
0.477
0.468
0.461
0.46
0.46
0.457
0.446
0.454
0.448
0.453
0.454
0.451
0.444
0.455
0.444
0.453
0.457
0.447
0.449
0.441
0.442
0.453
0.447
0.445
0.452
0.448
0.438
0.445
0.443
0.436
0.447
0.436
0.446
0.452
0.453
0.448
0.44
0.455
0.447
0.439
0.449
0.438
0.454
0.447
0.452
0.441
0.445
0.452
0.444
0.455
0.438
0.444
0.453
0.448
0.446
0.438
0.449
0.44
0.45
0.443
0.449
0.456
0.446
0.446
0.444
0.448
0.446
0.437
0.458
0.436
0.436
0.454
0.446
0.448
0.443
0.45
0.453
0.443
0.445
0.454
0.449
0.454
0.458
0.45
0.446
0.45
0.452
0.462
0.452
0.463
0.458
0.468
0.457
0.466
0.462
0.444
0.453
0.464
0.467
0.464
0.458
0.448
0.449
0.445
0.455
0.463
0.466
0.463
0.458
0.453
0.457
0.452
0.458
0.451
0.457
0.453
0.458
0.464
0.455
0.459
0.47
0.464
0.458
0.465
0.467
0.446
0.451
0.458
0.449
0.448
0.446
0.449
0.438
0.438
0.446
0.448
0.451
0.458
0.451
0.446
0.452
0.453
0.46
0.451
0.45
0.456
0.448
0.456
0.448
0.456
0.463
0.453
0.444
0.454
0.449
0.442
0.448
0.457
0.456
0.432
0.442
0.439
0.439
0.456
0.447
0.453
0.451
0.443
0.442
0.449
0.447
0.439
0.44
0.448
0.441
0.431
0.439
0.448
0.456
0.454
0.439
0.445
0.448
0.452
0.444
0.439
0.437
0.438
0.447
0.438
0.438
0.443
0.45
0.44
0.435
0.45
0.438
0.441
0.439
0.437
0.435
0.426
0.437
0.427
0.431
0.425
0.422
0.431
0.426
0.429
0.437
0.437
0.446
0.445
0.44
0.445
0.442
0.433
0.438
0.44
0.43
0.438
0.445
0.436
0.44
0.441
0.449
0.46
0.471
0.464
0.468
0.452
0.453
0.455
0.452
0.442
0.445
0.438
0.443
0.435
0.438
0.43
0.455
0.465
0.445
0.445
0.451
0.459
0.442
0.435
0.445
0.452
0.427
0.432
0.433
0.427
0.437
0.437
0.442
0.441
0.451
0.431
0.431
0.431
0.438
0.442
0.441
0.437
0.426
0.42
0.437
0.433
0.426
0.437
0.444
0.435
0.436
0.427
0.426
0.433
0.43
0.438
0.43
0.434
0.432
0.439
0.448
0.44
0.435
0.437
0.444
0.443
0.447
0.448
0.445
0.441
0.442
0.431
0.44
0.437
0.428
0.443
0.441
0.446
0.454
0.448
0.456
0.437
0.456
0.45
0.446
0.439
0.46
0.47
0.461
0.46
0.463
0.455
0.461
0.454
0.461
0.45
0.44
0.442
0.451
0.447
0.448
0.448
0.455
0.456
0.464
0.453
0.462
0.462
0.445
0.443
0.454
0.454
0.454
0.453
0.447
0.436
0.456
0.452
0.444
0.454
0.45
0.439
0.449
0.452
0.441
0.441
0.444
0.443
0.447
0.448
0.44
0.449
0.455
0.447
0.438
0.448
0.438
0.438
0.443
0.449
0.458
0.443
0.432
0.45
0.453
0.446
0.438
0.432
0.442
0.433
0.433
0.435
0.439
0.442
0.447
0.438
0.443
0.444
0.442
0.453
0.446
0.438
0.445
0.455
0.446
0.452
0.438
0.428
0.428
0.439
0.434
0.43
0.44
0.443
0.436
0.446
0.442
0.443
0.438
0.432
0.441
0.435
0.434
0.424
0.436
0.429
0.424
0.434
0.438
0.429
0.429
0.434
0.438
0.433
0.428
0.437
0.432
0.427
0.435
0.432
0.422
0.429
0.435
0.432
0.434
0.431
0.434
0.425
0.427
0.427
0.432
0.428
0.431
0.424
0.438
0.437
0.437
0.443
0.432
0.424
0.426
0.441
0.431
0.444
0.433
0.433
0.443
0.436
0.431
0.429
0.445
0.434
0.438
0.428
0.44
0.447
0.438
0.442
0.436
0.435
0.428
0.421
0.422
0.432
0.431
0.422
0.426
0.429
0.419
0.427
0.433
0.427
0.433
0.425
0.422
0.416
0.421
0.428
0.43
0.423
0.437
0.434
0.436
0.429
0.419
0.422
0.423
0.421
0.431
0.421
0.412
0.422
0.417
0.427
0.428
0.424
0.425
0.421
0.416
0.418
0.426
0.417
0.41
0.418
0.414
0.42
0.428
0.423
0.42
0.423
0.433
0.42
0.421
0.418
0.417
0.425
0.431
0.407
0.411
0.421
0.423
0.419
0.429
0.432
0.424
0.414
0.434
0.432
0.425
0.43
0.434
0.424
0.419
0.436
0.438
0.42
0.426
0.42
0.418
0.415
0.42
0.41
0.411
0.42
0.417
0.417
0.424
0.417
0.417
0.412
0.42
0.425
0.418
0.412
0.414
0.408
0.416
0.418
0.417
0.414
0.424
0.429
0.415
0.413
0.421
0.418
0.413
0.421
0.418
0.412
0.414
0.41
0.416
0.424
0.426
0.419
0.415
0.425
0.401
0.41
0.416
0.411
0.406
0.407
0.406
0.414
0.415
0.413
0.421
0.414
0.419
0.41
0.412
0.416
0.42
0.424
0.419
0.412
0.414
0.422
0.429
0.414
0.42
0.427
0.414
0.418
0.414
0.411
0.413
0.418
0.416
0.412
0.412
0.422
0.41
0.409
0.418
0.413
0.405
0.398
0.403
0.403
0.412
0.413
0.412
0.421
0.416
0.411
0.414
0.422
0.414
0.406
0.402
0.405
0.414
0.406
0.414
0.422
0.423
0.415
0.417
0.42
0.413
0.411
0.407
0.408
0.418
0.414
0.422
0.424
0.423
0.416
0.425
0.416
0.408
0.411
0.407
0.418
0.419
0.414
0.416
0.413
0.413
0.418
0.422
0.432
0.417
0.407
0.415
0.42
0.428
0.421
0.429
0.432
0.425
0.429
0.426
0.432
0.438
0.429
0.438
0.422
0.425
0.412
0.412
0.422
0.432
0.438
0.424
0.423
0.43
0.429
0.42
0.428
0.428
0.422
0.43
0.42
0.419
0.42
0.425
0.433
0.437
0.427
0.421
0.431
0.438
0.428
0.434
0.426
0.416
0.432
0.424
0.415
0.436
0.426
0.42
0.415
0.41
0.423
0.419
0.409
0.419
0.411
0.408
0.409
0.426
0.431
0.429
0.434
0.422
0.418
0.431
0.421
0.414
0.414
0.408
0.413
0.422
0.425
0.417
0.411
0.417
0.415
0.408
0.415
0.407
0.417
0.407
0.414
0.404
0.399
0.404
0.412
0.421
0.419
0.412
0.404
0.418
0.409
0.419
0.425
0.416
0.407
0.417
0.423
0.408
0.4
0.419
0.425
0.418
0.408
0.398
0.422
0.401
0.429
0.406
0.404
0.416
0.425
0.424
0.419
0.412
0.412
0.412
0.416
0.41
0.412
0.411
0.416
0.414
0.413
0.398
0.408
0.413
0.41
0.416
0.409
0.413
0.403
0.412
0.422
0.422
0.419
0.427
0.417
0.41
0.418
0.422
0.431
0.412
0.415
0.421
0.417
0.425
0.425
0.42
0.411
0.433
0.419
0.422
0.411
0.421
0.412
0.415
0.421
0.424
0.424
0.423
0.413
0.419
0.423
0.418
0.411
0.421
0.408
0.415
0.425
0.433
0.42
0.417
0.408
0.416
0.411
0.421
0.424
0.403
0.415
0.425
0.422
0.412
0.404
0.414
0.423
0.407
0.405
0.405
0.413
0.421
0.419
0.402
0.404
0.411
0.413
0.414
0.409
0.416
0.406
0.4
0.408
0.414
0.419
0.414
0.408
0.398
0.42
0.41
0.404
0.412
0.412
0.415
0.406
0.411
0.416
0.422
0.42
0.419
0.401
0.406
0.412
0.406
0.41
0.413
0.421
0.416
0.406
0.402
0.404
0.412
0.417
0.409
0.405
0.419
0.405
0.415
0.418
0.413
0.418
0.414
0.422
0.423
0.42
0.421
0.418
0.424
0.42
0.414
0.424
0.425
0.431
0.425
0.418
0.418
0.414
0.42
0.429
0.428
0.409
0.418
0.409
0.416
0.414
0.419
0.426
0.413
0.414
0.42
0.422
0.422
0.415
0.424
0.431
0.417
0.414
0.418
0.413
0.418
0.428
0.41
0.412
0.416
0.412
0.416
0.415
0.416
0.421
0.428
0.434
0.414
0.421
0.43
0.413
0.422
0.43
0.426
0.423
0.417
0.422
0.426
0.434
0.419
0.416
0.423
0.42
0.413
0.415
0.406
0.416
0.424
0.426
0.416
0.414
0.422
0.416
0.426
0.408
0.419
0.419
0.417
0.413
0.403
0.413
0.419
0.423
0.415
0.408
0.418
0.411
0.414
0.409
0.408
0.416
0.426
0.428
0.417
0.409
0.413
0.419
0.42
0.428
0.409
0.405
0.426
0.408
0.413
0.414
0.408
0.407
0.401
0.409
0.417
0.415
0.408
0.406
0.405
0.395
0.411
0.413
0.416
0.415
0.411
0.415
0.421
0.419
0.414
0.424
0.401
0.407
0.411
0.402
0.398
0.401
0.417
0.402
0.411
0.419
0.413
0.403
0.402
0.401
0.411
0.418
0.416
0.424
0.421
0.411
0.406
0.413
0.414
0.404
0.408
0.408
0.398
0.409
0.404
0.4
0.409
0.41
0.418
0.404
0.398
0.408
0.411
0.401
0.403
0.4
0.401
0.405
0.406
0.415
0.411
0.402
0.409
0.414
0.414
0.412
0.419
0.41
0.4
0.398
0.394
0.402
0.409
0.402
0.404
0.398
0.406
0.414
0.4
0.403
0.397
0.392
0.405
0.41
0.401
0.406
0.398
0.406
0.403
0.405
0.412
0.405
0.402
0.398
0.417
0.403
0.403
0.41
0.41
0.414
0.405
0.398
0.405
0.401
0.409
0.396
0.412
0.404
0.399
0.395
0.398
0.402
0.397
0.398
0.396
0.393
0.401
0.397
0.4
0.401
0.404
0.406
0.402
0.41
0.416
0.414
0.409
0.406
0.406
0.403
0.408
0.405
0.413
0.408
0.41
0.411
0.411
0.404
0.401
0.411
0.413
0.422
0.408
0.4
0.398
0.419
0.411
0.403
0.4
0.407
0.41
0.411
0.417
0.408
0.4
0.403
0.407
0.408
0.399
0.415
0.422
0.413
0.407
0.417
0.417
0.407
0.417
0.415
0.41
0.402
0.42
0.415
0.425
0.415
0.424
0.418
0.415
0.411
0.413
0.421
0.411
0.414
0.406
0.417
0.409
0.418
0.416
0.41
0.403
0.427
0.404
0.404
0.414
0.42
0.415
0.405
0.403
0.423
0.418
0.415
0.412
0.416
0.418
0.414
0.407
0.433
0.404
0.417
0.423
0.407
0.423
0.413
0.413
0.422
0.412
0.407
0.399
0.401
0.411
0.413
0.414
0.408
0.401
0.393
0.397
0.42
0.406
0.41
0.407
0.402
0.397
0.389
0.41
0.406
0.402
0.405
0.395
0.396
0.393
0.396
0.397
0.404
0.396
0.397
0.396
0.396
0.399
0.408
0.41
0.415
0.404
0.399
0.402
0.393
0.417
0.408
0.399
0.404
0.407
0.416
0.406
0.402
0.411
0.402
0.396
0.4
0.407
0.413
0.413
0.415
0.399
0.407
0.416
0.408
0.407
0.401
0.401
0.396
0.401
0.409
0.418
0.401
0.4
0.404
0.408
0.399
0.392
0.396
0.399
0.408
0.417
0.4
0.403
0.395
0.396
0.394
0.397
0.401
0.41
0.396
0.405
0.41
0.407
0.4
0.396
0.396
0.392
0.409
0.416
0.399
0.401
0.409
0.409
0.402
0.406
0.407
0.397
0.399
0.413
0.408
0.401
0.4
0.402
0.399
0.404
0.397
0.404
0.413
0.407
0.411
0.416
0.414
0.409
0.403
0.396
0.417
0.404
0.396
0.417
0.414
0.405
0.404
0.412
0.416
0.418
0.409
0.411
0.402
0.414
0.41
0.417
0.411
0.419
0.416
0.404
0.422
0.403
0.399
0.423
0.406
0.396
0.404
0.396
0.399
0.413
0.415
0.407
0.406
0.404
0.407
0.401
0.406
0.413
0.422
0.402
0.399
0.418
0.415
0.405
0.405
0.411
0.419
0.407
0.398
0.39
0.411
0.396
0.401
0.4
0.409
0.412
0.405
0.402
0.396
0.394
0.397
0.405
0.409
0.404
0.412
0.416
0.406
0.397
0.398
0.404
0.402
0.404
0.399
0.4
0.396
0.405
0.415
0.416
0.407
0.406
0.414
0.424
0.426
0.424
0.411
0.412
0.404
0.413
0.422
0.424
0.418
0.413
0.409
0.413
0.41
0.406
0.409
0.424
0.414
0.404
0.422
0.417
0.424
0.417
0.416
0.41
0.407
0.402
0.413
0.405
0.405
0.411
0.417
0.422
0.407
0.415
0.425
0.4
0.425
0.42
0.421
0.408
0.403
0.422
0.414
0.406
0.398
0.407
0.414
0.418
0.414
0.41
0.406
0.4
0.409
0.403
0.407
0.404
0.409
0.414
0.407
0.4
0.4
0.396
0.403
0.406
0.415
0.409
0.406
0.404
0.397
0.402
0.404
0.396
0.401
0.407
0.409
0.402
0.394
0.405
0.413
0.403
0.408
0.403
0.402
0.394
0.398
0.412
0.403
0.396
0.403
0.41
0.401
0.396
0.413
0.404
0.401
0.405
0.414
0.401
0.393
0.404
0.409
0.408
0.388
0.4
0.409
0.405
0.408
0.414
0.4
0.397
0.395
0.403
0.405
0.408
0.412
0.407
0.405
0.399
0.398
0.392
0.411
0.418
0.409
0.41
0.414
0.412
0.405
0.397
0.391
0.409
0.406
0.406
0.405
0.413
0.42
0.423
0.418
0.42
0.416
0.407
0.407
0.404
0.407
0.406
0.41
0.411
0.421
0.409
0.399
0.404
0.407
0.416
0.416
0.42
0.404
0.406
0.398
0.405
0.414
0.414
0.41
0.418
0.413
0.412
0.409
0.402
0.408
0.41
0.414
0.405
0.403
0.405
0.403
0.404
0.396
0.411
0.412
0.407
0.412
0.404
0.417
0.414
0.418
0.403
0.411
0.421
0.416
0.408
0.415
0.42
0.416
0.411
0.414
0.419
0.41
0.411
0.414
0.405
0.415
0.418
0.419
0.416
0.41
0.403
0.404
0.414
0.422
0.424
0.407
0.417
0.412
0.422
0.406
0.414
0.416
0.408
0.415
0.405
0.405
0.414
0.423
0.403
0.409
0.403
0.418
0.406
0.401
0.41
0.414
0.411
0.413
0.417
0.409
0.409
0.404
0.413
0.419
0.424
0.417
0.427
0.414
0.404
0.412
0.415
0.415
0.408
0.404
0.414
0.407
0.413
0.408
0.408
0.406
0.406
0.411
0.41
0.415
0.411
0.407
0.401
0.404
0.413
0.414
0.422
0.4
0.406
0.41
0.419
0.398
0.407
0.402
0.406
0.403
0.401
0.408
0.405
0.394
0.395
0.398
0.403
0.397
0.394
0.396
0.395
0.399
0.4
0.391
0.407
0.406
0.398
0.391
0.383
0.392
0.398
0.399
0.396
0.4
0.392
0.387
0.396
0.393
0.395
0.398
0.407
0.4
0.407
0.4
0.399
0.392
0.394
0.4
0.395
0.396
0.4
0.394
0.396
0.397
0.393
0.39
0.393
0.402
0.404
0.4
0.396
0.395
0.388
0.394
0.396
0.399
0.407
0.397
0.388
0.397
0.402
0.4
0.394
0.396
0.393
0.396
0.403
0.399
0.39
0.402
0.411
0.393
0.395
0.395
0.398
0.4
0.405
0.409
0.394
0.401
0.394
0.403
0.4
0.394
0.393
0.402
0.396
0.388
0.4
0.405
0.399
0.397
0.399
0.397
0.405
0.398
0.401
0.397
0.396
0.402
0.396
0.403
0.396
0.405
0.412
0.391
0.397
0.402
0.406
0.401
0.398
0.406
0.409
0.404
0.396
0.405
0.406
0.397
0.397
0.404
0.396
0.398
0.399
0.401
0.408
0.414
0.391
0.398
0.398
0.406
0.414
0.395
0.398
0.394
0.394
0.401
0.406
0.413
0.408
0.399
0.391
0.395
0.403
0.404
0.395
0.394
0.402
0.4
0.409
0.411
0.405
0.406
0.4
0.399
0.391
0.4
0.404
0.399
0.405
0.41
0.388
0.41
0.401
0.403
0.395
0.396
0.404
0.395
0.404
0.41
0.403
0.409
0.401
0.399
0.404
0.414
0.41
0.401
0.394
0.396
0.401
0.408
0.41
0.404
0.396
0.398
0.399
0.393
0.402
0.402
0.393
0.395
0.403
0.406
0.403
0.398
0.396
0.389
0.396
0.394
0.399
0.401
0.4
0.402
0.395
0.396
0.396
0.397
0.396
0.392
0.383
0.392
0.389
0.394
0.398
0.406
0.396
0.394
0.389
0.382
0.392
0.396
0.394
0.396
0.397
0.396
0.395
0.394
0.39
0.393
0.399
0.397
0.399
0.408
0.406
0.397
0.395
0.396
0.399
0.403
0.397
0.397
0.402
0.398
0.395
0.392
0.396
0.39
0.398
0.406
0.397
0.39
0.394
0.394
0.398
0.392
0.383
0.392
0.397
0.396
0.404
0.392
0.394
0.394
0.396
0.403
0.401
0.393
0.396
0.392
0.396
0.389
0.394
0.395
0.392
0.399
0.402
0.395
0.4
0.396
0.398
0.392
0.395
0.388
0.392
0.397
0.395
0.395
0.389
0.396
0.389
0.397
0.396
0.401
0.396
0.39
0.399
0.404
0.396
0.4
0.398
0.396
0.392
0.393
0.402
0.394
0.4
0.397
0.4
0.392
0.398
0.4
0.401
0.401
0.399
0.395
0.396
0.398
0.391
0.399
0.404
0.412
0.408
0.403
0.402
0.411
0.411
0.413
0.401
0.402
0.403
0.407
0.4
0.407
0.401
0.394
0.403
0.41
0.412
0.403
0.41
0.406
0.409
0.415
0.407
0.408
0.412
0.403
0.411
0.416
0.421
0.415
0.406
0.411
0.421
0.411
0.414
0.413
0.412
0.41
0.413
0.414
0.412
0.405
0.405
0.399
0.401
0.408
0.412
0.41
0.417
0.416
0.414
0.423
0.418
0.425
0.421
0.42
0.425
0.435
0.434
0.441
0.431
0.428
0.438
0.428
0.43
0.435
0.442
0.43
0.43
0.427
0.435
0.425
0.42
0.414
0.422
0.423
0.431
0.426
0.427
0.421
0.422
0.412
0.42
0.411
0.417
0.425
0.417
0.413
0.411
0.419
0.41
0.419
0.427
0.431
0.435
0.417
0.412
0.412
0.409
0.41
0.406
0.414
0.408
0.399
0.411
0.413
0.409
0.406
0.404
0.406
0.411
0.406
0.402
0.408
0.41
0.409
0.412
0.405
0.401
0.422
0.411
0.413
0.422
0.402
0.416
0.4
0.401
0.408
0.412
0.418
0.413
0.406
0.407
0.411
0.413
0.41
0.411
0.412
0.409
0.411
0.418
0.396
0.405
0.412
0.393
0.404
0.402
0.407
0.4
0.394
0.399
0.405
0.409
0.411
0.411
0.405
0.396
0.396
0.405
0.407
0.411
0.419
0.397
0.397
0.402
0.404
0.413
0.412
0.397
0.404
0.412
0.418
0.4
0.414
0.41
0.407
0.413
0.417
0.415
0.41
0.407
0.409
0.406
0.398
0.399
0.396
0.409
0.401
0.393
0.41
0.415
0.414
0.412
0.407
0.399
0.397
0.402
0.397
0.397
0.407
0.397
0.406
0.399
0.412
0.419
0.406
0.396
0.415
0.403
0.411
0.416
0.42
0.401
0.411
0.412
0.411
0.407
0.431
0.433
0.412
0.418
0.408
0.406
0.406
0.42
0.415
0.396
0.397
0.402
0.408
0.397
0.405
0.4
0.408
0.397
0.4
0.404
0.413
0.404
0.399
0.394
0.394
0.395
0.397
0.4
0.399
0.404
0.411
0.415
0.396
0.393
0.398
0.402
0.409
0.401
0.403
0.402
0.398
0.396
0.414
0.415
0.407
0.409
0.399
0.402
0.396
0.404
0.398
0.407
0.409
0.406
0.403
0.41
0.411
0.412
0.41
0.417
0.412
0.421
0.416
0.41
0.411
0.407
0.404
0.398
0.395
0.398
0.403
0.412
0.406
0.397
0.394
0.415
0.406
0.409
0.4
0.409
0.4
0.399
0.408
0.4
0.403
0.411
0.411
0.404
0.404
0.405
0.407
0.398
0.407
0.4
0.412
0.403
0.398
0.406
0.396
0.407
0.407
0.397
0.399
0.405
0.406
0.399
0.405
0.401
0.408
0.415
0.4
0.402
0.407
0.397
0.419
0.403
0.407
0.405
0.412
0.408
0.405
0.396
0.395
0.404
0.408
0.416
0.398
0.401
0.399
0.402
0.398
0.403
0.398
0.399
0.4
0.397
0.398
0.405
0.399
0.404
0.404
0.406
0.404
0.407
0.403
0.394
0.404
0.405
0.409
0.403
0.403
0.403
0.401
0.395
0.402
0.406
0.405
0.406
0.403
0.399
0.402
0.409
0.403
0.394
0.401
0.403
0.404
0.401
0.402
0.403
0.401
0.403
0.405
0.398
0.407
0.409
0.416
0.419
0.414
0.421
0.419
0.418
0.417
0.419
0.42
0.419
0.419
0.41
0.42
0.42
0.416
0.423
0.429
0.43
0.423
0.427
0.421
0.428
0.428
0.433
0.435
0.432
0.436
0.431
0.434
0.433
0.424
0.428
0.432
0.435
0.44
0.431
0.456
0.465
0.466
0.463
0.468
0.473
0.475
0.476
0.476
0.462
0.465
0.486
0.506
0.506
0.498
0.49
0.49
0.49
0.491
0.495
0.496
0.519
0.508
0.503
0.499
0.507
0.506
0.524
0.534
0.534
0.556
0.554
0.546
0.538
0.544
0.549
0.555
0.55
0.556
0.56
0.557
0.56
0.553
0.541
0.554
0.567
0.539
0.532
0.536
0.54
0.548
0.544
0.534
0.556
0.582
0.545
0.539
0.529
0.535
0.539
0.549
0.549
0.539
0.532
0.532
0.528
0.53
0.526
0.53
0.532
0.526
0.527
0.528
0.534
0.537
0.539
0.529
0.548
0.54
0.542
0.545
0.545
0.548
0.566
0.557
0.551
0.546
0.543
0.531
0.531
0.528
0.526
0.521
0.525
0.528
0.56
0.555
0.545
0.539
0.529
0.532
0.527
0.522
0.516
0.527
0.572
0.581
0.602
