0.482
0.486
0.481
0.437
0.424
0.403
0.385
0.39
0.389
0.38
0.375
0.371
0.373
0.376
0.372
0.371
0.373
0.371
0.368
0.361
0.366
0.364
0.363
0.363
0.369
0.36
0.361
0.359
0.366
0.36
0.357
0.362
0.361
0.358
0.364
0.357
0.361
0.352
0.357
0.356
0.361
0.353
0.361
0.354
0.357
0.351
0.356
0.356
0.354
0.36
0.359
0.367
0.352
0.355
0.356
0.351
0.698
0.693
0.692
0.69
0.687
0.688
0.687
0.686
0.685
0.688
0.688
0.687
0.686
0.686
0.687
0.688
0.687
0.683
0.687
0.688
0.687
0.684
0.686
0.685
0.685
0.686
0.685
0.686
0.686
0.684
0.686
0.687
0.687
0.683
0.684
0.684
0.682
0.683
0.684
0.683
0.685
0.683
0.35
0.343
0.337
0.342
0.339
0.34
0.34
0.342
0.338
0.342
0.34
0.339
0.342
0.336
0.344
0.342
0.34
0.341
0.334
0.338
0.343
0.682
0.34
0.336
0.34
0.332
0.679
0.679
0.682
0.677
0.673
0.678
0.338
0.677
0.682
0.682
0.681
0.683
0.68
0.341
0.679
0.679
0.683
0.68
0.674
0.683
0.343
0.338
0.343
0.677
0.681
0.678
0.679
0.676
0.68
0.344
0.34
0.338
0.334
0.68
0.338
0.339
0.332
0.671
0.338
0.341
0.679
0.675
0.341
0.337
0.343
0.679
0.68
0.674
0.332
0.34
0.34
0.34
0.678
0.339
0.343
0.338
0.338
0.339
0.334
0.34
0.341
0.341
0.339
0.335
0.342
0.335
0.343
0.336
0.337
0.338
0.332
0.337
0.343
0.341
0.34
0.674
0.673
0.339
0.34
0.333
0.678
0.34
0.34
0.335
0.343
0.338
0.341
0.335
0.686
0.681
0.337
0.677
0.678
0.67
0.342
0.339
0.339
0.677
0.342
0.337
0.331
0.672
0.678
0.673
0.339
0.334
0.342
0.675
0.678
0.335
0.342
0.34
0.332
0.674
0.666
0.334
0.34
0.675
0.669
0.666
0.338
0.672
0.338
0.33
0.335
0.339
0.667
0.668
0.668
0.67
0.669
0.666
0.334
0.335
0.336
0.337
0.334
0.337
0.338
0.345
0.346
0.341
0.348
0.347
0.346
0.348
0.349
0.351
0.351
0.354
0.347
0.354
0.351
0.355
0.353
0.356
0.36
0.361
0.358
0.364
0.366
0.36
0.362
0.364
0.368
0.367
0.36
0.367
0.371
0.371
0.374
0.376
0.376
0.383
0.381
0.386
0.385
0.381
0.387
0.386
0.386
0.398
0.411
0.406
0.412
0.412
0.408
0.411
0.419
0.422
0.422
0.424
0.428
0.423
0.424
0.429
0.428
0.424
0.432
0.43
0.435
0.435
0.444
0.438
0.438
0.447
0.448
0.448
0.442
0.45
0.45
0.451
0.453
0.454
0.451
0.456
0.464
0.47
0.466
0.462
0.461
0.467
0.465
0.464
0.466
0.461
0.471
0.473
0.474
0.467
0.462
0.474
0.48
0.48
0.478
0.479
0.479
0.479
0.478
0.475
0.477
0.479
0.481
0.484
0.485
0.478
0.486
0.492
0.49
0.494
0.491
0.49
0.492
0.499
0.489
0.5
0.493
0.492
0.493
0.496
0.495
0.495
0.502
0.5
0.51
0.512
0.513
0.513
0.509
0.511
0.512
0.51
0.506
0.518
0.514
0.514
0.505
0.506
0.514
0.516
0.518
0.514
0.52
0.53
0.526
0.525
0.521
0.527
0.528
0.536
0.538
0.527
0.526
0.526
0.523
0.524
0.525
0.522
0.529
0.521
0.532
0.523
0.528
0.526
0.532
0.532
0.532
0.531
0.533
0.533
0.537
0.527
0.536
0.532
0.536
0.537
0.546
0.55
0.543
0.548
0.549
0.556
0.554
0.554
0.552
0.557
0.55
0.551
0.545
0.547
0.54
0.549
0.552
0.556
0.557
0.555
0.559
0.568
0.559
0.562
0.561
0.553
0.547
0.553
0.545
0.551
0.55
0.557
0.552
0.552
0.549
0.557
0.558
0.555
0.559
0.551
0.554
0.551
0.555
0.561
0.563
0.556
0.56
0.56
0.563
0.563
0.57
0.564
0.57
0.559
0.565
0.558
0.56
0.558
0.553
0.552
0.559
0.581
0.575
0.565
0.559
0.568
0.562
0.562
0.562
0.56
0.553
0.551
0.567
0.574
0.583
0.573
0.577
0.579
0.581
0.568
0.581
0.575
0.576
0.569
0.565
0.566
0.563
0.565
0.564
0.568
0.567
0.561
0.571
0.573
0.575
0.578
0.58
0.577
0.564
0.563
0.555
0.555
0.556
0.556
0.56
0.565
0.563
0.566
0.557
0.561
0.557
0.563
0.559
0.56
0.566
0.569
0.573
0.576
0.568
0.578
0.57
0.575
0.575
0.581
0.574
0.581
0.569
0.572
0.563
0.573
0.57
0.561
0.556
0.563
0.571
0.577
0.575
0.568
0.57
0.566
0.567
0.557
0.563
0.56
0.563
0.565
0.57
0.569
0.576
0.575
0.567
0.58
0.578
0.571
0.572
0.58
0.574
0.577
0.57
0.569
0.568
0.58
0.566
0.577
0.58
0.578
0.584
0.574
0.574
0.581
0.577
0.569
0.568
0.566
0.577
0.576
0.58
0.577
0.586
0.577
0.587
0.576
0.584
0.575
0.582
0.577
0.581
0.575
0.571
0.582
0.578
0.585
0.586
0.59
0.583
0.588
0.574
0.579
0.572
0.486
0.43
0.423
0.428
0.411
0.403
0.396
0.398
0.403
0.402
0.403
0.395
0.388
0.392
0.394
0.389
0.388
0.383
0.385
0.378
0.386
0.384
0.376
0.381
0.384
0.38
0.377
0.382
0.375
0.382
0.376
0.377
0.372
0.375
0.377
0.374
0.37
0.374
0.374
0.372
0.371
0.37
0.376
0.378
0.369
0.368
0.369
0.368
0.375
0.371
0.362
0.368
0.364
0.372
0.364
0.363
0.367
0.367
0.365
0.364
0.37
0.366
0.36
0.362
0.363
0.363
0.364
0.361
0.368
0.371
0.362
0.362
0.369
0.355
0.358
0.359
0.355
0.359
0.358
0.356
0.36
0.356
0.355
0.356
0.358
0.36
0.358
0.362
0.364
0.363
0.364
0.364
0.364
0.365
0.363
0.369
0.366
0.363
0.367
0.37
0.367
0.367
0.373
0.373
0.368
0.371
0.376
0.377
0.375
0.375
0.38
0.384
0.376
0.384
0.383
0.375
0.382
0.377
0.383
0.382
0.385
0.384
0.384
0.387
0.386
0.387
0.389
0.385
0.387
0.396
0.395
0.391
0.393
0.396
0.396
0.4
0.396
0.396
0.405
0.401
0.397
0.404
0.413
0.41
0.416
0.408
0.402
0.407
0.398
0.405
0.414
0.404
0.397
0.412
0.41
0.409
0.403
0.412
0.416
0.407
0.411
0.41
0.407
0.406
0.405
0.405
0.41
0.412
0.417
0.406
0.41
0.414
0.405
0.396
0.413
0.405
0.411
0.41
0.4
0.397
0.402
0.408
0.411
0.408
0.403
0.398
0.406
0.402
0.401
0.402
0.4
0.407
0.41
0.408
0.403
0.41
0.413
0.411
0.407
0.415
0.406
0.411
0.416
0.413
0.408
0.412
0.419
0.416
0.408
0.412
0.409
0.409
0.41
0.412
0.412
0.417
0.414
0.421
0.417
0.413
0.407
0.408
0.413
0.413
0.406
0.403
0.404
0.405
0.408
0.409
0.413
0.404
0.397
0.404
0.404
0.407
0.397
0.392
0.4
0.398
0.403
0.387
0.393
0.393
0.39
0.385
0.378
0.384
0.384
0.385
0.382
0.385
0.383
0.376
0.378
0.379
0.385
0.376
0.373
0.365
0.372
0.371
0.365
0.374
0.367
0.375
0.375
0.366
0.369
0.362
0.369
0.374
0.365
0.363
0.358
0.361
0.357
0.362
0.362
0.354
0.354
0.36
0.36
0.354
0.361
0.358
0.354
0.357
0.361
0.354
0.356
0.352
0.358
0.353
0.351
0.358
0.355
0.349
0.356
0.348
0.355
0.348
0.352
0.352
0.354
0.356
0.353
0.352
0.353
0.354
0.35
0.351
0.351
0.35
0.351
0.347
0.354
0.347
0.354
0.346
0.349
0.352
0.347
0.351
0.347
0.351
0.35
0.695
0.349
0.343
0.351
0.346
0.354
0.351
0.354
0.346
0.346
0.35
0.349
0.346
0.347
0.351
0.35
0.349
0.354
0.347
0.351
0.354
0.347
0.352
0.353
0.35
0.355
0.355
0.353
0.354
0.354
0.359
0.355
0.357
0.358
0.355
0.362
0.361
0.365
0.36
0.365
0.366
0.369
0.368
0.37
0.372
0.372
0.374
0.37
0.378
0.379
0.381
0.382
0.386
0.384
0.388
0.391
0.386
0.386
0.39
0.387
0.392
0.395
0.395
0.391
0.398
0.396
0.396
0.4
0.401
0.404
0.402
0.403
0.406
0.407
0.409
0.404
0.411
0.419
0.42
0.419
0.42
0.418
0.426
0.425
0.431
0.428
0.433
0.433
0.429
0.438
0.438
0.436
0.437
0.443
0.438
0.444
0.433
0.437
0.435
0.432
0.426
0.426
0.43
0.43
0.426
0.42
0.426
0.426
0.418
0.422
0.42
0.425
0.421
0.424
0.426
0.42
0.416
0.415
0.409
0.417
0.416
0.413
0.406
0.41
0.41
0.415
0.405
0.416
0.416
0.41
0.409
0.418
0.421
0.415
0.418
0.411
0.418
0.418
0.418
0.412
0.423
0.42
0.414
0.417
0.421
0.415
0.42
0.419
0.409
0.418
0.423
0.427
0.42
0.419
0.422
0.431
0.436
0.427
0.424
0.427
0.428
0.438
0.436
0.431
0.424
0.425
0.417
0.424
0.427
0.424
0.427
0.434
0.429
0.425
0.43
0.425
0.42
0.429
0.424
0.419
0.419
0.419
0.425
0.429
0.419
0.42
0.419
0.409
0.424
0.421
0.419
0.41
0.417
0.415
0.423
0.421
0.431
0.423
0.423
0.421
0.43
0.422
0.419
0.425
0.433
0.423
0.427
0.419
0.418
0.423
0.431
0.431
0.425
0.423
0.417
0.435
0.428
0.423
0.432
0.432
0.422
0.423
0.423
0.417
0.421
0.423
0.422
0.428
0.42
0.412
0.419
0.417
0.421
0.419
0.416
0.413
0.422
0.415
0.416
0.415
0.408
0.416
0.408
0.415
0.415
0.412
0.413
0.41
0.41
0.418
0.412
0.406
0.414
0.416
0.409
0.419
0.414
0.42
0.415
0.414
0.407
0.416
0.406
0.418
0.411
0.411
0.417
0.416
0.413
0.416
0.418
0.428
0.42
0.419
0.417
0.414
0.418
0.417
0.426
0.417
0.426
0.422
0.419
0.416
0.417
0.418
0.419
0.415
0.412
0.41
0.415
0.413
0.417
0.418
0.42
0.415
0.408
0.418
0.416
0.411
0.408
0.413
0.41
0.414
0.424
0.418
0.416
0.42
0.414
0.409
0.407
0.424
0.422
0.419
0.411
0.41
0.406
0.412
0.415
0.411
0.419
0.412
0.409
0.419
0.409
0.418
0.42
0.414
0.41
0.419
0.412
0.419
0.411
0.42
0.423
0.415
0.419
0.413
0.42
0.416
0.42
0.429
0.422
0.414
0.419
0.416
0.416
0.423
0.425
0.426
0.423
0.432
0.413
0.415
0.422
0.421
0.413
0.415
0.421
0.421
0.422
0.412
0.414
0.418
0.409
0.414
0.416
0.417
0.409
0.409
0.417
0.41
0.408
0.416
0.417
0.407
0.411
0.414
0.41
0.419
0.417
0.421
0.416
0.411
0.413
0.414
0.416
0.418
0.42
0.425
0.422
0.424
0.419
0.422
0.423
0.423
0.425
0.422
0.426
0.425
0.426
0.425
0.429
0.426
0.43
0.425
0.431
0.428
0.434
0.431
0.434
0.435
0.439
0.441
0.439
0.444
0.441
0.448
0.446
0.452
0.449
0.452
0.454
0.456
0.453
0.457
0.461
0.456
0.463
0.457
0.463
0.466
0.466
0.471
0.47
0.478
0.473
0.476
0.476
0.477
0.479
0.469
0.475
0.474
0.479
0.479
0.484
0.489
0.485
0.479
0.473
0.479
0.454
0.472
0.466
0.473
0.449
0.457
0.449
0.459
0.456
0.44
0.448
0.445
0.435
0.428
0.424
0.435
0.432
0.424
0.424
0.432
0.425
0.421
0.419
0.428
0.419
0.424
0.418
0.42
0.425
0.415
0.405
0.414
0.417
0.419
0.423
0.413
0.407
0.418
0.417
0.409
0.414
0.412
0.404
0.405
0.414
0.409
0.406
0.411
0.411
0.408
0.413
0.403
0.411
0.405
0.407
0.404
0.409
0.419
0.413
0.406
0.41
0.412
0.421
0.418
0.418
0.409
0.414
0.418
0.417
0.417
0.421
0.42
0.419
0.424
0.42
0.427
0.425
0.423
0.428
0.426
0.427
0.43
0.424
0.432
0.427
0.429
0.429
0.435
0.436
0.43
0.435
0.443
0.437
0.44
0.44
0.434
0.436
0.44
0.445
0.439
0.443
0.451
0.451
0.448
0.446
0.449
0.445
0.45
0.445
0.454
0.458
0.456
0.478
0.479
0.488
0.489
0.48
0.487
0.492
0.486
0.488
0.495
0.493
0.488
0.49
0.486
0.485
0.494
0.492
0.5
0.524
0.516
0.516
0.504
0.514
0.503
0.496
0.502
0.492
0.49
0.494
0.498
0.659
0.664
0.671
0.677
0.687
0.685
0.633
0.547
0.551
0.551
0.549
0.545
0.544
0.551
0.547
0.545
0.549
0.561
0.561
0.559
0.556
0.547
0.55
0.54
0.55
0.554
0.546
0.536
0.545
0.542
0.551
0.547
0.558
0.553
0.559
0.56
0.549
0.56
0.55
0.558
0.551
0.552
0.541
0.541
0.546
0.552
0.553
0.555
0.554
0.556
0.559
0.561
0.562
0.564
0.563
0.571
0.574
0.576
0.584
0.59
0.598
0.598
0.598
0.606
0.667
0.658
0.647
0.634
0.604
0.599
0.592
0.596
0.588
0.59
0.581
0.589
0.588
0.589
0.591
0.586
