0.536
0.535
0.5
0.494
0.493
0.498
0.492
0.456
0.459
0.454
0.437
0.445
0.448
0.424
0.419
0.414
0.416
0.409
0.413
0.405
0.413
0.404
0.4
0.403
0.403
0.399
0.41
0.405
0.407
0.417
0.403
0.401
0.408
0.398
0.402
0.397
0.396
0.395
0.404
0.398
0.392
0.396
0.394
0.391
0.398
0.392
0.401
0.395
0.391
0.388
0.39
0.397
0.391
0.39
0.398
0.396
0.391
0.384
0.384
0.384
0.388
0.385
0.385
0.384
0.389
0.391
0.386
0.387
0.382
0.382
0.385
0.38
0.389
0.397
0.391
0.38
0.383
0.374
0.389
0.382
0.382
0.388
0.393
0.39
0.381
0.379
0.387
0.381
0.381
0.379
0.387
0.384
0.389
0.385
0.376
0.377
0.386
0.377
0.38
0.38
0.38
0.376
0.382
0.386
0.387
0.383
0.38
0.379
0.385
0.379
0.375
0.379
0.382
0.38
0.377
0.376
0.38
0.389
0.385
0.381
0.379
0.377
0.379
0.386
0.387
0.379
0.375
0.377
0.379
0.379
0.373
0.384
0.382
0.374
0.374
0.382
0.386
0.385
0.381
0.38
0.376
0.383
0.377
0.371
0.379
0.375
0.379
0.374
0.381
0.378
0.377
0.373
0.38
0.38
0.38
0.375
0.382
0.38
0.379
0.376
0.374
0.381
0.383
0.379
0.385
0.381
0.379
0.379
0.378
0.374
0.371
0.391
0.383
0.376
0.375
0.38
0.382
0.379
0.375
0.384
0.375
0.38
0.384
0.382
0.381
0.377
0.38
0.374
0.376
0.381
0.376
0.372
0.38
0.382
0.375
0.38
0.382
0.379
0.373
0.379
0.388
0.391
0.384
0.386
0.378
0.374
0.383
0.375
0.385
0.383
0.377
0.376
0.379
0.373
0.381
0.382
0.383
0.377
0.373
0.374
0.378
0.378
0.373
0.377
0.379
0.376
0.367
0.38
0.375
0.369
0.376
0.369
0.377
0.371
0.38
0.377
0.386
0.382
0.379
0.373
0.37
0.378
0.375
0.376
0.368
0.383
0.381
0.372
0.372
0.368
0.379
0.37
0.379
0.375
0.38
0.378
0.382
0.382
0.389
0.383
0.383
0.375
0.373
0.379
0.375
0.387
0.382
0.38
0.376
0.377
0.376
0.379
0.371
0.38
0.386
0.391
0.382
0.385
0.384
0.375
0.372
0.378
0.38
0.373
0.379
0.373
0.377
0.38
0.377
0.374
0.388
0.382
0.378
0.374
0.374
0.388
0.375
0.374
0.374
0.373
0.372
0.375
0.375
0.381
0.374
0.381
0.381
0.372
0.378
0.374
0.376
0.372
0.378
0.371
0.378
0.371
0.38
0.384
0.376
0.372
0.379
0.374
0.373
0.375
0.373
0.373
0.377
0.381
0.372
0.376
0.374
0.374
0.376
0.377
0.375
0.375
0.372
0.377
0.37
0.377
0.369
0.378
0.375
0.38
0.372
0.377
0.371
0.374
0.372
0.371
0.376
0.377
0.374
0.373
0.377
0.368
0.381
0.374
0.37
0.378
0.375
0.375
0.381
0.388
0.378
0.377
0.372
0.375
0.382
0.383
0.381
0.372
0.371
0.37
0.383
0.38
0.375
0.368
0.377
0.373
0.371
0.375
0.373
0.379
0.382
0.385
0.382
0.379
0.376
0.373
0.373
0.375
0.377
0.373
0.38
0.387
0.38
0.381
0.376
0.372
0.379
0.377
0.376
0.372
0.378
0.372
0.378
0.372
0.378
0.381
0.377
0.372
0.377
0.382
0.379
0.383
0.375
0.375
0.377
0.377
0.382
0.382
0.382
0.378
0.382
0.377
0.377
0.377
0.377
0.386
0.377
0.386
0.384
0.377
0.375
0.372
0.38
0.382
0.384
0.387
0.384
0.377
0.381
0.376
0.381
0.376
0.374
0.38
0.371
0.381
0.382
0.373
0.372
0.373
0.379
0.374
0.371
0.375
0.375
0.367
0.371
0.364
0.367
0.37
0.372
0.375
0.372
0.367
0.37
0.363
0.372
0.364
0.362
0.365
0.371
0.37
0.368
0.368
0.362
0.361
0.358
0.372
0.374
0.364
0.368
0.366
0.358
0.369
0.371
0.368
0.369
0.37
0.364
0.359
0.365
0.367
0.364
0.357
0.368
0.367
0.362
0.356
0.364
0.364
0.365
0.367
0.367
0.361
0.358
0.364
0.37
0.371
0.368
0.365
0.359
0.365
0.365
0.363
0.358
0.361
0.365
0.359
0.366
0.359
0.364
0.359
0.36
0.366
0.365
0.362
0.359
0.365
0.361
0.365
0.364
0.362
0.362
0.36
0.365
0.36
0.36
0.363
0.364
0.362
0.363
0.362
0.359
0.365
0.359
0.361
0.362
0.364
0.359
0.359
0.364
0.362
0.364
0.359
0.366
0.359
0.361
0.366
0.363
0.359
0.365
0.362
0.366
0.358
0.371
0.364
0.373
0.37
0.37
0.373
0.37
0.369
0.372
0.364
0.371
0.373
0.367
0.365
0.368
0.371
0.362
0.367
0.365
0.364
0.365
0.368
0.364
0.367
0.362
0.362
0.367
0.362
0.367
0.364
0.361
0.365
0.362
0.366
0.363
0.367
0.361
0.368
0.368
0.369
0.365
0.366
0.364
0.367
0.367
0.364
0.366
0.366
0.366
0.365
0.366
0.37
0.37
0.375
0.369
0.375
0.368
0.367
0.37
0.365
0.363
0.363
0.365
0.361
0.367
0.362
0.366
0.362
0.357
0.362
0.365
0.357
0.363
0.367
0.362
0.36
0.356
0.355
0.356
0.363
0.36
0.361
0.355
0.356
0.361
0.358
0.362
0.36
0.361
0.354
0.358
0.358
0.363
0.362
0.359
0.364
0.356
0.364
0.359
0.362
0.359
0.365
0.357
0.374
0.369
0.373
0.37
0.373
0.373
0.371
0.372
0.372
0.372
0.364
0.365
0.364
0.372
0.371
0.367
0.371
0.363
0.367
0.364
0.367
0.362
0.364
0.366
0.363
0.359
0.365
0.359
0.363
0.362
0.359
0.361
0.361
0.361
0.363
0.358
0.36
0.358
0.366
0.359
0.36
0.357
0.355
0.361
0.365
0.358
0.359
0.361
0.365
0.358
0.359
0.362
0.36
0.359
0.364
0.359
0.358
0.36
0.361
0.362
0.365
0.363
0.364
0.359
0.361
0.362
0.365
0.358
0.359
0.358
0.358
0.357
0.359
0.359
0.361
0.363
0.363
0.362
0.36
0.359
0.359
0.362
0.364
0.364
0.367
0.364
0.366
0.365
0.363
0.361
0.36
0.36
0.363
0.359
0.36
0.361
0.359
0.361
0.359
0.359
0.357
0.362
0.356
0.363
0.356
0.363
0.356
0.363
0.355
0.363
0.366
0.361
0.37
0.361
0.369
0.365
0.368
0.362
0.357
0.363
0.37
0.369
0.366
0.366
0.368
0.364
0.364
0.364
0.363
0.361
0.368
0.363
0.364
0.363
0.364
0.362
0.367
0.361
0.361
0.356
0.36
0.362
0.361
0.364
0.362
0.366
0.359
0.362
0.368
0.363
0.369
0.362
0.368
0.359
0.361
0.37
0.363
0.368
0.363
0.371
0.364
0.37
0.365
0.373
0.364
0.371
0.365
0.373
0.366
0.37
0.37
0.367
0.37
0.363
0.37
0.364
0.363
0.36
0.362
0.365
0.366
0.365
0.363
0.361
0.365
0.36
0.363
0.356
0.359
0.363
0.362
0.363
0.359
0.357
0.36
0.361
0.359
0.359
0.356
0.362
0.364
0.361
0.359
0.362
0.363
0.362
0.36
0.36
0.361
0.359
0.362
0.36
0.362
0.361
0.362
0.362
0.36
0.362
0.358
0.363
0.364
0.367
0.361
0.368
0.367
0.359
0.362
0.36
0.362
0.359
0.363
0.359
0.367
0.362
0.369
0.362
0.368
0.362
0.369
0.362
0.368
0.365
0.367
0.367
0.36
0.368
0.361
0.366
0.363
0.371
0.363
0.37
0.364
0.37
0.365
0.37
0.367
0.369
0.364
0.369
0.364
0.368
0.365
0.367
0.362
0.371
0.374
0.363
0.372
0.366
0.364
0.364
0.364
0.362
0.371
0.363
0.361
0.364
0.368
0.368
0.362
0.367
0.36
0.364
0.367
0.36
0.364
0.37
0.363
0.371
0.362
0.369
0.362
0.365
0.37
0.376
0.379
0.372
0.38
0.371
0.377
0.369
0.367
0.37
0.364
0.371
0.373
0.365
0.365
0.369
0.374
0.379
0.365
0.363
0.37
0.367
0.365
0.366
0.368
0.369
0.36
0.366
0.367
0.363
0.363
0.37
0.362
0.369
0.361
0.367
0.36
0.363
0.357
0.372
0.373
0.372
0.364
0.36
0.368
0.374
0.373
0.365
0.371
0.372
0.364
0.371
0.373
0.378
0.374
0.365
0.368
0.369
0.366
0.369
0.367
0.369
0.367
0.369
0.365
0.367
0.365
0.369
0.376
0.369
0.372
0.365
0.364
0.367
0.364
0.366
0.371
0.373
0.375
0.371
0.376
0.369
0.37
0.367
0.37
0.367
0.366
0.366
0.366
0.363
0.367
0.367
0.366
0.365
0.364
0.367
0.365
0.362
0.362
0.359
0.364
0.363
0.362
0.363
0.361
0.364
0.359
0.366
0.359
0.364
0.368
0.361
0.372
0.365
0.369
0.365
0.369
0.362
0.368
0.367
0.367
0.372
0.363
0.365
0.371
0.37
0.369
0.37
0.371
0.368
0.373
0.366
0.367
0.366
0.375
0.366
0.369
0.369
0.371
0.367
0.374
0.369
0.375
0.373
0.372
0.38
0.378
0.364
0.363
0.362
0.364
0.364
0.365
0.364
0.363
0.363
0.363
0.362
0.362
0.362
0.361
0.361
0.361
0.364
0.361
0.361
0.361
0.361
0.359
0.365
0.358
0.365
0.359
0.367
0.361
0.363
0.362
0.368
0.362
0.37
0.362
0.364
0.373
0.366
0.368
0.368
0.372
0.363
0.364
0.368
0.364
0.366
0.362
0.363
0.366
0.362
0.364
0.366
0.361
0.368
0.36
0.365
0.364
0.365
0.362
0.369
0.363
0.365
0.37
0.363
0.371
0.365
0.372
0.366
0.373
0.364
0.372
0.366
0.373
0.367
0.368
0.37
0.372
0.369
0.376
0.372
0.372
0.377
0.375
0.373
0.375
0.376
0.372
0.377
0.376
0.372
0.378
0.382
0.375
0.381
0.379
0.375
0.382
0.38
0.383
0.376
0.383
0.383
0.38
0.386
0.385
0.386
0.392
0.392
0.383
0.386
0.379
0.38
0.372
0.375
0.382
0.38
0.381
0.389
0.381
0.38
0.375
0.378
0.376
0.383
0.374
0.373
0.378
0.39
0.38
0.378
0.383
0.371
0.385
0.376
0.372
0.373
0.372
0.375
0.376
0.37
0.37
0.372
0.38
0.371
0.378
0.383
0.38
0.376
0.37
0.375
0.37
0.377
0.378
0.38
0.371
0.368
0.375
0.374
0.372
0.374
0.365
0.36
0.362
0.369
0.363
0.372
0.373
0.369
0.372
0.366
0.362
0.368
0.361
0.368
0.361
0.368
0.362
0.368
0.36
0.365
0.367
0.375
0.367
0.372
0.374
0.373
0.37
0.376
0.371
0.375
0.369
0.373
0.368
0.366
0.371
0.362
0.365
0.367
0.358
0.36
0.375
0.373
0.365
0.369
0.366
0.369
0.364
0.368
0.367
0.365
0.367
0.369
0.356
0.362
0.368
0.369
0.374
0.37
0.368
0.368
0.368
0.365
0.361
0.366
0.368
0.363
0.361
0.364
0.368
0.365
0.36
0.362
0.364
0.361
0.369
0.36
0.368
0.368
0.36
0.368
0.359
0.366
0.359
0.37
0.37
0.37
0.367
0.372
0.364
0.373
0.365
0.372
0.369
0.368
0.373
0.368
0.368
0.36
0.367
0.36
0.361
0.368
0.362
0.368
0.367
0.365
0.369
0.37
0.361
0.367
0.361
0.362
0.361
0.362
0.359
0.361
0.37
0.367
0.361
0.365
0.362
0.365
0.357
0.364
0.357
0.36
0.361
0.361
0.362
0.364
0.358
0.365
0.36
0.364
0.367
0.362
0.361
0.367
0.366
0.362
0.368
0.359
0.366
0.363
0.366
0.361
0.368
0.362
0.371
0.365
0.365
0.37
0.362
0.37
0.361
0.362
0.364
0.366
0.362
0.368
0.364
0.365
0.363
0.368
0.362
0.365
0.368
0.364
0.371
0.362
0.362
0.366
0.364
0.36
0.363
0.362
0.362
0.367
0.362
0.365
0.357
0.358
0.366
0.359
0.364
0.363
0.362
0.362
0.359
0.362
0.362
0.367
0.36
0.362
0.369
0.366
0.364
0.367
0.359
0.365
0.36
0.362
0.365
0.363
0.363
0.365
0.364
0.361
0.362
0.366
0.36
0.366
0.358
0.365
0.362
0.362
0.36
0.364
0.364
0.358
0.362
0.362
0.36
0.359
0.359
0.36
0.359
0.363
0.359
0.363
0.357
0.358
0.364
0.358
0.365
0.358
0.363
0.359
0.363
0.368
0.36
0.362
0.367
0.362
0.365
0.365
0.365
0.363
0.356
0.362
0.356
0.357
0.359
0.363
0.356
0.364
0.356
0.373
0.366
0.368
0.363
0.362
0.363
0.367
0.358
0.365
0.36
0.363
0.358
0.365
0.359
0.36
0.367
0.365
0.365
0.36
0.36
0.364
0.363
0.361
0.361
0.365
0.361
0.363
0.361
0.358
0.361
0.361
0.361
0.362
0.362
0.359
0.357
0.362
0.357
0.359
0.359
0.358
0.362
0.357
0.362
0.356
0.363
0.358
0.357
0.361
0.357
0.365
0.356
0.357
0.36
0.356
0.361
0.358
0.361
0.358
0.359
0.365
0.357
0.364
0.361
0.358
0.361
0.364
0.357
0.359
0.364
0.364
0.356
0.359
0.364
0.356
0.356
0.36
0.359
0.357
0.359
0.36
0.362
0.358
0.365
0.359
0.363
0.364
0.368
0.361
0.364
0.363
0.364
0.363
0.365
0.362
0.367
0.358
0.36
0.367
0.364
0.366
0.361
0.361
0.36
0.361
0.358
0.361
0.365
0.363
0.358
0.365
0.358
0.363
0.36
0.362
0.362
0.358
0.366
0.357
0.365
0.36
0.364
0.357
0.363
0.358
0.363
0.359
0.366
0.357
0.362
0.357
0.363
0.357
0.36
0.36
0.362
0.359
0.363
0.357
0.361
0.356
0.361
0.355
0.356
0.361
0.359
0.367
0.361
0.355
0.362
0.356
0.357
0.36
0.356
0.363
0.36
0.358
0.359
0.357
0.36
0.365
0.36
0.363
0.358
0.364
0.358
0.365
0.359
0.366
0.375
0.358
0.375
0.365
0.359
0.365
0.37
0.361
0.368
0.36
0.367
0.376
0.366
0.364
0.363
0.361
0.366
0.366
0.372
0.363
0.363
0.364
0.362
0.368
0.365
0.365
0.363
0.359
0.361
0.372
0.369
0.374
0.367
0.364
0.366
0.362
0.366
0.369
0.371
0.367
0.364
0.359
0.361
0.361
0.359
0.362
0.36
0.36
0.36
0.36
0.359
0.36
0.358
0.36
0.362
0.357
0.361
0.357
0.365
0.357
0.362
0.358
0.363
0.357
0.363
0.357
0.363
0.357
0.361
0.359
0.363
0.358
0.364
0.358
0.365
0.356
0.36
0.366
0.359
0.367
0.361
0.367
0.36
0.365
0.362
0.367
0.362
0.367
0.364
0.363
0.367
0.361
0.366
0.358
0.361
0.365
0.361
0.364
0.361
0.363
0.357
0.359
0.365
0.358
0.364
0.358
0.364
0.358
0.364
0.357
0.365
0.36
0.367
0.358
0.363
0.359
0.365
0.372
0.37
0.363
0.371
0.362
0.37
0.368
0.363
0.371
0.371
0.367
0.372
0.367
0.373
0.366
0.37
0.366
0.368
0.365
0.368
0.365
0.367
0.364
0.365
0.364
0.361
0.364
0.361
0.364
0.362
0.363
0.364
0.361
0.36
0.364
0.36
0.365
0.36
0.365
0.36
0.359
0.365
0.36
0.366
0.362
0.366
0.362
0.368
0.362
0.368
0.361
0.365
0.365
0.362
0.368
0.361
0.365
0.371
0.363
0.372
0.365
0.367
0.364
0.366
0.362
0.367
0.364
0.365
0.363
0.366
0.365
0.367
0.37
0.366
0.366
0.365
0.365
0.365
0.362
0.363
0.368
0.365
0.365
0.365
0.364
0.366
0.361
0.365
0.362
0.364
0.365
0.364
0.367
0.365
0.366
0.366
0.363
0.364
0.36
0.366
0.363
0.364
0.363
0.361
0.364
0.361
0.361
0.361
0.363
0.364
0.359
0.365
0.356
0.364
0.37
0.365
0.373
0.366
0.364
0.36
0.364
0.361
0.362
0.361
0.366
0.367
0.366
0.366
0.363
0.366
0.361
0.364
0.356
0.377
0.369
0.37
0.365
0.367
0.369
0.369
0.369
0.361
0.36
0.362
0.368
0.363
0.369
0.375
0.37
0.369
0.361
0.37
0.369
0.369
0.368
0.367
0.366
0.358
0.363
0.364
0.364
0.365
0.36
0.364
0.366
0.364
0.365
0.362
0.36
0.361
0.359
0.362
0.36
0.359
0.362
0.366
0.361
0.367
0.359
0.362
0.364
0.361
0.366
0.358
0.364
0.362
0.36
0.363
0.358
0.363
0.364
0.361
0.366
0.358
0.361
0.361
0.366
0.36
0.368
0.362
0.363
0.358
0.361
0.364
0.359
0.359
0.358
0.363
0.356
0.36
0.358
0.361
0.361
0.359
0.358
0.357
0.361
0.357
0.359
0.356
0.36
0.354
0.36
0.362
0.354
0.36
0.354
0.356
0.354
0.357
0.363
0.363
0.357
0.361
0.363
0.363
0.361
0.362
0.363
0.361
0.362
0.362
0.362
0.359
0.363
0.363
0.359
0.366
0.362
0.369
0.363
0.364
0.366
0.367
0.362
0.363
0.354
0.37
0.366
0.366
0.371
0.37
0.369
0.371
0.369
0.37
0.365
0.369
0.367
0.366
0.364
0.367
0.363
0.356
0.36
0.361
0.359
0.356
0.359
0.358
0.354
0.359
0.358
0.361
0.355
0.359
0.355
0.358
0.358
0.356
0.362
0.356
0.358
0.36
0.36
0.365
0.358
0.36
0.358
0.366
0.363
0.365
0.361
0.369
0.364
0.37
0.364
0.368
0.365
0.367
0.363
0.369
0.363
0.367
0.362
0.368
0.362
0.363
0.365
0.37
0.362
0.365
0.368
0.367
0.361
0.369
0.363
0.37
0.368
0.36
0.367
0.358
0.365
0.362
0.363
0.369
0.367
0.366
0.359
0.365
0.361
0.365
0.362
0.365
0.364
0.366
0.363
0.364
0.364
0.365
0.365
0.363
0.362
0.361
0.366
0.359
0.364
0.362
0.364
0.358
0.364
0.356
0.363
0.359
0.361
0.357
0.362
0.357
0.359
0.357
0.359
0.354
0.354
0.358
0.357
0.357
0.353
0.361
0.36
0.355
0.37
0.365
0.369
0.36
0.361
0.365
0.361
0.366
0.361
0.363
0.361
0.364
0.358
0.364
0.361
0.361
0.36
0.361
0.361
0.362
0.361
0.362
0.359
0.359
0.358
0.354
0.36
0.362
0.357
0.358
0.363
0.358
0.366
0.363
0.361
0.366
0.361
0.364
0.37
0.364
0.37
0.363
0.371
0.362
0.362
0.358
0.359
0.359
0.363
0.358
0.362
0.361
0.36
0.363
0.36
0.365
0.357
0.365
0.36
0.367
0.364
0.358
0.359
0.364
0.358
0.363
0.365
0.36
0.368
0.359
0.366
0.364
0.368
0.362
0.369
0.362
0.369
0.362
0.368
0.36
0.362
0.37
0.361
0.356
0.362
0.362
0.354
0.354
0.36
0.354
0.361
0.354
0.361
0.361
0.355
0.359
0.357
0.36
0.361
0.36
0.363
0.361
0.359
0.363
0.36
0.363
0.361
0.361
0.359
0.364
0.359
0.364
0.356
0.364
0.361
0.37
0.367
0.36
0.368
0.36
0.366
0.361
0.361
0.367
0.36
0.357
0.359
0.358
0.362
0.36
0.359
0.359
0.359
0.362
0.355
0.363
0.354
0.357
0.36
0.356
0.357
0.357
0.357
0.354
0.355
0.355
0.357
0.361
0.354
0.355
0.358
0.354
0.371
0.365
0.365
0.365
0.363
0.37
0.362
0.371
0.363
0.37
0.364
0.37
0.363
0.371
0.362
0.366
0.364
0.364
0.362
0.364
0.361
0.365
0.361
0.36
0.361
0.363
0.363
0.361
0.364
0.358
0.36
0.363
0.359
0.365
0.358
0.364
0.359
0.361
0.361
0.361
0.361
0.359
0.365
0.358
0.364
0.36
0.365
0.359
0.366
0.357
0.36
0.358
0.364
0.357
0.362
0.36
0.365
0.361
0.362
0.366
0.363
0.367
0.363
0.369
0.364
0.369
0.361
0.364
0.372
0.365
0.366
0.364
0.364
0.365
0.363
0.365
0.364
0.369
0.364
0.367
0.364
0.368
0.364
0.367
0.363
0.367
0.364
0.366
0.362
0.365
0.364
0.364
0.363
0.365
0.364
0.366
0.361
0.368
0.36
0.359
0.366
0.359
0.366
0.362
0.367
0.36
0.366
0.363
0.366
0.358
0.357
0.364
0.369
0.364
0.369
0.362
0.368
0.362
0.37
0.366
0.361
0.361
0.362
0.358
0.363
0.364
0.359
0.361
0.36
0.36
0.358
0.36
0.359
0.361
0.36
0.358
0.358
0.36
0.354
0.361
0.355
0.36
0.359
0.352
0.354
0.357
0.355
0.351
0.359
0.354
0.349
0.353
0.353
0.356
0.359
0.351
0.359
0.351
0.356
0.353
0.356
0.353
0.355
0.354
0.354
0.352
0.358
0.351
0.356
0.352
0.349
0.354
0.348
0.355
0.359
0.354
0.354
0.36
0.357
0.36
0.354
0.358
0.356
0.358
0.358
0.357
0.355
0.355
0.357
0.354
0.358
0.354
0.357
0.355
0.354
0.352
0.358
0.353
0.36
0.353
0.361
0.354
0.354
0.354
0.354
0.359
0.358
0.352
0.359
0.353
0.355
0.358
0.35
0.356
0.352
0.354
0.354
0.353
0.356
0.354
0.356
0.352
0.359
0.354
0.357
0.355
0.356
0.354
0.362
0.353
0.359
0.363
0.367
0.364
0.367
0.367
0.366
0.366
0.367
0.368
0.365
0.371
0.364
0.37
0.37
0.365
0.37
0.362
0.37
0.361
0.365
0.364
0.372
0.363
0.369
0.363
0.369
0.362
0.369
0.361
0.363
0.366
0.361
0.369
0.361
0.361
0.362
0.362
0.366
0.36
0.367
0.359
0.365
0.359
0.363
0.358
0.363
0.358
0.364
0.359
0.363
0.359
0.365
0.357
0.357
0.363
0.356
0.362
0.354
0.358
0.359
0.356
0.358
0.356
0.359
0.357
0.361
0.359
0.358
0.357
0.362
0.357
0.361
0.354
0.351
0.357
0.354
0.353
0.358
0.356
0.355
0.356
0.358
0.355
0.355
0.354
0.36
0.354
0.358
0.358
0.353
0.356
0.356
0.354
0.357
0.353
0.354
0.354
0.356
0.35
0.357
0.356
0.356
0.354
0.357
0.352
0.36
0.354
0.359
0.363
0.359
0.355
0.354
0.349
0.356
0.352
0.356
0.356
0.356
0.352
0.354
0.358
0.359
0.354
0.356
0.355
0.353
0.354
0.354
0.353
0.354
0.352
0.359
0.351
0.353
0.351
0.358
0.354
0.348
0.355
0.354
0.351
0.353
0.354
0.355
0.349
0.357
0.351
0.353
0.348
0.356
0.354
0.356
0.354
0.35
0.355
0.354
0.355
0.354
0.355
0.352
0.351
0.352
0.356
0.355
0.352
0.356
0.354
0.346
0.353
0.36
0.361
0.353
0.36
0.362
0.354
0.362
0.364
0.358
0.36
0.366
0.358
0.362
0.364
0.366
0.359
0.359
0.362
0.36
0.365
0.363
0.367
0.365
0.369
0.369
0.369
0.362
0.368
0.37
0.366
0.367
0.372
0.372
0.364
0.371
0.375
0.37
0.372
0.379
0.372
0.377
0.38
0.379
0.372
0.379
0.379
0.384
0.382
0.376
0.378
0.385
0.385
0.386
0.392
0.394
0.385
0.389
