0.631
0.643
0.569
0.568
0.547
0.55
0.531
0.519
0.511
0.501
0.488
0.489
0.466
0.456
0.461
0.453
0.453
0.445
0.456
0.452
0.454
0.45
0.439
0.442
0.446
0.456
0.445
0.452
0.454
0.459
0.451
0.445
0.443
0.435
0.44
0.437
0.44
0.438
0.448
0.454
0.441
0.438
0.437
0.436
0.435
0.439
0.439
0.447
0.442
0.442
0.434
0.441
0.444
0.434
0.436
0.446
0.436
0.438
0.43
0.437
0.441
0.435
0.429
0.428
0.427
0.426
0.427
0.427
0.417
0.432
0.425
0.424
0.425
0.429
0.426
0.431
0.427
0.434
0.438
0.443
0.441
0.434
0.432
0.423
0.429
0.428
0.435
0.428
0.428
0.438
0.432
0.428
0.432
0.431
0.424
0.426
0.429
0.435
0.441
0.428
0.43
0.428
0.425
0.43
0.42
0.43
0.424
0.438
0.429
0.43
0.428
0.429
0.434
0.435
0.426
0.43
0.436
0.433
0.425
0.423
0.427
0.427
0.432
0.435
0.441
0.43
0.435
0.438
0.44
0.447
0.433
0.434
0.424
0.433
0.436
0.446
0.431
0.43
0.427
0.435
0.437
0.428
0.43
0.422
0.43
0.422
0.428
0.433
0.428
0.421
0.421
0.416
0.412
0.419
0.425
0.417
0.411
0.421
0.415
0.419
0.417
0.415
0.412
0.415
0.42
0.414
0.411
0.412
0.409
0.417
0.41
0.413
0.407
0.416
0.408
0.413
0.411
0.403
0.412
0.411
0.403
0.408
0.417
0.408
0.398
0.4
0.406
0.405
0.404
0.399
0.404
0.401
0.411
0.413
0.419
0.413
0.412
0.403
0.405
0.412
0.415
0.408
0.404
0.408
0.398
0.407
0.402
0.404
0.4
0.4
0.396
0.398
0.395
0.394
0.401
0.396
0.403
0.399
0.398
0.407
0.39
0.391
0.399
0.395
0.394
0.4
0.402
0.395
0.395
0.396
0.39
0.396
0.397
0.404
0.4
0.398
0.401
0.406
0.396
0.404
0.412
0.414
0.395
0.403
0.407
0.412
0.403
0.407
0.415
0.41
0.414
0.412
0.42
0.424
0.422
0.419
0.424
0.434
0.427
0.437
0.444
0.453
0.442
0.448
0.442
0.444
0.447
0.442
0.446
0.449
0.455
0.475
0.475
0.481
0.477
0.481
0.473
0.472
0.468
0.468
0.466
0.511
0.54
0.544
0.564
0.563
0.552
0.559
0.561
0.547
0.547
0.559
0.558
0.602
0.601
0.602
0.594
0.592
0.603
0.588
0.601
0.615
0.613
0.613
0.609
0.614
0.628
0.641
0.631
0.641
0.68
0.664
0.668
0.655
0.639
0.649
0.651
0.651
0.655
0.661
0.677
0.664
0.672
0.678
0.678
0.672
0.679
0.689
0.69
0.68
0.667
0.631
0.681
0.649
0.645
0.653
0.692
0.69
0.688
0.699
0.686
0.67
0.655
0.646
0.647
0.631
0.605
0.595
0.606
0.629
0.641
0.643
0.653
0.641
0.641
0.668
0.664
0.651
0.653
0.655
0.646
0.643
0.661
0.657
0.659
0.66
0.658
0.663
0.659
0.67
0.668
0.665
0.661
0.662
0.647
0.675
0.667
0.671
0.677
0.669
0.68
0.692
0.688
0.593
0.561
0.564
0.556
0.562
0.538
0.519
0.499
0.504
0.498
0.494
0.484
0.492
0.49
0.484
0.483
0.486
0.479
0.465
0.467
0.459
0.455
0.457
0.45
0.456
0.449
0.459
0.453
0.453
0.438
0.43
0.431
0.437
0.438
0.437
0.428
0.431
0.437
0.423
0.417
0.416
0.417
0.413
0.412
0.412
0.422
0.417
0.416
0.41
0.413
0.41
0.413
0.413
0.407
0.406
0.405
0.41
0.409
0.404
0.397
0.419
0.428
0.418
0.413
0.406
0.403
0.411
0.408
0.401
0.408
0.418
0.408
0.399
0.406
0.402
0.4
0.402
0.406
0.396
0.399
0.408
0.417
0.405
0.396
0.395
0.407
0.413
0.411
0.41
0.414
0.404
0.404
0.408
0.401
0.409
0.405
0.401
0.396
0.403
0.404
0.402
0.412
0.411
0.403
0.405
0.408
0.399
0.393
0.402
0.401
0.403
0.399
0.396
0.402
0.406
0.411
0.403
0.394
0.403
0.407
0.41
0.405
0.4
0.397
0.406
0.403
0.4
0.391
0.397
0.399
0.396
0.397
0.396
0.388
0.404
0.397
0.39
0.391
0.391
0.394
0.401
0.396
0.404
0.402
0.399
0.398
0.4
0.403
0.395
0.4
0.396
0.398
0.405
0.399
0.402
0.406
0.403
0.397
0.402
0.407
0.408
0.4
0.413
0.403
0.402
0.409
0.399
0.404
0.407
0.401
0.399
0.396
0.403
0.398
0.402
0.403
0.393
0.402
0.403
0.401
0.397
0.396
0.4
0.406
0.404
0.396
0.404
0.401
0.405
0.41
0.402
0.405
0.404
0.403
0.413
0.407
0.407
0.405
0.411
0.402
0.409
0.408
0.399
0.408
0.406
0.412
0.408
0.402
0.404
0.397
0.395
0.401
0.396
0.401
0.401
0.402
0.406
0.397
0.404
0.401
0.403
0.407
0.413
0.404
0.402
0.412
0.41
0.419
0.414
0.417
0.407
0.434
0.427
0.43
0.435
0.429
0.435
0.438
0.435
0.437
0.441
0.449
0.441
0.441
0.46
0.456
0.457
0.457
0.448
0.457
0.492
0.497
0.502
0.493
0.494
0.488
0.499
0.5
0.493
0.504
0.507
0.528
0.553
0.562
0.559
0.563
0.582
0.578
0.566
0.6
0.595
0.606
0.604
0.598
0.59
0.576
0.567
0.568
0.614
0.614
0.612
0.627
0.615
0.627
0.635
0.628
0.622
0.608
0.639
0.648
0.646
0.646
0.655
0.667
0.677
0.688
0.689
0.673
