0.643
0.604
0.593
0.588
0.585
0.58
0.566
0.572
0.573
0.565
0.553
0.556
0.55
0.553
0.558
0.533
0.522
0.53
0.527
0.521
0.512
0.516
0.506
0.498
0.493
0.504
0.478
0.482
0.479
0.487
0.488
0.479
0.482
0.481
0.487
0.486
0.479
0.468
0.476
0.472
0.478
0.448
0.457
0.456
0.465
0.457
0.452
0.458
0.461
0.439
0.443
0.451
0.446
0.453
0.458
0.447
0.445
0.446
0.45
0.442
0.438
0.444
0.442
0.453
0.448
0.44
0.446
0.447
0.447
0.447
0.455
0.452
0.456
0.446
0.442
0.439
0.444
0.434
0.439
0.434
0.432
0.431
0.438
0.438
0.447
0.438
0.433
0.436
0.428
0.436
0.439
0.446
0.435
0.44
0.447
0.435
0.436
0.441
0.433
0.438
0.433
0.427
0.433
0.439
0.431
0.438
0.433
0.438
0.427
0.433
0.433
0.423
0.424
0.424
0.431
0.433
0.427
0.432
0.436
0.431
0.424
0.421
0.431
0.426
0.432
0.44
0.429
0.428
0.438
0.436
0.426
0.431
0.423
0.418
0.42
0.419
0.426
0.435
0.445
0.434
0.441
0.43
0.43
0.421
0.43
0.433
0.431
0.438
0.437
0.428
0.428
0.432
0.438
0.438
0.428
0.43
0.43
0.427
0.445
0.436
0.441
0.436
0.435
0.434
0.434
0.444
0.445
0.45
0.443
0.447
0.452
0.431
0.436
0.445
0.44
0.45
0.45
0.467
0.475
0.45
0.447
0.445
0.439
0.429
0.435
0.443
0.437
0.438
0.438
0.446
0.436
0.427
0.438
0.439
0.436
0.426
0.432
0.437
0.436
0.437
0.43
0.432
0.425
0.432
0.426
0.428
0.434
0.438
0.439
0.433
0.442
0.443
0.443
0.434
0.436
0.438
0.428
0.43
0.437
0.43
0.435
0.428
0.424
0.432
0.436
0.426
0.432
0.424
0.429
0.43
0.433
0.436
0.432
0.434
0.438
0.432
0.424
0.448
0.438
0.428
0.434
0.434
0.431
0.441
0.43
0.437
0.429
0.439
0.438
0.438
0.431
0.435
0.434
0.439
0.445
0.438
0.432
0.435
0.443
0.435
0.434
0.425
0.426
0.429
0.433
0.423
0.422
0.425
0.419
0.429
0.426
0.43
0.432
0.429
0.427
0.417
0.422
0.416
0.433
0.439
0.432
0.427
0.418
0.435
0.427
0.427
0.425
0.42
0.426
0.429
0.437
0.429
0.425
0.417
0.425
0.418
0.421
0.422
0.426
0.433
0.426
0.425
0.428
0.418
0.422
0.424
0.426
0.422
0.426
0.419
0.429
0.423
0.419
0.418
0.422
0.419
0.421
0.426
0.423
0.419
0.422
0.429
0.428
0.418
0.419
0.42
0.427
0.436
0.429
0.432
0.432
0.427
0.422
0.429
0.423
0.422
0.42
0.413
0.42
0.425
0.43
0.435
0.425
0.419
0.423
0.428
0.421
0.424
0.433
0.43
0.434
0.431
0.433
0.423
0.427
0.439
0.442
0.434
0.429
0.43
0.432
0.44
0.448
0.429
0.422
0.415
0.439
0.43
0.42
0.424
0.426
0.431
0.435
0.429
0.426
0.418
0.422
0.423
0.418
0.418
0.419
0.417
0.422
0.426
0.423
0.413
0.405
0.409
0.429
0.425
0.418
0.427
0.424
0.415
0.427
0.424
0.436
0.438
0.431
0.438
0.414
0.42
0.426
0.423
0.433
0.426
0.42
0.418
0.428
0.428
0.435
0.437
0.433
0.424
0.421
0.429
0.424
0.423
0.426
0.425
0.434
0.427
0.436
0.438
0.429
0.43
0.427
0.425
0.432
0.438
0.415
0.421
0.421
0.431
0.424
0.425
0.426
0.416
0.424
0.421
0.428
0.439
0.434
0.425
0.426
0.425
0.434
0.426
0.424
0.431
0.427
0.429
0.428
0.425
0.421
0.424
0.422
0.423
0.424
0.438
0.439
0.434
0.428
0.424
0.429
0.419
0.424
0.434
0.426
0.43
0.43
0.423
0.429
0.437
0.429
0.425
0.435
0.443
0.443
0.427
0.428
0.427
0.421
0.425
0.434
0.432
0.438
0.431
0.44
0.422
0.419
0.428
0.432
0.438
0.428
0.42
0.426
0.418
0.428
0.421
0.421
0.413
0.435
0.426
0.416
0.425
0.433
0.428
0.43
0.429
0.421
0.428
0.435
0.425
0.434
0.436
0.426
0.435
0.435
0.429
0.428
0.429
0.428
0.427
0.428
0.435
0.433
0.433
0.428
0.419
0.426
0.435
0.425
0.422
0.417
0.421
0.421
0.415
0.419
0.416
0.415
0.419
0.409
0.408
0.412
0.41
0.411
0.418
0.427
0.425
0.419
0.419
0.428
0.424
0.415
0.414
0.407
0.402
0.412
0.403
0.413
0.415
0.418
0.415
0.413
0.419
0.412
0.414
0.412
0.421
0.411
0.402
0.411
0.428
0.436
0.426
0.428
0.417
0.422
0.42
0.415
0.405
0.407
0.416
0.413
0.415
0.411
0.414
0.414
0.404
0.407
0.409
0.418
0.413
0.406
0.413
0.407
0.413
0.42
0.415
0.407
0.408
0.402
0.403
0.398
0.404
0.412
0.41
0.402
0.409
0.402
0.412
0.417
0.422
0.412
0.414
0.421
0.413
0.41
0.432
0.426
0.429
0.429
0.426
0.421
0.428
0.423
0.423
0.425
0.429
0.423
0.428
0.423
0.433
0.442
0.438
0.43
0.426
0.43
0.421
0.428
0.429
0.428
0.423
0.43
0.44
0.434
0.427
0.424
0.433
0.429
0.429
0.429
0.429
0.433
0.431
0.432
0.433
0.432
0.437
0.432
0.428
0.431
0.423
0.433
0.43
0.42
0.427
0.437
0.439
0.421
0.421
0.429
0.438
0.424
0.432
0.427
0.418
0.427
0.417
0.419
0.419
0.427
0.417
0.415
0.417
0.421
0.417
0.423
0.425
0.416
0.408
0.411
0.419
0.415
0.405
0.412
0.414
0.417
0.415
0.415
0.406
0.416
0.416
0.413
0.406
0.412
0.407
0.41
0.414
0.415
0.417
0.426
0.414
0.416
0.413
0.414
0.414
0.405
0.409
0.417
0.419
0.412
0.418
0.423
0.416
0.41
0.416
0.418
0.409
0.42
0.412
0.42
0.422
0.413
0.413
0.421
0.414
0.423
0.413
0.415
0.409
0.42
0.41
0.414
0.424
0.422
0.42
0.423
0.425
0.424
0.414
0.418
0.425
0.424
0.418
0.42
0.42
0.426
0.425
0.433
0.42
0.414
0.418
0.413
0.416
0.419
0.419
0.41
0.412
0.414
0.424
0.424
0.42
0.424
0.416
0.42
0.429
0.421
0.428
0.423
0.417
0.419
0.428
0.423
0.427
0.435
0.43
0.433
0.418
0.427
0.417
0.427
0.432
0.426
0.428
0.438
0.434
0.437
0.438
0.434
0.429
0.438
0.428
0.425
0.428
0.434
0.432
0.428
0.428
0.437
0.433
0.426
0.433
0.429
0.425
0.42
0.42
0.426
0.422
0.429
0.434
0.41
0.413
0.415
0.413
0.412
0.407
0.42
0.415
0.406
0.411
0.415
0.41
0.418
0.417
0.413
0.417
0.412
0.415
0.42
0.417
0.409
0.413
0.413
0.418
0.416
0.418
0.427
0.435
0.427
0.428
0.419
0.426
0.417
0.408
0.414
0.419
0.414
0.416
0.42
0.412
0.419
0.414
0.417
0.422
0.421
0.414
0.421
0.415
0.415
0.422
0.416
0.42
0.415
0.425
0.42
0.41
0.413
0.428
0.426
0.42
0.423
0.418
0.426
0.427
0.419
0.426
0.429
0.419
0.42
0.416
0.416
0.414
0.406
0.423
0.415
0.423
0.413
0.416
0.421
0.43
0.432
0.424
0.419
0.421
0.425
0.422
0.42
0.422
0.431
0.433
0.42
0.42
0.411
0.408
0.427
0.421
0.411
0.416
0.412
0.41
0.41
0.423
0.42
0.416
0.41
0.414
0.422
0.428
0.417
0.409
0.416
0.421
0.419
0.414
0.414
0.416
0.413
0.405
0.419
0.414
0.415
0.41
0.409
0.411
0.413
0.415
0.407
0.414
0.41
0.41
0.416
0.411
0.429
0.422
0.414
0.411
0.418
0.419
0.419
0.427
0.432
0.429
0.434
0.426
0.42
0.424
0.426
0.42
0.422
0.412
0.413
0.419
0.412
0.416
0.41
0.416
0.426
0.423
0.417
0.423
0.429
0.422
0.415
0.421
0.42
0.436
0.436
0.426
0.416
0.421
0.42
0.418
0.42
0.419
0.424
0.422
0.42
0.423
0.416
0.418
0.426
0.42
0.413
0.408
0.409
0.401
0.411
0.419
0.419
0.405
0.402
0.411
0.42
0.406
0.414
0.408
0.404
0.407
0.41
0.412
0.409
0.406
0.409
0.405
0.406
0.403
0.411
0.413
0.406
0.399
0.398
0.395
0.399
0.408
0.398
0.406
0.405
0.412
0.406
0.396
0.401
0.405
0.396
0.405
0.411
0.408
0.398
0.407
0.397
0.4
0.396
0.405
0.405
0.396
0.395
0.398
0.402
0.399
0.398
0.402
0.399
0.397
0.398
0.407
0.402
0.41
0.407
0.397
0.396
0.402
0.406
0.399
0.402
0.407
0.403
0.398
0.399
0.407
0.408
0.413
0.407
0.412
0.42
0.405
0.407
0.413
0.413
0.412
0.421
0.412
0.404
0.408
0.412
0.402
0.412
0.406
0.404
0.411
0.406
0.409
0.402
0.399
0.404
0.407
0.407
0.403
0.4
0.409
0.415
0.411
0.406
0.406
0.408
0.408
0.403
0.409
0.417
0.421
0.411
0.41
0.402
0.411
0.417
0.414
0.405
0.417
0.418
0.424
0.404
0.406
0.414
0.41
0.415
0.405
0.413
0.411
0.418
0.406
0.414
0.407
0.415
0.406
0.411
0.416
0.409
0.408
0.401
0.399
0.417
0.417
0.408
0.399
0.406
0.402
0.413
0.409
0.418
0.411
0.421
0.419
0.418
0.42
0.415
0.421
0.419
0.427
0.423
0.43
0.428
0.427
0.436
0.431
0.431
0.433
0.439
0.435
0.437
0.44
0.432
0.457
0.453
0.46
0.45
0.454
0.459
0.469
0.473
0.466
0.474
0.479
0.49
0.481
0.484
0.494
0.491
0.502
0.491
0.499
0.491
0.502
0.491
0.557
0.56
0.562
0.555
0.56
0.555
0.551
0.559
0.571
0.566
0.559
0.571
0.561
0.563
0.564
0.56
0.564
0.559
0.554
0.551
0.569
0.562
0.561
0.551
0.563
0.552
0.545
0.604
0.611
0.623
0.632
0.619
0.626
0.619
0.616
0.627
0.623
0.614
0.599
0.62
0.614
0.618
0.609
0.601
0.6
0.614
0.617
0.608
0.604
0.606
0.612
0.607
0.619
0.619
0.627
0.622
0.619
0.612
0.609
0.618
0.603
0.615
0.543
0.438
0.435
0.426
0.403
0.407
0.403
0.407
0.416
0.404
0.396
0.393
0.401
0.4
0.403
0.399
0.407
0.405
0.409
0.414
0.413
0.413
0.413
0.419
0.417
0.416
0.417
0.424
0.429
0.432
0.43
0.429
0.424
0.435
0.434
0.436
0.438
0.432
0.438
0.436
0.44
0.432
0.437
0.44
0.432
0.432
0.442
0.447
0.438
0.437
0.433
0.438
0.443
0.437
0.436
0.438
0.436
0.434
0.439
0.437
0.437
