0.686
0.682
0.656
0.648
0.641
0.642
0.597
0.604
0.601
0.59
0.594
0.591
0.579
0.568
0.571
0.574
0.56
0.558
0.557
0.554
0.56
0.54
0.539
0.55
0.511
0.521
0.504
0.504
0.515
0.51
0.505
0.5
0.49
0.501
0.49
0.492
0.498
0.494
0.496
0.484
0.493
0.482
0.487
0.49
0.489
0.489
0.492
0.485
0.487
0.49
0.493
0.482
0.49
0.487
0.478
0.484
0.49
0.481
0.478
0.487
0.475
0.484
0.481
0.476
0.471
0.475
0.48
0.472
0.473
0.475
0.474
0.477
0.477
0.472
0.475
0.475
0.469
0.472
0.477
0.475
0.477
0.47
0.473
0.478
0.476
0.478
0.474
0.474
0.476
0.481
0.482
0.482
0.48
0.487
0.489
0.491
0.501
0.507
0.513
0.512
0.506
0.51
0.514
0.512
0.515
0.523
0.531
0.529
0.555
0.568
0.568
0.569
0.578
0.586
0.581
0.579
0.588
0.618
0.61
0.597
0.588
0.574
0.578
0.583
0.574
0.574
0.561
0.559
0.551
0.558
0.549
0.547
0.54
0.547
0.537
0.529
0.533
0.533
0.527
0.525
0.522
0.523
0.525
0.527
0.521
0.521
0.517
0.507
0.518
0.516
0.513
0.51
0.505
0.513
0.491
0.498
0.493
0.485
0.493
0.481
0.49
0.483
0.474
0.477
0.483
0.474
0.473
0.467
0.474
0.467
0.467
0.476
0.465
0.469
0.463
0.467
0.471
0.466
0.456
0.455
0.454
0.447
0.448
0.446
0.442
0.451
0.44
0.439
0.444
0.45
0.447
0.441
0.437
0.436
0.444
0.449
0.44
0.438
0.438
0.435
0.434
0.444
0.434
0.437
0.444
0.437
0.433
0.443
0.444
0.44
0.443
0.436
0.431
0.435
0.433
0.442
0.432
0.439
0.439
0.434
0.434
0.433
0.44
0.441
0.433
0.438
0.437
0.441
0.435
0.434
0.443
0.441
0.438
0.442
0.433
0.429
0.426
0.434
0.43
0.431
0.435
0.438
0.434
0.438
0.429
0.427
0.428
0.437
0.442
0.432
0.432
0.436
0.443
0.431
0.439
0.439
0.431
0.435
0.441
0.435
0.432
0.432
0.44
0.438
0.443
0.432
0.438
0.443
0.434
0.432
0.43
0.429
0.437
0.438
0.432
0.436
0.437
0.429
0.427
0.436
0.432
0.43
0.44
0.431
0.434
0.424
0.428
0.423
0.433
0.423
0.43
0.434
0.437
0.428
0.429
0.438
0.429
0.428
0.438
0.43
0.43
0.436
0.434
0.43
0.434
0.428
0.438
0.428
0.424
0.433
0.427
0.429
0.429
0.437
0.438
0.431
0.429
0.423
0.425
0.434
0.438
0.432
0.432
0.43
0.44
0.432
0.427
0.43
0.438
0.444
0.433
0.435
0.438
0.443
0.432
0.428
0.438
0.428
0.434
0.434
0.435
0.442
0.433
0.429
0.431
0.431
0.437
0.428
0.435
0.437
0.445
0.443
0.443
0.433
0.438
0.436
0.442
0.448
0.438
0.444
0.448
0.441
0.449
0.444
0.434
0.439
0.438
0.433
0.435
0.444
0.449
0.44
0.443
0.446
0.435
0.432
0.441
0.435
0.433
0.438
0.431
0.437
0.432
0.442
0.449
0.438
0.437
0.438
0.436
0.445
0.443
0.443
0.443
0.436
0.432
0.431
0.44
0.433
0.432
0.438
0.431
0.436
0.444
0.434
0.433
0.44
0.439
0.432
0.433
0.438
0.431
0.433
0.432
0.437
0.427
0.427
0.437
0.434
0.428
0.436
0.432
0.44
0.443
0.435
0.434
0.44
0.433
0.431
0.431
0.439
0.432
0.438
0.441
0.445
0.438
0.438
0.439
0.43
0.426
0.428
0.43
0.431
0.438
0.436
0.428
0.436
0.438
0.433
0.427
0.426
0.433
0.424
0.431
0.428
0.436
0.428
0.42
0.427
0.424
0.419
0.429
0.42
0.428
0.431
0.424
0.427
0.421
0.427
0.429
0.42
0.422
0.424
0.421
0.422
0.427
0.433
0.43
0.422
0.421
0.431
0.421
0.425
0.419
0.418
0.424
0.425
0.434
0.424
0.422
0.415
0.422
0.417
0.425
0.417
0.426
0.419
0.415
0.428
0.421
0.43
0.426
0.416
0.426
0.421
0.426
0.426
0.432
0.426
0.43
0.424
0.423
0.414
0.42
0.426
0.416
0.422
0.415
0.419
0.424
0.417
0.425
0.415
0.424
0.423
0.432
0.423
0.422
0.429
0.42
0.419
0.423
0.422
0.417
0.421
0.431
0.425
0.419
0.413
0.42
0.416
0.414
0.418
0.425
0.419
0.419
0.41
0.42
0.415
0.415
0.423
0.418
0.422
0.415
0.412
0.423
0.425
0.43
0.42
0.423
0.43
0.43
0.434
0.436
0.432
0.441
0.436
0.429
0.433
0.431
0.424
0.428
0.433
0.44
0.43
0.436
0.429
0.424
0.42
0.429
0.422
0.425
0.425
0.417
0.424
0.427
0.426
0.416
0.414
0.426
0.417
0.413
0.419
0.413
0.422
0.419
0.415
0.423
0.415
0.419
0.424
0.426
0.421
0.416
0.414
0.42
0.425
0.417
0.416
0.41
0.417
0.416
0.41
0.419
0.416
0.41
0.418
0.42
0.42
0.417
0.421
0.42
0.412
0.413
0.416
0.415
0.424
0.418
0.412
0.417
0.407
0.411
0.416
0.41
0.419
0.412
0.412
0.419
0.415
0.417
0.408
0.416
0.407
0.412
0.415
0.41
0.417
0.409
0.414
0.415
0.415
0.411
0.413
0.411
0.415
0.406
0.415
0.424
0.417
0.414
0.42
0.411
0.416
0.409
0.415
0.414
0.41
0.418
0.418
0.427
0.423
0.424
0.428
0.423
0.422
0.42
0.413
0.421
0.411
0.417
0.41
0.418
0.41
0.413
0.414
0.418
0.427
0.412
0.408
0.408
0.417
0.418
0.412
0.41
0.414
0.414
0.423
0.42
0.41
0.414
0.408
0.413
0.414
0.407
0.414
0.414
0.412
0.418
0.414
0.41
0.412
0.416
0.417
0.419
0.428
0.416
0.415
0.411
0.414
0.42
0.413
0.414
0.416
0.421
0.423
0.413
0.423
0.415
0.411
0.421
0.414
0.412
0.415
0.414
0.409
0.416
0.421
0.416
0.41
0.409
0.416
0.419
0.413
0.41
0.406
0.416
0.414
0.409
0.416
0.417
0.416
0.407
0.405
0.413
0.418
0.42
0.415
0.406
0.41
0.413
0.406
0.416
0.413
0.408
0.413
0.408
0.415
0.414
0.411
0.411
0.416
0.417
0.422
0.41
0.413
0.417
0.417
0.409
0.403
0.412
0.407
0.405
0.413
0.415
0.408
0.403
0.404
0.403
0.401
0.406
0.403
0.409
0.399
0.402
0.4
0.407
0.406
0.404
0.397
0.403
0.402
0.404
0.402
0.412
0.412
0.408
0.402
0.404
0.404
0.409
0.413
0.414
0.405
0.404
0.412
0.407
0.402
0.407
0.398
0.409
0.403
0.405
0.406
0.407
0.403
0.409
0.404
0.408
0.406
0.416
0.416
0.41
0.406
0.416
0.41
0.404
0.407
0.41
0.405
0.413
0.41
0.404
0.414
0.408
0.406
0.405
0.413
0.413
0.414
0.41
0.406
0.404
0.412
0.406
0.406
0.41
0.405
0.413
0.411
0.408
0.412
0.414
0.412
0.408
0.412
0.417
0.421
0.417
0.42
0.416
0.411
0.406
0.41
0.413
0.407
0.416
0.408
0.41
0.415
0.413
0.406
0.412
0.402
0.406
0.409
0.408
0.405
0.408
0.403
0.413
0.411
0.418
0.408
0.407
0.412
0.406
0.405
0.405
0.408
0.411
0.415
0.41
0.401
0.41
0.406
0.403
0.406
0.398
0.41
0.404
0.403
0.408
0.398
0.415
0.412
0.407
0.404
0.41
0.405
0.413
0.404
0.409
0.41
0.407
0.415
0.408
0.405
0.414
0.405
0.413
0.412
0.402
0.41
0.404
0.412
0.404
0.407
0.406
0.414
0.413
0.418
0.41
0.406
0.413
0.417
0.411
0.408
0.405
0.409
0.41
0.418
0.417
0.414
0.412
0.419
0.413
0.405
0.408
0.409
0.412
0.409
0.409
0.403
0.412
0.405
0.41
0.411
0.409
0.414
0.414
0.424
0.417
0.407
0.414
0.408
0.416
0.408
0.408
0.418
0.408
0.411
0.406
0.411
0.405
0.411
0.404
0.408
0.411
0.404
0.407
0.403
0.413
0.409
0.402
0.404
0.401
0.41
0.412
0.404
0.403
0.406
0.407
0.401
0.41
0.406
0.407
0.416
0.413
0.413
0.421
0.417
0.415
0.412
0.42
0.43
0.424
0.42
0.427
0.425
0.421
0.42
0.429
0.426
0.427
0.436
0.424
0.429
0.424
0.418
0.416
0.419
0.419
0.412
0.42
0.417
0.409
0.416
0.415
0.42
0.416
0.411
0.418
0.412
0.418
0.408
0.408
0.412
0.411
0.412
0.407
0.411
0.412
0.417
0.412
0.408
0.416
0.406
0.408
0.418
0.416
0.412
0.414
0.418
0.409
0.403
0.409
0.404
0.414
0.415
0.415
0.407
0.404
0.411
0.413
0.408
0.404
0.414
0.415
0.406
0.416
0.406
0.409
0.41
0.409
0.414
0.409
0.411
0.417
0.412
0.417
0.409
0.414
0.405
0.417
0.413
0.409
0.41
0.409
0.416
0.407
0.41
0.414
0.406
0.412
0.42
0.415
0.407
0.416
0.411
0.402
0.407
0.408
0.416
0.41
0.403
0.406
0.401
0.409
0.407
0.403
0.407
0.401
0.411
0.411
0.417
0.413
0.405
0.414
0.415
0.409
0.407
0.412
0.407
0.406
0.415
0.411
0.406
0.409
0.406
0.402
0.412
0.406
0.415
0.407
0.413
0.403
0.41
0.407
0.415
0.409
0.414
0.409
0.413
0.417
0.413
0.406
0.41
0.407
0.415
0.406
0.411
0.407
0.417
0.416
0.412
0.414
0.414
0.421
0.413
0.403
0.409
0.412
0.407
0.412
0.408
0.413
0.405
0.404
0.409
0.419
0.411
0.403
0.407
0.414
0.406
0.405
0.403
0.408
0.414
0.405
0.404
0.402
0.408
0.405
0.41
0.411
0.408
0.402
0.408
0.401
0.411
0.405
0.4
0.4
0.407
0.402
0.407
0.4
0.407
0.411
0.405
0.413
0.408
0.404
0.405
0.399
0.407
0.402
0.398
0.403
0.41
0.408
0.402
0.406
0.404
0.413
0.406
0.396
0.396
0.398
0.402
0.401
0.394
0.398
0.396
0.396
0.401
0.405
0.402
0.398
0.396
0.394
0.397
0.391
0.399
0.39
0.397
0.393
0.405
0.405
0.401
0.405
0.398
0.397
0.4
0.399
0.403
0.397
0.403
0.397
0.406
0.399
0.404
0.4
0.396
0.404
0.399
0.398
0.401
0.395
0.404
0.403
0.393
0.4
0.401
0.398
0.403
0.402
0.396
0.395
0.394
0.393
0.393
0.396
0.394
0.399
0.396
0.393
0.391
0.399
0.392
0.394
0.394
0.395
0.391
0.396
0.393
0.397
0.393
0.402
0.398
0.396
0.394
0.397
0.394
0.4
0.396
0.398
0.4
0.4
0.404
0.399
0.396
0.397
0.402
0.397
0.406
0.399
0.398
0.399
0.403
0.405
0.406
0.41
0.404
0.404
0.411
0.406
0.405
0.409
0.411
0.421
0.408
0.4
0.419
0.408
0.402
0.412
0.406
0.413
0.406
0.416
0.421
0.411
0.419
0.412
0.41
0.413
0.407
0.417
0.413
0.405
0.408
0.406
0.413
0.409
0.41
0.407
0.401
0.397
0.401
0.403
0.398
0.407
0.406
0.399
0.407
0.403
0.399
0.402
0.402
0.398
0.406
0.4
0.4
0.4
0.4
0.407
0.399
0.4
0.398
0.402
0.399
0.399
0.396
0.398
0.402
0.399
0.402
0.401
0.408
0.404
0.396
0.401
0.396
0.398
0.4
0.396
0.403
0.399
0.404
0.405
0.4
0.396
0.396
0.404
0.402
0.396
0.398
0.396
0.397
0.397
0.396
0.396
0.397
0.397
0.398
0.406
0.401
0.397
0.396
0.4
0.392
0.401
0.396
0.4
0.395
0.398
0.396
0.4
0.409
0.402
0.398
0.4
0.395
0.403
0.408
0.401
0.391
0.4
0.397
0.403
0.396
0.403
0.409
0.403
0.396
0.396
0.401
0.401
0.398
0.403
0.408
0.407
0.399
0.4
0.405
0.404
0.406
0.399
0.398
0.401
0.403
0.396
0.411
0.401
0.396
0.409
0.407
0.398
0.404
0.396
0.402
0.401
0.398
0.407
0.402
0.402
0.408
0.411
0.402
0.404
0.4
0.413
0.41
0.401
0.403
0.409
0.408
0.406
0.414
0.408
0.398
0.411
0.402
0.401
0.406
0.41
0.407
0.405
0.402
0.406
0.403
0.401
0.396
0.403
0.4
0.406
0.402
0.4
0.397
0.396
0.397
0.405
0.397
0.403
0.404
0.399
0.405
0.401
0.406
0.399
0.407
0.4
0.402
0.406
0.403
0.404
0.404
0.401
0.406
0.398
0.398
0.402
0.4
0.405
0.404
0.412
0.396
0.405
0.401
0.396
0.392
0.4
0.391
0.391
0.393
0.396
0.397
0.398
0.393
0.395
0.392
0.396
0.395
0.391
0.395
0.39
0.397
0.389
0.391
0.39
0.395
0.398
0.392
0.4
0.398
0.396
0.389
0.394
0.392
0.397
0.395
0.399
0.398
0.392
0.391
0.388
0.392
0.392
0.393
0.4
0.396
0.394
0.391
0.39
0.391
0.397
0.395
0.388
0.386
0.387
0.39
0.388
0.392
0.392
0.391
0.387
0.386
0.388
0.383
0.39
0.383
0.392
0.383
0.387
0.394
0.394
0.388
0.393
0.386
0.381
0.386
0.387
0.379
0.386
0.381
0.385
0.384
0.388
0.383
0.387
0.38
0.383
0.389
0.394
0.385
0.384
0.384
0.388
0.384
0.383
0.388
0.389
0.386
0.386
0.386
0.388
0.385
0.388
0.384
0.382
0.383
0.386
0.378
0.382
0.383
0.381
0.381
0.386
0.382
0.391
0.384
0.377
0.383
0.38
0.387
0.381
0.389
0.38
0.381
0.38
0.385
0.381
0.388
0.384
0.387
0.381
0.38
0.379
0.388
0.383
0.388
0.393
0.389
0.387
0.385
0.385
0.384
0.389
0.388
0.385
0.392
0.386
0.387
0.384
0.391
0.395
0.395
0.39
0.382
0.386
0.388
0.395
0.389
0.387
0.385
0.391
0.384
0.391
0.393
0.395
0.391
0.388
0.387
0.388
0.385
0.392
0.387
0.388
0.385
0.389
0.389
0.39
0.391
0.39
0.393
0.396
0.395
0.39
0.391
0.389
0.393
0.39
0.396
0.396
0.391
0.392
0.387
0.389
0.389
0.392
0.389
0.396
0.396
0.391
0.389
0.388
0.393
0.384
0.391
0.399
0.394
0.394
0.389
0.391
0.392
0.391
0.392
0.398
0.402
0.397
0.393
0.394
0.396
0.395
0.393
0.398
0.396
0.403
0.396
0.396
0.396
0.402
0.396
0.405
0.397
0.399
0.401
0.404
0.406
0.414
0.409
0.402
0.406
0.407
0.408
0.41
0.401
0.405
0.403
0.407
0.407
0.414
0.406
0.404
0.413
0.41
0.412
0.408
0.409
0.408
0.418
0.413
0.408
0.411
0.415
0.413
0.419
0.41
0.411
0.417
0.407
0.418
0.422
0.423
0.416
0.423
0.426
0.428
0.419
0.42
0.423
0.428
0.42
0.411
0.418
0.419
0.427
0.427
0.418
0.41
0.424
0.416
0.417
0.418
0.413
0.427
0.421
0.414
0.419
0.425
0.427
0.422
0.414
0.418
0.422
0.425
0.42
0.415
0.411
0.412
0.421
0.419
0.421
0.413
0.41
0.415
0.417
0.424
0.421
0.413
0.413
0.408
0.417
0.414
0.408
0.417
0.419
0.425
0.419
0.41
0.413
0.41
0.409
0.416
0.41
0.407
0.413
0.414
0.407
0.412
0.404
0.407
0.409
0.405
0.409
0.416
0.406
0.409
0.406
0.408
0.409
0.419
0.414
0.408
0.403
0.406
0.407
0.415
0.413
0.403
0.412
0.409
0.4
0.401
0.395
0.402
0.396
0.405
0.398
0.399
0.394
0.401
0.398
0.394
0.394
0.396
0.396
0.396
0.391
0.39
0.396
0.389
0.392
0.392
0.4
0.392
0.387
0.392
0.393
0.393
0.385
0.398
0.393
0.387
0.387
0.39
0.394
0.387
0.39
0.391
0.392
0.389
0.383
0.392
0.401
0.396
0.389
0.387
0.385
0.391
0.384
0.388
0.387
0.395
0.393
0.386
0.386
0.387
0.381
0.389
0.383
0.39
0.395
0.388
0.385
0.388
0.382
0.384
0.384
0.393
0.387
0.389
0.385
0.385
0.387
0.383
0.384
0.389
0.383
0.39
0.384
0.383
0.389
0.383
0.39
0.386
0.384
0.387
0.394
0.394
0.39
0.389
0.383
0.39
0.381
0.386
0.386
0.391
0.391
0.384
0.392
0.387
0.396
0.395
0.389
0.393
0.395
0.398
0.393
0.391
0.399
0.391
0.396
0.393
0.399
0.403
0.396
0.392
0.398
0.397
0.406
0.403
0.396
0.395
0.394
0.397
0.395
0.398
0.397
0.397
0.401
0.395
0.4
0.398
0.405
0.408
0.406
0.407
0.399
0.402
0.396
0.403
0.405
0.395
0.398
0.402
0.401
0.409
0.405
0.404
0.401
0.403
0.4
0.406
0.404
0.408
0.405
0.401
0.402
0.41
0.411
0.401
0.406
0.404
0.404
0.409
0.405
0.412
0.402
0.408
0.409
0.417
0.407
0.403
0.406
0.407
0.4
0.407
0.4
0.406
0.402
0.395
0.396
0.401
0.394
0.401
0.401
0.398
0.39
0.391
0.391
0.392
0.391
0.396
0.39
0.386
0.384
0.393
0.391
0.392
0.391
0.382
0.387
0.388
0.384
0.391
0.396
0.386
0.387
0.382
0.388
0.396
0.389
0.387
0.391
0.385
0.386
0.381
0.383
0.387
0.383
0.384
0.392
0.391
0.391
0.386
0.382
0.383
0.386
0.385
0.383
0.381
0.386
0.39
0.395
0.388
0.382
0.383
0.386
0.387
0.382
0.389
0.393
0.39
0.384
0.389
0.387
0.386
0.39
0.387
0.382
0.386
0.385
0.388
0.388
0.384
0.387
0.386
0.39
0.399
0.392
0.389
0.387
0.386
0.389
0.381
0.4
0.391
0.384
0.388
0.387
0.395
0.391
0.394
0.393
0.396
0.389
0.392
0.388
0.395
0.391
0.395
0.391
0.394
0.396
0.392
0.391
0.396
0.394
0.392
0.4
0.4
0.401
0.395
0.389
0.396
0.396
0.404
0.397
0.404
0.399
0.396
0.396
0.399
0.407
0.404
0.399
0.396
0.403
0.4
0.408
0.404
0.404
0.399
0.404
0.401
0.411
0.406
0.404
0.403
0.411
0.406
0.414
0.413
0.403
0.404
0.407
0.411
0.415
0.41
0.403
0.412
0.405
0.404
0.408
0.412
0.413
0.405
0.408
0.405
0.413
0.413
0.421
0.412
0.412
0.421
0.42
0.411
0.411
0.415
0.414
0.422
0.42
0.41
0.412
0.409
0.415
0.411
0.417
0.414
0.409
0.412
0.41
0.42
0.419
0.419
0.413
0.406
0.415
0.407
0.414
0.404
0.409
0.41
0.411
0.408
0.413
0.409
0.417
0.415
0.408
0.407
0.414
0.412
0.417
0.42
0.405
0.413
0.416
0.419
0.41
0.412
0.408
0.412
0.421
0.416
0.425
0.416
0.414
0.415
0.425
0.421
0.415
0.413
0.418
0.419
0.429
0.419
0.409
0.414
0.404
0.408
0.406
0.406
0.41
0.413
0.41
0.405
0.4
0.409
0.408
0.413
0.404
0.403
0.404
0.402
0.407
0.405
0.4
0.407
0.41
0.411
0.408
0.4
0.404
0.403
0.407
0.408
0.402
0.404
0.403
0.408
0.404
0.412
0.402
0.403
0.404
0.41
0.409
0.417
0.413
0.41
0.4
0.407
0.404
0.414
0.409
0.418
0.416
0.407
0.411
0.404
0.414
0.413
0.41
0.409
0.416
0.414
0.421
0.42
0.41
0.41
0.406
0.41
0.411
0.408
0.409
0.405
0.408
0.409
0.404
0.41
0.411
0.409
0.402
0.41
0.41
0.408
0.408
0.415
0.415
0.408
0.404
0.404
0.412
0.41
0.414
0.407
0.403
0.409
0.412
0.415
0.41
0.405
0.406
0.407
0.401
0.407
0.401
0.406
0.409
0.408
0.415
0.402
0.402
0.4
0.407
0.406
0.409
0.401
0.402
0.404
0.406
0.406
0.406
0.405
0.407
0.41
0.405
0.413
0.419
0.406
0.404
0.414
0.411
0.407
0.408
0.406
0.415
0.421
0.409
0.407
0.414
0.41
0.4
0.405
0.411
0.416
0.416
0.409
0.414
0.414
0.422
0.415
0.421
0.414
0.413
0.417
0.408
0.414
0.415
0.41
0.415
0.411
0.412
0.413
0.408
0.412
0.417
0.417
0.408
0.412
0.408
0.417
0.413
0.405
0.412
0.406
0.409
0.408
0.413
0.419
0.417
0.413
0.412
0.408
0.414
0.409
0.417
0.407
0.411
0.41
0.415
0.418
0.421
0.421
0.408
0.415
0.422
0.419
0.417
0.413
0.411
0.414
0.423
0.414
0.418
0.409
0.415
0.42
0.412
0.417
0.416
0.412
0.42
0.414
0.414
0.422
0.421
0.425
0.42
0.412
0.412
0.418
0.415
0.411
0.413
0.42
0.424
0.432
0.425
0.421
0.414
0.41
0.42
0.41
0.411
0.408
0.416
0.412
0.402
0.411
0.402
0.41
0.401
0.403
0.409
0.4
0.401
0.403
0.398
0.403
0.405
0.411
0.41
0.411
0.406
0.399
0.397
0.403
0.404
0.414
0.404
0.395
0.401
0.394
0.397
0.399
0.396
0.403
0.4
0.396
0.397
0.396
0.399
0.398
0.406
0.405
0.399
0.397
0.396
0.402
0.394
0.406
0.4
0.397
0.403
0.398
0.404
0.399
0.402
0.411
0.406
0.4
0.401
0.406
0.405
0.406
0.396
0.403
0.399
0.407
0.4
0.406
0.398
0.401
0.398
0.416
0.407
0.397
0.402
0.396
0.41
0.403
0.396
0.405
0.409
0.401
0.4
0.395
0.402
0.401
0.399
0.399
0.396
0.396
0.397
0.398
0.402
0.4
0.394
0.399
0.408
0.397
0.402
0.4
0.394
0.397
0.396
0.401
0.398
0.406
0.403
0.399
0.395
0.397
0.394
0.397
0.405
0.396
0.398
0.397
0.396
0.403
0.398
0.401
0.4
0.392
0.397
0.399
0.406
0.406
0.397
0.397
0.4
0.392
0.4
0.393
0.399
0.393
0.404
0.402
0.392
0.397
0.395
0.398
0.393
0.4
0.406
0.397
0.393
0.398
0.399
0.4
0.394
0.394
0.402
0.397
0.399
0.394
0.392
0.392
0.396
0.395
0.397
0.399
0.396
0.394
0.396
0.391
0.399
0.402
0.399
0.393
0.395
0.392
0.398
0.393
0.399
0.397
0.394
0.396
0.393
0.397
0.392
0.401
0.401
0.397
0.391
0.398
0.394
0.401
0.393
0.401
0.402
0.397
0.39
0.393
0.393
0.399
0.399
0.404
0.397
0.393
0.391
0.393
0.395
0.388
0.397
0.396
0.397
0.389
0.391
0.395
0.393
0.397
0.391
0.391
0.39
0.398
0.389
0.396
0.389
0.393
0.392
0.396
0.4
0.396
0.389
0.394
0.391
0.392
0.391
0.392
0.393
0.389
0.391
0.389
0.397
0.401
0.392
0.394
0.387
0.396
0.397
0.391
0.393
0.393
0.39
0.391
0.396
0.392
0.399
0.4
0.394
0.397
0.392
0.394
0.399
0.405
0.405
0.396
0.396
0.39
0.399
0.399
0.401
0.393
0.397
0.401
0.403
0.404
0.395
0.394
0.395
0.398
0.392
0.399
0.395
0.395
0.396
0.391
0.399
0.391
0.396
0.392
0.401
0.394
0.392
0.398
0.392
0.389
0.396
0.395
0.391
0.396
0.398
0.407
0.401
0.392
0.396
0.39
0.398
0.397
0.39
0.396
0.388
0.396
0.391
0.39
0.39
0.392
0.39
0.394
0.389
0.396
0.399
0.392
0.392
0.39
0.388
0.39
0.387
0.396
0.401
0.408
0.399
0.392
0.396
0.394
0.401
0.402
0.404
0.398
0.394
0.397
0.391
0.394
0.398
0.393
0.396
0.396
0.391
0.398
0.393
0.395
0.398
0.4
0.397
0.395
0.401
0.399
0.395
0.399
0.392
0.389
0.388
0.389
0.385
0.392
0.39
0.385
0.389
0.387
0.396
0.395
0.389
0.387
0.391
0.387
0.387
0.387
0.396
0.397
0.392
0.388
0.386
0.388
0.383
0.391
0.396
0.387
0.384
0.388
0.382
0.388
0.389
0.396
0.394
0.386
0.381
0.388
0.387
0.385
0.393
0.39
0.387
0.39
0.388
0.39
0.389
0.386
0.391
0.386
0.39
0.389
0.394
0.396
0.391
0.387
0.393
0.396
0.395
0.389
0.391
0.384
0.392
0.398
0.397
0.392
0.392
0.385
0.394
0.389
0.393
0.387
0.396
0.397
0.391
0.393
0.387
0.389
0.386
0.395
0.396
0.392
0.389
0.389
0.388
0.386
0.391
0.387
0.389
0.387
0.385
0.391
0.383
0.39
0.382
0.39
0.394
0.393
0.385
0.387
0.386
0.388
0.384
0.391
0.387
0.385
0.385
0.39
0.382
0.388
0.386
0.385
0.386
0.383
0.389
0.383
0.391
0.389
0.384
0.386
0.383
0.389
0.387
0.389
0.386
0.392
0.394
0.389
0.385
0.383
0.389
0.385
0.391
0.393
0.387
0.384
0.385
0.385
0.387
0.385
0.393
0.394
0.396
0.39
0.388
0.387
0.386
0.393
0.384
0.389
0.382
0.39
0.386
0.388
0.39
0.386
0.389
0.389
0.393
0.387
0.395
0.386
0.39
0.394
0.386
0.399
0.397
0.393
0.393
0.394
0.395
0.393
0.399
0.401
0.399
0.393
0.401
0.401
0.409
0.399
0.398
0.393
0.399
0.392
0.401
0.401
0.394
0.4
0.395
0.399
0.395
0.403
0.403
0.4
0.398
0.405
0.398
0.407
0.408
0.396
0.402
0.395
0.401
0.397
0.394
0.397
0.394
0.399
0.393
0.401
0.403
0.4
0.393
0.396
0.392
0.398
0.392
0.397
0.395
0.397
0.396
0.399
0.398
0.394
0.398
0.392
0.4
0.398
0.403
0.395
0.393
0.396
0.402
0.395
0.404
0.396
0.398
0.396
0.403
0.403
0.398
0.398
0.396
0.401
0.403
0.401
0.393
0.4
0.396
0.403
0.399
0.406
0.408
0.401
0.397
0.398
0.402
0.396
0.402
0.399
0.396
0.402
0.402
0.408
0.404
0.4
0.393
0.403
0.399
0.394
0.396
0.394
0.399
0.396
0.401
0.403
0.397
0.395
0.397
0.39
0.398
0.406
0.396
0.391
0.394
0.392
0.396
0.388
0.399
0.399
0.394
0.394
0.397
0.395
0.399
0.403
0.394
0.391
0.396
0.39
0.399
0.39
0.396
0.394
0.392
0.401
0.396
0.404
0.396
0.397
0.396
0.397
0.395
0.399
0.39
0.395
0.396
0.395
0.396
0.392
0.394
0.396
0.394
0.396
0.391
0.399
0.393
0.395
0.393
0.399
0.394
0.396
0.396
0.393
0.4
0.396
0.403
0.4
0.398
0.395
0.396
0.394
0.4
0.394
0.395
0.398
0.39
0.409
0.401
0.395
0.397
0.396
0.399
0.4
0.4
0.397
0.396
0.396
0.401
0.396
0.396
0.396
0.393
0.402
0.402
0.399
0.394
0.397
0.392
0.394
0.396
0.401
0.407
0.397
0.391
0.395
0.399
0.395
0.4
0.399
0.393
0.395
0.396
0.392
0.4
0.398
0.393
0.396
0.391
0.399
0.395
0.39
0.392
0.392
0.396
0.393
0.39
0.394
0.392
0.393
0.388
0.393
0.396
0.396
0.393
0.389
0.39
0.395
0.39
0.389
0.395
0.391
0.396
0.395
0.402
0.396
0.396
0.394
0.39
0.395
0.39
0.399
0.395
0.395
0.392
0.396
0.389
0.398
0.39
0.396
0.389
0.394
0.395
0.392
0.386
0.394
0.402
0.396
0.397
0.396
0.389
0.392
0.391
0.393
0.386
0.395
0.396
0.393
0.384
0.393
0.386
0.391
0.388
0.39
0.384
0.387
0.386
0.395
0.389
0.395
0.396
0.388
0.388
0.388
0.389
0.389
0.392
0.386
0.393
0.398
0.394
0.388
0.386
0.39
0.386
0.387
0.39
0.382
0.391
0.385
0.387
0.385
0.394
0.389
0.389
0.383
0.39
0.384
0.386
0.381
0.389
0.384
0.39
0.382
0.387
0.384
0.384
0.383
0.388
0.382
0.39
0.39
0.387
0.385
0.386
0.379
0.387
0.379
0.389
0.388
0.381
0.383
0.385
0.386
0.381
0.387
0.38
0.389
0.386
0.383
0.384
0.386
0.389
0.381
0.388
0.388
0.385
0.39
0.388
0.392
0.396
0.391
0.392
0.385
0.389
0.386
0.392
0.387
0.393
0.391
0.392
0.384
0.391
0.385
0.393
0.384
0.391
0.391
0.387
0.39
0.387
0.39
0.386
0.392
0.396
0.393
0.392
0.387
0.392
0.391
0.391
0.386
0.392
0.399
0.396
0.395
0.386
0.392
0.394
0.389
0.392
0.39
0.398
0.396
0.389
0.396
0.398
0.389
0.396
0.39
0.398
0.404
0.399
0.395
0.396
0.395
0.399
0.396
0.404
0.396
0.396
0.395
0.396
0.39
0.402
0.401
0.393
0.396
0.394
0.402
0.396
0.4
0.396
0.396
0.393
0.399
0.398
0.392
0.397
0.396
0.398
0.396
0.403
0.396
0.396
0.394
0.403
0.396
0.404
0.398
0.394
0.4
0.401
0.396
0.398
0.397
0.398
0.396
0.402
0.406
0.4
0.395
0.403
0.401
0.394
0.395
0.403
0.41
0.405
0.396
0.399
0.398
0.404
0.404
0.408
0.398
0.405
0.404
0.403
0.397
0.401
0.396
0.404
0.4
0.407
0.408
0.398
0.4
0.396
0.403
0.396
0.404
0.399
0.396
0.4
0.395
0.402
0.409
0.399
0.402
0.396
0.4
0.397
0.403
0.397
0.405
0.403
0.41
0.408
0.409
0.402
0.405
0.4
0.409
0.405
0.402
0.407
0.399
0.41
0.402
0.402
0.41
0.409
0.399
0.404
0.401
0.411
0.411
0.404
0.398
0.417
0.404
0.398
0.412
0.402
0.402
0.406
0.405
0.404
0.408
0.404
0.413
0.407
0.408
0.404
0.413
0.413
0.413
0.412
0.403
0.407
0.399
0.407
0.413
0.409
0.404
0.403
0.406
0.4
0.408
0.406
0.401
0.407
0.405
0.402
0.407
0.405
0.411
0.414
0.418
0.413
0.403
0.408
0.401
0.409
0.402
0.404
0.4
0.415
0.406
0.398
0.405
0.403
0.404
0.397
0.405
0.401
0.407
0.401
0.405
0.405
0.403
0.408
0.405
0.413
0.409
0.406
0.401
0.403
0.406
0.404
0.41
0.405
0.401
0.399
0.408
0.399
0.408
0.41
0.405
0.397
0.406
0.411
0.406
0.397
0.401
0.399
0.403
0.399
0.407
0.409
0.406
0.403
0.407
0.411
0.403
0.407
0.403
0.415
0.408
0.406
0.411
0.405
0.418
0.409
0.407
0.409
0.411
0.406
0.415
0.414
0.413
0.419
0.425
0.419
0.414
0.412
0.422
0.42
0.422
0.415
0.413
0.409
0.418
0.417
0.42
0.414
0.406
0.413
0.408
0.405
0.409
0.404
0.408
0.408
0.412
0.409
0.417
0.42
0.405
0.409
0.408
0.414
0.413
0.408
0.403
0.406
0.396
0.403
0.405
0.406
0.406
0.416
0.408
0.401
0.404
0.399
0.404
0.397
0.41
0.404
0.4
0.406
0.407
0.402
0.398
0.398
0.406
0.401
0.409
0.408
0.407
0.4
0.4
0.398
0.393
0.396
0.403
0.402
0.41
0.405
0.399
0.397
0.396
0.401
0.393
0.401
0.392
0.396
0.399
0.394
0.403
0.399
0.393
0.394
0.398
0.396
0.398
0.395
0.396
0.392
0.394
0.396
0.401
0.4
0.399
0.391
0.399
0.391
0.397
0.391
0.397
0.392
0.4
0.405
0.399
0.396
0.394
0.396
0.393
0.403
0.4
0.404
0.4
0.403
0.4
0.401
0.402
0.399
0.406
0.404
0.396
0.399
0.399
0.401
0.399
0.401
0.393
0.393
0.399
0.391
0.399
0.395
0.388
0.394
0.389
0.392
0.394
0.387
0.396
0.397
0.388
0.397
0.396
0.396
0.389
0.395
0.388
0.394
0.392
0.4
0.395
0.394
0.392
0.391
0.394
0.389
0.391
0.397
0.4
0.392
0.39
0.39
0.389
0.394
0.387
0.392
0.386
0.39
0.39
0.381
0.389
0.398
0.392
0.383
0.389
0.386
0.387
0.388
0.386
0.391
0.389
0.392
0.387
0.382
0.386
0.39
0.384
0.392
0.387
0.384
0.384
0.385
0.387
0.386
0.383
0.39
0.382
0.386
0.38
0.382
0.388
0.379
0.386
0.385
0.384
0.386
0.381
0.387
0.378
0.393
0.388
0.38
0.386
0.382
0.389
0.391
0.388
0.386
0.386
0.385
0.381
0.387
0.382
0.387
0.39
0.386
0.386
0.383
0.391
0.384
0.393
0.396
0.391
0.388
0.387
0.386
0.389
0.385
0.39
0.395
0.39
0.388
0.379
0.387
0.392
0.383
0.388
0.384
0.387
0.396
0.391
0.39
0.388
0.382
0.389
0.382
0.389
0.392
0.396
0.39
0.384
0.384
0.386
0.388
0.385
0.388
0.383
0.392
0.394
0.39
0.39
0.386
0.386
0.392
0.389
0.394
0.392
0.384
0.386
0.391
0.384
0.395
0.392
0.386
0.386
0.39
0.387
0.393
0.388
0.393
0.391
0.389
0.386
0.391
0.384
0.39
0.383
0.389
0.393
0.386
0.387
0.388
0.39
0.387
0.391
0.39
0.397
0.397
0.392
0.391
0.391
0.392
0.39
0.395
0.389
0.396
0.399
0.396
0.39
0.396
0.389
0.397
0.389
0.397
0.4
0.4
0.395
0.39
0.399
0.395
0.399
0.396
0.394
0.396
0.395
0.399
0.39
0.397
0.396
0.398
0.393
0.399
0.4
0.399
0.398
0.395
0.399
0.395
0.403
0.395
0.399
0.393
0.402
0.404
0.4
0.401
0.396
0.397
0.405
0.401
0.406
0.408
0.4
0.406
0.4
0.398
0.397
0.404
0.401
0.406
0.398
0.398
0.406
0.402
0.399
0.401
0.403
0.407
0.411
0.405
0.405
0.4
0.403
0.397
0.399
0.398
0.397
0.402
0.401
0.404
0.398
0.397
0.4
0.401
0.399
0.395
0.4
0.396
0.405
0.396
0.403
0.4
0.396
0.396
0.404
0.404
0.4
0.397
0.401
0.395
0.397
0.405
0.396
0.402
0.394
0.405
0.4
0.399
0.401
0.397
0.405
0.405
0.396
0.405
0.41
0.4
0.393
0.404
0.398
0.396
0.401
0.392
0.401
0.393
0.402
0.395
0.389
0.398
0.404
0.4
0.392
0.395
0.395
0.396
0.39
0.397
0.399
0.399
0.392
0.396
0.391
0.398
0.392
0.389
0.396
0.396
0.394
0.399
0.398
0.398
0.402
0.393
0.396
0.392
0.401
0.4
0.397
0.4
0.391
0.397
0.404
0.402
0.402
0.4
0.399
0.393
0.399
0.396
0.405
0.404
0.4
0.398
0.396
0.399
0.395
0.402
0.401
0.397
0.4
0.401
0.401
0.402
0.403
0.404
0.399
0.403
0.398
0.404
0.407
0.411
0.404
0.397
0.399
0.399
0.406
0.409
0.402
0.399
0.4
0.404
0.4
0.401
0.396
0.401
0.404
0.404
0.397
0.405
0.402
0.406
0.404
0.405
0.402
0.407
0.4
0.404
0.405
0.397
0.399
0.411
0.404
0.404
0.406
0.408
0.409
0.418
0.42
0.406
0.414
0.411
0.404
0.414
0.409
0.407
0.411
0.413
0.417
0.418
0.409
0.414
0.404
0.418
0.409
0.408
0.416
0.414
0.419
0.418
0.412
0.406
0.414
0.415
0.415
0.411
0.412
0.422
0.412
0.41
0.407
0.415
0.41
0.416
0.412
0.408
0.41
0.416
0.413
0.405
0.407
0.405
0.408
0.409
0.419
0.412
0.416
0.408
0.407
0.406
0.416
0.413
0.412
0.404
0.405
0.408
0.414
0.415
0.411
0.406
0.411
0.406
0.403
0.408
0.403
0.408
0.407
0.412
0.41
0.403
0.408
0.404
0.413
0.414
0.417
0.407
0.403
0.411
0.404
0.406
0.41
0.407
0.414
0.409
0.4
0.405
0.411
0.405
0.405
0.412
0.405
0.41
0.411
0.406
0.411
0.409
0.402
0.414
0.409
0.406
0.409
0.417
0.413
0.41
0.404
0.411
0.41
0.417
0.417
0.409
0.406
0.407
0.417
0.411
0.417
0.408
0.402
0.409
0.4
0.415
0.406
0.4
0.406
0.403
0.408
0.412
0.408
0.403
0.403
0.404
0.403
0.413
0.404
0.403
0.411
0.412
0.413
0.413
0.407
0.404
0.408
0.405
0.415
0.414
0.407
0.412
0.408
0.404
0.404
0.409
0.41
0.403
0.411
0.41
0.415
0.405
0.404
0.407
0.41
0.417
0.408
0.403
0.407
0.402
0.411
0.403
0.41
0.4
0.411
0.405
0.4
0.411
0.405
0.404
0.41
0.405
0.413
0.411
0.403
0.405
0.41
0.414
0.407
0.397
0.407
0.403
0.402
0.408
0.401
0.411
0.406
0.402
0.403
0.405
0.406
0.412
0.411
0.407
0.399
0.41
0.403
0.409
0.412
0.405
0.402
0.407
0.402
0.412
0.405
0.406
0.401
0.408
0.41
0.412
0.412
0.408
0.398
0.405
0.402
0.405
0.408
0.409
0.41
0.402
0.4
0.404
0.407
0.409
0.405
0.4
0.404
0.401
0.411
0.401
0.406
0.412
0.41
0.401
0.401
0.404
0.406
0.41
0.402
0.412
0.406
0.405
0.403
0.411
0.408
0.402
0.402
0.4
0.406
0.398
0.398
0.408
0.403
0.4
0.409
0.41
0.401
0.404
0.399
0.401
0.402
0.396
0.405
0.4
0.407
0.404
0.399
0.398
0.406
0.403
0.401
0.401
0.396
0.405
0.4
0.399
0.404
0.4
0.408
0.401
0.407
0.406
0.398
0.4
0.397
0.404
0.396
0.398
0.402
0.396
0.404
0.396
0.401
0.396
0.402
0.397
0.398
0.404
0.399
0.405
0.407
0.413
0.408
0.401
0.404
0.399
0.407
0.413
0.405
0.397
0.408
0.399
0.397
0.402
0.411
0.405
0.399
0.399
0.406
0.398
0.407
0.402
0.398
0.405
0.396
0.397
0.397
0.404
0.396
0.404
0.402
0.398
0.402
0.397
0.401
0.404
0.398
0.408
0.405
0.4
0.409
0.403
0.398
0.403
0.411
0.416
0.412
0.404
0.406
0.399
0.416
0.412
0.403
0.408
0.411
0.413
0.413
0.403
0.408
0.402
0.411
0.41
0.4
0.406
0.399
0.416
0.407
0.398
0.404
0.403
0.4
0.409
0.406
0.414
0.406
0.404
0.411
0.411
0.406
0.409
0.407
0.398
0.402
0.408
0.399
0.4
0.402
0.408
0.407
0.407
0.4
0.397
0.406
0.398
0.407
0.405
0.408
0.406
0.397
0.402
0.396
0.402
0.41
0.402
0.396
0.403
0.394
0.401
0.402
0.404
0.398
0.405
0.409
0.399
0.398
0.396
0.402
0.396
0.403
0.4
0.396
0.405
0.399
0.405
0.402
0.393
0.397
0.394
0.401
0.398
0.406
0.401
0.393
0.402
0.398
0.404
0.399
0.402
0.401
0.396
0.404
0.395
0.396
0.397
0.394
0.399
0.395
0.39
0.399
0.397
0.403
0.396
0.39
0.391
0.392
0.395
0.391
0.397
0.395
0.391
0.393
0.384
0.388
0.391
0.389
0.396
0.394
0.399
0.398
0.392
0.386
0.395
0.395
0.403
0.396
0.4
0.395
0.39
0.392
0.396
0.398
0.398
0.397
0.393
0.391
0.393
0.391
0.396
0.395
0.389
0.389
0.392
0.392
0.4
0.393
0.395
0.389
0.39
0.392
0.388
0.397
0.393
0.386
0.391
0.386
0.39
0.388
0.389
0.392
0.389
0.396
0.395
0.393
0.39
0.39
0.393
0.394
0.391
0.4
0.392
0.396
0.39
0.396
0.393
0.395
0.391
0.4
0.396
0.399
0.392
0.395
0.393
0.398
0.394
0.399
0.395
0.393
0.396
0.393
0.399
0.401
0.396
0.395
0.398
0.391
0.397
0.397
0.396
0.39
0.395
0.398
0.399
0.399
0.404
0.4
0.393
0.396
0.391
0.399
0.408
0.399
0.392
0.395
0.387
0.392
0.395
0.391
0.392
0.403
0.395
0.396
0.393
0.396
0.391
0.4
0.401
0.394
0.396
0.394
0.402
0.4
0.401
0.402
0.393
0.396
0.394
0.401
0.394
0.401
0.396
0.399
0.393
0.396
0.403
0.405
0.405
0.396
0.399
0.397
0.401
0.396
0.404
0.402
0.411
0.408
0.4
0.404
0.4
0.405
0.404
0.409
0.407
0.399
0.404
0.398
0.407
0.399
0.399
0.403
0.4
0.409
0.409
0.408
0.408
0.398
0.403
0.404
0.41
0.408
0.405
0.41
0.4
0.408
0.41
0.408
0.412
0.409
0.415
0.41
0.411
0.412
0.408
0.399
0.401
0.405
0.401
0.403
0.405
0.402
0.405
0.399
0.402
0.402
0.401
0.402
0.406
0.401
0.401
0.398
0.402
0.399
0.398
0.399
0.405
0.41
0.408
0.399
0.403
0.397
0.402
0.404
0.407
0.408
0.399
0.402
0.395
0.404
0.41
0.401
0.399
0.403
0.398
0.403
0.402
0.401
0.4
0.401
0.402
0.402
0.407
0.4
0.4
0.399
0.405
0.396
0.409
0.402
0.4
0.396
0.397
0.402
0.396
0.399
0.404
0.4
0.407
0.413
0.406
0.398
0.401
0.4
0.405
0.404
0.406
0.401
0.4
0.402
0.403
0.403
0.41
0.407
0.398
0.402
0.407
0.397
0.399
0.403
0.406
0.398
0.406
0.401
0.404
0.399
0.41
0.406
0.401
0.407
0.399
0.406
0.403
0.401
0.404
0.398
0.404
0.41
0.402
0.401
0.404
0.398
0.403
0.397
0.415
0.408
0.405
0.411
0.41
0.407
0.397
0.401
0.404
0.398
0.408
0.399
0.396
0.403
0.403
0.413
0.411
0.401
0.407
0.409
0.405
0.414
0.405
0.395
0.397
0.401
0.402
0.407
0.403
0.403
0.396
0.403
0.401
0.397
0.399
0.4
0.402
0.399
0.405
0.397
0.396
0.397
0.398
0.4
0.403
0.403
0.397
0.396
0.4
0.392
0.398
0.394
0.4
0.391
0.394
0.398
0.394
0.397
0.395
0.396
0.395
0.404
0.399
0.407
0.402
0.398
0.395
0.397
0.397
0.396
0.405
0.401
0.395
0.404
0.396
0.399
0.398
0.394
0.404
0.405
0.396
0.4
0.397
0.405
0.4
0.407
0.405
0.403
0.404
0.406
0.41
0.398
0.4
0.398
0.404
0.401
0.405
0.404
0.395
0.396
0.399
0.397
0.4
0.398
0.406
0.404
0.397
0.394
0.402
0.393
0.399
0.392
0.397
0.398
0.395
0.402
0.399
0.399
0.402
0.395
0.396
0.394
0.394
0.396
0.401
0.398
0.395
0.393
0.396
0.391
0.399
0.396
0.393
0.396
0.392
0.398
0.395
0.399
0.397
0.394
0.393
0.395
0.391
0.398
0.396
0.394
0.394
0.389
0.396
0.389
0.402
0.396
0.39
0.399
0.394
0.396
0.394
0.401
0.398
0.396
0.395
0.396
0.397
0.396
0.396
0.395
0.398
0.391
0.398
0.391
0.399
0.399
0.391
0.397
0.39
0.397
0.406
0.397
0.393
0.392
0.401
0.401
0.396
0.392
0.391
0.399
0.393
0.396
0.397
0.393
0.401
0.396
0.392
0.395
0.393
0.399
0.401
0.397
0.396
0.394
0.395
0.388
0.395
0.393
0.393
0.4
0.391
0.406
0.4
0.394
0.396
0.396
0.395
0.399
0.405
0.395
0.403
0.404
0.406
0.401
0.399
0.4
0.392
0.405
0.402
0.392
0.401
0.402
0.411
0.408
0.403
0.395
0.398
0.4
0.395
0.4
0.396
0.399
0.394
0.403
0.405
0.398
0.396
0.401
0.396
0.393
0.396
0.391
0.399
0.394
0.401
0.391
0.396
0.389
0.398
0.402
0.398
0.39
0.396
0.393
0.4
0.4
0.4
0.4
0.392
0.4
0.392
0.398
0.396
0.403
0.402
0.397
0.395
0.398
0.395
0.404
0.403
0.401
0.392
0.399
0.395
0.4
0.403
0.404
0.396
0.401
0.394
0.399
0.408
0.405
0.396
0.398
0.395
0.404
0.403
0.397
0.394
0.4
0.395
0.4
0.394
0.401
0.394
0.402
0.397
0.396
0.395
0.397
0.396
0.4
0.396
0.396
0.395
0.387
0.403
0.398
0.391
0.393
0.392
0.396
0.391
0.398
0.398
0.398
0.392
0.394
0.395
0.393
0.391
0.396
0.395
0.4
0.399
0.389
0.397
0.389
0.395
0.394
0.393
0.385
0.387
0.393
0.385
0.394
0.391
0.396
0.391
0.387
0.391
0.389
0.392
0.386
0.391
0.388
0.381
0.381
0.385
0.392
0.387
0.384
0.384
0.378
0.387
0.382
0.388
0.386
0.388
0.388
0.382
0.381
0.383
0.381
0.379
0.384
0.379
0.384
0.376
0.384
0.393
0.385
0.386
0.383
0.381
0.385
0.384
0.382
0.383
0.386
0.381
0.388
0.384
0.384
0.386
0.395
0.391
0.394
0.39
0.386
0.39
0.386
0.394
0.388
0.396
0.389
0.394
0.396
0.392
0.39
0.392
0.388
0.398
0.392
0.396
0.396
0.395
0.391
0.397
0.397
0.393
0.396
0.389
0.398
0.393
0.398
0.389
0.402
0.396
0.393
0.401
0.398
0.4
0.396
0.397
0.397
0.401
0.399
0.402
0.408
0.408
0.401
0.399
0.402
0.396
0.408
0.403
0.399
0.4
0.395
0.401
0.398
0.404
0.396
0.399
0.404
0.401
0.396
0.399
0.396
0.402
0.396
0.401
0.396
0.398
0.399
0.395
0.403
0.405
0.399
0.394
0.398
0.404
0.399
0.395
0.401
0.397
0.397
0.398
0.4
0.394
0.401
0.401
0.402
0.394
0.396
0.395
0.4
0.391
0.4
0.397
0.388
0.397
0.392
0.397
0.394
0.4
0.397
0.398
0.39
0.394
0.393
0.399
0.394
0.393
0.396
0.393
0.396
0.393
0.398
0.396
0.398
0.393
0.402
0.396
0.39
0.393
0.39
0.396
0.394
0.391
0.391
0.394
0.388
0.397
0.396
0.392
0.398
0.397
0.393
0.393
0.393
0.395
0.388
0.393
0.4
0.392
0.394
0.392
0.399
0.394
0.4
0.4
0.396
0.398
0.396
0.401
0.398
0.399
0.395
0.399
0.391
0.393
0.398
0.394
0.402
0.396
0.395
0.394
0.392
0.401
0.407
0.394
0.398
0.393
0.399
0.399
0.396
0.392
0.396
0.392
0.395
0.394
0.402
0.398
0.398
0.395
0.392
0.393
0.395
0.396
0.394
0.399
0.395
0.389
0.396
0.397
0.403
0.396
0.395
0.396
0.398
0.389
0.399
0.395
0.395
0.396
0.393
0.399
0.407
0.402
0.396
0.405
0.403
0.403
0.401
0.393
0.4
0.399
0.404
0.399
0.396
0.4
0.396
0.404
0.404
0.404
0.4
0.396
0.4
0.396
0.405
0.399
0.406
0.399
0.404
0.399
0.399
0.403
0.401
0.408
0.402
0.399
0.399
0.404
0.398
0.405
0.402
0.401
0.399
0.405
0.403
0.397
0.399
0.397
0.401
0.403
0.412
0.402
0.396
0.4
0.396
0.401
0.397
0.397
0.396
0.396
0.4
0.395
0.396
0.394
0.396
0.396
0.393
0.396
0.4
0.401
0.397
0.395
0.389
0.398
0.393
0.394
0.396
0.395
0.399
0.396
0.392
0.396
0.396
0.399
0.396
0.391
0.396
0.39
0.399
0.392
0.4
0.398
0.395
0.394
0.396
0.388
0.394
0.393
0.402
0.399
0.394
0.396
0.39
0.394
0.4
0.399
0.402
0.395
0.392
0.396
0.391
0.395
0.396
0.403
0.4
0.396
0.392
0.391
0.396
0.389
0.396
0.399
0.391
0.394
0.388
0.396
0.391
0.4
0.396
0.396
0.393
0.394
0.391
0.395
0.393
0.392
0.396
0.395
0.388
0.391
0.39
0.398
0.396
0.395
0.397
0.395
0.399
0.399
0.397
0.396
0.399
0.399
0.394
0.402
0.396
0.4
0.401
0.401
0.404
0.403
0.405
0.411
0.405
0.407
0.41
0.409
0.414
0.408
0.413
0.414
0.416
0.417
0.421
0.42
0.422
0.415
0.422
0.421
0.42
0.423
0.423
0.422
