0.634
0.579
0.564
0.551
0.543
0.513
0.507
0.498
0.501
0.489
0.494
0.498
0.48
0.472
0.479
0.479
0.468
0.464
0.457
0.453
0.457
0.45
0.457
0.44
0.435
0.438
0.445
0.448
0.439
0.435
0.434
0.431
0.439
0.437
0.438
0.439
0.433
0.427
0.436
0.438
0.432
0.431
0.425
0.429
0.425
0.419
0.423
0.433
0.431
0.425
0.423
0.42
0.424
0.423
0.422
0.428
0.433
0.425
0.421
0.418
0.421
0.416
0.42
0.418
0.417
0.431
0.418
0.43
0.427
0.423
0.419
0.421
0.422
0.415
0.422
0.413
0.419
0.423
0.42
0.42
0.419
0.425
0.433
0.423
0.436
0.429
0.421
0.431
0.434
0.44
0.431
0.426
0.426
0.436
0.429
0.43
0.421
0.428
0.427
0.43
0.429
0.437
0.427
0.423
0.423
0.422
0.42
0.426
0.425
0.425
0.424
0.427
0.431
0.428
0.434
0.44
0.43
0.436
0.426
0.434
0.426
0.433
0.432
0.438
0.429
0.424
0.426
0.426
0.424
0.42
0.427
0.419
0.426
0.427
0.417
0.426
0.427
0.422
0.437
0.426
0.432
0.436
0.429
0.421
0.424
0.419
0.422
0.425
0.419
0.426
0.419
0.427
0.423
0.428
0.422
0.422
0.425
0.423
0.43
0.427
0.428
0.426
0.429
0.434
0.438
0.442
0.431
0.423
0.431
0.441
0.43
0.438
0.441
0.432
0.437
0.435
0.43
0.436
0.438
0.444
0.433
0.432
0.427
0.418
0.422
0.416
0.424
0.415
0.42
0.413
0.41
0.415
0.421
0.423
0.423
0.418
0.41
0.412
0.404
0.413
0.412
0.408
0.41
0.409
0.401
0.407
0.407
0.4
0.396
0.402
0.404
0.396
0.405
0.397
0.403
0.397
0.403
0.404
0.408
0.402
0.396
0.395
0.402
0.396
0.396
0.4
0.401
0.401
0.401
0.403
0.398
0.399
0.4
0.397
0.394
0.4
0.396
0.396
0.393
0.391
0.392
0.393
0.391
0.395
0.389
0.396
0.39
0.396
0.393
0.388
0.397
0.396
0.391
0.388
0.397
0.388
0.397
0.405
0.396
0.396
0.392
0.396
0.398
0.394
0.398
0.391
0.406
0.406
0.396
0.396
0.397
0.402
0.398
0.4
0.395
0.404
0.411
0.406
0.405
0.399
0.405
0.396
0.411
0.409
0.401
0.4
0.404
0.409
0.408
0.403
0.407
0.412
0.41
0.403
0.41
0.404
0.412
0.41
0.413
0.411
0.412
0.404
0.41
0.407
0.412
0.411
0.414
0.414
0.404
0.407
0.41
0.4
0.403
0.412
0.417
0.419
0.416
0.409
0.408
0.407
0.418
0.413
0.411
0.401
0.411
0.412
0.409
0.41
0.409
0.416
0.411
0.407
0.409
0.41
0.41
0.409
0.407
0.416
0.426
0.418
0.409
0.409
0.41
0.42
0.42
0.415
0.411
0.413
0.41
0.419
0.419
0.422
0.416
0.408
0.405
0.41
0.416
0.415
0.408
0.409
0.405
0.41
0.412
0.407
0.402
0.412
0.402
0.422
0.414
0.412
0.413
0.409
0.421
0.417
0.412
0.421
0.416
0.415
0.421
0.421
0.416
0.417
0.424
0.427
0.432
0.429
0.422
0.417
0.423
0.419
0.429
0.413
0.417
0.411
0.42
0.423
0.416
0.421
0.417
0.412
0.414
0.414
0.407
0.42
0.416
0.413
0.408
0.406
0.406
0.414
0.405
0.408
0.402
0.41
0.401
0.407
0.402
0.409
0.406
0.402
0.41
0.414
0.415
0.408
0.402
0.411
0.409
0.403
0.405
0.406
0.405
0.406
0.408
0.417
0.411
0.406
0.407
0.408
0.414
0.414
0.41
0.413
0.406
0.418
0.414
0.409
0.409
0.405
0.406
0.408
0.4
0.409
0.416
0.413
0.408
0.417
0.408
0.416
0.416
0.413
0.415
0.408
0.419
0.415
0.406
0.418
0.421
0.423
0.431
0.43
0.419
0.426
0.425
0.417
0.425
0.419
0.427
0.419
0.43
0.431
0.437
0.418
0.425
0.417
0.416
0.416
0.422
0.419
0.416
0.424
0.428
0.424
0.419
0.426
0.43
0.427
0.427
0.42
0.43
0.422
0.42
0.418
0.418
0.409
0.41
0.416
0.411
0.421
0.423
0.425
0.417
0.414
0.416
0.411
0.42
0.419
0.415
0.42
0.421
0.419
0.414
0.418
0.423
0.431
0.427
0.427
0.417
0.413
0.418
0.409
0.419
0.416
0.415
0.414
0.412
0.413
0.419
0.411
0.422
0.42
0.415
0.409
0.412
0.407
0.419
0.416
0.407
0.406
0.409
0.418
0.415
0.425
0.417
0.409
0.409
0.413
0.419
0.421
0.419
0.413
0.405
0.427
0.417
0.411
0.413
0.403
0.41
0.413
0.409
0.415
0.416
0.409
0.415
0.417
0.418
0.416
0.407
0.417
0.407
0.419
0.418
0.414
0.417
0.409
0.416
0.413
0.409
0.41
0.404
0.419
0.417
0.417
0.406
0.405
0.406
0.402
0.408
0.414
0.405
0.401
0.408
0.411
0.409
0.402
0.406
0.41
0.413
0.42
0.415
0.407
0.408
0.406
0.41
0.418
0.414
0.403
0.409
0.405
0.414
0.41
0.406
0.407
0.4
0.409
0.405
0.414
0.407
0.406
0.406
0.414
0.414
0.413
0.404
0.399
0.407
0.408
0.407
0.408
0.414
0.417
0.42
0.422
0.419
0.42
0.425
0.415
0.417
0.409
0.405
0.41
0.414
0.407
0.405
0.409
0.405
0.414
0.419
0.412
0.402
0.41
0.405
0.407
0.403
0.405
0.395
0.41
0.409
0.409
0.412
0.405
0.402
0.397
0.398
0.405
0.396
0.408
0.406
0.397
0.404
0.395
0.399
0.407
0.416
0.409
0.408
0.4
0.403
0.405
0.401
0.404
0.399
0.408
0.407
0.4
0.401
0.401
0.409
0.408
0.399
0.407
0.402
0.404
0.404
0.407
0.401
0.396
0.4
0.403
0.4
0.406
0.408
0.415
0.401
0.408
0.417
0.411
0.403
0.403
0.402
0.411
0.41
0.409
0.401
0.403
0.409
0.413
0.41
0.4
0.404
0.406
0.396
0.402
0.406
0.4
0.407
0.409
0.415
0.415
0.405
0.403
0.403
0.4
0.407
0.415
0.408
0.403
0.411
0.41
0.406
0.404
0.411
0.404
0.411
0.406
0.405
0.409
0.404
0.413
0.417
0.418
0.411
0.405
0.404
0.41
0.41
0.418
0.42
0.41
0.407
0.414
0.408
0.408
0.41
0.411
0.42
0.413
0.403
0.408
0.405
0.41
0.417
0.411
0.406
0.397
0.405
0.403
0.411
0.402
0.407
0.401
0.406
0.409
0.415
0.412
0.404
0.406
0.403
0.409
0.407
0.409
0.402
0.402
0.404
0.404
0.402
0.409
0.402
0.406
0.41
0.407
0.409
0.4
0.413
0.407
0.408
0.41
0.401
0.41
0.404
0.408
0.404
0.41
0.406
0.403
0.408
0.403
0.412
0.404
0.406
0.403
0.406
0.398
0.407
0.406
0.403
0.407
0.406
0.411
0.403
0.409
0.409
0.414
0.413
0.406
0.401
0.411
0.408
0.402
0.411
0.413
0.411
0.404
0.4
0.405
0.409
0.406
0.404
0.408
0.399
0.411
0.411
0.402
0.4
0.405
0.402
0.402
0.4
0.403
0.396
0.401
0.402
0.398
0.403
0.396
0.402
0.407
0.406
0.402
0.4
0.402
0.4
0.397
0.401
0.407
0.397
0.403
0.401
0.403
0.398
0.402
0.407
0.4
0.409
0.402
0.404
0.401
0.405
0.404
0.406
0.409
0.411
0.407
0.405
0.404
0.401
0.402
0.405
0.396
0.403
0.406
0.4
0.396
0.4
0.399
0.405
0.401
0.403
0.398
0.4
0.403
0.399
0.407
0.404
0.397
0.409
0.411
0.41
0.406
0.404
0.396
0.394
0.403
0.396
0.395
0.398
0.401
0.41
0.401
0.399
0.394
0.396
0.397
0.396
0.391
0.392
0.401
0.4
0.404
0.402
0.405
0.401
0.4
0.399
0.396
0.401
0.405
0.399
0.406
0.396
0.393
0.399
0.399
0.397
0.393
0.402
0.4
0.4
0.398
0.402
0.396
0.399
0.399
0.407
0.409
0.401
0.407
0.402
0.411
0.403
0.412
0.403
0.405
0.409
0.409
0.411
0.407
0.404
0.409
0.406
0.414
0.414
0.422
0.417
0.41
0.406
0.412
0.416
0.413
0.403
0.409
0.414
0.408
0.409
0.416
0.407
0.413
0.413
0.42
0.415
0.411
0.408
0.41
0.408
0.404
0.416
0.409
0.405
0.409
0.4
0.415
0.408
0.4
0.404
0.401
0.405
0.401
0.395
0.404
0.403
0.398
0.406
0.397
0.402
0.398
0.4
0.397
0.412
0.408
0.413
0.41
0.41
0.407
0.408
0.401
0.415
0.409
0.402
0.396
0.399
0.401
0.394
0.41
0.404
0.398
0.393
0.399
0.399
0.394
0.402
0.399
0.405
0.399
0.399
0.394
0.394
0.402
0.408
0.403
0.399
0.396
0.396
0.398
0.404
0.401
0.407
0.409
0.4
0.403
0.401
0.4
0.404
0.405
0.396
0.402
0.402
0.398
0.404
0.399
0.406
0.396
0.412
0.409
0.4
0.405
0.407
0.397
0.408
0.407
0.399
0.396
0.4
0.4
0.399
0.402
0.401
0.4
0.4
0.404
0.4
0.403
0.402
0.404
0.407
0.401
0.409
0.409
0.418
0.411
0.407
0.406
0.403
0.401
0.405
0.41
0.404
0.403
0.404
0.412
0.407
0.409
0.4
0.402
0.401
0.411
0.41
0.416
0.408
0.4
0.4
0.4
0.406
0.396
0.397
0.404
0.403
0.408
0.414
0.409
0.4
0.396
0.405
0.404
0.4
0.409
0.4
0.403
0.4
0.396
0.405
0.398
0.399
0.398
0.396
0.4
0.4
0.393
0.404
0.403
0.395
0.396
0.405
0.403
0.396
0.393
0.4
0.401
0.394
0.391
0.396
0.399
0.395
0.393
0.401
0.396
0.397
0.392
0.396
0.394
0.388
0.396
0.394
0.392
0.398
0.4
0.402
0.4
0.394
0.39
0.396
0.396
0.392
0.395
0.394
0.398
0.398
0.401
0.398
0.396
0.392
0.396
0.391
0.399
0.396
0.399
0.392
0.399
0.399
0.402
0.394
0.391
0.396
0.396
0.39
0.396
0.387
0.405
0.399
0.397
0.391
0.393
0.396
0.394
0.396
0.395
0.397
0.39
0.396
0.398
0.393
0.393
0.402
0.402
0.395
0.393
0.398
0.401
0.396
0.399
0.393
0.402
0.404
0.406
0.396
0.401
0.394
0.402
0.392
0.401
0.399
0.4
0.399
0.398
0.401
0.402
0.398
0.403
0.399
0.398
0.403
0.396
0.404
0.395
0.401
0.396
0.403
0.396
0.412
0.409
0.41
0.402
0.404
0.407
0.412
0.408
0.401
0.404
0.407
0.401
0.404
0.401
0.41
0.411
0.409
0.399
0.397
0.404
0.398
0.399
0.401
0.399
0.404
0.4
0.402
0.398
0.406
0.402
0.408
0.406
0.398
0.402
0.408
0.399
0.407
0.405
0.403
0.406
0.398
0.404
0.403
0.406
0.408
0.416
0.414
0.404
0.405
0.408
0.4
0.402
0.408
0.401
0.408
0.403
0.405
0.409
0.408
0.416
0.4
0.411
0.41
0.403
0.407
0.399
0.411
0.409
0.403
0.403
0.406
0.412
0.415
0.406
0.413
0.412
0.402
0.404
0.398
0.406
0.396
0.404
0.396
0.398
0.396
0.405
0.399
0.393
0.395
0.398
0.394
0.399
0.394
0.395
0.404
0.394
0.394
0.397
0.395
0.392
0.396
0.396
0.391
0.398
0.392
0.396
0.395
0.391
0.394
0.399
0.391
0.4
0.397
0.397
0.392
0.391
0.396
0.396
0.393
0.398
0.401
0.402
0.399
0.39
0.389
0.396
0.396
0.403
0.405
0.399
0.393
0.393
0.398
0.394
0.394
0.396
0.403
0.407
0.4
0.395
0.399
0.396
0.395
0.396
0.405
0.399
0.407
0.403
0.396
0.392
0.397
0.395
0.395
0.402
0.394
0.404
0.398
0.394
0.396
0.401
0.396
0.402
0.396
0.403
0.399
0.4
0.404
0.402
0.405
0.396
0.409
0.407
0.406
0.398
0.396
0.401
0.406
0.396
0.4
0.396
0.403
0.401
0.408
0.407
0.413
0.408
0.399
0.405
0.408
0.407
0.409
0.414
0.405
0.407
0.399
0.418
0.413
0.406
0.403
0.408
0.405
0.414
0.409
0.413
0.403
0.411
0.413
0.407
0.408
0.408
0.403
0.413
0.412
0.413
0.406
0.411
0.414
0.409
0.418
0.409
0.417
0.41
0.417
0.417
0.419
0.416
0.425
0.418
0.414
0.419
0.43
0.42
0.424
0.43
0.423
0.42
0.419
0.421
0.415
0.412
0.412
0.422
0.412
0.412
0.409
0.414
0.412
0.417
0.412
0.415
0.415
0.422
0.419
0.416
0.412
0.421
0.424
0.424
0.428
0.422
0.428
0.437
0.438
0.436
0.43
0.424
0.427
0.421
0.422
0.416
0.422
0.421
0.425
0.429
0.419
0.424
0.415
0.422
0.421
0.413
0.42
0.418
0.41
0.413
0.415
0.415
0.42
0.424
0.42
0.416
0.408
0.417
0.41
0.414
0.407
0.417
0.414
0.405
0.405
0.414
0.406
0.404
0.412
0.413
0.406
0.415
0.408
0.41
0.41
0.407
0.411
0.415
0.416
0.421
0.413
0.409
0.414
0.421
0.423
0.415
0.419
0.409
0.413
0.42
0.413
0.412
0.411
0.414
0.417
0.413
0.417
0.42
0.417
0.414
0.423
0.423
0.43
0.421
0.423
0.418
0.427
0.419
0.417
0.416
0.418
0.41
0.427
0.422
0.414
0.411
0.413
0.418
0.418
0.41
0.415
0.411
0.421
0.418
0.41
0.408
0.414
0.418
0.409
0.412
0.421
0.431
0.417
0.428
0.426
0.416
0.425
0.428
0.432
0.428
0.429
0.425
0.42
0.438
0.44
0.445
0.445
0.441
0.447
0.441
0.435
0.433
0.435
0.438
0.435
0.442
0.446
0.445
0.45
0.453
0.459
0.46
0.461
0.468
0.461
0.469
0.473
0.468
0.471
0.479
0.489
0.497
0.498
0.493
0.496
0.499
0.49
0.499
0.502
0.503
0.5
0.512
0.521
0.522
0.526
0.538
0.54
0.542
0.572
0.602
0.613
0.621
0.614
0.628
0.636
0.621
0.627
0.64
0.655
0.644
0.651
0.657
0.683
0.671
0.678
0.668
0.663
0.653
0.657
0.691
0.657
0.664
0.666
0.679
0.671
0.66
0.65
0.603
0.601
0.596
0.595
0.665
0.672
0.665
0.656
0.642
0.651
0.661
0.697
0.698
0.694
0.626
0.623
0.631
0.644
0.66
0.697
0.688
0.682
0.672
0.66
0.649
0.649
0.646
