0.436
0.448
0.452
0.447
0.447
0.426
0.436
0.428
0.422
0.429
0.422
0.414
0.421
0.423
0.414
0.409
0.416
0.418
0.412
0.41
0.408
0.408
0.416
0.407
0.409
0.418
0.406
0.403
0.405
0.4
0.409
0.412
0.415
0.4
0.396
0.4
0.402
0.393
0.398
0.402
0.401
0.395
0.397
0.393
0.4
0.392
0.399
0.397
0.405
0.402
0.407
0.399
0.391
0.399
0.404
0.394
0.396
0.395
0.403
0.388
0.394
0.388
0.398
0.4
0.391
0.388
0.394
0.39
0.399
0.395
0.396
0.399
0.408
0.396
0.391
0.399
0.407
0.394
0.398
0.393
0.399
0.392
0.394
0.394
0.395
0.388
0.403
0.401
0.391
0.39
0.395
0.395
0.389
0.395
0.394
0.392
0.397
0.396
0.396
0.399
0.407
0.399
0.401
0.391
0.389
0.394
0.402
0.396
0.395
0.392
0.398
0.392
0.396
0.392
0.396
0.396
0.396
0.399
0.401
0.395
0.402
0.396
0.402
0.404
0.401
0.404
0.411
0.403
0.397
0.404
0.402
0.401
0.412
0.404
0.4
0.404
0.406
0.411
0.411
0.414
0.404
0.404
0.405
0.408
0.418
0.41
0.402
0.411
0.408
0.406
0.398
0.404
0.409
0.411
0.41
0.403
0.393
0.4
0.399
0.402
0.398
0.407
0.406
0.405
0.399
0.395
0.397
0.403
0.396
0.404
0.406
0.411
0.41
0.401
0.392
0.4
0.394
0.396
0.398
0.406
0.4
0.396
0.399
0.395
0.398
0.391
0.4
0.397
0.4
0.404
0.41
0.396
0.393
0.396
0.397
0.396
0.401
0.402
0.402
0.398
0.4
0.398
0.403
0.396
0.396
0.396
0.391
0.399
0.394
0.389
0.396
0.392
0.393
0.398
0.405
0.395
0.392
0.391
0.392
0.399
0.392
0.398
0.401
0.405
0.408
0.396
0.399
0.396
0.398
0.394
0.401
0.399
0.404
0.399
0.395
0.388
0.396
0.396
0.403
0.397
0.391
0.389
0.394
0.389
0.396
0.39
0.392
0.391
0.388
0.386
0.393
0.397
0.394
0.403
0.395
0.403
0.384
0.392
0.387
0.392
0.396
0.393
0.395
0.393
0.388
0.383
0.391
0.391
0.382
0.388
0.392
0.392
0.392
0.394
0.396
0.388
0.389
0.39
0.389
0.387
0.389
0.387
0.396
0.401
0.391
0.395
0.395
0.386
0.392
0.387
0.389
0.388
0.392
0.394
0.393
0.395
0.387
0.39
0.397
0.391
0.398
0.395
0.394
0.389
0.389
0.39
0.39
0.381
0.386
0.39
0.384
0.393
0.4
0.387
0.379
0.385
0.384
0.386
0.389
0.395
0.381
0.392
0.391
0.382
0.385
0.389
0.386
0.381
0.387
0.393
0.386
0.388
0.381
0.39
0.386
0.381
0.386
0.387
0.386
0.384
0.39
0.396
0.387
0.392
0.392
0.388
0.384
0.396
0.396
0.394
0.396
0.387
0.391
0.391
0.384
0.393
0.392
0.385
0.394
0.395
0.398
0.392
0.4
0.393
0.4
0.395
0.391
0.394
0.386
0.391
0.385
0.394
0.399
0.396
0.399
0.395
0.393
0.386
0.393
0.392
0.393
0.39
0.393
0.396
0.39
0.392
0.395
0.393
0.399
0.396
0.4
0.393
0.399
0.397
0.397
0.392
0.394
0.394
0.387
0.395
0.387
0.396
0.388
0.391
0.384
0.392
0.397
0.39
0.383
0.392
0.388
0.391
0.39
0.394
0.378
0.387
0.39
0.384
0.389
0.391
0.393
0.387
0.383
0.387
0.383
0.38
0.387
0.393
0.384
0.391
0.383
0.39
0.388
0.387
0.388
0.38
0.388
0.381
0.386
0.386
0.389
0.383
0.387
0.378
0.374
0.377
0.386
0.381
0.38
0.376
0.381
0.379
0.373
0.38
0.379
0.385
0.381
0.387
0.378
0.384
0.384
0.379
0.379
0.372
0.375
0.373
0.378
0.385
0.382
0.385
0.39
0.382
0.381
0.388
0.384
0.384
0.375
0.383
0.381
0.381
0.389
0.388
0.383
0.378
0.386
0.388
0.379
0.384
0.381
0.383
0.38
0.384
0.393
0.389
0.392
0.389
0.389
0.385
0.387
0.385
0.379
0.383
0.38
0.382
0.383
0.387
0.387
0.393
0.384
0.385
0.381
0.383
0.377
0.382
0.388
0.382
0.384
0.389
0.389
0.383
0.377
0.381
0.383
0.385
0.38
0.39
0.387
0.389
0.386
0.394
0.387
0.385
0.389
0.387
0.378
0.379
0.386
0.384
0.379
0.391
0.39
0.384
0.384
0.379
0.381
0.383
0.381
0.382
0.385
0.38
0.386
0.391
0.383
0.392
0.392
0.385
0.394
0.388
0.38
0.388
0.386
0.387
0.38
0.386
0.39
0.382
0.385
0.386
0.391
0.388
0.394
0.388
0.396
0.388
0.39
0.388
0.381
0.386
0.389
0.386
0.383
0.389
0.386
0.39
0.399
0.393
0.392
0.39
0.384
0.386
0.383
0.39
0.395
0.387
0.386
0.39
0.384
0.397
0.396
0.394
0.391
0.385
0.39
0.393
0.387
0.391
0.39
0.397
0.394
0.394
0.391
0.398
0.399
0.397
0.399
0.395
0.388
0.39
0.396
0.392
0.391
0.395
0.396
0.405
0.402
0.399
0.397
0.4
0.394
0.398
0.394
0.396
0.401
0.391
0.397
0.394
0.403
0.4
0.407
0.398
0.406
0.404
0.406
0.401
0.396
0.398
0.403
0.404
0.406
0.402
0.4
0.404
0.396
0.399
0.402
0.403
0.401
0.411
0.4
0.398
0.398
0.399
0.408
0.4
0.404
0.396
0.405
0.404
0.414
0.399
0.397
0.405
0.407
0.408
0.4
0.4
0.4
0.403
0.396
0.403
0.406
0.401
0.399
0.406
0.401
0.398
0.401
0.407
0.397
0.401
0.404
0.399
0.408
0.4
0.403
0.409
0.402
0.402
0.409
0.412
0.407
0.401
0.406
0.399
0.407
0.404
0.405
0.404
0.41
0.401
0.405
0.402
0.412
0.41
0.417
0.406
0.4
0.408
0.398
0.406
0.405
0.398
0.406
0.413
0.409
0.41
0.401
0.406
0.409
0.403
0.413
0.41
0.4
0.416
0.408
0.408
0.408
0.409
0.409
0.405
0.408
0.413
0.415
0.415
0.408
0.406
0.403
0.418
0.411
0.41
0.4
0.41
0.414
0.421
0.414
0.406
0.414
0.41
0.408
0.417
0.416
0.421
0.414
0.411
0.407
0.415
0.425
0.417
0.413
0.406
0.415
0.423
0.419
0.425
0.424
0.421
0.422
0.426
0.423
0.421
0.43
0.421
0.428
0.423
0.426
0.436
0.427
0.426
0.43
0.429
0.421
0.429
0.421
0.426
0.423
0.43
0.427
0.419
0.42
0.423
0.428
0.42
0.417
0.415
0.418
0.427
0.427
0.417
0.417
0.417
0.427
0.417
0.42
0.42
0.419
0.412
0.415
0.415
0.414
0.423
0.422
0.426
0.416
0.418
0.412
0.422
0.421
0.413
0.418
0.417
0.414
0.423
0.413
0.416
0.416
0.416
0.417
0.413
0.418
0.422
0.424
0.424
0.414
0.41
0.414
0.411
0.41
0.411
0.412
0.415
0.417
0.416
0.42
0.416
0.417
0.409
0.417
0.416
0.42
0.42
0.415
0.414
0.415
0.416
0.407
0.415
0.411
0.413
0.41
0.402
0.411
0.411
0.416
0.411
0.401
0.413
0.405
0.414
0.408
0.417
0.409
0.414
0.421
0.406
0.412
0.412
0.404
0.414
0.413
0.408
0.4
0.395
0.404
0.414
0.406
0.401
0.394
0.41
0.407
0.4
0.407
0.398
0.41
0.401
0.4
0.402
0.401
0.404
0.405
0.413
0.409
0.403
0.401
0.399
0.399
0.407
0.403
0.402
0.402
0.403
0.404
0.406
0.405
0.409
0.41
0.4
0.398
0.402
0.403
0.397
0.407
0.404
0.409
0.404
0.4
0.408
0.406
0.396
0.401
0.405
0.4
0.407
0.415
0.406
0.404
0.413
0.407
0.414
0.412
0.419
0.412
0.41
0.419
0.414
0.414
0.415
0.416
0.408
0.413
0.416
0.418
0.414
0.412
0.422
0.413
0.418
0.416
0.419
0.427
0.405
0.414
0.412
0.411
0.413
0.423
0.416
0.411
0.412
0.414
0.421
0.411
0.41
0.412
0.409
0.415
0.415
0.42
0.414
0.409
0.404
0.413
0.422
0.415
0.412
0.413
0.408
0.415
0.425
0.413
0.422
0.413
0.41
0.409
0.415
0.421
0.418
0.413
0.405
0.409
0.416
0.419
0.424
0.418
0.414
0.404
0.409
0.411
0.409
0.413
0.411
0.415
0.416
0.424
0.414
0.411
0.405
0.415
0.413
0.409
0.406
0.413
0.406
0.409
0.414
0.404
0.413
0.417
0.41
0.418
0.41
0.406
0.417
0.41
0.418
0.409
0.416
0.409
0.416
0.407
0.416
0.41
0.406
0.41
0.417
0.414
0.422
0.42
0.413
0.415
0.423
0.415
0.412
0.414
0.413
0.418
0.408
0.416
0.42
0.419
0.416
0.408
0.415
0.409
0.412
0.408
0.412
0.419
0.417
0.415
0.41
0.417
0.409
0.419
0.416
0.413
0.409
0.41
0.414
0.418
0.413
0.403
0.407
0.408
0.404
0.411
0.411
0.407
0.404
0.406
0.405
0.413
0.41
0.409
0.411
0.405
0.399
0.413
0.405
0.409
0.405
0.402
0.403
0.412
0.406
0.401
0.409
0.399
0.415
0.411
0.404
0.408
0.403
0.413
0.411
0.414
0.405
0.396
0.398
0.405
0.4
0.409
0.406
0.41
0.406
0.405
0.404
0.399
0.407
0.398
0.407
0.4
0.403
0.399
0.405
0.4
0.405
0.396
0.398
0.401
0.404
0.402
0.404
0.398
0.398
0.412
0.409
0.412
0.413
0.409
0.416
0.412
0.413
0.411
0.412
0.402
0.411
0.41
0.407
0.412
0.409
0.416
0.413
0.411
0.407
0.406
0.413
0.417
0.414
0.408
0.407
0.409
0.412
0.403
0.406
0.4
0.403
0.398
0.403
0.408
0.412
0.41
0.405
0.406
0.396
0.401
0.411
0.406
0.414
0.414
0.406
0.402
0.413
0.412
0.405
0.41
0.405
0.405
0.402
0.411
0.402
0.411
0.403
0.407
0.402
0.409
0.408
0.405
0.404
0.4
0.405
0.405
0.405
0.401
0.408
0.411
0.405
0.405
0.401
0.409
0.408
0.408
0.404
0.405
0.404
0.401
0.398
0.397
0.398
0.405
0.405
0.403
0.403
0.399
0.396
0.402
0.403
0.4
0.397
0.401
0.401
0.4
0.393
0.398
0.402
0.408
0.409
0.4
0.407
0.403
0.405
0.4
0.408
0.403
0.407
0.407
0.404
0.413
0.406
0.404
0.406
0.411
0.401
0.411
0.407
0.417
0.404
0.41
0.409
0.41
0.412
0.416
0.407
0.398
0.406
0.413
0.41
0.411
0.408
0.412
0.414
0.405
0.41
0.407
0.416
0.412
0.406
0.411
0.41
0.404
0.409
0.413
0.415
0.407
0.411
0.411
0.418
0.41
0.41
0.409
0.404
0.414
0.409
0.409
0.402
0.409
0.413
0.406
0.415
0.406
0.409
0.41
0.412
0.41
0.4
0.419
0.412
0.407
0.405
0.41
0.412
0.411
0.421
0.414
0.409
0.4
0.402
0.412
0.421
0.404
0.41
0.418
0.42
0.411
0.402
0.406
0.412
0.416
0.414
0.414
0.411
0.412
0.403
0.41
0.406
0.409
0.411
0.412
0.416
0.417
0.423
0.414
0.413
0.408
0.415
0.41
0.415
0.419
0.412
0.409
0.411
0.412
0.413
0.421
0.415
0.41
0.405
0.413
0.411
0.412
0.42
0.411
0.412
0.414
0.405
0.414
0.409
0.419
0.412
0.418
0.419
0.413
0.417
0.42
0.416
0.423
0.415
0.411
0.409
0.409
0.415
0.414
0.409
0.414
0.408
0.412
0.402
0.416
0.417
0.41
0.41
0.404
0.413
0.414
0.417
0.416
0.406
0.409
0.403
0.412
0.403
0.412
0.41
0.405
0.398
0.408
0.405
0.404
0.412
0.409
0.409
0.406
0.412
0.402
0.409
0.407
0.408
0.402
0.406
0.401
0.41
0.412
0.408
0.411
0.402
0.411
0.403
0.413
0.409
0.408
0.409
0.409
0.405
0.408
0.41
0.41
0.405
0.402
0.411
0.404
0.413
0.408
0.412
0.402
0.415
0.407
0.397
0.408
0.404
0.408
0.405
0.411
0.406
0.408
0.402
0.405
0.402
0.411
0.406
0.403
0.405
0.411
0.415
0.407
0.408
0.418
0.409
0.401
0.401
0.397
0.404
0.411
0.409
0.402
0.406
0.401
0.409
0.409
0.405
0.41
0.402
0.405
0.41
0.409
0.4
0.407
0.41
0.416
0.412
0.41
0.412
0.408
0.406
0.404
0.41
0.405
0.409
0.407
0.406
0.413
0.413
0.417
0.418
0.408
0.414
0.414
0.417
0.41
0.408
0.413
0.417
0.424
0.412
0.413
0.411
0.417
0.42
0.413
0.416
0.417
0.413
0.412
0.415
0.41
0.412
0.41
0.415
0.421
0.42
0.414
0.411
0.41
0.406
0.411
0.414
0.413
0.413
0.423
0.43
0.42
0.425
0.418
0.418
0.423
0.414
0.423
0.421
0.426
0.433
0.434
0.408
0.416
0.426
0.421
0.414
0.42
0.414
0.407
0.411
0.419
0.419
0.426
0.412
0.418
0.418
0.412
0.408
0.415
0.414
0.407
0.415
0.416
0.41
0.407
0.417
0.407
0.417
0.41
0.415
0.406
0.406
0.406
0.415
0.414
0.417
0.407
0.417
0.415
0.406
0.416
0.411
0.41
0.411
0.414
0.421
0.417
0.423
0.416
0.412
0.407
0.413
0.411
0.417
0.421
0.415
0.414
0.413
0.417
0.418
0.425
0.418
0.414
0.415
0.422
0.417
0.425
0.42
0.419
0.415
0.413
0.422
0.429
0.421
0.413
0.416
0.414
0.419
0.418
0.42
0.416
0.421
0.424
0.421
0.417
0.422
0.417
0.411
0.413
0.413
0.413
0.415
0.409
0.419
0.424
0.413
0.407
0.423
0.414
0.414
0.408
0.415
0.411
0.42
0.414
0.417
0.417
0.414
0.414
0.416
0.415
0.407
0.417
0.411
0.417
0.416
0.418
0.411
0.407
0.412
0.418
0.419
0.415
0.41
0.408
0.417
0.412
0.405
0.413
0.414
0.412
0.417
0.41
0.419
0.413
0.419
0.409
0.414
0.408
0.418
0.412
0.411
0.408
0.408
0.411
0.414
0.424
0.407
0.413
0.413
0.413
0.415
0.42
0.411
0.407
0.412
0.42
0.417
0.411
0.416
0.416
0.419
0.409
0.405
0.402
0.411
0.409
0.405
0.407
0.41
0.408
0.411
0.412
0.406
0.396
0.403
0.401
0.407
0.405
0.411
0.41
0.414
0.414
0.409
0.401
0.405
0.41
0.409
0.408
0.408
0.41
0.412
0.405
0.411
0.407
0.408
0.415
0.411
0.41
0.413
0.416
0.416
0.412
0.415
0.417
0.414
0.417
0.417
0.419
0.414
0.415
0.414
0.42
0.421
0.422
0.416
0.419
0.421
0.418
0.419
0.425
0.422
0.425
0.425
0.423
0.42
0.423
0.422
0.423
0.422
0.418
0.424
0.424
0.422
0.42
0.42
0.426
0.425
0.419
0.423
0.421
0.421
0.42
0.424
0.422
0.417
0.422
0.421
0.423
0.421
0.423
0.422
0.422
0.42
0.424
0.422
0.423
0.417
0.422
0.423
0.423
0.423
0.427
0.428
0.429
0.43
0.431
0.435
0.438
0.429
0.435
0.436
0.435
0.43
0.425
0.429
0.441
0.438
0.443
0.448
0.447
0.441
0.456
0.453
0.442
0.441
0.438
0.451
0.452
0.457
0.453
0.447
0.45
0.448
0.442
0.443
0.444
0.441
0.449
0.452
0.441
0.438
0.442
0.449
0.442
0.437
0.431
0.43
0.445
0.436
0.435
0.438
0.435
0.429
0.445
0.434
0.431
0.438
0.432
0.429
0.43
0.438
0.431
0.425
0.427
0.432
0.426
0.42
0.426
0.427
0.431
0.422
0.418
0.421
0.416
0.412
0.422
0.413
0.416
0.417
0.418
0.421
0.413
0.411
0.415
0.423
0.423
0.418
0.411
0.42
0.421
0.424
0.416
0.415
0.405
0.414
0.41
0.415
0.421
0.425
0.415
0.406
0.412
0.413
0.407
0.413
0.407
0.417
0.408
0.407
0.411
0.408
0.4
0.409
0.413
0.413
0.419
0.4
0.409
0.408
0.402
0.41
0.404
0.408
0.399
0.403
0.411
0.405
0.401
0.394
0.402
0.404
0.4
0.406
0.413
0.402
0.399
0.408
0.394
0.399
0.394
0.401
0.399
0.403
0.397
0.391
0.398
0.405
0.398
0.403
0.396
0.392
0.387
0.393
0.399
0.393
0.4
0.403
0.395
0.389
0.395
0.396
0.387
0.392
0.399
0.395
0.39
0.393
0.396
0.393
0.4
0.391
0.397
0.394
0.391
0.385
0.388
0.396
0.387
0.395
0.39
0.384
0.389
0.382
0.388
0.397
0.392
0.396
0.39
0.392
0.388
0.387
0.387
0.385
0.394
0.387
0.389
0.394
0.385
0.393
0.39
0.384
0.392
0.385
0.387
0.395
0.395
0.387
0.39
0.388
0.394
0.388
0.391
0.396
0.396
0.396
0.404
0.395
0.403
0.397
0.389
0.396
0.401
0.394
0.4
0.394
0.403
0.394
0.407
0.399
0.399
0.399
0.396
0.401
0.395
0.402
0.402
0.411
0.402
0.402
0.402
0.402
0.397
0.403
0.402
0.409
0.404
0.405
0.405
0.415
0.412
0.415
0.412
0.405
0.408
0.404
0.407
0.41
0.404
0.41
0.403
0.411
0.416
0.414
0.414
0.406
0.415
0.414
0.422
0.427
0.415
0.423
0.423
0.415
0.414
0.416
0.412
0.415
0.42
0.422
0.425
0.419
0.417
0.42
0.415
0.415
0.421
0.427
0.423
0.417
0.42
0.415
0.421
0.413
0.415
0.408
0.417
0.416
0.413
0.408
0.42
0.416
0.426
0.426
0.423
0.411
0.418
0.413
0.417
0.414
0.422
0.412
0.414
0.411
0.413
0.41
0.411
0.416
0.409
0.417
0.419
0.425
0.415
0.414
0.409
0.418
0.423
0.416
0.418
0.419
0.415
0.412
0.417
0.419
0.415
0.414
0.416
0.409
0.413
0.414
0.422
0.424
0.407
0.411
0.413
0.416
0.42
0.41
0.414
0.412
0.41
0.415
0.411
0.417
0.417
0.42
0.416
0.417
0.41
0.405
0.412
0.409
0.412
0.406
0.414
0.419
0.421
0.411
0.416
0.411
0.414
0.411
0.405
0.411
0.409
0.41
0.405
0.402
0.407
0.417
0.406
0.399
0.405
0.409
0.401
0.409
0.408
0.401
0.403
0.41
0.403
0.403
0.407
0.41
0.409
0.415
0.406
0.405
0.403
0.398
0.409
0.406
0.401
0.405
0.406
0.402
0.401
0.404
0.4
0.408
0.401
0.401
0.396
0.402
0.392
0.399
0.403
0.407
0.401
0.41
0.41
0.403
0.402
0.394
0.4
0.403
0.402
0.402
0.411
0.41
0.412
0.404
0.401
0.405
0.415
0.415
0.413
0.415
0.407
0.416
0.419
0.413
0.41
0.413
0.412
0.412
0.408
0.41
0.404
0.413
0.418
0.41
0.405
0.405
0.407
0.408
0.411
0.416
0.413
0.412
0.407
0.41
0.408
0.417
0.41
0.405
0.41
0.408
0.403
0.416
0.42
0.415
0.424
0.424
0.424
0.431
0.412
0.42
0.417
0.417
0.416
0.409
0.419
0.414
0.413
0.409
0.426
0.421
0.422
0.417
0.415
0.419
0.425
0.417
0.425
0.416
0.418
0.416
0.419
0.411
0.422
0.418
0.413
0.42
0.42
0.412
0.412
0.421
0.416
0.421
0.422
0.412
0.418
0.428
0.429
0.425
0.418
0.417
0.422
0.416
0.419
0.414
0.418
0.425
0.431
0.424
0.423
0.419
0.421
0.421
0.426
0.425
0.427
0.426
0.433
0.438
0.42
0.425
0.429
0.427
0.433
0.434
0.436
0.429
0.421
0.425
0.43
0.436
0.42
0.426
0.435
0.424
0.428
0.421
0.426
0.423
0.42
0.414
0.409
0.408
0.418
0.418
0.408
0.409
0.411
0.415
0.42
0.416
0.413
0.412
0.406
0.413
0.418
0.423
0.422
0.417
0.421
0.428
0.434
0.434
0.426
0.427
0.422
0.421
0.418
0.418
0.408
0.418
0.422
0.428
0.42
0.41
0.403
0.412
0.412
0.421
0.416
0.414
0.413
0.414
0.415
0.407
0.409
0.405
0.405
0.404
0.41
0.406
0.416
0.412
0.409
0.409
0.404
0.411
0.41
0.411
0.406
0.408
0.406
0.41
0.407
0.411
0.413
0.407
0.422
0.417
0.411
0.416
0.408
0.415
0.413
0.41
0.419
0.414
0.423
0.418
0.412
0.417
0.408
0.412
0.416
0.422
0.418
0.409
0.403
0.411
0.407
0.403
0.412
0.414
0.416
0.42
0.412
0.422
0.409
0.401
0.408
0.407
0.407
0.41
0.4
0.402
0.409
0.416
0.405
0.404
0.408
0.403
0.397
0.405
0.403
0.409
0.419
0.404
0.403
0.408
0.405
0.415
0.413
0.409
0.415
0.406
0.399
0.406
0.4
0.413
0.408
0.405
0.407
0.417
0.4
0.404
0.401
0.41
0.408
0.404
0.404
0.402
0.397
0.414
0.407
0.407
0.416
0.407
0.399
0.407
0.405
0.415
0.407
0.401
0.403
0.401
0.408
0.406
0.404
0.402
0.404
0.397
0.406
0.401
0.396
0.411
0.403
0.396
0.401
0.411
0.411
0.408
0.408
0.412
0.412
0.404
0.402
0.406
0.399
0.404
0.406
0.407
0.4
0.401
0.404
0.407
0.4
0.392
0.4
0.404
0.404
0.411
0.405
0.395
0.394
0.397
0.403
0.395
0.403
0.397
0.399
0.407
0.41
0.402
0.406
0.412
0.399
0.407
0.4
0.398
0.397
0.398
0.406
0.407
0.406
0.405
0.409
0.408
0.401
0.402
0.402
0.396
0.407
0.398
0.406
0.415
0.412
0.406
0.4
0.408
0.41
0.413
0.413
0.42
0.408
0.399
0.414
0.408
0.416
0.406
0.397
0.406
0.406
0.399
0.407
0.413
0.409
0.399
0.403
0.41
0.418
0.406
0.407
0.409
0.41
0.419
0.41
0.402
0.405
0.399
0.409
0.418
0.406
0.413
0.412
0.402
0.412
0.406
0.402
0.407
0.41
0.402
0.405
0.406
0.408
0.416
0.414
0.406
0.409
0.399
0.414
0.421
0.406
0.412
0.405
0.399
0.407
0.408
0.409
0.403
0.408
0.409
0.401
0.41
0.412
0.402
0.411
0.421
0.419
0.42
0.415
0.408
0.403
0.412
0.419
0.422
0.412
0.415
0.421
0.42
0.412
0.418
0.421
0.427
0.422
0.424
0.41
0.415
0.417
0.411
0.418
0.418
0.414
0.417
0.408
0.417
0.407
0.423
0.415
0.42
0.414
0.422
0.423
0.417
0.421
0.43
0.421
0.421
0.42
0.43
0.423
0.425
0.422
0.422
0.419
0.417
0.412
0.417
0.426
0.422
0.419
0.415
0.416
0.416
0.417
0.424
0.422
0.426
0.424
0.417
0.425
0.423
0.415
0.415
0.421
0.42
0.415
0.415
0.405
0.413
0.408
0.412
0.42
0.411
0.416
0.409
0.417
0.411
0.408
0.416
0.42
0.418
0.41
0.406
0.413
0.409
0.416
0.415
0.412
0.407
0.417
0.419
0.424
0.417
0.423
0.419
0.415
0.418
0.428
0.419
0.413
0.416
0.413
0.417
0.417
0.426
0.419
0.422
0.414
0.417
0.407
0.409
0.418
0.413
0.411
0.415
0.405
0.412
0.42
0.413
0.423
0.425
0.416
0.415
0.411
0.419
0.428
0.426
0.416
0.413
0.422
0.415
0.408
0.418
0.408
0.404
0.411
0.416
0.414
0.423
0.421
0.411
0.414
0.406
0.407
0.414
0.422
0.415
0.408
0.413
0.409
0.406
0.408
0.413
0.411
0.413
0.405
0.41
0.407
0.416
0.408
0.403
0.405
0.404
0.408
0.409
0.413
0.409
0.405
0.408
0.413
0.413
0.411
0.413
0.413
0.404
0.411
0.408
0.412
0.408
0.407
0.414
0.422
0.419
0.409
0.411
0.405
0.409
0.418
0.422
0.412
0.41
0.409
0.416
0.41
0.406
0.412
0.422
0.417
0.407
0.405
0.407
0.407
0.404
0.412
0.406
0.416
0.409
0.412
0.42
0.428
0.415
0.422
0.41
0.42
0.424
0.416
0.414
0.418
0.411
0.417
0.424
0.425
0.418
0.411
0.411
0.421
0.423
0.414
0.41
0.41
0.418
0.419
0.429
0.409
0.411
0.419
0.417
0.411
0.406
0.413
0.406
0.411
0.409
0.415
0.412
0.414
0.411
0.406
0.421
0.415
0.405
0.414
0.417
0.409
0.415
0.42
0.422
0.423
0.413
0.411
0.412
0.408
0.418
0.413
0.409
0.411
0.421
0.411
0.403
0.41
0.416
0.402
0.408
0.4
0.403
0.406
0.413
0.413
0.408
0.4
0.407
0.404
0.407
0.415
0.414
0.413
0.418
0.412
0.409
0.408
0.412
0.42
0.399
0.405
0.41
0.42
0.414
0.404
0.396
0.402
0.408
0.403
0.397
0.401
0.402
0.397
0.404
0.398
0.399
0.403
0.403
0.405
0.396
0.401
0.403
0.395
0.403
0.399
0.396
0.4
0.409
0.402
0.41
0.414
0.395
0.404
0.403
0.409
0.409
0.41
0.4
0.402
0.395
0.402
0.4
0.406
0.4
0.401
0.395
0.401
0.403
0.407
0.399
0.415
0.42
0.406
0.403
0.403
0.411
0.414
0.408
0.401
0.409
0.405
0.407
0.407
0.402
0.4
0.403
0.411
0.402
0.405
0.408
0.413
0.409
0.409
0.404
0.408
0.4
0.403
0.412
0.407
0.405
0.406
0.409
0.403
0.411
0.41
0.417
0.409
0.402
0.411
0.41
0.401
0.409
0.402
0.401
0.404
0.399
0.396
0.404
0.403
0.397
0.404
0.406
0.413
0.406
0.4
0.396
0.401
0.408
0.4
0.4
0.406
0.396
0.403
0.405
0.412
0.402
0.406
0.401
0.397
0.399
0.393
0.404
0.4
0.398
0.403
0.403
0.408
0.4
0.392
0.393
0.397
0.397
0.405
0.399
0.39
0.399
0.393
0.387
0.396
0.401
0.396
0.393
0.399
0.393
0.386
0.394
0.402
0.392
0.387
0.395
0.393
0.39
0.396
0.394
0.393
0.394
0.4
0.407
0.402
0.403
0.408
0.398
0.392
0.396
0.399
0.402
0.404
0.4
0.392
0.396
0.4
0.398
0.396
0.404
0.402
0.4
0.407
0.406
0.402
0.4
0.406
0.407
0.399
0.401
0.411
0.406
0.412
0.41
0.411
0.409
0.41
0.42
0.41
0.417
0.413
0.419
0.413
0.423
0.416
0.414
0.423
0.422
0.416
0.422
0.42
0.419
0.421
0.42
0.422
0.419
0.423
0.424
0.423
0.423
0.421
0.425
0.42
0.428
0.426
0.426
0.427
0.426
0.431
0.425
0.431
0.428
0.431
0.432
0.433
0.431
0.433
0.436
0.434
0.436
0.433
0.438
0.433
0.441
0.435
0.429
0.436
0.441
0.442
0.444
0.446
0.444
0.447
0.448
0.447
0.446
0.441
0.434
0.44
0.44
0.453
0.462
0.459
0.47
0.47
0.462
0.47
0.469
0.473
0.47
0.467
0.475
0.474
0.471
0.482
0.483
0.483
0.492
0.496
0.495
0.502
0.494
0.497
0.507
0.496
0.496
0.5
0.496
0.504
0.5
0.502
0.495
0.49
0.497
0.503
0.506
0.517
0.517
0.509
0.517
0.511
0.509
0.515
0.507
0.503
0.507
0.502
0.497
0.506
0.505
0.506
0.517
0.52
0.515
0.516
0.519
0.515
0.507
0.508
0.502
0.501
0.511
0.664
0.662
0.661
0.649
0.635
0.633
0.632
0.646
0.644
0.634
0.647
0.645
0.657
0.555
0.525
0.529
0.532
0.538
0.532
0.545
0.541
0.545
0.541
0.543
0.556
0.548
0.546
0.544
0.552
0.552
0.553
0.552
0.555
0.556
0.55
0.55
0.549
0.548
0.555
0.568
0.671
0.673
0.66
0.564
0.559
0.552
0.546
0.539
0.544
0.549
0.548
0.561
0.567
0.583
0.581
0.572
0.562
0.571
0.537
0.537
0.534
0.537
0.533
0.531
0.528
0.539
0.533
0.525
0.576
0.563
0.56
0.555
0.549
0.548
0.545
0.542
0.538
0.539
0.55
0.542
0.542
0.554
0.566
0.57
0.577
0.571
0.569
0.563
0.562
0.576
0.566
0.559
0.565
0.563
0.561
0.557
0.547
0.551
0.54
0.551
0.563
0.574
0.584
0.595
0.599
0.594
0.584
0.577
0.563
0.556
0.563
0.556
0.55
0.548
0.547
0.542
0.548
0.55
0.559
0.569
0.617
0.613
0.606
0.604
0.6
0.592
0.585
0.586
0.589
0.596
0.608
0.669
0.666
0.653
0.637
0.625
0.62
0.611
0.61
0.557
0.556
0.563
0.567
0.591
0.582
0.572
0.576
0.572
0.569
0.563
0.562
0.57
0.562
0.564
0.568
0.569
0.571
0.567
0.568
0.564
0.576
0.581
0.581
0.577
0.585
0.584
0.579
0.586
0.599
0.586
0.592
0.596
0.597
0.595
0.591
0.591
0.596
0.6
0.59
0.585
0.59
0.584
0.587
0.592
0.587
0.594
0.596
0.591
0.586
0.581
0.62
0.612
0.607
0.605
0.602
0.594
0.592
0.59
0.586
0.582
0.587
0.584
0.58
0.586
0.587
0.585
0.582
0.582
0.582
0.579
0.576
0.577
0.577
0.575
0.572
0.568
0.567
0.562
0.558
0.554
0.562
0.561
0.566
0.573
0.579
0.579
0.581
0.581
0.574
0.567
0.564
0.559
0.552
0.553
0.557
0.563
0.569
0.58
0.591
0.6
0.604
0.605
0.601
0.6
0.594
0.591
0.59
0.588
0.585
0.582
0.576
0.59
0.598
0.622
0.627
0.622
0.607
0.612
0.608
0.602
0.595
0.604
0.602
0.601
0.603
0.604
0.605
0.605
0.613
0.619
0.617
0.616
0.612
0.609
0.608
0.607
0.606
0.615
0.622
0.633
0.637
0.634
0.63
0.626
0.621
0.612
0.61
0.609
0.608
0.608
0.608
0.611
0.616
0.614
0.608
0.614
0.575
0.563
0.577
0.582
0.636
0.65
0.651
0.648
0.641
0.633
0.625
0.615
0.606
0.602
0.599
0.6
0.604
0.608
0.618
0.623
0.635
0.635
0.628
0.617
0.618
