0.636
0.624
0.601
0.602
0.595
0.586
0.578
0.574
0.571
0.567
0.564
0.559
0.549
0.547
0.528
0.534
0.538
0.509
0.5
0.508
0.505
0.495
0.503
0.498
0.486
0.487
0.498
0.49
0.497
0.493
0.495
0.479
0.478
0.483
0.479
0.468
0.468
0.472
0.469
0.471
0.469
0.467
0.457
0.448
0.455
0.461
0.453
0.453
0.45
0.448
0.457
0.448
0.444
0.451
0.457
0.464
0.461
0.453
0.462
0.467
0.457
0.468
0.455
0.465
0.456
0.452
0.463
0.458
0.453
0.46
0.465
0.462
0.466
0.461
0.453
0.462
0.463
0.456
0.448
0.459
0.459
0.456
0.46
0.447
0.441
0.444
0.453
0.449
0.439
0.444
0.448
0.444
0.443
0.442
0.442
0.447
0.446
0.448
0.442
0.438
0.446
0.439
0.442
0.444
0.439
0.438
0.43
0.434
0.443
0.43
0.442
0.448
0.439
0.436
0.436
0.426
0.427
0.442
0.432
0.436
0.433
0.443
0.424
0.431
0.435
0.442
0.432
0.428
0.425
0.428
0.431
0.421
0.425
0.428
0.431
0.433
0.431
0.439
0.432
0.433
0.441
0.436
0.434
0.424
0.428
0.437
0.441
0.441
0.433
0.424
0.43
0.436
0.441
0.436
0.437
0.436
0.433
0.436
0.442
0.452
0.453
0.438
0.441
0.436
0.438
0.432
0.442
0.431
0.435
0.441
0.433
0.427
0.435
0.427
0.433
0.426
0.434
0.432
0.433
0.443
0.442
0.436
0.434
0.433
0.437
0.443
0.439
0.436
0.435
0.443
0.432
0.431
0.44
0.432
0.425
0.431
0.437
0.441
0.421
0.43
0.434
0.434
0.425
0.435
0.431
0.421
0.425
0.422
0.427
0.417
0.427
0.434
0.425
0.413
0.427
0.422
0.418
0.418
0.416
0.423
0.427
0.424
0.422
0.423
0.427
0.43
0.43
0.425
0.42
0.424
0.42
0.427
0.426
0.433
0.427
0.419
0.426
0.42
0.423
0.419
0.425
0.427
0.42
0.42
0.416
0.426
0.42
0.421
0.417
0.425
0.421
0.419
0.41
0.416
0.423
0.427
0.431
0.421
0.422
0.42
0.43
0.426
0.421
0.423
0.42
0.417
0.426
0.424
0.423
0.423
0.431
0.437
0.433
0.428
0.423
0.437
0.438
0.425
0.423
0.423
0.419
0.434
0.424
0.419
0.425
0.422
0.412
0.43
0.418
0.423
0.426
0.419
0.425
0.416
0.415
0.41
0.419
0.418
0.422
0.415
0.408
0.417
0.41
0.419
0.416
0.423
0.415
0.425
0.42
0.415
0.408
0.416
0.411
0.412
0.417
0.427
0.42
0.42
0.417
0.423
0.415
0.422
0.429
0.434
0.425
0.427
0.426
0.418
0.422
0.426
0.416
0.427
0.432
0.425
0.421
0.428
0.433
0.443
0.433
0.434
0.428
0.437
0.431
0.425
0.434
0.434
0.434
0.436
0.431
0.441
0.445
0.434
0.439
0.434
0.438
0.437
0.444
0.434
0.441
0.446
0.434
0.441
0.433
0.423
0.426
0.438
0.446
0.433
0.434
0.438
0.432
0.422
0.427
0.433
0.434
0.429
0.43
0.421
0.425
0.426
0.423
0.425
0.425
0.422
0.417
0.411
0.418
0.416
0.414
0.406
0.412
0.41
0.408
0.406
0.414
0.404
0.409
0.409
0.406
0.409
0.413
0.403
0.405
0.409
0.412
0.417
0.417
0.408
0.402
0.412
0.415
0.423
0.408
0.41
0.416
0.407
0.412
0.422
0.413
0.405
0.41
0.405
0.411
0.409
0.417
0.417
0.427
0.423
0.414
0.411
0.414
0.418
0.41
0.42
0.414
0.413
0.417
0.413
0.419
0.421
0.426
0.418
0.424
0.418
0.409
0.413
0.415
0.409
0.414
0.419
0.418
0.417
0.412
0.411
0.411
0.421
0.422
0.422
0.424
0.418
0.413
0.415
0.425
0.43
0.422
0.423
0.433
0.423
0.426
0.416
0.418
0.427
0.422
0.419
0.42
0.427
0.422
0.417
0.416
0.418
0.423
0.413
0.416
0.417
0.417
0.413
0.43
0.42
0.417
0.425
0.424
0.418
0.421
0.429
0.425
0.421
0.418
0.428
0.433
0.418
0.427
0.42
0.419
0.412
0.42
0.415
0.416
0.421
0.415
0.418
0.423
0.419
0.424
0.428
0.423
0.414
0.418
0.428
0.422
0.418
0.415
0.424
0.423
0.42
0.417
0.413
0.411
0.412
0.424
0.418
0.414
0.411
0.414
0.419
0.414
0.416
0.416
0.413
0.421
0.425
0.42
0.411
0.416
0.406
0.411
0.413
0.404
0.411
0.414
0.411
0.408
0.413
0.422
0.413
0.41
0.413
0.412
0.415
0.407
0.413
0.414
0.411
0.409
0.418
0.413
0.414
0.407
0.416
0.418
0.416
0.406
0.406
0.41
0.416
0.418
0.417
0.413
0.407
0.404
0.411
0.407
0.407
0.405
0.413
0.418
0.421
0.418
0.411
0.41
0.405
0.421
0.422
0.418
0.413
0.406
0.407
0.416
0.41
0.408
0.405
0.407
0.411
0.417
0.416
0.407
0.413
0.406
0.411
0.403
0.408
0.415
0.411
0.416
0.422
0.418
0.415
0.408
0.416
0.414
0.417
0.421
0.418
0.417
0.42
0.416
0.416
0.421
0.418
0.428
0.411
0.421
0.413
0.417
0.409
0.418
0.414
0.407
0.407
0.402
0.412
0.421
0.416
0.407
0.413
0.405
0.396
0.4
0.409
0.403
0.407
0.405
0.406
0.402
0.412
0.404
0.41
0.404
0.409
0.414
0.413
0.414
0.409
0.402
0.409
0.417
0.408
0.407
0.408
0.411
0.406
0.411
0.407
0.409
0.405
0.403
0.412
0.416
0.407
0.407
0.41
0.407
0.413
0.412
0.405
0.411
0.411
0.42
0.422
0.408
0.41
0.413
0.414
0.406
0.413
0.415
0.424
0.425
0.417
0.416
0.411
0.41
0.413
0.411
0.407
0.402
0.405
0.409
0.413
0.413
0.413
0.409
0.404
0.411
0.407
0.402
0.41
0.407
0.404
0.412
0.41
0.405
0.41
0.406
0.419
0.415
0.413
0.41
0.402
0.408
0.406
0.408
0.409
0.412
0.416
0.412
0.405
0.405
0.401
0.41
0.403
0.409
0.4
0.405
0.407
0.416
0.407
0.414
0.41
0.409
0.405
0.407
0.409
0.407
0.403
0.41
0.41
0.416
0.406
0.407
0.402
0.413
0.418
0.415
0.422
0.419
0.422
0.417
0.426
0.419
0.412
0.419
0.414
0.428
0.418
0.417
0.417
0.417
0.415
0.417
0.414
0.425
0.418
0.415
0.418
0.427
0.433
0.433
0.422
0.428
0.425
0.423
0.433
0.442
0.429
0.43
0.436
0.43
0.42
0.425
0.433
0.432
0.426
0.425
0.431
0.437
0.436
0.431
0.423
0.425
0.428
0.436
0.429
0.419
0.427
0.432
0.427
0.436
0.432
0.435
0.426
0.419
0.424
0.423
0.419
0.421
0.415
0.418
0.416
0.411
0.417
0.424
0.415
0.411
0.42
0.414
0.418
0.428
0.42
0.426
0.428
0.427
0.429
0.422
0.412
0.419
0.429
0.426
0.423
0.414
0.413
0.418
0.412
0.424
0.422
0.412
0.419
0.419
0.417
0.408
0.416
0.412
0.417
0.41
0.415
0.423
0.428
0.418
0.414
0.424
0.424
0.432
0.424
0.419
0.429
0.42
0.416
0.421
0.427
0.418
0.408
0.407
0.41
0.415
0.405
0.405
0.412
0.408
0.404
0.409
0.402
0.406
0.402
0.405
0.399
0.408
0.399
0.408
0.399
0.404
0.399
0.404
0.403
0.413
0.408
0.4
0.405
0.398
0.404
0.406
0.415
0.401
0.4
0.402
0.403
0.404
0.403
0.401
0.399
0.403
0.402
0.408
0.403
0.405
0.401
0.405
0.396
0.407
0.405
0.4
0.406
0.397
0.402
0.405
0.401
0.405
0.4
0.407
0.405
0.402
0.4
0.407
0.398
0.41
0.401
0.401
0.401
0.401
0.41
0.403
0.403
0.4
0.402
0.397
0.404
0.403
0.4
0.406
0.396
0.399
0.405
0.411
0.407
0.41
0.409
0.402
0.399
0.408
0.404
0.406
0.413
0.405
0.405
0.4
0.397
0.401
0.396
0.396
0.403
0.4
0.393
0.393
0.397
0.392
0.401
0.407
0.401
0.398
0.392
0.391
0.393
0.402
0.396
0.388
0.396
0.399
0.393
0.396
0.398
0.393
0.389
0.394
0.393
0.395
0.396
0.405
0.404
0.396
0.404
0.396
0.395
0.39
0.396
0.391
0.4
0.393
0.391
0.394
0.397
0.388
0.394
0.392
0.393
0.395
0.403
0.396
0.39
0.386
0.384
0.391
0.383
0.385
0.386
0.381
0.383
0.391
0.399
0.392
0.386
0.39
0.384
0.388
0.383
0.392
0.388
0.395
0.392
0.392
0.388
0.395
0.398
0.398
0.387
0.395
0.388
0.396
0.395
0.396
0.394
0.386
0.391
0.388
0.392
0.391
0.404
0.394
0.391
0.392
0.395
0.387
0.396
0.388
0.39
0.391
0.393
0.398
0.395
0.392
0.4
0.392
0.393
0.388
0.396
0.391
0.395
0.387
0.391
0.399
0.396
0.388
0.39
0.395
0.4
0.389
0.39
0.386
0.389
0.385
0.391
0.388
0.38
0.381
0.39
0.395
0.386
0.391
0.386
0.38
0.38
0.383
0.38
0.387
0.385
0.38
0.383
0.376
0.385
0.379
0.377
0.384
0.378
0.383
0.379
0.385
0.388
0.374
0.382
0.379
0.378
0.385
0.383
0.375
0.377
0.38
0.384
0.377
0.377
0.375
0.376
0.369
0.376
0.375
0.381
0.376
0.384
0.382
0.38
0.388
0.377
0.376
0.383
0.378
0.384
0.382
0.378
0.374
0.375
0.383
0.387
0.372
0.372
0.376
0.374
0.377
0.376
0.38
0.378
0.383
0.375
0.375
0.372
0.375
0.369
0.377
0.373
0.377
0.375
0.377
0.369
0.375
0.381
0.376
0.374
0.378
0.371
0.372
0.38
0.375
0.379
0.373
0.379
0.373
0.38
0.379
0.385
0.376
0.382
0.376
0.381
0.391
0.385
0.376
0.379
0.376
0.381
0.376
0.378
0.38
0.374
0.381
0.378
0.383
0.389
0.387
0.388
0.389
0.391
0.393
0.396
0.391
0.396
0.393
0.402
0.4
0.395
0.403
0.396
0.401
0.405
0.401
0.408
0.404
0.404
0.405
0.406
0.409
0.408
0.412
0.41
0.414
0.415
0.425
0.422
0.428
0.432
0.43
0.438
0.443
0.442
0.449
0.442
0.447
0.439
0.447
0.449
0.449
0.452
0.453
0.461
0.458
0.471
0.49
0.496
0.488
0.495
0.498
0.494
0.5
0.502
0.504
0.504
0.505
0.511
0.503
0.507
0.511
0.506
0.499
0.493
0.49
0.487
0.488
0.491
0.494
0.5
0.512
0.539
0.533
0.541
0.573
0.569
0.568
0.566
0.589
0.603
0.603
0.605
0.607
0.603
0.595
0.589
0.591
0.582
0.575
0.564
0.556
0.555
0.563
0.555
0.545
0.527
0.515
0.523
0.499
0.493
0.496
0.473
0.475
0.467
0.461
0.454
0.447
0.447
0.436
0.444
0.437
0.439
0.449
0.438
0.437
0.433
0.425
0.43
0.411
0.42
0.413
0.412
0.408
0.404
0.41
0.414
0.414
0.405
0.401
0.404
0.398
0.398
0.395
0.39
0.391
0.392
0.387
0.396
0.397
0.391
0.394
0.389
0.388
0.388
0.383
0.391
0.386
0.382
0.391
0.384
0.393
0.395
0.395
0.382
0.387
0.381
0.384
0.386
0.385
0.392
0.385
0.383
0.388
0.394
0.383
0.384
0.378
0.373
0.378
0.375
0.383
0.386
0.374
0.372
0.377
0.379
0.386
0.37
0.373
0.382
0.373
0.373
0.369
0.377
0.377
0.375
0.384
0.375
0.372
0.375
0.374
0.377
0.381
0.376
0.369
0.374
0.37
0.375
0.372
0.376
0.38
0.368
0.369
0.374
0.378
0.372
0.365
0.374
0.372
0.372
0.365
0.37
0.367
0.371
0.364
0.365
0.373
0.375
0.376
0.374
0.381
0.376
0.372
0.377
0.373
0.374
0.381
0.377
0.379
0.375
0.383
0.381
0.387
0.389
0.39
0.383
0.386
0.39
0.391
0.393
0.387
0.396
0.391
0.398
0.391
0.393
0.391
0.396
0.391
0.394
0.4
0.393
0.399
0.39
0.393
0.395
0.391
0.394
0.396
0.395
0.396
0.39
0.393
0.392
0.401
0.396
0.402
0.396
0.403
0.398
0.405
0.404
0.404
0.397
0.4
0.405
0.404
0.405
0.404
0.408
0.41
0.408
0.417
0.412
0.414
0.404
0.406
0.417
0.417
0.418
0.41
0.412
0.405
0.402
0.412
0.409
0.405
0.401
0.411
0.409
0.411
0.405
0.405
0.401
0.398
0.402
0.394
0.396
0.396
0.402
0.396
0.396
0.395
0.392
0.396
0.398
0.399
0.391
0.397
0.392
0.398
0.4
0.393
0.39
0.398
0.4
0.399
0.394
0.397
0.399
0.39
0.388
0.391
0.384
0.391
0.39
0.381
0.387
0.39
0.384
0.384
0.39
0.385
0.386
0.388
0.386
0.387
0.385
0.392
0.384
0.392
0.384
0.382
0.386
0.388
0.383
0.391
0.396
0.39
0.382
0.388
0.391
0.387
0.388
0.393
0.387
0.382
0.39
0.382
0.388
0.386
0.383
0.386
0.384
0.381
0.387
0.38
0.382
0.385
0.387
0.381
0.383
0.385
0.386
0.383
0.388
0.383
0.38
0.386
0.379
0.388
0.38
0.383
0.385
0.378
0.387
0.382
0.383
0.386
0.377
0.385
0.385
0.382
0.387
0.378
0.384
0.381
0.383
0.384
0.38
0.387
0.38
0.383
0.382
0.385
0.381
0.387
0.381
0.385
0.383
0.379
0.383
0.383
0.378
0.384
0.377
0.38
0.383
0.38
0.387
0.378
0.387
0.383
0.387
0.391
0.382
0.38
0.381
0.381
0.385
0.382
0.38
0.384
0.379
0.384
0.381
0.385
0.38
0.381
0.383
0.38
0.38
0.383
0.383
0.38
0.386
0.386
0.386
0.378
0.385
0.382
0.381
0.383
0.381
0.376
0.385
0.391
0.383
0.381
0.386
0.38
0.383
0.385
0.378
0.384
0.377
0.387
0.388
0.385
0.384
0.378
0.381
0.385
0.378
0.387
0.381
0.39
0.384
0.389
0.381
0.384
0.378
0.386
0.384
0.376
0.383
0.381
0.379
0.384
0.393
0.393
0.388
0.386
0.382
0.388
0.388
0.379
0.383
0.378
0.386
0.379
0.384
0.387
0.38
0.381
0.382
0.378
0.385
0.379
0.388
0.38
0.388
0.385
0.379
0.382
0.381
0.388
0.391
0.386
0.38
0.383
0.383
0.388
0.391
0.383
0.383
0.388
0.383
0.378
0.386
0.38
0.387
0.383
0.378
0.378
0.374
0.378
0.373
0.38
0.376
0.385
0.379
0.376
0.372
0.372
0.375
0.374
0.373
0.377
0.368
0.377
0.381
0.373
0.37
0.377
0.374
0.37
0.375
0.372
0.378
0.377
0.376
0.372
0.378
0.373
0.369
0.371
0.377
0.369
0.377
0.371
0.378
0.373
0.376
0.371
0.379
0.375
0.378
0.373
0.378
0.373
0.38
0.381
0.372
0.38
0.372
0.376
0.376
0.375
0.384
0.376
0.368
0.371
0.369
0.375
0.37
0.377
0.372
0.375
0.381
0.365
0.371
0.365
0.369
0.366
0.369
0.365
0.371
0.369
0.371
0.374
0.366
0.369
0.361
0.369
0.362
0.366
0.369
0.364
0.373
0.365
0.368
0.366
0.366
0.367
0.366
0.357
0.369
0.369
0.369
0.376
0.363
0.369
0.366
0.366
0.365
0.368
0.365
0.368
0.369
0.367
0.373
0.365
0.371
0.362
0.371
0.367
0.367
0.366
0.365
0.37
0.368
0.367
0.364
0.366
0.366
0.37
0.365
0.367
0.366
0.367
0.367
0.371
0.364
0.367
0.369
0.366
0.368
0.369
0.368
0.372
0.368
0.374
0.371
0.376
0.371
0.366
0.372
0.369
0.371
0.368
0.373
0.368
0.372
0.367
0.374
0.369
0.367
0.368
0.367
0.372
0.366
0.374
0.366
0.375
0.37
0.368
0.373
0.372
0.366
0.372
0.369
0.374
0.369
0.365
0.37
0.367
0.372
0.363
0.371
0.374
0.367
0.366
0.368
0.367
0.364
0.37
0.367
0.367
0.368
0.367
0.369
0.366
0.372
0.375
0.366
0.371
0.379
0.373
0.371
0.366
0.374
0.373
0.366
0.367
0.371
0.376
0.373
0.378
0.369
0.378
0.371
0.383
0.377
0.38
0.384
0.377
0.38
0.374
0.38
0.376
0.38
0.388
0.383
0.39
0.385
0.385
0.386
0.391
0.382
0.391
0.387
0.394
0.39
0.393
0.388
0.396
0.395
0.395
0.391
0.4
0.393
0.398
0.394
0.398
0.396
0.396
0.392
0.4
0.393
0.396
0.398
0.395
0.402
0.406
0.404
0.405
0.401
0.405
0.402
0.412
0.403
0.411
0.403
0.393
0.401
0.41
0.402
0.404
0.41
0.401
0.405
0.413
0.406
0.417
0.413
0.414
0.421
0.413
0.421
0.412
0.416
0.411
0.416
0.406
0.406
0.403
0.405
0.398
0.399
0.4
0.4
0.405
0.411
0.41
0.404
0.398
0.394
0.399
0.395
0.401
0.393
0.396
0.389
0.396
0.395
0.403
0.39
0.384
0.387
0.391
0.382
0.389
0.39
0.383
0.389
0.388
0.385
0.393
0.388
0.392
0.385
0.384
0.384
0.389
0.384
0.378
0.383
0.379
0.387
0.389
0.381
0.377
0.381
0.385
0.379
0.377
0.371
0.369
0.37
0.375
0.374
0.368
0.373
0.368
0.371
0.367
0.375
0.369
0.377
0.368
0.377
0.373
0.371
0.371
0.365
0.374
0.37
0.378
0.372
0.368
0.371
0.367
0.372
0.366
0.372
0.364
0.372
0.373
0.365
0.367
0.372
0.365
0.367
0.364
0.37
0.364
0.368
0.365
0.371
0.365
0.369
0.363
0.362
0.367
0.364
0.365
0.365
0.363
0.366
0.366
0.368
0.36
0.363
0.364
0.365
0.36
0.367
0.366
0.369
0.368
0.371
0.372
0.364
0.369
0.366
0.37
0.369
0.372
0.371
0.369
0.377
0.372
0.365
0.374
0.367
0.37
0.372
0.378
0.372
0.365
0.37
0.369
0.363
0.368
0.363
0.365
0.361
0.369
0.367
0.366
0.367
0.365
0.365
0.36
0.362
0.363
0.361
0.365
0.359
0.362
0.366
0.361
0.363
0.362
0.364
0.362
0.368
0.362
0.367
0.367
0.366
0.364
0.36
0.366
0.36
0.368
0.366
0.367
0.37
0.362
0.366
0.369
0.364
0.365
0.364
0.366
0.361
0.367
0.363
0.367
0.36
0.366
0.366
0.366
0.371
0.362
0.367
0.363
0.364
0.362
0.362
0.363
0.364
0.362
0.365
0.368
0.374
0.362
0.367
0.359
0.365
0.364
0.366
0.363
0.37
0.362
0.359
0.362
0.359
0.36
0.359
0.36
0.361
0.36
0.36
0.361
0.359
0.362
0.358
0.361
0.358
0.362
0.359
0.363
0.358
0.365
0.361
0.365
0.358
0.365
0.367
0.358
0.362
0.37
0.365
0.362
0.37
0.37
0.363
0.369
0.363
0.371
0.366
0.369
0.371
0.365
0.374
0.368
0.364
0.367
0.363
0.364
0.365
0.364
0.362
0.366
0.36
0.366
0.363
0.365
0.36
0.365
0.36
0.367
0.358
0.36
0.363
0.36
0.365
0.361
0.363
0.36
0.363
0.362
0.362
0.358
0.366
0.358
0.364
0.362
0.366
0.359
0.367
0.359
0.367
0.36
0.367
0.358
0.36
0.356
0.357
0.361
0.36
0.356
0.36
0.364
0.355
0.356
0.359
0.366
0.357
0.364
0.359
0.363
0.357
0.362
0.358
0.361
0.358
0.364
0.356
0.358
0.366
0.357
0.365
0.359
0.366
0.358
0.366
0.364
0.36
0.367
0.358
0.36
0.368
0.362
0.365
0.358
0.364
0.361
0.357
0.364
0.359
0.365
0.358
0.361
0.36
0.362
0.356
0.363
0.359
0.362
0.359
0.362
0.36
0.356
0.362
0.354
0.362
0.363
0.355
0.369
0.367
0.366
0.367
0.369
0.365
0.37
0.367
0.372
0.368
0.371
0.362
0.375
0.367
0.37
0.364
0.371
0.368
0.365
0.369
0.367
0.368
0.361
0.37
0.367
0.362
0.364
0.358
0.36
0.367
0.361
0.366
0.359
0.362
0.366
0.358
0.365
0.364
0.363
0.367
0.376
0.367
0.374
0.38
0.374
0.375
0.379
0.381
0.375
0.379
0.376
0.383
0.38
0.382
0.375
0.381
0.377
0.389
0.384
0.389
0.385
0.387
0.383
0.392
0.386
0.387
0.384
0.386
0.393
0.385
0.392
0.401
0.392
0.401
0.393
0.391
0.397
0.388
0.399
0.397
0.404
0.4
0.395
0.401
0.401
0.401
0.404
0.406
0.4
0.403
0.409
0.406
0.411
0.418
0.413
0.405
0.405
0.406
0.413
0.406
0.414
0.408
0.407
0.409
0.418
0.412
0.408
0.412
0.414
0.408
0.415
0.411
0.415
0.423
0.418
0.425
0.426
0.418
0.423
0.424
0.422
0.414
0.417
0.424
0.417
0.425
0.428
0.418
0.41
0.412
0.418
0.41
0.413
0.412
0.418
0.409
0.419
0.417
0.42
0.424
0.415
0.412
0.42
0.417
0.414
0.408
0.414
0.415
0.405
0.413
0.411
0.411
0.412
0.416
0.412
0.421
0.412
0.406
0.407
0.411
0.405
0.407
0.407
0.416
0.416
0.41
0.405
0.405
0.415
0.405
0.406
0.408
0.408
0.416
0.411
0.41
0.408
0.416
0.41
0.42
0.422
0.413
0.409
0.415
0.413
0.414
0.418
0.415
0.416
0.412
0.403
0.408
0.402
0.402
0.403
0.402
0.408
0.408
0.406
0.396
0.399
0.403
0.393
0.402
0.396
0.398
0.397
0.402
0.399
0.406
0.396
0.394
0.393
0.391
0.398
0.392
0.386
0.394
0.39
0.391
0.383
0.388
0.383
0.384
0.381
0.387
0.38
0.383
0.385
0.382
0.386
0.38
0.383
0.383
0.383
0.385
0.381
0.387
0.383
0.387
0.396
0.378
0.385
0.392
0.394
0.392
0.385
0.394
0.392
0.388
0.383
0.388
0.387
0.385
0.39
0.391
0.383
0.387
0.389
0.385
0.392
0.384
0.386
0.392
0.384
0.387
0.388
0.384
0.39
0.384
0.385
0.386
0.385
0.389
0.385
0.383
0.384
0.384
0.39
0.391
0.383
0.385
0.38
0.387
0.379
0.381
0.383
0.384
0.386
0.382
0.385
0.39
0.381
0.38
0.38
0.386
0.38
0.383
0.381
0.381
0.381
0.383
0.38
0.385
0.385
0.378
0.377
0.38
0.38
0.383
0.374
0.378
0.38
0.38
0.373
0.379
0.374
0.378
0.377
0.377
0.377
0.379
0.376
0.384
0.376
0.384
0.386
0.38
0.373
0.379
0.376
0.374
0.374
0.372
0.374
0.372
0.369
0.368
0.368
0.371
0.369
0.37
0.367
0.371
0.371
0.367
0.37
0.368
0.371
0.368
0.372
0.366
0.374
0.372
0.371
0.366
0.366
0.366
0.367
0.362
0.37
0.367
0.36
0.363
0.368
0.363
0.369
0.361
0.369
0.361
0.364
0.369
0.368
0.365
0.371
0.368
0.363
0.369
0.364
0.368
0.367
0.374
0.366
0.375
0.373
0.371
0.368
0.374
0.368
0.365
0.363
0.365
0.363
0.364
0.362
0.364
0.36
0.366
0.361
0.364
0.357
0.359
0.358
0.364
0.359
0.362
0.364
0.358
0.365
0.36
0.363
0.36
0.363
0.366
0.358
0.36
0.368
0.361
0.368
0.359
0.367
0.374
0.367
0.375
0.37
0.365
0.369
0.368
0.367
0.368
0.367
0.37
0.366
0.372
0.365
0.372
0.366
0.372
0.366
0.369
0.367
0.366
0.37
0.363
0.369
0.369
0.363
0.368
0.366
0.368
0.363
0.369
0.36
0.364
0.365
0.36
0.366
0.364
0.365
0.366
0.366
0.361
0.366
0.365
0.366
0.365
0.366
0.367
0.364
0.367
0.364
0.373
0.366
0.37
0.37
0.366
0.374
0.36
0.367
0.359
0.366
0.362
0.365
0.361
0.366
0.359
0.366
0.359
0.366
0.36
0.362
0.369
0.365
0.367
0.367
0.364
0.37
0.361
0.369
0.355
0.354
0.36
0.359
0.357
0.361
0.356
0.358
0.359
0.358
0.359
0.36
0.356
0.36
0.357
0.363
0.357
0.362
0.358
0.366
0.365
0.365
0.362
0.357
0.363
0.362
0.362
0.361
0.362
0.36
0.364
0.36
0.364
0.362
0.364
0.361
0.363
0.363
0.362
0.367
0.36
0.365
0.366
0.366
0.364
0.372
0.364
0.372
0.369
0.367
0.373
0.374
0.37
0.379
0.372
0.38
0.374
0.378
0.374
0.379
0.383
0.379
0.381
0.379
0.382
0.386
0.377
0.39
0.386
0.388
0.386
0.391
0.384
0.388
0.383
0.387
0.387
0.393
0.387
0.396
0.391
0.389
0.396
0.396
0.402
0.397
0.401
0.407
0.401
0.401
0.395
0.406
0.402
0.403
0.403
0.396
0.406
0.411
0.407
0.409
0.403
0.412
0.403
0.408
0.406
0.408
0.401
0.403
0.402
0.408
0.4
0.401
0.404
0.405
0.404
0.405
0.411
0.406
0.409
0.402
0.404
0.398
0.406
0.405
0.401
0.405
0.408
0.4
0.399
0.405
0.403
0.405
0.407
0.41
0.407
0.408
0.4
0.403
0.406
0.396
0.401
0.397
0.389
0.396
0.388
0.396
0.396
0.388
0.387
0.391
0.384
0.393
0.388
0.387
0.385
0.39
0.393
0.386
0.389
0.382
0.39
0.385
0.384
0.391
0.382
0.386
0.386
0.389
0.382
0.39
0.382
0.387
0.381
0.383
0.392
0.383
0.386
0.394
0.385
0.389
0.397
0.394
0.39
0.388
0.396
0.4
0.394
0.387
0.389
0.388
0.381
0.383
0.385
0.377
0.382
0.38
0.388
0.382
0.387
0.385
0.381
0.376
0.378
0.385
0.384
0.378
0.381
0.379
0.383
0.375
0.384
0.38
0.375
0.376
0.37
0.379
0.376
0.371
0.374
0.366
0.374
0.375
0.368
0.374
0.367
0.369
0.372
0.36
0.36
0.367
0.361
0.367
0.361
0.367
0.36
0.365
0.358
0.364
0.359
0.361
0.357
0.364
0.358
0.361
0.358
0.365
0.358
0.366
0.361
0.364
0.362
0.363
0.365
0.363
0.365
0.36
0.364
0.363
0.363
0.362
0.366
0.36
0.366
0.362
0.366
0.362
0.359
0.363
0.363
0.371
0.355
0.36
0.354
0.362
0.354
0.354
0.358
0.356
0.359
0.354
0.36
0.352
0.356
0.359
0.353
0.361
0.359
0.357
0.359
0.358
0.358
0.358
0.356
0.358
0.355
0.359
0.355
0.357
0.357
0.356
0.356
0.356
0.356
0.358
0.354
0.361
0.362
0.355
0.358
0.359
0.356
0.36
0.358
0.363
0.357
0.361
0.36
0.354
0.364
0.355
0.363
0.359
0.363
0.362
0.365
0.369
0.365
0.361
0.369
0.367
0.361
0.369
0.36
0.367
0.362
0.37
0.366
0.358
0.366
0.36
0.367
0.359
0.367
0.36
0.361
0.359
0.367
0.364
0.356
0.364
0.352
0.358
0.364
0.355
0.362
0.357
0.355
0.356
0.358
0.36
0.361
0.362
0.36
0.361
0.365
0.358
0.359
0.365
0.365
0.368
0.364
0.369
0.369
0.364
0.366
0.368
0.37
0.368
0.375
0.368
0.37
0.372
0.376
0.374
0.366
0.366
0.367
0.374
0.378
0.375
0.383
0.375
0.373
0.372
0.38
0.373
0.375
0.379
0.381
0.383
0.381
0.388
0.38
0.386
0.385
0.386
0.384
0.387
0.381
0.388
0.386
0.389
0.386
0.384
0.388
0.395
0.392
0.387
0.396
0.393
0.391
0.391
0.391
0.388
0.391
0.393
0.401
0.395
0.388
0.397
0.398
0.401
0.398
0.392
0.396
0.401
0.405
0.396
0.401
0.392
0.401
0.399
0.4
0.404
0.399
0.407
0.399
0.402
0.403
0.406
0.403
0.407
0.409
0.403
0.399
0.41
0.411
0.42
0.414
0.407
0.414
0.409
0.416
0.408
0.407
0.414
0.409
0.417
0.419
0.41
0.412
0.405
0.41
0.401
0.409
0.416
0.396
0.398
0.396
0.398
0.392
0.401
0.393
0.388
0.397
0.397
0.386
0.391
0.379
0.387
0.379
0.382
0.376
0.382
0.375
0.373
0.371
0.376
0.38
0.378
0.374
0.38
0.371
0.38
0.375
0.378
0.376
0.372
0.376
0.37
0.374
0.373
0.368
0.376
0.369
0.376
0.374
0.37
0.377
0.374
0.372
0.363
0.368
0.371
0.363
0.364
0.369
0.368
0.372
0.369
0.367
0.371
0.366
0.374
0.367
0.373
0.37
0.366
0.371
0.373
0.366
0.366
0.364
0.363
0.372
0.363
0.372
0.371
0.368
0.375
0.37
0.361
0.365
0.374
0.367
0.368
0.361
0.37
0.362
0.366
0.362
0.367
0.367
0.372
0.371
0.362
0.369
0.363
0.369
0.363
0.366
0.363
0.371
0.369
0.365
0.369
0.369
0.366
0.37
0.366
0.369
0.362
0.368
0.363
0.367
0.372
0.366
0.36
0.364
0.368
0.372
0.368
0.363
0.37
0.364
0.359
0.366
0.363
0.363
0.363
0.364
0.355
0.362
0.358
0.366
0.361
0.367
0.359
0.367
0.36
0.363
0.36
0.362
0.361
0.358
0.364
0.358
0.362
0.356
0.362
0.356
0.364
0.357
0.362
0.355
0.361
0.356
0.36
0.355
0.354
0.358
0.355
0.361
0.354
0.361
0.353
0.361
0.354
0.36
0.354
0.357
0.357
0.354
0.353
0.36
0.354
0.357
0.356
0.357
0.354
0.357
0.356
0.356
0.354
0.358
0.359
0.354
0.356
0.357
0.365
0.358
0.361
0.362
0.357
0.364
0.357
0.362
0.366
0.371
0.366
0.363
0.37
0.37
0.366
0.373
0.368
0.365
0.37
0.374
0.367
0.373
0.375
0.377
0.378
0.372
0.374
0.379
0.382
0.382
0.38
0.387
0.382
0.383
0.387
0.387
0.384
0.391
0.394
0.391
0.39
0.386
0.389
0.392
0.391
0.389
0.394
0.391
0.397
0.394
0.386
0.392
0.4
0.396
0.395
0.392
0.397
0.396
0.389
0.395
0.394
0.397
0.396
0.4
0.395
0.399
0.399
0.407
0.401
0.401
0.397
0.403
0.4
0.408
0.405
0.396
0.399
0.405
0.401
0.41
0.406
0.4
0.398
0.403
0.406
0.4
0.402
0.412
0.409
0.4
0.408
0.4
0.402
0.407
0.41
0.407
0.403
0.404
0.401
0.4
0.404
0.408
0.403
0.408
0.4
0.4
0.405
0.398
0.404
0.405
0.409
0.406
0.404
0.402
0.406
0.407
0.404
0.41
0.408
0.404
0.407
0.41
0.411
0.411
0.408
0.409
0.412
0.406
0.411
0.406
0.407
0.409
0.405
0.412
0.409
0.402
0.398
0.401
0.404
0.402
0.411
0.409
0.404
0.404
0.408
0.399
0.405
0.408
0.403
0.407
0.409
0.407
0.416
0.414
0.406
0.406
0.405
0.402
0.411
0.401
0.408
0.404
0.406
0.406
0.402
0.405
0.411
0.415
0.406
0.399
0.407
0.411
0.408
0.417
0.416
0.409
0.412
0.408
0.411
0.408
0.415
0.413
0.406
0.412
0.411
0.406
0.405
0.403
0.411
0.409
0.404
0.41
0.402
0.409
0.402
0.41
0.401
0.407
0.403
0.411
0.411
0.408
0.403
0.402
0.404
0.398
0.401
0.399
0.406
0.399
0.402
0.409
0.404
0.404
0.401
0.399
0.405
0.398
0.406
0.41
0.405
0.398
0.405
0.399
0.402
0.401
0.405
0.41
0.413
0.408
0.403
0.41
0.408
0.408
0.401
0.406
0.399
0.402
0.41
0.405
0.404
0.409
0.4
0.407
0.405
0.406
0.405
0.406
0.41
0.401
0.403
0.408
0.404
0.408
0.403
0.407
0.405
0.4
0.406
0.41
0.419
0.402
0.407
0.414
0.409
0.41
0.406
0.402
0.411
0.403
0.411
0.408
0.407
0.402
0.407
0.403
0.408
0.4
0.406
0.403
0.404
0.405
0.403
0.413
0.407
0.416
0.408
0.404
0.408
0.404
0.409
0.415
0.407
0.408
0.412
0.407
0.408
0.408
0.417
0.416
0.414
0.405
0.416
0.423
0.421
0.414
0.422
0.416
0.407
0.413
0.422
0.41
0.411
0.414
0.418
0.408
0.409
0.416
0.41
0.417
0.408
0.414
0.407
0.417
0.414
0.421
0.412
0.409
0.413
0.411
0.412
0.411
0.418
0.419
0.411
0.413
0.412
0.407
0.404
0.41
0.419
0.41
0.414
0.407
0.415
0.412
0.416
0.422
0.414
0.406
0.412
0.42
0.41
0.416
0.408
0.409
0.409
0.419
0.414
0.416
0.421
0.411
0.411
0.418
0.414
0.42
0.418
0.415
0.416
0.412
0.416
0.424
0.414
0.419
0.411
0.412
0.417
0.409
0.412
0.417
0.419
0.417
0.419
0.41
0.41
0.414
0.413
0.422
0.418
0.417
0.423
0.415
0.417
0.419
0.415
0.421
0.413
0.422
0.421
0.415
0.425
0.417
0.419
0.416
0.424
0.425
0.417
0.422
0.418
0.426
0.416
0.421
0.417
0.423
0.417
0.414
0.416
0.42
0.423
0.422
0.419
0.418
0.418
0.42
0.42
0.422
0.423
0.414
0.416
0.418
0.423
0.428
0.418
0.413
0.421
0.418
0.423
0.424
0.43
0.425
0.416
0.419
0.417
0.424
0.418
0.422
0.426
0.424
0.414
0.417
0.417
0.423
0.426
0.418
0.417
0.422
0.418
0.42
0.411
0.406
0.412
0.416
0.406
0.41
0.411
0.413
0.413
0.406
0.405
0.407
0.41
0.404
0.41
0.405
0.405
0.409
0.414
0.412
0.403
0.412
0.403
0.411
0.406
0.402
0.404
0.408
0.401
0.406
0.408
0.414
0.405
0.406
0.408
0.403
0.41
0.408
0.411
0.411
0.403
0.406
0.402
0.407
0.412
0.409
0.404
0.403
0.408
0.412
0.407
0.413
0.412
0.404
0.405
0.405
0.414
0.413
0.411
0.413
0.408
0.412
0.402
0.403
0.412
0.41
0.407
0.415
0.414
0.418
0.42
0.419
0.412
0.421
0.424
0.416
0.423
0.421
0.426
0.421
0.428
0.424
0.427
0.427
0.424
0.426
0.431
0.432
0.437
0.442
0.444
0.442
0.435
0.443
0.451
0.441
0.463
0.461
0.453
0.464
0.472
0.468
0.463
0.47
0.471
0.461
0.47
0.474
0.482
0.477
0.472
0.487
0.493
0.505
0.495
0.487
0.493
0.498
0.495
0.505
0.498
0.499
0.501
0.503
0.507
0.508
0.505
0.514
0.512
0.501
0.511
0.517
0.509
0.512
0.521
0.509
0.512
0.5
0.487
0.495
0.483
0.49
0.479
0.485
0.482
0.483
0.484
0.483
0.479
0.473
0.466
0.456
0.457
0.457
0.448
0.458
0.447
0.456
0.455
0.463
0.445
0.453
0.452
0.442
0.446
0.445
0.439
0.438
0.441
0.448
0.453
0.434
0.437
0.443
0.441
0.442
0.438
0.435
0.441
0.432
0.436
0.444
0.442
0.436
0.43
0.438
0.443
0.443
0.441
0.433
0.43
0.435
0.435
0.439
0.436
0.439
0.438
0.433
0.438
0.447
0.437
0.438
0.434
0.437
0.434
0.443
0.441
0.434
0.435
0.431
0.44
0.439
0.432
0.428
0.427
0.437
0.435
0.428
0.431
0.427
0.431
0.425
0.435
0.43
0.435
0.428
0.434
0.439
0.437
0.428
0.434
0.43
0.437
0.442
0.436
0.432
0.431
0.438
0.428
0.433
0.434
0.444
0.436
0.433
0.439
0.43
0.436
0.444
0.44
0.446
0.437
0.432
0.44
0.436
0.438
0.435
0.438
0.447
0.438
0.433
0.438
0.434
0.443
0.448
0.438
0.437
0.436
0.433
0.44
0.438
0.442
0.444
0.438
0.432
0.438
0.436
0.438
0.442
0.434
0.439
0.438
0.445
0.438
0.438
0.431
0.438
0.441
0.436
0.446
0.443
0.446
0.435
0.44
0.434
0.442
0.434
0.441
0.443
0.44
0.433
0.443
0.45
0.452
0.444
0.45
0.458
0.447
0.452
0.459
0.459
0.456
0.452
0.456
0.447
0.452
0.453
0.457
0.451
0.448
0.457
0.448
0.451
0.451
0.449
0.454
0.45
0.456
0.445
0.445
0.446
0.451
0.44
0.438
0.439
0.446
0.442
0.433
0.439
0.441
0.449
0.427
0.436
0.431
0.425
0.43
0.426
0.429
0.436
0.427
0.428
0.429
0.427
0.431
0.425
0.421
0.43
0.429
0.429
0.422
0.425
0.427
0.426
0.43
0.431
0.427
0.422
0.42
0.422
0.424
0.423
0.425
0.417
0.42
0.427
0.424
0.42
0.423
0.413
0.422
0.427
0.421
0.425
0.418
0.419
0.429
0.424
0.423
0.423
0.433
0.432
0.43
0.429
0.421
0.431
0.426
0.43
0.421
0.427
0.433
0.434
0.437
0.434
0.436
0.438
0.44
0.446
0.447
0.445
0.439
0.437
0.438
0.44
0.434
0.44
0.444
0.448
0.437
0.436
0.444
0.436
0.437
0.439
0.436
0.44
0.444
0.435
0.438
0.436
0.431
0.438
0.432
0.436
0.431
0.434
0.428
0.426
0.432
0.435
0.439
0.44
0.438
0.433
0.433
0.429
0.43
0.434
0.428
0.43
0.432
0.437
0.443
0.435
0.442
0.438
0.438
0.435
0.436
0.443
0.434
0.439
0.436
0.436
0.44
0.448
0.44
0.442
0.445
0.438
0.437
0.442
0.434
0.437
0.431
0.437
0.443
0.439
0.443
0.44
0.44
0.437
0.433
0.427
0.441
0.437
0.447
0.44
0.445
0.443
0.446
0.454
0.456
0.451
0.46
0.458
0.46
0.458
0.465
0.465
0.469
0.477
0.485
0.484
0.484
0.481
0.488
0.493
0.488
0.488
0.493
0.499
0.499
0.502
0.502
0.509
0.506
0.537
0.55
0.531
0.533
0.529
0.525
