0.683
0.666
0.669
0.67
0.658
0.629
0.638
0.624
0.622
0.6
0.596
0.597
0.589
0.577
0.585
0.589
0.565
0.57
0.566
0.557
0.545
0.537
0.547
0.538
0.525
0.534
0.526
0.527
0.512
0.504
0.51
0.508
0.505
0.499
0.504
0.497
0.508
0.499
0.504
0.501
0.502
0.498
0.495
0.497
0.5
0.493
0.489
0.485
0.484
0.487
0.492
0.485
0.484
0.486
0.495
0.485
0.488
0.495
0.484
0.479
0.48
0.479
0.478
0.469
0.48
0.468
0.464
0.468
0.476
0.471
0.465
0.467
0.474
0.463
0.474
0.467
0.471
0.468
0.468
0.468
0.468
0.469
0.466
0.455
0.461
0.455
0.463
0.454
0.463
0.454
0.462
0.458
0.454
0.454
0.461
0.451
0.46
0.45
0.462
0.451
0.458
0.465
0.458
0.455
0.462
0.461
0.456
0.459
0.464
0.455
0.458
0.467
0.447
0.455
0.455
0.45
0.452
0.454
0.453
0.454
0.451
0.452
0.449
0.448
0.455
0.449
0.454
0.448
0.457
0.461
0.458
0.459
0.451
0.456
0.453
0.454
0.448
0.451
0.453
0.45
0.448
0.451
0.458
0.45
0.446
0.444
0.46
0.463
0.46
0.453
0.458
0.449
0.449
0.447
0.444
0.449
0.444
0.442
0.451
0.443
0.438
0.439
0.441
0.442
0.44
0.443
0.439
0.453
0.446
0.45
0.442
0.444
0.438
0.441
0.451
0.44
0.441
0.447
0.453
0.445
0.445
0.448
0.449
0.448
0.456
0.451
0.456
0.45
0.461
0.465
0.467
0.463
0.469
0.464
0.461
0.454
0.461
0.449
0.444
0.435
0.445
0.434
0.44
0.45
0.438
0.448
0.438
0.43
0.43
0.439
0.435
0.432
0.437
0.443
0.439
0.431
0.435
0.44
0.436
0.433
0.428
0.438
0.429
0.437
0.445
0.435
0.438
0.443
0.442
0.438
0.436
0.432
0.43
0.429
0.434
0.438
0.44
0.45
0.445
0.438
0.44
0.438
0.442
0.434
0.438
0.438
0.432
0.442
0.436
0.436
0.441
0.438
0.434
0.438
0.438
0.446
0.448
0.455
0.45
0.447
0.459
0.452
0.449
0.438
0.447
0.454
0.451
0.447
0.443
0.443
0.447
0.455
0.449
0.438
0.442
0.447
0.438
0.434
0.443
0.433
0.443
0.432
0.432
0.439
0.429
0.439
0.443
0.437
0.436
0.43
0.428
0.436
0.443
0.443
0.433
0.436
0.439
0.444
0.434
0.432
0.437
0.431
0.44
0.445
0.437
0.443
0.442
0.434
0.428
0.436
0.433
0.44
0.431
0.428
0.431
0.43
0.44
0.432
0.436
0.438
0.439
0.431
0.425
0.43
0.436
0.438
0.439
0.432
0.437
0.441
0.437
0.435
0.431
0.431
0.428
0.433
0.428
0.435
0.442
0.438
0.43
0.434
0.429
0.435
0.427
0.436
0.426
0.427
0.425
0.431
0.435
0.436
0.429
0.423
0.428
0.432
0.441
0.448
0.438
0.438
0.44
0.433
0.435
0.44
0.438
0.437
0.439
0.445
0.442
0.435
0.435
0.432
0.425
0.439
0.431
0.428
0.428
0.431
0.43
0.439
0.438
0.435
0.432
0.429
0.425
0.427
0.422
0.427
0.432
0.436
0.426
0.419
0.429
0.419
0.417
0.426
0.418
0.427
0.423
0.423
0.422
0.432
0.428
0.419
0.434
0.428
0.421
0.424
0.425
0.418
0.427
0.424
0.417
0.421
0.428
0.429
0.423
0.419
0.414
0.43
0.425
0.43
0.432
0.434
0.434
0.436
0.433
0.431
0.424
0.42
0.423
0.426
0.424
0.432
0.427
0.42
0.426
0.433
0.427
0.434
0.429
0.422
0.422
0.417
0.421
0.421
0.422
0.425
0.421
0.427
0.418
0.424
0.43
0.429
0.432
0.429
0.421
0.424
0.419
0.421
0.428
0.426
0.416
0.42
0.415
0.423
0.416
0.415
0.425
0.434
0.426
0.427
0.427
0.427
0.421
0.421
0.425
0.432
0.429
0.431
0.43
0.421
0.421
0.417
0.424
0.416
0.42
0.415
0.421
0.42
0.418
0.427
0.421
0.416
0.424
0.417
0.413
0.43
0.427
0.426
0.427
0.43
0.431
0.433
0.427
0.418
0.425
0.417
0.424
0.417
0.424
0.427
0.43
0.427
0.427
0.417
0.421
0.426
0.426
0.42
0.429
0.434
0.426
0.421
0.424
0.431
0.421
0.43
0.433
0.433
0.417
0.42
0.426
0.42
0.422
0.416
0.425
0.427
0.432
0.432
0.427
0.422
0.431
0.427
0.435
0.433
0.424
0.421
0.419
0.423
0.421
0.426
0.417
0.417
0.421
0.415
0.421
0.431
0.421
0.423
0.419
0.421
0.413
0.417
0.427
0.418
0.427
0.42
0.413
0.419
0.412
0.418
0.428
0.426
0.419
0.418
0.414
0.421
0.424
0.423
0.418
0.416
0.413
0.414
0.419
0.429
0.417
0.41
0.426
0.417
0.415
0.422
0.417
0.422
0.417
0.42
0.415
0.419
0.423
0.416
0.421
0.418
0.419
0.425
0.422
0.428
0.428
0.423
0.422
0.431
0.428
0.426
0.434
0.429
0.429
0.432
0.433
0.432
0.425
0.426
0.432
0.437
0.43
0.431
0.428
0.42
0.416
0.42
0.425
0.42
0.416
0.418
0.422
0.421
0.422
0.43
0.421
0.421
0.412
0.422
0.417
0.416
0.412
0.42
0.413
0.41
0.415
0.418
0.414
0.423
0.413
0.419
0.424
0.426
0.422
0.421
0.415
0.413
0.422
0.425
0.426
0.421
0.422
0.414
0.425
0.421
0.424
0.427
0.423
0.421
0.416
0.423
0.421
0.428
0.436
0.438
0.419
0.428
0.432
0.439
0.431
0.422
0.426
0.436
0.433
0.428
0.42
0.422
0.427
0.424
0.424
0.418
0.421
0.419
0.415
0.424
0.42
0.425
0.42
0.422
0.416
0.432
0.429
0.428
0.419
0.424
0.427
0.427
0.425
0.43
0.432
0.431
0.425
0.424
0.431
0.437
0.435
0.433
0.427
0.418
0.429
0.422
0.431
0.424
0.431
0.429
0.439
0.429
0.425
0.433
0.436
0.436
0.426
0.428
0.42
0.426
0.423
0.426
0.418
0.428
0.432
0.426
0.431
0.426
0.43
0.424
0.428
0.429
0.439
0.429
0.43
0.426
0.423
0.432
0.432
0.442
0.433
0.428
0.434
0.427
0.432
0.436
0.438
0.436
0.43
0.428
0.434
0.436
0.432
0.434
0.426
0.424
0.426
0.425
0.43
0.424
0.421
0.431
0.427
0.421
0.431
0.433
0.429
0.423
0.429
0.425
0.42
0.426
0.426
0.418
0.417
0.423
0.425
0.432
0.418
0.412
0.42
0.416
0.416
0.413
0.411
0.418
0.421
0.412
0.422
0.422
0.417
0.412
0.414
0.414
0.418
0.426
0.416
0.41
0.414
0.415
0.408
0.428
0.419
0.422
0.417
0.424
0.42
0.421
0.423
0.43
0.42
0.429
0.426
0.429
0.427
0.429
0.433
0.424
0.424
0.419
0.425
0.429
0.425
0.424
0.422
0.416
0.426
0.43
0.427
0.419
0.423
0.415
0.416
0.423
0.418
0.42
0.414
0.416
0.42
0.416
0.421
0.423
0.431
0.422
0.416
0.415
0.413
0.419
0.415
0.413
0.419
0.422
0.425
0.419
0.409
0.412
0.418
0.416
0.415
0.421
0.422
0.424
0.42
0.411
0.414
0.413
0.422
0.426
0.416
0.42
0.421
0.421
0.415
0.408
0.41
0.416
0.418
0.412
0.412
0.419
0.42
0.42
0.427
0.42
0.419
0.416
0.413
0.415
0.416
0.419
0.41
0.415
0.423
0.424
0.416
0.419
0.413
0.421
0.426
0.425
0.426
0.428
0.432
0.429
0.431
0.424
0.421
0.418
0.425
0.426
0.426
0.42
0.419
0.422
0.417
0.423
0.419
0.429
0.425
0.418
0.416
0.422
0.416
0.42
0.412
0.416
0.425
0.419
0.417
0.414
0.423
0.421
0.415
0.418
0.413
0.419
0.426
0.427
0.42
0.414
0.409
0.419
0.421
0.414
0.417
0.411
0.416
0.42
0.422
0.418
0.416
0.412
0.419
0.415
0.419
0.414
0.414
0.414
0.416
0.406
0.419
0.415
0.414
0.418
0.427
0.424
0.414
0.416
0.42
0.413
0.412
0.42
0.414
0.419
0.428
0.427
0.428
0.419
0.427
0.418
0.42
0.421
0.418
0.427
0.421
0.415
0.424
0.418
0.418
0.417
0.426
0.429
0.424
0.415
0.416
0.423
0.43
0.419
0.415
0.423
0.414
0.419
0.416
0.424
0.419
0.421
0.415
0.425
0.416
0.419
0.415
0.421
0.42
0.416
0.417
0.424
0.415
0.424
0.419
0.416
0.421
0.416
0.426
0.426
0.426
0.423
0.425
0.432
0.418
0.414
0.422
0.415
0.419
0.414
0.421
0.422
0.417
0.419
0.421
0.418
0.417
0.413
0.422
0.418
0.423
0.43
0.423
0.421
0.417
0.412
0.417
0.42
0.42
0.429
0.426
0.421
0.413
0.417
0.419
0.414
0.424
0.419
0.429
0.429
0.431
0.421
0.417
0.423
0.43
0.427
0.425
0.423
0.419
0.42
0.425
0.417
0.427
0.427
0.43
0.422
0.428
0.426
0.436
0.424
0.423
0.419
0.426
0.435
0.428
0.426
0.427
0.431
0.423
0.415
0.423
0.425
0.419
0.422
0.417
0.422
0.424
0.422
0.417
0.421
0.431
0.432
0.424
0.429
0.42
0.423
0.423
0.429
0.433
0.436
0.43
0.437
0.438
0.438
0.437
0.439
0.436
0.439
0.439
0.444
0.441
0.44
0.447
0.439
0.445
0.443
0.447
0.443
0.444
0.445
0.448
0.447
0.446
0.449
0.447
0.45
0.448
0.453
0.448
0.452
0.451
0.456
0.451
0.456
0.454
0.46
0.456
0.459
0.46
0.465
0.462
0.46
0.466
0.46
0.462
0.465
0.463
0.468
0.469
0.475
0.476
0.479
0.478
0.484
0.478
0.475
0.478
0.475
0.478
0.479
0.487
0.486
0.491
0.493
0.493
0.494
0.491
0.495
0.493
0.496
0.497
0.505
0.513
0.548
0.554
0.564
0.565
0.556
0.552
0.545
0.547
0.552
0.545
0.558
0.49
0.48
0.472
0.468
0.462
0.46
0.451
0.451
0.457
0.441
0.443
0.448
0.429
0.43
0.411
0.406
0.406
0.404
0.408
0.404
0.403
0.4
0.407
0.403
0.401
0.407
0.402
0.401
0.403
0.406
0.406
0.403
0.405
0.408
0.407
0.406
0.407
0.411
0.412
0.404
0.41
0.409
0.407
0.41
0.412
0.409
0.411
0.414
0.411
0.41
0.413
0.411
0.414
0.411
0.412
0.411
0.415
0.413
0.411
0.417
0.413
0.414
0.411
0.416
0.414
0.414
0.413
0.418
0.416
0.413
0.416
0.417
0.417
0.419
0.42
0.419
0.423
0.422
0.42
0.424
0.425
0.426
0.425
0.434
0.43
0.434
0.432
0.438
0.436
0.435
0.432
0.432
0.433
0.437
0.433
0.44
0.438
0.438
0.444
0.435
0.461
0.464
0.472
0.475
0.478
0.474
0.477
0.474
0.476
0.479
0.481
0.482
0.477
0.488
0.487
0.488
