0.486
0.498
0.467
0.464
0.457
0.456
0.446
0.446
0.444
0.435
0.429
0.432
0.423
0.416
0.406
0.411
0.412
0.405
0.396
0.377
0.378
0.373
0.379
0.364
0.362
0.36
0.366
0.361
0.361
0.359
0.36
0.354
0.357
0.356
0.351
0.354
0.689
0.694
0.343
0.347
0.344
0.336
0.344
0.343
0.335
0.339
0.669
0.337
0.33
0.338
0.669
0.669
0.67
0.668
0.67
0.67
0.682
0.685
0.669
0.668
0.671
0.669
0.667
0.666
0.668
0.666
0.336
0.336
0.328
0.333
0.332
0.686
0.68
0.692
0.678
0.67
0.332
0.661
0.334
0.336
0.337
0.331
0.337
0.34
0.342
0.341
0.349
0.344
0.343
0.348
0.347
0.341
0.346
0.348
0.35
0.346
