0.673
0.669
0.683
0.652
0.615
0.602
0.594
0.58
0.543
0.514
0.468
0.458
0.457
0.447
0.457
0.448
0.445
0.444
0.444
0.449
0.447
0.438
0.438
0.455
0.429
0.419
0.426
0.43
0.422
0.424
0.433
0.42
0.419
0.42
0.423
0.419
0.416
0.424
0.422
0.421
0.416
0.408
0.415
0.418
0.413
0.41
0.415
0.417
0.416
0.411
0.413
0.408
0.407
0.415
0.408
0.418
0.414
0.413
0.414
0.411
0.416
0.415
0.428
0.427
0.348
0.42
0.424
0.414
0.419
0.36
0.357
0.418
0.433
0.431
0.441
0.43
0.423
0.433
0.427
0.43
0.433
0.426
0.421
0.425
0.423
0.418
0.421
0.415
0.351
0.418
0.419
0.423
0.419
0.413
0.416
0.415
0.406
0.407
0.42
0.428
0.42
0.418
0.415
0.417
0.422
0.422
0.413
0.414
0.418
0.42
0.412
0.412
0.415
0.412
0.429
0.415
0.411
0.411
0.418
0.419
0.412
0.407
0.416
0.407
0.397
0.421
0.4
0.391
0.415
0.407
0.417
0.405
0.404
0.402
0.398
0.397
0.393
0.409
0.403
0.406
0.396
0.398
0.4
0.406
0.397
0.401
0.391
0.403
0.403
0.399
0.401
0.4
0.403
0.393
0.409
0.403
0.4
0.408
0.398
0.401
0.397
0.4
0.399
0.403
0.403
0.4
0.402
0.4
0.406
0.416
0.419
0.413
0.408
0.423
0.409
0.414
0.408
0.412
0.408
0.415
0.407
0.413
0.415
0.417
0.409
0.407
0.405
0.42
0.418
0.409
0.402
0.416
0.408
0.41
0.401
0.419
0.422
0.418
0.409
0.413
0.413
0.414
0.419
0.416
0.408
0.412
0.407
0.406
0.401
0.402
0.398
0.402
0.403
0.405
0.4
0.396
0.404
0.404
0.405
0.411
0.42
0.402
0.405
0.396
0.418
0.408
0.409
0.411
0.405
0.409
0.403
0.415
0.412
0.404
0.412
0.418
0.408
0.398
0.407
0.417
0.418
0.4
0.419
0.414
0.404
0.404
0.411
0.409
0.413
0.417
0.411
0.403
0.418
0.414
0.407
0.409
0.417
0.424
0.41
0.417
0.407
0.408
0.408
0.405
0.402
0.418
0.413
0.404
0.404
0.405
0.407
0.414
0.42
0.427
0.408
0.417
0.415
0.411
0.417
0.42
0.429
0.42
0.411
0.418
0.408
0.413
0.406
0.396
0.404
0.404
0.398
0.406
0.416
0.408
0.411
0.404
0.41
0.401
0.403
0.405
0.399
0.404
0.403
0.404
0.399
0.4
0.398
0.401
0.408
0.4
0.408
0.411
0.401
0.406
0.398
0.395
0.402
0.399
0.408
0.402
0.404
0.402
0.401
0.401
0.401
0.402
0.406
0.411
0.411
0.402
0.395
0.401
0.396
0.401
0.396
0.403
0.406
0.403
0.395
0.397
0.399
0.406
0.398
0.402
0.403
0.41
0.402
0.399
0.391
0.405
0.405
0.396
0.395
0.4
0.406
0.399
0.398
0.396
0.403
0.4
0.403
0.408
0.418
0.415
0.406
0.408
0.401
0.396
0.405
0.406
0.402
0.402
0.406
0.408
0.405
0.408
0.402
0.404
0.404
0.411
0.412
0.417
0.4
0.407
0.397
0.414
0.405
0.419
0.409
0.418
0.417
0.406
0.41
0.413
0.409
0.415
0.406
0.409
0.399
0.405
0.403
0.404
0.399
0.408
0.405
0.403
0.403
0.407
0.402
0.409
0.413
0.418
0.41
0.406
0.403
0.402
0.408
0.413
0.412
0.418
0.42
0.412
0.412
0.404
0.416
0.416
0.413
0.414
0.407
0.404
0.412
0.411
0.404
0.401
0.407
0.412
0.412
0.42
0.419
0.413
0.408
0.407
0.409
0.405
0.4
0.408
0.41
0.411
0.407
0.4
0.408
0.405
0.405
0.403
0.403
0.402
0.407
0.413
0.404
0.404
0.406
0.398
0.4
0.409
0.413
0.412
0.406
0.403
0.404
0.394
0.398
0.4
0.399
0.392
0.401
0.397
0.397
0.396
0.398
0.396
0.4
0.396
0.401
0.395
0.399
0.401
0.404
0.397
0.394
0.402
0.401
0.395
0.394
0.396
0.387
0.394
0.397
0.386
0.39
0.393
0.385
0.39
0.393
0.384
0.39
0.386
0.392
0.385
0.39
0.388
0.394
0.401
0.386
0.395
0.396
0.39
0.39
0.392
0.396
0.393
0.39
0.39
0.385
0.394
0.395
0.386
0.389
0.394
0.389
0.386
0.39
0.399
0.394
0.395
0.39
0.396
0.393
0.387
0.391
0.386
0.389
0.396
0.389
0.391
0.385
0.389
0.39
0.391
0.385
0.393
0.399
0.399
0.393
0.396
0.388
0.395
0.404
0.396
0.391
0.383
0.392
0.386
0.392
0.383
0.392
0.388
0.388
0.383
0.391
0.395
0.391
0.387
0.399
0.396
0.392
0.392
0.394
0.386
0.392
0.401
0.391
0.384
0.391
0.396
0.389
0.399
0.392
0.4
0.396
0.393
0.401
0.395
0.392
0.395
0.401
0.393
0.401
0.4
0.391
0.398
0.401
0.396
0.402
0.402
0.396
0.396
0.391
0.409
0.4
0.394
0.404
0.414
0.399
0.404
0.402
0.404
0.402
0.399
0.401
0.403
0.409
0.406
0.409
0.398
0.404
0.413
0.405
0.395
0.404
0.4
0.403
0.398
0.405
0.408
0.406
0.405
0.41
0.42
0.411
0.402
0.412
0.406
0.413
0.403
0.415
0.41
0.404
0.404
0.414
0.411
0.428
0.426
0.422
0.414
0.417
0.415
0.412
0.409
0.412
0.408
0.402
0.411
0.405
0.408
0.4
0.401
0.401
0.408
0.41
0.407
0.407
0.403
0.404
0.404
0.4
0.397
0.401
0.405
0.4
0.399
0.397
0.396
0.4
0.394
0.403
0.407
0.396
0.404
0.398
0.407
0.401
0.398
0.399
0.402
0.402
0.408
0.418
0.404
0.396
0.406
0.408
0.403
0.405
0.407
0.414
0.403
0.395
0.407
0.404
0.407
0.402
0.404
0.403
0.411
0.411
0.403
0.403
0.409
0.418
0.406
0.408
0.404
0.413
0.406
0.401
0.409
0.409
0.414
0.419
0.429
0.419
0.413
0.409
0.422
0.425
0.429
0.421
0.417
0.412
0.427
0.419
0.412
0.421
0.42
0.413
0.419
0.412
0.422
0.422
0.431
0.418
0.425
0.434
0.426
0.418
0.417
0.416
0.424
0.428
0.419
0.418
0.409
0.434
0.433
0.416
0.416
0.409
0.418
0.417
0.424
0.414
0.415
0.409
0.418
0.426
0.419
0.41
0.428
0.419
0.412
0.402
0.412
0.422
0.418
0.409
0.409
0.404
0.406
0.408
0.417
0.411
0.405
0.404
0.4
0.405
0.399
0.404
0.406
0.396
0.404
0.405
0.396
0.41
0.41
0.405
0.401
0.407
0.415
0.408
0.409
0.404
0.408
0.412
0.414
0.405
0.41
0.411
0.406
0.415
0.406
0.416
0.414
0.417
0.41
0.411
0.415
0.425
0.427
0.403
0.401
0.411
0.412
0.412
0.422
0.414
0.406
0.409
0.402
0.41
0.418
0.417
0.422
0.42
0.41
0.411
0.415
0.42
0.416
0.41
0.414
0.411
0.406
0.408
0.413
0.409
0.396
0.403
0.4
0.403
0.399
0.408
0.402
0.406
0.409
0.413
0.414
0.404
0.406
0.406
0.403
0.401
0.411
0.403
0.407
0.401
0.405
0.411
0.415
0.41
0.4
0.404
0.4
0.399
0.403
0.412
0.408
0.401
0.406
0.405
0.408
0.403
0.406
0.398
0.413
0.412
0.405
0.396
0.405
0.397
0.399
0.405
0.411
0.405
0.403
0.404
0.412
0.413
0.411
0.394
0.403
0.411
0.412
0.394
0.396
0.405
0.396
0.397
0.392
0.398
0.405
0.396
0.396
0.402
0.392
0.394
0.396
0.398
0.391
0.407
0.407
0.398
0.399
0.396
0.401
0.407
0.402
0.396
0.396
0.398
0.389
0.409
0.401
0.402
0.408
0.393
0.405
0.399
0.396
0.396
0.399
0.4
0.397
0.396
0.396
0.398
0.398
0.4
0.405
0.398
0.396
0.397
0.39
0.395
0.392
0.396
0.398
0.394
0.399
0.407
0.398
0.398
0.396
0.399
0.397
0.403
0.407
0.41
0.406
0.398
0.399
0.391
0.389
0.395
0.4
0.404
0.396
0.395
0.405
0.399
0.398
0.396
0.402
0.401
0.398
0.404
0.403
0.399
0.403
0.401
0.397
0.403
0.408
0.4
0.411
0.407
0.401
0.409
0.417
0.417
0.409
0.409
0.406
0.405
0.401
0.418
0.408
0.408
0.407
0.405
0.414
0.422
0.411
0.418
0.408
0.404
0.399
0.405
0.399
0.394
0.41
0.406
0.399
0.395
0.401
0.411
0.403
0.408
0.412
0.401
0.396
0.399
0.396
0.398
0.403
0.396
0.397
0.399
0.396
0.396
0.388
0.397
0.403
0.407
0.402
0.399
0.391
0.396
0.402
0.398
0.391
0.399
0.399
0.393
0.394
0.396
0.389
0.396
0.396
0.402
0.392
0.398
0.397
0.405
0.399
0.397
0.403
0.407
0.396
0.404
0.396
0.4
0.396
0.398
0.395
0.39
0.396
0.397
0.394
0.388
0.396
0.396
0.396
0.393
0.397
0.392
0.397
0.397
0.396
0.39
0.402
0.396
0.396
0.401
0.396
0.401
0.391
0.4
0.408
0.402
0.4
0.396
0.399
0.403
0.401
0.394
0.4
0.393
0.392
0.394
0.398
0.4
0.4
0.396
0.389
0.399
0.396
0.395
0.402
0.404
0.404
0.394
0.39
0.403
0.4
0.399
0.396
0.4
0.397
0.395
0.389
0.396
0.403
0.402
0.4
0.398
0.392
0.401
0.399
0.4
0.391
0.387
0.394
0.398
0.402
0.405
0.396
0.401
0.401
0.399
0.394
0.403
0.396
0.397
0.401
0.396
0.399
0.406
0.4
0.396
0.401
0.393
0.398
0.39
0.399
0.392
0.391
0.396
0.397
0.397
0.396
0.392
0.4
0.392
0.395
0.402
0.392
0.396
0.401
0.396
0.393
0.393
0.398
0.395
0.402
0.4
0.392
0.394
0.399
0.394
0.398
0.399
0.402
0.395
0.396
0.392
0.401
0.398
0.393
0.396
0.387
0.404
0.394
0.401
0.391
0.387
0.394
0.392
0.39
0.398
0.396
0.39
0.392
0.397
0.393
0.387
0.391
0.385
0.392
0.397
0.393
0.392
0.394
0.396
0.39
0.396
0.396
0.391
0.396
0.39
0.386
0.389
0.403
0.393
0.385
0.393
0.398
0.388
0.396
0.396
0.402
0.393
0.391
0.388
0.409
0.401
0.4
0.397
0.401
0.407
0.406
0.409
0.403
0.404
0.4
0.401
0.407
0.394
0.398
0.403
0.396
0.405
0.407
0.416
0.416
0.406
0.399
0.398
0.402
0.409
0.404
0.413
0.414
0.398
0.407
0.397
0.402
0.396
0.4
0.4
0.399
0.408
0.403
0.412
0.413
0.403
0.395
0.392
0.398
0.404
0.394
0.395
0.399
0.408
0.398
0.407
0.407
0.4
0.402
0.402
0.399
0.401
0.415
0.41
0.407
0.408
0.407
0.412
0.422
0.405
0.413
0.419
0.414
0.397
0.412
0.41
0.4
0.399
0.397
0.391
0.411
0.396
0.397
0.397
0.403
0.41
0.403
0.396
0.397
0.401
0.398
0.401
0.395
0.397
0.399
0.404
0.4
0.409
0.397
0.399
0.39
0.402
0.397
0.401
0.403
0.402
0.401
0.398
0.401
0.391
0.388
0.392
0.39
0.396
0.39
0.397
0.389
0.397
0.395
0.392
0.386
0.393
0.397
0.39
0.391
0.39
0.395
0.397
0.404
0.398
0.393
0.385
0.394
0.398
0.398
0.395
0.386
0.401
0.407
0.392
0.397
0.396
0.39
0.396
0.395
0.401
0.406
0.396
0.4
0.395
0.395
0.398
0.397
0.392
0.404
0.401
0.4
0.397
0.389
0.395
0.4
0.395
0.397
0.39
0.396
0.388
0.403
0.397
0.39
0.401
0.402
0.392
0.393
0.398
0.396
0.396
0.389
0.397
0.401
0.4
0.409
0.411
0.406
0.404
0.401
0.397
0.395
0.387
0.396
0.398
0.407
0.398
0.39
0.41
0.408
0.401
0.394
0.402
0.406
0.397
0.41
0.4
0.408
0.418
0.407
0.412
0.421
0.402
0.409
0.399
0.411
0.407
0.417
0.407
0.402
0.409
0.418
0.422
0.413
0.404
0.394
0.397
0.397
0.413
0.409
0.406
0.398
0.397
0.404
0.414
0.411
0.408
0.413
0.406
0.411
0.412
0.402
0.397
0.403
0.4
0.409
0.403
0.405
0.404
0.408
0.413
0.413
0.405
0.405
0.406
0.409
0.399
0.396
0.401
0.396
0.394
0.398
0.4
0.397
0.405
0.4
0.399
0.395
0.388
0.393
0.4
0.394
0.398
0.391
0.39
0.392
0.39
0.396
0.404
0.401
0.393
0.396
0.392
0.388
0.399
0.393
0.388
0.39
0.394
0.389
0.391
0.399
0.394
0.396
0.396
0.394
0.396
0.395
0.395
0.406
0.403
0.393
0.393
0.393
0.401
0.402
0.403
0.406
0.396
0.398
0.393
0.396
0.395
0.402
0.389
0.396
0.398
0.396
0.396
0.395
0.396
0.398
0.396
0.393
0.396
0.391
0.391
0.399
0.402
0.404
0.395
0.387
0.396
0.4
0.395
0.394
0.396
0.404
0.394
0.399
0.407
0.396
0.388
0.395
0.404
0.396
0.394
0.39
0.399
0.395
0.404
0.405
0.399
0.405
0.396
0.4
0.395
0.399
0.408
0.403
0.404
0.401
0.405
0.395
0.396
0.399
0.394
0.395
0.399
0.4
0.396
0.394
0.391
0.403
0.395
0.394
0.397
0.392
0.394
0.404
0.402
0.397
0.399
0.395
0.409
0.411
0.413
0.406
0.405
0.4
0.404
0.413
0.411
0.404
0.398
0.396
0.398
0.404
0.396
0.404
0.41
0.41
0.403
0.401
0.409
0.399
0.401
0.397
0.401
0.403
0.41
0.398
0.408
0.406
0.399
0.402
0.395
0.407
0.401
0.415
0.425
0.416
0.412
0.416
0.422
0.415
0.416
0.411
0.402
0.407
0.409
0.409
0.415
0.406
0.396
0.403
0.404
0.407
0.403
0.406
0.404
0.408
0.402
0.406
0.401
0.405
0.396
0.399
0.405
0.401
0.402
0.397
0.396
0.397
0.399
0.392
0.396
0.4
0.402
0.392
0.4
0.391
0.397
0.406
0.405
0.409
0.407
0.405
0.396
0.405
0.399
0.397
0.402
0.403
0.399
0.394
0.399
0.405
0.395
0.409
0.407
0.415
0.413
0.401
0.403
0.399
0.393
0.413
0.4
0.395
0.399
0.394
0.4
0.393
0.396
0.396
0.404
0.4
0.392
0.392
0.402
0.397
0.401
0.406
0.406
0.396
0.403
0.394
0.4
0.396
0.402
0.397
0.396
0.392
0.404
0.413
0.403
0.4
0.4
0.393
0.408
0.407
0.398
0.405
0.403
0.402
0.398
0.393
0.399
0.404
0.396
0.402
0.396
0.408
0.403
0.404
0.403
0.413
0.403
0.396
0.405
0.414
0.415
0.411
0.408
0.403
0.396
0.405
0.413
0.416
0.409
0.404
0.404
0.405
0.402
0.41
0.41
0.406
0.404
0.418
0.417
0.414
0.41
0.402
0.404
0.4
0.396
0.404
0.403
0.406
0.396
0.404
0.405
0.395
0.4
0.403
0.408
0.397
0.402
0.398
0.393
0.399
0.39
0.406
0.402
0.404
0.404
0.41
0.407
0.405
0.408
0.398
0.4
0.408
0.402
0.395
0.396
0.402
0.408
0.408
0.403
0.412
0.409
0.402
0.404
0.401
0.403
0.413
0.408
0.406
0.399
0.404
0.403
0.405
0.412
0.403
0.393
0.403
0.401
0.403
0.412
0.408
0.404
0.4
0.396
0.407
0.405
0.399
0.396
0.403
0.407
0.404
0.412
0.406
0.407
0.41
0.405
0.407
0.401
0.409
0.409
0.414
0.413
0.412
0.404
0.414
0.414
0.413
0.404
0.404
0.413
0.407
0.399
0.4
0.398
0.402
0.394
0.397
0.399
0.406
0.411
0.402
0.396
0.402
0.41
0.402
0.4
0.402
0.392
0.414
0.406
0.407
0.401
0.409
0.403
0.41
0.419
0.402
0.41
0.405
0.406
0.402
0.4
0.402
0.412
0.408
0.406
0.41
0.406
0.404
0.399
0.401
0.396
0.402
0.405
0.398
0.394
0.397
0.405
0.401
0.399
0.401
0.403
0.41
0.412
0.41
0.406
0.397
0.399
0.393
0.397
0.398
0.406
0.396
0.403
0.399
0.4
0.394
0.398
0.394
0.388
0.399
0.397
0.391
0.4
0.405
0.392
0.396
0.4
0.401
0.398
0.391
0.388
0.394
0.399
0.392
0.396
0.395
0.4
0.404
0.395
0.392
0.404
0.399
0.396
0.393
0.39
0.397
0.397
0.39
0.402
0.394
0.394
0.401
0.393
0.392
0.396
0.401
0.396
0.405
0.395
0.394
0.403
0.4
0.396
0.393
0.397
0.404
0.398
0.396
0.395
0.4
0.394
0.402
0.403
0.394
0.409
0.403
0.397
0.401
0.397
0.403
0.406
0.404
0.412
0.417
0.407
0.405
0.405
0.398
0.402
0.404
0.412
0.409
0.405
0.405
0.4
0.396
0.402
0.4
0.391
0.405
0.395
0.4
0.393
0.402
0.408
0.403
0.396
0.39
0.399
0.387
0.393
0.402
0.399
0.389
0.396
0.392
0.398
0.397
0.396
0.391
0.398
0.394
0.394
0.398
0.397
0.396
0.405
0.4
0.405
0.403
0.395
0.393
0.393
0.385
0.396
0.402
0.407
0.404
0.401
0.396
0.396
0.401
0.396
0.389
0.405
0.409
0.392
0.407
0.4
0.402
0.411
0.406
0.397
0.396
0.404
0.401
0.411
0.406
0.396
0.399
0.402
0.396
0.403
0.394
0.4
0.409
0.401
0.402
0.4
0.4
0.396
0.403
0.397
0.406
0.41
0.405
0.4
0.402
0.412
0.414
0.409
0.402
0.406
0.405
0.4
0.4
0.399
0.396
0.397
0.402
0.394
0.402
0.406
0.396
0.39
0.396
0.399
0.402
0.4
0.396
0.396
0.395
0.399
0.393
0.39
0.398
0.393
0.397
0.388
0.407
0.398
0.4
0.396
0.396
0.387
0.401
0.395
0.4
0.402
0.397
0.391
0.397
0.402
0.395
0.389
0.4
0.397
0.403
0.395
0.402
0.403
0.409
0.399
0.396
0.396
0.393
0.397
0.403
0.395
0.404
0.412
0.392
0.401
0.405
0.408
0.399
0.408
0.399
0.405
0.396
0.406
0.401
0.41
0.404
0.401
0.396
0.392
0.401
0.398
0.399
0.408
0.399
0.4
0.393
0.402
0.396
0.398
0.399
0.394
0.4
0.404
0.394
0.393
0.402
0.394
0.401
0.404
0.406
0.394
0.402
0.402
0.397
0.393
0.402
0.398
0.399
0.399
0.396
0.403
0.397
0.4
0.395
0.391
0.399
0.39
0.398
0.403
0.407
0.397
0.388
0.402
0.403
0.397
0.404
0.409
0.407
0.408
0.4
0.4
0.398
0.406
0.409
0.404
0.405
0.396
0.414
0.406
0.412
0.403
0.403
0.407
0.407
0.41
0.416
0.413
0.411
0.405
0.399
0.402
0.402
0.403
0.413
0.399
0.401
0.402
0.396
0.394
0.403
0.404
0.408
0.391
0.402
0.401
0.401
0.405
0.402
0.393
0.397
0.4
0.404
0.404
0.399
0.402
0.393
0.39
0.396
0.401
0.395
0.403
0.397
0.392
0.399
0.404
0.404
0.406
0.396
0.398
0.397
0.393
0.395
0.4
0.396
0.397
0.392
0.394
0.389
0.396
0.387
0.396
0.394
0.396
0.395
0.387
0.396
0.394
0.393
0.387
0.396
0.396
0.397
0.393
0.396
0.405
0.401
0.396
0.395
0.402
0.396
0.402
0.402
0.4
0.399
0.407
0.408
0.417
0.4
0.396
0.402
0.401
0.404
0.407
0.406
0.407
0.401
0.407
0.405
0.406
0.415
0.406
0.406
0.415
0.416
0.412
0.407
0.41
0.404
0.413
0.405
0.4
0.407
0.411
0.408
0.399
0.408
0.41
0.42
0.414
0.403
0.411
0.408
0.401
0.404
0.405
0.397
0.401
0.404
0.396
0.405
0.404
0.414
0.405
0.398
0.397
0.402
0.411
0.403
0.402
0.399
0.398
0.399
0.406
0.396
0.404
0.396
0.398
0.403
0.396
0.393
0.398
0.402
0.4
0.399
0.407
0.409
0.4
0.405
0.395
0.405
0.397
0.396
0.409
0.399
0.406
0.404
0.409
0.411
0.411
0.401
0.408
0.399
0.394
0.403
0.408
0.418
0.403
0.409
0.403
0.406
0.412
0.402
0.393
0.408
0.412
0.415
0.413
0.41
0.407
0.4
0.412
0.421
0.412
0.407
0.426
0.418
0.41
0.424
0.414
0.419
0.409
0.414
0.421
0.416
0.407
0.406
0.412
0.41
0.412
0.403
0.413
0.412
0.415
0.407
0.407
0.406
0.401
0.398
0.404
0.406
0.411
0.403
0.409
0.411
0.409
0.407
0.401
0.403
0.395
0.401
0.407
0.4
0.393
0.399
0.402
0.406
0.415
0.413
0.403
0.409
0.415
0.413
0.403
0.406
0.396
0.391
0.396
0.404
0.398
0.398
0.399
0.395
0.399
0.408
0.405
0.405
0.403
0.396
0.395
0.397
0.389
0.401
0.398
0.396
0.396
0.388
0.395
0.396
0.407
0.399
0.402
0.398
0.403
0.401
0.392
0.403
0.396
0.391
0.399
0.408
0.404
0.405
0.4
0.403
0.395
0.398
0.396
0.404
0.406
0.402
0.396
0.398
0.404
0.401
0.401
0.399
0.407
0.407
0.411
0.403
0.404
0.396
0.412
0.414
0.413
0.411
0.405
0.407
0.4
0.413
0.405
0.408
0.416
0.41
0.405
0.402
0.405
0.398
0.404
0.41
0.404
0.411
0.397
0.407
0.416
0.414
0.408
0.406
0.404
0.417
0.419
0.417
0.414
0.415
0.406
0.408
0.403
0.403
0.402
0.408
0.408
0.398
0.407
0.408
0.406
0.405
0.397
0.4
0.404
0.405
0.412
0.404
0.399
0.396
0.402
0.402
0.4
0.407
0.403
0.397
0.389
0.39
0.39
0.392
0.397
0.393
0.39
0.395
0.404
0.402
0.394
0.395
0.396
0.393
0.392
0.399
0.404
0.397
0.393
0.4
0.394
0.389
0.397
0.389
0.402
0.396
0.392
0.398
0.394
0.387
0.392
0.399
0.388
0.392
0.398
0.4
0.4
0.392
0.395
0.399
0.396
0.403
0.401
0.395
0.396
0.4
0.396
0.402
0.403
0.397
0.405
0.397
0.397
0.39
0.398
0.402
0.394
0.396
0.397
0.396
0.401
0.404
0.394
0.385
0.391
0.4
0.393
0.396
0.392
0.391
0.398
0.397
0.401
0.398
0.396
0.394
0.395
0.394
0.393
0.393
0.396
0.39
0.394
0.392
0.393
0.401
0.395
0.395
0.391
0.4
0.399
0.391
0.399
0.399
0.405
0.407
0.398
0.403
0.411
0.398
0.396
0.404
0.401
0.404
0.396
0.394
0.401
0.403
0.4
0.403
0.402
0.406
0.412
0.409
0.404
0.412
0.402
0.405
0.411
0.404
0.394
0.402
0.392
0.404
0.404
0.399
0.395
0.401
0.393
0.397
0.403
0.403
0.402
0.402
0.4
0.395
0.407
0.399
0.403
0.405
0.401
0.393
0.402
0.41
0.406
0.408
0.412
0.399
0.402
0.396
0.399
0.4
0.397
0.403
0.396
0.396
0.396
0.403
0.403
0.399
0.395
0.394
0.397
0.39
0.396
0.395
0.399
0.408
0.399
0.393
0.399
0.407
0.403
0.395
0.4
0.394
0.391
0.399
0.396
0.397
0.401
0.403
0.398
0.393
0.385
0.399
0.405
0.403
0.395
0.392
0.391
0.396
0.396
0.405
0.393
0.393
0.389
0.391
0.395
0.393
0.392
0.405
0.399
0.399
0.4
0.401
0.398
0.399
0.39
0.399
0.394
0.401
0.399
0.397
0.398
0.399
0.395
0.4
0.408
0.4
0.397
0.396
0.391
0.395
0.402
0.394
0.39
0.396
0.403
0.397
0.394
0.394
0.398
0.401
0.394
0.394
0.398
0.394
0.388
0.396
0.396
0.392
0.401
0.4
0.397
0.4
0.392
0.396
0.395
0.394
0.403
0.396
0.402
0.402
0.41
0.409
0.392
0.401
0.396
0.402
0.405
0.396
0.39
0.396
0.404
0.402
0.394
0.396
0.4
0.391
0.394
0.395
0.387
0.393
0.385
0.394
0.4
0.395
0.396
0.392
0.391
0.393
0.402
0.393
0.4
0.398
0.401
0.393
0.385
0.391
0.384
0.393
0.396
0.405
0.397
0.4
0.397
0.398
0.404
0.404
0.4
0.401
0.397
0.398
0.396
0.405
0.395
0.407
0.407
0.401
0.4
0.4
0.397
0.39
0.396
0.397
0.394
0.396
0.404
0.399
0.4
0.401
0.41
0.41
0.406
0.403
0.399
0.395
0.405
0.412
0.409
0.403
0.411
0.404
0.413
0.414
0.409
0.41
0.403
0.41
0.417
0.408
0.415
0.413
0.42
0.416
0.407
0.416
0.41
0.405
0.399
0.409
0.402
0.411
0.407
0.409
0.403
0.407
0.414
0.42
0.412
0.406
0.419
0.413
0.41
0.416
0.422
0.412
0.416
0.41
0.408
0.418
0.419
0.425
0.412
0.404
0.398
0.411
0.414
0.416
0.418
0.41
0.404
0.41
0.402
0.403
0.412
0.412
0.409
0.401
0.404
0.405
0.403
0.394
0.403
0.404
0.407
0.404
0.396
0.399
0.405
0.396
0.398
0.399
0.399
0.404
0.394
0.388
0.41
0.404
0.398
0.402
0.397
0.4
0.391
0.408
0.406
0.396
0.392
0.396
0.4
0.4
0.402
0.396
0.392
0.401
0.398
0.401
0.394
0.389
0.398
0.397
0.403
0.408
0.398
0.396
0.398
0.4
0.398
0.396
0.405
0.413
0.41
0.403
0.406
0.41
0.394
0.403
0.407
0.414
0.404
0.395
0.412
0.402
0.403
0.403
0.409
0.413
0.409
0.401
0.406
0.403
0.398
0.402
0.411
0.41
0.409
0.403
0.398
0.398
0.402
0.405
0.4
0.408
0.398
0.399
0.403
0.408
0.404
0.403
0.406
0.399
0.405
0.412
0.406
0.412
0.403
0.395
0.404
0.41
0.412
0.405
0.395
0.405
0.404
0.403
0.402
0.411
0.403
0.407
0.409
0.401
0.411
0.415
0.409
0.407
0.403
0.413
0.411
0.413
0.409
0.405
0.41
0.406
0.416
0.42
0.413
0.409
0.409
0.407
0.409
0.401
0.405
0.407
0.409
0.407
0.405
0.402
0.406
0.4
0.416
0.408
0.402
0.399
0.403
0.404
0.407
0.4
0.409
0.407
0.41
0.41
0.405
0.401
0.409
0.412
0.409
0.417
0.407
0.409
0.413
0.414
0.406
0.405
0.406
0.403
0.405
0.41
0.407
0.412
0.411
0.411
0.407
0.417
0.413
0.419
0.425
0.413
0.423
0.415
0.411
0.411
0.408
0.409
0.407
0.415
0.416
0.412
0.405
0.399
0.415
0.415
0.409
0.407
0.407
0.397
0.41
0.411
0.416
0.411
0.417
0.408
0.415
0.421
0.416
0.422
0.414
0.406
0.406
0.41
0.415
0.414
0.414
0.409
0.415
0.416
0.406
0.409
0.402
0.4
0.407
0.413
0.408
0.403
0.413
0.414
0.407
0.405
0.411
0.415
0.411
0.404
0.4
0.405
0.401
0.401
0.412
0.41
0.412
0.406
0.41
0.402
0.409
0.411
0.402
0.407
0.401
0.406
0.411
0.404
0.402
0.399
0.404
0.418
0.414
0.408
0.412
0.403
0.412
0.41
0.413
0.419
0.419
0.402
0.398
0.404
0.394
0.414
0.417
0.396
0.405
0.401
0.405
0.409
0.405
0.402
0.396
0.4
0.402
0.401
0.402
0.396
0.396
0.396
0.402
0.398
0.401
0.393
0.395
0.413
0.405
0.404
0.404
0.397
0.4
0.397
0.404
0.399
0.396
0.403
0.41
0.4
0.409
0.401
0.4
0.397
0.404
0.407
0.41
0.4
0.391
0.395
0.401
0.405
0.403
0.411
0.404
0.405
0.404
0.408
0.412
0.408
0.405
0.41
0.412
0.408
0.402
0.4
0.409
0.405
0.405
0.411
0.405
0.396
0.404
0.394
0.397
0.396
0.397
0.406
0.403
0.391
0.393
0.398
0.405
0.397
0.39
0.398
0.407
0.408
0.395
0.401
0.401
0.411
0.401
0.4
0.396
0.392
0.397
0.4
0.403
0.4
0.405
0.398
0.393
0.398
0.406
0.39
0.396
0.403
0.401
0.405
0.399
0.4
0.399
0.412
0.413
0.403
0.4
0.407
0.416
0.414
0.412
0.407
0.405
0.404
0.411
0.413
0.411
0.41
0.406
0.406
0.405
0.41
0.412
0.403
0.407
0.408
0.415
0.421
0.418
0.412
0.41
0.417
0.42
0.41
0.411
0.413
0.408
0.408
0.408
0.416
0.425
0.419
0.409
0.414
0.424
0.411
0.418
0.412
0.421
0.414
0.415
0.419
0.412
0.41
0.411
0.402
0.406
0.409
0.417
0.414
0.412
0.409
0.405
0.405
0.402
0.412
0.413
0.412
0.403
0.408
0.407
0.403
0.402
0.412
0.419
0.41
0.413
0.41
0.406
0.405
0.41
0.417
0.421
0.412
0.411
0.407
0.404
0.411
0.411
0.404
0.41
0.405
0.406
0.405
0.402
0.398
0.406
0.412
0.407
0.406
0.402
0.395
0.403
0.411
0.402
0.41
0.413
0.396
0.401
0.393
0.407
0.416
0.409
0.406
0.401
0.407
0.41
0.4
0.407
0.415
0.41
0.416
0.414
0.404
0.404
0.398
0.401
0.402
0.4
0.401
0.393
0.406
0.405
0.403
0.41
0.405
0.4
0.401
0.404
0.404
0.399
0.406
0.412
0.41
0.404
0.404
0.397
0.406
0.411
0.411
0.403
0.394
0.418
0.412
0.417
0.417
0.414
0.416
0.422
0.417
0.41
0.403
0.412
0.412
0.406
0.411
0.416
0.41
0.405
0.409
0.399
0.403
0.409
0.399
0.41
0.403
0.405
0.408
0.414
0.406
0.401
0.415
0.408
0.409
0.405
0.409
0.413
0.414
0.41
0.402
0.399
0.409
0.405
0.406
0.402
0.412
0.405
0.407
0.408
0.418
0.409
0.411
0.405
0.413
0.416
0.418
0.415
0.412
0.411
0.403
0.41
0.415
0.41
0.417
0.409
0.408
0.413
0.41
0.415
0.414
0.417
0.411
0.402
0.414
0.413
0.411
0.414
0.416
0.414
0.412
0.41
0.417
0.411
0.415
0.414
0.418
0.419
0.427
0.422
0.422
0.426
0.421
0.416
0.421
0.416
0.421
0.424
0.426
0.422
0.419
0.426
0.413
0.406
0.412
0.414
0.409
0.403
0.405
0.401
0.411
0.407
0.41
0.4
0.415
0.41
0.404
0.4
0.408
0.405
0.411
0.402
0.402
0.402
0.411
0.406
0.404
0.409
0.415
0.407
0.41
0.417
0.407
0.416
0.41
0.406
0.408
0.406
0.41
0.417
0.419
0.412
0.408
0.407
0.401
0.401
0.409
0.41
0.406
0.399
0.39
0.397
0.401
0.406
0.413
0.414
0.412
0.412
0.402
0.407
0.403
0.399
0.404
0.405
0.401
0.408
0.4
0.407
0.4
0.397
0.398
0.4
0.397
0.404
0.403
0.397
0.395
0.398
0.396
0.396
0.402
0.396
0.393
0.395
0.404
0.394
0.402
0.404
0.395
0.389
0.393
0.407
0.398
0.406
0.397
0.401
0.396
0.396
0.395
0.386
0.397
0.401
0.395
0.39
0.395
0.394
0.395
0.395
0.387
0.393
0.391
0.396
0.396
0.391
0.396
0.393
0.394
0.397
0.399
0.398
0.395
0.386
0.388
0.396
0.389
0.397
0.398
0.395
0.401
0.391
0.383
0.387
0.392
0.393
0.398
0.399
0.396
0.399
0.394
0.394
0.385
0.388
0.401
0.402
0.396
0.399
0.395
0.394
0.396
0.404
0.403
0.398
0.396
0.398
0.396
0.405
0.398
0.406
0.397
0.405
0.4
0.406
0.408
0.401
0.412
0.402
0.409
0.404
0.41
0.415
0.403
0.407
0.412
0.407
0.414
0.404
0.404
0.401
0.411
0.405
0.403
0.397
0.403
0.399
0.396
0.396
0.403
0.395
0.4
0.404
0.401
0.406
0.407
0.413
0.41
0.402
0.396
0.4
0.396
0.402
0.404
0.397
0.398
0.403
0.397
0.406
0.401
0.394
0.4
0.395
0.41
0.414
0.405
0.407
0.404
0.407
0.398
0.402
0.412
0.404
0.411
0.419
0.409
0.404
0.416
0.413
0.408
0.417
0.423
0.417
0.414
0.408
0.414
0.408
0.41
0.403
0.406
0.412
0.415
0.407
0.415
0.417
0.41
0.41
0.417
0.408
0.413
0.42
0.413
0.42
0.417
0.42
0.425
0.418
0.415
0.408
0.413
0.407
0.413
0.406
0.404
0.404
0.406
0.413
0.403
0.404
0.411
0.405
0.414
0.405
0.406
0.406
0.409
0.419
0.41
0.406
0.408
0.41
0.405
0.414
0.408
0.405
0.398
0.418
0.404
0.411
0.411
0.405
0.408
0.406
0.408
0.399
0.406
0.407
0.403
0.408
0.402
0.4
0.408
0.409
0.406
0.399
0.396
0.397
0.404
0.405
0.401
0.392
0.399
0.394
0.405
0.407
0.407
0.399
0.401
0.396
0.401
0.403
0.395
0.393
0.392
0.397
0.395
0.397
0.396
0.4
0.391
0.4
0.396
0.4
0.393
0.386
0.395
0.397
0.39
0.4
0.392
0.398
0.389
0.391
0.396
0.398
0.397
0.388
0.394
0.399
0.394
0.393
0.392
0.401
0.402
0.399
0.397
0.394
0.391
0.399
0.403
0.395
0.401
0.403
0.402
0.398
0.4
0.407
0.403
0.403
0.398
0.397
0.405
0.412
0.408
0.405
0.399
0.399
0.402
0.404
0.403
0.406
0.399
0.404
0.41
0.411
0.405
0.405
0.41
0.406
0.403
0.395
0.397
0.4
0.402
0.401
0.404
0.41
0.405
0.402
0.402
0.397
0.405
0.406
0.412
0.402
0.396
0.407
0.415
0.414
0.421
0.422
0.415
0.418
0.412
0.412
0.415
0.425
0.417
0.423
0.411
0.417
0.413
0.423
0.42
0.418
0.413
0.404
0.41
0.418
0.404
0.415
0.408
0.41
0.41
0.404
0.409
0.409
0.406
0.412
0.407
0.414
0.414
0.419
0.413
0.406
0.416
0.418
0.409
0.414
0.419
0.412
0.419
0.41
0.429
0.427
0.433
0.424
0.417
0.421
0.42
0.416
0.423
0.417
0.416
0.421
0.42
0.428
0.418
0.413
0.423
0.415
0.416
0.409
0.416
0.411
0.413
0.407
0.413
0.407
0.417
0.41
0.418
0.411
0.413
0.422
0.419
0.414
0.415
0.41
0.407
0.414
0.416
0.413
0.415
0.41
0.41
0.41
0.409
0.402
0.412
0.415
0.415
0.421
0.412
0.405
0.413
0.419
0.417
0.41
0.418
0.417
0.408
0.407
0.412
0.408
0.409
0.405
0.414
0.409
0.418
0.411
0.403
0.411
0.41
0.406
0.414
0.409
0.415
0.42
0.422
0.413
0.41
0.42
0.414
0.406
0.41
0.414
0.417
0.416
0.409
0.41
0.408
0.404
0.411
0.407
0.417
0.411
0.421
0.399
0.407
0.399
0.413
0.404
0.405
0.401
0.405
0.414
0.416
0.405
0.411
0.408
0.409
0.402
0.412
0.411
0.411
0.419
0.413
0.411
0.403
0.409
0.412
0.402
0.407
0.405
0.41
0.404
0.408
0.401
0.41
0.408
0.409
0.407
0.4
0.404
0.403
0.412
0.41
0.41
0.401
0.396
0.405
0.409
0.402
0.412
0.41
0.404
0.409
0.401
0.4
0.409
0.406
0.41
0.401
0.396
0.403
0.406
0.4
0.393
0.398
0.401
0.407
0.414
0.403
0.399
0.399
0.401
0.408
0.401
0.4
0.398
0.4
0.396
0.402
0.405
0.409
0.404
0.402
0.412
0.402
0.398
0.402
0.404
0.398
0.403
0.396
0.391
0.399
0.403
0.401
0.402
0.411
0.401
0.398
0.396
0.392
0.397
0.405
0.403
0.398
0.401
0.399
0.397
0.392
0.399
0.403
0.402
0.396
0.391
0.395
0.403
0.403
0.401
0.396
0.389
0.399
0.394
0.406
0.402
0.395
0.399
0.402
0.403
0.403
0.405
0.396
0.394
0.407
0.393
0.402
0.398
0.4
0.398
0.393
0.402
0.404
0.401
0.401
0.392
0.409
0.399
0.407
0.401
0.396
0.403
0.393
0.401
0.402
0.405
0.404
0.403
0.398
0.397
0.396
0.404
0.403
0.408
0.401
0.403
0.399
0.406
0.406
0.409
0.411
0.408
0.409
0.412
0.393
0.396
0.403
0.402
0.394
0.406
0.396
0.4
0.398
0.407
0.399
0.395
0.4
0.394
0.401
0.401
0.395
0.403
0.404
0.396
0.392
0.393
0.401
0.394
0.398
0.404
0.397
0.399
0.405
0.407
0.4
0.396
0.4
0.406
0.401
0.405
0.396
0.41
0.408
0.399
0.398
0.401
0.405
0.402
0.402
0.41
0.401
0.402
0.396
0.402
0.404
0.413
0.413
0.403
0.405
0.401
0.409
0.41
0.414
0.407
0.405
0.397
0.409
0.412
0.408
0.411
0.418
0.405
0.41
0.409
0.4
0.408
0.399
0.404
0.396
0.405
0.414
0.408
0.4
0.406
0.409
0.412
0.412
0.404
0.403
0.405
0.401
0.405
0.412
0.415
0.405
0.406
0.405
0.41
0.407
0.409
0.403
0.411
0.411
0.402
0.407
0.408
0.413
0.411
0.402
0.412
0.416
0.414
0.42
0.416
0.41
0.406
0.403
0.406
0.409
0.402
0.409
0.41
0.415
0.407
0.41
0.408
0.41
0.403
0.411
0.412
0.409
0.417
0.41
0.414
0.418
0.408
0.405
0.412
0.418
0.418
0.412
0.419
0.412
0.417
0.41
0.415
0.419
0.419
0.427
0.412
0.422
0.421
0.421
0.413
0.422
0.426
0.425
0.424
0.431
0.425
0.427
0.417
0.42
0.428
0.438
0.428
0.422
0.423
0.429
0.435
0.43
0.44
0.429
0.42
0.423
0.422
0.417
0.413
0.424
0.417
0.421
0.411
0.429
0.426
0.422
0.413
0.42
0.42
0.416
0.414
0.419
0.412
0.426
0.42
0.413
0.433
0.421
0.417
0.417
0.408
0.414
0.412
0.414
0.422
0.416
0.419
0.412
0.408
0.411
0.411
0.416
0.419
0.427
0.413
0.414
0.419
0.415
0.417
0.408
0.412
0.414
0.407
0.409
0.428
0.418
0.427
0.421
0.43
0.428
0.412
0.417
0.419
0.413
0.422
0.417
0.413
0.408
0.403
0.403
0.401
0.406
0.413
0.406
0.404
0.409
0.407
0.397
0.404
0.408
0.406
0.4
0.408
0.403
0.41
0.401
0.402
0.41
0.405
0.403
0.404
0.403
0.399
0.403
0.409
0.416
0.408
0.409
0.407
0.403
0.402
0.399
0.416
0.415
0.412
0.419
0.404
0.413
0.417
0.399
0.413
0.416
0.41
0.405
0.411
0.415
0.418
0.418
0.412
0.412
0.421
0.411
0.412
0.412
0.408
0.408
0.415
0.422
0.412
0.405
0.416
0.423
0.411
0.42
0.426
0.41
0.416
0.417
0.415
0.418
0.412
0.406
0.403
0.397
0.409
0.405
0.41
0.409
0.407
0.408
0.407
0.414
0.418
0.398
0.407
0.411
0.408
0.402
0.409
0.403
0.418
0.418
0.412
0.411
0.415
0.414
0.423
0.418
0.42
0.417
0.414
0.415
0.414
0.408
0.418
0.412
0.42
0.424
0.42
0.42
0.412
0.402
0.409
0.407
0.41
0.416
0.418
0.417
0.416
0.409
0.41
0.412
0.421
0.419
0.412
0.415
0.413
0.413
0.412
0.421
0.421
0.418
0.417
0.408
0.413
0.406
0.414
0.412
0.408
0.413
0.416
0.413
0.42
0.415
0.412
0.409
0.413
0.418
0.425
0.416
0.412
0.418
0.426
0.424
0.413
0.417
0.424
0.422
0.415
0.411
0.411
0.418
0.418
0.42
0.416
0.409
0.404
0.414
0.418
0.413
0.417
0.412
0.416
0.406
0.399
0.403
0.402
0.41
0.401
0.409
0.405
0.401
0.403
0.394
0.407
0.412
0.408
0.407
0.404
0.396
0.411
0.41
0.402
0.405
0.396
0.412
0.402
0.405
0.395
0.401
0.402
0.409
0.406
0.406
0.41
0.401
0.401
0.406
0.41
0.407
0.397
0.398
0.402
0.407
0.411
0.408
0.403
0.406
0.4
0.4
0.399
0.406
0.405
0.411
0.408
0.401
0.411
0.408
0.415
0.407
0.402
0.396
0.398
0.404
0.401
0.394
0.396
0.402
0.399
0.4
0.397
0.4
0.392
0.399
0.406
0.396
0.404
0.408
0.408
0.398
0.407
0.397
0.403
0.399
0.405
0.4
0.401
0.405
0.396
0.404
0.402
0.397
0.399
0.395
0.405
0.407
0.398
0.405
0.395
0.395
0.396
0.394
0.401
0.403
0.396
0.394
0.401
0.395
0.399
0.406
0.402
0.396
0.39
0.397
0.403
0.396
0.407
0.399
0.398
0.396
0.4
0.399
0.4
0.405
0.408
0.404
0.396
0.398
0.398
0.406
0.405
0.404
0.398
0.391
0.398
0.393
0.402
0.402
0.397
0.402
0.412
0.404
0.407
0.401
0.397
0.397
0.402
0.41
0.411
0.402
0.404
0.407
0.412
0.404
0.403
0.413
0.417
0.414
0.406
0.415
0.408
0.406
0.411
0.401
0.406
0.403
0.409
0.403
0.403
0.411
0.409
0.402
0.392
0.4
0.403
0.402
0.401
0.401
0.407
0.41
0.405
0.406
0.398
0.403
0.396
0.404
0.407
0.41
0.412
0.411
0.408
0.403
0.406
0.414
0.407
0.408
0.398
0.4
0.404
0.414
0.41
0.405
0.406
0.403
0.404
0.399
0.411
0.412
0.413
0.404
0.403
0.41
0.414
0.414
0.407
0.412
0.413
0.403
0.406
0.409
0.412
0.403
0.405
0.414
0.408
0.407
0.411
0.401
0.407
0.41
0.403
0.406
0.411
0.408
0.407
0.408
0.412
0.421
0.405
0.411
0.413
0.404
0.404
0.409
0.405
0.409
0.409
0.403
0.406
0.401
0.409
0.403
0.401
0.396
0.405
0.405
0.402
0.403
0.402
0.409
0.405
0.411
0.413
0.406
0.402
0.404
0.405
0.396
0.408
0.404
0.405
0.415
0.415
0.401
0.404
0.4
0.406
0.407
0.414
0.407
0.399
0.396
0.402
0.411
0.407
0.414
0.404
0.397
0.403
0.402
0.403
0.396
0.411
0.41
0.404
0.394
0.402
0.411
0.418
0.401
0.406
0.402
0.403
0.409
0.404
0.404
0.405
0.4
0.401
0.394
0.399
0.408
0.408
0.406
0.399
0.404
0.401
0.403
0.404
0.4
0.396
0.4
0.393
0.404
0.396
0.395
0.396
0.404
0.407
0.398
0.399
0.401
0.394
0.403
0.412
0.392
0.401
0.4
0.404
0.406
0.396
0.397
0.393
0.395
0.4
0.394
0.402
0.408
0.4
0.392
0.397
0.397
0.401
0.403
0.391
0.393
0.394
0.388
0.393
0.391
0.393
0.391
0.391
0.395
0.399
0.398
0.394
0.385
0.394
0.398
0.392
0.396
0.39
0.394
0.386
0.394
0.397
0.395
0.396
0.395
0.389
0.396
0.396
0.401
0.395
0.394
0.394
0.396
0.394
0.399
0.396
0.401
0.396
0.399
0.397
0.404
0.406
0.397
0.391
0.396
0.397
0.402
0.399
0.403
0.396
0.397
0.394
0.401
0.404
0.396
0.402
0.412
0.404
0.401
0.4
0.403
0.399
0.401
0.396
0.396
0.394
0.402
0.396
0.403
0.404
0.395
0.39
0.398
0.4
0.405
0.411
0.412
0.399
0.391
0.395
0.396
0.403
0.396
0.387
0.388
0.398
0.396
0.391
0.399
0.401
0.397
0.396
0.397
0.392
0.399
0.391
0.396
0.393
0.396
0.4
0.408
0.401
0.401
0.403
0.406
0.404
0.408
0.398
0.397
0.405
0.408
0.405
0.398
0.396
0.399
0.405
0.402
0.408
0.413
0.404
0.403
0.393
0.401
0.397
0.394
0.403
0.397
0.396
0.406
0.4
0.397
0.403
0.394
0.407
0.398
0.405
0.406
0.411
0.402
0.399
0.399
0.401
0.396
0.399
0.397
0.401
0.396
0.396
0.394
0.396
0.392
0.401
0.394
0.389
0.389
0.397
0.397
0.397
0.404
0.402
0.395
0.393
0.396
0.399
0.393
0.393
0.401
0.391
0.398
0.406
0.389
0.39
0.395
0.396
0.387
0.391
0.396
0.391
0.384
0.393
0.397
0.393
0.394
0.402
0.396
0.396
0.403
0.387
0.396
0.395
0.396
0.396
0.396
0.398
0.395
0.404
0.406
0.396
0.396
0.396
0.396
0.406
0.396
0.4
0.397
0.395
0.397
0.397
0.396
0.403
0.411
0.408
0.4
0.405
0.398
0.403
0.395
0.409
0.403
0.406
0.402
0.41
0.401
0.405
0.4
0.404
0.405
0.397
0.406
0.401
0.401
0.399
0.402
0.395
0.4
0.408
0.41
0.399
0.406
0.396
0.395
0.398
0.402
0.412
0.406
0.406
0.409
0.402
0.402
0.402
0.409
0.406
0.406
0.409
0.408
0.403
0.394
0.406
0.396
0.402
0.412
0.409
0.405
0.404
0.399
0.408
0.407
0.405
0.405
0.399
0.398
0.406
0.406
0.402
0.412
0.399
0.404
0.407
0.401
0.41
0.404
0.411
0.408
0.401
0.408
0.409
0.402
0.407
0.404
0.414
0.412
0.407
0.405
0.407
0.401
0.415
0.409
0.412
0.416
0.414
0.409
0.404
0.403
0.413
0.417
0.41
0.413
0.416
0.414
0.411
0.406
0.401
0.405
0.414
0.411
0.412
0.407
0.4
0.405
0.408
0.412
0.396
0.407
0.407
0.406
0.404
0.406
0.406
0.406
0.411
0.406
0.41
0.406
0.412
0.413
0.422
0.408
0.418
0.41
0.41
0.406
0.411
0.401
0.411
0.404
0.398
0.407
0.409
0.406
0.401
0.403
0.393
0.398
0.398
0.406
0.409
0.404
0.397
0.406
0.404
0.397
0.39
0.397
0.399
0.394
0.397
0.406
0.401
0.391
0.393
0.39
0.402
0.392
0.396
0.394
0.39
0.397
0.396
0.387
0.405
0.396
0.394
0.393
0.399
0.397
0.4
0.391
0.387
0.396
0.397
0.395
0.391
0.391
0.401
0.391
0.395
0.403
0.395
0.387
0.391
0.395
0.39
0.397
0.388
0.404
0.396
0.396
0.401
0.391
0.393
0.39
0.396
0.398
0.393
0.395
0.388
0.396
0.389
0.389
0.394
0.397
0.405
0.402
0.396
0.396
0.396
0.393
0.4
0.394
0.398
0.397
0.397
0.393
0.402
0.395
0.389
0.397
0.395
0.397
0.397
0.394
0.403
0.404
0.405
0.404
0.397
0.393
0.396
0.403
0.401
0.4
0.399
0.406
0.404
0.404
0.396
0.394
0.398
0.404
0.398
0.402
0.399
0.398
0.392
0.402
0.403
0.401
0.403
0.408
0.409
0.408
0.4
0.403
0.4
0.407
0.404
0.412
0.405
0.4
0.4
0.401
0.409
0.403
0.393
0.4
0.407
0.408
0.408
0.398
0.404
0.407
0.399
0.403
0.394
0.4
0.396
0.397
0.399
0.396
0.403
0.402
0.4
0.408
0.4
0.408
0.406
0.406
0.4
0.393
0.4
0.407
0.397
0.408
0.406
0.405
0.398
0.399
0.395
0.4
0.4
0.394
0.406
0.4
0.402
0.409
0.41
0.406
0.404
0.398
0.403
0.399
0.407
0.399
0.404
0.409
0.407
0.403
0.396
0.401
0.399
0.394
0.398
0.396
0.401
0.404
0.4
0.402
0.402
0.408
0.398
0.398
0.399
0.406
0.399
0.406
0.404
0.409
0.413
0.407
0.408
0.408
0.402
0.411
0.401
0.405
0.405
0.4
0.402
0.406
0.398
0.4
0.406
0.396
0.401
0.406
0.396
0.397
0.409
0.4
0.405
0.395
0.397
0.4
0.401
0.391
0.4
0.404
0.4
0.404
0.409
0.397
0.4
0.398
0.405
0.409
0.395
0.401
0.394
0.399
0.394
0.394
0.397
0.396
0.39
0.39
0.395
0.401
0.402
0.393
0.391
0.391
0.396
0.396
0.402
0.387
0.39
0.387
0.393
0.388
0.39
0.393
0.389
0.393
0.396
0.388
0.392
0.396
0.396
0.395
0.403
0.398
0.397
0.396
0.392
0.385
0.393
0.398
0.393
0.396
0.396
0.403
0.397
0.396
0.404
0.396
0.402
0.392
0.385
0.403
0.394
0.397
0.399
0.395
0.396
0.396
0.392
0.399
0.402
0.41
0.405
0.396
0.395
0.395
0.391
0.396
0.399
0.399
0.396
0.393
0.398
0.396
0.401
0.392
0.398
0.4
0.395
0.4
0.401
0.396
0.394
0.402
0.409
0.404
0.406
0.399
0.401
0.395
0.401
0.393
0.396
0.399
0.408
0.406
0.402
0.406
0.405
0.411
0.4
0.397
0.405
0.396
0.398
0.4
0.398
0.403
0.397
0.399
0.396
0.4
0.396
0.402
0.401
0.399
0.4
0.393
0.4
0.401
0.393
0.402
0.401
0.399
0.402
0.399
0.403
0.395
0.404
0.4
0.391
0.4
0.391
0.408
0.404
0.41
0.402
0.412
0.403
0.411
0.409
0.415
0.413
0.408
0.415
0.412
0.412
0.409
0.413
0.414
0.415
0.411
0.417
0.42
0.413
0.418
0.423
0.423
0.42
0.42
0.424
0.422
0.424
0.422
0.427
0.432
0.433
0.435
0.431
0.437
0.438
0.446
0.446
0.44
0.445
0.442
0.447
0.445
0.449
0.451
0.46
0.454
0.464
0.472
0.471
0.473
0.472
0.474
0.47
0.471
0.471
0.476
0.479
0.5
0.493
0.487
0.49
0.492
0.494
0.482
0.479
0.488
0.486
0.494
0.494
0.506
0.504
0.504
0.493
0.534
0.529
0.538
0.54
0.536
0.545
0.534
0.541
0.515
0.516
0.504
0.501
0.494
0.497
0.501
0.508
0.514
0.525
0.524
0.525
0.528
0.556
0.536
0.528
0.528
0.516
0.523
0.536
0.547
0.549
0.558
0.548
0.551
0.544
0.543
0.536
0.548
0.557
0.562
0.554
0.543
0.539
0.533
0.533
0.524
0.531
0.532
0.542
0.552
0.564
0.571
0.58
0.548
0.538
0.539
0.53
0.523
0.518
0.524
0.534
0.552
0.547
0.549
0.549
