0.341
0.666
0.368
0.328
0.351
0.329
0.335
0.339
0.354
0.357
0.351
0.391
0.395
0.444
0.436
0.457
0.454
0.458
0.453
0.444
0.433
0.434
0.44
0.444
0.45
0.449
0.438
0.443
0.438
0.436
0.438
0.441
0.433
0.439
0.438
0.445
0.438
0.433
0.441
0.445
0.435
0.432
0.429
0.425
0.434
0.444
0.436
0.428
0.434
0.428
0.429
0.433
0.428
0.433
0.441
0.434
0.43
0.437
0.438
0.441
0.434
0.43
0.453
0.443
0.442
0.441
0.434
0.457
0.459
0.46
0.456
0.467
0.455
0.446
0.443
0.444
0.449
0.453
0.457
0.442
0.45
0.443
0.433
0.432
0.434
0.431
0.433
0.44
0.431
0.418
0.433
0.43
0.422
0.435
0.436
0.444
0.445
0.43
0.429
0.421
0.424
0.433
0.428
0.437
0.441
0.433
0.439
0.439
0.43
0.427
0.424
0.437
0.435
0.426
0.454
0.448
0.433
0.438
0.449
0.437
0.431
0.438
0.438
0.438
0.443
0.452
0.461
0.451
0.454
0.448
0.456
0.446
0.443
0.443
0.449
0.468
0.446
0.439
0.444
0.442
0.433
0.46
0.451
0.436
0.438
0.432
0.43
0.447
0.438
0.413
0.411
0.415
0.425
0.417
0.422
0.426
0.419
0.416
0.425
0.415
0.416
0.424
0.406
0.408
0.413
0.42
0.422
0.425
0.445
0.471
0.476
0.472
0.478
0.478
0.566
0.562
0.575
0.626
0.619
0.691
0.639
0.652
0.644
0.646
0.648
0.646
0.632
0.633
0.659
0.688
0.679
0.642
0.64
0.672
0.685
0.681
0.675
0.663
0.663
0.664
0.668
0.662
0.675
0.689
0.681
0.698
0.686
0.688
0.69
0.684
0.681
0.682
0.682
0.696
0.696
0.685
0.69
0.694
0.697
0.695
