0.688
0.675
0.641
0.627
0.623
0.608
0.599
0.573
0.569
0.557
0.563
0.541
0.535
0.524
0.527
0.528
0.523
0.517
0.519
0.512
0.513
0.517
0.505
0.493
0.502
0.504
0.497
0.492
0.497
0.498
0.491
0.481
0.492
0.48
0.485
0.487
0.482
0.486
0.479
0.482
0.475
0.467
0.463
0.464
0.461
0.456
0.472
0.465
0.47
0.466
0.458
0.471
0.45
0.454
0.463
0.461
0.45
0.46
0.458
0.456
0.462
0.455
0.46
0.47
0.448
0.451
0.46
0.462
0.452
0.454
0.464
0.463
0.455
0.451
0.449
0.442
0.442
0.448
0.442
0.451
0.448
0.453
0.448
0.443
0.443
0.439
0.443
0.443
0.45
0.447
0.442
0.441
0.438
0.444
0.439
0.441
0.448
0.448
0.437
0.434
0.439
0.441
0.444
0.437
0.431
0.435
0.43
0.44
0.431
0.436
0.429
0.439
0.443
0.432
0.435
0.43
0.436
0.44
0.442
0.433
0.431
0.435
0.44
0.431
0.432
0.442
0.446
0.432
0.435
0.437
0.431
0.438
0.444
0.436
0.43
0.429
0.431
0.431
0.431
0.437
0.427
0.441
0.433
0.435
0.43
0.438
0.435
0.439
0.447
0.44
0.438
0.433
0.438
0.439
0.444
0.447
0.438
0.442
0.435
0.433
0.437
0.437
0.441
0.438
0.432
0.434
0.44
0.446
0.447
0.452
0.449
0.438
0.438
0.435
0.441
0.447
0.437
0.438
0.431
0.433
0.436
0.443
0.444
0.434
0.434
0.436
0.434
0.436
0.438
0.438
0.438
0.438
0.445
0.435
0.439
0.438
0.434
0.444
0.449
0.433
0.436
0.438
0.448
0.445
0.435
0.433
0.442
0.445
0.451
0.437
0.438
0.443
0.45
0.451
0.444
0.438
0.444
0.444
0.448
0.437
0.445
0.451
0.441
0.449
0.444
0.438
0.43
0.434
0.437
0.441
0.451
0.447
0.449
0.443
0.433
0.436
0.431
0.438
0.436
0.434
0.431
0.431
0.429
0.438
0.428
0.434
0.431
0.426
0.434
0.44
0.437
0.427
0.434
0.437
0.438
0.428
0.425
0.422
0.425
0.42
0.426
0.431
0.433
0.435
0.426
0.431
0.44
0.431
0.424
0.432
0.438
0.428
0.426
0.418
0.422
0.419
0.424
0.419
0.424
0.424
0.429
0.433
0.438
0.436
0.443
0.435
0.433
0.428
0.438
0.445
0.437
0.431
0.425
0.43
0.424
0.431
0.433
0.434
0.44
0.448
0.438
0.436
0.439
0.437
0.438
0.443
0.436
0.429
0.434
0.432
0.439
0.447
0.436
0.434
0.442
0.429
0.432
0.435
0.425
0.424
0.423
0.416
0.426
0.428
0.428
0.418
0.422
0.422
0.416
0.409
0.416
0.41
0.411
0.412
0.422
0.42
0.416
0.412
0.418
0.414
0.419
0.419
0.413
0.422
0.413
0.42
0.415
0.417
0.423
0.418
0.426
0.429
0.424
0.42
0.417
0.424
0.417
0.422
0.417
0.426
0.418
0.422
0.42
0.425
0.416
0.42
0.415
0.416
0.421
0.415
0.419
0.42
0.413
0.419
0.425
0.418
0.412
0.417
0.412
0.413
0.412
0.417
0.416
0.423
0.427
0.425
0.425
0.418
0.416
0.42
0.418
0.416
0.421
0.422
0.424
0.418
0.421
0.424
0.417
0.425
0.423
0.42
0.429
0.432
0.427
0.421
0.412
0.419
0.422
0.418
0.425
0.429
0.436
0.426
0.418
0.422
0.419
0.429
0.42
0.42
0.416
0.427
0.422
0.423
0.416
0.429
0.422
0.42
0.428
0.429
0.435
0.426
0.425
0.426
0.423
0.433
0.425
0.425
0.429
0.43
0.42
0.423
0.427
0.433
0.437
0.428
0.423
0.426
0.429
0.422
0.428
0.427
0.424
0.434
0.437
0.431
0.424
0.419
0.424
0.428
0.438
0.428
0.422
0.42
0.418
0.421
0.418
0.419
0.417
0.419
0.428
0.421
0.418
0.425
0.415
0.421
0.412
0.417
0.417
0.426
0.428
0.427
0.421
0.415
0.431
0.424
0.416
0.422
0.418
0.422
0.415
0.425
0.43
0.428
0.42
0.42
0.422
0.431
0.437
0.428
0.419
0.421
0.417
0.421
0.426
0.432
0.428
0.422
0.418
0.418
0.427
0.419
0.413
0.422
0.413
0.423
0.418
0.415
0.412
0.416
0.425
0.428
0.418
0.413
0.417
0.412
0.414
0.412
0.414
0.409
0.415
0.409
0.408
0.41
0.414
0.411
0.409
0.411
0.411
0.42
0.415
0.412
0.407
0.411
0.409
0.416
0.413
0.421
0.414
0.407
0.408
0.409
0.414
0.416
0.425
0.417
0.41
0.413
0.421
0.415
0.41
0.413
0.415
0.411
0.417
0.413
0.41
0.416
0.412
0.409
0.413
0.408
0.412
0.416
0.422
0.417
0.416
0.412
0.418
0.422
0.425
0.423
0.418
0.423
0.426
0.423
0.415
0.413
0.416
0.423
0.426
0.417
0.409
0.415
0.406
0.42
0.42
0.417
0.426
0.419
0.412
0.414
0.418
0.419
0.415
0.41
0.417
0.414
0.423
0.417
0.413
0.413
0.416
0.415
0.423
0.418
0.415
0.412
0.422
0.417
0.426
0.418
0.42
0.421
0.416
0.416
0.412
0.418
0.423
0.431
0.423
0.417
0.415
0.411
0.425
0.42
0.417
0.418
0.414
0.419
0.423
0.431
0.425
0.416
0.416
0.416
0.424
0.425
0.425
0.418
0.412
0.415
0.413
0.42
0.416
0.416
0.423
0.418
0.415
0.422
0.416
0.407
0.413
0.416
0.409
0.407
0.416
0.409
0.412
0.405
0.412
0.415
0.422
0.417
0.414
0.41
0.408
0.413
0.414
0.41
0.427
0.415
0.413
0.416
0.411
0.415
0.412
0.418
0.41
0.413
0.412
0.417
0.422
0.427
0.419
0.41
0.414
0.418
0.408
0.411
0.419
0.416
0.407
0.408
0.418
0.408
0.41
0.407
0.412
0.404
0.416
0.411
0.407
0.406
0.413
0.412
0.415
0.424
0.414
0.408
0.408
0.414
0.414
0.411
0.421
0.411
0.417
0.421
0.414
0.417
0.412
0.418
0.414
0.419
0.413
0.422
0.428
0.425
0.42
0.414
0.417
0.419
0.422
0.431
0.425
0.418
0.419
0.413
0.419
0.422
0.431
0.424
0.416
0.416
0.413
0.418
0.42
0.428
0.424
0.416
0.409
0.42
0.423
0.416
0.411
0.418
0.414
0.415
0.415
0.423
0.423
0.43
0.415
0.415
0.423
0.421
0.428
0.422
0.414
0.415
0.413
0.423
0.425
0.422
0.418
0.412
0.418
0.413
0.42
0.417
0.414
0.418
0.415
0.418
0.413
0.425
0.415
0.417
0.422
0.418
0.412
0.419
0.417
0.424
0.423
0.43
0.424
0.42
0.429
0.424
0.427
0.426
0.421
0.412
0.415
0.416
0.424
0.426
0.424
0.417
0.412
0.419
0.413
0.416
0.418
0.423
0.413
0.413
0.413
0.422
0.413
0.41
0.416
0.412
0.421
0.428
0.421
0.415
0.415
0.409
0.413
0.409
0.413
0.419
0.416
0.41
0.415
0.409
0.412
0.414
0.408
0.414
0.411
0.415
0.41
0.419
0.413
0.421
0.413
0.408
0.415
0.421
0.417
0.408
0.41
0.412
0.414
0.422
0.415
0.405
0.408
0.407
0.416
0.413
0.42
0.414
0.405
0.406
0.405
0.413
0.412
0.419
0.413
0.404
0.405
0.411
0.402
0.405
0.414
0.411
0.41
0.405
0.4
0.402
0.4
0.404
0.399
0.405
0.396
0.4
0.403
0.412
0.406
0.405
0.411
0.404
0.412
0.405
0.404
0.401
0.405
0.406
0.412
0.405
0.402
0.408
0.403
0.409
0.403
0.404
0.409
0.406
0.403
0.396
0.403
0.406
0.405
0.406
0.415
0.411
0.403
0.402
0.4
0.404
0.402
0.409
0.399
0.402
0.406
0.402
0.41
0.407
0.406
0.401
0.404
0.408
0.407
0.411
0.408
0.414
0.411
0.405
0.399
0.404
0.405
0.401
0.408
0.406
0.412
0.411
0.403
0.404
0.404
0.408
0.409
0.405
0.403
0.402
0.406
0.403
0.412
0.409
0.415
0.412
0.406
0.4
0.404
0.413
0.407
0.415
0.406
0.406
0.406
0.412
0.402
0.405
0.409
0.402
0.409
0.399
0.407
0.401
0.405
0.405
0.405
0.413
0.409
0.409
0.4
0.404
0.408
0.41
0.406
0.408
0.405
0.399
0.399
0.404
0.399
0.399
0.396
0.4
0.404
0.405
0.403
0.409
0.405
0.403
0.4
0.406
0.403
0.4
0.405
0.403
0.412
0.407
0.402
0.404
0.407
0.405
0.402
0.408
0.406
0.416
0.409
0.409
0.405
0.407
0.405
0.409
0.405
0.398
0.405
0.412
0.405
0.401
0.398
0.404
0.404
0.398
0.4
0.404
0.401
0.407
0.401
0.407
0.406
0.406
0.401
0.405
0.405
0.411
0.41
0.408
0.416
0.41
0.41
0.403
0.41
0.417
0.417
0.408
0.41
0.406
0.41
0.406
0.415
0.416
0.408
0.406
0.414
0.411
0.418
0.417
0.42
0.417
0.409
0.41
0.419
0.412
0.411
0.407
0.409
0.411
0.416
0.412
0.42
0.41
0.409
0.418
0.415
0.408
0.415
0.406
0.417
0.408
0.416
0.418
0.409
0.414
0.421
0.416
0.414
0.409
0.414
0.411
0.421
0.416
0.419
0.423
0.425
0.422
0.418
0.412
0.422
0.414
0.419
0.418
0.416
0.421
0.418
0.425
0.418
0.411
0.419
0.411
0.421
0.418
0.421
0.426
0.425
0.419
0.422
0.418
0.416
0.41
0.415
0.411
0.42
0.413
0.404
0.408
0.399
0.407
0.412
0.409
0.406
0.4
0.406
0.401
0.424
0.411
0.405
0.407
0.401
0.405
0.4
0.406
0.416
0.408
0.405
0.4
0.399
0.401
0.4
0.406
0.404
0.409
0.406
0.401
0.4
0.396
0.397
0.403
0.396
0.4
0.403
0.401
0.396
0.4
0.396
0.403
0.399
0.392
0.398
0.402
0.396
0.4
0.397
0.405
0.4
0.407
0.402
0.397
0.395
0.4
0.397
0.406
0.4
0.408
0.403
0.401
0.398
0.397
0.398
0.403
0.398
0.404
0.405
0.402
0.398
0.4
0.398
0.401
0.4
0.405
0.4
0.406
0.401
0.397
0.395
0.399
0.396
0.399
0.395
0.399
0.392
0.396
0.393
0.393
0.388
0.392
0.39
0.39
0.394
0.39
0.385
0.393
0.39
0.397
0.395
0.4
0.396
0.395
0.396
0.394
0.39
0.391
0.388
0.395
0.389
0.397
0.392
0.4
0.391
0.395
0.392
0.389
0.392
0.387
0.388
0.39
0.387
0.396
0.391
0.389
0.391
0.386
0.383
0.39
0.383
0.384
0.389
0.392
0.388
0.392
0.388
0.385
0.39
0.384
0.383
0.385
0.389
0.39
0.392
0.388
0.396
0.392
0.391
0.392
0.389
0.385
0.386
0.391
0.391
0.394
0.389
0.397
0.391
0.39
0.393
0.4
0.396
0.39
0.396
0.396
0.391
0.396
0.392
0.396
0.397
0.396
0.397
0.396
0.392
0.388
0.395
0.393
0.394
0.397
0.396
0.394
0.391
0.39
0.398
0.399
0.399
0.396
0.392
0.394
0.4
0.399
0.399
0.392
0.395
0.393
0.393
0.399
0.396
0.393
0.396
0.394
0.399
0.408
0.401
0.402
0.399
0.394
0.397
0.396
0.398
0.407
0.402
0.402
0.399
0.407
0.401
0.411
0.411
0.407
0.401
0.404
0.412
0.408
0.404
0.403
0.403
0.411
0.412
0.413
0.405
0.404
0.404
0.408
0.405
0.412
0.415
0.414
0.41
0.407
0.415
0.416
0.417
0.417
0.409
0.407
0.41
0.413
0.407
0.411
0.421
0.419
0.412
0.418
0.418
0.424
0.421
0.415
0.417
0.419
0.412
0.411
0.414
0.421
0.422
0.431
0.424
0.414
0.416
0.414
0.422
0.419
0.425
0.418
0.413
0.417
0.421
0.416
0.424
0.414
0.418
0.419
0.428
0.42
0.428
0.419
0.419
0.415
0.423
0.415
0.422
0.418
0.425
0.429
0.425
0.416
0.421
0.419
0.429
0.419
0.423
0.419
0.424
0.431
0.433
0.425
0.418
0.426
0.419
0.427
0.419
0.423
0.432
0.435
0.431
0.426
0.42
0.427
0.429
0.437
0.438
0.424
0.43
0.429
0.427
0.435
0.44
0.442
0.435
0.438
0.428
0.426
0.429
0.435
0.429
0.432
0.433
0.429
0.424
0.417
0.425
0.428
0.427
0.417
0.414
0.412
0.42
0.41
0.412
0.408
0.415
0.41
0.42
0.414
0.407
0.412
0.42
0.414
0.413
0.415
0.414
0.408
0.417
0.41
0.42
0.416
0.413
0.408
0.418
0.419
0.424
0.423
0.414
0.411
0.417
0.413
0.423
0.419
0.415
0.406
0.416
0.415
0.423
0.413
0.403
0.413
0.408
0.414
0.407
0.418
0.411
0.416
0.422
0.417
0.408
0.412
0.416
0.414
0.424
0.418
0.413
0.411
0.407
0.419
0.411
0.41
0.412
0.414
0.423
0.42
0.417
0.417
0.416
0.411
0.417
0.423
0.425
0.423
0.42
0.415
0.423
0.416
0.417
0.413
0.422
0.425
0.423
0.415
0.415
0.415
0.415
0.413
0.416
0.412
0.418
0.422
0.423
0.42
0.41
0.415
0.415
0.421
0.42
0.417
0.414
0.411
0.413
0.407
0.416
0.415
0.411
0.416
0.418
0.423
0.423
0.425
0.428
0.419
0.427
0.421
0.42
0.419
0.429
0.433
0.425
0.419
0.422
0.416
0.426
0.429
0.426
0.421
0.422
0.418
0.418
0.416
0.423
0.423
0.427
0.421
0.416
0.418
0.411
0.421
0.422
0.425
0.421
0.412
0.416
0.411
0.42
0.411
0.414
0.424
0.417
0.417
0.419
0.413
0.406
0.413
0.411
0.41
0.42
0.417
0.416
0.411
0.417
0.413
0.418
0.41
0.405
0.412
0.407
0.404
0.413
0.405
0.406
0.404
0.411
0.404
0.407
0.403
0.41
0.407
0.416
0.403
0.411
0.406
0.402
0.4
0.403
0.4
0.403
0.402
0.409
0.399
0.402
0.403
0.398
0.407
0.398
0.401
0.398
0.401
0.398
0.404
0.402
0.41
0.407
0.4
0.4
0.401
0.401
0.405
0.399
0.407
0.398
0.403
0.405
0.402
0.409
0.403
0.406
0.404
0.409
0.41
0.405
0.404
0.404
0.403
0.407
0.405
0.415
0.412
0.41
0.403
0.408
0.414
0.416
0.416
0.417
0.407
0.414
0.408
0.413
0.416
0.421
0.42
0.412
0.41
0.408
0.412
0.411
0.419
0.417
0.407
0.407
0.412
0.409
0.415
0.41
0.403
0.409
0.41
0.409
0.412
0.409
0.418
0.415
0.413
0.416
0.414
0.417
0.424
0.406
0.415
0.418
0.417
0.409
0.411
0.412
0.409
0.419
0.42
0.417
0.421
0.411
0.413
0.419
0.418
0.416
0.41
0.413
0.41
0.419
0.417
0.421
0.423
0.414
0.411
0.418
0.424
0.424
0.42
0.417
0.414
0.419
0.42
0.429
0.423
0.422
0.414
0.423
0.425
0.421
0.431
0.426
0.421
0.429
0.422
0.42
0.422
0.429
0.429
0.425
0.422
0.419
0.426
0.426
0.434
0.43
0.42
0.42
0.43
0.432
0.426
0.42
0.416
0.422
0.417
0.427
0.423
0.419
0.429
0.43
0.421
0.418
0.425
0.427
0.429
0.42
0.419
0.421
0.415
0.417
0.418
0.427
0.424
0.417
0.411
0.419
0.409
0.417
0.413
0.413
0.408
0.411
0.407
0.413
0.413
0.421
0.416
0.412
0.409
0.415
0.413
0.418
0.414
0.409
0.407
0.413
0.411
0.412
0.404
0.404
0.402
0.408
0.403
0.41
0.407
0.412
0.409
0.403
0.402
0.402
0.406
0.4
0.409
0.405
0.413
0.405
0.399
0.399
0.4
0.404
0.4
0.407
0.413
0.407
0.397
0.403
0.399
0.402
0.407
0.41
0.401
0.404
0.398
0.401
0.399
0.404
0.396
0.408
0.405
0.397
0.399
0.399
0.4
0.402
0.407
0.412
0.406
0.399
0.4
0.406
0.402
0.399
0.397
0.4
0.398
0.406
0.399
0.406
0.405
0.402
0.407
0.406
0.405
0.415
0.41
0.402
0.41
0.407
0.408
0.404
0.407
0.407
0.403
0.399
0.405
0.402
0.408
0.408
0.409
0.406
0.398
0.402
0.4
0.405
0.398
0.408
0.405
0.402
0.405
0.401
0.408
0.407
0.413
0.409
0.409
0.403
0.402
0.407
0.406
0.414
0.413
0.413
0.405
0.403
0.403
0.402
0.412
0.409
0.417
0.413
0.41
0.404
0.412
0.414
0.41
0.409
0.413
0.413
0.417
0.411
0.404
0.403
0.414
0.41
0.408
0.412
0.413
0.408
0.414
0.408
0.411
0.402
0.415
0.409
0.417
0.407
0.414
0.413
0.417
0.415
0.422
0.42
0.41
0.418
0.421
0.423
0.414
0.422
0.423
0.428
0.423
0.417
0.419
0.415
0.422
0.414
0.421
0.415
0.419
0.426
0.426
0.418
0.414
0.429
0.419
0.414
0.423
0.417
0.417
0.418
0.417
0.416
0.419
0.422
0.418
0.424
0.415
0.419
0.415
0.425
0.421
0.422
0.415
0.424
0.43
0.427
0.418
0.419
0.427
0.426
0.435
0.425
0.43
0.42
0.416
0.425
0.422
0.416
0.413
0.418
0.41
0.414
0.41
0.418
0.418
0.421
0.414
0.406
0.412
0.408
0.413
0.418
0.416
0.412
0.404
0.41
0.419
0.413
0.407
0.408
0.405
0.411
0.408
0.418
0.413
0.408
0.403
0.412
0.415
0.414
0.406
0.403
0.408
0.404
0.412
0.413
0.408
0.411
0.407
0.405
0.411
0.409
0.419
0.415
0.409
0.401
0.405
0.411
0.408
0.406
0.403
0.408
0.405
0.402
0.405
0.401
0.409
0.408
0.412
0.411
0.401
0.407
0.405
0.398
0.405
0.4
0.405
0.405
0.414
0.409
0.402
0.401
0.4
0.401
0.407
0.406
0.404
0.399
0.403
0.399
0.405
0.401
0.41
0.407
0.405
0.404
0.397
0.402
0.398
0.407
0.403
0.41
0.407
0.403
0.409
0.406
0.412
0.409
0.405
0.412
0.412
0.403
0.406
0.405
0.404
0.412
0.413
0.411
0.409
0.406
0.412
0.41
0.405
0.406
0.409
0.406
0.415
0.41
0.409
0.404
0.409
0.403
0.412
0.403
0.413
0.415
0.414
0.411
0.405
0.409
0.407
0.414
0.415
0.418
0.416
0.409
0.41
0.406
0.41
0.407
0.417
0.415
0.412
0.412
0.405
0.408
0.406
0.412
0.407
0.413
0.409
0.408
0.404
0.408
0.403
0.411
0.418
0.412
0.407
0.408
0.405
0.414
0.41
0.419
0.416
0.413
0.407
0.417
0.415
0.416
0.412
0.405
0.408
0.412
0.413
0.41
0.406
0.415
0.416
0.414
0.417
0.412
0.406
0.415
0.414
0.413
0.405
0.411
0.409
0.415
0.415
0.42
0.416
0.408
0.408
0.417
0.412
0.405
0.41
0.416
0.413
0.405
0.411
0.411
0.407
0.413
0.406
0.41
0.41
0.415
0.41
0.413
0.423
0.415
0.408
0.41
0.403
0.411
0.419
0.416
0.413
0.405
0.414
0.417
0.415
0.409
0.406
0.41
0.407
0.414
0.415
0.412
0.412
0.404
0.41
0.404
0.41
0.409
0.415
0.413
0.406
0.406
0.405
0.408
0.407
0.414
0.41
0.406
0.404
0.406
0.403
0.413
0.411
0.409
0.41
0.41
0.408
0.412
0.404
0.407
0.403
0.41
0.405
0.414
0.412
0.411
0.408
0.401
0.402
0.412
0.406
0.403
0.406
0.404
0.409
0.404
0.407
0.404
0.395
0.4
0.406
0.405
0.403
0.413
0.407
0.399
0.404
0.396
0.4
0.403
0.404
0.399
0.404
0.405
0.404
0.404
0.405
0.41
0.406
0.403
0.399
0.407
0.399
0.404
0.401
0.401
0.393
0.4
0.403
0.401
0.41
0.403
0.405
0.403
0.396
0.4
0.402
0.404
0.404
0.397
0.397
0.405
0.404
0.401
0.397
0.399
0.396
0.403
0.398
0.407
0.402
0.409
0.404
0.399
0.396
0.401
0.397
0.403
0.399
0.402
0.408
0.401
0.397
0.403
0.396
0.405
0.403
0.409
0.405
0.407
0.404
0.397
0.402
0.399
0.405
0.401
0.408
0.407
0.41
0.404
0.408
0.403
0.411
0.409
0.414
0.409
0.408
0.401
0.408
0.409
0.409
0.41
0.42
0.404
0.398
0.417
0.408
0.408
0.403
0.398
0.399
0.401
0.406
0.399
0.402
0.396
0.401
0.407
0.401
0.396
0.405
0.404
0.403
0.407
0.399
0.395
0.4
0.396
0.403
0.396
0.4
0.396
0.396
0.398
0.399
0.397
0.401
0.399
0.407
0.402
0.405
0.404
0.397
0.397
0.406
0.406
0.404
0.403
0.4
0.404
0.414
0.407
0.406
0.402
0.409
0.408
0.415
0.408
0.406
0.4
0.402
0.407
0.398
0.404
0.406
0.407
0.407
0.416
0.408
0.405
0.403
0.401
0.407
0.401
0.407
0.405
0.406
0.403
0.41
0.4
0.408
0.406
0.402
0.405
0.4
0.406
0.402
0.405
0.402
0.396
0.401
0.405
0.407
0.408
0.402
0.408
0.407
0.403
0.405
0.4
0.404
0.396
0.405
0.404
0.409
0.405
0.406
0.4
0.398
0.406
0.399
0.408
0.403
0.409
0.4
0.402
0.407
0.4
0.407
0.404
0.401
0.405
0.406
0.41
0.402
0.404
0.402
0.41
0.406
0.404
0.4
0.407
0.406
0.4
0.405
0.415
0.409
0.404
0.4
0.403
0.405
0.401
0.409
0.41
0.409
0.406
0.402
0.403
0.397
0.403
0.406
0.396
0.403
0.397
0.404
0.405
0.403
0.398
0.404
0.398
0.404
0.4
0.408
0.406
0.405
0.401
0.396
0.399
0.397
0.403
0.399
0.403
0.403
0.396
0.396
0.402
0.395
0.401
0.396
0.405
0.399
0.407
0.402
0.396
0.396
0.402
0.398
0.4
0.4
0.397
0.393
0.397
0.394
0.401
0.395
0.403
0.398
0.398
0.396
0.392
0.396
0.393
0.398
0.399
0.396
0.394
0.395
0.395
0.394
0.403
0.4
0.399
0.4
0.397
0.396
0.393
0.396
0.399
0.391
0.398
0.397
0.396
0.392
0.394
0.397
0.395
0.39
0.396
0.39
0.396
0.389
0.391
0.384
0.388
0.391
0.394
0.39
0.395
0.395
0.396
0.396
0.395
0.389
0.393
0.398
0.398
0.4
0.392
0.391
0.395
0.392
0.399
0.393
0.398
0.396
0.394
0.394
0.385
0.389
0.389
0.396
0.396
0.395
0.393
0.392
0.389
0.388
0.395
0.393
0.397
0.394
0.397
0.394
0.394
0.393
0.39
0.39
0.394
0.396
0.396
0.395
0.395
0.391
0.392
0.399
0.399
0.4
0.397
0.397
0.394
0.4
0.393
0.396
0.398
0.396
0.4
0.396
0.396
0.397
0.397
0.393
0.401
0.404
0.401
0.397
0.397
0.396
0.396
0.395
0.4
0.395
0.4
0.4
0.4
0.395
0.398
0.395
0.396
0.403
0.397
0.397
0.396
0.394
0.399
0.404
0.402
0.405
0.399
0.396
0.397
0.401
0.399
0.402
0.408
0.402
0.401
0.397
0.402
0.399
0.404
0.405
0.41
0.4
0.397
0.404
0.398
0.406
0.407
0.404
0.405
0.401
0.401
0.398
0.406
0.399
0.408
0.409
0.404
0.4
0.404
0.399
0.408
0.408
0.415
0.405
0.41
0.408
0.417
0.414
0.406
0.41
0.409
0.416
0.417
0.415
0.411
0.409
0.408
0.404
0.411
0.412
0.414
0.412
0.406
0.407
0.403
0.408
0.406
0.408
0.408
0.407
0.409
0.409
0.406
0.405
0.412
0.411
0.415
0.412
0.408
0.403
0.41
0.415
0.407
0.401
0.405
0.403
0.41
0.4
0.408
0.401
0.4
0.406
0.401
0.405
0.409
0.406
0.402
0.409
0.406
0.406
0.402
0.398
0.401
0.399
0.406
0.412
0.407
0.4
0.403
0.399
0.402
0.402
0.402
0.411
0.411
0.415
0.407
0.406
0.406
0.412
0.41
0.407
0.415
0.41
0.403
0.401
0.405
0.404
0.403
0.409
0.405
0.402
0.397
0.406
0.403
0.413
0.406
0.407
0.4
0.403
0.404
0.402
0.408
0.4
0.403
0.4
0.4
0.404
0.412
0.408
0.402
0.401
0.398
0.403
0.397
0.403
0.403
0.403
0.396
0.4
0.396
0.402
0.395
0.403
0.402
0.396
0.392
0.397
0.394
0.399
0.396
0.399
0.396
0.404
0.396
0.399
0.395
0.393
0.396
0.39
0.398
0.391
0.398
0.394
0.397
0.397
0.395
0.392
0.396
0.394
0.396
0.393
0.399
0.387
0.39
0.386
0.387
0.393
0.394
0.395
0.391
0.388
0.395
0.395
0.396
0.392
0.387
0.388
0.394
0.391
0.395
0.395
0.395
0.391
0.386
0.39
0.399
0.394
0.396
0.392
0.389
0.394
0.396
0.393
0.396
0.393
0.387
0.39
0.395
0.39
0.396
0.391
0.396
0.391
0.385
0.386
0.395
0.388
0.396
0.388
0.392
0.388
0.384
0.384
0.39
0.382
0.388
0.395
0.393
0.387
0.386
0.386
0.384
0.39
0.381
0.387
0.38
0.385
0.382
0.386
0.383
0.389
0.382
0.389
0.383
0.386
0.388
0.382
0.378
0.38
0.382
0.378
0.382
0.375
0.38
0.388
0.378
0.38
0.375
0.383
0.382
0.381
0.378
0.383
0.375
0.379
0.388
0.384
0.388
0.388
0.383
0.385
0.379
0.385
0.381
0.379
0.386
0.386
0.386
0.385
0.384
0.386
0.383
0.386
0.395
0.391
0.388
0.389
0.387
0.384
0.389
0.386
0.393
0.391
0.387
0.383
0.389
0.384
0.392
0.387
0.396
0.388
0.392
0.396
0.392
0.389
0.396
0.391
0.39
0.392
0.392
0.396
0.392
0.4
0.395
0.395
0.394
0.4
0.398
0.398
0.395
0.392
0.396
0.393
0.398
0.399
0.401
0.397
0.396
0.396
0.394
0.394
0.399
0.4
0.395
0.396
0.398
0.399
0.404
0.396
0.395
0.396
0.399
0.394
0.402
0.399
0.401
0.394
0.396
0.395
0.404
0.399
0.4
0.394
0.4
0.393
0.402
0.396
0.403
0.401
0.4
0.396
0.393
0.4
0.399
0.402
0.401
0.394
0.396
0.394
0.398
0.393
0.399
0.396
0.398
0.391
0.395
0.391
0.396
0.394
0.401
0.396
0.397
0.394
0.39
0.394
0.39
0.397
0.396
0.398
0.397
0.394
0.391
0.393
0.39
0.396
0.39
0.396
0.393
0.401
0.395
0.396
0.39
0.387
0.393
0.389
0.394
0.39
0.399
0.393
0.396
0.396
0.394
0.39
0.391
0.392
0.39
0.392
0.388
0.396
0.39
0.395
0.396
0.395
0.395
0.394
0.391
0.393
0.391
0.397
0.392
0.396
0.398
0.396
0.392
0.396
0.394
0.396
0.393
0.399
0.394
0.398
0.398
0.396
0.398
0.394
0.401
0.398
0.393
0.393
0.396
0.392
0.398
0.394
0.401
0.396
0.397
0.396
0.389
0.392
0.396
0.394
0.396
0.396
0.396
0.396
0.391
0.39
0.397
0.389
0.396
0.399
0.395
0.395
0.395
0.39
0.392
0.39
0.396
0.388
0.394
0.396
0.39
0.395
0.395
0.392
0.39
0.393
0.388
0.395
0.392
0.396
0.396
0.396
0.394
0.389
0.393
0.391
0.396
0.394
0.4
0.396
0.394
0.389
0.397
0.394
0.399
0.396
0.396
0.394
0.389
0.388
0.395
0.396
0.395
0.388
0.39
0.389
0.396
0.388
0.395
0.393
0.395
0.394
0.397
0.389
0.387
0.396
0.389
0.389
0.39
0.392
0.391
0.385
0.39
0.388
0.388
0.393
0.387
0.396
0.392
0.395
0.39
0.386
0.39
0.384
0.387
0.391
0.394
0.393
0.387
0.389
0.394
0.389
0.397
0.393
0.393
0.391
0.387
0.385
0.393
0.393
0.39
0.387
0.387
0.391
0.388
0.392
0.386
0.391
0.398
0.391
0.393
0.384
0.39
0.393
0.386
0.395
0.387
0.39
0.386
0.394
0.394
0.395
0.395
0.394
0.392
0.388
0.396
0.39
0.396
0.396
0.389
0.39
0.391
0.393
0.391
0.397
0.397
0.396
0.397
0.393
0.402
0.401
0.396
0.396
0.396
0.397
0.402
0.394
0.403
0.402
0.397
0.396
0.403
0.402
0.402
0.399
0.398
0.396
0.397
0.403
0.402
0.407
0.406
0.402
0.401
0.408
0.404
0.404
0.411
0.407
0.412
0.414
0.411
0.409
0.412
0.413
0.415
0.416
0.416
