0.629
0.621
0.635
0.597
0.588
0.576
0.546
0.538
0.529
0.532
0.544
0.479
0.485
0.476
0.466
0.463
0.462
0.456
0.457
0.466
0.462
0.454
0.443
0.439
0.431
0.431
0.424
0.432
0.439
0.446
0.438
0.438
0.444
0.433
0.438
0.44
0.448
0.446
0.44
0.44
0.442
0.439
0.43
0.422
0.43
0.431
0.421
0.431
0.432
0.423
0.427
0.429
0.431
0.436
0.438
0.431
0.433
0.437
0.433
0.431
0.439
0.437
0.446
0.427
0.428
0.436
0.427
0.429
0.424
0.43
0.433
0.431
0.433
0.428
0.437
0.433
0.413
0.408
0.417
0.41
0.411
0.41
0.419
0.414
0.419
0.414
0.409
0.421
0.42
0.421
0.415
0.424
0.418
0.405
0.415
0.434
0.34
0.422
0.423
0.415
0.407
0.422
0.419
0.422
0.421
0.424
0.414
0.415
0.42
0.41
0.403
0.404
0.402
0.396
0.396
0.401
0.411
0.402
0.41
0.4
0.406
0.406
0.396
0.401
0.399
0.402
0.409
0.417
0.416
0.407
0.414
0.413
0.405
0.414
0.417
0.422
0.418
0.409
0.419
0.416
0.409
0.406
0.399
0.407
0.41
0.409
0.411
0.401
0.41
0.414
0.408
0.409
0.416
0.414
0.413
0.406
0.401
0.401
0.398
0.402
0.407
0.403
0.407
0.404
0.407
0.415
0.417
0.409
0.413
0.413
0.412
0.416
0.407
0.397
0.401
0.397
0.403
0.396
0.405
0.406
0.398
0.401
0.396
0.402
0.412
0.412
0.402
0.402
0.404
0.41
0.416
0.406
0.419
0.416
0.419
0.415
0.411
0.404
0.406
0.416
0.408
0.409
0.416
0.417
0.416
0.422
0.41
0.408
0.405
0.402
0.412
0.409
0.41
0.403
0.409
0.411
0.404
0.403
0.405
0.411
0.408
0.403
0.407
0.403
0.411
0.403
0.409
0.403
0.416
0.409
0.419
0.411
0.407
0.416
0.411
0.416
0.409
0.413
0.422
0.414
0.413
0.411
0.413
0.421
0.415
0.418
0.412
0.422
0.414
0.429
0.425
0.422
0.413
0.434
0.429
0.421
0.43
0.42
0.425
0.42
0.412
0.418
0.422
0.428
0.419
0.424
0.434
0.424
0.424
0.428
0.434
0.421
0.42
0.419
0.428
0.431
0.428
0.422
0.427
0.429
0.419
0.417
0.422
0.418
0.427
0.41
0.419
0.413
0.416
0.41
0.415
0.412
0.412
0.418
0.413
0.411
0.41
0.419
0.426
0.419
0.426
0.419
0.41
0.415
0.409
0.413
0.413
0.406
0.41
0.414
0.423
0.413
0.415
0.409
0.416
0.424
0.423
0.422
0.41
0.418
0.42
0.416
0.414
0.414
0.406
0.401
0.404
0.414
0.409
0.412
0.409
0.404
0.412
0.41
0.413
0.406
0.411
0.405
0.408
0.407
0.41
0.411
0.401
0.408
0.412
0.407
0.415
0.415
0.417
0.417
0.414
0.409
0.408
0.402
0.412
0.409
0.412
0.402
0.422
0.412
0.419
0.411
0.409
0.419
0.412
0.404
0.414
0.406
0.409
0.408
0.399
0.404
0.407
0.401
0.41
0.397
0.403
0.413
0.402
0.403
0.397
0.398
0.403
0.396
0.393
0.399
0.395
0.394
0.39
0.399
0.396
0.403
0.391
0.397
0.394
0.399
0.393
0.391
0.397
0.404
0.4
0.404
0.399
0.399
0.4
0.404
0.403
0.396
0.415
0.412
0.405
0.412
0.403
0.411
0.42
0.417
0.408
0.403
0.41
0.408
0.406
0.413
0.409
0.414
0.413
0.409
0.41
0.406
0.416
0.418
0.412
0.406
0.416
0.417
0.426
0.417
0.407
0.417
0.427
0.418
0.417
0.407
0.429
0.421
0.428
0.418
0.413
0.414
0.412
0.424
0.418
0.415
0.412
0.416
0.417
0.413
0.42
0.415
0.413
0.413
0.421
0.414
0.418
0.409
0.416
0.419
0.41
0.404
0.413
0.415
0.412
0.409
0.412
0.409
0.413
0.408
0.403
0.412
0.409
0.414
0.413
0.408
0.42
0.421
0.421
0.427
0.422
0.412
0.42
0.412
0.417
0.413
0.418
0.413
0.421
0.413
0.418
0.425
0.416
0.417
0.413
0.418
0.424
0.414
0.412
0.42
0.43
0.42
0.412
0.425
0.418
0.419
0.425
0.418
0.421
0.424
0.424
0.428
0.429
0.424
0.415
0.419
0.424
0.428
0.405
0.415
0.414
0.406
0.42
0.416
0.406
0.412
0.402
0.411
0.409
0.41
0.409
0.412
0.403
0.413
0.409
0.406
0.408
0.412
0.419
0.419
0.409
0.409
0.412
0.42
0.416
0.413
0.404
0.405
0.41
0.404
0.407
0.409
0.4
0.41
0.41
0.402
0.405
0.408
0.404
0.412
0.419
0.411
0.409
0.419
0.414
0.409
0.407
0.409
0.416
0.419
0.418
0.405
0.41
0.402
0.417
0.407
0.404
0.408
0.412
0.405
0.411
0.405
0.401
0.41
0.404
0.404
0.403
0.402
0.406
0.416
0.413
0.396
0.395
0.403
0.407
0.408
0.405
0.407
0.397
0.397
0.406
0.407
0.402
0.402
0.393
0.411
0.405
0.396
0.402
0.412
0.402
0.399
0.405
0.397
0.417
0.407
0.413
0.412
0.405
0.411
0.409
0.402
0.402
0.407
0.41
0.413
0.409
0.401
0.402
0.403
0.404
0.409
0.414
0.413
0.409
0.403
0.417
0.408
0.4
0.407
0.404
0.411
0.416
0.42
0.416
0.41
0.4
0.408
0.406
0.414
0.411
0.405
0.401
0.406
0.409
0.413
0.41
0.411
0.406
0.411
0.41
0.405
0.409
0.411
0.407
0.41
0.411
0.414
0.409
0.407
0.406
0.397
0.406
0.413
0.409
0.399
0.4
0.408
0.405
0.4
0.408
0.402
0.4
0.406
0.4
0.412
0.413
0.409
0.406
0.41
0.42
0.411
0.401
0.41
0.406
0.4
0.408
0.416
0.412
0.409
0.405
0.4
0.407
0.398
0.417
0.402
0.408
0.406
0.413
0.421
0.414
0.409
0.405
0.414
0.412
0.418
0.423
0.414
0.423
0.42
0.415
0.413
0.422
0.424
0.426
0.435
0.431
0.422
0.424
0.424
0.426
0.431
0.437
0.424
0.429
0.421
0.426
0.416
0.42
0.423
0.425
0.428
0.431
0.423
0.433
0.438
0.431
0.428
0.425
0.428
0.421
0.427
0.425
0.426
0.427
0.427
0.434
0.413
0.416
0.418
0.427
0.419
0.421
0.414
0.421
0.413
0.418
0.418
0.423
0.423
0.417
0.418
0.408
0.418
0.414
0.411
0.414
0.419
0.423
0.417
0.41
0.416
0.407
0.42
0.416
0.425
0.415
0.419
0.41
0.416
0.411
0.419
0.414
0.418
0.411
0.408
0.413
0.415
0.42
0.412
0.41
0.416
0.411
0.408
0.41
0.418
0.418
0.413
0.409
0.405
0.408
0.416
0.413
0.409
0.405
0.413
0.411
0.419
0.415
0.413
0.417
0.417
0.409
0.413
0.408
0.415
0.407
0.412
0.414
0.424
0.417
0.412
0.409
0.41
0.419
0.411
0.415
0.412
0.405
0.415
0.41
0.41
0.407
0.41
0.418
0.421
0.413
0.413
0.404
0.407
0.417
0.416
0.412
0.419
0.424
0.42
0.421
0.424
0.418
0.415
0.423
0.428
0.437
0.429
0.427
0.422
0.43
0.422
0.427
0.419
0.424
0.424
0.432
0.428
0.422
0.425
0.419
0.415
0.422
0.428
0.426
0.423
0.418
0.419
0.411
0.418
0.412
0.417
0.416
0.425
0.42
0.413
0.417
0.424
0.416
0.408
0.417
0.408
0.412
0.409
0.413
0.419
0.412
0.409
0.412
0.402
0.408
0.417
0.417
0.41
0.412
0.404
0.41
0.414
0.408
0.407
0.408
0.401
0.406
0.414
0.408
0.413
0.407
0.409
0.417
0.417
0.414
0.404
0.414
0.41
0.409
0.413
0.406
0.413
0.416
0.42
0.415
0.418
0.412
0.412
0.403
0.417
0.407
0.421
0.416
0.414
0.407
0.411
0.42
0.418
0.418
0.419
0.409
0.408
0.403
0.408
0.411
0.403
0.406
0.396
0.405
0.398
0.405
0.41
0.41
0.402
0.409
0.417
0.413
0.407
0.411
0.404
0.412
0.406
0.402
0.41
0.404
0.409
0.411
0.406
0.411
0.405
0.412
0.402
0.406
0.416
0.419
0.411
0.412
0.407
0.408
0.416
0.414
0.411
0.418
0.412
0.406
0.411
0.406
0.408
0.407
0.413
0.401
0.411
0.402
0.409
0.401
0.407
0.397
0.399
0.404
0.4
0.405
0.4
0.406
0.404
0.407
0.4
0.407
0.401
0.405
0.412
0.399
0.406
0.413
0.406
0.401
0.4
0.405
0.396
0.399
0.396
0.408
0.41
0.403
0.409
0.41
0.412
0.408
0.41
0.401
0.402
0.4
0.4
0.409
0.403
0.405
0.401
0.394
0.395
0.402
0.402
0.396
0.405
0.398
0.4
0.403
0.404
0.401
0.404
0.397
0.406
0.397
0.391
0.406
0.412
0.407
0.403
0.412
0.409
0.411
0.418
0.413
0.404
0.411
0.413
0.407
0.401
0.411
0.407
0.405
0.402
0.406
0.413
0.415
0.411
0.405
0.409
0.403
0.41
0.409
0.416
0.41
0.405
0.41
0.404
0.405
0.413
0.415
0.413
0.419
0.418
0.425
0.425
0.419
0.433
0.434
0.42
0.412
0.419
0.409
0.418
0.41
0.415
0.425
0.418
0.41
0.415
0.407
0.406
0.413
0.414
0.406
0.413
0.413
0.407
0.417
0.408
0.409
0.408
0.409
0.406
0.406
0.409
0.413
0.414
0.415
0.406
0.408
0.408
0.406
0.415
0.416
0.411
0.406
0.41
0.405
0.413
0.416
0.414
0.407
0.408
0.411
0.414
0.415
0.406
0.413
0.407
0.413
0.411
0.414
0.413
0.422
0.422
0.415
0.406
0.407
0.407
0.416
0.411
0.416
0.412
0.404
0.409
0.414
0.408
0.402
0.4
0.408
0.415
0.403
0.407
0.413
0.403
0.405
0.403
0.41
0.403
0.4
0.409
0.406
0.406
0.411
0.405
0.401
0.411
0.409
0.408
0.403
0.397
0.4
0.402
0.405
0.409
0.401
0.403
0.408
0.402
0.41
0.401
0.416
0.409
0.415
0.405
0.411
0.401
0.409
0.402
0.4
0.406
0.413
0.404
0.406
0.41
0.405
0.408
0.4
0.407
0.402
0.408
0.409
0.412
0.402
0.411
0.407
0.417
0.41
0.406
0.414
0.408
0.41
0.404
0.408
0.406
0.416
0.405
0.415
0.416
0.41
0.407
0.404
0.407
0.406
0.408
0.403
0.408
0.404
0.411
0.407
0.4
0.407
0.399
0.404
0.409
0.415
0.412
0.415
0.409
0.402
0.406
0.399
0.407
0.405
0.398
0.412
0.413
0.406
0.396
0.407
0.405
0.407
0.41
0.411
0.403
0.406
0.412
0.409
0.418
0.42
0.411
0.413
0.419
0.413
0.411
0.41
0.413
0.407
0.417
0.425
0.418
0.408
0.418
0.418
0.412
0.407
0.413
0.414
0.416
0.419
0.412
0.407
0.411
0.419
0.417
0.414
0.415
0.413
0.421
0.421
0.418
0.417
0.412
0.418
0.423
0.413
0.419
0.412
0.422
0.421
0.419
0.419
0.409
0.403
0.411
0.409
0.418
0.411
0.415
0.407
0.411
0.409
0.41
0.403
0.41
0.409
0.408
0.411
0.401
0.402
0.409
0.413
0.409
0.409
0.412
0.402
0.406
0.402
0.407
0.417
0.408
0.399
0.403
0.41
0.417
0.408
0.398
0.406
0.396
0.397
0.401
0.411
0.407
0.406
0.399
0.405
0.404
0.413
0.405
0.399
0.4
0.392
0.404
0.399
0.401
0.401
0.396
0.405
0.404
0.403
0.401
0.4
0.398
0.403
0.398
0.393
0.399
0.396
0.399
0.399
0.396
0.4
0.399
0.402
0.408
0.401
0.392
0.401
0.395
0.4
0.405
0.398
0.407
0.402
0.404
0.397
0.399
0.395
0.406
0.408
0.398
0.399
0.397
0.396
0.403
0.407
0.409
0.401
0.405
0.406
0.398
0.407
0.402
0.402
0.396
0.4
0.396
0.407
0.399
0.402
0.409
0.4
0.402
0.398
0.407
0.41
0.406
0.41
0.404
0.41
0.402
0.404
0.403
0.409
0.412
0.415
0.417
0.41
0.401
0.412
0.408
0.402
0.407
0.402
0.407
0.403
0.408
0.408
0.404
0.412
0.405
0.408
0.401
0.411
0.413
0.407
0.398
0.414
0.406
0.413
0.417
0.408
0.399
0.406
0.416
0.407
0.407
0.41
0.417
0.41
0.416
0.41
0.415
0.412
0.406
0.41
0.403
0.411
0.402
0.402
0.402
0.402
0.407
0.399
0.403
0.401
0.41
0.41
0.402
0.394
0.409
0.4
0.407
0.408
0.399
0.399
0.406
0.401
0.405
0.406
0.403
0.411
0.416
0.414
0.41
0.407
0.416
0.417
0.414
0.404
0.409
0.409
0.403
0.406
0.414
0.412
0.405
0.414
0.417
0.41
0.416
0.416
0.407
0.404
0.412
0.417
0.417
0.408
0.402
0.409
0.415
0.408
0.41
0.407
0.408
0.413
0.41
0.416
0.422
0.412
0.407
0.414
0.414
0.41
0.418
0.427
0.417
0.414
0.412
0.407
0.417
0.413
0.408
0.414
0.41
0.417
0.407
0.422
0.415
0.409
0.413
0.415
0.419
0.421
0.42
0.417
0.416
0.411
0.408
0.4
0.406
0.413
0.41
0.412
0.412
0.404
0.403
0.402
0.411
0.413
0.407
0.412
0.404
0.398
0.413
0.412
0.404
0.405
0.399
0.408
0.401
0.406
0.41
0.408
0.408
0.407
0.4
0.404
0.397
0.412
0.408
0.406
0.406
0.402
0.406
0.408
0.401
0.411
0.414
0.408
0.409
0.416
0.411
0.404
0.407
0.408
0.414
0.408
0.414
0.407
0.398
0.407
0.414
0.417
0.414
0.407
0.397
0.398
0.401
0.405
0.413
0.405
0.399
0.394
0.405
0.404
0.398
0.398
0.404
0.407
0.399
0.402
0.403
0.401
0.403
0.396
0.406
0.408
0.405
0.406
0.397
0.406
0.396
0.396
0.4
0.404
0.404
0.401
0.408
0.4
0.401
0.399
0.407
0.41
0.404
0.402
0.403
0.406
0.399
0.406
0.403
0.401
0.405
0.406
0.406
0.396
0.404
0.401
0.401
0.405
0.407
0.412
0.411
0.407
0.409
0.414
0.411
0.403
0.399
0.407
0.401
0.398
0.404
0.403
0.397
0.405
0.4
0.405
0.407
0.41
0.408
0.402
0.403
0.408
0.403
0.408
0.415
0.408
0.409
0.407
0.413
0.415
0.412
0.406
0.406
0.413
0.422
0.417
0.397
0.403
0.401
0.411
0.406
0.406
0.401
0.406
0.397
0.401
0.407
0.402
0.397
0.4
0.403
0.401
0.407
0.399
0.408
0.405
0.401
0.398
0.398
0.403
0.4
0.393
0.397
0.397
0.405
0.399
0.404
0.398
0.405
0.403
0.398
0.4
0.398
0.401
0.399
0.404
0.408
0.402
0.41
0.404
0.406
0.399
0.397
0.403
0.41
0.408
0.403
0.412
0.405
0.405
0.41
0.408
0.402
0.408
0.411
0.409
0.405
0.403
0.407
0.4
0.409
0.406
0.402
0.406
0.401
0.402
0.412
0.417
0.409
0.405
0.4
0.409
0.403
0.407
0.407
0.403
0.408
0.399
0.41
0.404
0.407
0.404
0.414
0.41
0.418
0.409
0.404
0.414
0.416
0.418
0.41
0.418
0.417
0.413
0.407
0.41
0.412
0.406
0.397
0.407
0.401
0.4
0.4
0.409
0.412
0.403
0.4
0.402
0.399
0.404
0.398
0.404
0.394
0.396
0.401
0.398
0.398
0.403
0.401
0.402
0.394
0.401
0.394
0.397
0.396
0.401
0.391
0.399
0.396
0.402
0.41
0.403
0.402
0.4
0.4
0.396
0.401
0.396
0.4
0.403
0.4
0.397
0.397
0.401
0.403
0.4
0.405
0.406
0.407
0.4
0.399
0.401
0.399
0.404
0.406
0.405
0.409
0.409
0.414
0.401
0.406
0.397
0.405
0.398
0.417
0.407
0.4
0.406
0.398
0.407
0.403
0.413
0.407
0.41
0.407
0.406
0.401
0.408
0.409
0.401
0.406
0.409
0.409
0.406
0.4
0.4
0.404
0.41
0.403
0.407
0.398
0.405
0.396
0.405
0.396
0.398
0.406
0.4
0.4
0.406
0.396
0.403
0.403
0.401
0.406
0.4
0.405
0.401
0.403
0.407
0.409
0.419
0.412
0.408
0.409
0.414
0.405
0.405
0.407
0.41
0.406
0.401
0.405
0.403
0.4
0.4
0.396
0.405
0.403
0.393
0.404
0.402
0.401
0.398
0.401
0.405
0.404
0.409
0.406
0.405
0.396
0.404
0.403
0.399
0.404
0.398
0.406
0.404
0.4
0.403
0.393
0.395
0.401
0.406
0.399
0.405
0.408
0.403
0.401
0.405
0.396
0.407
0.401
0.4
0.404
0.394
0.403
0.407
0.413
0.4
0.404
0.402
0.4
0.402
0.393
0.404
0.398
0.402
0.401
0.4
0.398
0.404
0.405
0.407
0.398
0.401
0.398
0.402
0.396
0.406
0.403
0.399
0.396
0.405
0.401
0.398
0.4
0.397
0.405
0.396
0.404
0.401
0.4
0.402
0.403
0.411
0.403
0.398
0.404
0.399
0.402
0.403
0.396
0.4
0.404
0.403
0.406
0.403
0.396
0.4
0.397
0.402
0.404
0.395
0.398
0.403
0.399
0.403
0.406
0.403
0.406
0.398
0.403
0.396
0.396
0.396
0.402
0.399
0.402
0.396
0.394
0.397
0.401
0.397
0.396
0.404
0.397
0.406
0.397
0.397
0.397
0.395
0.399
0.394
0.402
0.399
0.403
0.405
0.402
0.396
0.401
0.395
0.402
0.406
0.4
0.394
0.403
0.398
0.396
0.397
0.405
0.41
0.403
0.399
0.4
0.394
0.396
0.399
0.403
0.399
0.396
0.399
0.396
0.399
0.407
0.403
0.393
0.395
0.4
0.4
0.409
0.396
0.398
0.396
0.396
0.396
0.398
0.406
0.4
0.407
0.413
0.396
0.405
0.401
0.396
0.401
0.399
0.401
0.394
0.399
0.4
0.399
0.404
0.394
0.391
0.4
0.401
0.399
0.402
0.398
0.394
0.401
0.402
0.4
0.395
0.399
0.394
0.401
0.403
0.396
0.403
0.402
0.403
0.403
0.396
0.397
0.416
0.408
0.41
0.411
0.409
0.394
0.399
0.405
0.4
0.398
0.403
0.408
0.398
0.406
0.401
0.401
0.398
0.4
0.398
0.404
0.408
0.405
0.403
0.397
0.401
0.397
0.4
0.409
0.4
0.391
0.398
0.396
0.399
0.402
0.393
0.397
0.391
0.4
0.397
0.401
0.392
0.395
0.402
0.4
0.396
0.396
0.394
0.4
0.399
0.405
0.399
0.397
0.394
0.396
0.399
0.399
0.403
0.399
0.402
0.396
0.397
0.4
0.408
0.403
0.4
0.405
0.4
0.403
0.4
0.397
0.403
0.401
0.41
0.403
0.413
0.406
0.403
0.41
0.403
0.405
0.412
0.411
0.408
0.415
0.421
0.431
0.424
0.432
0.438
0.437
0.441
0.439
0.441
0.448
0.441
0.448
0.442
0.448
0.457
0.459
0.467
0.46
0.461
0.465
0.465
0.468
0.478
0.479
0.478
0.484
0.481
0.481
0.483
0.482
0.471
0.48
0.479
0.481
0.486
0.487
0.487
0.497
0.492
0.515
0.525
0.529
0.552
0.556
0.543
0.539
0.545
0.55
0.553
0.546
0.547
0.549
0.547
0.571
0.563
0.55
0.552
0.555
0.565
0.569
0.61
0.62
0.614
0.602
0.54
0.541
0.54
0.542
0.543
0.546
0.545
0.553
0.554
0.563
0.553
0.552
0.558
0.556
0.554
0.554
0.562
0.561
0.563
0.563
0.563
0.56
0.551
0.547
0.543
0.545
0.548
0.542
0.553
0.548
0.549
0.543
0.565
0.568
0.562
0.556
0.543
0.534
0.563
0.56
0.613
0.585
0.575
0.574
0.577
0.58
0.575
0.585
0.593
0.581
0.584
0.585
0.589
0.586
0.593
0.586
0.577
0.619
0.628
0.635
0.647
0.648
0.633
0.622
0.571
0.569
0.573
0.645
0.648
0.686
0.691
0.691
0.585
0.591
0.584
0.66
0.655
0.656
0.595
0.594
0.587
0.594
0.604
0.605
0.607
0.593
0.592
0.592
0.592
0.583
0.586
0.574
0.583
0.574
0.585
0.583
