0.695
0.688
0.677
0.666
0.651
0.655
0.642
0.63
0.622
0.63
0.618
0.604
0.618
0.582
0.59
0.563
0.535
0.521
0.512
0.507
0.505
0.502
0.514
0.504
0.513
0.504
0.493
0.497
0.489
0.493
0.494
0.49
0.499
0.502
0.504
0.492
0.503
0.498
0.497
0.485
0.473
0.48
0.486
0.48
0.481
0.491
0.48
0.468
0.487
0.479
0.479
0.447
0.451
0.449
0.467
0.455
0.452
0.455
0.461
0.45
0.457
0.46
0.452
0.454
0.449
0.454
0.464
0.455
0.453
0.456
0.457
0.462
0.472
0.464
0.47
0.481
0.467
0.513
0.515
0.518
0.52
0.527
0.525
0.521
0.518
0.513
0.517
0.527
0.521
0.509
0.496
0.473
0.471
0.46
0.452
0.454
0.456
0.454
0.459
0.47
0.459
0.454
0.446
0.453
0.45
0.461
0.459
0.448
0.451
0.458
0.448
0.45
0.442
0.441
0.447
0.46
0.471
0.473
0.472
0.477
0.468
0.477
0.474
0.485
0.453
0.452
0.457
0.464
0.454
0.449
0.457
0.46
0.467
0.46
0.467
0.466
0.46
0.469
0.442
0.437
0.447
0.444
0.455
0.446
0.468
0.449
0.459
0.448
0.441
0.452
0.459
0.47
0.477
0.453
0.461
0.464
0.442
0.447
0.444
0.447
0.445
0.442
0.449
0.449
0.442
0.452
0.448
0.449
0.448
0.463
0.454
0.454
0.444
0.449
0.453
0.45
0.431
0.434
0.429
0.43
0.439
0.442
0.45
0.456
0.451
0.442
0.446
0.45
0.439
0.449
0.458
0.45
0.456
0.452
0.46
0.459
0.448
0.444
0.438
0.443
0.46
0.448
0.439
0.445
0.444
0.455
0.448
0.452
0.441
0.447
0.462
0.452
0.443
0.443
0.435
0.448
0.438
0.444
0.436
0.446
0.444
0.435
0.433
0.44
0.437
0.446
0.445
0.44
0.438
0.44
0.449
0.455
0.435
0.432
0.436
0.434
0.439
0.434
0.438
0.435
0.439
0.439
0.432
0.435
0.438
0.432
0.435
0.442
0.446
0.439
0.44
0.434
0.437
0.431
0.435
0.437
0.435
0.431
0.422
0.429
0.433
0.429
0.432
0.44
0.425
0.434
0.435
0.431
0.431
0.433
0.428
0.437
0.429
0.428
0.433
0.433
0.435
0.453
0.437
0.432
0.427
0.439
0.429
0.43
0.436
0.44
0.441
0.438
0.43
0.438
0.438
0.426
0.433
0.431
0.424
0.423
0.432
0.431
0.436
0.427
0.418
0.427
0.421
0.428
0.424
0.431
0.437
0.446
0.43
0.438
0.444
0.434
0.433
0.442
0.452
0.427
0.43
0.438
0.448
0.457
0.469
0.464
0.464
0.472
0.462
0.469
0.474
0.457
0.467
0.463
0.466
0.437
0.44
0.43
0.433
0.432
0.435
0.428
0.431
0.435
0.433
0.439
0.432
0.432
0.426
0.428
0.43
0.43
0.422
0.428
0.428
0.438
0.43
0.429
0.439
0.43
0.428
0.42
0.428
0.434
0.43
0.433
0.426
0.441
0.44
0.43
0.426
0.432
0.422
0.424
0.43
0.438
0.441
0.442
0.43
0.423
0.435
0.43
0.448
0.437
0.428
0.434
0.433
0.432
0.436
0.439
0.432
0.428
0.422
0.421
0.436
0.429
0.43
0.426
0.419
0.424
0.426
0.425
0.431
0.438
0.417
0.422
0.42
0.423
0.416
0.424
0.423
0.426
0.426
0.423
0.419
0.428
0.438
0.447
0.433
0.426
0.435
0.434
0.431
0.435
0.427
0.434
0.436
0.427
0.429
0.439
0.443
0.438
0.441
0.446
0.44
0.437
0.428
0.43
0.427
0.433
0.431
0.439
0.442
0.447
0.444
0.436
0.427
0.431
0.434
0.427
0.436
0.433
0.424
0.43
0.427
0.425
0.428
0.429
0.439
0.443
0.42
0.425
0.433
0.436
0.437
0.428
0.427
0.424
0.434
0.431
0.44
0.435
0.442
0.424
0.434
0.413
0.417
0.426
0.419
0.417
0.413
0.416
0.419
0.426
0.416
0.421
0.425
0.421
0.417
0.419
0.42
0.422
0.423
0.433
0.437
0.42
0.422
0.418
0.438
0.434
0.432
0.426
0.441
0.437
0.435
0.433
0.442
0.446
0.437
0.439
0.447
0.442
0.438
0.442
0.441
0.439
0.431
0.441
0.437
0.432
0.427
0.437
0.429
0.433
0.439
0.432
0.429
0.439
0.438
0.447
0.429
0.428
0.431
0.438
0.428
0.422
0.428
0.421
0.417
0.415
0.42
0.417
0.41
0.414
0.413
0.412
0.416
0.407
0.411
0.409
0.423
0.421
0.422
0.422
0.417
0.409
0.411
0.405
0.408
0.409
0.414
0.421
0.431
0.43
0.415
0.421
0.42
0.421
0.426
0.421
0.414
0.423
0.422
0.415
0.42
0.422
0.427
0.424
0.42
0.444
0.444
0.439
0.429
0.435
0.441
0.45
0.436
0.438
0.433
0.446
0.437
0.431
0.433
0.434
0.43
0.438
0.432
0.438
0.445
0.427
0.43
0.432
0.427
0.435
0.436
0.426
0.436
0.441
0.448
0.438
0.431
0.434
0.435
0.425
0.434
0.438
0.441
0.452
0.426
0.433
0.442
0.434
0.435
0.437
0.431
0.43
0.441
0.446
0.444
0.438
0.442
0.453
0.446
0.443
0.445
0.449
0.46
0.449
0.45
0.451
0.442
0.451
0.458
0.453
0.464
0.456
0.454
0.462
0.459
0.461
0.463
0.468
0.461
0.465
0.463
0.46
0.483
0.484
0.485
0.491
0.492
0.492
0.493
0.492
0.498
0.509
0.506
0.506
0.499
0.498
0.428
0.395
0.39
0.398
0.4
0.402
0.404
0.397
0.403
0.407
0.399
0.401
0.408
0.417
0.409
0.412
0.407
0.409
0.414
0.421
0.415
0.414
0.42
0.422
0.421
0.411
0.419
0.428
0.424
0.434
0.425
0.435
