0.678
0.663
0.626
0.614
0.613
0.601
0.604
0.607
0.602
0.587
0.581
0.583
0.58
0.576
0.555
0.545
0.534
0.541
0.533
0.535
0.505
0.512
0.513
0.506
0.507
0.51
0.506
0.499
0.505
0.501
0.486
0.48
0.468
0.475
0.47
0.465
0.471
0.478
0.473
0.475
0.471
0.473
0.478
0.468
0.462
0.47
0.469
0.461
0.465
0.469
0.474
0.472
0.466
0.472
0.463
0.471
0.462
0.472
0.463
0.466
0.466
0.465
0.469
0.46
0.465
0.471
0.467
0.458
0.459
0.469
0.46
0.457
0.45
0.455
0.454
0.455
0.454
0.454
0.464
0.461
0.459
0.473
0.457
0.459
0.469
0.451
0.452
0.453
0.462
0.453
0.447
0.448
0.452
0.445
0.456
0.46
0.445
0.45
0.446
0.442
0.441
0.45
0.451
0.451
0.445
0.441
0.449
0.454
0.445
0.441
0.438
0.441
0.43
0.439
0.437
0.447
0.447
0.437
0.441
0.432
0.435
0.432
0.431
0.438
0.43
0.438
0.435
0.429
0.435
0.435
0.444
0.438
0.432
0.437
0.436
0.446
0.436
0.427
0.429
0.434
0.439
0.443
0.441
0.437
0.428
0.436
0.431
0.428
0.436
0.443
0.436
0.435
0.432
0.442
0.44
0.434
0.428
0.436
0.44
0.436
0.436
0.43
0.44
0.449
0.438
0.44
0.442
0.442
0.435
0.434
0.434
0.44
0.431
0.438
0.44
0.449
0.443
0.434
0.436
0.444
0.438
0.434
0.447
0.443
0.444
0.433
0.441
0.432
0.452
0.448
0.456
0.467
0.465
0.468
0.472
0.47
0.47
0.465
0.471
0.479
0.479
0.489
0.496
0.5
0.495
0.506
0.503
0.504
0.515
0.516
0.515
0.515
0.524
0.523
0.531
0.521
0.512
0.497
0.489
0.487
0.478
0.485
0.484
0.479
0.49
0.48
0.474
0.479
0.479
0.476
0.487
0.475
0.479
0.476
0.481
0.469
0.476
0.473
0.478
0.474
0.48
0.475
0.466
0.475
0.467
0.456
0.454
0.456
0.455
0.453
0.455
0.463
0.465
0.459
0.468
0.465
0.466
0.46
0.46
0.455
0.463
0.454
0.462
0.458
0.452
0.461
0.467
0.453
0.442
0.45
0.447
0.455
0.448
0.459
0.458
0.455
0.448
0.449
0.453
0.446
0.452
0.446
0.451
0.449
0.46
0.454
0.455
0.461
0.458
0.454
0.451
0.445
0.446
0.448
0.447
0.457
0.447
0.446
0.449
0.457
0.446
0.441
0.451
0.453
0.464
0.442
0.462
0.457
0.451
0.45
0.439
0.44
0.455
0.453
0.452
0.457
0.452
0.462
0.452
0.461
0.453
0.46
0.461
0.45
0.458
0.452
0.441
0.448
0.458
0.44
0.438
0.442
0.443
0.444
0.446
0.456
0.448
0.447
0.443
0.44
0.443
0.44
0.447
0.455
0.448
0.442
0.439
0.443
0.454
0.452
0.446
0.45
0.44
0.438
0.438
0.439
0.449
0.449
0.44
0.439
0.432
0.442
0.432
0.447
0.45
0.447
0.439
0.44
0.441
0.439
0.435
0.435
0.442
0.443
0.438
0.433
0.44
0.435
0.431
0.44
0.438
0.434
0.443
0.434
0.442
0.436
0.435
0.432
0.428
0.426
0.444
0.444
0.44
0.448
0.437
0.437
0.442
0.438
0.434
0.43
0.436
0.445
0.439
0.436
0.437
0.44
0.443
0.435
0.427
0.434
0.442
0.438
0.429
0.434
0.437
0.434
0.439
0.431
0.43
0.434
0.424
0.434
0.428
0.438
0.434
0.434
0.43
0.435
0.426
0.427
0.418
0.428
0.426
0.422
0.427
0.424
0.432
0.424
0.422
0.424
0.429
0.425
0.424
0.428
0.426
0.425
0.43
0.425
0.432
0.437
0.419
0.429
0.429
0.418
0.427
0.426
0.428
0.438
0.428
0.419
0.419
0.417
0.428
0.418
0.419
0.416
0.421
0.431
0.433
0.427
0.421
0.423
0.415
0.413
0.423
0.413
0.418
0.413
0.418
0.421
0.423
0.416
0.423
0.422
0.418
0.416
0.426
0.416
0.426
0.417
0.42
0.413
0.416
0.416
0.423
0.414
0.421
0.412
0.414
0.414
0.424
0.425
0.418
0.416
0.423
0.417
0.425
0.416
0.418
0.416
0.416
0.425
0.42
0.425
0.426
0.421
0.412
0.42
0.428
0.423
0.421
0.419
0.427
0.42
0.43
0.42
0.422
0.416
0.423
0.425
0.43
0.42
0.428
0.43
0.424
0.431
0.438
0.429
0.431
0.424
0.427
0.43
0.433
0.436
0.436
0.427
0.428
0.426
0.42
0.424
0.434
0.413
0.419
0.421
0.422
0.425
0.43
0.429
0.434
0.428
0.421
0.429
0.43
0.434
0.425
0.423
0.426
0.426
0.431
0.427
0.426
0.431
0.425
0.435
0.441
0.439
0.431
0.435
0.428
0.437
0.43
0.434
0.425
0.431
0.432
0.435
0.434
0.438
0.437
0.445
0.438
0.429
0.44
0.437
0.44
0.443
0.443
0.449
0.438
0.434
0.438
0.438
0.439
0.439
0.431
0.439
0.429
0.428
0.431
0.437
0.44
0.437
0.429
0.438
0.447
0.447
0.439
0.429
0.432
0.431
0.43
0.434
0.432
0.431
0.427
0.432
0.427
0.426
0.433
0.426
0.431
0.436
0.433
0.441
0.451
0.43
0.44
0.45
0.441
0.436
0.443
0.442
0.445
0.439
0.431
0.435
0.445
0.447
0.422
0.426
0.43
0.424
0.431
0.423
0.417
0.424
0.429
0.431
0.429
0.429
0.42
0.42
0.42
0.428
0.427
0.431
0.433
0.428
0.435
0.428
0.428
0.436
0.426
0.433
0.423
0.432
0.442
0.426
0.417
0.417
0.426
0.425
0.433
0.437
0.43
0.438
0.43
0.43
0.423
0.419
0.43
0.421
0.436
0.428
0.428
0.419
0.429
0.439
0.435
0.425
0.431
0.421
0.418
0.427
0.424
0.42
0.429
0.438
0.429
0.431
0.425
0.423
0.427
0.428
0.433
0.429
0.425
0.415
0.412
0.42
0.412
0.42
0.429
0.429
0.423
0.415
0.411
0.427
0.435
0.419
0.415
0.425
0.418
0.427
0.422
0.427
0.424
0.43
0.425
0.415
0.421
0.413
0.416
0.424
0.43
0.42
0.411
0.411
0.414
0.423
0.415
0.422
0.419
0.421
0.425
0.427
0.423
0.415
0.42
0.422
0.42
0.421
0.415
0.415
0.419
0.413
0.416
0.417
0.414
0.421
0.422
0.425
0.418
0.408
0.41
0.415
0.419
0.412
0.414
0.419
0.41
0.406
0.401
0.402
0.412
0.409
0.403
0.411
0.411
0.414
0.417
0.42
0.418
0.409
0.412
0.414
0.42
0.413
0.413
0.406
0.415
0.424
0.419
0.409
0.411
0.418
0.414
0.416
0.415
0.418
0.41
0.43
0.423
0.417
0.427
0.419
0.427
0.423
0.431
0.43
0.431
0.433
0.437
0.433
0.423
0.43
0.422
0.423
0.43
0.426
0.418
0.432
0.431
0.424
0.421
0.428
0.427
0.432
0.434
0.431
0.437
0.427
0.427
0.417
0.427
0.425
0.424
0.416
0.423
0.426
0.429
0.419
0.414
0.42
0.429
0.425
0.426
0.419
0.418
0.414
0.422
0.432
0.432
0.426
0.419
0.429
0.421
0.426
0.427
0.425
0.416
0.427
0.421
0.427
0.419
0.426
0.431
0.438
0.433
0.427
0.421
0.422
0.433
0.424
0.432
0.431
0.446
0.442
0.44
0.449
0.455
0.438
0.441
0.438
0.444
0.436
0.438
0.431
0.438
0.446
0.45
0.429
0.432
0.435
0.427
0.427
0.433
0.432
0.423
0.431
0.431
0.423
0.423
0.428
0.432
0.422
0.432
0.423
0.432
0.433
0.431
0.422
0.425
0.427
0.42
0.415
0.421
0.422
0.421
0.421
0.413
0.426
0.423
0.415
0.423
0.428
0.43
0.423
0.421
0.42
0.418
0.418
0.42
0.42
0.415
0.421
0.417
0.418
0.421
0.411
0.42
0.428
0.424
0.416
0.422
0.429
0.421
0.416
0.425
0.417
0.425
0.417
0.412
0.414
0.417
0.416
0.424
0.428
0.425
0.422
0.422
0.425
0.419
0.418
0.42
0.423
0.423
0.422
0.425
0.431
0.427
0.422
0.425
0.43
0.44
0.438
0.436
0.443
0.432
0.432
0.424
0.438
0.43
0.435
0.429
0.426
0.417
0.419
0.422
0.416
0.425
0.421
0.417
0.419
0.411
0.415
0.412
0.415
0.415
0.41
0.418
0.425
0.424
0.421
0.419
0.414
0.413
0.423
0.413
0.421
0.414
0.422
0.423
0.411
0.416
0.416
0.407
0.409
0.403
0.394
0.402
0.404
0.398
0.397
0.39
0.396
0.396
0.399
0.394
0.397
0.388
0.384
0.393
0.402
0.395
0.395
0.398
0.393
0.401
0.393
0.395
0.399
0.39
0.395
0.396
0.405
0.398
0.396
0.392
0.392
0.394
0.4
0.385
0.394
0.398
0.394
0.385
0.382
0.381
0.386
0.393
0.387
0.391
0.387
0.385
0.381
0.387
0.391
0.385
0.384
0.376
0.385
0.387
0.378
0.385
0.39
0.382
0.391
0.381
0.389
0.387
0.386
0.388
0.377
0.379
0.371
0.379
0.38
0.374
0.379
0.381
0.381
0.374
0.379
0.376
0.373
0.378
0.376
0.377
0.372
0.369
0.378
0.382
0.377
0.368
0.366
0.374
0.377
0.368
0.375
0.378
0.38
0.371
0.367
0.369
0.361
0.368
0.37
0.369
0.375
0.367
0.377
0.372
0.368
0.372
0.366
0.371
0.368
0.373
0.377
0.368
0.372
0.378
0.38
0.372
0.369
0.373
0.364
0.366
0.377
0.373
0.371
0.362
0.368
0.37
0.373
0.374
0.371
0.37
0.362
0.367
0.38
0.378
0.369
0.364
0.371
0.377
0.373
0.373
0.368
0.367
0.372
0.381
0.378
0.376
0.378
0.375
0.377
0.368
0.364
0.369
0.374
0.367
0.373
0.38
0.371
0.362
0.365
0.385
0.374
0.374
0.376
0.375
0.37
0.372
0.368
0.372
0.364
0.371
0.38
0.373
0.379
0.372
0.37
0.373
0.376
0.368
0.365
0.368
0.362
0.366
0.369
0.373
0.368
0.369
0.361
0.368
0.36
0.367
0.372
0.364
0.362
0.367
0.375
0.373
0.366
0.373
0.369
0.364
0.369
0.37
0.363
0.371
0.362
0.371
0.364
0.372
0.374
0.375
0.373
0.368
0.372
0.38
0.381
0.38
0.376
0.38
0.382
0.377
0.375
0.379
0.379
0.383
0.376
0.381
0.38
0.38
0.38
0.386
0.383
0.389
0.385
0.39
0.381
0.386
0.387
0.383
0.378
0.383
0.375
0.381
0.388
0.385
0.39
0.39
0.386
0.387
0.384
0.383
0.386
0.379
0.387
0.399
0.396
0.396
0.395
0.404
0.404
0.403
0.402
0.397
0.41
0.405
0.395
0.4
0.408
0.4
0.408
0.409
0.41
0.416
0.408
0.418
0.415
0.416
0.415
0.421
0.425
0.426
0.431
0.435
0.43
0.435
0.433
0.433
0.427
0.45
0.45
0.455
0.461
0.46
0.468
0.468
0.478
0.455
0.466
0.464
0.461
0.46
0.458
0.463
0.439
0.445
0.447
0.439
0.431
0.443
0.441
0.445
0.438
0.44
0.438
0.447
0.451
0.444
0.437
0.451
0.446
0.45
0.451
0.456
0.453
0.457
0.451
0.458
0.453
0.46
0.466
0.462
0.469
0.474
0.473
0.479
0.47
0.455
0.452
0.442
0.432
0.428
0.427
0.428
0.429
0.419
0.412
0.416
0.406
0.415
0.413
0.408
0.41
0.41
0.41
0.411
0.414
0.422
0.406
0.403
0.407
0.403
0.4
0.405
0.406
0.412
0.414
0.412
0.402
0.396
0.399
0.404
0.401
0.396
0.399
0.399
0.393
0.4
0.403
0.398
0.396
0.391
0.398
0.401
0.391
0.391
0.389
0.396
0.387
0.386
0.39
0.391
0.383
0.39
0.382
0.377
0.379
0.393
0.385
0.379
0.379
0.383
0.376
0.383
0.382
0.38
0.379
0.375
0.379
0.372
0.377
0.369
0.371
0.367
0.375
0.366
0.374
0.373
0.373
0.373
0.37
0.375
0.378
0.369
0.361
0.37
0.362
0.369
0.36
0.362
0.37
0.364
0.367
0.361
0.362
0.371
0.365
0.371
0.363
0.372
0.364
0.363
0.371
0.368
0.363
0.363
0.372
0.363
0.369
0.374
0.371
0.373
0.368
0.372
0.372
0.371
0.378
0.372
0.376
0.367
0.365
0.368
0.373
0.366
0.372
0.367
0.375
0.365
0.372
0.369
0.364
0.369
0.365
0.37
0.361
0.37
0.366
0.367
0.369
0.366
0.37
0.37
0.368
0.369
0.368
0.366
0.369
0.367
0.368
0.366
0.369
0.368
0.364
0.37
0.363
0.369
0.362
0.371
0.362
0.368
0.363
0.37
0.362
0.368
0.366
0.365
0.368
0.368
0.368
0.364
0.369
0.369
0.377
0.369
0.368
0.365
0.368
0.372
0.37
0.37
0.373
0.366
0.372
0.366
0.372
0.366
0.374
0.366
0.371
0.367
0.375
0.369
0.363
0.371
0.365
0.369
0.365
0.369
0.363
0.372
0.365
0.367
0.364
0.369
0.36
0.365
0.36
0.364
0.362
0.37
0.367
0.373
0.366
0.365
0.357
0.359
0.367
0.359
0.367
0.36
0.367
0.372
0.366
0.366
0.373
0.372
0.365
0.37
0.373
0.371
0.37
0.377
0.374
0.378
0.369
0.375
0.381
0.385
0.379
0.383
0.378
0.379
0.386
0.38
0.377
0.378
0.374
0.383
0.376
0.373
0.386
0.381
0.386
0.384
0.39
0.383
0.39
0.384
0.388
0.389
0.393
0.396
0.387
0.395
0.394
0.39
0.388
0.393
0.386
0.393
0.39
0.394
0.402
0.393
0.398
0.393
0.399
0.393
0.4
0.401
0.395
0.402
0.396
0.405
0.405
0.405
0.404
0.397
0.406
0.404
0.402
0.41
0.41
0.419
0.412
0.405
0.404
0.413
0.414
0.409
0.406
0.401
0.398
0.401
0.406
0.414
0.406
0.403
0.404
0.404
0.402
0.405
0.397
0.401
0.398
0.407
0.406
0.414
0.414
0.413
0.415
0.414
0.414
0.414
0.407
0.409
0.415
0.413
0.412
0.411
0.407
0.411
0.415
0.417
0.412
0.41
0.42
0.42
0.422
0.419
0.42
0.414
0.42
0.42
0.428
0.42
0.418
0.424
0.418
0.42
0.416
0.416
0.417
0.416
0.416
0.41
0.415
0.418
0.428
0.412
0.411
0.42
0.423
0.421
0.421
0.415
0.413
0.415
0.423
0.422
0.416
0.416
0.411
0.419
0.422
0.429
0.407
0.419
0.426
0.42
0.41
0.408
0.41
0.409
0.403
0.406
0.412
0.408
0.407
0.405
0.404
0.412
0.409
0.406
0.41
0.404
0.412
0.407
0.402
0.412
0.409
0.416
0.412
0.405
0.409
0.409
0.413
0.412
0.408
0.406
0.403
0.413
0.407
0.406
0.416
0.412
0.413
0.405
0.409
0.401
0.41
0.4
0.401
0.399
0.404
0.407
0.4
0.402
0.4
0.4
0.399
0.408
0.403
0.411
0.408
0.398
0.407
0.402
0.4
0.394
0.402
0.399
0.394
0.407
0.404
0.403
0.403
0.405
0.397
0.405
0.405
0.399
0.4
0.397
0.401
0.391
0.398
0.395
0.389
0.392
0.398
0.396
0.396
0.39
0.396
0.389
0.396
0.395
0.397
0.395
0.398
0.398
0.4
0.395
0.39
0.388
0.394
0.396
0.388
0.396
0.397
0.397
0.399
0.394
0.39
0.392
0.388
0.396
0.397
0.405
0.396
0.397
0.395
0.393
0.393
0.395
0.396
0.392
0.395
0.394
0.396
0.4
0.4
0.398
0.397
0.397
0.405
0.397
0.392
0.389
0.397
0.402
0.395
0.395
0.387
0.387
0.395
0.39
0.39
0.382
0.39
0.389
0.381
0.386
0.386
0.381
0.385
0.38
0.385
0.376
0.383
0.387
0.389
0.382
0.375
0.383
0.384
0.383
0.375
0.375
0.381
0.386
0.387
0.382
0.379
0.387
0.387
0.38
0.378
0.386
0.384
0.379
0.387
0.39
0.383
0.376
0.379
0.379
0.382
0.39
0.371
0.374
0.382
0.381
0.38
0.375
0.374
0.372
0.374
0.377
0.376
0.385
0.381
0.376
0.382
0.384
0.384
0.385
0.386
0.389
0.384
0.391
0.384
0.382
0.383
0.388
0.388
0.393
0.388
0.392
0.388
0.396
0.396
0.394
0.396
0.394
0.397
0.397
0.403
0.396
0.401
0.402
0.403
0.401
0.406
0.406
0.405
0.407
0.408
0.411
0.406
0.412
0.405
0.412
0.42
0.424
0.414
0.424
0.423
0.43
0.438
0.438
0.438
0.433
0.424
0.43
0.432
0.426
0.417
0.433
0.435
0.428
0.434
0.43
0.426
0.425
0.423
0.429
0.435
0.434
0.425
0.427
0.427
0.424
0.426
0.429
0.434
0.432
0.424
0.425
0.433
0.428
0.431
0.433
0.43
0.428
0.418
0.423
0.421
0.431
0.426
0.43
0.421
0.434
0.429
0.424
0.417
0.414
0.422
0.422
0.43
0.425
0.422
0.424
0.433
0.423
0.428
0.43
0.429
0.428
0.427
0.422
0.417
0.427
0.431
0.434
0.414
0.425
0.424
0.424
0.426
0.421
0.423
0.432
0.432
0.422
0.427
0.42
0.425
0.424
0.419
0.424
0.434
0.429
0.431
0.425
0.423
0.432
0.421
0.416
0.419
0.419
0.413
0.416
0.417
0.419
0.411
0.42
0.411
0.417
0.418
0.421
0.421
0.427
0.421
0.413
0.416
0.418
0.418
0.428
0.424
0.42
0.414
0.418
0.423
0.417
0.418
0.408
0.415
0.419
0.422
0.412
0.407
0.411
0.417
0.419
0.41
0.415
0.422
0.414
0.418
0.418
0.411
0.406
0.401
0.409
0.409
0.414
0.407
0.414
0.419
0.415
0.408
0.411
0.406
0.408
0.408
0.412
0.422
0.414
0.419
0.411
0.409
0.402
0.409
0.414
0.408
0.407
0.417
0.422
0.417
0.413
0.417
0.41
0.413
0.417
0.412
0.416
0.407
0.409
0.418
0.416
0.411
0.419
0.409
0.417
0.417
0.408
0.417
0.411
0.406
0.409
0.416
0.417
0.413
0.407
0.409
0.405
0.414
0.41
0.414
0.416
0.419
0.412
0.409
0.412
0.402
0.412
0.405
0.4
0.407
0.411
0.419
0.411
0.411
0.404
0.411
0.412
0.419
0.412
0.413
0.405
0.414
0.416
0.416
0.414
0.414
0.405
0.412
0.417
0.407
0.4
0.408
0.402
0.41
0.403
0.408
0.415
0.415
0.408
0.407
0.402
0.403
0.412
0.412
0.402
0.406
0.413
0.408
0.404
0.399
0.406
0.404
0.399
0.406
0.396
0.393
0.404
0.403
0.398
0.401
0.403
0.408
0.406
0.401
0.401
0.401
0.393
0.402
0.398
0.411
0.396
0.398
0.399
0.406
0.404
0.408
0.398
0.405
0.404
0.396
0.403
0.396
0.392
0.401
0.394
0.398
0.402
0.396
0.401
0.405
0.396
0.401
0.405
0.412
0.401
0.401
0.403
0.399
0.404
0.396
0.396
0.405
0.401
0.41
0.403
0.41
0.404
0.395
0.404
0.396
0.394
0.399
0.4
0.399
0.39
0.397
0.399
0.395
0.392
0.395
0.396
0.403
0.398
0.393
0.396
0.397
0.388
0.406
0.4
0.395
0.39
0.398
0.405
0.402
0.402
0.398
0.395
0.389
0.397
0.394
0.403
0.404
0.4
0.397
0.395
0.396
0.393
0.402
0.395
0.404
0.396
0.398
0.393
0.402
0.396
0.392
0.4
0.395
0.396
0.396
0.403
0.397
0.389
0.388
0.396
0.398
0.398
0.404
0.405
0.4
0.4
0.397
0.393
0.402
0.401
0.404
0.396
0.398
0.39
0.405
0.395
0.396
0.398
0.404
0.403
0.396
0.396
0.394
0.403
0.397
0.402
0.401
0.392
0.39
0.395
0.398
0.395
0.396
0.398
0.392
0.396
0.389
0.396
0.401
0.394
0.392
0.396
0.4
0.405
0.398
0.397
0.406
0.396
0.402
0.397
0.388
0.4
0.395
0.396
0.401
0.393
0.402
0.395
0.399
0.403
0.396
0.402
0.399
0.396
0.405
0.395
0.404
0.403
0.397
0.405
0.4
0.396
0.396
0.405
0.404
0.401
0.399
0.396
0.397
0.404
0.41
0.402
0.398
0.397
0.396
0.402
0.404
0.396
0.398
0.407
0.411
0.405
0.407
0.412
0.415
0.406
0.408
0.408
0.406
0.407
0.413
0.414
0.41
0.403
0.405
0.407
0.408
0.402
0.408
0.405
0.407
0.406
0.402
0.4
0.407
0.404
0.4
0.406
0.401
0.401
0.402
0.409
0.402
0.398
0.404
0.398
0.396
0.397
0.393
0.401
0.393
0.396
0.397
0.393
0.402
0.398
0.407
0.401
0.393
0.392
0.398
0.396
0.4
0.402
0.41
0.393
0.395
0.402
0.396
0.402
0.403
0.406
0.402
0.4
0.405
0.396
0.394
0.404
0.402
0.4
0.402
0.393
0.403
0.407
0.397
0.396
0.401
0.408
0.399
0.407
0.398
0.396
0.399
0.396
0.4
0.403
0.396
0.394
0.397
0.403
0.41
0.407
0.405
0.409
0.413
0.41
0.405
0.412
0.411
0.414
0.411
0.417
0.421
0.42
0.419
0.422
0.416
0.415
0.419
0.42
0.423
0.422
0.428
0.43
0.424
0.429
0.429
0.423
0.431
0.429
0.425
0.435
0.432
0.432
0.442
0.439
0.438
0.442
0.443
0.448
0.449
0.446
0.451
0.444
0.45
0.445
0.452
0.458
0.453
0.477
0.495
0.484
0.494
0.493
0.489
0.48
0.482
0.472
0.481
0.473
0.483
0.492
0.488
0.498
0.501
0.53
0.537
0.526
0.521
0.518
0.506
0.52
0.531
0.56
0.55
0.544
0.542
0.534
0.531
0.523
0.518
0.521
0.512
0.586
0.596
0.583
0.573
0.54
0.538
0.538
0.538
0.54
0.54
0.537
0.543
0.552
0.548
0.545
0.54
0.536
0.546
0.557
0.563
0.573
0.571
0.56
0.557
0.567
0.561
0.574
0.595
0.608
0.608
0.611
0.611
0.622
0.614
0.62
0.615
0.618
0.582
0.583
0.58
0.582
0.585
0.612
0.616
0.617
0.614
0.609
0.599
0.602
0.611
0.615
0.61
0.613
0.618
0.605
0.606
0.613
0.622
0.632
0.635
0.635
0.63
0.598
0.617
0.604
0.649
0.65
0.653
0.654
0.665
0.666
0.665
0.665
0.669
0.669
0.667
0.673
0.677
0.678
0.672
0.65
0.651
0.636
0.63
0.627
0.62
0.641
0.642
0.643
0.637
0.642
0.644
0.681
0.634
0.648
0.655
0.658
0.664
0.635
0.661
0.662
0.655
0.618
0.619
0.628
0.676
0.677
0.642
0.633
0.634
0.629
0.633
0.624
0.639
0.607
0.614
0.616
0.62
0.623
0.627
0.626
0.627
0.623
0.619
0.612
0.606
0.602
0.591
0.561
0.637
0.643
0.651
0.652
0.649
0.646
0.641
0.61
0.609
0.612
0.6
0.613
0.622
0.636
0.662
0.66
0.632
0.631
0.636
0.646
0.633
0.63
0.655
0.66
0.681
0.683
0.692
0.689
0.682
0.645
0.629
0.616
0.688
0.641
0.636
0.637
0.646
0.661
0.669
0.645
0.661
0.668
0.667
0.671
0.666
0.664
0.663
0.664
0.666
0.666
0.674
0.646
0.57
0.568
0.568
0.559
0.562
0.563
0.551
0.54
0.514
0.521
0.461
0.472
0.454
0.45
0.454
0.451
0.456
0.455
0.45
0.445
0.437
0.445
0.439
0.435
0.443
0.439
0.434
0.443
0.437
0.431
0.439
0.44
0.44
0.434
0.435
0.432
0.424
0.434
0.438
0.43
0.437
0.426
0.425
0.43
0.433
0.427
0.424
0.421
0.417
0.417
0.424
0.432
0.417
0.422
0.424
0.428
0.413
0.413
0.407
0.409
0.416
0.413
0.415
0.412
0.407
0.411
0.401
0.408
0.41
0.413
0.407
0.409
0.402
0.401
0.399
0.403
0.409
0.409
0.403
0.404
0.4
0.402
0.406
0.411
0.407
0.409
0.4
0.396
0.398
0.405
0.408
0.401
0.402
0.399
0.396
0.4
0.4
0.392
0.395
0.388
0.387
0.396
0.387
0.39
0.385
0.391
0.396
0.389
0.384
0.387
0.384
0.391
0.391
0.384
0.389
0.387
0.396
0.393
0.391
0.386
0.387
0.393
0.39
0.397
0.393
0.389
0.38
0.389
0.389
0.388
0.392
0.387
0.391
0.383
0.392
0.391
0.392
0.389
0.391
0.386
0.393
0.394
0.393
0.389
0.384
0.393
0.389
0.389
0.394
0.393
0.392
0.391
0.382
0.384
0.387
0.391
0.394
0.395
0.393
0.389
0.38
0.381
0.39
0.391
0.391
0.383
0.383
0.383
0.39
0.386
0.387
0.385
0.379
0.388
0.396
0.389
0.385
0.392
0.387
0.39
0.392
0.393
0.387
0.383
0.391
0.39
0.392
0.383
0.382
0.385
0.386
0.391
0.393
0.388
0.386
0.389
0.394
0.39
0.391
0.384
0.384
0.387
0.389
0.388
0.39
0.383
0.386
0.383
0.389
0.385
0.383
0.387
0.395
0.393
0.389
0.391
0.389
0.384
0.391
0.385
0.383
0.384
0.385
0.381
0.387
0.38
0.384
0.384
0.384
0.39
0.386
0.39
0.397
0.39
0.386
0.387
0.386
0.387
0.391
0.39
0.398
0.393
0.388
0.394
0.394
0.385
0.394
0.396
0.387
0.39
0.393
0.389
0.397
0.393
0.394
0.396
0.405
0.399
0.403
0.394
0.403
0.403
0.396
0.397
0.396
0.403
0.404
0.405
0.41
0.404
0.4
0.404
0.394
0.403
0.396
0.406
0.398
0.414
0.412
0.406
0.407
0.4
0.397
0.397
0.406
0.399
0.399
0.405
0.397
0.402
0.398
0.404
0.406
0.399
0.401
0.403
0.413
0.407
0.4
0.404
0.403
0.406
0.405
0.405
0.409
0.408
0.415
0.413
0.415
0.405
0.409
0.418
0.41
0.415
0.407
0.411
0.412
0.411
0.403
0.406
0.403
0.404
0.402
0.397
0.407
0.406
0.401
0.4
0.402
0.396
0.402
0.395
0.402
0.401
0.394
0.397
0.4
0.402
0.396
0.395
0.397
0.399
0.402
0.398
0.392
0.394
0.399
0.392
0.399
0.392
0.392
0.389
0.398
0.396
0.389
0.394
0.394
0.397
0.389
0.397
0.399
0.396
0.387
0.396
0.396
0.387
0.396
0.393
0.393
0.392
0.392
0.387
0.396
0.393
0.396
0.389
0.385
0.392
0.395
0.392
0.398
0.402
0.392
0.385
0.386
0.393
0.39
0.39
0.389
0.385
0.383
0.392
0.384
0.39
0.387
0.396
0.389
0.397
0.395
0.394
0.395
0.39
0.396
0.395
0.393
0.398
0.394
0.393
0.396
0.393
0.396
0.401
0.402
0.392
0.399
0.408
0.402
0.405
0.406
0.412
0.415
0.422
0.416
0.422
0.423
0.424
0.424
0.433
0.425
0.435
0.441
0.436
0.437
0.438
0.444
0.448
0.458
0.451
0.459
0.455
0.454
0.457
0.462
0.461
0.462
0.473
0.469
0.476
0.477
0.477
0.474
0.478
0.486
0.497
0.491
0.496
0.484
0.495
0.499
0.497
0.49
0.483
