0.558
0.57
0.56
0.548
0.548
0.548
0.558
0.543
0.545
0.528
0.495
0.496
0.492
0.484
0.48
0.472
0.483
0.474
0.483
0.482
0.481
0.474
0.468
0.47
0.479
0.463
0.459
0.469
0.466
0.459
0.454
0.464
0.459
0.452
0.452
0.461
0.467
0.449
0.457
0.456
0.462
0.454
0.448
0.454
0.46
0.464
0.475
0.473
0.469
0.479
0.469
0.473
0.479
0.479
0.475
0.473
0.469
0.464
0.452
0.452
0.442
0.445
0.445
0.452
0.45
0.446
0.436
0.441
0.443
0.449
0.45
0.453
0.443
0.445
0.441
0.447
0.45
0.444
0.45
0.455
0.446
0.456
0.445
0.446
0.446
0.44
0.456
0.461
0.45
0.459
0.453
0.448
0.445
0.454
0.442
0.447
0.456
0.442
0.438
0.434
0.443
0.433
0.441
0.448
0.438
0.439
0.434
0.438
0.448
0.434
0.44
0.44
0.436
0.443
0.445
0.45
0.442
0.435
0.443
0.444
0.452
0.45
0.446
0.444
0.438
0.445
0.441
0.441
0.431
0.439
0.444
0.454
0.459
0.444
0.45
0.44
0.441
0.432
0.44
0.442
0.445
0.454
0.437
0.439
0.438
0.433
0.432
0.44
0.449
0.443
0.445
0.436
0.446
0.439
0.439
0.435
0.43
0.435
0.43
0.428
0.43
0.437
0.435
0.44
0.431
0.428
0.435
0.442
0.433
0.427
0.43
0.435
0.428
0.431
0.433
0.437
0.441
0.43
0.429
0.431
0.438
0.438
0.446
0.435
0.441
0.441
0.446
0.452
0.441
0.451
0.44
0.441
0.444
0.454
0.447
0.445
0.443
0.456
0.462
0.454
0.452
0.463
0.454
0.446
0.454
0.45
0.449
0.454
0.465
0.446
0.451
0.445
0.442
0.443
0.454
0.45
0.442
0.432
0.437
0.438
0.448
0.452
0.444
0.45
0.443
0.438
0.437
0.442
0.44
0.447
0.45
0.439
0.436
0.43
0.432
0.43
0.444
0.449
0.448
0.44
0.431
0.438
0.435
0.438
0.446
0.445
0.446
0.438
0.432
0.433
0.435
0.436
0.43
0.433
0.437
0.437
0.438
0.436
0.43
0.437
0.43
0.44
0.446
0.435
0.437
0.444
0.445
0.436
0.43
0.435
0.432
0.437
0.443
0.449
0.432
0.432
0.423
0.432
0.428
0.431
0.431
0.436
0.444
0.437
0.444
0.438
0.431
0.425
0.423
0.431
0.426
0.424
0.439
0.432
0.433
0.439
0.436
0.427
0.431
0.438
0.446
0.443
0.423
0.443
0.43
0.426
0.428
0.421
0.426
0.433
0.437
0.434
0.426
0.423
0.422
0.43
0.434
0.435
0.429
0.424
0.43
0.426
0.435
0.428
0.426
0.428
0.421
0.426
0.43
0.436
0.429
0.422
0.425
0.424
0.423
0.421
0.426
0.426
0.435
0.436
0.438
0.435
0.438
0.437
0.435
0.437
0.444
0.448
0.438
0.433
0.438
0.433
0.434
0.433
0.441
0.43
0.432
0.424
0.426
0.429
0.431
0.438
0.437
0.428
0.42
0.423
0.432
0.427
0.426
0.426
0.43
0.425
0.428
0.419
0.42
0.418
0.419
0.417
0.414
0.42
0.424
0.427
0.432
0.422
0.415
0.42
0.428
0.418
0.417
0.414
0.419
0.421
0.431
0.423
0.418
0.423
0.412
0.414
0.41
0.412
0.415
0.421
0.412
0.417
0.409
0.412
0.415
0.415
0.419
0.409
0.407
0.411
0.42
0.42
0.42
0.417
0.409
0.406
0.41
0.416
0.415
0.425
0.415
0.419
0.414
0.413
0.416
0.413
0.418
0.42
0.426
0.424
0.416
0.423
0.413
0.414
0.421
0.424
0.429
0.42
0.411
0.42
0.416
0.421
0.426
0.434
0.417
0.417
0.423
0.432
0.426
0.425
0.415
0.42
0.414
0.422
0.421
0.424
0.431
0.422
0.418
0.422
0.421
0.423
0.42
0.426
0.431
0.433
0.433
0.437
0.431
0.433
0.439
0.438
0.443
0.448
0.448
0.444
0.447
0.446
0.446
0.443
0.444
0.445
0.447
0.447
0.451
0.451
0.453
0.448
0.455
0.451
0.449
0.451
0.451
0.451
0.449
0.455
0.452
0.453
0.453
0.461
0.46
0.457
0.462
0.464
0.468
0.473
0.478
0.474
0.471
0.479
0.479
0.479
0.481
0.479
0.484
0.496
0.496
0.526
0.53
0.536
0.563
0.571
0.584
0.589
0.597
0.604
0.611
0.61
0.62
0.624
0.635
0.629
0.642
0.641
0.628
0.548
0.544
0.541
0.54
0.551
0.563
0.55
0.543
0.548
0.558
0.493
0.482
0.491
0.488
0.488
0.483
0.495
0.461
0.463
0.461
0.451
0.441
0.436
0.429
0.439
0.432
0.43
0.429
0.438
0.434
0.425
0.423
0.422
0.423
0.425
0.43
0.428
0.422
0.426
0.434
0.441
0.431
0.435
0.434
0.427
0.422
0.427
0.429
0.43
0.439
0.415
0.422
0.416
0.419
0.412
0.413
0.412
0.415
0.409
0.413
0.414
0.415
0.424
0.423
0.427
0.42
0.42
0.414
0.438
0.441
0.432
0.425
0.419
0.428
0.421
0.416
0.412
0.418
0.413
0.417
0.415
0.415
0.419
0.422
0.425
0.424
0.415
0.418
0.423
0.423
0.416
0.423
0.42
0.426
0.417
0.427
0.428
0.42
0.415
0.411
0.416
0.419
0.428
0.422
0.414
0.409
0.411
0.415
0.407
0.413
0.408
0.414
0.408
0.409
0.411
0.41
0.407
0.412
0.418
0.413
0.423
0.412
0.422
0.419
0.418
0.408
0.41
0.412
0.422
0.422
0.422
0.417
0.41
0.411
0.41
0.414
0.411
0.414
0.411
0.42
0.417
0.418
0.412
0.415
0.42
0.422
0.417
0.415
0.411
0.414
0.416
0.406
0.415
0.408
0.42
0.416
0.417
0.407
0.408
0.411
0.419
0.417
0.42
0.416
0.407
0.408
0.411
0.417
0.413
0.421
0.411
0.415
0.412
0.415
0.423
0.427
0.421
0.42
0.413
0.423
0.424
0.432
0.425
0.418
0.418
0.415
0.414
0.42
0.425
0.421
0.422
0.422
0.428
0.43
0.439
0.432
0.435
0.438
0.428
0.421
0.425
0.428
0.431
0.423
0.421
0.417
0.433
0.425
0.416
0.42
0.423
0.414
0.42
0.424
0.424
0.428
0.42
0.43
0.428
0.428
0.422
0.414
0.422
0.415
0.415
0.419
0.426
0.428
0.423
0.418
0.411
0.43
0.416
0.413
0.425
0.416
0.42
0.413
0.417
0.42
0.416
0.409
0.418
0.421
0.416
0.408
0.417
0.41
0.414
0.42
0.426
0.423
0.41
0.416
0.408
0.417
0.414
0.41
0.414
0.414
0.422
0.423
0.42
0.42
0.411
0.421
0.412
0.417
0.41
0.42
0.416
0.414
0.418
0.416
0.417
0.414
0.427
0.419
0.414
0.418
0.416
0.415
0.417
0.421
0.415
0.418
0.414
0.413
0.426
0.418
0.419
0.413
0.417
0.423
0.419
0.427
0.417
0.422
0.417
0.412
0.42
0.418
0.417
0.415
0.424
0.419
0.421
0.412
0.421
0.43
0.419
0.424
0.425
0.43
0.424
0.419
0.421
0.424
0.427
0.422
0.415
0.416
0.422
0.421
0.427
0.415
0.422
0.418
0.415
0.419
0.418
0.419
0.413
0.422
0.413
0.416
0.414
0.418
0.416
0.418
0.413
0.423
0.423
0.432
0.427
0.436
0.429
0.42
0.421
0.42
0.429
0.417
0.437
0.422
0.416
0.426
0.428
0.42
0.429
0.428
0.427
0.42
0.413
0.423
0.414
0.415
0.419
0.409
0.423
0.414
0.414
0.419
0.421
0.429
0.419
0.409
0.41
0.416
0.422
0.416
0.416
0.412
0.428
0.417
0.412
0.423
0.419
0.413
0.409
0.415
0.406
0.413
0.408
0.405
0.415
0.411
0.407
0.41
0.4
0.407
0.399
0.401
0.404
0.397
0.396
0.396
0.402
0.393
0.395
0.401
0.4
0.397
0.399
0.396
0.405
0.399
0.402
0.395
0.404
0.405
0.401
0.405
0.398
0.403
0.399
0.406
0.408
0.4
0.392
0.399
0.397
0.397
0.395
0.403
0.403
0.401
0.391
0.396
0.394
0.397
0.396
0.398
0.397
0.406
0.4
0.396
0.405
0.397
0.396
0.393
0.392
0.397
0.397
0.394
0.4
0.405
0.407
0.397
0.391
0.399
0.396
0.401
0.409
0.405
0.399
0.392
0.397
0.397
0.397
0.394
0.398
0.4
0.4
0.398
0.406
0.411
0.408
0.403
0.4
0.4
0.404
0.396
0.403
0.407
0.397
0.399
0.405
0.408
0.409
0.399
0.403
0.406
0.399
0.409
0.407
0.402
0.407
0.406
0.412
0.402
0.412
0.407
0.403
0.404
0.407
0.414
0.408
0.403
0.412
0.406
0.414
0.414
0.404
0.414
0.413
0.421
0.416
0.406
0.399
0.408
0.4
0.411
0.41
0.401
0.399
0.405
0.411
0.412
0.407
0.402
0.41
0.414
0.413
0.404
0.406
0.396
0.408
0.4
0.399
0.407
0.407
0.402
0.41
0.419
0.405
0.401
0.408
0.405
0.414
0.414
0.407
0.406
0.401
0.416
0.415
0.407
0.412
0.403
0.41
0.404
0.403
0.407
0.406
0.406
0.407
0.414
0.411
0.404
0.407
0.407
0.406
0.411
0.405
0.41
0.415
0.41
0.408
0.405
0.4
0.411
0.408
0.404
0.405
0.407
0.402
0.411
0.405
0.41
0.405
0.407
0.406
0.409
0.405
0.409
0.416
0.409
0.412
0.406
0.409
0.406
0.417
0.414
0.404
0.409
0.419
0.41
0.42
0.417
0.41
0.409
0.407
0.417
0.412
0.409
0.406
0.404
0.416
0.413
0.409
0.408
0.405
0.415
0.421
0.415
0.412
0.414
0.413
0.412
0.42
0.415
0.423
0.419
0.415
0.424
0.418
0.421
0.423
0.424
0.431
0.433
0.427
0.419
0.42
0.429
0.438
0.436
0.428
0.424
0.423
0.43
0.432
0.438
0.438
0.427
0.435
0.425
0.428
0.434
0.428
0.439
0.423
0.433
0.437
0.433
0.427
0.422
0.431
0.426
0.432
0.429
0.417
0.425
0.42
0.422
0.413
0.419
0.416
0.422
0.413
0.425
0.418
0.422
0.423
0.433
0.432
0.433
0.424
0.418
0.435
0.429
0.42
0.426
0.418
0.42
0.428
0.433
0.433
0.425
0.419
0.422
0.42
0.424
0.417
0.427
0.425
0.427
0.426
0.428
0.419
0.431
0.431
0.435
0.44
0.435
0.43
0.427
0.426
0.43
0.433
0.427
0.43
0.423
0.427
0.421
0.426
0.431
0.427
0.434
0.438
0.429
0.424
0.431
0.431
0.439
0.429
0.438
0.438
0.434
0.429
0.426
0.432
0.425
0.428
0.426
0.425
0.431
0.437
0.44
0.447
0.435
0.425
0.429
0.428
0.427
0.428
0.427
0.426
0.42
0.429
0.434
0.435
0.429
0.424
0.43
0.429
0.432
0.422
0.416
0.415
0.419
0.414
0.415
0.422
0.42
0.419
0.416
0.424
0.418
0.408
0.424
0.415
0.422
0.415
0.422
0.419
0.413
0.412
0.409
0.413
0.42
0.41
0.407
0.41
0.414
0.407
0.411
0.407
0.412
0.404
0.414
0.416
0.408
0.406
0.411
0.414
0.41
0.4
0.408
0.409
0.399
0.411
0.406
0.396
0.404
0.397
0.405
0.4
0.398
0.401
0.403
0.396
0.402
0.395
0.397
0.398
0.397
0.406
0.399
0.395
0.401
0.405
0.403
0.396
0.396
0.401
0.396
0.404
0.397
0.405
0.4
0.396
0.393
0.401
0.402
0.396
0.391
0.4
0.393
0.397
0.398
0.404
0.397
0.393
0.39
0.396
0.397
0.392
0.391
0.395
0.388
0.396
0.404
0.398
0.393
0.4
0.394
0.391
0.386
0.397
0.399
0.393
0.397
0.4
0.396
0.4
0.393
0.396
0.395
0.392
0.4
0.399
0.396
0.398
0.396
0.397
0.396
0.396
0.399
0.393
0.396
0.401
0.4
0.408
0.408
0.403
0.403
0.403
0.403
0.413
0.407
0.398
0.405
0.407
0.403
0.413
0.41
0.409
0.404
0.406
0.408
0.412
0.405
0.413
0.42
0.411
0.419
0.422
0.414
0.418
0.425
0.427
0.417
0.412
0.409
0.418
0.42
0.417
0.409
0.407
0.411
0.406
0.414
0.405
0.408
0.415
0.411
0.412
0.404
0.403
0.409
0.401
0.403
0.413
0.415
0.404
0.413
0.403
0.413
0.408
0.403
0.402
0.4
0.403
0.406
0.4
0.401
0.41
0.402
0.4
0.398
0.404
0.402
0.404
0.398
0.401
0.395
0.396
0.4
0.396
0.403
0.394
0.4
0.407
0.41
0.402
0.399
0.407
0.398
0.407
0.403
0.398
0.397
0.401
0.396
0.401
0.396
0.397
0.404
0.401
0.396
0.404
0.402
0.396
0.398
0.397
0.396
0.404
0.406
0.398
0.399
0.395
0.4
0.403
0.404
0.4
0.406
0.41
0.407
0.402
0.412
0.402
0.41
0.405
0.404
0.401
0.405
0.412
0.41
0.405
0.407
0.398
0.401
0.396
0.404
0.399
0.404
0.401
0.396
0.399
0.396
0.405
0.4
0.394
0.395
0.392
0.401
0.401
0.401
0.392
0.396
0.392
0.391
0.388
0.396
0.389
0.396
0.394
0.399
0.4
0.406
0.407
0.401
0.391
0.392
0.395
0.404
0.406
0.39
0.398
0.4
0.399
0.394
0.396
0.396
0.398
0.404
0.394
0.396
0.394
0.395
0.403
0.396
0.403
0.397
0.398
0.398
0.398
0.394
0.4
0.398
0.402
0.4
0.402
0.403
0.393
0.401
0.41
0.412
0.404
0.399
0.407
0.411
0.406
0.416
0.404
0.414
0.415
0.413
0.41
0.404
0.407
0.402
0.41
0.403
0.411
0.41
0.406
0.415
0.413
0.411
0.405
0.407
0.408
0.403
0.405
0.41
0.405
0.408
0.416
0.408
0.405
0.411
0.404
0.409
0.409
0.404
0.411
0.412
0.404
0.409
0.417
0.421
0.417
0.41
0.407
0.415
0.407
0.397
0.396
0.398
0.404
0.396
0.403
0.396
0.403
0.402
0.396
0.396
0.403
0.396
0.404
0.404
0.405
0.399
0.394
0.398
0.396
0.402
0.397
0.403
0.399
0.395
0.394
0.398
0.395
0.4
0.394
0.397
0.397
0.392
0.399
0.39
0.399
0.391
0.39
0.396
0.397
0.392
0.396
0.394
0.397
0.393
0.398
0.398
0.396
0.391
0.395
0.397
0.394
0.394
0.4
0.398
0.4
0.392
0.392
0.394
0.396
0.395
0.389
0.4
0.397
0.396
0.388
0.39
0.393
0.392
0.39
0.395
0.396
0.398
0.39
0.394
0.4
0.404
0.394
0.394
0.392
0.388
0.397
0.397
0.398
0.391
0.391
0.395
0.398
0.393
0.402
0.399
0.396
0.392
0.399
0.393
0.4
0.393
0.397
0.399
0.408
0.405
0.399
0.397
0.396
0.394
0.402
0.398
0.403
0.395
0.402
0.4
0.404
0.407
0.409
0.399
0.396
0.4
0.407
0.401
0.407
0.407
0.411
0.412
0.41
0.416
0.417
0.406
0.416
0.42
0.413
0.408
0.417
0.414
0.412
0.422
0.414
0.407
0.415
0.413
0.423
0.415
0.415
0.413
0.415
0.418
0.415
0.412
0.419
0.42
0.414
0.418
0.408
0.417
0.413
0.424
0.421
0.429
0.42
0.41
0.416
0.419
0.409
0.424
0.423
0.418
0.411
0.42
0.411
0.414
0.407
0.413
0.41
0.404
0.41
0.414
0.404
0.407
0.414
0.404
0.411
0.407
0.401
0.406
0.402
0.405
0.401
0.407
0.413
0.409
0.401
0.396
0.399
0.404
0.397
0.403
0.406
0.396
0.402
0.402
0.409
0.404
0.4
0.4
0.396
0.399
0.396
0.397
0.401
0.395
0.398
0.396
0.401
0.395
0.401
0.401
0.399
0.398
0.393
0.398
0.396
0.396
0.39
0.395
0.404
0.401
0.394
0.388
0.393
0.394
0.396
0.396
0.395
0.396
0.388
0.391
0.393
0.387
0.396
0.392
0.387
0.386
0.394
0.396
0.395
0.391
0.385
0.386
0.389
0.387
0.391
0.391
0.392
0.388
0.392
0.396
0.396
0.389
0.381
0.383
0.396
0.396
0.392
0.396
0.388
0.397
0.388
0.393
0.399
0.396
0.39
0.392
0.399
0.391
0.396
0.39
0.396
0.402
0.398
0.39
0.392
0.397
0.406
0.4
0.391
0.39
0.391
0.394
0.388
0.395
0.386
0.39
0.391
0.386
0.394
0.386
0.385
0.392
0.387
0.386
0.39
0.389
0.389
0.383
0.388
0.386
0.382
0.379
0.387
0.388
0.387
0.387
0.389
0.385
0.388
0.38
0.387
0.38
0.385
0.377
0.384
0.386
0.384
0.388
0.38
0.378
0.385
0.385
0.389
0.389
0.387
0.389
0.39
0.383
0.377
0.381
0.387
0.381
0.379
0.38
0.383
0.385
0.382
0.377
0.382
0.379
0.381
0.383
0.379
0.387
0.382
0.382
0.381
0.39
0.382
0.389
0.389
0.389
0.393
0.385
0.38
0.384
0.393
0.392
0.392
0.388
0.39
0.387
0.393
0.385
0.384
0.393
0.388
0.39
0.382
0.38
0.387
0.388
0.388
0.379
0.386
0.393
0.382
0.384
0.388
0.394
0.393
0.392
0.392
0.39
0.386
0.387
0.394
0.385
0.392
0.39
0.391
0.383
0.384
0.393
0.392
0.393
0.391
0.394
0.385
0.393
0.388
0.39
0.386
0.39
0.387
0.388
0.387
0.393
0.4
0.395
0.387
0.39
0.39
0.395
0.386
0.389
0.396
0.397
0.399
0.39
0.398
0.39
0.397
0.396
0.393
0.39
0.391
0.392
0.387
0.398
0.396
0.396
0.395
0.393
0.384
0.384
0.386
0.394
0.386
0.395
0.393
0.39
0.391
0.388
0.386
0.385
0.393
0.393
0.396
0.392
0.398
0.395
0.391
0.386
0.391
0.388
0.392
0.389
0.396
0.395
0.389
0.387
0.39
0.396
0.389
0.396
0.401
0.4
0.392
0.387
0.401
0.399
0.398
0.407
0.407
0.402
0.396
0.399
0.408
0.403
0.399
0.399
0.398
0.405
0.397
0.403
0.398
0.393
0.401
0.396
0.401
0.396
0.393
0.396
0.405
0.404
0.402
0.395
0.392
0.396
0.392
0.388
0.397
0.394
0.394
0.392
0.396
0.396
0.399
0.396
0.403
0.4
0.397
0.4
0.391
0.39
0.396
0.391
0.394
0.392
0.39
0.393
0.398
0.397
0.397
0.395
0.393
0.391
0.392
0.396
0.405
0.4
0.401
0.404
0.405
0.407
0.402
0.398
0.4
0.403
0.407
0.403
0.408
0.413
0.411
0.415
0.406
0.405
0.406
0.416
0.411
0.409
0.414
0.405
0.411
0.405
0.404
0.404
0.408
0.417
0.415
0.405
0.415
0.407
0.41
0.409
0.406
0.415
0.417
0.426
0.423
0.425
0.418
0.427
0.424
0.415
0.414
0.416
0.425
0.424
0.422
0.42
0.412
0.418
0.413
0.422
0.42
0.425
0.417
0.415
0.414
0.411
0.42
0.416
0.41
0.41
0.417
0.421
0.417
0.415
0.409
0.408
0.407
0.413
0.414
0.418
0.416
0.406
0.405
0.407
0.408
0.408
0.407
0.401
0.395
0.407
0.401
0.396
0.408
0.398
0.403
0.402
0.406
0.409
0.41
0.413
0.411
0.403
0.404
0.405
0.409
0.403
0.409
0.399
0.407
0.408
0.417
0.412
0.408
0.404
0.404
0.396
0.405
0.401
0.396
0.396
0.404
0.396
0.39
0.402
0.398
0.394
0.394
0.395
0.396
0.397
0.393
0.4
0.393
0.389
0.395
0.39
0.395
0.399
0.398
0.392
0.389
0.393
0.39
0.398
0.39
0.391
0.395
0.395
0.397
0.397
0.402
0.401
0.397
0.398
0.391
0.399
0.396
0.396
0.391
0.391
0.396
0.401
0.393
0.395
0.396
0.389
0.391
0.397
0.396
0.397
0.389
0.388
0.392
0.396
0.396
0.391
0.388
0.387
0.393
0.384
0.395
0.389
0.387
0.396
0.393
0.393
0.385
0.393
0.388
0.396
0.398
0.396
0.392
0.391
0.392
0.386
0.395
0.387
0.396
0.396
0.395
0.388
0.387
0.389
0.397
0.387
0.388
0.388
0.383
0.388
0.385
0.384
0.386
0.384
0.393
0.393
0.388
0.392
0.386
0.394
0.389
0.387
0.376
0.381
0.375
0.372
0.369
0.371
0.379
0.38
0.379
0.372
0.374
0.375
0.377
0.378
0.371
0.374
0.382
0.378
0.387
0.379
0.385
0.387
0.378
0.382
0.376
0.382
0.374
0.382
0.383
0.381
0.39
0.385
0.38
0.377
0.382
0.385
0.394
0.39
0.386
0.39
0.39
0.389
0.39
0.393
0.398
0.389
0.383
0.388
0.391
0.39
0.395
0.388
0.396
0.396
0.396
0.389
0.396
0.395
0.398
0.404
0.399
0.393
0.396
0.396
0.394
0.401
0.393
0.401
0.4
0.396
0.397
0.402
0.394
0.412
0.402
0.402
0.401
0.402
0.404
0.409
0.411
0.406
0.398
0.407
0.411
0.414
0.415
0.417
0.409
0.4
0.404
0.404
0.409
0.401
0.405
0.407
0.401
0.409
0.407
0.405
0.401
0.402
0.407
0.408
0.402
0.408
0.398
0.405
0.402
0.406
0.406
0.406
0.407
0.41
0.406
0.404
0.396
0.409
0.417
0.409
0.401
0.407
0.404
0.408
0.404
0.412
0.407
0.412
0.408
0.398
0.402
0.397
0.405
0.402
0.402
0.398
0.396
0.405
0.414
0.407
0.409
0.411
0.412
0.419
0.415
0.421
0.42
0.416
0.41
0.418
0.411
0.422
0.418
0.421
0.417
0.408
0.417
0.418
0.41
0.414
0.416
0.423
0.42
0.422
0.415
0.416
0.412
0.411
0.418
0.414
0.422
0.419
0.414
0.416
0.411
0.421
0.414
0.424
0.421
0.411
0.415
0.411
0.415
0.418
0.421
0.422
0.418
0.417
0.42
0.414
0.419
0.416
0.427
0.418
0.421
0.426
0.428
0.425
0.419
0.429
0.424
0.422
0.423
0.42
0.426
0.422
0.426
0.426
0.426
0.421
0.418
0.421
0.418
0.425
0.419
0.419
0.417
0.424
0.422
0.427
0.426
0.427
0.421
0.416
0.424
0.428
0.423
0.42
0.415
0.42
0.416
0.422
0.421
0.428
0.429
0.429
0.422
0.423
0.432
0.426
0.423
0.42
0.417
0.412
0.42
0.41
0.4
0.398
0.404
0.406
0.399
0.396
0.395
0.388
0.396
0.397
0.392
0.383
0.391
0.385
0.386
0.378
0.38
0.379
0.387
0.378
0.376
0.381
0.374
0.38
0.375
0.373
0.372
0.376
0.374
0.377
0.372
0.371
0.378
0.37
0.377
0.379
0.375
0.376
0.378
0.375
0.38
0.379
0.38
0.376
0.38
0.381
0.385
0.39
0.375
0.378
0.375
0.382
0.381
0.381
0.383
0.384
0.38
0.375
0.377
0.376
0.377
0.379
0.381
0.376
0.381
0.388
0.385
0.384
0.381
0.38
0.379
0.379
0.391
0.392
0.389
0.396
0.394
0.397
0.389
0.396
0.404
0.398
0.395
0.397
0.397
0.404
0.406
0.405
0.398
0.399
0.402
0.41
0.403
0.399
0.404
0.401
0.401
0.398
0.402
0.398
0.397
0.403
0.404
0.399
0.405
0.404
0.399
0.396
0.4
0.409
0.409
0.402
0.405
0.399
0.405
0.405
0.401
0.416
0.418
0.416
0.409
0.409
0.413
0.405
0.407
0.407
0.406
0.413
0.403
0.412
0.41
0.405
0.415
0.414
0.41
0.413
0.408
0.416
0.412
0.402
0.414
0.405
0.409
0.419
0.416
0.412
0.42
0.419
0.418
0.408
0.415
0.415
0.42
0.416
0.42
0.414
0.418
0.412
0.411
0.411
0.416
0.412
0.409
0.403
0.425
0.424
0.416
0.42
0.413
0.41
0.411
0.407
0.413
0.414
0.41
0.407
0.413
0.406
0.416
0.408
0.411
0.405
0.413
0.421
0.416
0.408
0.404
0.407
0.412
0.404
0.409
0.411
0.419
0.415
0.412
0.413
0.419
0.413
0.414
0.41
0.42
0.42
0.412
0.404
0.411
0.413
0.411
0.405
0.404
0.399
0.398
0.396
0.401
0.401
0.399
0.395
0.387
0.391
0.382
0.386
0.379
0.386
0.385
0.394
0.385
0.378
0.382
0.38
0.377
0.377
0.375
0.38
0.374
0.383
0.39
0.381
0.382
0.386
0.377
0.376
0.383
0.377
0.383
0.385
0.381
0.39
0.384
0.382
0.384
0.379
0.376
0.372
0.379
0.383
0.384
0.383
0.381
0.378
0.38
0.387
0.393
0.385
0.381
0.381
0.386
0.39
0.389
0.392
0.387
0.389
0.386
0.387
0.382
0.384
0.384
0.385
0.383
0.396
0.386
0.38
0.382
0.39
0.387
0.39
0.388
0.386
0.382
0.382
0.385
0.384
0.388
0.396
0.391
0.389
0.385
0.388
0.389
0.387
0.392
0.393
0.389
0.383
0.392
0.39
0.393
0.384
0.392
0.384
0.393
0.391
0.39
0.387
0.39
0.39
0.39
0.386
0.399
0.392
0.393
0.394
0.4
0.396
0.393
0.396
0.396
0.403
0.401
0.394
0.396
0.397
0.393
0.402
0.394
0.393
0.389
0.389
0.395
0.394
0.393
0.397
0.393
0.4
0.396
0.391
0.392
0.397
0.397
0.399
0.393
0.396
0.392
0.391
0.397
0.399
0.391
0.398
0.4
0.397
0.394
0.402
0.395
0.402
0.404
0.397
0.404
0.399
0.406
0.398
0.402
0.41
0.405
0.404
0.405
0.401
0.402
0.408
0.404
0.407
0.413
0.411
0.404
0.407
0.406
0.41
0.41
0.401
0.4
0.409
0.408
0.408
0.403
0.405
0.398
0.407
0.408
0.4
0.402
0.398
0.406
0.396
0.399
0.401
0.4
0.402
0.407
0.406
0.4
0.399
0.399
0.396
0.403
0.407
0.401
0.407
0.404
0.401
0.404
0.396
0.405
0.406
0.402
0.399
0.397
0.401
0.408
0.404
0.405
0.403
0.394
0.401
0.403
0.405
0.4
0.4
0.405
0.412
0.411
0.411
0.408
0.401
0.406
0.404
0.413
0.411
0.407
0.411
0.407
0.412
0.411
0.401
0.399
0.401
0.412
0.407
0.403
0.406
0.413
0.403
0.413
0.412
0.403
0.409
0.408
0.403
0.403
0.4
0.408
0.401
0.409
0.406
0.4
0.395
0.399
0.393
0.401
0.404
0.399
0.394
0.393
0.396
0.395
0.4
0.401
0.4
0.402
0.398
0.402
0.408
0.407
0.398
0.4
0.404
0.401
0.405
0.403
0.412
0.405
0.407
0.41
0.402
0.406
0.399
0.408
0.403
0.394
0.403
0.405
0.395
0.405
0.403
0.402
0.393
0.399
0.395
0.389
0.395
0.387
0.389
0.388
0.393
0.39
0.396
0.386
0.384
0.388
0.379
0.376
0.378
0.371
0.374
0.373
0.369
0.372
0.372
0.364
0.371
0.367
0.375
0.368
0.369
0.367
0.372
0.371
0.374
0.365
0.373
0.378
0.373
0.374
0.383
0.38
0.38
0.376
0.376
0.371
0.373
0.373
0.373
0.372
0.372
0.367
0.367
0.37
0.369
0.369
0.369
0.366
0.371
0.372
0.369
0.366
0.369
0.374
0.377
0.383
0.377
0.373
0.374
0.377
0.373
0.37
0.383
0.38
0.379
0.379
0.377
0.381
0.386
0.382
0.391
0.383
0.386
0.394
0.393
0.388
0.387
0.392
0.397
0.398
0.391
0.388
0.387
0.391
0.4
0.398
0.395
0.394
0.391
0.393
0.392
0.389
0.396
0.401
0.398
0.396
0.397
0.395
0.398
0.399
0.391
0.397
0.401
0.396
0.399
0.392
0.393
0.399
0.4
0.401
0.403
0.401
0.403
0.404
0.396
0.396
0.398
0.393
0.396
0.403
0.402
0.404
0.399
0.396
0.403
0.4
0.399
0.392
0.394
0.402
0.398
0.393
0.397
0.401
0.394
0.401
0.399
0.4
0.394
0.396
0.4
0.395
0.401
0.403
0.396
0.399
0.401
0.406
0.397
0.395
0.395
0.402
0.396
0.396
0.404
0.396
0.401
0.394
0.392
0.401
0.396
0.397
0.398
0.395
0.393
0.4
0.401
0.396
0.4
0.399
0.396
0.396
0.399
0.405
0.402
0.407
0.405
0.403
0.407
0.401
0.407
0.401
0.411
0.402
0.401
0.398
0.403
0.396
0.393
0.391
0.396
0.391
0.388
0.395
0.391
0.391
0.396
0.382
0.386
0.393
0.387
0.392
0.395
0.389
0.389
0.394
0.392
0.383
0.383
0.382
0.385
0.391
0.393
0.385
0.386
0.386
0.385
0.387
0.387
0.389
0.385
0.387
0.386
0.391
0.393
0.391
0.392
0.397
0.39
0.386
0.384
0.383
0.394
0.396
0.385
0.389
0.391
0.388
0.391
0.399
0.398
0.393
0.391
0.389
0.39
0.397
0.396
0.395
0.404
0.396
0.404
0.403
0.396
0.399
0.396
0.404
0.41
0.405
0.401
0.403
0.396
0.4
0.401
0.406
0.4
0.401
0.397
0.405
0.397
0.405
0.405
0.399
0.403
0.403
0.403
0.4
0.401
0.405
0.405
0.41
0.408
0.399
0.399
0.4
0.402
0.409
0.405
0.404
0.404
0.396
0.397
0.401
0.402
0.396
0.4
0.406
0.403
0.413
0.407
0.407
0.406
0.406
0.4
0.408
0.403
0.397
0.398
0.403
0.406
0.407
0.402
0.399
0.405
0.4
0.408
0.403
0.406
0.401
0.41
0.41
0.4
0.407
0.399
0.403
0.399
0.4
0.399
0.402
0.394
0.392
0.396
0.4
0.404
0.396
0.404
0.395
0.397
0.399
0.398
0.406
0.399
0.395
0.389
0.396
0.402
0.399
0.394
0.392
0.398
0.39
0.399
0.396
0.401
0.4
0.398
0.394
0.393
0.397
0.396
0.399
0.407
0.401
0.394
0.398
0.4
0.405
0.396
0.405
0.404
0.401
0.404
0.402
0.407
0.404
0.4
0.406
0.402
0.406
0.405
0.413
0.415
0.405
0.398
0.404
0.408
0.399
0.404
0.403
0.404
0.409
0.404
0.413
0.411
0.409
0.409
0.407
0.399
0.408
0.413
0.408
0.403
0.401
0.397
0.397
0.403
0.396
0.4
0.391
0.399
0.397
0.399
0.398
0.399
0.395
0.4
0.398
0.396
0.393
0.396
0.403
0.394
0.402
0.395
0.401
0.396
0.396
0.399
0.392
0.398
0.399
0.399
0.39
0.394
0.395
0.4
0.394
0.401
0.396
0.388
0.396
0.396
0.401
0.399
0.395
0.395
0.394
0.396
0.405
0.399
0.391
0.401
0.406
0.403
0.396
0.395
0.403
0.403
0.401
0.397
0.405
0.396
0.395
0.401
0.405
0.396
0.399
0.393
0.389
0.392
0.385
0.38
0.386
0.388
0.375
0.377
0.375
0.378
0.373
0.373
0.377
0.382
0.384
0.38
0.382
0.376
0.377
0.382
0.376
0.384
0.384
0.388
0.379
0.379
0.385
0.38
0.38
0.378
0.382
0.376
0.378
0.385
0.386
0.386
0.382
0.382
0.378
0.385
0.376
0.385
0.376
0.382
0.379
0.379
0.38
0.385
0.382
0.387
0.388
0.384
0.391
0.379
0.386
0.378
0.384
0.385
0.379
0.388
0.391
0.389
0.387
0.391
0.384
0.382
0.39
0.392
0.388
0.386
0.392
0.383
0.392
0.385
0.39
0.394
0.395
0.388
0.387
0.386
0.395
0.393
0.392
0.386
0.389
0.386
0.394
0.393
0.401
0.391
0.399
0.396
0.401
0.392
0.395
0.4
0.403
0.397
0.397
0.392
0.396
0.4
0.396
0.4
0.399
0.394
0.396
0.405
0.4
0.404
0.409
0.406
0.396
0.404
0.4
0.404
0.396
0.404
0.4
0.406
0.4
0.408
0.398
0.396
0.401
0.396
0.401
0.407
0.403
0.412
0.414
0.404
0.406
0.413
0.412
0.408
0.404
0.4
0.414
0.415
0.407
0.411
0.41
0.404
0.406
0.408
0.408
0.408
0.406
0.405
0.399
0.405
0.397
0.4
0.409
0.408
0.405
0.412
0.405
0.4
0.405
0.399
0.408
0.401
0.407
0.402
0.411
0.404
0.406
0.409
0.403
0.399
0.404
0.4
0.396
0.401
0.396
0.404
0.411
0.409
0.412
0.402
0.405
0.413
0.41
0.402
0.398
0.403
0.41
0.415
0.41
0.414
0.404
0.41
0.407
0.413
0.403
0.401
0.401
0.4
0.409
0.403
0.406
0.404
0.396
0.396
0.4
0.403
0.4
0.407
0.407
0.399
0.391
0.4
0.398
0.393
0.396
0.403
0.402
0.406
0.402
0.401
0.403
