0.688
0.652
0.653
0.638
0.626
0.624
0.621
0.591
0.6
0.591
0.585
0.573
0.565
0.564
0.561
0.559
0.555
0.535
0.534
0.524
0.535
0.527
0.52
0.527
0.498
0.504
0.492
0.487
0.49
0.478
0.489
0.49
0.485
0.474
0.47
0.478
0.473
0.479
0.476
0.48
0.473
0.462
0.471
0.471
0.467
0.473
0.466
0.471
0.478
0.475
0.471
0.456
0.452
0.457
0.468
0.462
0.455
0.462
0.463
0.458
0.465
0.463
0.455
0.449
0.459
0.461
0.444
0.449
0.456
0.46
0.465
0.463
0.457
0.456
0.459
0.468
0.457
0.464
0.462
0.454
0.458
0.455
0.459
0.456
0.466
0.458
0.456
0.458
0.452
0.455
0.456
0.452
0.458
0.45
0.461
0.457
0.45
0.454
0.45
0.459
0.457
0.45
0.456
0.45
0.451
0.457
0.458
0.451
0.448
0.443
0.45
0.459
0.461
0.462
0.466
0.449
0.458
0.447
0.441
0.445
0.438
0.444
0.443
0.44
0.432
0.446
0.438
0.429
0.43
0.438
0.434
0.431
0.437
0.443
0.432
0.424
0.432
0.436
0.432
0.429
0.431
0.439
0.429
0.424
0.428
0.423
0.429
0.42
0.424
0.432
0.424
0.422
0.429
0.427
0.433
0.424
0.42
0.425
0.428
0.431
0.422
0.427
0.429
0.427
0.418
0.423
0.429
0.426
0.422
0.415
0.424
0.414
0.419
0.412
0.419
0.417
0.426
0.42
0.425
0.425
0.419
0.418
0.413
0.423
0.422
0.428
0.422
0.431
0.425
0.417
0.419
0.424
0.416
0.42
0.417
0.427
0.418
0.43
0.421
0.423
0.42
0.422
0.425
0.423
0.428
0.428
0.433
0.425
0.417
0.437
0.433
0.441
0.439
0.429
0.435
0.442
0.441
0.432
0.432
0.429
0.435
0.433
0.428
0.436
0.439
0.433
0.425
0.43
0.429
0.426
0.429
0.43
0.439
0.436
0.426
0.428
0.438
0.431
0.423
0.431
0.432
0.426
0.425
0.433
0.427
0.438
0.431
0.436
0.43
0.432
0.436
0.438
0.44
0.44
0.434
0.435
0.431
0.435
0.445
0.424
0.433
0.424
0.427
0.433
0.442
0.432
0.438
0.432
0.44
0.433
0.431
0.427
0.434
0.426
0.435
0.439
0.44
0.433
0.432
0.441
0.432
0.437
0.432
0.435
0.438
0.438
0.434
0.432
0.448
0.445
0.443
0.439
0.448
0.441
0.435
0.438
0.435
0.435
0.442
0.449
0.44
0.442
0.441
0.432
0.432
0.435
0.433
0.438
0.438
0.447
0.437
0.431
0.437
0.447
0.437
0.435
0.425
0.45
0.438
0.439
0.438
0.438
0.448
0.45
0.438
0.441
0.437
0.443
0.444
0.435
0.444
0.44
0.436
0.439
0.431
0.438
0.443
0.452
0.438
0.43
0.436
0.432
0.436
0.446
0.439
0.429
0.431
0.437
0.44
0.434
0.432
0.429
0.438
0.437
0.433
0.424
0.432
0.442
0.432
0.436
0.44
0.442
0.432
0.429
0.432
0.435
0.43
0.439
0.439
0.442
0.436
0.436
0.437
0.444
0.446
0.437
0.438
0.433
0.438
0.437
0.432
0.43
0.435
0.425
0.433
0.427
0.421
0.431
0.43
0.423
0.427
0.425
0.421
0.43
0.428
0.418
0.422
0.423
0.414
0.422
0.432
0.427
0.433
0.422
0.414
0.415
0.41
0.414
0.421
0.413
0.412
0.405
0.413
0.407
0.41
0.415
0.411
0.402
0.405
0.415
0.413
0.402
0.407
0.416
0.409
0.401
0.405
0.401
0.404
0.396
0.404
0.398
0.411
0.419
0.419
0.413
0.415
0.408
0.412
0.415
0.416
0.421
0.418
0.415
0.422
0.432
0.426
0.429
0.423
0.414
0.431
0.426
0.417
0.414
0.422
0.416
0.422
0.429
0.42
0.422
0.414
0.426
0.428
0.435
0.437
0.426
0.421
0.428
0.418
0.422
0.429
0.435
0.424
0.417
0.428
0.419
0.425
0.431
0.434
0.43
0.436
0.425
0.417
0.421
0.414
0.421
0.425
0.417
0.421
0.425
0.416
0.431
0.423
0.417
0.422
0.43
0.42
0.424
0.417
0.424
0.42
0.411
0.427
0.423
0.414
0.433
0.424
0.429
0.438
0.419
0.423
0.428
0.42
0.43
0.431
0.435
0.436
0.438
0.43
0.431
0.428
0.434
0.433
0.436
0.444
0.435
0.435
0.438
0.441
0.446
0.444
0.44
0.445
0.449
0.444
0.446
0.454
0.45
0.456
0.455
0.466
0.467
0.471
0.471
0.469
0.471
0.469
0.471
0.477
0.476
0.468
0.476
0.484
0.479
0.488
0.485
0.486
0.49
0.493
0.497
0.495
0.505
0.499
0.505
0.508
0.516
0.516
0.521
0.519
0.521
0.522
0.519
0.518
0.519
0.522
0.527
0.532
0.527
0.527
0.531
0.534
0.542
0.555
0.558
0.553
0.543
0.537
0.533
0.536
0.538
0.547
0.632
0.62
0.619
0.616
0.618
0.626
0.623
0.614
0.609
0.598
0.6
0.602
0.596
0.604
0.61
0.615
0.626
0.626
0.634
0.631
0.626
0.626
0.597
0.585
0.573
0.571
0.576
0.58
0.638
0.647
0.631
0.644
0.631
0.634
0.633
0.633
0.624
0.636
0.627
0.643
0.641
0.645
0.636
0.639
0.635
0.635
0.622
0.631
0.629
0.627
0.631
0.623
0.636
0.644
0.645
0.643
0.646
0.653
0.66
0.661
0.663
0.647
0.651
0.649
0.64
0.64
0.641
0.647
0.649
0.656
0.655
0.64
0.63
0.628
0.636
0.646
0.643
0.643
0.645
0.652
0.656
0.666
0.657
0.662
