0.673
0.658
0.669
0.655
0.649
0.64
0.619
0.612
0.604
0.599
0.59
0.571
0.566
0.567
0.554
0.567
0.554
0.554
0.561
0.553
0.542
0.544
0.538
0.518
0.52
0.528
0.517
0.506
0.495
0.498
0.497
0.5
0.503
0.509
0.506
0.497
0.497
0.494
0.497
0.492
0.493
0.486
0.493
0.487
0.499
0.477
0.485
0.477
0.475
0.467
0.466
0.475
0.486
0.469
0.477
0.462
0.459
0.458
0.463
0.459
0.464
0.462
0.462
0.452
0.463
0.457
0.451
0.457
0.453
0.458
0.452
0.453
0.446
0.449
0.446
0.445
0.466
0.464
0.462
0.466
0.464
0.462
0.455
0.447
0.47
0.464
0.47
0.461
0.455
0.455
0.462
0.454
0.45
0.45
0.452
0.454
0.453
0.458
0.451
0.457
0.467
0.456
0.453
0.463
0.459
0.454
0.455
0.469
0.465
0.464
0.464
0.459
0.462
0.46
0.468
0.455
0.456
0.461
0.463
0.459
0.463
0.46
0.464
0.467
0.467
0.476
0.47
0.47
0.466
0.466
0.471
0.472
0.462
0.469
0.461
0.461
0.469
0.461
0.456
0.458
0.461
0.458
0.478
0.477
0.471
0.46
0.47
0.462
0.476
0.476
0.479
0.477
0.473
0.469
0.463
0.467
0.47
0.471
0.479
0.483
0.475
0.479
0.488
0.487
0.476
0.467
0.466
0.467
0.466
0.461
0.458
0.459
0.464
0.464
0.465
0.462
0.466
0.462
0.471
0.473
0.48
0.468
0.467
0.475
0.474
0.473
0.462
0.458
0.457
0.457
0.462
0.462
0.462
0.454
0.452
0.462
0.462
0.466
0.457
0.468
0.461
0.467
0.477
0.475
0.48
0.477
0.477
0.48
0.473
0.469
0.476
0.475
0.459
0.463
0.46
0.46
0.463
0.461
0.455
0.452
0.454
0.472
0.465
0.474
0.465
0.471
0.47
0.474
0.463
0.474
0.473
0.453
0.446
0.444
0.449
0.455
0.461
0.457
0.454
0.445
0.446
0.453
0.458
0.456
0.457
0.459
0.47
0.47
0.451
0.442
0.441
0.45
0.458
0.461
0.45
0.441
0.451
0.455
0.445
0.45
0.445
0.445
0.458
0.443
0.447
0.441
0.446
0.455
0.464
0.461
0.451
0.459
0.466
0.455
0.449
0.449
0.453
0.449
0.459
0.455
0.438
0.431
0.434
0.441
0.447
0.437
0.438
0.44
0.424
0.442
0.437
0.432
0.423
0.435
0.436
0.44
0.443
0.439
0.445
0.438
0.442
0.443
0.447
0.445
0.435
0.441
0.44
0.456
0.466
0.457
0.468
0.471
0.461
0.461
0.45
0.454
0.461
0.461
0.454
0.463
0.473
0.453
0.456
0.466
0.461
0.453
0.445
0.443
0.441
0.449
0.458
0.462
0.459
0.458
0.45
0.447
0.452
0.441
0.442
0.453
0.459
0.438
0.438
0.442
0.438
0.438
0.443
0.445
0.451
0.442
0.45
0.455
0.452
0.445
0.444
0.435
0.437
0.444
0.45
0.442
0.44
0.448
0.447
0.439
0.431
0.433
0.438
0.437
0.44
0.444
0.434
0.436
0.433
0.435
0.442
0.445
0.438
0.441
0.449
0.442
0.446
0.438
0.428
0.434
0.447
0.44
0.443
0.432
0.44
0.433
0.446
0.442
0.437
0.45
0.442
0.448
0.44
0.45
0.445
0.437
0.429
0.453
0.455
0.453
0.452
0.444
0.436
0.457
0.455
0.459
0.465
0.466
0.477
0.457
0.451
0.444
0.45
0.459
0.463
0.445
0.46
0.453
0.442
0.446
0.438
0.442
0.442
0.439
0.44
0.432
0.451
0.44
0.441
0.439
0.447
0.443
0.44
0.459
0.457
0.456
0.455
0.456
0.457
0.452
0.453
0.446
0.443
0.44
0.434
0.443
0.438
0.438
0.432
0.435
0.43
0.434
0.438
0.445
0.446
0.444
0.438
0.434
0.425
0.435
0.438
0.433
0.431
0.434
0.437
0.447
0.44
0.442
0.441
0.433
0.424
0.436
0.426
0.433
0.431
0.441
0.438
0.431
0.434
0.428
0.431
0.438
0.432
0.429
0.446
0.444
0.436
0.44
0.435
0.436
0.443
0.449
0.455
0.448
0.439
0.44
0.436
0.445
0.453
0.45
0.461
0.448
0.456
0.456
0.449
0.46
0.453
0.449
0.447
0.446
0.457
0.457
0.449
0.449
0.453
0.446
0.452
0.447
0.452
0.447
0.442
0.438
0.431
0.431
0.429
0.431
0.433
0.425
0.435
0.429
0.433
0.429
0.429
0.445
0.446
0.426
0.432
0.428
0.434
0.433
0.437
0.443
0.447
0.429
0.439
0.433
0.429
0.437
0.444
0.437
0.439
0.433
0.431
0.428
0.434
0.437
0.427
0.435
0.436
0.431
0.424
0.429
0.437
0.432
0.436
0.438
0.439
0.432
0.427
0.424
0.431
0.441
0.438
0.432
0.424
0.427
0.42
0.419
0.428
0.426
0.426
0.428
0.434
0.425
0.439
0.444
0.439
0.44
0.438
0.445
0.453
0.443
0.433
0.455
0.438
0.438
0.443
0.453
0.455
0.445
0.438
0.437
0.431
0.431
0.422
0.421
0.428
0.422
0.433
0.434
0.439
0.433
0.428
0.423
0.428
0.437
0.433
0.438
0.43
0.422
0.428
0.432
0.435
0.427
0.419
0.426
0.425
0.435
0.425
0.434
0.431
0.426
0.422
0.429
0.439
0.431
0.433
0.425
0.43
0.421
0.425
0.436
0.434
0.435
0.43
0.422
0.431
0.436
0.427
0.42
0.43
0.428
0.42
0.416
0.416
0.42
0.429
0.42
0.424
0.416
0.42
0.421
0.43
0.425
0.43
0.42
0.425
0.433
0.425
0.42
0.426
0.418
0.416
0.423
0.414
0.425
0.435
0.426
0.419
0.42
0.427
0.426
0.416
0.421
0.428
0.428
0.423
0.418
0.418
0.419
0.426
0.433
0.418
0.424
0.416
0.419
0.414
0.416
0.422
0.423
0.429
0.43
0.423
0.419
0.419
0.414
0.419
0.417
0.422
0.432
0.426
0.418
0.422
0.426
0.428
0.423
0.417
0.414
0.416
0.42
0.413
0.423
0.414
0.42
0.412
0.416
0.419
0.429
0.425
0.42
0.415
0.414
0.423
0.427
0.43
0.421
0.414
0.424
0.434
0.421
0.414
0.434
0.436
0.426
0.428
0.418
0.423
0.43
0.421
0.424
0.423
0.424
0.423
0.43
0.428
0.419
0.416
0.42
0.415
0.42
0.426
0.42
0.418
0.419
0.425
0.422
0.413
0.423
0.427
0.426
0.417
0.424
0.415
0.418
0.414
0.42
0.423
0.416
0.423
0.428
0.425
0.43
0.427
0.42
0.424
0.417
0.421
0.422
0.427
0.419
0.42
0.43
0.422
0.423
0.426
0.422
0.422
0.42
0.429
0.419
0.423
0.417
0.419
0.427
0.421
0.426
0.433
0.429
0.43
0.423
0.427
0.426
0.427
0.43
0.425
0.421
0.421
0.428
0.431
0.428
0.422
0.422
0.426
0.419
0.427
0.426
0.436
0.429
0.426
0.423
0.42
0.415
0.421
0.416
0.416
0.421
0.422
0.421
0.43
0.431
0.428
0.424
0.421
0.431
0.426
0.422
0.43
0.437
0.432
0.428
0.424
0.426
0.432
0.43
0.438
0.443
0.435
0.441
0.434
0.43
0.425
0.434
0.443
0.434
0.435
0.425
0.427
0.422
0.43
0.435
0.425
0.433
0.43
0.42
0.423
0.42
0.424
0.426
0.422
0.432
0.437
0.434
0.427
0.425
0.431
0.433
0.438
0.437
0.443
0.435
0.436
0.431
0.441
0.443
0.447
0.445
0.438
0.439
0.437
0.443
0.443
0.433
0.434
0.441
0.436
0.44
0.443
0.44
0.444
0.451
0.441
0.443
0.44
0.45
0.444
0.448
0.452
0.456
0.451
0.447
0.445
0.44
0.442
0.457
0.456
0.454
0.444
0.443
0.449
0.441
0.449
0.459
0.452
0.46
0.456
0.463
0.452
0.451
0.449
0.452
0.448
0.451
0.444
0.44
0.451
0.441
0.437
0.434
0.433
0.444
0.448
0.449
0.445
0.445
0.44
0.448
0.438
0.435
0.455
0.446
0.453
0.459
0.452
0.45
0.443
0.446
0.456
0.446
0.453
0.463
0.451
0.449
0.447
0.455
0.445
0.454
0.45
0.458
0.45
0.451
0.442
0.438
0.438
0.442
0.438
0.44
0.443
0.44
0.442
0.438
0.448
0.447
0.456
0.458
0.456
0.454
0.46
0.458
0.462
0.464
0.467
0.467
0.465
0.462
0.468
0.468
0.468
0.471
0.457
0.466
0.444
0.44
0.454
0.455
0.438
0.445
0.447
0.453
0.448
0.45
0.435
0.443
0.436
0.436
0.442
0.431
0.438
0.442
0.434
0.44
0.44
0.434
0.436
0.43
0.439
0.438
0.441
0.441
0.434
0.427
0.438
0.437
0.435
0.443
0.45
0.439
0.437
0.439
0.433
0.429
0.439
0.446
0.425
0.428
0.432
0.431
0.439
0.438
0.433
0.433
0.443
0.437
0.435
0.437
0.427
0.424
0.436
0.437
0.43
0.432
0.423
0.429
0.438
0.442
0.432
0.427
0.432
0.437
0.436
0.444
0.435
0.43
0.44
0.431
0.427
0.424
0.43
0.424
0.428
0.438
0.435
0.429
0.426
0.43
0.434
0.438
0.435
0.436
0.433
0.428
0.424
0.433
0.437
0.435
0.433
0.437
0.433
0.434
0.436
0.439
0.429
0.436
0.435
0.438
0.43
0.431
0.422
0.425
0.431
0.423
0.43
0.426
0.422
0.426
0.419
0.427
0.425
0.429
0.422
0.428
0.42
0.426
0.431
0.431
0.425
0.423
0.429
0.426
0.428
0.437
0.43
0.436
0.434
0.439
0.431
0.428
0.433
0.442
0.438
0.438
0.438
0.438
0.439
0.434
0.435
0.438
0.436
0.43
0.422
0.432
0.438
0.431
0.427
0.436
0.427
0.432
0.437
0.434
0.427
0.423
0.432
0.441
0.438
0.43
0.44
0.434
0.427
0.435
0.442
0.438
0.442
0.439
0.432
0.437
0.427
0.428
0.436
0.43
0.44
0.435
0.428
0.435
0.44
0.438
0.43
0.436
0.437
0.438
0.438
0.431
0.432
0.426
0.436
0.442
0.431
0.423
0.43
0.438
0.438
0.428
0.428
0.424
0.437
0.436
0.433
0.436
0.433
0.436
0.428
0.427
0.421
0.423
0.432
0.434
0.415
0.422
0.425
0.433
0.433
0.423
0.418
0.422
0.421
0.422
0.431
0.428
0.419
0.425
0.415
0.422
0.424
0.426
0.416
0.419
0.426
0.426
0.424
0.414
0.419
0.412
0.413
0.415
0.419
0.419
0.414
0.409
0.424
0.419
0.417
0.414
0.42
0.415
0.423
0.422
0.416
0.417
0.41
0.42
0.418
0.414
0.421
0.426
0.423
0.414
0.418
0.417
0.417
0.415
0.419
0.426
0.418
0.416
0.417
0.427
0.418
0.414
0.422
0.42
0.427
0.417
0.42
0.416
0.425
0.43
0.422
0.421
0.417
0.425
0.427
0.425
0.421
0.418
0.42
0.43
0.424
0.424
0.424
0.417
0.422
0.421
0.416
0.422
0.43
0.427
0.423
0.427
0.436
0.439
0.437
0.442
0.431
0.421
0.43
0.434
0.432
0.438
0.431
0.428
0.438
0.433
0.44
0.434
0.424
0.433
0.436
0.437
0.436
0.43
0.426
0.434
0.439
0.434
0.435
0.438
0.428
0.422
0.426
0.431
0.421
0.427
0.421
0.435
0.434
0.441
0.433
0.435
0.427
0.43
0.433
0.429
0.424
0.43
0.421
0.43
0.435
0.433
0.431
0.421
0.425
0.418
0.424
0.43
0.429
0.427
0.418
0.428
0.43
0.424
0.415
0.421
0.427
0.42
0.42
0.419
0.425
0.431
0.422
0.412
0.421
0.428
0.425
0.418
0.42
0.41
0.417
0.427
0.422
0.416
0.416
0.414
0.422
0.421
0.429
0.424
0.418
0.421
0.419
0.414
0.428
0.434
0.428
0.423
0.415
0.424
0.43
0.427
0.421
0.422
0.417
0.425
0.431
0.422
0.418
0.417
0.423
0.421
0.421
0.424
0.427
0.422
0.429
0.425
0.427
0.422
0.419
0.42
0.412
0.417
0.427
0.422
0.417
0.415
0.418
0.424
0.416
0.416
0.415
0.421
0.414
0.423
0.418
0.416
0.414
0.421
0.42
0.429
0.426
0.426
0.417
0.424
0.426
0.421
0.417
0.419
0.425
0.426
0.43
0.426
0.421
0.421
0.428
0.419
0.427
0.417
0.417
0.423
0.416
0.418
0.414
0.423
0.422
0.432
0.429
0.426
0.425
0.415
0.423
0.427
0.425
0.415
0.425
0.416
0.414
0.416
0.42
0.423
0.42
0.411
0.414
0.413
0.416
0.413
0.417
0.41
0.419
0.422
0.424
0.416
0.413
0.422
0.424
0.421
0.411
0.417
0.418
0.414
0.419
0.413
0.419
0.42
0.424
0.414
0.419
0.416
0.418
0.419
0.417
0.414
0.419
0.41
0.415
0.421
0.429
0.421
0.419
0.429
0.421
0.413
0.424
0.414
0.416
0.422
0.414
0.417
0.414
0.422
0.418
0.426
0.428
0.432
0.429
0.422
0.425
0.423
0.429
0.435
0.434
0.427
0.429
0.428
0.438
0.429
0.425
0.432
0.437
0.435
0.425
0.435
0.439
0.429
0.429
0.435
0.432
0.442
0.435
0.428
0.436
0.438
0.442
0.431
0.432
0.437
0.443
0.441
0.441
0.442
0.452
0.449
0.458
0.451
0.46
0.449
0.442
0.442
0.446
0.435
0.436
0.435
0.433
0.435
0.437
0.441
0.432
0.441
0.444
0.447
0.438
0.444
0.436
0.441
0.438
0.445
0.435
0.448
0.447
0.446
0.437
0.442
0.434
0.431
0.436
0.438
0.44
0.45
0.444
0.452
0.441
0.441
0.449
0.435
0.435
0.443
0.449
0.432
0.44
0.436
0.445
0.429
0.433
0.425
0.431
0.426
0.433
0.424
0.434
0.433
0.439
0.43
0.427
0.437
0.438
0.428
0.422
0.433
0.429
0.424
0.431
0.438
0.432
0.423
0.423
0.43
0.427
0.426
0.419
0.426
0.433
0.43
0.422
0.429
0.422
0.429
0.424
0.425
0.42
0.428
0.422
0.424
0.431
0.423
0.432
0.431
0.441
0.437
0.434
0.429
0.426
0.435
0.441
0.43
0.436
0.438
0.422
0.431
0.437
0.422
0.427
0.42
0.427
0.423
0.417
0.423
0.428
0.418
0.42
0.411
0.426
0.421
0.421
0.431
0.422
0.423
0.42
0.415
0.419
0.415
0.419
0.411
0.421
0.417
0.427
0.426
0.416
0.411
0.421
0.415
0.422
0.418
0.41
0.41
0.406
0.415
0.416
0.412
0.411
0.418
0.417
0.409
0.403
0.409
0.417
0.416
0.41
0.406
0.414
0.418
0.412
0.402
0.41
0.415
0.42
0.414
0.419
0.417
0.411
0.413
0.409
0.415
0.417
0.416
0.408
0.415
0.416
0.418
0.408
0.417
0.416
0.414
0.409
0.412
0.409
0.415
0.412
0.413
0.417
0.418
0.426
0.415
0.412
0.42
0.423
0.418
0.408
0.413
0.419
0.411
0.419
0.416
0.42
0.418
0.425
0.415
0.412
0.42
0.425
0.423
0.416
0.421
0.429
0.422
0.425
0.421
0.426
0.421
0.417
0.419
0.417
0.411
0.401
0.409
0.411
0.411
0.415
0.415
0.419
0.413
0.408
0.413
0.412
0.418
0.419
0.414
0.415
0.411
0.419
0.415
0.424
0.415
0.409
0.415
0.414
0.409
0.411
0.413
0.421
0.417
0.414
0.411
0.413
0.413
0.412
0.408
0.415
0.409
0.416
0.42
0.415
0.406
0.416
0.41
0.416
0.423
0.419
0.42
0.414
0.41
0.42
0.415
0.411
0.417
0.412
0.421
0.413
0.412
0.419
0.411
0.413
0.41
0.419
0.412
0.415
0.419
0.421
0.414
0.407
0.417
0.408
0.415
0.409
0.413
0.418
0.415
0.406
0.401
0.42
0.415
0.406
0.412
0.42
0.414
0.405
0.41
0.401
0.414
0.406
0.415
0.415
0.414
0.416
0.414
0.407
0.411
0.402
0.405
0.405
0.409
0.401
0.41
0.404
0.405
0.399
0.408
0.41
0.414
0.411
0.405
0.414
0.408
0.398
0.405
0.396
0.4
0.401
0.404
0.41
0.404
0.396
0.406
0.397
0.405
0.399
0.406
0.403
0.398
0.395
0.398
0.407
0.406
0.397
0.396
0.402
0.404
0.406
0.404
0.402
0.407
0.405
0.406
0.397
0.402
0.405
0.403
0.406
0.401
0.4
0.401
0.4
0.401
0.398
0.405
0.41
0.407
0.402
0.403
0.399
0.406
0.403
0.412
0.405
0.406
0.409
0.406
0.4
0.407
0.397
0.402
0.408
0.401
0.396
0.404
0.41
0.407
0.405
0.405
0.399
0.403
0.404
0.409
0.407
0.398
0.402
0.406
0.412
0.412
0.404
0.41
0.401
0.408
0.408
0.415
0.415
0.412
0.409
0.414
0.41
0.418
0.421
0.415
0.413
0.408
0.417
0.415
0.418
0.418
0.411
0.421
0.418
0.422
0.417
0.424
0.424
0.419
0.414
0.414
0.414
0.417
0.419
0.419
0.414
0.419
0.412
0.416
0.413
0.423
0.422
0.414
0.409
0.413
0.409
0.412
0.409
0.416
0.409
0.415
0.408
0.416
0.412
0.419
0.412
0.409
0.412
0.408
0.417
0.417
0.413
0.414
0.407
0.411
0.409
0.416
0.411
0.411
0.41
0.414
0.41
0.413
0.41
0.409
0.408
0.418
0.415
0.409
0.414
0.404
0.41
0.417
0.41
0.419
0.412
0.402
0.409
0.419
0.422
0.418
0.409
0.411
0.415
0.418
0.413
0.406
0.407
0.412
0.405
0.415
0.408
0.413
0.419
0.41
0.409
0.419
0.41
0.409
0.404
0.413
0.416
0.412
0.402
0.408
0.412
0.407
0.412
0.406
0.413
0.419
0.411
0.403
0.41
0.411
0.407
0.406
0.415
0.409
0.409
0.405
0.407
0.401
0.398
0.402
0.406
0.399
0.403
0.395
0.402
0.408
0.399
0.405
0.398
0.403
0.396
0.399
0.405
0.405
0.403
0.396
0.396
0.4
0.395
0.399
0.398
0.404
0.394
0.396
0.405
0.396
0.396
0.4
0.396
0.402
0.399
0.393
0.398
0.4
0.396
0.399
0.392
0.396
0.397
0.398
0.4
0.396
0.401
0.402
0.401
0.395
0.401
0.399
0.404
0.404
0.41
0.402
0.406
0.41
0.407
0.402
0.412
0.412
0.411
0.405
0.401
0.406
0.407
0.408
0.409
0.406
0.412
0.402
0.408
0.407
0.405
0.41
0.412
0.415
0.407
0.409
0.411
0.405
0.409
0.412
0.42
0.411
0.411
0.405
0.415
0.407
0.403
0.407
0.414
0.413
0.409
0.405
0.409
0.411
0.409
0.411
0.413
0.403
0.406
0.414
0.409
0.402
0.408
0.403
0.413
0.41
0.41
0.403
0.411
0.412
0.405
0.415
0.413
0.414
0.413
0.409
0.417
0.407
0.415
0.415
0.414
0.41
0.416
0.411
0.414
0.41
0.419
0.412
0.417
0.412
0.417
0.419
0.416
0.424
0.426
0.421
0.421
0.415
0.425
0.42
0.426
0.426
0.418
0.427
0.418
0.425
0.415
0.423
0.428
0.423
0.423
0.42
0.43
0.419
0.423
0.426
0.417
0.419
0.416
0.421
0.417
0.421
0.417
0.407
0.414
0.416
0.42
0.417
0.413
0.417
0.409
0.417
0.422
0.416
0.41
0.409
0.415
0.421
0.417
0.414
0.412
0.408
0.414
0.415
0.419
0.41
0.417
0.412
0.42
0.411
0.411
0.41
0.411
0.418
0.415
0.422
0.424
0.417
0.411
0.418
0.426
0.417
0.423
0.421
0.417
0.417
0.412
0.422
0.412
0.422
0.426
0.416
0.415
0.413
0.423
0.422
0.421
0.418
0.412
0.42
0.422
0.424
0.42
0.413
0.418
0.424
0.428
0.419
0.425
0.417
0.424
0.419
0.423
0.431
0.422
0.416
0.426
0.427
0.428
0.418
0.422
0.426
0.416
0.425
0.428
0.427
0.43
0.433
0.428
0.425
0.421
0.429
0.429
0.425
0.435
0.432
0.432
0.433
0.424
0.432
0.431
0.426
0.433
0.437
0.435
0.427
0.43
0.427
0.431
0.434
0.426
0.43
0.424
0.422
0.427
0.423
0.431
0.424
0.418
0.424
0.434
0.426
0.427
0.429
0.429
0.42
0.424
0.421
0.429
0.419
0.416
0.421
0.43
0.423
0.421
0.416
0.418
0.428
0.43
0.422
0.416
0.416
0.413
0.422
0.421
0.414
0.415
0.419
0.416
0.426
0.421
0.422
0.417
0.42
0.413
0.414
0.423
0.415
0.421
0.42
0.415
0.414
0.409
0.416
0.414
0.412
0.414
0.411
0.416
0.421
0.419
0.41
0.413
0.419
0.412
0.404
0.412
0.41
0.42
0.413
0.419
0.418
0.41
0.418
0.417
0.424
0.423
0.413
0.412
0.418
0.421
0.424
0.414
0.416
0.42
0.41
0.418
0.408
0.412
0.413
0.415
0.414
0.413
0.411
0.416
0.426
0.414
0.419
0.42
0.421
0.42
0.42
0.424
0.416
0.42
0.415
0.422
0.414
0.418
0.423
0.427
0.417
0.427
0.419
0.424
0.421
0.412
0.42
0.42
0.416
0.42
0.428
0.425
0.421
0.417
0.424
0.416
0.422
0.413
0.42
0.423
0.428
0.417
0.415
0.418
0.42
0.43
0.425
0.426
0.43
0.423
0.417
0.424
0.425
0.435
0.426
0.433
0.427
0.427
0.423
0.418
0.426
0.429
0.437
0.429
0.425
0.434
0.425
0.42
0.432
0.424
0.429
0.428
0.436
0.439
0.439
0.437
0.437
0.43
0.43
0.437
0.439
0.437
0.439
0.439
0.434
0.435
0.43
0.439
0.438
0.448
0.434
0.438
0.446
0.447
0.447
0.446
0.439
0.439
0.438
0.437
0.446
0.455
0.452
0.448
0.438
0.444
0.443
0.438
0.442
0.439
0.448
0.454
0.443
0.438
0.442
0.438
0.446
0.44
0.438
0.454
0.45
0.443
0.449
0.442
0.453
0.457
0.449
0.441
0.449
0.457
0.449
0.444
0.454
0.445
0.439
0.441
0.441
0.433
0.436
0.435
0.444
0.44
0.446
0.438
0.433
0.435
0.433
0.438
0.44
0.435
0.432
0.436
0.442
0.434
0.438
0.428
0.425
0.435
0.435
0.429
0.423
0.432
0.426
0.422
0.427
0.427
0.433
0.429
0.42
0.426
0.42
0.422
0.416
0.421
0.42
0.415
0.419
0.41
0.414
0.423
0.421
0.42
0.415
0.414
0.408
0.416
0.414
0.414
0.408
0.415
0.405
0.41
0.408
0.415
0.411
0.418
0.42
0.411
0.416
0.41
0.419
0.416
0.408
0.412
0.415
0.413
0.403
0.409
0.413
0.416
0.406
0.409
0.404
0.41
0.416
0.409
0.409
0.418
0.413
0.411
0.413
0.413
0.42
0.409
0.414
0.41
0.414
0.408
0.416
0.41
0.42
0.416
0.412
0.421
0.413
0.42
0.422
0.428
0.424
0.414
0.42
0.413
0.421
0.428
0.419
0.413
0.419
0.42
0.415
0.424
0.433
0.428
0.418
0.436
0.431
0.43
0.438
0.43
0.437
0.432
0.432
0.426
0.433
0.438
0.438
0.433
0.431
0.425
0.434
0.432
0.428
0.438
0.436
0.426
0.43
0.439
0.437
0.43
0.422
0.43
0.422
0.425
0.433
0.428
0.432
0.428
0.438
0.429
0.435
0.437
0.437
0.447
0.438
0.437
0.435
0.433
0.436
0.427
0.442
0.432
0.438
0.434
0.431
0.437
0.434
0.427
0.427
0.421
0.422
0.427
0.418
0.421
0.426
0.419
0.423
0.417
0.421
0.425
0.417
0.431
0.426
0.419
0.424
0.429
0.424
0.422
0.42
0.426
0.421
0.429
0.427
0.425
0.435
0.426
0.423
0.433
0.427
0.422
0.419
0.425
0.416
0.422
0.425
0.415
0.423
0.414
0.42
0.422
0.417
0.427
0.429
0.425
0.418
0.428
0.42
0.422
0.432
0.431
0.426
0.423
0.427
0.431
0.424
0.426
0.419
0.428
0.422
0.427
0.432
0.428
0.431
0.423
0.426
0.43
0.43
0.437
0.427
0.431
0.439
0.43
0.435
0.443
0.432
0.438
0.436
0.429
0.428
0.438
0.431
0.438
0.438
0.445
0.437
0.433
0.43
0.435
0.436
0.44
0.438
0.435
0.433
0.438
0.438
0.438
0.448
0.441
0.44
0.436
0.437
0.433
0.443
0.446
0.436
0.429
0.435
0.439
0.44
0.436
0.434
0.43
0.438
0.432
0.43
0.435
0.431
0.435
0.434
0.434
0.438
0.442
0.438
0.442
0.438
0.436
0.434
0.43
0.435
0.431
0.432
0.435
0.438
0.432
0.449
0.447
0.44
0.441
0.434
0.437
0.447
0.44
0.432
0.442
0.447
0.438
0.432
0.437
0.446
0.441
0.437
0.454
0.444
0.443
0.448
0.437
0.44
0.445
0.448
0.449
0.45
0.442
0.445
0.454
0.446
0.452
0.457
0.452
0.446
0.441
0.45
0.451
0.445
0.442
0.44
0.446
0.453
0.444
0.436
0.44
0.441
0.444
0.449
0.438
0.445
0.452
0.445
0.438
0.446
0.44
0.435
0.43
0.438
0.438
0.432
0.43
0.43
0.434
0.428
0.422
0.434
0.438
0.435
0.428
0.431
0.428
0.438
0.438
0.434
0.431
0.428
0.438
0.442
0.432
0.426
0.431
0.438
0.436
0.437
0.439
0.439
0.441
0.438
0.431
0.434
0.426
0.443
0.437
0.443
0.432
0.44
0.435
0.429
0.432
0.429
0.423
0.431
0.429
0.434
0.436
0.432
0.424
0.431
0.427
0.422
0.427
0.43
0.426
0.43
0.428
0.423
0.432
0.427
0.42
0.429
0.42
0.413
0.421
0.411
0.418
0.42
0.413
0.421
0.413
0.422
0.42
0.427
0.421
0.425
0.426
0.418
0.42
0.416
0.418
0.419
0.412
0.418
0.422
0.428
0.421
0.415
0.42
0.42
0.417
0.415
0.419
0.412
0.421
0.416
0.418
0.415
0.418
0.421
0.428
0.42
0.423
0.413
0.418
0.417
0.417
0.412
0.419
0.417
0.424
0.427
0.417
0.41
0.415
0.422
0.421
0.422
0.414
0.419
0.418
0.425
0.416
0.425
0.42
0.42
0.413
0.412
0.418
0.411
0.418
0.417
0.414
0.416
0.419
0.411
0.425
0.417
0.423
0.417
0.425
0.434
0.429
0.423
0.422
0.427
0.421
0.434
0.428
0.421
0.43
0.43
0.429
0.419
0.425
0.433
0.431
0.423
0.428
0.425
0.432
0.434
0.435
0.436
0.436
0.434
0.424
0.427
0.424
0.43
0.436
0.434
0.427
0.425
0.432
0.432
0.437
0.429
0.432
0.425
0.429
0.421
0.427
0.429
0.421
0.43
0.435
0.434
0.427
0.434
0.429
0.422
0.427
0.429
0.431
0.425
0.427
0.422
0.427
0.429
0.424
0.429
0.419
0.426
0.425
0.431
0.43
0.434
0.425
0.43
0.429
0.434
0.427
0.432
0.428
0.436
0.436
0.438
0.429
0.423
0.429
0.42
0.425
0.432
0.431
0.425
0.425
0.42
0.429
0.43
0.434
0.424
0.418
0.426
0.423
0.433
0.431
0.425
0.418
0.416
0.42
0.421
0.43
0.423
0.419
0.421
0.414
0.424
0.431
0.423
0.417
0.426
0.418
0.428
0.428
0.42
0.411
0.415
0.421
0.425
0.418
0.42
0.421
0.416
0.413
0.419
0.413
0.41
0.418
0.425
0.423
0.413
0.416
0.411
0.42
0.413
0.42
0.411
0.416
0.414
0.422
0.418
0.418
0.418
0.422
0.413
0.421
0.421
0.413
0.42
0.414
0.415
0.417
0.409
0.417
0.419
0.417
0.421
0.419
0.423
0.427
0.419
0.41
0.42
0.421
0.42
0.43
0.425
0.418
0.413
0.419
0.428
0.424
0.423
0.422
0.415
0.421
0.421
0.423
0.415
0.424
0.414
0.42
0.419
0.419
0.427
0.417
0.423
0.417
0.426
0.42
0.424
0.427
0.418
0.421
0.428
0.421
0.413
0.413
0.415
0.423
0.418
0.417
0.415
0.416
0.408
0.415
0.417
0.408
0.422
0.412
0.415
0.422
0.412
0.412
0.418
0.409
0.416
0.412
0.414
0.421
0.417
0.422
0.415
0.409
0.419
0.419
0.412
0.412
0.414
0.41
0.42
0.415
0.424
0.415
0.407
0.416
0.425
0.43
0.428
0.419
0.417
0.42
0.427
0.42
0.423
0.431
0.425
0.429
0.419
0.425
0.429
0.422
0.424
0.421
0.429
0.421
0.428
0.436
0.432
0.428
0.424
0.419
0.423
0.43
0.423
0.43
0.425
0.428
0.424
0.428
0.43
0.431
0.428
0.423
0.433
0.435
0.429
0.424
0.431
0.433
0.424
0.429
0.433
0.436
0.427
0.42
0.42
0.429
0.425
0.43
0.426
0.425
0.417
0.419
0.428
0.427
0.418
0.425
0.426
0.418
0.427
0.426
0.425
0.425
0.435
0.426
0.416
0.419
0.428
0.423
0.427
0.43
0.42
0.419
0.425
0.43
0.421
0.419
0.428
0.434
0.424
0.42
0.428
0.427
0.434
0.428
0.431
0.422
0.429
0.436
0.426
0.427
0.419
0.427
0.435
0.435
0.425
0.424
0.426
0.426
0.427
0.419
0.429
0.424
0.433
0.431
0.435
0.429
0.423
0.429
0.426
0.439
0.439
0.435
0.431
0.431
0.437
0.444
0.437
0.432
0.43
0.43
0.446
0.438
0.435
0.44
0.445
0.435
0.437
0.427
0.435
0.438
0.438
0.428
0.431
0.438
0.438
0.433
0.424
0.426
0.432
0.425
0.432
0.441
0.442
0.433
0.443
0.433
0.432
0.433
0.438
0.435
0.442
0.443
0.435
0.442
0.44
0.443
0.437
0.433
0.432
0.433
0.427
0.437
0.432
0.426
0.435
0.434
0.442
0.432
0.429
0.429
0.438
0.435
0.445
0.437
0.442
0.432
0.432
0.424
0.43
0.428
0.441
0.434
0.441
0.441
0.432
0.436
0.426
0.428
0.437
0.427
0.437
0.44
0.433
0.423
0.437
0.444
0.433
0.435
0.43
0.434
0.436
0.439
0.434
0.436
0.432
0.426
0.427
0.433
0.431
0.432
0.428
0.424
0.431
0.436
0.436
0.435
0.434
0.427
0.429
0.424
0.432
0.426
0.432
0.43
0.425
0.427
0.437
0.433
0.43
0.423
0.42
0.421
0.425
0.425
0.434
0.433
0.414
0.419
0.418
0.416
0.422
0.42
0.426
0.425
0.418
0.422
0.419
0.427
0.418
0.427
0.417
0.427
0.428
0.434
0.42
0.426
0.435
0.425
0.418
0.424
0.418
0.419
0.422
0.419
0.435
0.424
0.432
0.434
0.432
0.426
0.426
0.435
0.429
0.428
0.43
0.425
0.416
0.43
0.424
0.43
0.429
0.432
0.427
0.42
0.427
0.428
0.434
0.43
0.422
0.425
0.425
0.426
0.419
0.429
0.438
0.43
0.427
0.436
0.426
0.422
0.425
0.434
0.428
0.424
0.426
0.416
0.429
0.419
0.419
0.429
0.43
0.433
0.424
0.421
0.428
0.434
0.432
0.428
0.43
0.43
0.422
0.425
0.43
0.42
0.426
0.43
0.433
0.43
0.433
0.426
0.426
0.423
0.44
0.435
0.428
0.432
0.435
0.439
0.439
0.441
0.438
0.437
0.434
0.432
0.438
0.438
0.432
0.435
0.439
0.443
0.435
0.439
0.439
0.43
0.435
0.429
0.437
0.431
0.432
0.434
0.441
0.438
0.438
0.433
0.44
0.442
0.443
0.433
0.438
0.428
0.437
0.438
0.442
0.443
0.432
0.433
0.436
0.433
0.427
0.428
0.435
0.438
0.434
0.426
0.434
0.442
0.433
0.434
0.429
0.423
0.422
0.43
0.439
0.44
0.428
0.432
0.438
0.445
0.446
0.442
0.435
0.435
0.438
0.432
0.439
0.447
0.426
0.428
0.438
0.44
0.433
0.433
0.429
0.43
0.428
0.433
0.442
0.441
0.433
0.438
0.44
0.435
0.441
0.43
0.438
0.437
0.436
0.446
0.43
0.44
0.445
0.438
0.429
0.436
0.428
0.438
0.441
0.438
0.438
0.445
0.444
0.445
0.437
0.438
0.431
0.438
0.43
0.44
0.444
0.438
0.442
0.433
0.438
0.44
0.431
0.438
0.442
0.439
0.442
0.438
0.429
0.434
0.446
0.44
0.448
0.437
0.438
0.436
0.437
0.447
0.443
0.433
0.426
0.431
0.435
0.444
0.439
0.435
0.438
0.438
0.447
0.431
0.438
0.428
0.431
0.44
0.436
0.435
0.438
0.438
0.438
0.429
0.427
0.434
0.44
0.447
0.441
0.444
0.436
0.429
0.43
0.437
0.447
0.432
0.433
0.434
0.436
0.443
0.446
0.437
0.437
0.429
0.437
0.442
0.449
0.439
0.447
0.443
0.443
0.439
0.434
0.44
0.446
0.447
0.44
0.448
0.445
0.452
0.45
0.452
0.451
0.45
0.446
0.454
0.449
0.46
0.456
0.456
0.462
0.458
0.462
0.459
0.46
0.461
0.46
0.468
0.467
0.469
0.466
0.487
0.488
0.489
0.491
0.494
0.489
0.496
0.5
0.49
0.513
0.51
0.517
0.521
0.518
0.524
0.534
0.547
0.545
0.533
0.535
0.523
0.549
0.547
0.577
0.564
0.584
0.494
0.494
0.491
0.479
0.48
0.476
0.479
0.488
0.478
0.475
0.464
0.462
0.467
0.461
0.456
0.461
0.455
0.449
0.454
0.449
0.456
0.445
0.449
0.447
0.454
0.446
0.445
0.453
0.445
0.449
0.45
0.441
0.449
0.449
0.446
0.446
0.447
0.445
0.448
0.448
0.447
0.445
0.448
0.447
0.452
0.449
0.459
0.453
0.456
0.454
0.458
0.454
0.454
0.457
0.46
0.459
0.456
0.458
0.461
0.466
0.458
0.458
0.46
0.461
0.464
0.468
0.464
0.464
