0.494
0.484
0.443
0.441
0.448
0.428
0.42
0.412
0.419
0.42
0.411
0.41
0.402
0.397
0.406
0.401
0.409
0.4
0.396
0.397
0.388
0.396
0.39
0.395
0.387
0.392
0.391
0.39
0.383
0.383
0.387
0.383
0.39
0.384
0.378
0.383
0.387
0.379
0.376
0.379
0.385
0.379
0.377
0.377
0.386
0.382
0.374
0.375
0.367
0.372
0.377
0.37
0.373
0.374
0.375
0.371
0.368
0.37
0.368
0.368
0.368
0.367
0.368
0.37
0.369
0.368
0.368
0.376
0.373
0.371
0.374
0.378
0.372
0.38
0.374
0.382
0.373
0.382
0.374
0.378
0.377
0.386
0.381
0.376
0.385
0.377
0.384
0.379
0.387
0.384
0.383
0.377
0.37
0.38
0.378
0.371
0.373
0.374
0.372
0.378
0.369
0.371
0.368
0.371
0.368
0.364
0.37
0.368
0.369
0.37
0.362
0.366
0.357
0.365
0.358
0.362
0.355
0.363
0.359
0.354
0.358
0.36
0.359
0.357
0.357
0.358
0.356
0.357
0.356
0.358
0.355
0.357
0.355
0.358
0.357
0.357
0.355
0.358
0.356
0.359
0.356
0.363
0.351
0.351
0.349
0.357
0.35
0.354
0.354
0.354
0.354
0.358
0.351
0.354
0.361
0.357
0.358
0.362
0.358
0.358
0.363
0.36
0.363
0.364
0.362
0.36
0.366
0.365
0.363
0.372
0.37
0.369
0.366
0.373
0.37
0.363
0.364
0.37
0.369
0.366
0.365
0.365
0.366
0.37
0.365
0.362
0.368
0.374
0.367
0.38
0.369
0.366
0.372
0.377
0.364
0.355
0.36
0.363
0.364
0.359
0.36
0.35
0.354
0.356
0.357
0.356
0.35
0.354
0.361
0.358
0.351
0.359
0.354
0.354
0.353
0.348
0.352
0.349
0.347
0.351
0.697
0.694
0.696
0.697
0.345
0.35
0.345
0.348
0.343
0.349
0.353
0.347
0.347
0.351
0.358
0.358
0.354
0.353
0.354
0.358
0.356
0.356
0.356
0.363
0.351
0.356
0.359
0.362
0.354
0.362
0.359
0.357
0.364
0.363
0.365
0.371
0.36
0.364
0.371
0.357
0.352
0.359
0.356
0.358
0.357
0.355
0.36
0.352
0.347
0.353
0.346
0.354
0.351
0.696
0.696
0.695
0.695
0.695
0.693
0.691
0.691
0.693
0.351
0.351
0.346
0.351
0.353
0.348
0.354
0.351
0.347
0.353
0.345
0.353
0.346
0.354
0.353
0.346
0.352
0.346
0.35
0.347
0.347
0.345
0.35
0.343
0.688
0.689
0.693
0.69
0.344
0.342
0.342
0.349
0.349
0.344
0.339
0.347
0.345
0.35
0.352
0.355
0.351
0.344
0.348
0.358
0.351
0.355
0.355
0.355
0.358
0.356
0.355
0.361
0.354
0.361
0.358
0.358
0.355
0.357
0.36
0.353
0.355
0.354
0.358
0.357
0.349
0.355
0.349
0.355
0.347
0.355
0.349
0.354
0.349
0.354
0.347
0.353
0.348
0.354
0.352
0.346
0.352
0.348
0.351
0.35
0.348
0.354
0.353
0.349
0.353
0.345
0.351
0.345
0.349
0.347
0.347
0.349
0.346
0.349
0.344
0.35
0.344
0.35
0.343
0.35
0.343
0.345
0.345
0.345
0.346
0.343
0.344
0.345
0.342
0.345
0.339
0.347
0.345
0.342
0.342
0.34
0.342
0.339
0.338
0.343
0.341
0.341
0.347
0.348
0.344
0.35
0.344
0.348
0.348
0.354
0.352
0.354
0.352
0.348
0.353
0.357
0.359
0.351
0.352
0.357
0.351
0.357
0.352
0.354
0.356
0.354
0.354
0.352
0.353
0.352
0.352
0.352
0.352
0.352
0.353
0.353
0.351
0.35
0.351
0.352
0.351
0.348
0.347
0.351
0.349
0.349
0.347
0.347
0.346
0.35
0.345
0.349
0.346
0.346
0.35
0.347
0.349
0.347
0.347
0.347
0.345
0.35
0.345
0.347
0.345
0.35
0.344
0.346
0.345
0.345
0.348
0.346
0.347
0.348
0.345
0.347
0.345
0.341
0.347
0.347
0.348
0.345
0.347
0.348
0.346
0.343
0.347
0.345
0.345
0.346
0.344
0.344
0.346
0.343
0.347
0.343
0.349
0.342
0.349
0.343
0.348
0.344
0.345
0.342
0.349
0.342
0.346
0.348
0.348
0.344
0.35
0.342
0.348
0.343
0.346
0.342
0.341
0.346
0.345
0.347
0.34
0.339
0.343
0.347
0.344
0.34
0.347
0.35
0.342
0.343
0.344
0.342
0.347
0.344
0.693
0.349
0.352
0.354
0.35
0.347
0.354
0.354
0.349
0.355
0.349
0.355
0.353
0.361
0.359
0.361
0.353
0.361
0.354
0.357
0.357
0.359
0.355
0.354
0.362
0.355
0.356
0.355
0.358
0.355
0.356
0.354
0.358
0.351
0.353
0.355
0.351
0.358
0.351
0.357
0.349
0.354
0.349
0.354
0.348
0.349
0.35
0.35
0.351
0.348
0.35
0.346
0.349
0.346
0.35
0.348
0.351
0.346
0.346
0.35
0.347
0.345
0.346
0.347
0.342
0.348
0.342
0.348
0.342
0.349
0.344
0.344
0.343
0.345
0.34
0.344
0.337
0.342
0.687
0.341
0.342
0.345
0.342
0.34
0.345
0.34
0.337
0.681
0.681
0.34
0.345
0.34
0.339
0.343
0.34
0.338
0.34
0.34
0.336
0.341
0.677
0.337
0.341
0.341
0.341
0.67
0.344
0.341
0.344
0.344
0.341
0.341
0.34
0.343
0.337
0.344
0.34
0.344
0.345
0.337
0.348
0.349
0.349
0.347
0.354
0.346
0.354
0.353
0.352
0.352
0.352
0.346
0.349
0.345
0.352
0.346
0.35
0.348
0.348
0.346
0.347
0.345
0.348
0.343
0.347
0.343
0.35
0.342
0.349
0.341
0.343
0.349
0.346
0.345
0.346
0.34
0.347
0.343
0.346
0.344
0.34
0.342
0.346
0.339
0.346
0.699
0.343
0.343
0.344
0.34
0.346
0.344
0.343
0.341
0.679
0.682
0.345
0.342
0.343
0.344
0.34
0.341
0.341
0.343
0.34
0.34
0.34
0.34
0.343
0.338
0.337
0.345
0.679
0.677
0.679
0.336
0.34
0.34
0.338
0.34
0.34
0.342
0.675
0.677
0.337
0.337
0.339
0.337
0.339
0.332
0.338
0.337
0.337
0.34
0.344
0.337
0.344
0.343
0.338
0.339
0.343
0.347
0.35
0.346
0.342
0.346
0.351
0.346
0.35
0.352
0.347
0.352
0.351
0.347
0.354
0.353
0.35
0.355
0.351
0.352
0.356
0.354
0.362
0.361
0.355
0.362
0.362
0.359
0.365
0.363
0.358
0.364
0.359
0.367
0.36
0.365
0.362
0.369
0.362
0.369
0.362
0.37
0.362
0.364
0.372
0.364
0.366
0.375
0.379
0.37
0.373
0.381
0.379
0.372
0.379
0.371
0.378
0.373
0.376
0.373
0.371
0.377
0.372
0.376
0.371
0.373
0.369
0.376
0.369
0.37
0.369
0.373
0.366
0.367
0.369
0.37
0.37
0.37
0.372
0.367
0.376
0.371
0.379
0.381
0.376
0.381
0.374
0.382
0.38
0.375
0.384
0.378
0.381
0.384
0.377
0.383
0.382
0.382
0.381
0.381
0.379
0.382
0.386
0.385
0.379
0.384
0.378
0.384
0.382
0.382
0.386
0.383
0.383
0.388
0.384
0.384
0.38
0.383
0.385
0.381
0.389
0.386
0.389
0.395
0.389
0.386
0.388
0.389
0.396
0.389
0.395
0.389
0.396
0.388
0.385
0.392
0.392
0.39
0.389
0.392
0.388
0.39
0.389
0.39
0.389
0.386
0.391
0.386
0.393
0.384
0.391
0.394
0.391
0.393
0.396
0.394
0.393
0.399
0.396
0.404
0.394
0.401
0.4
0.396
0.396
0.399
0.403
0.399
0.401
0.402
0.409
0.402
0.399
0.403
0.399
0.403
0.394
0.4
0.401
0.398
0.4
0.397
0.399
0.4
0.406
0.403
0.399
0.401
0.405
0.4
0.397
0.399
0.401
0.401
0.396
0.402
0.401
0.4
0.397
0.404
0.398
0.404
0.399
0.406
0.396
0.397
0.396
0.397
0.396
0.398
0.395
0.396
0.395
0.396
0.396
0.399
0.396
0.396
0.393
0.396
0.405
0.404
0.394
0.392
0.393
0.399
0.407
0.406
0.399
0.4
0.397
0.394
0.398
0.396
0.399
0.394
0.396
0.394
0.398
0.394
0.4
0.396
0.398
0.401
0.4
0.399
0.398
0.393
0.398
0.392
0.394
0.397
0.396
0.394
0.4
0.403
0.396
0.404
0.397
0.398
0.402
0.396
0.398
0.395
0.4
0.397
0.403
0.399
0.398
0.397
0.404
0.401
0.404
0.401
0.401
0.396
0.404
0.4
0.403
0.403
0.397
0.404
0.402
0.402
0.402
0.406
0.399
0.4
0.406
0.396
0.401
0.398
0.399
0.399
0.401
0.402
0.409
0.399
0.404
0.405
0.401
0.408
0.398
0.398
0.401
0.405
0.399
0.408
0.407
0.406
0.396
0.399
0.403
0.398
0.4
0.408
0.409
0.405
0.41
0.403
0.407
0.409
0.412
0.407
0.417
0.417
0.419
0.415
0.415
0.406
0.411
0.414
0.414
0.415
0.421
0.42
0.423
0.428
0.414
0.421
0.418
0.408
0.414
0.411
0.406
0.408
0.406
0.411
0.414
0.408
0.401
0.407
0.404
0.4
0.406
0.406
0.404
0.401
0.4
0.406
0.405
0.403
0.404
0.405
0.409
0.403
0.399
0.401
0.409
0.402
0.41
0.402
0.407
0.407
0.4
0.403
0.403
0.399
0.403
0.402
0.411
0.405
0.408
0.402
0.402
0.401
0.404
0.4
0.409
0.399
0.407
0.405
0.403
0.401
0.398
0.403
0.401
0.396
0.405
0.397
0.406
0.403
0.407
0.406
0.408
0.401
0.397
0.404
0.394
0.398
0.404
0.403
0.397
0.398
0.396
0.399
0.396
0.4
0.393
0.402
0.396
0.396
0.396
0.401
0.4
0.394
0.399
0.392
0.398
0.396
0.401
0.391
0.396
0.4
0.401
0.396
0.397
0.395
0.395
0.396
0.392
0.399
0.392
0.394
0.399
0.396
0.395
0.393
0.39
0.393
0.391
0.394
0.395
0.386
0.392
0.397
0.394
0.399
0.395
0.4
0.395
0.393
0.396
0.391
0.394
0.395
0.395
0.392
0.39
0.397
0.393
0.393
0.399
0.396
0.398
0.391
0.395
0.388
0.396
0.39
0.399
0.392
0.391
0.391
0.393
0.395
0.39
0.391
0.395
0.392
0.391
0.394
0.393
0.391
0.391
0.393
0.392
0.396
0.388
0.391
0.399
0.39
0.393
0.396
0.389
0.393
0.393
0.396
0.39
0.395
0.388
0.393
0.389
0.39
0.395
0.395
0.402
0.396
0.397
0.394
0.396
0.393
0.396
0.391
0.395
0.391
0.398
0.389
0.393
0.397
0.4
0.395
0.404
0.396
0.394
0.396
0.393
0.396
0.393
0.396
0.39
0.399
0.391
0.399
0.39
0.398
0.396
0.396
0.394
0.393
0.396
0.398
0.401
0.397
0.394
0.397
0.395
0.396
0.393
0.397
0.393
0.396
0.405
0.396
0.4
0.395
0.386
0.392
0.388
0.383
0.381
0.384
0.375
0.375
0.373
0.365
0.374
0.367
0.366
0.369
0.368
0.376
0.365
0.361
0.363
0.361
0.366
0.367
0.362
0.355
0.355
0.354
0.36
0.357
0.354
0.354
0.352
0.356
0.353
0.355
0.354
0.354
0.351
0.354
0.355
0.354
0.353
0.352
0.36
0.354
0.35
0.353
0.354
0.35
0.353
0.351
0.354
0.349
0.356
0.355
0.352
0.351
0.353
0.354
0.347
0.352
0.352
0.354
0.354
0.354
0.354
0.352
0.357
0.356
0.36
0.362
0.365
0.364
0.361
0.365
0.362
0.363
0.37
0.368
0.366
0.367
0.366
0.368
0.37
0.37
0.369
0.372
0.373
0.372
0.375
0.374
0.377
0.378
0.377
0.376
0.378
0.378
0.382
0.378
0.378
0.384
0.38
0.388
0.39
0.385
0.394
0.387
0.389
0.393
0.393
0.394
0.39
0.395
0.396
0.402
0.398
0.401
0.401
0.398
0.399
0.404
0.404
0.415
0.418
0.422
0.419
0.413
0.419
0.427
0.437
0.435
0.435
0.433
0.443
0.438
0.433
0.437
0.438
0.444
0.444
0.443
0.445
0.441
0.451
0.452
0.455
0.45
0.455
0.459
0.453
0.46
0.452
0.454
0.454
0.455
0.455
0.46
0.461
0.462
0.463
0.471
0.477
0.473
0.48
0.473
0.479
0.481
0.479
0.479
0.474
0.477
0.479
0.471
0.479
0.477
0.469
0.481
0.484
0.487
0.488
0.482
0.494
0.496
0.493
0.486
0.49
0.484
0.484
0.482
0.474
0.468
0.472
0.417
0.42
0.419
0.409
0.419
0.398
0.399
0.397
0.391
0.396
0.395
0.391
0.388
0.381
0.385
0.373
0.367
0.368
0.362
0.36
0.356
0.353
0.359
0.353
0.356
0.354
0.353
0.353
0.354
0.354
0.354
0.351
0.354
0.354
0.356
0.355
0.351
0.35
0.354
0.352
0.355
0.353
0.355
0.357
0.355
0.356
0.36
0.361
0.357
0.359
0.364
0.361
0.361
0.36
0.365
0.366
0.363
0.365
0.365
0.367
0.367
0.366
0.368
0.367
0.37
0.372
0.367
0.374
0.369
0.372
0.371
0.371
0.372
0.37
0.372
0.375
0.377
0.374
0.378
0.378
0.38
0.38
0.378
0.38
0.385
0.385
0.385
0.39
0.385
0.385
0.391
0.386
0.387
0.387
0.392
0.391
0.392
0.396
0.39
0.398
0.397
0.398
0.404
0.4
0.414
0.408
0.411
0.415
0.414
0.415
0.412
0.419
0.422
0.417
0.425
0.435
0.43
0.436
0.432
0.431
0.432
0.434
0.431
0.436
0.435
0.435
0.441
0.437
0.438
0.443
0.441
0.451
0.442
0.451
0.456
0.45
0.455
0.459
0.459
0.453
0.46
0.463
0.456
0.455
0.455
0.458
0.459
0.461
0.465
0.468
0.466
0.473
0.479
0.473
0.473
0.472
0.47
0.476
0.471
0.471
0.461
0.434
0.396
0.395
0.378
0.382
0.365
0.374
0.377
0.368
0.361
0.358
0.36
0.36
0.353
0.357
0.356
0.354
0.352
0.347
0.349
0.352
0.352
0.355
0.357
0.354
0.354
0.36
0.353
0.354
0.357
0.357
0.363
0.358
0.357
0.363
0.358
0.366
0.362
0.361
0.365
0.365
0.361
0.366
0.371
0.371
0.369
0.374
0.373
0.373
0.372
0.378
0.372
0.372
0.375
0.373
0.377
0.374
0.372
0.378
0.375
0.376
0.378
0.376
0.382
0.377
0.379
0.38
0.382
0.386
0.385
0.387
0.389
0.391
0.392
0.387
0.394
0.391
0.395
0.391
0.396
0.391
0.396
0.395
0.393
0.396
0.4
0.397
0.401
0.397
0.396
0.4
0.402
0.404
0.402
0.397
0.407
0.41
0.412
0.413
0.412
0.416
0.418
0.421
0.424
0.424
0.425
0.431
0.421
0.429
0.431
0.433
0.428
0.431
0.435
0.433
0.436
0.44
0.438
0.441
0.446
0.443
0.444
0.448
0.446
0.446
0.445
0.451
0.451
0.455
0.451
0.456
0.454
0.462
0.456
0.465
0.46
0.466
0.462
0.461
0.459
0.463
0.467
0.459
0.455
0.46
0.461
0.463
0.464
0.456
0.464
0.465
0.429
0.429
0.423
0.402
0.4
0.394
0.385
0.38
0.381
0.382
0.374
0.369
0.372
0.371
0.368
0.359
0.351
0.362
0.36
0.363
0.354
0.354
0.351
0.352
0.347
0.354
0.352
0.354
0.353
0.356
0.354
0.352
0.354
0.354
0.352
0.354
0.357
0.352
0.354
0.356
0.353
0.355
0.355
0.355
0.354
0.352
0.36
0.355
0.36
0.359
0.352
0.357
0.357
0.361
0.361
0.358
0.361
0.363
0.364
0.363
0.365
0.365
0.365
0.363
0.367
0.365
0.364
0.37
0.37
0.372
0.378
0.369
0.377
0.371
0.377
0.371
0.377
0.378
0.372
0.376
0.377
0.385
0.378
0.381
0.381
0.38
0.379
0.381
0.379
0.382
0.379
0.382
0.38
0.381
0.379
0.381
0.378
0.383
0.379
0.385
0.38
0.376
0.38
0.38
0.376
0.379
0.379
0.376
0.379
0.379
0.379
0.375
0.376
0.379
0.378
0.379
0.377
0.382
0.376
0.378
0.378
0.386
0.383
0.387
0.39
0.388
0.391
0.392
0.386
0.393
0.392
0.401
0.398
0.398
0.394
0.4
0.399
0.397
0.399
0.404
0.396
0.399
0.407
0.403
0.402
0.4
0.407
0.404
0.403
0.408
0.408
0.409
0.411
0.412
0.414
0.42
0.412
0.416
0.421
0.418
0.413
0.42
0.423
0.428
0.422
0.432
0.424
0.427
0.434
0.431
0.432
0.437
0.43
0.439
0.435
0.438
0.434
0.438
0.442
0.442
0.45
0.446
0.448
0.453
0.453
0.454
0.451
0.449
0.447
0.468
0.459
0.456
0.454
0.459
0.458
0.463
0.452
0.462
0.458
0.457
0.466
0.462
0.469
0.472
0.465
0.469
0.472
0.475
0.469
0.479
0.531
0.526
0.53
0.526
0.526
0.521
0.518
0.521
0.513
0.511
0.502
0.493
0.496
0.492
0.485
0.493
0.492
0.49
0.496
0.495
0.488
0.482
0.494
0.524
0.529
0.544
0.553
0.548
0.546
0.539
0.53
0.531
0.524
0.523
0.521
0.511
0.508
0.506
0.512
0.519
0.521
0.532
0.536
0.536
0.534
0.535
0.526
0.521
0.509
0.5
0.503
0.502
0.506
0.515
0.514
0.518
0.527
0.518
0.507
0.514
0.508
0.51
0.508
0.516
0.518
0.511
0.512
0.504
0.511
0.5
0.511
0.51
0.51
0.504
0.515
0.512
0.517
0.517
0.513
0.513
0.515
0.517
0.518
0.519
0.512
0.517
0.513
0.52
0.514
0.517
0.505
0.513
0.513
0.514
0.518
0.509
0.52
0.512
0.521
0.518
0.522
0.514
0.523
0.52
0.516
0.514
0.512
0.517
0.511
0.514
0.512
0.512
0.509
0.515
0.512
0.513
0.516
0.515
0.521
0.518
0.524
0.517
0.529
0.519
0.528
0.52
0.526
0.513
0.512
0.504
0.509
0.513
0.509
0.502
0.508
0.515
0.521
0.62
0.583
0.573
0.575
0.567
0.567
0.569
0.564
0.567
0.563
0.564
0.562
0.565
0.566
0.568
0.573
0.571
0.578
0.579
0.572
0.575
0.571
0.571
0.568
0.568
0.564
0.569
0.567
0.571
0.571
0.577
0.579
0.575
0.578
0.579
0.575
0.582
0.585
0.582
0.582
0.577
0.57
0.575
0.571
0.575
0.564
0.563
0.553
0.54
0.532
0.526
0.53
0.526
0.53
0.531
0.544
0.555
0.56
0.564
0.581
0.585
0.583
0.58
0.578
0.577
0.579
0.569
0.567
0.571
0.571
0.565
0.571
0.575
0.574
0.569
0.565
0.573
0.569
0.552
0.548
0.536
0.545
0.54
0.538
0.527
0.526
0.514
0.522
0.519
0.525
0.521
0.521
0.527
0.53
0.529
0.533
0.528
0.523
0.518
0.521
0.52
0.511
0.516
0.499
0.491
0.488
0.477
0.491
0.492
0.487
0.492
0.486
0.49
0.488
0.486
0.492
0.486
0.489
0.485
0.492
0.495
0.49
0.488
0.493
0.496
0.487
0.458
0.458
0.45
0.441
0.437
0.427
0.424
0.423
0.407
0.408
0.377
0.374
0.374
0.372
0.377
0.378
0.372
0.376
0.371
0.373
0.375
0.369
0.374
0.374
0.374
0.374
0.378
0.374
0.374
0.379
0.373
0.379
0.379
0.383
0.374
0.377
0.381
0.379
0.385
0.386
0.382
0.382
0.385
0.384
0.383
0.392
0.383
0.377
0.386
0.385
0.386
0.385
0.388
0.387
0.386
0.389
0.387
0.388
0.389
0.389
0.392
0.388
0.388
0.391
0.393
0.395
0.392
0.393
0.395
0.394
0.392
0.397
0.394
0.39
0.399
0.393
0.393
0.397
0.398
0.394
0.401
0.397
0.4
0.406
0.399
0.398
0.403
0.405
0.407
0.398
0.402
0.404
0.409
0.408
0.408
0.414
0.413
0.419
0.416
0.416
0.416
0.42
0.425
0.421
0.425
0.428
0.428
0.43
0.43
0.435
0.435
0.437
0.433
0.436
0.438
0.438
0.439
0.437
0.434
0.442
0.439
0.437
0.44
0.438
0.442
0.438
0.446
0.441
0.446
0.444
0.447
0.453
0.451
0.452
0.453
0.457
0.454
0.452
0.451
0.451
0.451
0.451
0.451
0.45
0.449
0.448
0.458
0.453
0.452
0.449
0.459
0.456
0.461
0.462
0.464
0.454
0.456
0.462
0.457
0.459
0.463
0.457
0.465
0.461
0.465
0.468
0.475
0.469
0.473
0.479
0.47
0.473
0.479
0.479
0.479
0.471
0.477
0.475
0.48
0.47
0.479
0.475
0.486
0.474
0.479
0.48
0.477
0.48
0.479
0.478
0.479
0.474
0.476
0.482
0.48
0.487
0.485
0.488
0.483
0.494
0.484
0.49
0.485
0.491
0.489
0.486
0.485
0.487
0.486
0.488
0.491
0.483
0.486
0.485
0.486
0.495
0.492
0.498
0.49
0.499
0.502
0.492
0.497
0.49
0.498
0.495
0.489
0.492
0.494
0.485
0.484
0.487
0.481
0.486
0.488
0.492
0.491
0.499
0.493
0.494
0.497
0.498
0.495
0.491
0.495
0.487
0.488
0.485
0.484
0.482
0.489
0.486
0.494
0.49
0.489
0.49
0.484
0.493
0.488
0.486
0.49
0.487
0.481
0.484
0.479
0.483
0.479
0.489
0.492
0.488
0.499
0.499
0.503
0.501
0.499
0.463
0.468
0.439
0.432
0.436
0.426
0.426
0.418
0.428
0.408
0.416
0.412
0.4
0.391
0.392
0.396
0.388
0.389
0.39
0.381
0.374
0.372
0.378
0.377
0.368
0.372
0.373
0.37
0.37
0.372
0.378
0.373
0.399
0.396
0.403
0.396
0.399
0.393
0.402
0.404
0.405
0.41
0.406
0.404
0.411
0.408
0.401
0.41
0.405
0.411
0.406
0.413
0.405
0.41
0.409
0.409
0.402
0.411
0.41
0.418
0.415
0.413
0.423
0.418
0.421
0.417
0.415
0.417
0.412
0.419
0.42
0.422
0.418
0.415
0.42
0.419
0.422
0.425
0.428
0.426
0.423
0.426
0.425
0.429
0.429
0.436
0.431
0.427
0.427
0.434
0.432
0.432
0.432
0.438
0.437
0.44
0.438
0.445
0.44
0.437
0.447
0.449
0.445
0.453
0.447
0.453
0.45
0.457
0.453
0.457
0.457
0.459
0.459
0.455
0.456
0.455
0.461
0.461
0.457
0.465
0.466
0.468
0.469
0.468
0.466
0.463
0.465
0.469
0.464
0.464
0.458
0.458
0.468
0.463
0.469
0.473
0.464
0.47
0.477
0.478
0.476
0.476
0.476
0.472
0.471
0.472
0.477
0.474
0.475
0.469
0.469
0.478
0.479
0.482
0.483
0.49
0.484
0.481
0.483
0.483
0.479
0.489
0.48
0.486
0.48
0.489
0.483
0.484
0.483
0.481
0.486
0.491
0.497
0.492
0.49
0.484
0.492
0.491
0.487
0.483
0.488
0.485
0.476
0.485
0.491
0.481
0.487
0.488
0.489
0.49
0.486
0.495
0.488
0.491
0.481
0.487
0.479
