0.444
0.435
0.444
0.431
0.413
0.42
0.411
0.404
0.396
0.396
0.399
0.392
0.388
0.39
0.397
0.382
0.391
0.377
0.377
0.39
0.382
0.391
0.4
0.384
0.385
0.38
0.372
0.37
0.369
0.367
0.369
0.364
0.371
0.368
0.368
0.366
0.363
0.359
0.368
0.363
0.371
0.364
0.358
0.36
0.357
0.362
0.371
0.368
0.361
0.369
0.371
0.367
0.367
0.373
0.374
0.373
0.368
0.373
0.37
0.373
0.364
0.371
0.38
0.371
0.367
0.369
0.37
0.369
0.362
0.371
0.375
0.372
0.378
0.37
0.362
0.364
0.361
0.354
0.361
0.356
0.36
0.355
0.356
0.361
0.356
0.358
0.36
0.357
0.365
0.361
0.353
0.36
0.368
0.36
0.364
0.352
0.693
0.689
0.692
0.682
0.362
0.361
0.353
0.354
0.362
0.353
0.354
0.359
0.354
0.361
0.357
0.391
0.401
0.656
0.358
0.359
0.358
0.368
0.366
0.372
0.372
0.372
0.364
0.358
0.351
0.358
0.357
0.351
0.356
0.359
0.354
0.351
0.354
0.36
0.357
0.359
0.353
0.36
0.362
0.354
0.36
0.355
0.361
0.353
0.359
0.36
0.358
0.36
0.361
0.36
0.361
0.362
0.358
0.363
0.361
0.359
0.36
0.353
0.361
0.366
0.363
0.363
0.359
0.365
0.361
0.36
0.359
0.363
0.364
0.36
0.364
0.364
0.36
0.367
0.362
0.354
0.354
0.372
0.363
0.366
0.374
0.372
0.374
0.36
0.366
0.363
0.364
0.357
0.35
0.358
0.354
0.354
0.354
0.348
0.354
0.353
0.351
0.354
0.347
0.355
0.354
0.349
0.355
0.347
0.354
0.352
0.356
0.361
0.358
0.355
0.358
0.353
0.354
0.358
0.355
0.357
0.358
0.351
0.354
0.362
0.359
0.362
0.364
0.364
0.359
0.364
0.368
0.363
0.365
0.365
0.369
0.36
0.361
0.369
0.365
0.366
0.362
0.37
0.368
0.374
0.367
0.37
0.379
0.374
0.38
0.368
0.366
0.349
0.357
0.358
0.355
0.353
0.347
0.355
0.351
0.357
0.354
0.346
0.358
0.35
0.354
0.354
0.354
0.36
0.352
0.355
0.358
0.357
0.364
0.357
0.362
0.359
0.354
0.367
0.362
0.362
0.368
0.367
0.369
0.366
0.361
0.36
0.367
0.366
0.365
0.372
0.373
0.367
0.376
0.368
0.372
0.367
0.36
0.372
0.369
0.368
0.377
0.686
0.343
0.351
0.358
0.345
0.35
0.353
0.348
0.345
0.352
0.349
0.352
0.351
0.356
0.354
0.349
0.354
0.353
0.357
0.351
0.347
0.353
0.357
0.355
0.351
0.356
0.353
0.358
0.359
0.355
0.357
0.36
0.362
0.359
0.358
0.361
0.363
0.36
0.362
0.356
0.36
0.355
0.361
0.36
0.368
0.364
0.357
0.359
0.364
0.357
0.359
0.367
0.362
0.366
0.367
0.367
0.365
0.365
0.359
0.354
0.698
0.692
0.69
0.349
0.342
0.346
0.343
0.351
0.351
0.355
0.349
0.352
0.355
0.352
0.354
0.351
0.358
0.354
0.357
0.353
0.35
0.35
0.354
0.352
0.354
0.359
0.357
0.362
0.358
0.353
0.361
0.365
0.361
0.361
0.363
0.367
0.374
0.374
0.698
0.694
0.35
0.344
0.351
0.349
0.345
0.351
0.35
0.352
0.352
0.35
0.352
0.351
0.351
0.347
0.346
0.35
0.358
0.353
0.355
0.351
0.358
0.352
0.357
0.356
0.353
0.352
0.353
0.356
0.348
0.351
0.354
0.349
0.355
0.35
0.353
0.358
0.366
0.36
0.361
0.361
0.359
0.367
0.362
0.365
0.373
0.365
0.369
0.362
0.376
0.385
0.354
0.346
0.354
0.346
0.354
0.349
0.355
0.353
0.353
0.348
0.354
0.352
0.355
0.355
0.349
0.355
0.348
0.356
0.359
0.353
0.354
0.358
0.364
0.36
0.352
0.355
0.356
0.359
0.358
0.362
0.354
0.35
0.358
0.359
0.357
0.361
0.362
0.359
0.362
0.366
0.359
0.363
0.368
0.359
0.352
0.362
0.358
0.361
0.355
0.362
0.368
0.356
0.36
0.361
0.361
0.678
0.354
0.348
0.352
0.355
0.352
0.354
0.346
0.354
0.353
0.347
0.349
0.348
0.353
0.354
0.349
0.354
0.356
0.352
0.348
0.356
0.348
0.354
0.354
0.362
