0.65
0.635
0.622
0.591
0.586
0.574
0.576
0.563
0.555
0.567
0.553
0.559
0.57
0.548
0.558
0.561
0.54
0.542
0.53
0.542
0.525
0.537
0.524
0.537
0.53
0.518
0.522
0.516
0.504
0.514
0.521
0.515
0.518
0.508
0.504
0.5
0.503
0.482
0.484
0.487
0.495
0.495
0.495
0.486
0.484
0.492
0.502
0.496
0.494
0.491
0.484
0.486
0.485
0.494
0.506
0.494
0.495
0.494
0.495
0.491
0.497
0.5
0.507
0.477
0.488
0.492
0.488
0.478
0.478
0.477
0.476
0.47
0.474
0.477
0.479
0.478
0.471
0.476
0.469
0.472
0.482
0.474
0.483
0.474
0.482
0.472
0.472
0.464
0.468
0.457
0.46
0.458
0.447
0.444
0.463
0.457
0.451
0.458
0.471
0.462
0.455
0.456
0.448
0.457
0.451
0.449
0.443
0.448
0.453
0.462
0.452
0.447
0.453
0.456
0.457
0.466
0.46
0.457
0.453
0.452
0.45
0.461
0.47
0.458
0.462
0.456
0.446
0.447
0.453
0.454
0.465
0.471
0.464
0.472
0.466
0.473
0.462
0.456
0.451
0.457
0.488
0.484
0.487
0.484
0.481
0.477
0.484
0.474
0.474
0.48
0.487
0.477
0.478
0.486
0.469
0.458
0.463
0.474
0.479
0.458
0.479
0.469
0.471
0.474
0.466
0.473
0.463
0.463
0.469
0.461
0.458
0.454
0.451
0.455
0.448
0.458
0.462
0.46
0.468
0.458
0.469
0.474
0.45
0.453
0.449
0.453
0.452
0.459
0.466
0.46
0.452
0.459
0.47
0.459
0.463
0.472
0.465
0.467
0.47
0.461
0.463
0.465
0.457
0.462
0.467
0.475
0.485
0.468
0.49
0.487
0.47
0.466
0.468
0.469
0.459
0.47
0.472
0.461
0.472
0.456
0.452
0.45
0.448
0.46
0.463
0.452
0.453
0.442
0.447
0.451
0.441
0.449
0.447
0.45
0.45
0.443
0.448
0.437
0.44
0.447
0.442
0.444
0.441
0.439
0.443
0.452
0.455
0.441
0.444
0.448
0.455
0.439
0.439
0.446
0.448
0.454
0.452
0.449
0.448
0.44
0.455
0.444
0.451
0.447
0.445
0.472
0.47
0.474
0.463
0.465
0.464
0.453
0.449
0.457
0.464
0.453
0.464
0.474
0.457
0.465
0.469
0.473
0.472
0.478
0.461
0.46
0.466
0.471
0.463
0.473
0.466
0.459
0.456
0.454
0.452
0.463
0.471
0.455
0.456
0.457
0.454
0.456
0.447
0.443
0.466
0.453
0.455
0.456
0.456
0.454
0.462
0.459
0.462
0.478
0.487
0.489
0.492
0.496
0.498
0.494
0.496
0.493
0.49
0.497
0.492
0.495
0.497
0.503
0.499
0.505
0.505
0.505
0.505
0.494
0.5
0.5
0.488
0.494
0.494
0.49
0.489
0.494
0.497
0.497
0.501
0.502
0.506
0.501
0.505
0.503
0.504
0.5
0.497
0.507
0.499
0.505
0.563
0.549
0.536
0.535
0.543
0.531
0.586
0.594
0.596
0.609
0.622
0.621
0.621
0.635
0.632
0.629
0.637
0.632
0.631
0.621
0.621
0.617
0.614
0.611
0.622
0.622
0.648
0.653
0.655
0.641
0.64
0.623
0.622
0.63
0.638
0.652
0.663
0.651
0.645
0.652
0.64
0.638
0.636
0.624
0.622
0.627
0.642
0.651
0.652
0.646
0.636
0.642
0.639
0.65
0.654
0.683
0.68
0.683
0.693
0.696
0.694
0.699
0.691
0.693
0.691
