0.605
0.46
0.456
0.458
0.374
0.426
0.429
0.68
0.436
0.433
0.423
0.399
0.405
0.404
0.411
0.432
0.439
0.422
0.422
0.422
0.418
0.419
0.409
0.411
0.419
0.41
0.417
0.408
0.403
0.393
0.398
0.408
0.398
0.394
0.395
0.414
0.395
0.4
0.407
0.398
0.412
0.41
0.405
0.399
0.407
0.425
0.408
0.413
0.403
0.395
0.408
0.406
0.41
0.417
0.417
0.413
0.41
0.412
0.402
0.423
0.417
0.417
0.411
0.414
0.411
0.42
0.427
0.416
0.407
0.416
0.41
0.404
0.408
0.414
0.414
0.413
0.408
0.409
0.406
0.407
0.425
0.416
0.415
0.409
0.419
0.413
0.413
0.422
0.412
0.403
0.405
0.401
0.407
0.399
0.408
0.405
0.397
0.384
0.406
0.396
0.404
0.399
0.405
0.402
0.402
0.407
0.385
0.385
0.383
0.4
0.403
0.4
0.397
0.394
0.389
0.391
0.412
0.404
0.401
0.407
0.405
0.403
0.4
0.41
0.412
0.396
0.4
0.404
0.402
0.396
0.407
0.395
0.412
0.415
0.409
0.408
0.396
0.388
0.377
0.379
0.369
0.364
0.699
0.692
0.699
0.695
0.696
0.699
0.699
0.696
0.698
0.698
0.697
0.698
0.69
0.68
0.696
0.687
0.698
0.699
0.697
0.697
0.697
0.697
0.698
0.684
0.698
0.697
0.699
0.696
0.699
0.698
0.699
0.693
0.688
0.698
0.694
0.695
0.697
0.695
0.698
0.699
0.698
0.699
0.695
0.698
0.698
0.694
0.697
0.69
0.698
0.696
0.691
0.697
0.698
0.693
0.699
0.698
0.696
0.695
0.69
0.699
0.699
0.699
0.698
0.692
0.698
0.693
0.689
0.693
0.691
0.692
0.692
0.695
0.694
0.696
0.683
0.695
0.697
0.693
0.695
0.692
0.693
0.695
0.699
0.693
0.691
0.69
0.693
0.688
0.688
0.693
0.689
0.69
0.693
0.692
0.69
0.692
0.691
0.686
0.688
0.684
0.691
0.688
0.694
0.694
0.688
0.694
0.692
0.691
0.686
0.689
0.689
0.689
0.695
0.686
0.695
0.682
0.688
0.688
0.696
0.691
0.688
0.697
0.698
0.694
0.699
0.699
0.696
0.696
0.698
0.699
0.699
0.699
0.694
0.698
0.69
0.696
0.699
0.694
0.695
0.697
0.69
0.698
0.697
0.691
0.693
0.699
0.696
0.697
0.688
0.691
0.69
0.698
0.695
0.694
0.692
0.694
0.699
0.689
0.694
0.398
0.393
0.391
0.391
0.392
0.392
0.385
0.383
0.392
0.393
0.395
0.399
0.387
0.396
0.387
0.388
0.391
0.395
0.396
0.396
0.39
0.399
0.397
0.382
0.39
0.386
0.378
0.396
0.382
0.385
0.376
0.385
0.393
0.386
0.391
0.394
0.379
0.388
0.395
0.389
0.387
0.388
0.392
0.391
0.4
0.396
0.39
0.396
0.388
0.402
0.398
0.395
0.404
0.409
0.413
0.371
0.354
0.351
0.349
0.36
0.357
0.371
0.383
0.377
0.382
0.378
0.38
0.376
0.384
0.381
0.396
0.394
0.396
0.394
0.39
0.396
0.393
0.399
0.396
0.395
0.402
0.4
0.409
0.395
0.394
0.395
0.41
0.402
0.41
0.394
0.398
0.405
0.404
0.397
0.401
0.403
0.394
0.395
0.399
0.402
0.395
0.396
0.396
0.387
0.394
0.391
0.399
0.399
0.407
0.397
0.388
0.393
0.393
0.386
0.402
0.397
0.4
0.392
0.394
0.396
0.396
0.4
0.403
0.397
0.405
0.406
0.405
0.413
0.407
0.408
0.412
0.417
0.395
0.402
0.405
0.406
0.403
0.404
0.396
0.404
0.402
0.405
0.396
0.405
0.413
0.413
0.395
0.401
0.4
0.407
0.408
0.404
0.403
0.408
0.401
0.406
0.396
0.414
0.411
0.403
0.393
0.397
0.4
0.4
0.394
0.406
0.396
0.391
0.396
0.412
0.404
0.4
0.397
0.403
0.396
0.396
0.398
0.396
0.4
0.402
0.403
0.398
0.392
0.397
0.392
0.399
0.393
0.402
0.408
0.391
0.395
0.396
0.388
0.395
0.39
0.396
0.396
0.392
0.392
0.391
0.398
0.399
0.395
0.392
0.395
0.387
0.387
0.396
0.405
0.395
0.389
0.393
0.394
