0.584
0.579
0.584
0.582
0.575
0.564
0.575
0.576
0.558
0.546
0.545
0.551
0.544
0.547
0.54
0.543
0.54
0.532
0.534
0.526
0.535
0.51
0.521
0.513
0.521
0.508
0.52
0.516
0.513
0.506
0.512
0.506
0.509
0.5
0.505
0.496
0.492
0.499
0.498
0.489
0.477
0.486
0.489
0.479
0.481
0.469
0.474
0.473
0.478
0.476
0.471
0.446
0.457
0.457
0.447
0.445
0.451
0.444
0.449
0.46
0.439
0.448
0.453
0.449
0.46
0.463
0.464
0.462
0.449
0.457
0.457
0.449
0.465
0.461
0.471
0.469
0.466
0.466
0.463
0.458
0.449
0.443
0.445
0.45
0.461
0.45
0.453
0.45
0.446
0.441
0.44
0.431
0.434
0.43
0.428
0.435
0.443
0.433
0.432
0.428
0.436
0.438
0.432
0.428
0.429
0.438
0.439
0.434
0.438
0.435
0.43
0.424
0.435
0.438
0.429
0.427
0.429
0.433
0.44
0.433
0.424
0.444
0.433
0.433
0.426
0.426
0.43
0.437
0.435
0.438
0.441
0.432
0.427
0.436
0.434
0.431
0.437
0.435
0.427
0.437
0.442
0.431
0.433
0.44
0.44
0.438
0.434
0.43
0.425
0.432
0.44
0.442
0.442
0.438
0.431
0.438
0.436
0.427
0.433
0.438
0.437
0.44
0.444
0.449
0.441
0.445
0.437
0.437
0.447
0.44
0.447
0.443
0.447
0.457
0.45
0.441
0.44
0.441
0.434
0.438
0.446
0.446
0.448
0.443
0.438
0.439
0.437
0.446
0.441
0.439
0.438
0.434
0.438
0.444
0.44
0.45
0.442
0.449
0.457
0.446
0.454
0.454
0.446
0.463
0.458
0.466
0.457
0.466
0.466
0.472
0.472
0.472
0.469
0.472
0.478
0.482
0.476
0.486
0.47
0.478
0.479
0.479
0.474
0.487
0.496
0.492
0.488
0.479
0.47
0.449
0.462
0.453
0.461
0.455
0.448
0.442
0.449
0.445
0.444
0.451
0.446
0.435
0.449
0.44
0.44
0.44
0.433
0.431
0.435
0.428
0.428
0.426
0.433
0.433
0.428
0.422
0.432
0.423
0.421
0.429
0.423
0.422
0.432
0.435
0.425
0.425
0.424
0.434
0.435
0.42
0.417
0.419
0.415
0.42
0.42
0.426
0.425
0.43
0.428
0.431
0.422
0.42
0.419
0.427
0.429
0.432
0.434
0.417
0.422
0.414
0.424
0.418
0.421
0.427
0.43
0.429
0.433
0.435
0.432
0.43
0.432
0.439
0.437
0.44
0.44
0.44
0.443
0.439
0.444
0.447
0.441
0.444
0.45
0.452
0.448
0.458
0.451
0.456
0.457
0.456
0.453
0.458
0.461
0.45
0.46
0.46
0.466
0.465
0.467
0.473
0.476
0.477
0.469
0.478
0.468
0.482
0.486
0.487
0.493
0.487
0.499
0.509
0.549
0.555
0.547
0.553
0.639
0.647
0.632
0.625
0.615
0.604
0.653
0.663
0.671
0.664
0.662
0.641
0.638
0.636
0.69
0.586
0.597
0.566
0.559
0.554
0.544
0.532
0.53
0.524
0.518
0.508
0.518
0.517
0.524
0.521
0.527
0.527
0.53
0.53
0.532
0.539
0.541
0.543
0.598
0.563
0.563
0.555
0.549
0.549
0.546
0.517
0.51
0.511
0.503
0.507
0.502
0.502
0.506
0.501
0.508
0.505
0.508
0.506
0.517
0.516
0.52
0.525
0.527
0.534
0.553
0.565
0.555
0.561
0.558
0.55
0.554
0.545
0.543
0.536
0.538
0.541
0.534
0.528
0.535
0.533
0.538
0.536
0.573
0.569
0.571
0.564
0.571
0.567
0.56
0.559
0.549
0.553
0.549
0.551
0.553
0.552
0.561
0.59
0.588
0.594
0.583
0.617
0.612
0.636
0.64
0.631
0.623
0.628
0.625
0.61
0.596
0.596
0.583
0.584
0.574
0.59
0.602
0.604
0.596
0.584
0.597
0.593
0.59
0.596
0.602
0.606
0.617
0.631
0.665
0.679
0.669
0.668
0.663
0.647
0.642
0.616
0.631
0.624
0.631
0.62
0.612
0.611
0.502
0.497
0.497
0.485
0.481
0.47
0.461
0.453
0.456
0.456
0.452
0.457
0.454
0.455
0.453
0.46
0.46
0.456
0.462
0.459
0.456
0.465
0.464
0.458
0.466
0.466
0.464
0.47
0.471
0.473
0.469
0.468
0.473
0.472
0.473
0.47
0.47
0.468
0.464
0.471
0.472
0.468
0.473
0.469
0.473
0.473
0.471
0.478
0.474
0.477
0.47
0.479
0.481
0.484
0.479
0.48
0.479
0.483
0.483
0.48
0.487
0.488
0.499
0.498
0.502
0.503
0.51
0.515
0.519
0.525
0.528
0.526
0.523
0.529
0.527
0.53
0.532
0.53
0.534
0.547
0.557
0.638
0.635
0.602
0.573
0.572
0.568
0.57
0.575
0.575
0.573
0.566
0.581
0.584
0.585
0.571
0.567
0.577
0.579
0.575
0.699
0.693
0.678
0.688
0.688
0.672
0.64
0.677
0.678
0.665
0.657
0.518
0.497
0.485
0.483
0.472
0.471
0.467
0.464
0.453
0.458
0.45
0.445
0.452
0.454
0.443
0.435
0.43
0.438
0.429
0.428
0.422
0.427
0.42
0.416
0.406
0.413
0.414
0.416
0.408
0.404
0.411
0.405
0.411
0.401
0.405
0.4
0.396
0.404
0.41
0.408
0.398
0.4
0.4
0.401
0.399
0.408
0.407
0.397
0.403
0.399
0.405
0.399
0.411
0.402
0.402
0.409
0.403
0.412
0.407
0.403
0.402
0.41
0.407
0.415
0.409
0.406
0.406
0.406
0.415
0.413
0.409
0.405
0.402
0.408
0.401
0.407
0.401
0.406
0.408
0.403
0.402
0.403
0.402
0.41
0.407
0.41
0.404
0.399
0.407
0.41
0.404
0.401
0.402
0.412
0.41
0.401
0.407
0.402
0.411
0.406
0.416
0.41
0.404
0.412
0.419
0.413
0.412
0.408
0.401
0.406
0.409
0.402
0.398
0.401
0.405
0.41
0.403
0.409
0.399
0.404
0.394
0.392
0.395
0.394
0.398
0.392
0.393
0.389
0.396
0.394
0.397
0.391
0.388
0.386
0.391
0.382
0.385
0.386
0.377
0.381
0.382
0.384
0.387
0.382
0.38
0.382
0.377
0.385
0.377
0.379
0.381
0.376
0.381
0.385
0.376
0.373
0.378
0.381
0.385
0.379
0.379
0.378
0.374
0.382
0.378
0.381
0.383
0.382
0.383
0.384
0.381
0.389
0.389
0.392
0.391
0.384
0.391
0.391
0.398
0.396
0.389
0.386
0.394
0.388
0.393
0.394
0.393
0.399
0.39
0.394
0.39
0.398
0.392
0.395
0.396
0.401
0.404
0.396
0.395
0.402
0.398
0.403
0.398
0.391
0.399
0.395
0.398
0.398
0.398
0.404
0.397
0.395
0.4
0.406
0.396
0.388
0.392
0.396
0.391
0.393
0.394
0.388
0.394
0.402
0.392
0.389
0.391
0.387
0.395
0.393
0.392
0.391
0.39
0.393
0.384
0.388
0.39
0.392
0.384
0.385
0.389
0.382
0.385
0.386
0.38
0.387
0.393
0.381
0.384
0.379
0.375
0.382
0.375
0.382
0.376
0.375
0.38
0.372
0.373
0.373
0.374
0.375
0.378
0.374
0.379
0.374
0.383
0.377
0.383
0.377
0.382
0.381
0.38
0.381
0.384
0.379
0.381
0.379
0.381
0.379
0.386
0.379
0.385
0.387
0.384
0.388
0.384
0.38
0.385
0.38
0.387
0.382
0.385
0.384
0.391
0.386
0.383
0.386
0.385
0.386
0.389
0.396
0.395
0.392
0.393
0.397
0.399
0.392
0.392
0.384
0.383
0.389
0.384
0.38
0.383
0.388
0.381
0.38
0.382
0.382
0.39
0.387
0.384
0.377
0.376
0.37
0.369
0.376
0.372
0.367
0.373
0.376
0.367
0.367
0.37
0.369
0.364
0.37
0.364
0.369
0.366
0.367
0.368
0.365
0.369
0.362
0.363
0.364
0.367
0.367
0.359
0.367
0.373
0.369
0.365
0.367
0.364
0.363
0.367
0.368
0.369
0.369
0.366
0.369
0.37
0.367
0.37
0.37
0.375
0.368
0.374
0.368
0.373
0.371
0.375
0.369
0.377
0.376
0.367
0.369
0.371
0.367
0.379
0.375
0.375
0.381
0.374
0.383
0.379
0.386
0.388
0.387
0.38
0.383
0.377
0.374
0.378
0.378
0.377
0.376
0.38
0.377
0.372
0.373
0.374
0.376
0.379
0.371
0.368
0.376
0.368
0.375
0.367
0.375
0.366
0.368
0.367
0.365
0.37
0.362
0.368
0.365
0.372
0.363
0.365
0.367
0.361
0.361
0.363
0.362
0.365
0.361
0.369
0.36
0.364
0.37
0.361
0.363
0.364
0.36
0.362
0.363
0.363
0.361
0.362
0.363
0.366
0.359
0.366
0.359
0.364
0.364
0.36
0.365
0.373
0.365
0.374
0.365
0.374
0.375
0.371
0.377
0.369
0.375
0.381
0.375
0.375
0.379
0.378
0.372
0.376
0.373
0.381
0.385
0.379
0.383
0.376
0.38
0.376
0.379
0.371
0.375
0.381
0.373
0.379
0.37
0.372
0.376
0.371
0.379
0.371
0.379
0.381
0.375
0.377
0.378
0.373
0.37
0.377
0.379
0.372
0.371
0.375
0.378
0.372
0.367
0.367
0.366
0.373
0.37
0.367
0.366
0.365
0.359
0.362
0.368
0.364
0.365
0.364
0.367
0.367
0.365
0.369
0.363
0.364
0.366
0.365
0.363
0.371
0.364
0.368
0.363
0.367
0.365
0.369
0.368
0.366
0.37
0.368
0.371
0.371
0.376
0.374
0.372
0.379
0.378
0.375
0.369
0.377
0.373
0.375
0.382
0.381
0.386
0.382
0.383
0.388
0.385
0.387
0.381
0.387
0.391
0.389
0.384
0.386
0.391
0.398
0.396
0.401
0.391
0.397
0.404
0.403
0.403
0.403
0.403
0.409
0.404
0.411
0.417
0.42
0.426
0.422
0.424
0.424
0.429
0.425
0.428
0.434
0.435
0.44
0.435
0.442
0.441
0.446
0.447
0.453
0.449
0.446
0.445
0.439
0.438
0.443
0.438
0.446
0.455
0.457
0.454
0.455
0.461
0.46
0.452
0.461
0.468
0.464
0.468
0.467
0.467
0.459
0.468
0.46
0.459
0.457
0.467
0.446
0.455
0.465
0.46
0.459
0.451
0.462
0.46
0.458
0.462
0.459
0.45
0.453
0.462
0.45
0.455
0.457
0.468
0.46
0.456
0.458
0.468
0.457
0.467
0.466
0.457
0.456
0.463
0.466
0.472
0.463
0.458
0.456
0.46
0.458
0.45
0.456
0.453
0.443
0.441
0.452
0.444
0.449
0.45
0.456
0.451
0.454
0.453
0.449
0.448
0.442
0.447
0.443
0.45
0.46
0.462
0.463
0.457
0.451
0.449
0.446
0.456
0.457
0.448
0.456
0.445
0.456
0.446
0.447
0.444
0.445
0.459
0.45
0.454
0.455
0.463
0.454
0.451
0.454
0.447
0.455
0.46
0.46
0.45
0.459
0.458
0.453
0.463
0.463
0.459
0.454
0.463
0.463
0.467
0.458
0.468
0.461
0.454
0.457
0.464
0.471
0.454
0.464
0.465
0.453
0.463
0.469
0.458
0.455
0.453
0.454
0.476
0.46
0.462
0.473
0.476
0.47
0.466
0.465
0.468
0.474
0.466
0.455
0.456
0.456
0.465
0.455
0.474
0.463
0.471
0.467
0.456
0.465
0.465
0.456
0.457
0.454
0.463
0.452
0.469
0.461
0.467
0.463
0.46
0.46
0.47
0.461
0.471
0.464
0.47
0.47
0.466
0.462
0.468
0.46
0.458
0.462
0.454
0.465
0.46
0.449
0.458
0.461
0.455
0.452
0.45
0.444
0.455
0.46
0.456
0.458
0.456
0.454
0.446
0.445
0.459
0.455
0.463
0.452
0.448
0.454
0.451
0.452
0.458
0.448
0.458
0.463
0.458
0.461
0.463
0.454
0.448
0.457
0.449
0.454
0.45
0.461
0.444
0.447
0.458
0.455
0.451
0.457
0.457
0.45
0.448
0.445
0.456
0.456
0.448
0.45
0.445
0.442
0.448
0.44
0.442
0.46
0.459
0.455
0.461
0.452
0.443
0.447
0.453
0.444
0.453
0.455
0.458
0.449
0.447
0.446
0.457
0.448
0.45
0.452
0.459
0.454
0.452
0.453
0.468
0.459
0.458
0.457
0.453
0.462
0.46
0.453
0.463
0.461
0.452
0.461
0.451
0.461
0.449
0.455
0.445
0.446
0.444
0.442
0.444
0.453
0.455
0.459
0.454
0.443
0.439
0.439
0.452
0.446
0.446
0.448
0.438
0.437
0.438
0.448
0.442
0.437
0.436
0.435
0.433
0.442
0.439
0.445
0.437
0.431
0.447
0.441
0.441
0.438
0.437
0.445
0.448
0.443
0.453
0.446
0.437
0.444
0.448
0.441
0.443
0.444
0.455
0.444
0.454
0.447
0.439
0.446
0.441
0.448
0.445
0.451
0.452
0.451
0.444
0.45
0.441
0.454
0.443
0.454
0.454
0.454
0.454
0.444
0.449
0.456
0.449
0.458
0.447
0.443
0.445
0.448
0.457
0.449
0.443
0.444
0.438
0.435
0.433
0.432
0.441
0.43
0.439
0.438
0.44
0.433
0.441
0.431
0.431
0.437
0.427
0.43
0.426
0.429
0.432
0.424
0.417
0.426
0.424
0.432
0.433
0.428
0.421
0.418
0.421
0.425
0.422
0.416
0.415
0.41
0.42
0.423
0.413
0.411
0.413
0.422
0.412
0.406
0.41
0.416
0.407
0.404
0.404
0.41
0.416
0.406
0.409
0.401
0.405
0.41
0.407
0.405
0.414
0.414
0.414
0.407
0.417
0.415
0.419
0.413
0.407
0.413
0.41
0.42
0.414
0.415
0.412
0.419
0.423
0.416
0.423
0.416
0.419
0.422
0.424
0.414
0.423
0.424
0.424
0.42
0.427
0.429
0.421
0.431
0.431
0.431
0.429
0.426
0.43
0.435
0.429
0.433
0.435
0.436
0.434
0.433
0.438
0.441
0.433
0.442
0.444
0.438
0.448
0.443
0.448
0.453
0.454
0.448
0.455
0.458
0.46
0.462
0.451
0.462
0.47
0.465
0.474
0.466
0.477
0.475
0.479
0.484
0.475
0.482
0.481
0.492
0.497
0.506
0.504
0.501
0.512
0.519
0.524
0.512
0.522
0.514
0.519
0.518
0.547
0.549
0.54
0.542
0.552
0.554
0.555
0.536
0.545
0.535
0.53
0.541
0.541
0.55
0.625
0.595
0.587
0.587
0.61
0.609
0.613
0.63
0.618
0.632
0.626
0.636
0.649
0.643
0.633
0.622
0.627
0.615
0.619
0.613
0.613
0.639
0.632
0.646
0.654
0.642
0.654
0.651
0.649
0.658
0.667
0.664
0.659
0.621
0.631
0.63
0.623
0.633
0.646
0.66
0.654
0.665
0.664
0.655
0.646
0.632
0.62
0.613
0.614
0.61
0.622
0.572
0.558
0.557
0.545
0.539
0.533
0.521
0.498
0.47
0.463
0.457
0.425
0.429
0.434
0.427
0.419
0.416
0.41
0.409
0.419
0.42
0.419
0.418
0.412
0.411
0.402
0.399
0.403
0.404
0.396
0.403
0.396
0.402
0.395
0.399
0.399
0.398
0.393
0.401
0.4
0.402
0.403
0.403
0.402
0.406
0.396
0.4
0.406
0.399
0.401
0.406
0.404
0.407
0.41
0.409
0.415
0.407
0.414
0.417
0.407
0.416
0.418
0.416
0.409
0.416
0.424
0.415
0.419
0.427
0.421
0.424
0.425
0.426
0.423
0.428
0.425
0.426
0.428
0.431
0.434
0.434
0.435
0.435
0.438
0.438
0.438
0.436
0.44
0.444
0.433
0.442
0.44
0.443
0.44
0.441
0.447
0.448
0.452
0.448
0.444
0.447
0.449
0.442
0.464
0.466
0.461
0.492
0.501
0.494
0.499
0.493
0.499
0.506
0.505
0.501
0.513
0.512
0.505
0.51
0.515
0.513
0.516
0.508
0.529
0.518
0.559
0.59
0.598
0.596
0.61
0.614
0.602
0.593
0.604
0.607
0.601
0.639
0.629
0.627
0.64
0.648
0.663
0.663
0.647
0.654
0.656
0.672
0.671
0.686
0.685
0.691
0.696
0.696
0.698
0.689
0.688
0.682
0.697
0.684
0.687
0.68
0.691
0.675
0.665
0.667
0.518
0.507
0.487
0.476
0.478
0.468
0.468
0.466
0.456
0.457
0.448
0.44
0.436
0.437
0.432
0.435
0.425
0.421
0.419
0.429
0.426
0.403
0.404
0.411
0.403
0.407
0.399
0.398
0.4
0.407
0.405
0.392
0.391
0.395
0.391
0.388
0.394
0.391
0.396
0.39
0.398
0.391
0.395
0.394
0.396
0.388
0.396
0.395
0.398
0.397
0.397
0.399
0.398
0.402
0.396
0.398
0.405
0.398
0.4
0.407
0.4
0.402
0.405
0.407
0.41
0.406
0.408
0.409
0.409
0.409
0.415
0.408
0.416
0.412
0.413
0.42
0.413
0.417
0.414
0.422
0.413
0.412
0.417
0.418
0.417
0.421
0.417
0.422
0.422
0.423
0.426
0.43
0.422
0.429
0.434
0.426
0.434
0.437
0.44
0.432
0.436
0.438
0.446
0.441
0.448
0.446
0.458
0.467
0.474
0.478
0.487
0.483
0.473
0.496
0.498
0.505
0.528
0.529
0.528
0.533
0.533
0.534
0.533
0.541
0.534
0.551
0.564
0.563
0.563
0.567
0.57
0.642
0.63
0.607
0.6
0.599
0.608
0.629
0.604
0.609
0.599
0.587
0.58
0.598
0.61
0.595
0.645
0.663
0.662
0.653
0.655
0.648
0.656
0.659
0.67
0.673
0.655
0.65
0.639
0.655
0.642
0.629
0.579
0.57
0.51
0.509
0.5
0.465
0.454
0.447
0.445
0.428
0.418
0.411
0.409
0.405
0.397
0.403
0.393
0.401
0.394
0.395
0.395
0.391
0.393
0.391
0.387
0.389
0.388
0.385
0.377
0.375
0.382
0.38
0.383
0.379
0.375
0.382
0.373
0.382
0.382
0.377
0.377
0.382
0.386
0.385
0.379
0.388
0.384
0.38
0.386
0.388
0.381
0.386
0.39
0.384
0.392
0.391
0.396
0.388
0.395
0.397
0.395
0.398
0.396
0.393
0.396
0.401
0.398
0.402
0.403
0.403
0.403
0.402
0.402
0.401
0.404
0.4
0.402
0.411
0.41
0.403
0.412
0.417
0.413
0.417
0.415
0.416
0.409
0.418
0.41
0.422
0.422
0.427
0.43
0.429
0.432
0.425
0.444
0.443
0.437
0.45
0.453
0.445
0.453
0.457
0.465
0.502
0.499
0.496
0.495
0.492
0.483
0.487
0.494
0.486
0.482
0.489
0.488
0.489
0.486
0.492
0.492
0.484
0.508
0.504
0.528
0.526
0.534
0.534
0.54
0.537
0.537
0.541
0.535
0.535
0.524
0.542
0.547
0.535
0.532
0.532
0.521
0.544
0.539
0.542
0.533
0.562
0.563
0.559
0.603
0.598
0.592
0.582
0.571
0.562
0.57
0.56
0.557
0.582
0.574
0.604
0.595
0.596
0.583
0.623
0.588
0.575
0.589
0.58
0.588
0.59
0.581
0.579
0.587
0.528
0.474
0.436
0.424
0.422
0.415
0.41
0.408
0.409
0.407
0.387
0.392
0.385
0.378
0.372
0.38
0.372
0.378
0.371
0.37
0.378
0.375
0.367
0.372
0.369
0.372
0.374
0.37
0.367
0.374
0.376
0.371
0.376
0.377
0.377
0.38
0.385
0.385
0.391
0.384
0.391
0.4
0.396
0.39
0.392
0.396
0.398
0.398
0.402
0.397
0.402
0.404
0.409
0.405
0.409
0.409
0.412
0.41
0.419
0.416
0.419
0.426
0.421
0.437
0.431
0.441
0.439
0.438
0.43
0.432
0.432
0.438
0.442
0.442
0.436
0.444
0.442
0.45
0.455
0.453
0.456
0.45
0.459
0.462
0.456
0.458
0.452
0.455
0.454
0.462
0.457
0.459
0.462
0.485
0.483
0.485
0.484
0.49
0.494
0.484
0.476
0.486
0.494
0.49
0.494
0.499
0.508
0.514
0.52
0.518
0.521
0.509
0.521
0.523
0.52
0.514
0.514
0.512
0.501
0.505
0.5
0.491
0.499
0.495
0.499
0.493
0.496
0.508
0.557
0.545
0.539
0.529
0.527
0.514
0.515
0.504
0.515
0.511
0.521
0.516
0.542
0.534
0.537
0.529
0.528
0.517
0.551
0.554
0.551
0.568
0.568
0.563
0.558
0.556
0.559
0.558
0.552
0.562
0.566
0.561
0.563
0.56
0.562
0.553
0.555
0.551
0.554
0.547
0.55
0.54
0.55
0.555
0.555
0.543
0.548
0.552
0.54
0.551
0.546
0.555
0.553
0.553
0.546
0.55
0.546
0.558
0.561
0.56
0.554
0.544
0.546
0.541
0.55
0.562
0.558
0.563
0.563
0.566
0.573
0.569
0.569
0.581
0.579
0.57
0.57
0.563
0.563
0.562
0.555
0.559
0.562
0.563
0.556
0.559
0.563
0.563
0.559
0.552
0.561
0.556
0.548
0.559
0.564
0.562
0.564
0.568
0.564
0.572
0.569
0.568
0.569
0.563
0.563
0.561
0.559
0.556
0.557
0.559
0.558
0.559
0.551
0.562
0.558
0.553
0.559
0.553
0.559
0.561
0.567
0.562
0.576
0.568
0.564
0.568
0.562
0.555
0.563
0.552
0.562
0.561
0.566
0.564
0.556
0.573
0.57
0.572
0.563
0.552
0.558
0.549
0.554
0.555
0.553
0.566
0.563
0.567
0.557
0.563
0.557
0.547
0.559
0.553
0.547
0.56
0.561
0.561
0.564
0.562
0.556
0.567
0.562
0.564
0.571
0.561
0.556
0.552
0.563
0.56
0.562
0.558
0.558
0.555
0.547
0.56
0.566
0.561
0.565
0.565
0.561
0.553
0.565
0.557
0.566
0.555
0.558
0.547
0.552
0.542
0.568
0.568
0.562
0.574
0.571
0.57
0.561
0.567
0.565
0.564
0.567
0.563
0.568
0.563
0.568
0.559
0.572
0.573
0.566
0.572
0.565
0.575
0.576
0.58
0.579
0.576
0.577
0.571
0.579
0.565
0.576
0.585
0.572
0.58
0.574
0.565
0.569
0.569
0.579
0.573
0.565
0.569
0.591
0.583
0.586
0.593
0.592
0.589
0.581
0.594
0.586
0.592
0.587
0.585
0.588
0.637
0.605
0.606
0.601
0.593
0.581
0.604
0.609
0.614
0.619
0.613
0.61
0.616
0.606
0.599
0.591
0.597
0.594
0.594
0.589
0.578
0.612
0.607
0.617
0.607
0.598
0.592
0.587
0.582
0.573
0.586
0.584
0.579
0.575
0.607
0.619
0.604
0.6
0.601
0.604
0.6
0.599
0.599
0.592
0.59
0.594
0.591
0.578
0.621
0.614
0.622
0.624
0.624
0.621
0.609
0.607
0.593
0.592
0.577
0.573
0.572
0.612
0.608
0.622
0.609
0.609
0.615
0.578
0.597
0.595
0.603
0.602
0.597
0.609
0.605
0.609
0.606
0.608
0.602
0.604
0.59
0.587
0.593
0.592
0.597
0.595
0.609
0.604
0.606
0.609
0.608
0.604
0.602
0.601
0.597
0.605
0.616
0.616
0.618
0.662
0.649
0.635
0.647
0.636
0.631
0.625
0.619
0.62
0.626
0.615
0.612
0.601
0.614
0.622
0.652
0.656
0.652
0.644
0.637
0.645
0.628
0.623
0.622
0.613
0.613
0.618
0.62
0.617
0.632
0.628
0.643
0.647
0.641
0.637
0.627
0.64
0.633
0.622
0.618
0.626
0.629
0.623
0.626
0.618
0.616
0.623
0.623
0.63
0.642
0.646
0.642
0.637
0.638
0.629
0.63
0.63
0.631
0.632
0.629
0.635
0.645
0.64
0.637
0.642
0.639
0.634
0.624
0.623
0.625
0.618
0.62
0.615
0.62
0.622
0.632
0.641
0.642
0.643
0.651
0.652
0.648
0.632
0.625
0.628
0.564
0.572
0.553
0.541
0.552
0.539
0.542
0.537
0.527
0.532
0.528
0.527
0.52
0.526
0.515
0.52
0.513
0.509
0.497
0.505
0.493
0.502
0.504
0.505
0.497
0.49
0.495
0.498
0.499
0.5
0.49
0.501
0.48
0.486
0.488
0.485
0.489
0.484
0.478
0.488
0.476
0.483
0.482
0.47
0.471
0.476
0.467
0.476
0.473
0.465
0.476
0.468
0.464
0.461
0.458
0.457
0.456
0.462
0.453
0.464
0.46
0.462
0.457
0.451
0.462
0.457
0.459
0.453
0.456
0.459
0.453
0.452
0.462
0.453
0.453
0.452
0.459
0.462
0.457
0.464
0.457
0.457
0.453
0.454
0.46
0.455
0.459
0.459
0.449
0.454
0.453
0.458
0.452
0.461
0.457
0.449
0.464
0.457
0.461
0.456
0.457
0.456
0.452
0.461
0.453
0.458
0.459
0.468
0.467
0.459
0.463
0.465
0.461
0.461
0.471
0.465
0.46
0.455
0.459
0.468
0.469
0.473
0.472
0.471
0.461
0.472
0.464
0.474
0.47
0.464
0.472
0.477
0.476
0.473
0.479
0.478
0.465
0.474
0.476
0.471
0.466
0.472
0.466
0.467
0.47
0.465
0.46
0.466
0.476
0.465
0.468
0.473
0.466
0.468
0.469
0.465
0.475
0.466
0.469
0.465
0.463
0.463
0.463
0.463
0.469
0.468
0.466
0.461
0.47
0.463
0.468
0.462
0.458
0.466
0.467
0.467
0.464
0.454
0.46
0.459
0.459
0.454
0.462
0.443
0.441
0.453
0.454
0.452
0.451
0.455
0.46
0.45
0.458
0.456
0.451
0.448
0.458
0.448
0.459
0.453
0.45
0.448
0.461
0.458
0.45
0.445
0.441
0.45
0.44
0.448
0.442
0.446
0.45
0.442
0.438
0.443
0.442
0.439
0.44
0.449
0.453
0.447
0.453
0.448
0.453
0.448
0.448
0.443
0.444
0.454
0.45
0.447
0.449
0.444
0.442
0.453
0.452
0.454
0.449
0.447
0.451
0.446
0.45
0.45
0.449
0.451
0.458
0.456
0.459
