0.651
0.425
0.411
0.414
0.422
0.416
0.409
0.408
0.405
0.406
0.338
0.345
0.347
0.348
0.361
0.391
0.399
0.403
0.411
0.409
0.401
0.403
0.396
0.405
0.408
0.4
0.402
0.399
0.398
0.411
0.389
0.391
0.387
0.402
0.402
0.395
0.386
0.39
0.398
0.403
0.395
0.389
0.396
0.394
0.387
0.392
0.401
0.394
0.394
0.394
0.401
0.393
0.39
0.394
0.38
0.402
0.386
0.387
0.378
0.387
0.395
0.391
0.396
0.4
0.391
0.396
0.388
0.389
0.384
0.386
0.39
0.397
0.392
0.396
0.396
0.387
0.389
0.391
0.383
0.391
0.384
0.387
0.393
0.394
0.386
0.384
0.391
0.384
0.393
0.389
0.379
0.379
0.387
0.389
0.392
0.399
0.384
0.39
0.391
0.398
0.386
0.391
0.39
0.388
0.392
0.393
0.391
0.373
0.38
0.389
0.387
0.387
0.377
0.379
0.385
0.386
0.389
0.39
0.391
0.385
0.385
0.391
0.379
0.384
0.391
0.384
0.386
0.384
0.384
0.387
0.381
0.387
0.395
0.381
0.383
0.389
0.392
0.397
0.393
0.385
0.379
0.387
0.396
0.399
0.39
0.384
0.377
0.386
0.389
0.396
0.4
0.395
0.387
0.391
0.39
0.392
0.401
0.396
0.39
0.385
0.394
0.398
0.396
0.388
0.396
0.396
0.401
0.388
0.381
0.388
0.393
0.391
0.391
0.387
0.407
0.394
0.388
0.387
0.389
0.397
0.401
0.399
0.391
0.396
0.402
0.395
0.395
0.395
0.403
0.408
0.398
0.399
0.395
0.41
0.411
0.401
0.399
0.393
0.4
0.396
0.402
0.393
0.389
0.398
0.401
0.393
0.401
0.388
0.381
0.396
0.392
0.392
0.396
0.392
0.392
0.387
0.385
0.393
0.396
0.387
0.383
0.391
0.397
0.403
0.391
0.384
0.391
0.393
0.394
0.401
0.404
0.386
0.407
0.405
0.396
0.398
0.396
0.391
0.393
0.387
0.386
0.394
0.388
0.389
0.392
0.399
0.401
0.399
0.395
0.403
0.398
0.39
0.392
0.391
0.39
0.381
0.389
0.389
0.39
0.399
0.395
0.387
0.391
0.396
0.396
0.396
0.393
0.384
0.384
0.388
0.395
0.398
0.387
0.395
0.391
0.392
0.399
0.402
0.397
0.381
0.39
0.399
0.391
0.392
0.389
0.391
0.39
0.383
0.389
0.394
0.396
0.397
0.4
0.384
0.402
0.384
0.393
0.389
0.398
0.404
0.388
0.383
0.389
0.394
0.396
0.398
0.394
0.386
0.392
0.39
0.387
0.391
0.398
0.391
0.391
0.396
0.402
0.389
0.387
0.387
0.396
0.398
0.399
0.402
0.4
0.397
0.405
0.396
0.392
0.395
0.4
0.392
0.401
0.392
0.393
0.4
0.396
0.391
0.385
0.406
0.395
0.402
0.406
0.396
0.387
0.397
0.391
0.383
0.387
0.393
0.4
0.396
0.387
0.385
0.385
0.389
0.397
0.402
0.395
0.385
0.379
0.387
0.393
0.394
0.397
0.39
0.395
0.391
0.396
0.391
0.397
0.394
0.391
0.396
0.394
0.401
0.395
0.396
0.396
0.399
0.396
0.405
0.397
0.396
0.396
0.4
0.396
0.395
0.403
0.403
0.396
0.403
0.405
0.398
0.403
0.411
0.411
0.405
0.407
0.411
0.407
0.404
0.404
0.414
0.418
0.426
0.425
0.416
0.407
0.422
0.412
0.412
0.407
0.405
0.409
0.412
0.405
0.398
0.4
0.417
0.419
0.402
0.402
0.402
0.401
0.406
0.407
0.416
0.401
0.397
0.398
0.418
0.4
0.404
0.409
0.418
0.407
0.406
0.401
0.399
0.41
0.413
0.393
0.402
0.405
0.411
0.405
0.402
0.392
0.392
0.399
0.4
0.403
0.403
0.397
0.39
0.383
0.391
0.394
0.396
0.4
0.402
0.392
0.386
0.382
0.38
0.389
0.392
0.396
0.393
0.401
0.39
0.39
0.393
0.386
0.383
0.394
0.381
0.388
0.396
0.397
0.39
0.382
0.386
0.391
0.392
0.389
0.394
0.386
0.392
0.395
0.391
0.394
0.39
0.393
0.401
0.397
0.393
0.399
0.399
0.389
0.391
0.4
0.393
0.389
0.39
0.387
0.388
0.396
0.393
0.387
0.392
0.385
0.389
0.383
0.391
0.399
0.392
0.385
0.392
0.399
0.387
0.388
0.387
0.382
0.385
0.383
0.392
0.389
0.381
0.384
0.382
0.38
0.387
0.388
0.382
0.39
0.387
0.39
0.394
0.388
0.383
0.391
0.395
0.388
0.384
0.387
0.388
0.38
0.372
0.378
0.385
0.384
0.392
0.389
0.381
0.375
0.383
0.389
0.393
0.385
0.39
0.392
0.384
0.378
0.377
0.38
0.383
0.388
0.384
0.391
0.398
0.378
0.381
0.385
0.379
0.387
0.384
0.379
0.377
0.382
0.388
0.379
0.392
0.39
0.383
0.376
0.383
0.387
0.392
0.391
0.396
0.396
0.394
0.392
0.386
0.391
0.389
0.38
0.378
0.379
0.384
0.39
0.387
0.396
0.395
0.389
0.386
0.392
0.384
0.386
0.393
0.402
0.391
0.387
0.383
0.387
0.393
0.39
0.393
0.387
0.393
0.391
0.382
0.389
0.393
0.399
0.399
0.394
0.388
0.393
0.397
0.401
0.392
0.396
0.388
0.382
0.387
0.391
0.398
0.406
0.402
0.401
0.398
0.392
0.397
0.39
0.394
0.4
0.402
0.397
0.394
0.397
0.398
0.393
0.396
0.39
0.402
0.396
0.387
0.391
0.4
0.404
0.407
0.404
0.396
0.398
0.409
0.39
0.398
0.395
0.391
0.391
0.389
0.392
0.391
0.383
0.403
0.403
0.396
0.396
0.395
0.396
0.387
0.381
0.396
0.396
0.398
0.388
0.397
0.393
0.393
0.395
0.395
0.396
0.393
0.398
0.402
0.398
0.393
0.388
0.397
0.39
0.392
0.388
0.391
0.386
0.385
0.399
0.402
0.392
0.383
0.383
0.388
0.391
0.392
0.395
0.394
0.401
0.405
0.396
0.396
0.398
0.397
0.392
0.391
0.395
0.396
0.404
0.395
0.389
0.395
0.399
0.387
0.397
0.404
0.396
0.389
0.396
0.396
0.395
0.386
0.381
0.39
0.383
0.392
0.395
0.396
0.387
0.384
0.391
0.398
0.394
0.395
0.394
0.397
0.393
0.395
0.398
0.391
0.394
0.399
0.4
0.396
0.398
0.396
0.397
0.401
0.411
0.404
0.401
0.399
0.408
0.399
0.402
0.403
0.4
0.406
0.404
0.405
0.411
0.406
0.407
0.407
0.41
0.415
0.416
0.409
0.417
0.42
0.415
0.414
0.418
0.42
0.414
0.42
0.421
0.415
0.424
0.427
0.426
0.423
0.428
0.428
0.429
0.427
0.435
0.433
0.441
0.44
0.448
0.448
0.447
0.448
0.455
0.454
0.452
0.458
0.457
0.464
0.458
0.467
0.463
0.468
0.471
0.465
0.473
0.468
0.475
0.476
0.479
0.482
0.474
0.479
0.481
0.49
0.494
0.498
0.491
0.501
0.506
0.5
0.495
0.499
0.496
0.489
0.495
0.501
0.494
0.504
0.505
0.507
0.505
0.509
0.513
0.511
0.507
0.506
0.508
0.509
0.515
0.521
0.522
0.524
0.535
0.539
0.54
0.543
0.543
0.523
0.523
0.531
0.528
0.52
0.511
0.521
0.502
0.512
0.515
0.521
0.554
0.566
0.552
0.54
0.549
0.553
0.551
0.548
0.559
0.555
0.562
0.561
0.561
0.556
0.556
0.554
0.558
0.545
0.542
0.549
0.553
0.548
0.557
0.566
0.569
0.555
0.563
0.566
0.559
0.561
0.552
0.543
0.555
0.556
0.546
0.548
0.555
0.542
0.555
0.55
0.541
0.55
0.563
0.557
0.563
0.569
0.562
0.55
0.556
0.554
0.55
0.554
0.546
0.541
0.532
0.526
0.522
0.529
0.538
0.551
0.563
0.565
0.569
0.563
0.554
0.558
0.551
0.55
0.544
0.55
0.545
0.545
