0.67
0.661
0.651
0.658
0.646
0.627
0.618
0.603
0.604
0.601
0.586
0.577
0.578
0.565
0.556
0.566
0.557
0.55
0.537
0.525
0.525
0.52
0.515
0.516
0.522
0.509
0.488
0.469
0.461
0.454
0.451
0.446
0.442
0.443
0.44
0.446
0.45
0.439
0.449
0.433
0.434
0.437
0.443
0.444
0.447
0.457
0.446
0.457
0.453
0.454
0.443
0.445
0.451
0.448
0.443
0.441
0.438
0.434
0.457
0.45
0.456
0.452
0.454
0.458
0.451
0.443
0.452
0.455
0.446
0.457
0.451
0.444
0.453
0.442
0.449
0.448
0.448
0.446
0.448
0.448
0.441
0.441
0.442
0.438
0.444
0.448
0.451
0.461
0.454
0.455
0.446
0.441
0.439
0.438
0.438
0.457
0.461
0.452
0.453
0.46
0.466
0.462
0.458
0.453
0.441
0.447
0.449
0.44
0.441
0.448
0.451
0.44
0.445
0.438
0.443
0.437
0.43
0.422
0.416
0.416
0.416
0.419
0.424
0.423
0.422
0.422
0.422
0.422
0.414
0.41
0.417
0.414
0.418
0.412
0.41
0.403
0.413
0.418
0.417
0.419
0.402
0.402
0.409
0.413
0.422
0.409
0.409
0.403
0.398
0.407
0.403
0.404
0.401
0.4
0.397
0.402
0.412
0.405
0.408
0.401
0.403
0.41
0.417
0.418
0.408
0.407
0.403
0.407
0.403
0.408
0.415
0.408
0.412
0.402
0.406
0.411
0.415
0.408
0.412
0.404
0.418
0.414
0.416
0.407
0.411
0.42
0.427
0.434
0.426
0.417
0.422
0.42
0.425
0.429
0.421
0.419
0.415
0.419
0.422
0.422
0.413
0.431
0.422
0.415
0.418
0.418
0.417
0.42
0.428
0.432
0.427
0.425
0.423
0.421
0.421
0.428
0.419
0.409
0.414
0.416
0.423
0.429
0.417
0.423
0.415
0.41
0.42
0.413
0.414
0.42
0.414
0.422
0.413
0.418
0.423
0.432
0.424
0.424
0.416
0.415
0.427
0.417
0.427
0.42
0.413
0.413
0.428
0.418
0.42
0.426
0.41
0.417
0.413
0.416
0.419
0.422
0.416
0.418
0.409
0.41
0.42
0.412
0.42
0.412
0.407
0.418
0.412
0.413
0.417
0.42
0.412
0.411
0.419
0.412
0.42
0.41
0.419
0.411
0.414
0.405
0.414
0.422
0.419
0.42
0.413
0.417
0.426
0.418
0.425
0.419
0.418
0.412
0.412
0.42
0.419
0.413
0.418
0.415
0.415
0.412
0.415
0.422
0.412
0.418
0.422
0.408
0.417
0.418
0.411
0.413
0.409
0.412
0.402
0.408
0.403
0.398
0.398
0.399
0.405
0.397
0.396
0.402
0.397
0.405
0.4
0.398
0.405
0.396
0.401
0.398
0.4
0.394
0.4
0.393
0.397
0.405
0.397
0.396
0.405
0.412
0.406
0.396
0.404
0.396
0.4
0.393
0.396
0.389
0.4
0.402
0.394
0.395
0.399
0.396
0.39
0.404
0.4
0.394
0.399
0.399
0.398
0.405
0.397
0.401
0.396
0.404
0.403
0.41
0.407
0.397
0.402
0.404
0.398
0.403
0.401
0.405
0.395
0.395
0.4
0.395
0.389
0.397
0.401
0.395
0.396
0.392
0.398
0.394
0.395
0.389
0.39
0.386
0.394
0.389
0.394
0.386
0.399
0.39
0.384
0.391
0.396
0.393
0.386
0.399
0.402
0.398
0.4
0.396
0.394
0.396
0.404
0.396
0.405
0.396
0.39
0.395
0.404
0.395
0.396
0.398
0.402
0.393
0.402
0.409
0.388
0.4
0.393
0.389
0.396
0.389
0.392
0.399
0.391
0.399
0.396
0.401
0.395
0.395
0.408
0.414
0.4
0.408
0.404
0.398
0.402
0.397
0.398
0.405
0.41
0.407
0.405
0.407
0.398
0.407
0.402
0.405
0.409
0.409
0.403
0.4
0.407
0.408
0.409
0.41
0.402
0.403
0.4
0.397
0.402
0.407
0.411
0.404
0.403
0.411
0.408
0.412
0.405
0.408
0.408
0.408
0.409
0.406
0.413
0.41
0.408
0.414
0.407
0.412
0.413
0.415
0.417
0.41
0.404
0.403
0.409
0.399
0.407
0.398
0.401
0.409
0.405
0.406
0.407
0.405
0.41
0.418
0.411
0.414
0.41
0.42
0.413
0.415
0.416
0.408
0.401
0.404
0.408
0.403
0.414
0.412
0.412
0.417
0.407
0.406
0.407
0.412
0.403
0.411
0.401
0.411
0.404
0.402
0.407
0.401
0.411
0.404
0.407
0.407
0.401
0.402
0.406
0.4
0.409
0.399
0.407
0.397
0.401
0.411
0.408
0.4
0.401
0.395
0.398
0.407
0.411
0.401
0.402
0.4
0.399
0.406
0.39
0.396
0.397
0.404
0.414
0.406
0.41
0.406
0.402
0.399
0.399
0.401
0.404
0.401
0.4
0.402
0.41
0.412
0.402
0.401
0.406
0.397
0.4
0.402
0.398
0.402
0.406
0.399
0.402
0.408
0.403
0.393
0.407
0.413
0.418
0.42
0.413
0.417
0.403
0.41
0.403
0.407
0.408
0.399
0.399
0.391
0.411
0.407
0.404
0.402
0.407
0.406
0.402
0.405
0.411
0.404
0.398
0.402
0.397
0.391
0.398
0.406
0.401
0.399
0.396
0.405
0.396
0.401
0.396
0.4
0.4
0.392
0.399
0.399
0.39
0.399
0.406
0.399
0.413
0.416
0.417
0.407
0.411
0.401
0.401
0.392
0.401
0.407
0.396
0.405
0.399
0.392
0.393
0.399
0.392
0.394
0.398
0.39
0.397
0.393
0.391
0.398
0.391
0.392
0.396
0.394
0.394
0.388
0.4
0.393
0.397
0.388
0.398
0.404
0.397
0.406
0.396
0.392
0.396
0.399
0.406
0.411
0.411
0.402
0.403
0.4
0.408
0.41
0.402
0.411
0.402
0.396
0.402
0.407
0.4
0.409
0.402
0.411
0.412
0.411
0.42
0.419
0.409
0.409
0.408
0.408
0.403
0.401
0.409
0.416
0.42
0.411
0.405
0.408
0.415
0.416
0.408
0.404
0.412
0.405
0.414
0.414
0.4
0.409
0.409
0.407
0.398
0.393
0.4
0.404
0.408
0.411
0.405
0.395
0.398
0.39
0.405
0.409
0.403
0.395
0.39
0.409
0.401
0.402
0.396
0.393
0.398
0.406
0.403
0.403
0.399
0.396
0.396
0.391
0.396
0.396
0.396
0.405
0.407
0.404
0.413
0.405
0.401
0.401
0.403
0.399
0.403
0.403
0.396
0.403
0.403
0.397
0.4
0.4
0.405
0.398
0.419
0.402
0.404
0.405
0.404
0.404
0.41
0.417
0.411
0.418
0.412
0.398
0.405
0.412
0.404
0.405
0.405
0.404
0.405
0.413
0.416
0.422
0.413
0.406
0.411
0.411
0.417
0.411
0.404
0.412
0.405
0.407
0.413
0.404
0.413
0.409
0.41
0.411
0.409
0.412
0.403
0.413
0.413
0.423
0.406
0.412
0.41
0.404
0.405
0.411
0.403
0.408
0.408
0.408
0.404
0.405
0.405
0.408
0.411
0.414
0.406
0.407
0.416
0.407
0.401
0.407
0.397
0.403
0.406
0.413
0.409
0.399
0.414
0.408
0.402
0.401
0.399
0.408
0.408
0.416
0.413
0.405
0.409
0.409
0.411
0.402
0.397
0.411
0.417
0.412
0.408
0.415
0.418
0.409
0.406
0.4
0.398
0.405
0.406
0.415
0.411
0.41
0.406
0.412
0.408
0.411
0.404
0.413
0.422
0.412
0.416
0.42
0.411
0.406
0.416
0.418
0.403
0.41
0.408
0.404
0.403
0.411
0.407
0.411
0.421
0.407
0.41
0.401
0.405
0.403
0.409
0.41
0.401
0.401
0.4
0.404
0.397
0.404
0.404
0.407
0.405
0.407
0.415
0.397
0.406
0.413
0.4
0.407
0.402
0.401
0.403
0.413
0.404
0.399
0.411
0.405
0.399
0.403
0.402
0.397
0.405
0.396
0.394
0.402
0.409
0.411
0.41
0.405
0.395
0.407
0.415
0.412
0.409
0.408
0.405
0.406
0.414
0.407
0.412
0.403
0.412
0.41
0.418
0.418
0.409
0.403
0.406
0.409
0.418
0.419
0.411
0.408
0.407
0.405
0.414
0.41
0.416
0.42
0.412
0.409
0.403
0.409
0.412
0.402
0.408
0.407
0.405
0.41
0.403
0.398
0.403
0.403
0.402
0.404
0.401
0.401
0.398
0.396
0.404
0.4
0.404
0.396
0.402
0.394
0.403
0.399
0.392
0.403
0.395
0.398
0.401
0.395
0.399
0.402
0.393
0.395
0.403
0.393
0.395
0.398
0.397
0.398
0.403
0.394
0.396
0.398
0.392
0.397
0.398
0.394
0.402
0.394
0.397
0.402
0.393
0.399
0.401
0.393
0.397
0.397
0.396
0.405
0.396
0.396
0.4
0.397
0.398
0.396
0.405
0.409
0.398
0.395
0.404
0.394
0.399
0.397
0.4
0.406
0.394
0.396
0.409
0.404
0.411
0.401
0.405
0.399
0.413
0.401
0.409
0.409
0.412
0.404
0.396
0.403
0.396
0.398
0.398
0.395
0.388
0.402
0.393
0.393
0.395
0.401
0.396
0.392
0.397
0.394
0.396
0.395
0.394
0.397
0.397
0.398
0.395
0.396
0.397
0.4
0.395
0.396
0.396
0.398
0.396
0.4
0.397
0.396
0.395
0.393
0.396
0.399
0.39
0.397
0.399
0.4
0.395
0.391
0.4
0.405
0.409
0.39
0.396
0.394
0.393
0.4
0.406
0.404
0.394
0.403
0.405
0.396
0.396
0.39
0.395
0.395
0.4
0.398
0.398
0.392
0.388
0.396
0.394
0.392
0.39
0.393
0.394
0.401
0.397
0.392
0.403
0.402
0.393
0.391
0.396
0.397
0.403
0.4
0.395
0.403
0.4
0.405
0.404
0.399
0.396
0.4
0.4
0.396
0.398
0.402
0.404
0.394
0.398
0.401
0.406
0.399
0.406
0.414
0.41
0.39
0.397
0.406
0.401
0.401
0.41
0.42
0.408
0.399
0.4
0.407
0.414
0.414
0.405
0.408
0.4
0.405
0.407
0.407
0.408
0.402
0.411
0.402
0.404
0.403
0.41
0.4
0.404
0.412
0.417
0.419
0.413
0.404
0.414
0.408
0.402
0.409
0.416
0.406
0.404
0.403
0.404
0.411
0.412
0.399
0.395
0.401
0.397
0.403
0.399
0.39
0.392
0.401
0.397
0.397
0.389
0.387
0.395
0.399
0.397
0.4
0.397
0.39
0.396
0.388
0.387
0.395
0.394
0.39
0.397
0.389
0.382
0.389
0.393
0.396
0.391
0.384
0.384
0.39
0.386
0.386
0.379
0.384
0.39
0.388
0.388
0.39
0.385
0.381
0.387
0.394
0.386
0.391
0.382
0.391
0.388
0.387
0.387
0.393
0.399
0.393
0.389
0.397
0.387
0.389
0.389
0.397
0.392
0.385
0.387
0.379
0.395
0.387
0.383
0.387
0.393
0.384
0.386
0.39
0.396
0.396
0.392
0.396
0.389
0.396
0.396
0.387
0.383
0.398
0.39
0.392
0.387
0.396
0.395
0.389
0.398
0.396
0.399
0.402
0.394
0.396
0.401
0.399
0.395
0.393
0.392
0.399
0.393
0.396
0.388
0.388
0.387
0.391
0.395
0.391
0.396
0.391
0.396
0.386
0.387
0.383
0.39
0.391
0.387
0.393
0.392
0.394
0.389
0.395
0.4
0.391
0.387
0.396
0.389
0.391
0.389
0.388
0.391
0.392
0.395
0.401
0.4
0.391
0.39
0.396
0.389
0.382
0.387
0.389
0.383
0.388
0.395
0.389
0.397
0.391
0.391
0.391
0.396
0.4
0.4
0.396
0.393
0.39
0.394
0.393
0.4
0.399
0.392
0.393
0.396
0.394
0.395
0.401
0.392
0.39
0.395
0.39
0.392
0.394
0.4
0.399
0.392
0.395
0.388
0.393
0.384
0.395
0.397
0.392
0.398
0.389
0.398
0.391
0.391
0.386
0.395
0.393
0.401
0.407
0.391
0.398
0.392
0.398
0.389
0.394
0.399
0.402
0.401
0.396
0.396
0.391
0.394
0.39
0.399
0.395
0.394
0.389
0.395
0.4
0.393
0.396
0.405
0.403
0.396
0.4
0.397
0.398
0.391
0.39
0.403
0.402
0.393
0.399
0.404
0.413
0.403
0.408
0.393
0.402
0.396
0.396
0.399
0.402
0.408
0.4
0.394
0.394
0.4
0.391
0.395
0.4
0.395
0.387
0.398
0.403
0.407
0.398
0.401
0.408
0.409
0.4
0.396
0.396
0.403
0.401
0.399
0.398
0.404
0.404
0.4
0.404
0.396
0.405
0.405
0.4
0.401
0.407
0.41
0.404
0.407
0.399
0.404
0.406
0.41
0.404
0.405
0.402
0.41
0.415
0.416
0.41
0.404
0.416
0.425
0.414
0.419
0.427
0.429
0.406
0.418
0.415
0.425
0.419
0.409
0.411
0.404
0.41
0.419
0.411
0.413
0.423
0.417
0.41
0.406
0.415
0.406
0.41
0.419
0.41
0.41
0.411
0.41
0.416
0.417
0.408
0.412
0.402
0.411
0.406
0.413
0.418
0.414
0.419
0.422
0.417
0.411
0.411
0.409
0.405
0.417
0.408
0.416
0.41
0.411
0.403
0.402
0.398
0.403
0.413
0.393
0.402
0.408
0.407
0.399
0.408
0.402
0.409
0.409
0.404
0.414
0.409
0.398
0.406
0.401
0.405
0.396
0.392
0.401
0.404
0.412
0.394
0.396
0.397
0.401
0.41
0.41
0.404
0.405
0.399
0.399
0.406
0.396
0.4
0.402
0.401
0.396
0.403
0.399
0.402
0.396
0.4
0.398
0.396
0.396
0.396
0.398
0.406
0.416
0.414
0.405
0.398
0.403
0.408
0.415
0.409
0.401
0.398
0.404
0.41
0.418
0.424
0.403
0.415
0.399
0.398
0.393
0.4
0.396
0.404
0.398
0.391
0.393
0.395
0.4
0.399
0.399
0.393
0.385
0.394
0.403
0.394
0.398
0.391
0.396
0.396
0.399
0.396
0.389
0.397
0.4
0.403
0.393
0.393
0.398
0.396
0.395
0.398
0.391
0.391
0.396
0.408
0.391
0.396
0.405
0.403
0.389
0.397
0.395
0.404
0.396
0.389
0.395
0.388
0.391
0.388
0.394
0.391
0.396
0.392
0.384
0.383
0.39
0.383
0.392
0.387
0.392
0.387
0.379
0.383
0.392
0.395
0.397
0.395
0.385
0.384
0.391
0.393
0.401
0.402
0.392
0.392
0.387
0.393
0.388
0.393
0.389
0.383
0.382
0.389
0.382
0.387
0.389
0.386
0.385
0.388
0.39
0.391
0.384
0.385
0.383
0.376
0.379
0.387
0.384
0.38
0.387
0.392
0.383
0.376
0.385
0.386
0.387
0.39
0.385
0.393
0.396
0.397
0.397
0.394
0.396
0.394
0.397
0.391
0.395
0.402
0.392
0.399
0.399
0.399
0.396
0.399
0.395
0.402
0.405
0.407
0.401
0.408
0.407
0.41
0.407
0.413
0.41
0.411
0.414
0.417
0.418
0.42
0.42
0.423
0.422
0.425
0.429
0.427
0.429
0.437
0.429
0.436
0.433
0.438
0.444
0.437
0.442
0.432
0.455
0.452
0.46
0.459
0.458
0.469
0.475
0.477
