0.672
0.663
0.654
0.647
0.631
0.597
0.583
0.59
0.576
0.541
0.531
0.523
0.536
0.526
0.524
0.51
0.502
0.507
0.504
0.493
0.481
0.481
0.464
0.475
0.441
0.443
0.445
0.444
0.451
0.447
0.437
0.443
0.452
0.44
0.447
0.44
0.433
0.439
0.448
0.43
0.439
0.442
0.438
0.437
0.444
0.433
0.432
0.438
0.441
0.447
0.437
0.438
0.428
0.433
0.428
0.43
0.438
0.435
0.426
0.44
0.445
0.438
0.435
0.432
0.441
0.441
0.434
0.432
0.429
0.427
0.436
0.438
0.434
0.425
0.428
0.431
0.438
0.428
0.425
0.426
0.423
0.424
0.417
0.418
0.431
0.428
0.423
0.413
0.418
0.427
0.432
0.434
0.411
0.415
0.424
0.419
0.424
0.421
0.412
0.422
0.42
0.416
0.406
0.42
0.42
0.412
0.405
0.42
0.412
0.419
0.428
0.433
0.425
0.415
0.425
0.431
0.425
0.422
0.425
0.417
0.422
0.413
0.417
0.428
0.423
0.425
0.416
0.425
0.416
0.418
0.427
0.421
0.426
0.416
0.42
0.425
0.417
0.416
0.42
0.421
0.423
0.416
0.425
0.424
0.414
0.417
0.42
0.438
0.437
0.44
0.443
0.445
0.447
0.438
0.464
0.456
0.456
0.45
0.461
0.466
0.456
0.464
0.457
0.464
0.459
0.452
0.441
0.443
0.443
0.451
0.44
0.447
0.455
0.453
0.433
0.439
0.443
0.452
0.444
0.442
0.44
0.437
0.44
0.439
0.444
0.452
0.428
0.423
0.438
0.447
0.424
0.433
0.436
0.436
0.427
0.43
0.422
0.423
0.422
0.43
0.436
0.432
0.434
0.426
0.427
0.422
0.428
0.422
0.426
0.417
0.408
0.423
0.416
0.424
0.421
0.43
0.418
0.419
0.415
0.417
0.422
0.416
0.417
0.423
0.413
0.417
0.422
0.414
0.417
0.414
0.423
0.415
0.414
0.413
0.413
0.41
0.412
0.404
0.417
0.411
0.415
0.408
0.413
0.415
0.421
0.419
0.414
0.41
0.417
0.417
0.422
0.414
0.414
0.409
0.406
0.408
0.411
0.406
0.421
0.412
0.406
0.414
0.41
0.416
0.421
0.412
0.412
0.404
0.42
0.416
0.41
0.412
0.42
0.413
0.41
0.41
0.412
0.412
0.406
0.403
0.406
0.413
0.404
0.41
0.413
0.409
0.411
0.414
0.404
0.417
0.42
0.415
0.406
0.412
0.413
0.393
0.412
0.42
0.413
0.413
0.421
0.423
0.429
0.424
0.418
0.414
0.414
0.407
0.41
0.418
0.417
0.407
0.425
0.421
0.416
0.412
0.417
0.425
0.418
0.419
0.41
0.413
0.407
0.419
0.41
0.41
0.408
0.415
0.41
0.401
0.411
0.408
0.403
0.399
0.408
0.409
0.403
0.402
0.398
0.41
0.405
0.415
0.411
0.406
0.411
0.416
0.41
0.411
0.406
0.422
0.415
0.414
0.418
0.424
0.422
0.417
0.416
0.412
0.412
0.421
0.424
0.413
0.414
0.405
0.415
0.418
0.411
0.411
0.41
0.402
0.405
0.405
0.414
0.416
0.41
0.418
0.418
0.408
0.407
0.404
0.406
0.412
0.414
0.415
0.41
0.406
0.406
0.404
0.414
0.407
0.413
0.415
0.405
0.404
0.413
0.417
0.417
0.417
0.425
0.424
0.409
0.414
0.415
0.407
0.408
0.411
0.416
0.419
0.409
0.405
0.414
0.405
0.415
0.413
0.403
0.404
0.406
0.413
0.413
0.41
0.405
0.412
0.414
0.404
0.41
0.416
0.406
0.409
0.418
0.419
0.413
0.42
0.414
0.409
0.408
0.403
0.406
0.41
0.403
0.403
0.408
0.415
0.414
0.403
0.394
0.401
0.393
0.408
0.398
0.406
0.398
0.412
0.404
0.412
0.411
0.406
0.41
0.407
0.417
0.409
0.406
0.414
0.413
0.411
0.413
0.415
0.414
0.406
0.412
0.416
0.416
0.422
0.414
0.417
0.417
0.423
0.414
0.405
0.412
0.415
0.405
0.406
0.415
0.404
0.412
0.421
0.406
0.399
0.418
0.419
0.409
0.401
0.414
0.409
0.418
0.41
0.402
0.412
0.408
0.411
0.403
0.409
0.405
0.41
0.402
0.403
0.408
0.398
0.413
0.418
0.405
0.398
0.406
0.413
0.404
0.407
0.399
0.403
0.396
0.412
0.411
0.408
0.407
0.399
0.407
0.399
0.397
0.4
0.409
0.405
0.403
0.402
0.401
0.4
0.403
0.405
0.405
0.398
0.403
0.4
0.401
0.397
0.397
0.393
0.395
0.394
0.4
0.403
0.395
0.403
0.405
0.406
0.405
0.399
0.399
0.401
0.409
0.407
0.405
0.401
0.403
0.393
0.407
0.404
0.398
0.395
0.403
0.41
0.406
0.409
0.402
0.393
0.403
0.408
0.407
0.407
0.398
0.404
0.405
0.412
0.408
0.415
0.418
0.414
0.416
0.412
0.402
0.409
0.409
0.406
0.407
0.4
0.411
0.411
0.404
0.413
0.412
0.402
0.402
0.398
0.405
0.405
0.409
0.408
0.411
0.404
0.398
0.395
0.401
0.404
0.395
0.404
0.402
0.398
0.403
0.404
0.398
0.4
0.401
0.397
0.402
0.399
0.393
0.402
0.407
0.397
0.406
0.396
0.395
0.397
0.395
0.401
0.406
0.397
0.401
0.391
0.395
0.399
0.397
0.393
0.401
0.394
0.401
0.402
0.404
0.398
0.405
0.412
0.406
0.398
0.398
0.399
0.396
0.4
0.408
0.404
0.404
0.403
0.397
0.405
0.397
0.398
0.398
0.406
0.397
0.4
0.405
0.402
0.405
0.398
0.406
0.409
0.404
0.399
0.399
0.405
0.406
0.412
0.403
0.407
0.414
0.405
0.408
0.411
0.411
0.404
0.41
0.413
0.416
0.42
0.43
0.42
0.43
0.422
0.431
0.43
0.432
0.44
0.433
0.435
0.431
0.437
0.445
0.452
0.442
0.445
0.454
0.443
0.446
0.468
0.479
0.475
0.479
0.481
0.491
0.481
0.473
0.479
0.484
0.488
0.493
0.493
0.5
0.522
0.498
0.494
0.501
0.501
0.51
0.54
0.53
0.535
0.531
0.544
0.551
0.52
0.525
0.521
0.513
0.524
0.544
0.538
0.559
0.563
0.563
0.563
0.577
0.589
0.549
0.491
0.459
0.453
0.454
0.45
0.459
0.453
0.449
0.451
0.459
0.451
0.458
0.462
0.46
0.455
0.458
0.464
0.455
0.459
0.466
0.476
0.474
0.477
0.467
0.476
0.466
0.464
0.46
0.467
0.458
0.455
0.455
0.452
0.452
0.461
0.457
0.456
0.459
0.461
0.466
0.463
0.467
0.468
0.473
0.469
0.465
0.481
0.477
0.479
0.482
0.481
0.482
0.487
0.485
0.486
0.488
0.49
0.493
0.495
0.5
0.501
0.498
0.499
