0.655
0.645
0.63
0.619
0.628
0.571
0.535
0.548
0.477
0.473
0.481
0.475
0.474
0.469
0.465
0.464
0.47
0.459
0.464
0.46
0.471
0.466
0.469
0.467
0.46
0.469
0.467
0.463
0.462
0.465
0.463
0.473
0.466
0.462
0.459
0.464
0.469
0.447
0.44
0.438
0.446
0.446
0.447
0.437
0.443
0.449
0.44
0.442
0.438
0.444
0.438
0.432
0.438
0.457
0.44
0.444
0.444
0.437
0.445
0.45
0.447
0.447
0.445
0.45
0.449
0.444
0.438
0.447
0.438
0.43
0.426
0.433
0.433
0.434
0.441
0.459
0.467
0.459
0.459
0.456
0.45
0.447
0.448
0.443
0.447
0.438
0.442
0.434
0.437
0.449
0.457
0.461
0.466
0.476
0.476
0.479
0.477
0.497
0.494
0.505
0.507
0.513
0.515
0.516
0.514
0.522
0.482
0.45
0.446
0.451
0.452
0.442
0.451
0.449
0.449
0.439
0.446
0.443
0.443
0.447
0.457
0.449
0.454
0.434
0.431
0.428
0.443
0.439
0.454
0.438
0.449
0.442
0.441
0.435
0.444
0.452
0.434
0.436
0.441
0.431
0.425
0.432
0.441
0.445
0.435
0.434
0.435
0.437
0.438
0.429
0.437
0.438
0.438
0.428
0.421
0.416
0.423
0.427
0.42
0.417
0.424
0.42
0.417
0.418
0.432
0.425
0.426
0.426
0.428
0.43
0.426
0.427
0.428
0.43
0.438
0.42
0.42
0.419
0.426
0.434
0.413
0.422
0.423
0.425
0.415
0.438
0.444
0.439
0.434
0.442
0.439
0.441
0.431
0.415
0.416
0.416
0.409
0.399
0.408
0.417
0.413
0.416
0.414
0.422
0.419
0.415
0.414
0.422
0.424
0.422
0.424
0.422
0.426
0.416
0.417
0.423
0.42
0.414
0.406
0.408
0.413
0.421
0.419
0.416
0.412
0.405
0.414
0.412
0.407
0.406
0.413
0.411
0.415
0.413
0.408
0.416
0.408
0.398
0.428
0.415
0.413
0.407
0.405
0.409
0.418
0.416
0.413
0.412
0.421
0.422
0.419
0.423
0.418
0.413
0.413
0.427
0.427
0.428
0.42
0.413
0.42
0.422
0.424
0.421
0.439
0.429
0.434
0.443
0.446
0.455
0.456
0.46
0.466
0.469
0.44
0.454
0.445
0.452
0.453
0.464
0.439
0.435
0.438
0.432
0.442
0.445
0.43
0.438
0.434
0.437
0.428
0.413
0.409
0.416
0.408
0.42
0.426
0.409
0.402
0.41
0.415
0.422
0.416
0.415
0.407
0.412
0.42
0.427
0.407
0.425
0.422
0.418
0.411
0.415
0.417
0.427
0.43
0.435
0.412
0.409
0.414
0.416
0.41
0.409
0.411
0.41
0.412
0.402
0.408
0.417
0.423
0.417
0.407
0.412
0.408
0.413
0.404
0.399
0.408
0.417
0.408
0.412
0.404
0.409
0.413
0.415
0.423
0.417
0.412
0.408
0.415
0.431
0.43
0.411
0.415
0.421
0.416
0.409
0.416
0.418
0.408
0.423
0.421
0.413
0.421
0.416
0.409
0.419
0.423
0.416
0.408
0.414
0.412
0.42
0.424
0.422
0.422
0.431
0.44
0.432
0.414
0.416
0.425
0.418
0.415
0.411
0.421
0.411
0.406
0.41
0.403
0.427
0.428
0.418
0.415
0.422
0.415
0.411
0.418
0.424
0.418
0.409
0.411
0.401
0.395
0.4
0.396
0.409
0.405
0.404
0.413
0.416
0.409
0.407
0.407
0.401
0.412
0.405
0.403
0.408
0.412
0.405
0.408
0.404
0.406
0.415
0.42
0.411
0.405
0.404
0.416
0.414
0.42
0.419
0.411
0.416
0.413
0.409
0.415
0.416
0.411
0.416
0.413
0.421
0.418
0.417
0.424
0.417
0.414
0.423
0.414
0.413
0.421
0.418
0.424
0.424
0.43
0.413
0.412
0.417
0.408
0.421
0.415
0.424
0.423
0.413
0.421
0.415
0.417
0.427
0.43
0.419
0.42
0.417
0.423
0.419
0.423
0.415
0.426
0.418
0.421
0.429
0.436
0.426
0.429
0.426
0.42
0.424
0.429
0.43
0.432
0.425
0.422
0.419
0.418
0.422
0.43
0.431
0.423
0.418
0.422
0.422
0.424
0.428
0.42
0.415
0.42
0.41
0.412
0.416
0.407
0.41
0.418
0.417
0.413
0.415
0.411
0.41
0.417
0.41
0.427
0.423
0.423
0.415
0.411
0.409
0.409
0.411
0.41
0.413
0.411
0.403
0.401
0.402
0.411
0.41
0.404
0.401
0.408
0.412
0.404
0.409
0.402
0.412
0.415
0.41
0.411
0.406
0.413
0.416
0.411
0.419
0.421
0.414
0.423
0.426
0.43
0.424
0.433
0.439
0.432
0.433
0.443
0.434
0.443
0.445
0.438
0.44
0.45
0.455
0.453
0.451
0.45
0.456
