0.619
0.604
0.573
0.575
0.552
0.533
0.491
0.489
0.487
0.479
0.468
0.468
0.46
0.464
0.462
0.461
0.448
0.451
0.452
0.455
0.459
0.459
0.451
0.458
0.444
0.452
0.448
0.446
0.454
0.446
0.445
0.439
0.429
0.431
0.427
0.437
0.44
0.441
0.436
0.446
0.428
0.437
0.431
0.427
0.43
0.42
0.43
0.435
0.441
0.425
0.428
0.419
0.426
0.425
0.432
0.437
0.433
0.426
0.434
0.429
0.435
0.426
0.428
0.43
0.428
0.43
0.434
0.44
0.424
0.434
0.436
0.429
0.419
0.432
0.434
0.435
0.434
0.434
0.437
0.428
0.438
0.433
0.425
0.432
0.438
0.431
0.428
0.428
0.426
0.427
0.432
0.432
0.426
0.435
0.438
0.437
0.437
0.428
0.429
0.424
0.415
0.423
0.416
0.411
0.414
0.417
0.425
0.425
0.42
0.425
0.415
0.417
0.408
0.4
0.416
0.406
0.412
0.413
0.414
0.417
0.411
0.403
0.408
0.407
0.406
0.409
0.418
0.417
0.392
0.401
0.393
0.401
0.411
0.404
0.397
0.402
0.405
0.412
0.404
0.411
0.411
0.401
0.407
0.4
0.402
0.406
0.402
0.408
0.401
0.391
0.397
0.402
0.411
0.396
0.389
0.399
0.396
0.4
0.396
0.396
0.404
0.413
0.409
0.408
0.398
0.406
0.408
0.404
0.405
0.396
0.391
0.398
0.404
0.396
0.404
0.403
0.394
0.415
0.409
0.405
0.402
0.403
0.404
0.394
0.398
0.406
0.407
0.421
0.402
0.402
0.395
0.403
0.396
0.404
0.398
0.398
0.406
0.414
0.404
0.401
0.398
0.405
0.397
0.403
0.406
0.41
0.407
0.411
0.407
0.408
0.406
0.402
0.393
0.399
0.394
0.4
0.404
0.396
0.402
0.396
0.403
0.404
0.409
0.394
0.407
0.417
0.408
0.408
0.401
0.392
0.408
0.405
0.402
0.404
0.4
0.402
0.4
0.4
0.409
0.399
0.408
0.409
0.404
0.414
0.401
0.402
0.405
0.403
0.407
0.411
0.418
0.408
0.404
0.407
0.41
0.412
0.414
0.408
0.403
0.403
0.394
0.389
0.41
0.412
0.407
0.397
0.399
0.408
0.398
0.401
0.392
0.41
0.407
0.4
0.394
0.391
0.398
0.393
0.396
0.391
0.396
0.388
0.385
0.383
0.391
0.395
0.397
0.393
0.385
0.387
0.382
0.392
0.39
0.387
0.387
0.383
0.382
0.383
0.391
0.4
0.388
0.389
0.379
0.386
0.381
0.389
0.387
0.394
0.385
0.378
0.383
0.39
0.387
0.386
0.377
0.384
0.385
0.379
0.37
0.388
0.38
0.373
0.378
0.385
0.386
0.395
0.389
0.383
0.382
0.388
0.387
0.379
0.387
0.388
0.392
0.38
0.376
0.385
0.391
0.399
0.389
0.39
0.382
0.385
0.386
0.388
0.383
0.384
0.381
0.387
0.39
0.385
0.383
0.379
0.389
0.395
0.398
0.395
0.389
0.388
0.389
0.383
0.392
0.383
0.378
0.379
0.38
0.386
0.38
0.378
0.382
0.391
0.383
0.378
0.376
0.377
0.392
0.386
0.383
0.387
0.38
0.377
0.379
0.376
0.38
0.371
0.379
0.371
0.375
0.384
0.378
0.377
0.375
0.367
0.392
0.378
0.381
0.38
0.385
0.387
0.384
0.376
0.38
0.373
0.375
0.37
0.368
0.372
0.371
0.379
0.386
0.379
0.374
0.37
0.374
0.374
0.381
0.387
0.382
0.378
0.38
0.383
0.384
0.391
0.389
0.387
0.384
0.383
0.387
0.394
0.392
0.374
0.387
0.396
0.387
0.381
0.372
0.38
0.375
0.379
0.376
0.38
0.388
0.374
0.365
0.373
0.377
0.377
0.37
0.373
0.371
0.38
0.377
0.375
0.379
0.376
0.374
0.372
0.373
0.382
0.377
0.376
0.377
0.376
0.375
0.373
0.368
0.367
0.365
0.374
0.368
0.364
0.367
0.372
0.371
0.363
0.359
0.363
0.368
0.359
0.371
0.369
0.371
0.38
0.376
0.372
0.369
0.364
0.371
0.376
0.374
0.376
0.367
0.378
0.36
0.375
0.369
0.363
0.37
0.375
0.373
0.378
0.38
0.376
0.371
0.378
0.368
0.377
0.37
0.375
0.382
0.381
0.376
0.376
0.371
0.379
0.372
0.376
0.372
0.377
0.375
0.368
0.369
0.363
0.378
0.376
0.368
0.371
0.365
0.36
0.375
0.371
0.376
0.384
0.37
0.378
0.374
0.37
0.37
0.375
0.382
0.37
0.376
0.377
0.38
0.374
0.376
0.372
0.366
0.375
0.374
0.377
0.385
0.385
0.38
0.372
0.369
0.384
0.381
0.374
0.37
0.373
0.367
0.369
0.377
0.374
0.368
0.372
0.378
0.372
0.373
0.38
0.372
0.374
0.371
0.377
0.374
0.372
0.38
0.374
0.383
0.378
0.379
0.373
0.367
0.367
0.375
0.381
0.372
0.375
0.376
0.376
0.376
0.37
0.379
0.38
0.372
0.368
0.371
0.365
0.369
0.378
0.379
0.37
0.365
0.369
0.367
0.37
0.37
0.371
0.364
0.365
0.366
0.365
0.364
0.361
0.368
0.373
0.357
0.355
0.353
0.354
0.359
0.356
0.363
0.362
0.362
0.37
0.366
0.367
0.367
0.372
0.36
0.365
0.354
0.358
0.366
0.359
0.36
0.361
0.368
0.36
0.354
0.36
0.364
0.356
0.354
0.358
0.363
0.365
0.361
0.358
0.366
0.362
0.362
0.363
0.363
0.365
0.369
0.371
0.379
0.369
0.36
0.364
0.359
0.371
0.369
0.37
0.373
0.372
0.374
0.361
0.369
0.378
0.37
0.37
0.387
0.389
0.381
0.377
0.382
0.377
0.383
0.386
0.387
0.396
0.385
0.386
0.386
0.391
0.389
0.384
0.392
0.388
0.384
0.384
0.38
0.383
0.379
0.386
0.391
0.395
0.395
0.39
0.397
0.38
0.384
0.392
0.381
0.39
0.388
0.378
0.384
0.375
0.39
0.383
0.374
0.382
0.39
0.383
0.381
0.379
0.379
0.376
0.376
0.386
0.38
0.394
0.392
0.391
0.388
0.387
0.401
0.377
0.384
0.386
0.378
0.38
0.374
0.383
0.386
0.395
0.388
0.384
0.387
0.382
0.387
0.39
0.391
0.383
0.388
0.397
0.396
0.394
0.376
0.378
0.384
0.381
0.379
0.378
0.378
0.384
0.378
0.373
0.377
0.377
0.382
0.383
0.389
0.392
0.384
0.388
0.375
0.381
0.386
0.39
0.387
0.377
0.38
0.381
0.38
0.372
0.367
0.377
0.385
0.376
0.384
0.377
0.381
0.381
0.382
0.385
0.384
0.378
0.38
0.38
0.384
0.379
0.38
0.384
0.389
0.38
0.372
0.372
0.381
0.382
0.377
0.381
0.384
0.383
0.376
0.37
0.378
0.373
0.373
0.38
0.386
0.38
0.38
0.38
0.38
0.382
0.378
0.383
0.384
0.378
0.379
0.376
0.38
0.376
0.382
0.39
0.389
0.395
0.384
0.386
0.379
0.386
0.379
0.386
0.378
0.382
0.378
0.38
0.379
0.375
0.384
0.375
0.38
0.379
0.373
0.382
0.38
0.385
0.381
0.373
0.368
0.371
0.383
0.381
0.373
0.364
0.372
0.372
0.37
0.369
0.376
0.376
0.381
0.375
0.368
0.373
0.381
0.381
0.373
0.386
0.377
0.376
0.38
0.375
0.391
0.384
0.376
0.368
0.375
0.371
0.377
0.386
0.392
0.375
0.373
0.374
0.378
0.369
0.371
0.375
0.376
0.379
0.381
0.385
0.377
0.383
0.374
0.382
0.365
0.372
0.363
0.368
0.376
0.368
0.361
0.365
0.374
0.372
0.381
0.365
0.368
0.367
0.367
0.364
0.365
0.368
0.371
0.374
0.365
0.367
0.365
0.37
0.372
0.37
0.367
0.37
0.377
0.372
0.375
0.369
0.369
0.374
0.371
0.367
0.371
0.37
0.364
0.369
0.37
0.367
0.373
0.379
0.385
0.371
0.366
0.374
0.373
0.373
0.369
0.366
0.364
0.372
0.378
0.373
0.368
0.377
0.371
0.372
0.371
0.376
0.37
0.365
0.374
0.374
0.366
0.372
0.38
0.377
0.376
0.378
0.383
0.382
0.386
0.373
0.371
0.375
0.381
0.373
0.375
0.382
0.382
0.385
0.386
0.373
0.374
0.378
0.386
0.38
0.383
0.375
0.372
0.379
0.375
0.372
0.376
0.374
0.372
0.366
0.375
0.384
0.375
0.379
0.37
0.371
0.367
0.374
0.368
0.377
0.368
0.368
0.374
0.376
0.372
0.367
0.372
0.365
0.384
0.379
0.383
0.378
0.376
0.389
0.386
0.377
0.378
0.365
0.369
0.372
0.371
0.373
0.366
0.369
0.369
0.375
0.377
0.368
0.371
0.368
0.372
0.371
0.364
0.37
0.369
0.371
0.374
0.37
0.371
0.369
0.363
0.371
0.362
0.366
0.365
0.357
0.364
0.358
0.363
0.365
0.371
0.366
0.372
0.371
0.374
0.368
0.36
0.368
0.373
0.37
0.369
0.375
0.372
0.365
0.372
0.372
0.364
0.369
0.375
0.367
0.373
0.365
0.371
0.368
0.368
0.375
0.377
0.37
0.376
0.379
0.373
0.38
0.376
0.377
0.371
0.367
0.37
0.384
0.379
0.377
0.379
0.37
0.366
0.373
0.38
0.367
0.365
0.374
0.367
0.374
0.369
0.37
0.379
0.384
0.377
0.375
0.375
0.376
0.368
0.366
0.368
0.375
0.372
0.373
0.38
0.378
0.369
0.375
0.369
0.373
0.374
0.378
0.379
0.383
0.377
0.375
0.374
0.376
0.377
0.378
0.372
0.378
0.373
0.373
0.379
0.385
0.384
0.379
0.375
0.375
0.373
0.375
0.377
0.384
0.381
0.387
0.385
0.38
0.374
0.374
0.375
0.37
0.376
0.377
0.368
0.377
0.38
0.384
0.371
0.377
0.38
0.387
0.381
0.373
0.379
0.379
0.38
0.377
0.374
0.37
0.388
0.385
0.383
0.381
0.378
0.385
0.38
0.375
0.381
0.389
0.385
0.386
0.384
0.387
0.379
0.374
0.377
0.379
0.37
0.379
0.384
0.387
0.375
0.375
0.376
0.372
0.376
0.384
0.379
0.388
0.386
0.378
0.38
0.373
0.377
0.38
0.384
0.377
0.378
0.382
0.379
0.378
0.385
0.382
0.376
0.379
0.371
0.379
0.382
0.385
0.381
0.377
0.38
0.38
0.378
0.372
0.378
0.381
0.376
0.378
0.375
0.379
0.368
0.377
0.381
0.385
0.388
0.393
0.374
0.381
0.385
0.386
0.377
0.383
0.376
0.378
0.38
0.388
0.38
0.373
0.377
0.378
0.379
0.372
0.382
0.388
0.381
0.379
0.387
0.379
0.377
0.381
0.376
0.382
0.384
0.38
0.382
0.379
0.383
0.377
0.386
0.381
0.383
0.375
0.384
0.377
0.382
0.379
0.376
0.378
0.375
0.391
0.384
0.377
0.374
0.383
0.388
0.379
0.374
0.39
0.379
0.388
0.381
0.377
0.381
0.376
0.381
0.387
0.383
0.391
0.387
0.389
0.389
0.379
0.373
0.379
0.378
0.384
0.378
0.382
0.384
0.376
0.385
0.384
0.387
0.391
0.377
0.38
0.381
0.383
0.385
0.374
0.383
0.377
0.375
0.373
0.386
0.377
0.375
0.377
0.378
0.377
0.385
0.386
0.386
0.387
0.385
0.385
0.383
0.382
0.374
0.376
0.376
0.376
0.378
0.38
0.386
0.389
0.394
0.386
0.382
0.384
0.383
0.383
0.383
0.378
0.385
0.379
0.373
0.376
0.376
0.373
0.377
0.381
0.382
0.382
0.389
0.375
0.378
0.374
0.376
0.384
0.383
0.375
0.375
0.375
0.37
0.374
0.372
0.374
0.375
0.378
0.378
0.383
0.385
0.391
0.393
0.384
0.389
0.382
0.378
0.372
0.376
0.378
0.387
0.378
0.377
0.382
0.377
0.378
0.376
0.377
0.375
0.369
0.381
0.374
0.381
0.376
0.375
0.37
0.379
0.376
0.385
0.378
0.382
0.387
0.384
0.381
0.375
0.366
0.374
0.375
0.373
0.364
0.383
0.383
0.384
0.379
0.375
0.38
0.386
0.374
0.377
0.369
0.373
0.381
0.378
0.382
0.384
0.381
0.367
0.373
0.377
0.37
0.375
0.383
0.374
0.379
0.373
0.367
0.373
0.38
0.378
0.382
0.376
0.369
0.377
0.374
0.366
0.374
0.374
0.38
0.389
0.396
0.376
0.372
0.378
0.378
0.386
0.383
0.377
0.368
0.384
0.377
0.374
0.383
0.386
0.378
0.375
0.375
0.376
0.379
0.385
0.39
0.383
0.378
0.378
0.378
0.377
0.38
0.376
0.384
0.388
0.389
0.383
0.385
0.38
0.382
0.381
0.387
0.382
0.374
0.382
0.375
0.391
0.386
0.394
0.387
0.394
0.4
0.392
0.394
0.385
0.376
0.383
0.385
0.39
0.383
0.379
0.38
0.388
0.386
0.387
0.392
0.392
0.389
0.389
0.38
0.389
0.378
0.383
0.383
0.384
0.385
0.388
0.381
0.372
0.381
0.373
0.375
0.383
0.385
0.39
0.386
0.38
0.381
0.382
0.385
0.376
0.375
0.378
0.38
0.384
0.383
0.387
0.379
0.377
0.382
0.375
0.382
0.382
0.386
0.388
0.383
0.377
0.372
0.377
0.374
0.372
0.371
0.38
0.38
0.377
0.371
0.378
0.37
0.375
0.376
0.379
0.372
0.369
0.376
0.371
0.379
0.376
0.373
0.379
0.386
0.385
0.379
0.382
0.383
0.374
0.374
0.369
0.372
0.375
0.378
0.384
0.385
0.381
0.372
0.372
0.367
0.371
0.378
0.373
0.374
0.377
0.383
0.384
0.384
0.379
0.374
0.372
0.37
0.372
0.374
0.375
0.373
0.375
0.374
0.376
0.367
0.376
0.377
0.378
0.387
0.383
0.371
0.378
0.384
0.386
0.38
0.38
0.387
0.371
0.368
0.378
0.378
0.376
0.385
0.389
0.386
0.388
0.377
0.383
0.38
0.376
0.377
0.376
0.379
0.38
0.382
0.378
0.375
0.368
0.38
0.377
0.378
0.372
0.372
0.379
0.374
0.379
0.381
0.375
0.368
0.377
0.377
0.368
0.38
0.371
0.372
0.38
0.384
0.378
0.381
0.374
0.379
0.379
0.388
0.376
0.367
0.384
0.378
0.377
0.386
0.382
0.388
0.379
0.377
0.377
0.384
0.375
0.384
0.378
0.375
0.378
0.385
0.387
0.378
0.369
0.378
0.385
0.377
0.377
0.374
0.377
0.371
0.37
0.378
0.379
0.381
0.381
0.376
0.385
0.378
0.379
0.371
0.376
0.374
0.372
0.378
0.375
0.369
0.375
0.367
0.37
0.375
0.368
0.365
0.371
0.373
0.371
0.374
0.38
0.38
0.377
0.373
0.373
0.376
0.371
0.369
0.366
0.374
0.368
0.373
0.374
0.379
0.38
0.384
0.375
0.373
0.374
0.373
0.38
0.38
0.374
0.37
0.375
0.369
0.366
0.37
0.373
0.376
0.379
0.379
0.379
0.371
0.367
0.373
0.381
0.382
0.384
0.369
0.374
0.382
0.374
0.375
0.375
0.372
0.371
0.377
0.382
0.376
0.375
0.373
0.374
0.372
0.375
0.375
0.37
0.378
0.374
0.385
0.386
0.39
0.38
0.374
0.383
0.38
0.382
0.389
0.381
0.377
0.368
0.387
0.382
0.38
0.371
0.371
0.375
0.382
0.379
0.379
0.376
0.37
0.367
0.373
0.376
0.375
0.38
0.378
0.377
0.371
0.376
0.378
0.378
0.387
0.383
0.377
0.374
0.38
0.375
0.38
0.388
0.379
0.387
0.376
0.377
0.372
0.38
0.381
0.383
0.388
0.383
0.378
0.374
0.38
0.377
0.378
0.379
0.37
0.387
0.392
0.383
0.381
0.388
0.374
0.38
0.383
0.387
0.385
0.383
0.376
0.379
0.384
0.379
0.377
0.377
0.382
0.381
0.382
0.375
0.381
0.39
0.381
0.372
0.374
0.374
0.383
0.377
0.375
0.372
0.377
0.373
0.377
0.379
0.376
0.38
0.372
0.38
0.375
0.371
0.376
0.376
0.374
0.374
0.382
0.375
0.378
0.384
0.381
0.383
0.375
0.373
0.376
0.378
0.376
0.38
0.376
0.38
0.388
0.386
0.377
0.369
0.378
0.383
0.381
0.379
0.371
0.384
0.377
0.38
0.379
0.376
0.378
0.375
0.382
0.376
0.378
0.381
0.38
0.383
0.375
0.372
0.377
0.376
0.379
0.376
0.372
0.374
0.377
0.382
0.39
0.378
0.382
0.374
0.382
0.369
0.374
0.376
0.375
0.382
0.375
0.368
0.37
0.367
0.372
0.369
0.378
0.379
0.386
0.377
0.379
0.376
0.376
0.37
0.375
0.372
0.372
0.381
0.379
0.383
0.378
0.371
0.374
0.381
0.382
0.381
0.378
0.379
0.377
0.369
0.373
0.374
0.377
0.378
0.375
0.383
0.375
0.382
0.385
0.376
0.378
0.383
0.376
0.368
0.372
0.371
0.375
0.378
0.378
0.37
0.375
0.374
0.378
0.383
0.378
0.38
0.379
0.388
0.396
0.379
0.384
0.389
0.388
0.381
0.385
0.385
0.377
0.383
0.385
0.389
0.388
0.396
0.386
0.378
0.382
0.388
0.385
0.386
0.384
0.392
0.378
0.383
0.38
0.386
0.38
0.377
0.385
0.386
0.38
0.379
0.383
0.378
0.387
0.382
0.378
0.383
0.376
0.385
0.388
0.39
0.386
0.384
0.382
0.383
0.376
0.382
0.388
0.381
0.389
0.396
0.384
0.385
0.38
0.381
0.379
0.382
0.384
0.387
0.379
0.385
0.393
0.386
0.383
0.383
0.382
0.387
0.385
0.392
0.392
0.394
0.389
0.381
0.379
0.383
0.385
0.389
0.385
0.392
0.38
0.375
0.381
0.38
0.379
0.374
0.376
0.378
0.376
0.373
0.38
0.375
0.394
0.381
0.38
0.383
0.388
0.393
0.381
0.381
0.375
0.393
0.383
0.383
0.388
0.388
0.384
0.38
0.375
0.38
0.387
0.391
0.387
0.383
0.381
0.378
0.374
0.381
0.384
0.379
0.381
0.376
0.388
0.387
0.378
0.376
0.377
0.384
0.382
0.378
0.373
0.38
0.386
0.392
0.39
0.381
0.381
0.381
0.382
0.379
0.383
0.376
0.38
0.379
0.385
0.386
0.383
0.377
0.381
0.377
0.392
0.384
0.38
0.384
0.377
0.393
0.393
0.386
0.387
0.381
0.388
0.384
0.378
0.387
0.38
0.387
0.381
0.381
0.389
0.383
0.388
0.383
0.386
0.384
0.388
0.396
0.399
0.39
0.385
0.383
0.383
0.391
0.387
0.379
0.378
0.385
0.378
0.385
0.383
0.392
0.382
0.377
0.376
0.38
0.387
0.38
0.382
0.388
0.385
0.381
0.384
0.387
0.379
0.376
0.382
0.39
0.399
0.397
0.382
0.386
0.379
0.384
0.377
0.379
0.385
0.392
0.388
0.388
0.394
0.396
0.39
0.385
0.394
0.392
0.386
0.392
0.383
0.375
0.379
0.379
0.385
0.379
0.388
0.389
0.393
0.398
0.389
0.387
0.382
0.376
0.384
0.376
0.383
0.383
0.379
0.381
0.379
0.382
0.38
0.378
0.38
0.377
0.376
0.379
0.382
0.389
0.381
0.39
0.392
0.383
0.38
0.373
0.377
0.379
0.383
0.385
0.373
0.386
0.382
0.378
0.369
0.375
0.369
0.374
0.378
0.373
0.382
0.386
0.379
0.373
0.378
0.372
0.378
0.377
0.38
0.376
0.378
0.387
0.387
0.383
0.379
0.382
0.384
0.375
0.372
0.378
0.378
0.377
0.38
0.376
0.378
0.381
0.379
0.388
0.391
0.384
0.38
0.385
0.377
0.377
0.377
0.378
0.387
0.38
0.386
0.378
0.372
0.376
0.378
0.385
0.377
0.375
0.382
0.382
0.379
0.372
0.38
0.381
0.39
0.386
0.39
0.392
0.386
0.385
0.381
0.377
0.383
0.377
0.382
0.373
0.382
0.376
0.379
0.388
0.383
0.378
0.382
0.387
0.396
0.39
0.389
0.388
0.382
0.381
0.382
0.386
0.378
0.38
0.385
0.386
0.395
0.388
0.383
0.381
0.385
0.383
0.375
0.398
0.388
0.388
0.384
0.382
0.38
0.386
0.377
0.381
0.382
0.377
0.384
0.391
0.388
0.383
0.377
0.38
0.379
0.388
0.392
0.376
0.38
0.378
0.385
0.378
0.387
0.379
0.388
0.38
0.379
0.375
0.377
0.376
0.381
0.373
0.382
0.38
0.383
0.376
0.381
0.372
0.376
0.377
0.38
0.38
0.377
0.385
0.385
0.391
0.386
0.378
0.37
0.38
0.378
0.375
0.379
0.379
0.383
0.389
0.375
0.382
0.384
0.391
0.388
0.385
0.376
0.385
0.376
0.384
0.381
0.388
0.396
0.386
0.381
0.374
0.383
0.38
0.389
0.386
0.383
0.38
0.382
0.383
0.375
0.381
0.389
0.383
0.383
0.39
0.395
0.386
0.387
0.386
0.381
0.389
0.388
0.387
0.382
0.386
0.394
0.376
0.377
0.38
0.381
0.389
0.396
0.388
0.386
0.378
0.384
0.384
0.389
0.384
0.376
0.376
0.381
0.39
0.387
0.377
0.376
0.384
0.371
0.377
0.37
0.378
0.372
0.38
0.377
0.377
0.371
0.377
0.377
0.379
0.379
0.388
0.387
0.376
0.382
0.373
0.377
0.38
0.373
0.374
0.381
0.374
0.376
0.382
0.376
0.377
0.379
0.37
0.379
0.375
0.383
0.388
0.368
0.371
0.379
0.37
0.377
0.373
0.369
0.377
0.375
0.38
0.381
0.385
0.379
0.379
0.383
0.378
0.376
0.383
0.382
0.376
0.382
0.39
0.384
0.385
0.376
0.379
0.379
0.372
0.378
0.376
0.379
0.381
0.384
0.39
0.383
0.381
0.375
0.375
0.381
0.376
0.374
0.377
0.385
0.372
0.382
0.384
0.379
0.38
0.377
0.38
0.379
0.379
0.386
0.376
0.377
0.372
0.378
0.379
0.376
0.378
0.381
0.384
0.383
0.382
0.377
0.384
0.381
0.375
0.378
0.373
0.376
0.374
0.377
0.382
0.384
0.384
0.381
0.379
0.376
0.38
0.384
0.389
0.387
0.383
0.376
0.383
0.387
0.385
0.378
0.379
0.382
0.386
0.379
0.382
0.382
0.383
0.379
0.388
0.382
0.383
0.379
0.383
0.376
0.384
0.386
0.377
0.38
0.372
0.385
0.383
0.386
0.383
0.381
0.384
0.377
0.389
0.394
0.387
0.392
0.399
0.404
0.396
0.392
0.393
0.392
0.392
0.398
0.392
0.393
0.391
0.396
0.401
0.383
0.379
0.375
0.383
0.382
0.38
0.38
0.381
0.374
0.384
0.375
0.38
0.378
0.383
0.375
0.381
0.382
0.382
0.387
0.391
0.384
0.386
0.381
0.388
0.382
0.385
0.382
0.378
0.384
0.385
0.386
0.389
0.386
0.377
0.379
0.387
0.385
0.38
0.389
0.39
0.382
0.377
0.381
0.386
0.379
0.382
0.384
0.379
0.384
0.386
0.38
0.387
0.387
0.395
0.386
0.379
0.375
0.39
0.391
0.383
0.39
0.383
0.377
0.382
0.383
0.389
0.39
0.383
0.388
0.391
0.378
0.377
0.371
0.376
0.378
0.378
0.379
0.374
0.378
0.382
0.376
0.38
0.372
0.371
0.378
0.378
0.369
0.374
0.376
0.366
0.375
0.367
0.368
0.375
0.379
0.373
0.373
0.367
0.378
0.374
0.371
0.38
0.373
0.37
0.371
0.368
0.374
0.382
0.374
0.381
0.376
0.373
0.379
0.377
0.378
0.38
0.381
0.381
0.378
0.372
0.379
0.372
0.378
0.377
0.373
0.379
0.373
0.378
0.369
0.375
0.375
0.372
0.386
0.369
0.374
0.374
0.376
0.37
0.378
0.378
0.379
0.376
0.377
0.374
0.382
0.373
0.382
0.379
0.373
0.376
0.38
0.371
0.379
0.38
0.376
0.38
0.377
0.383
0.377
0.381
0.376
0.381
0.378
0.384
0.392
0.385
0.376
0.377
0.385
0.382
0.381
0.381
0.373
0.381
0.379
0.385
0.38
0.381
0.38
0.389
0.384
0.392
0.383
0.385
0.382
0.389
0.397
0.39
0.391
0.382
0.383
0.387
0.382
0.384
0.384
0.39
0.384
0.39
0.382
0.385
0.394
0.39
0.385
0.384
0.382
0.38
0.379
0.386
0.396
0.385
0.388
0.396
0.388
0.396
0.389
0.381
0.373
0.384
0.379
0.387
0.396
0.389
0.387
0.385
0.39
0.38
0.387
0.383
0.385
0.38
0.376
0.378
0.393
0.381
0.381
0.377
0.38
0.387
0.385
0.392
0.393
0.383
0.387
0.393
0.387
0.384
0.393
0.393
0.392
0.396
0.394
0.396
0.388
0.384
0.387
0.382
0.388
0.39
0.391
0.388
0.385
0.384
0.385
0.389
0.384
0.377
0.395
0.389
0.387
0.387
0.385
0.379
0.386
0.383
0.381
0.38
0.391
0.39
0.384
0.381
0.396
0.39
0.387
0.382
0.384
0.38
0.396
0.381
0.388
0.389
0.386
0.381
0.381
0.39
0.39
0.391
0.396
0.385
0.379
0.383
0.384
0.387
0.391
0.392
0.384
0.381
0.384
0.383
0.388
0.382
0.375
0.381
0.387
0.391
0.391
0.383
0.374
0.38
0.378
0.379
0.379
0.378
0.387
0.378
0.382
0.387
0.385
0.394
0.385
0.38
0.388
0.38
0.388
0.382
0.385
0.394
0.388
0.395
0.396
0.386
0.389
0.393
0.395
0.386
0.386
0.377
0.382
0.383
0.382
0.386
0.387
0.382
0.383
0.388
0.393
0.394
0.377
0.381
0.384
0.384
0.391
0.383
0.381
0.389
0.382
0.38
0.387
0.393
0.396
0.392
0.385
0.39
0.393
0.387
0.383
0.388
0.39
0.381
0.391
0.386
0.392
0.385
0.389
0.395
0.396
0.393
0.396
0.398
0.404
0.398
0.39
0.393
0.387
0.395
0.39
0.398
0.391
0.397
0.388
0.388
0.386
0.389
0.387
0.385
0.384
0.384
0.392
0.395
0.389
0.38
0.384
0.392
0.383
0.392
0.396
0.39
0.385
0.393
0.391
0.388
0.39
0.389
0.38
0.399
0.399
0.392
0.395
0.395
0.392
0.392
0.386
0.388
0.39
0.386
0.393
0.395
0.391
0.393
0.386
0.392
0.395
0.393
0.392
0.383
0.379
0.391
0.387
0.383
0.383
0.382
0.381
0.389
0.385
0.4
0.384
0.387
0.387
0.389
0.396
0.393
0.391
0.384
0.386
0.38
0.384
0.379
0.387
0.39
0.386
0.393
0.384
0.388
0.384
0.379
0.385
0.383
0.383
0.378
0.386
0.383
0.379
0.382
0.38
0.388
0.382
0.378
0.381
0.38
0.396
0.396
0.389
0.386
0.38
0.389
0.382
0.389
0.389
0.391
0.393
0.396
0.388
0.385
0.384
0.387
0.381
0.39
0.385
0.388
0.388
0.384
0.387
0.387
0.381
0.382
0.386
0.391
0.389
0.38
0.389
0.382
0.379
0.386
0.393
0.385
0.385
0.386
0.386
0.396
0.393
0.394
0.386
0.388
0.396
0.401
0.385
0.382
0.385
0.391
0.398
0.396
0.385
0.388
0.383
0.384
0.389
0.393
0.396
0.387
0.38
0.382
0.383
0.382
0.389
0.397
0.392
0.384
0.384
0.382
0.39
0.381
0.386
0.386
0.379
0.38
0.387
0.386
0.382
0.382
0.377
0.387
0.385
0.392
0.397
0.391
0.387
0.385
0.391
0.382
0.386
0.39
0.393
0.39
0.388
0.391
0.395
0.386
0.377
0.385
0.39
0.386
0.393
0.391
0.393
0.39
0.381
0.384
0.38
0.386
0.38
0.387
0.378
0.386
0.39
0.382
0.388
0.38
0.388
0.389
0.396
0.385
0.391
0.385
0.384
0.392
0.385
0.382
0.391
0.384
0.388
0.39
0.395
0.391
0.39
0.398
0.401
0.401
0.399
0.393
0.392
0.401
0.391
0.391
0.394
0.393
0.385
0.388
0.392
0.384
0.397
0.397
0.393
0.386
0.391
0.394
0.394
0.388
0.389
0.394
0.393
0.387
0.389
0.386
0.388
0.391
0.395
0.391
0.39
0.391
0.397
0.391
0.395
0.396
0.399
0.398
0.389
0.387
0.391
0.389
0.386
0.392
0.399
0.399
0.391
0.386
0.392
0.383
0.392
0.385
0.391
0.397
0.394
0.394
0.396
0.387
0.382
0.385
0.397
0.405
0.388
0.393
0.391
0.395
0.392
0.4
0.405
0.395
0.399
0.393
0.387
0.392
0.396
0.39
0.389
0.389
0.385
0.388
0.387
0.395
0.391
0.39
0.399
0.387
0.392
0.385
0.387
0.391
0.382
0.387
0.385
0.389
0.39
0.393
0.396
0.387
0.39
0.398
0.393
0.399
0.393
0.395
0.386
0.377
0.382
0.39
0.386
0.378
0.384
0.388
0.383
0.383
0.387
0.386
0.387
0.378
0.387
0.385
0.383
0.384
0.385
0.38
0.388
0.382
0.382
0.386
0.387
0.393
0.386
0.38
0.387
0.394
0.387
0.378
0.382
0.38
0.384
0.382
0.389
0.385
0.386
0.385
0.387
0.39
0.389
0.394
0.39
0.388
0.39
0.396
0.391
0.388
0.387
0.386
0.382
0.382
0.393
0.385
0.393
0.391
0.383
0.38
0.381
0.39
0.391
0.384
0.383
0.391
0.386
0.382
0.386
0.385
0.389
0.383
0.389
0.385
0.378
0.386
0.391
0.384
0.385
0.389
0.384
0.387
0.383
0.389
0.385
0.389
0.395
0.396
0.389
0.387
0.379
0.383
0.384
0.387
0.385
0.378
0.381
0.388
0.381
0.389
0.386
0.392
0.385
0.384
0.38
0.386
0.379
0.379
0.386
0.385
0.387
0.39
0.393
0.384
0.391
0.386
0.38
0.389
0.387
0.396
0.385
0.383
0.389
0.391
0.382
0.379
0.387
0.381
0.387
0.381
0.389
0.389
0.382
0.379
0.388
0.395
0.386
0.39
0.396
0.389
0.391
0.384
0.391
0.386
0.387
0.392
0.384
0.39
0.386
0.38
0.385
0.383
0.38
0.387
0.378
0.381
0.372
0.381
0.385
0.384
0.385
0.386
0.382
0.377
0.381
0.38
0.381
0.384
0.387
0.388
0.38
0.372
0.381
0.389
0.381
0.38
0.381
0.378
0.381
0.379
0.373
0.377
0.372
0.38
0.376
0.378
0.375
0.384
0.384
0.389
0.38
0.381
0.373
0.379
0.386
0.379
0.374
0.377
0.375
0.384
0.378
0.384
0.39
0.381
0.382
0.383
0.378
0.385
0.394
0.385
0.387
0.383
0.379
0.384
0.387
0.388
0.382
0.376
0.383
0.386
0.381
0.389
0.394
0.388
0.386
0.379
0.387
0.383
0.389
0.387
0.387
0.389
0.392
0.38
0.378
0.38
0.377
0.378
0.384
0.386
0.381
0.378
0.386
0.381
0.383
0.388
0.396
0.386
0.378
0.385
0.379
0.377
0.382
0.38
0.383
0.386
0.377
0.386
0.38
0.377
0.385
0.381
0.388
0.386
0.386
0.38
0.382
0.378
0.382
0.381
0.375
0.372
0.38
0.379
0.377
0.382
0.391
0.386
0.388
0.38
0.372
0.377
0.38
0.374
0.382
0.39
0.392
0.384
0.378
0.377
0.378
0.386
0.38
0.384
0.381
0.383
0.387
0.388
0.385
0.392
0.389
0.386
0.379
0.39
0.381
0.375
0.384
0.386
0.384
0.39
0.392
0.394
0.382
0.382
0.387
0.384
0.384
0.391
0.384
0.379
0.387
0.385
0.382
0.39
0.388
0.384
0.391
0.389
0.392
0.392
0.385
0.378
0.385
0.379
0.384
0.383
0.389
0.386
0.387
0.393
0.387
0.389
0.382
0.39
0.387
0.394
0.389
0.395
0.389
0.397
0.393
0.397
0.399
0.398
0.395
0.394
0.4
0.391
0.384
0.391
0.4
0.392
0.383
0.384
0.391
0.386
0.395
0.392
0.396
0.387
0.386
0.379
0.388
0.39
0.39
0.385
0.387
0.392
0.398
0.39
0.385
0.383
0.391
0.385
0.396
0.394
0.393
0.386
0.395
0.393
0.389
0.382
0.387
0.395
0.394
0.392
0.385
0.382
0.386
0.383
0.389
0.389
0.382
0.391
0.389
0.386
0.389
0.381
0.385
0.388
0.388
0.397
0.39
0.389
0.382
0.387
0.385
0.387
0.393
0.395
0.397
0.386
0.386
0.385
0.383
0.388
0.393
0.386
0.39
0.389
0.383
0.381
0.385
0.382
0.382
0.391
0.383
0.386
0.379
0.387
0.381
0.383
0.376
0.384
0.381
0.379
0.382
0.386
0.378
0.376
0.376
0.371
0.387
0.382
0.38
0.374
0.383
0.38
0.387
0.387
0.378
0.384
0.379
0.38
0.381
0.377
0.384
0.379
0.386
0.379
0.377
0.385
0.376
0.385
0.382
0.38
0.387
0.38
0.384
0.383
0.374
0.383
0.384
0.38
0.376
0.382
0.375
0.383
0.381
0.39
0.387
0.377
0.386
0.385
0.381
0.383
0.381
0.379
0.381
0.389
0.388
0.392
0.384
0.39
0.394
0.386
0.381
0.386
0.381
0.387
0.383
0.391
0.392
0.385
0.385
0.391
0.388
0.392
0.387
0.391
0.385
0.381
0.38
0.384
0.382
0.384
0.385
0.381
0.386
0.374
0.373
0.38
0.376
0.381
0.378
0.376
0.371
0.38
0.376
0.369
0.374
0.375
0.373
0.382
0.372
0.374
0.37
0.371
0.38
0.372
0.365
0.372
0.372
0.376
0.371
0.372
0.366
0.372
0.37
0.373
0.375
0.377
0.38
0.38
0.375
0.37
0.378
0.373
0.381
0.384
0.366
0.378
0.379
0.374
0.383
0.38
0.385
0.379
0.382
0.376
0.373
0.379
0.384
0.387
0.38
0.374
0.383
0.374
0.377
0.382
0.388
0.379
0.381
0.375
0.371
0.377
0.386
0.383
0.383
0.377
0.381
0.384
0.384
0.386
0.384
0.39
0.383
0.382
0.384
0.383
0.377
0.377
0.382
0.385
0.382
0.387
0.38
0.382
0.379
0.385
0.38
0.386
0.391
0.391
0.384
0.381
0.389
0.387
0.396
0.383
0.389
0.383
0.386
0.384
0.393
0.389
0.386
0.386
0.392
0.387
0.386
0.384
0.392
0.387
0.393
0.398
0.391
0.384
0.385
0.387
0.382
0.386
0.388
0.394
0.386
0.387
0.378
0.387
0.392
0.399
0.4
0.391
0.395
0.392
0.386
0.395
0.399
0.403
0.396
0.387
0.392
0.387
0.396
0.403
0.396
0.387
0.393
0.391
0.398
0.392
0.397
0.396
0.396
0.399
0.394
0.393
0.395
0.404
0.394
0.394
0.387
0.396
0.396
0.396
0.392
0.395
0.395
0.387
0.396
0.397
0.391
0.4
0.397
0.401
0.401
0.396
0.396
0.391
0.398
0.403
0.396
0.405
0.397
0.389
0.39
0.405
0.401
0.398
0.407
0.401
0.392
0.395
0.395
0.39
0.396
0.397
0.405
0.399
0.393
0.388
0.393
0.389
0.394
0.396
0.388
0.394
0.394
0.389
0.398
0.39
0.399
0.393
0.392
0.393
0.392
0.392
0.394
0.397
0.396
0.416
0.404
0.405
0.41
0.414
0.4
0.409
0.404
0.402
0.392
0.41
0.404
0.403
0.402
0.407
0.397
0.396
0.398
0.399
0.407
0.408
0.404
0.402
0.396
0.401
0.403
0.406
0.412
0.408
0.403
0.397
0.398
0.396
0.402
0.401
0.394
0.391
0.407
0.413
0.4
0.403
0.41
0.407
0.412
0.405
0.404
0.396
0.393
0.399
0.392
0.396
0.393
0.399
0.395
0.396
0.396
0.397
0.396
0.387
0.393
0.402
0.401
0.391
0.396
0.389
0.386
0.394
0.393
0.395
0.399
0.397
0.386
0.394
0.395
0.386
0.391
0.396
0.393
0.399
0.391
0.394
0.391
0.388
0.388
0.385
0.394
0.394
0.388
0.383
0.39
0.389
0.38
0.399
0.395
0.387
0.389
0.386
0.381
0.384
0.391
0.389
0.389
0.39
0.387
0.381
0.389
0.391
0.384
0.376
0.384
0.385
0.384
0.378
0.393
0.384
0.381
0.382
0.379
0.383
0.389
0.383
0.385
0.383
0.39
0.381
0.373
0.388
0.389
0.392
0.391
0.383
0.379
0.388
0.387
0.381
0.379
0.385
0.392
0.388
0.383
0.383
0.385
0.387
0.38
0.383
0.378
0.389
0.383
0.382
0.377
0.38
0.387
0.384
0.388
0.389
0.391
0.382
0.387
0.384
0.383
0.38
0.387
0.381
0.384
0.389
0.384
0.39
0.389
0.388
0.381
0.386
0.381
0.381
0.381
0.383
0.38
0.384
0.379
0.386
0.387
0.38
0.376
0.384
0.391
0.388
0.385
0.384
0.393
0.39
0.389
0.382
0.383
0.374
0.39
0.382
0.385
0.378
0.378
0.385
0.385
0.382
0.391
0.387
0.383
0.378
0.384
0.387
0.394
0.396
0.387
0.378
0.373
0.382
0.383
0.387
0.389
0.381
0.379
0.379
0.385
0.388
0.387
0.381
0.386
0.383
0.375
0.379
0.385
0.388
0.39
0.388
0.384
0.386
0.383
0.381
0.379
0.38
0.389
0.39
0.381
0.385
0.389
0.387
0.39
0.392
0.384
0.388
0.385
0.387
0.38
0.389
0.381
0.385
0.379
0.383
0.383
0.38
0.372
0.378
0.384
0.378
0.377
0.383
0.388
0.388
0.386
0.381
0.388
0.38
0.377
0.384
0.381
0.385
0.392
0.389
0.386
0.38
0.388
0.386
0.394
0.386
0.395
0.383
0.384
0.384
0.386
0.381
0.378
0.387
0.389
0.394
0.392
0.386
0.39
0.397
0.382
0.386
0.377
0.382
0.378
0.385
0.388
0.388
0.382
0.388
0.393
0.384
0.383
0.392
0.389
0.385
0.386
0.387
0.39
0.39
0.387
0.382
0.396
0.394
0.39
0.392
0.387
0.392
0.39
0.384
0.389
0.388
0.392
0.396
0.386
0.394
0.389
0.393
0.396
0.394
0.385
0.389
0.385
0.382
0.382
0.391
0.387
0.392
0.393
0.387
0.385
0.388
0.388
0.396
0.393
0.384
0.393
0.39
0.382
0.385
0.392
0.385
0.391
0.383
0.392
0.388
0.382
0.391
0.382
0.385
0.384
0.382
0.388
0.39
0.396
0.394
0.395
0.388
0.381
0.387
0.388
0.389
0.388
0.392
0.395
0.386
0.383
0.39
0.388
0.391
0.39
0.385
0.392
0.389
0.386
0.384
0.391
0.4
0.397
0.393
0.387
0.396
0.396
0.399
0.391
0.396
0.392
0.384
0.394
0.393
0.392
0.396
0.391
0.395
0.389
0.388
0.396
0.396
0.4
0.398
0.395
0.397
0.393
0.392
0.396
0.405
0.395
0.403
0.396
0.389
0.383
0.389
0.382
0.389
0.397
0.39
0.386
0.388
0.383
0.389
0.392
0.389
0.383
0.398
0.382
0.389
0.383
0.391
0.387
0.383
0.382
0.39
0.386
0.384
0.385
0.385
0.388
0.381
0.39
0.395
0.387
0.378
0.384
0.392
0.389
0.394
0.385
0.392
0.387
0.39
0.383
0.391
0.383
0.386
0.384
0.389
0.388
0.39
0.382
0.383
0.392
0.383
0.391
0.392
0.396
0.374
0.392
0.39
0.393
0.381
0.378
0.383
0.378
0.386
0.383
0.377
0.386
0.392
0.389
0.382
0.384
0.387
0.39
0.386
0.381
0.373
0.384
0.381
0.387
0.379
0.388
0.392
0.391
0.392
0.391
0.392
0.391
0.39
0.387
0.389
0.393
0.396
0.39
0.391
0.383
0.388
0.387
0.389
0.388
0.396
0.397
0.396
0.387
0.386
0.393
0.391
0.395
0.389
0.397
0.39
0.396
0.404
0.393
0.388
0.389
0.39
0.397
0.403
0.405
0.39
0.396
0.39
0.389
0.385
0.398
0.391
0.394
0.396
0.392
0.389
0.395
0.396
0.397
0.4
0.391
0.396
0.392
0.396
0.401
0.394
0.397
0.392
0.401
0.401
0.398
0.396
0.394
0.397
0.394
0.397
0.394
0.39
0.397
0.394
0.386
0.395
0.398
0.399
0.396
0.394
0.399
0.393
0.395
0.397
0.401
0.41
0.392
0.397
0.398
0.403
0.41
0.394
0.388
0.396
0.402
0.408
0.392
0.396
0.396
0.391
0.385
0.391
0.4
0.391
0.397
0.397
0.393
0.392
0.39
0.394
0.385
0.39
0.397
0.395
0.388
0.396
0.393
0.393
0.395
0.401
0.388
0.388
0.383
0.389
0.386
0.388
0.386
0.38
0.401
0.39
0.39
0.396
0.4
0.388
0.381
0.387
0.386
0.384
0.395
0.388
0.393
0.4
0.392
0.394
0.39
0.403
0.397
0.403
0.394
0.401
0.401
0.397
0.405
0.395
0.393
0.396
0.405
0.396
0.405
0.403
0.393
0.401
0.392
0.385
0.393
0.396
0.392
0.394
0.396
0.392
0.388
0.391
0.396
0.402
0.382
0.386
0.382
0.389
0.383
0.387
0.384
0.387
0.396
0.388
0.391
0.382
0.389
0.391
0.385
0.385
0.384
0.388
0.382
0.384
0.391
0.382
0.389
0.383
0.391
0.39
0.385
0.386
0.395
0.387
0.387
0.382
0.39
0.39
0.384
0.393
0.388
0.396
0.391
0.389
0.383
0.389
0.393
0.39
0.389
0.398
0.403
0.391
0.393
0.385
0.393
0.388
0.389
0.396
0.393
0.385
0.394
0.395
0.395
0.397
0.395
0.389
0.393
0.389
0.389
0.391
0.4
0.405
0.391
0.393
0.389
0.396
0.388
0.393
0.388
0.394
0.395
0.398
0.406
0.392
0.393
0.384
0.396
0.399
0.395
0.393
0.392
0.397
0.392
0.389
0.39
0.386
0.388
0.386
0.393
0.396
0.388
0.395
0.395
0.377
0.382
0.385
0.379
0.383
0.383
0.392
0.377
0.377
0.381
0.38
0.38
0.373
0.382
0.38
0.38
0.382
0.384
0.376
0.385
0.385
0.376
0.376
0.382
0.383
0.38
0.377
0.38
0.381
0.373
0.382
0.374
0.378
0.386
0.381
0.378
0.37
0.379
0.376
0.385
0.381
0.386
0.38
0.377
0.386
0.379
0.379
0.375
0.378
0.376
0.385
0.382
0.385
0.394
0.382
0.38
0.381
0.382
0.387
0.389
0.394
0.389
0.391
0.382
0.391
0.39
0.382
0.38
0.386
0.393
0.388
0.391
0.395
0.388
0.388
0.391
0.388
0.394
0.396
0.39
0.39
0.385
0.387
0.39
0.391
0.399
0.399
0.39
0.388
0.38
0.404
0.395
0.387
0.393
0.395
0.391
0.394
0.395
0.387
0.39
0.385
0.394
0.396
0.389
0.382
0.389
0.387
0.392
0.389
0.387
0.395
0.4
0.398
0.389
0.388
0.386
0.396
0.394
0.388
0.393
0.391
0.394
0.39
0.399
0.391
0.396
0.389
0.399
0.397
0.392
0.397
0.39
0.394
0.4
0.396
0.391
0.394
0.399
0.401
0.406
0.405
0.392
0.401
0.391
0.395
0.4
0.399
0.406
0.394
0.393
0.391
0.387
0.394
0.399
0.4
0.393
0.392
0.383
0.399
0.39
0.394
0.392
0.389
0.385
0.384
0.39
0.392
0.394
0.392
0.391
0.384
0.393
0.388
0.391
0.391
0.389
0.38
0.389
0.389
0.393
0.393
0.392
0.384
0.388
0.392
0.384
0.395
0.391
0.399
0.39
0.392
0.393
0.388
0.394
0.391
0.397
0.403
0.394
0.389
0.398
0.397
0.396
0.392
0.394
0.396
0.394
0.403
0.394
0.385
0.4
0.4
0.395
0.386
0.391
0.4
0.403
0.398
0.397
0.393
0.392
0.397
0.399
0.404
0.412
0.396
0.398
0.406
0.403
0.402
0.393
0.392
0.395
0.396
0.394
0.396
0.389
0.396
0.394
0.4
0.399
0.391
0.389
0.396
0.39
0.395
0.399
0.405
0.398
0.392
0.388
0.388
0.392
0.383
0.382
0.387
0.388
0.385
0.39
0.387
0.389
0.388
0.396
0.39
0.385
0.394
0.387
0.393
0.388
0.38
0.384
0.389
0.384
0.39
0.398
0.391
0.387
0.378
0.381
0.385
0.391
0.386
0.388
0.381
0.379
0.387
0.383
0.386
0.385
0.393
0.386
0.379
0.388
0.39
0.391
0.387
0.393
0.384
0.383
0.391
0.391
0.382
0.378
0.39
0.389
0.393
0.386
0.387
0.378
0.383
0.39
0.39
0.394
0.397
0.391
0.388
0.382
0.376
0.388
0.379
0.388
0.384
0.393
0.397
0.394
0.389
0.39
0.381
0.384
0.389
0.392
0.386
0.392
0.39
0.384
0.392
0.391
0.395
0.388
0.387
0.385
0.388
0.38
0.382
0.388
0.389
0.386
0.386
0.382
0.382
0.385
0.392
0.396
0.393
0.395
0.396
0.389
0.384
0.388
0.386
0.384
0.388
0.383
0.392
0.393
0.393
0.386
0.39
0.389
0.388
0.39
0.386
0.384
0.387
0.383
0.384
0.393
0.387
0.379
0.389
0.394
0.396
0.396
0.392
0.383
0.389
0.393
0.387
0.388
0.392
0.386
0.392
0.396
0.392
0.389
0.393
0.387
0.396
0.396
0.393
0.394
0.396
0.403
0.393
0.396
0.392
0.388
0.394
0.386
0.4
0.395
0.392
0.391
0.392
0.39
0.387
0.394
0.39
0.397
0.405
0.384
0.391
0.394
0.394
0.392
0.392
0.388
0.397
0.399
0.392
0.385
0.394
0.402
0.394
0.395
0.389
0.396
0.403
0.399
0.406
0.398
0.397
0.401
0.4
0.404
0.4
0.407
0.4
0.401
0.406
0.391
0.398
0.4
0.396
0.393
0.394
0.402
0.396
0.405
0.398
0.391
0.391
0.391
0.393
0.398
0.393
0.386
0.387
0.395
0.389
0.397
0.394
0.395
0.399
0.399
0.4
0.398
0.395
0.39
0.396
0.388
0.398
0.394
0.389
0.396
0.398
0.405
0.402
0.39
0.399
0.395
0.398
0.391
0.398
0.392
0.388
0.394
0.387
0.393
0.389
0.391
0.392
0.393
0.396
0.387
0.391
0.396
0.397
0.399
0.396
0.387
0.392
0.397
0.396
0.399
0.392
0.39
0.391
0.392
0.399
0.402
0.403
0.391
0.397
0.391
0.398
0.397
0.393
0.392
0.4
0.396
0.396
0.394
0.401
0.398
0.395
0.401
0.4
0.398
0.396
0.4
0.408
0.4
0.406
0.403
0.402
0.399
0.403
0.413
0.394
0.403
0.396
0.391
0.399
0.4
0.403
0.411
0.408
0.398
0.4
0.396
0.4
0.394
0.407
0.408
0.404
0.398
0.399
0.404
0.402
0.4
0.396
0.398
0.403
0.398
0.403
0.408
0.398
0.391
0.399
0.402
0.395
0.39
0.392
0.396
0.396
0.401
0.396
0.396
0.394
0.392
0.388
0.39
0.397
0.398
0.391
0.398
0.396
0.387
0.383
0.392
0.392
0.385
0.381
0.388
0.387
0.39
0.389
0.386
0.381
0.384
0.38
0.379
0.386
0.383
0.381
0.388
0.38
0.378
0.373
0.381
0.376
0.383
0.379
0.377
0.382
0.38
0.386
0.386
0.385
0.382
0.381
0.381
0.384
0.383
0.391
0.391
0.382
0.385
0.383
0.374
0.38
0.38
0.383
0.388
0.384
0.39
0.381
0.374
0.377
0.379
0.383
0.391
0.391
0.381
0.38
0.381
0.381
0.384
0.384
0.382
0.379
0.375
0.382
0.376
0.383
0.383
0.377
0.381
0.388
0.385
0.391
0.386
0.382
0.386
0.384
0.377
0.373
0.38
0.382
0.387
0.391
0.375
0.38
0.377
0.383
0.381
0.385
0.385
0.38
0.377
0.385
0.386
0.382
0.377
0.386
0.387
0.389
0.381
0.385
0.38
0.38
0.385
0.392
0.385
0.383
0.387
0.38
0.382
0.377
0.383
0.382
0.38
0.374
0.39
0.381
0.378
0.385
0.384
0.382
0.386
0.387
0.382
0.386
0.379
0.381
0.384
0.376
0.381
0.389
0.381
0.382
0.384
0.389
0.387
0.379
0.383
0.39
0.385
0.393
0.388
0.393
0.388
0.381
0.384
0.377
0.385
0.387
0.386
0.389
0.385
0.391
0.382
0.387
0.385
0.388
0.384
0.386
0.392
0.387
0.384
0.393
0.382
0.391
0.386
0.385
0.393
0.39
0.386
0.391
0.386
0.38
0.388
0.385
0.38
0.386
0.386
0.382
0.389
0.383
0.388
0.397
0.385
0.391
0.392
0.384
0.388
0.393
0.389
0.386
0.384
0.388
0.389
0.382
0.389
0.385
0.392
0.399
0.391
0.394
0.389
0.388
0.393
0.388
0.394
0.386
0.38
0.393
0.392
0.385
0.383
0.379
0.387
0.38
0.384
0.379
0.384
0.381
0.39
0.383
0.387
0.385
0.386
0.386
0.386
0.39
0.391
0.388
0.382
0.382
0.4
0.394
0.394
0.391
0.386
0.395
0.396
0.393
0.389
0.391
0.39
0.389
0.391
0.384
0.391
0.393
0.394
0.402
0.387
0.388
0.393
0.391
0.396
0.392
0.394
0.391
0.383
0.382
0.391
0.385
0.385
0.388
0.389
0.392
0.384
0.387
0.392
0.387
0.393
0.388
0.393
0.388
0.396
0.387
0.385
0.395
0.387
0.388
0.383
0.385
0.388
0.387
0.389
0.391
0.384
0.388
0.392
0.396
0.388
0.397
0.386
0.387
0.389
0.391
0.387
0.394
0.397
0.388
0.379
0.381
0.388
0.385
0.391
0.386
0.386
0.39
0.391
0.386
0.377
0.38
0.38
0.378
0.381
0.382
0.387
0.389
0.388
0.381
0.385
0.38
0.384
0.386
0.384
0.381
0.387
0.385
0.381
0.388
0.387
0.39
0.382
0.387
0.383
0.379
0.386
0.385
0.389
0.388
0.382
0.389
0.388
0.38
0.383
0.384
0.387
0.386
0.379
0.384
0.382
0.387
0.383
0.383
0.383
0.382
0.389
0.387
0.387
0.388
0.384
0.393
0.386
0.387
0.393
0.385
0.388
0.387
0.383
0.388
0.384
0.386
0.389
0.385
0.381
0.389
0.383
0.388
0.388
0.391
0.39
0.394
0.385
0.394
0.39
0.381
0.396
0.395
0.402
0.394
0.394
0.386
0.391
0.388
0.396
0.4
0.402
0.391
0.395
0.391
0.397
0.391
0.393
0.395
0.387
0.395
0.39
0.392
0.396
0.394
0.396
0.396
0.401
0.396
0.399
0.403
0.396
0.397
0.402
0.407
0.411
0.404
0.406
0.409
0.414
0.406
0.413
0.41
0.419
0.413
0.406
0.413
0.414
0.416
0.414
0.412
0.41
0.415
0.42
0.417
0.419
0.413
0.414
0.418
0.415
0.422
0.425
0.426
0.43
0.426
0.429
0.439
0.434
0.443
0.439
0.449
0.447
0.45
0.447
0.458
0.457
0.455
0.458
0.462
0.467
0.462
0.463
0.465
0.456
0.462
0.459
0.46
0.471
0.469
0.458
0.471
0.472
0.472
0.466
0.467
0.478
0.477
0.47
0.469
0.47
0.464
0.477
0.468
0.47
