0.647
0.64
0.61
0.601
0.595
0.584
0.589
0.581
0.58
0.576
0.587
0.575
0.57
0.562
0.56
0.572
0.563
0.553
0.556
0.545
0.551
0.538
0.513
0.513
0.506
0.506
0.501
0.494
0.491
0.493
0.485
0.475
0.48
0.483
0.476
0.476
0.477
0.474
0.465
0.468
0.466
0.456
0.454
0.45
0.458
0.465
0.456
0.464
0.459
0.454
0.465
0.457
0.464
0.463
0.458
0.46
0.459
0.448
0.453
0.463
0.454
0.445
0.441
0.441
0.446
0.457
0.447
0.449
0.443
0.451
0.453
0.444
0.438
0.436
0.441
0.452
0.441
0.443
0.451
0.447
0.445
0.448
0.446
0.442
0.446
0.452
0.442
0.44
0.444
0.451
0.448
0.449
0.441
0.445
0.447
0.44
0.449
0.442
0.443
0.448
0.443
0.448
0.437
0.442
0.448
0.441
0.447
0.437
0.438
0.448
0.44
0.441
0.438
0.434
0.444
0.434
0.436
0.444
0.438
0.439
0.439
0.437
0.436
0.435
0.441
0.435
0.433
0.439
0.441
0.431
0.426
0.436
0.43
0.438
0.44
0.434
0.439
0.438
0.431
0.424
0.436
0.438
0.434
0.426
0.426
0.43
0.435
0.433
0.425
0.435
0.435
0.427
0.426
0.421
0.425
0.42
0.421
0.428
0.422
0.431
0.424
0.43
0.435
0.429
0.428
0.432
0.424
0.427
0.417
0.422
0.427
0.434
0.429
0.425
0.424
0.423
0.428
0.428
0.438
0.429
0.433
0.438
0.436
0.435
0.429
0.431
0.433
0.44
0.443
0.437
0.432
0.428
0.431
0.434
0.429
0.426
0.419
0.419
0.429
0.426
0.419
0.42
0.42
0.416
0.415
0.417
0.422
0.414
0.418
0.414
0.417
0.416
0.411
0.416
0.409
0.412
0.412
0.418
0.422
0.418
0.411
0.412
0.419
0.42
0.42
0.412
0.412
0.415
0.417
0.411
0.413
0.413
0.417
0.414
0.422
0.42
0.424
0.43
0.432
0.43
0.425
0.418
0.426
0.423
0.428
0.432
0.432
0.424
0.421
0.427
0.428
0.424
0.43
0.428
0.426
0.424
0.426
0.423
0.429
0.427
0.421
0.424
0.424
0.433
0.438
0.43
0.426
0.424
0.429
0.437
0.435
0.428
0.429
0.434
0.431
0.423
0.42
0.429
0.436
0.416
0.418
0.421
0.43
0.43
0.421
0.422
0.424
0.43
0.433
0.441
0.43
0.428
0.425
0.431
0.422
0.432
0.431
0.427
0.432
0.438
0.442
0.433
0.428
0.436
0.43
0.423
0.427
0.417
0.423
0.419
0.425
0.418
0.423
0.423
0.423
0.43
0.421
0.425
0.425
0.435
0.434
0.424
0.43
0.438
0.429
0.431
0.428
0.426
0.426
0.425
0.423
0.431
0.424
0.429
0.432
0.436
0.427
0.42
0.419
0.424
0.417
0.422
0.416
0.417
0.419
0.415
0.425
0.417
0.417
0.423
0.414
0.419
0.415
0.413
0.414
0.413
0.413
0.412
0.419
0.409
0.411
0.411
0.421
0.41
0.42
0.416
0.41
0.408
0.407
0.416
0.415
0.417
0.414
0.407
0.41
0.405
0.416
0.412
0.408
0.409
0.406
0.411
0.411
0.412
0.417
0.419
0.408
0.413
0.408
0.412
0.412
0.414
0.421
0.414
0.408
0.407
0.408
0.418
0.412
0.407
0.407
0.412
0.412
0.407
0.408
0.409
0.416
0.418
0.412
0.405
0.411
0.409
0.411
0.415
0.422
0.418
0.412
0.406
0.408
0.405
0.414
0.41
0.406
0.406
0.407
0.412
0.409
0.404
0.41
0.401
0.408
0.408
0.407
0.411
0.408
0.416
0.409
0.403
0.407
0.411
0.404
0.415
0.419
0.42
0.412
0.408
0.411
0.409
0.418
0.408
0.411
0.407
0.412
0.408
0.41
0.407
0.407
0.407
0.414
0.405
0.418
0.412
0.407
0.408
0.403
0.407
0.404
0.403
0.412
0.414
0.415
0.408
0.402
0.403
0.406
0.406
0.403
0.403
0.401
0.407
0.401
0.401
0.412
0.404
0.408
0.406
0.399
0.409
0.404
0.403
0.405
0.408
0.418
0.409
0.404
0.408
0.403
0.41
0.42
0.419
0.415
0.411
0.404
0.412
0.406
0.414
0.415
0.423
0.417
0.407
0.407
0.409
0.406
0.405
0.412
0.41
0.418
0.408
0.411
0.401
0.414
0.41
0.405
0.41
0.402
0.404
0.405
0.411
0.407
0.41
0.414
0.408
0.405
0.409
0.412
0.407
0.419
0.409
0.414
0.417
0.417
0.415
0.421
0.415
0.416
0.421
0.426
0.431
0.422
0.421
0.415
0.423
0.429
0.426
0.42
0.418
0.424
0.429
0.424
0.419
0.414
0.421
0.419
0.425
0.417
0.419
0.412
0.423
0.413
0.417
0.421
0.416
0.423
0.413
0.414
0.408
0.414
0.413
0.411
0.415
0.406
0.413
0.411
0.409
0.413
0.406
0.415
0.411
0.407
0.41
0.411
0.419
0.411
0.42
0.42
0.415
0.408
0.41
0.414
0.414
0.415
0.407
0.41
0.409
0.415
0.418
0.421
0.415
0.408
0.415
0.41
0.409
0.42
0.411
0.412
0.414
0.424
0.416
0.407
0.412
0.422
0.406
0.406
0.411
0.411
0.417
0.418
0.408
0.411
0.406
0.414
0.411
0.409
0.414
0.411
0.409
0.419
0.411
0.413
0.42
0.415
0.421
0.418
0.416
0.411
0.428
0.417
0.409
0.42
0.413
0.418
0.413
0.413
0.414
0.422
0.426
0.427
0.417
0.421
0.418
0.419
0.423
0.43
0.435
0.426
0.418
0.425
0.425
0.422
0.421
0.428
0.436
0.431
0.437
0.425
0.422
0.431
0.424
0.418
0.428
0.422
0.422
0.432
0.425
0.421
0.426
0.429
0.42
0.424
0.419
0.429
0.42
0.42
0.422
0.416
0.418
0.42
0.416
0.417
0.421
0.416
0.427
0.42
0.419
0.417
0.427
0.418
0.424
0.422
0.424
0.418
0.416
0.425
0.416
0.412
0.416
0.417
0.425
0.417
0.408
0.41
0.411
0.411
0.405
0.412
0.405
0.41
0.409
0.406
0.413
0.412
0.42
0.41
0.403
0.406
0.413
0.406
0.412
0.412
0.406
0.404
0.404
0.405
0.399
0.407
0.402
0.401
0.399
0.404
0.409
0.409
0.406
0.397
0.401
0.398
0.402
0.407
0.4
0.404
0.413
0.413
0.406
0.401
0.399
0.408
0.406
0.405
0.413
0.407
0.399
0.403
0.406
0.403
0.412
0.409
0.404
0.403
0.402
0.407
0.411
0.411
0.415
0.408
0.411
0.404
0.407
0.403
0.412
0.413
0.415
0.413
0.41
0.414
0.415
0.414
0.405
0.405
0.404
0.413
0.417
0.407
0.41
0.411
0.42
0.413
0.403
0.406
0.402
0.41
0.407
0.402
0.404
0.405
0.41
0.411
0.414
0.409
0.4
0.404
0.413
0.408
0.405
0.402
0.406
0.403
0.413
0.41
0.406
0.403
0.406
0.403
0.413
0.414
0.414
0.407
0.405
0.402
0.407
0.413
0.416
0.413
0.412
0.403
0.406
0.405
0.413
0.415
0.415
0.408
0.401
0.406
0.401
0.405
0.41
0.411
0.421
0.418
0.412
0.409
0.417
0.421
0.43
0.411
0.413
0.42
0.423
0.418
0.413
0.408
0.409
0.408
0.418
0.411
0.408
0.404
0.407
0.406
0.41
0.402
0.401
0.406
0.408
0.411
0.418
0.411
0.406
0.399
0.405
0.403
0.403
0.411
0.413
0.417
0.413
0.403
0.405
0.404
0.41
0.405
0.404
0.406
0.405
0.414
0.416
0.42
0.412
0.404
0.406
0.403
0.412
0.414
0.418
0.409
0.403
0.405
0.401
0.411
0.419
0.412
0.401
0.41
0.4
0.409
0.403
0.403
0.401
0.405
0.415
0.412
0.415
0.407
0.402
0.403
0.411
0.404
0.398
0.403
0.403
0.401
0.403
0.397
0.404
0.399
0.404
0.406
0.41
0.406
0.396
0.397
0.396
0.4
0.398
0.405
0.396
0.392
0.395
0.396
0.396
0.398
0.399
0.394
0.393
0.394
0.392
0.397
0.392
0.399
0.399
0.408
0.399
0.397
0.391
0.393
0.396
0.392
0.401
0.396
0.396
0.399
0.399
0.406
0.405
0.4
0.398
0.395
0.396
0.403
0.406
0.398
0.391
0.393
0.396
0.395
0.393
0.399
0.396
0.402
0.399
0.396
0.396
0.389
0.391
0.389
0.396
0.389
0.39
0.394
0.393
0.395
0.402
0.4
0.396
0.401
0.396
0.401
0.397
0.405
0.408
0.398
0.397
0.399
0.399
0.405
0.402
0.411
0.401
0.396
0.398
0.403
0.397
0.401
0.396
0.397
0.396
0.396
0.397
0.402
0.397
0.392
0.398
0.396
0.401
0.393
0.395
0.398
0.395
0.404
0.405
0.395
0.398
0.399
0.394
0.407
0.404
0.404
0.397
0.399
0.396
0.4
0.404
0.411
0.407
0.399
0.398
0.396
0.398
0.396
0.402
0.402
0.411
0.403
0.396
0.393
0.397
0.397
0.396
0.403
0.396
0.398
0.395
0.4
0.397
0.406
0.405
0.401
0.401
0.393
0.396
0.396
0.393
0.398
0.398
0.404
0.407
0.401
0.399
0.394
0.395
0.393
0.399
0.397
0.4
0.4
0.407
0.403
0.396
0.396
0.4
0.4
0.399
0.407
0.407
0.415
0.408
0.399
0.399
0.411
0.404
0.398
0.404
0.399
0.403
0.399
0.399
0.406
0.398
0.407
0.413
0.409
0.403
0.401
0.399
0.401
0.402
0.402
0.404
0.407
0.403
0.4
0.402
0.397
0.397
0.405
0.408
0.4
0.396
0.405
0.4
0.406
0.406
0.41
0.402
0.397
0.394
0.396
0.395
0.392
0.409
0.401
0.396
0.394
0.393
0.397
0.394
0.4
0.4
0.399
0.393
0.391
0.395
0.396
0.396
0.397
0.397
0.402
0.4
0.399
0.392
0.397
0.395
0.397
0.392
0.396
0.4
0.404
0.405
0.405
0.397
0.394
0.397
0.399
0.402
0.404
0.405
0.404
0.395
0.395
0.394
0.398
0.393
0.397
0.396
0.4
0.396
0.395
0.394
0.398
0.394
0.397
0.401
0.405
0.404
0.398
0.401
0.394
0.396
0.404
0.407
0.405
0.397
0.4
0.401
0.402
0.4
0.408
0.409
0.411
0.408
0.403
0.401
0.403
0.407
0.406
0.411
0.407
0.402
0.405
0.405
0.399
0.412
0.408
0.405
0.41
0.407
0.405
0.41
0.406
0.416
0.412
0.41
0.404
0.409
0.405
0.415
0.415
0.413
0.409
0.403
0.403
0.407
0.41
0.41
0.418
0.413
0.404
0.401
0.403
0.406
0.404
0.412
0.408
0.4
0.412
0.407
0.401
0.409
0.403
0.408
0.407
0.402
0.411
0.418
0.413
0.408
0.411
0.406
0.408
0.407
0.407
0.41
0.407
0.415
0.415
0.411
0.408
0.409
0.409
0.406
0.407
0.407
0.411
0.421
0.418
0.409
0.41
0.42
0.418
0.408
0.413
0.403
0.419
0.417
0.41
0.417
0.411
0.408
0.405
0.403
0.407
0.401
0.407
0.403
0.405
0.408
0.416
0.408
0.404
0.409
0.409
0.414
0.405
0.407
0.404
0.407
0.411
0.419
0.417
0.403
0.412
0.41
0.42
0.417
0.416
0.417
0.426
0.421
0.412
0.408
0.417
0.409
0.418
0.422
0.414
0.411
0.417
0.426
0.424
0.417
0.414
0.413
0.417
0.425
0.423
0.415
0.414
0.417
0.407
0.41
0.407
0.412
0.408
0.405
0.409
0.403
0.412
0.405
0.401
0.404
0.402
0.411
0.409
0.419
0.411
0.403
0.401
0.401
0.408
0.399
0.406
0.408
0.401
0.402
0.401
0.41
0.403
0.412
0.407
0.404
0.397
0.398
0.403
0.4
0.407
0.407
0.397
0.398
0.407
0.408
0.405
0.395
0.404
0.398
0.405
0.4
0.409
0.405
0.397
0.396
0.398
0.405
0.399
0.408
0.405
0.399
0.398
0.409
0.408
0.398
0.402
0.4
0.406
0.411
0.406
0.402
0.398
0.402
0.409
0.405
0.406
0.397
0.4
0.399
0.406
0.4
0.409
0.402
0.402
0.399
0.399
0.408
0.407
0.405
0.406
0.412
0.411
0.41
0.402
0.402
0.404
0.409
0.401
0.408
0.407
0.404
0.406
0.405
0.413
0.409
0.406
0.4
0.407
0.404
0.408
0.409
0.419
0.412
0.407
0.404
0.403
0.412
0.406
0.416
0.415
0.407
0.403
0.413
0.405
0.41
0.405
0.407
0.409
0.404
0.409
0.402
0.408
0.41
0.418
0.412
0.405
0.405
0.401
0.41
0.411
0.409
0.401
0.4
0.408
0.402
0.41
0.403
0.397
0.4
0.401
0.396
0.398
0.398
0.404
0.4
0.407
0.404
0.404
0.403
0.407
0.411
0.41
0.4
0.397
0.398
0.404
0.397
0.404
0.408
0.399
0.396
0.403
0.413
0.403
0.4
0.396
0.395
0.4
0.395
0.402
0.395
0.395
0.404
0.395
0.405
0.402
0.399
0.397
0.396
0.396
0.398
0.403
0.397
0.406
0.401
0.398
0.396
0.399
0.393
0.402
0.398
0.407
0.399
0.399
0.395
0.396
0.395
0.4
0.394
0.404
0.401
0.397
0.395
0.401
0.397
0.406
0.404
0.403
0.402
0.395
0.397
0.396
0.403
0.397
0.398
0.401
0.41
0.41
0.409
0.405
0.398
0.399
0.401
0.411
0.412
0.406
0.404
0.398
0.402
0.398
0.41
0.406
0.4
0.399
0.407
0.398
0.402
0.398
0.404
0.402
0.402
0.407
0.403
0.409
0.41
0.407
0.403
0.412
0.411
0.409
0.403
0.404
0.403
0.412
0.403
0.407
0.404
0.405
0.402
0.404
0.4
0.407
0.407
0.417
0.411
0.406
0.399
0.406
0.41
0.403
0.396
0.402
0.398
0.405
0.399
0.4
0.397
0.4
0.395
0.403
0.407
0.398
0.399
0.396
0.403
0.401
0.395
0.396
0.396
0.399
0.397
0.404
0.402
0.406
0.4
0.398
0.399
0.399
0.397
0.412
0.405
0.399
0.404
0.396
0.404
0.401
0.404
0.413
0.416
0.414
0.402
0.407
0.4
0.409
0.4
0.404
0.4
0.409
0.4
0.413
0.408
0.401
0.402
0.403
0.408
0.401
0.411
0.411
0.408
0.402
0.404
0.401
0.409
0.402
0.412
0.411
0.403
0.404
0.406
0.412
0.413
0.407
0.407
0.411
0.411
0.421
0.418
0.413
0.412
0.417
0.411
0.419
0.416
0.415
0.421
0.424
0.417
0.411
0.416
0.423
0.426
0.421
0.414
0.411
0.415
0.412
0.419
0.413
0.419
0.412
0.417
0.419
0.415
0.412
0.42
0.42
0.423
0.42
0.425
0.425
0.415
0.42
0.423
0.427
0.425
0.426
0.423
0.43
0.427
0.432
0.43
0.439
0.438
0.439
0.442
0.433
0.441
0.439
0.449
0.451
0.45
0.452
0.45
0.455
0.456
0.451
0.459
0.46
0.458
0.461
0.466
0.467
0.463
0.47
0.475
0.476
0.48
0.472
0.478
0.479
0.481
0.477
0.48
0.502
0.498
0.498
0.505
0.501
0.505
0.506
0.507
0.509
0.5
0.515
0.511
0.513
0.503
0.514
0.511
0.509
0.505
0.544
0.54
0.561
0.547
0.554
0.544
0.548
0.523
0.533
0.533
0.539
0.544
0.582
0.584
0.583
0.579
0.586
0.578
0.58
0.58
0.585
0.582
0.571
0.566
0.565
0.577
0.566
0.567
0.568
0.558
0.558
0.553
0.696
0.656
0.655
0.608
0.601
0.592
0.592
0.586
0.582
0.571
0.566
0.565
0.563
0.562
0.563
0.563
0.564
0.596
0.596
0.6
0.589
0.608
0.577
0.574
0.587
0.596
0.599
0.606
0.64
0.644
0.64
0.622
0.634
0.632
0.635
0.632
0.637
0.633
0.63
0.629
0.632
0.644
0.654
0.658
0.656
0.632
0.622
0.611
0.626
0.622
0.631
0.632
0.625
0.622
0.629
0.625
0.633
0.639
0.639
0.636
0.63
0.625
0.616
0.571
0.601
0.612
0.626
0.639
0.644
0.648
0.643
0.638
0.613
0.615
0.612
0.619
0.615
0.617
0.601
0.601
0.607
0.644
0.628
0.616
0.609
0.609
0.623
0.598
0.597
0.609
0.61
0.615
0.616
0.615
0.62
0.621
0.62
0.622
0.624
0.619
0.624
0.624
0.631
0.634
0.648
0.687
0.646
0.641
0.64
0.63
0.634
0.639
0.645
0.66
0.651
0.637
0.642
0.654
0.699
0.691
0.683
0.671
0.669
0.659
0.667
0.668
0.665
0.677
0.637
0.63
0.634
0.666
0.677
0.645
0.636
0.631
0.629
0.63
0.625
0.629
0.658
0.664
0.649
0.655
0.643
0.641
0.644
0.643
0.652
0.663
0.661
0.665
0.68
0.681
0.654
0.655
0.657
0.664
0.669
0.671
0.664
0.672
0.681
0.686
0.692
0.653
0.628
0.629
0.652
0.695
