0.522
0.521
0.509
0.479
0.468
0.476
0.466
0.473
0.462
0.458
0.457
0.451
0.44
0.442
0.444
0.442
0.438
0.442
0.441
0.436
0.436
0.426
0.427
0.421
0.425
0.432
0.438
0.418
0.414
0.418
0.419
0.417
0.419
0.414
0.414
0.41
0.412
0.408
0.411
0.419
0.424
0.416
0.408
0.405
0.407
0.415
0.418
0.407
0.399
0.407
0.405
0.404
0.397
0.404
0.401
0.406
0.403
0.4
0.403
0.402
0.411
0.406
0.396
0.396
0.401
0.403
0.399
0.407
0.399
0.4
0.399
0.399
0.397
0.397
0.404
0.399
0.392
0.396
0.394
0.396
0.392
0.401
0.399
0.391
0.397
0.389
0.396
0.394
0.401
0.393
0.39
0.398
0.392
0.395
0.39
0.394
0.39
0.395
0.394
0.389
0.398
0.392
0.396
0.389
0.397
0.397
0.392
0.398
0.394
0.393
0.393
0.39
0.399
0.396
0.401
0.396
0.389
0.398
0.399
0.395
0.398
0.394
0.392
0.396
0.401
0.399
0.39
0.397
0.394
0.396
0.39
0.392
0.392
0.394
0.385
0.398
0.392
0.389
0.39
0.396
0.39
0.392
0.384
0.393
0.396
0.393
0.401
0.393
0.398
0.391
0.389
0.396
0.392
0.398
0.39
0.395
0.389
0.396
0.396
0.397
0.39
0.393
0.39
0.395
0.393
0.392
0.39
0.394
0.388
0.386
0.403
0.389
0.386
0.395
0.391
0.394
0.396
0.392
0.391
0.388
0.388
0.393
0.385
0.39
0.388
0.392
0.396
0.389
0.394
0.395
0.391
0.391
0.391
0.386
0.393
0.402
0.394
0.396
0.399
0.39
0.391
0.389
0.39
0.383
0.391
0.395
0.395
0.393
0.39
0.386
0.392
0.395
0.387
0.391
0.39
0.391
0.385
0.39
0.386
0.394
0.39
0.392
0.386
0.389
0.386
0.391
0.391
0.39
0.391
0.385
0.391
0.389
0.389
0.388
0.391
0.392
0.391
0.383
0.396
0.393
0.394
0.39
0.396
0.388
0.396
0.396
0.391
0.393
0.39
0.392
0.392
0.396
0.396
0.396
0.393
0.395
0.391
0.39
0.393
0.394
0.391
0.396
0.396
0.394
0.385
0.392
0.397
0.401
0.402
0.395
0.392
0.4
0.396
0.396
0.389
0.392
0.386
0.392
0.397
0.392
0.385
0.392
0.386
0.394
0.387
0.393
0.389
0.392
0.389
0.385
0.393
0.389
0.385
0.393
0.397
0.391
0.386
0.39
0.394
0.393
0.401
0.391
0.387
0.39
0.389
0.386
0.386
0.386
0.392
0.387
0.394
0.396
0.394
0.389
0.384
0.388
0.39
0.385
0.391
0.389
0.382
0.384
0.395
0.39
0.392
0.387
0.389
0.382
0.389
0.387
0.385
0.389
0.386
0.388
0.385
0.388
0.385
0.391
0.396
0.388
0.396
0.398
0.391
0.388
0.388
0.389
0.396
0.389
0.396
0.395
0.396
0.387
0.391
0.395
0.386
0.389
0.383
0.392
0.391
0.387
0.387
0.393
0.392
0.384
0.387
0.387
0.395
0.389
0.396
0.389
0.387
0.396
0.387
0.392
0.387
0.397
0.396
0.387
0.393
0.389
0.392
0.394
0.388
0.392
0.386
0.391
0.396
0.389
0.396
0.392
0.402
0.393
0.395
0.386
0.396
0.404
0.396
0.396
0.391
0.393
0.389
0.396
0.389
0.397
0.392
0.395
0.388
0.398
0.401
0.393
0.399
0.393
0.397
0.395
0.396
0.393
0.393
0.392
0.395
0.394
0.403
0.399
0.408
0.402
0.396
0.398
0.392
0.396
0.393
0.401
0.392
0.396
0.391
0.39
0.391
0.398
0.393
0.396
0.392
0.396
0.396
0.392
0.396
0.388
0.396
0.396
0.393
0.395
0.39
0.398
0.403
0.4
0.394
0.39
0.395
0.391
0.389
0.402
0.398
0.395
0.399
0.393
0.393
0.398
0.403
0.396
0.399
0.392
0.398
0.397
0.396
0.398
0.394
0.408
0.402
0.395
0.398
0.394
0.396
0.396
0.405
0.398
0.404
0.395
0.396
0.403
0.397
0.404
0.404
0.395
0.398
0.394
0.403
0.397
0.396
0.396
0.404
0.4
0.398
0.392
0.396
0.391
0.395
0.396
0.405
0.4
0.395
0.398
0.395
0.398
0.403
0.409
0.407
0.399
0.4
0.406
0.4
0.406
0.402
0.399
0.401
0.409
0.399
0.403
0.398
0.403
0.409
0.409
0.412
0.408
0.399
0.401
0.402
0.406
0.404
0.414
0.412
0.4
0.409
0.406
0.396
0.398
0.395
0.402
0.397
0.396
0.399
0.396
0.396
0.393
0.392
0.396
0.396
0.39
0.396
0.399
0.396
0.388
0.388
0.39
0.393
0.386
0.389
0.386
0.392
0.393
0.393
0.384
0.384
0.388
0.394
0.391
0.388
0.384
0.381
0.391
0.388
0.383
0.378
0.386
0.392
0.385
0.381
0.383
0.379
0.392
0.387
0.387
0.386
0.389
0.383
0.381
0.381
0.388
0.389
0.385
0.387
0.381
0.383
0.389
0.383
0.381
0.379
0.387
0.395
0.393
0.386
0.387
0.379
0.383
0.379
0.38
0.387
0.381
0.39
0.387
0.386
0.39
0.384
0.389
0.388
0.39
0.381
0.389
0.392
0.396
0.381
0.386
0.395
0.393
0.385
0.386
0.386
0.381
0.387
0.394
0.397
0.393
0.393
0.391
0.388
0.393
0.393
0.394
0.393
0.392
0.392
0.392
0.395
0.394
0.39
0.39
0.392
0.393
0.393
0.394
0.398
0.392
0.395
0.396
0.393
0.395
0.395
0.393
0.394
0.392
0.398
0.396
0.393
0.395
0.396
0.399
0.399
0.396
0.404
0.399
0.402
0.401
0.404
0.398
0.405
0.406
0.409
0.41
0.406
0.412
0.408
0.404
0.41
0.407
0.408
0.403
0.411
0.407
0.406
0.406
0.406
0.408
0.408
0.408
0.409
0.411
0.41
0.41
0.409
0.409
0.411
0.412
0.413
0.412
0.411
0.412
0.413
0.412
0.415
0.417
0.418
0.419
0.421
0.418
0.423
0.419
0.426
0.422
0.425
0.43
0.432
0.431
0.435
0.436
0.438
0.436
0.438
0.436
0.438
0.435
0.438
0.433
0.436
0.436
0.444
0.448
0.453
0.457
0.457
0.46
0.455
0.458
0.453
0.461
0.465
0.459
0.469
0.472
0.465
0.473
0.477
0.478
0.479
0.481
0.484
0.48
0.478
0.485
0.479
0.486
0.484
0.487
0.492
0.482
0.492
0.495
0.495
0.488
0.499
0.502
0.491
0.499
0.496
0.491
0.498
0.495
0.496
0.497
0.493
0.493
0.491
0.497
0.504
0.503
0.481
0.488
0.492
0.494
0.495
0.497
0.499
0.496
0.499
0.498
0.501
0.498
0.5
0.509
0.512
