0.501
0.46
0.444
0.438
0.443
0.438
0.424
0.417
0.416
0.406
0.409
0.414
0.404
0.401
0.4
0.403
0.407
0.398
0.399
0.39
0.398
0.398
0.39
0.382
0.377
0.38
0.388
0.372
0.369
0.374
0.367
0.371
0.363
0.358
0.366
0.367
0.36
0.372
0.37
0.37
0.364
0.374
0.371
0.376
0.374
0.377
0.374
0.352
0.354
0.354
0.359
0.35
0.353
0.357
0.353
0.351
0.358
0.354
0.354
0.697
0.693
0.696
0.697
0.698
0.697
0.35
0.349
0.695
0.699
0.352
0.352
0.35
0.357
0.351
0.359
0.354
0.36
0.351
0.344
0.349
0.694
0.693
0.691
0.69
0.692
0.691
0.349
0.343
0.345
0.348
0.344
0.349
0.341
0.349
0.342
0.35
0.69
0.69
0.688
0.341
0.348
0.34
0.691
0.348
0.343
0.349
0.343
0.349
0.343
0.348
0.691
0.345
0.339
0.347
0.344
0.347
0.69
0.342
0.349
0.689
0.689
0.345
0.341
0.346
0.344
0.34
0.695
0.347
0.353
0.345
0.35
0.346
0.349
0.348
0.351
0.348
0.693
0.69
0.688
0.688
0.69
0.348
0.343
0.346
0.687
0.688
0.687
0.688
0.688
0.687
0.342
0.371
0.364
0.373
0.369
0.375
0.371
0.376
0.379
0.388
0.385
0.381
0.388
0.385
0.378
0.391
0.407
0.404
0.437
0.391
0.398
0.391
0.388
0.39
0.395
0.396
0.392
0.397
0.4
0.393
0.397
0.396
0.396
0.394
0.39
0.39
0.399
0.39
0.392
0.394
0.391
0.397
0.393
0.395
0.393
0.399
0.394
0.397
0.399
0.401
0.399
0.399
0.404
0.409
0.402
0.392
0.401
0.392
0.405
0.401
0.397
0.407
0.413
0.404
0.404
0.397
0.409
0.413
0.418
0.413
0.403
0.408
0.41
0.416
0.419
0.398
0.406
0.396
0.411
0.361
0.697
0.688
0.371
0.379
0.374
0.377
0.376
0.383
0.378
0.386
0.393
0.438
0.443
0.441
0.468
0.496
0.508
0.501
0.506
0.501
0.495
0.502
0.68
0.676
0.679
0.387
0.382
0.413
0.495
0.496
0.49
0.494
0.491
0.492
0.497
0.463
0.462
0.514
0.506
0.496
0.5
0.493
0.505
0.569
0.688
0.69
0.668
0.375
0.376
0.382
0.378
0.372
0.39
0.394
0.438
0.435
0.438
0.445
0.448
0.445
0.447
0.447
0.444
0.451
0.454
0.453
0.46
0.454
0.461
0.464
0.459
0.465
0.466
0.472
0.47
0.478
0.474
0.48
0.486
0.479
0.486
0.481
0.488
0.486
0.481
0.493
0.49
0.49
0.482
0.494
0.492
0.481
0.5
0.502
0.496
0.499
0.491
0.486
0.484
0.491
0.5
0.543
0.374
0.377
0.368
0.367
0.366
0.372
0.377
0.368
0.369
0.378
0.372
0.375
0.374
0.378
0.378
0.37
0.378
0.385
0.381
0.387
0.389
0.382
0.389
0.388
0.394
0.386
0.39
0.399
0.395
0.4
0.404
0.402
0.401
0.395
0.404
0.408
0.436
0.436
0.442
0.432
0.438
0.466
0.476
0.473
0.482
0.475
0.479
0.48
0.486
0.366
0.375
0.378
0.377
0.383
0.38
0.384
0.382
0.39
0.387
0.389
0.388
0.393
0.386
0.39
0.388
0.397
0.391
0.396
0.396
0.391
0.398
0.395
0.393
0.401
0.392
0.396
0.399
0.401
0.403
0.401
0.405
0.414
0.405
0.409
0.418
0.409
0.416
0.412
0.438
0.444
0.449
0.441
0.451
0.459
0.467
0.466
0.467
0.469
0.482
0.473
0.475
0.478
0.479
0.484
0.481
0.492
0.497
0.492
0.489
0.499
0.387
0.381
0.382
0.373
0.381
0.381
0.374
0.367
0.37
0.366
0.371
0.372
0.363
0.367
0.369
0.377
