0.451
0.44
0.445
0.442
0.44
0.435
0.431
0.435
0.436
0.438
0.428
0.433
0.442
0.44
0.348
0.433
0.427
0.421
0.435
0.43
0.438
0.434
0.438
0.437
0.432
0.438
0.436
0.431
0.438
0.439
0.439
0.433
0.433
0.436
0.44
0.441
0.431
0.438
0.444
0.44
0.433
0.434
0.444
0.441
0.431
0.438
0.443
0.433
0.438
0.436
0.442
0.431
0.436
0.432
0.44
0.441
0.434
0.432
0.437
0.442
0.437
0.436
0.431
0.431
0.434
0.433
0.438
0.44
0.437
0.437
0.441
0.43
0.429
0.438
0.43
0.431
0.428
0.438
0.437
0.443
0.434
0.434
0.437
0.441
0.427
0.43
0.43
0.438
0.434
0.426
0.435
0.431
0.428
0.436
0.427
0.426
0.433
0.425
0.432
0.425
0.435
0.435
0.428
0.433
0.428
0.428
0.427
0.437
0.437
0.434
0.434
0.426
0.431
0.431
0.441
0.432
0.435
0.439
0.432
0.435
0.433
0.433
0.434
0.439
0.446
0.449
0.454
0.457
0.451
0.459
0.469
0.466
0.469
0.479
0.482
0.48
0.488
0.484
0.479
0.479
0.479
0.477
0.484
0.473
0.482
0.49
0.5
0.575
0.689
0.674
0.461
0.468
0.46
0.466
0.455
0.465
0.465
0.468
0.46
0.467
0.44
0.438
0.43
0.425
0.429
0.438
0.431
0.428
0.43
0.429
0.438
0.446
0.437
0.428
0.437
0.431
0.429
0.433
0.425
0.435
0.425
0.428
0.432
0.432
0.426
0.422
0.425
0.433
0.435
0.427
0.423
0.423
0.423
0.424
0.419
0.427
0.42
0.43
0.43
0.423
0.421
0.417
0.417
0.421
0.425
0.42
0.417
0.409
0.414
0.415
0.416
0.42
0.424
0.418
0.41
0.415
0.416
0.424
0.417
0.413
0.418
0.416
0.413
0.422
0.421
0.416
0.415
0.411
0.419
0.409
0.412
0.419
0.412
0.42
0.412
0.419
0.418
0.424
0.417
0.413
0.421
0.416
0.417
0.414
0.423
0.426
0.412
0.422
0.421
0.418
0.411
0.413
0.417
0.42
0.415
0.41
0.415
0.42
0.421
0.412
0.418
0.411
0.419
0.422
0.412
0.42
0.42
0.418
0.408
0.412
0.417
0.412
0.412
0.421
0.425
0.416
0.419
0.413
0.422
0.425
0.418
0.408
0.415
0.425
0.421
0.417
0.415
0.424
0.423
0.417
0.415
0.424
0.423
0.423
0.416
0.424
0.417
0.426
0.421
0.43
0.422
0.423
0.426
0.434
0.43
0.431
0.43
0.428
0.428
0.425
0.424
0.432
0.432
0.433
0.43
0.343
0.431
0.441
0.435
0.433
0.43
0.433
0.435
0.428
0.426
0.431
0.423
0.425
0.419
0.429
0.419
0.426
0.425
0.42
0.429
0.433
0.423
0.426
0.418
0.425
0.42
0.422
0.43
0.431
0.422
0.42
0.421
0.427
0.417
0.423
0.417
0.422
0.427
0.411
0.419
0.42
0.416
0.41
0.41
0.415
0.417
0.416
0.414
0.411
0.408
0.409
0.414
0.412
0.422
0.413
0.407
0.416
0.406
0.42
0.411
0.42
0.423
0.42
0.414
0.425
0.43
0.437
0.431
0.43
0.432
0.433
0.441
0.438
0.436
0.442
0.444
0.449
0.443
0.449
0.456
0.456
0.45
0.459
0.459
0.453
0.452
0.462
0.469
0.489
0.479
0.484
0.484
0.5
0.488
0.495
0.501
0.538
0.534
0.539
0.691
0.633
0.647
0.664
0.665
0.642
0.64
0.644
0.637
0.632
0.624
0.614
0.645
0.673
0.685
0.684
0.672
0.671
0.66
0.614
0.622
0.665
0.663
0.61
0.662
0.668
0.68
0.684
0.693
0.687
0.686
0.689
0.661
0.696
0.68
0.664
0.657
0.688
0.661
0.677
0.698
0.688
0.677
0.672
0.684
0.675
0.674
0.67
0.656
0.659
0.63
0.69
0.665
0.659
0.656
0.665
0.678
0.691
0.699
