0.596
0.582
0.547
0.552
0.544
0.542
0.545
0.514
0.506
0.496
0.482
0.478
0.479
0.455
0.46
0.459
0.466
0.459
0.451
0.46
0.454
0.453
0.462
0.459
0.46
0.455
0.455
0.455
0.448
0.456
0.445
0.45
0.447
0.442
0.439
0.438
0.447
0.447
0.436
0.445
0.452
0.445
0.447
0.44
0.436
0.436
0.446
0.45
0.439
0.439
0.446
0.447
0.443
0.436
0.444
0.444
0.433
0.443
0.438
0.438
0.444
0.446
0.438
0.43
0.435
0.435
0.441
0.449
0.445
0.437
0.437
0.447
0.438
0.444
0.449
0.452
0.447
0.456
0.453
0.456
0.452
0.456
0.453
0.462
0.451
0.454
0.455
0.455
0.449
0.448
0.443
0.44
0.443
0.437
0.457
0.457
0.446
0.457
0.451
0.458
0.449
0.449
0.458
0.451
0.448
0.445
0.438
0.443
0.45
0.44
0.445
0.447
0.451
0.442
0.448
0.443
0.452
0.452
0.447
0.452
0.445
0.443
0.44
0.442
0.434
0.447
0.436
0.442
0.444
0.444
0.438
0.433
0.436
0.44
0.446
0.436
0.437
0.439
0.434
0.436
0.443
0.434
0.438
0.438
0.445
0.444
0.438
0.444
0.448
0.441
0.45
0.457
0.445
0.45
0.444
0.434
0.44
0.442
0.435
0.437
0.444
0.436
0.442
0.449
0.441
0.437
0.429
0.439
0.443
0.438
0.438
0.441
0.442
0.431
0.438
0.451
0.447
0.45
0.442
0.444
0.445
0.453
0.456
0.452
0.446
0.449
0.451
0.46
0.465
0.447
0.447
0.449
0.452
0.449
0.444
0.446
0.456
0.446
0.446
0.437
0.44
0.444
0.438
0.447
0.451
0.441
0.436
0.435
0.445
0.447
0.437
0.436
0.433
0.434
0.441
0.444
0.43
0.421
0.425
0.428
0.434
0.436
0.439
0.439
0.432
0.433
0.426
0.43
0.435
0.431
0.426
0.43
0.436
0.439
0.437
0.429
0.422
0.425
0.435
0.435
0.426
0.427
0.418
0.434
0.435
0.426
0.43
0.422
0.422
0.427
0.424
0.422
0.432
0.423
0.426
0.416
0.421
0.428
0.421
0.427
0.417
0.419
0.432
0.431
0.426
0.418
0.422
0.428
0.41
0.418
0.415
0.412
0.415
0.421
0.424
0.422
0.418
0.414
0.417
0.415
0.422
0.413
0.416
0.417
0.414
0.414
0.423
0.42
0.427
0.427
0.42
0.419
0.425
0.431
0.432
0.427
0.427
0.426
0.428
0.424
0.419
0.417
0.415
0.438
0.427
0.433
0.43
0.425
0.42
0.431
0.426
0.43
0.43
0.424
0.424
0.43
0.423
0.438
0.433
0.428
0.422
0.427
0.422
0.426
0.438
0.432
0.432
0.423
0.431
0.431
0.439
0.434
0.439
0.44
0.433
0.432
0.429
0.429
0.436
0.446
0.425
0.434
0.437
0.439
0.434
0.434
0.427
0.431
0.436
0.442
0.436
0.441
0.432
0.428
0.424
0.432
0.43
0.438
0.433
0.427
0.42
0.425
0.423
0.428
0.423
0.42
0.428
0.431
0.423
0.419
0.425
0.43
0.432
0.423
0.422
0.412
0.422
0.416
0.435
0.432
0.424
0.432
0.429
0.422
0.423
0.417
0.422
0.413
0.416
0.434
0.418
0.41
0.413
0.425
0.421
0.414
0.416
0.422
0.424
0.413
0.415
0.42
0.412
0.407
0.407
0.408
0.418
0.413
0.409
0.404
0.41
0.42
0.416
0.413
0.409
0.405
0.408
0.398
0.41
0.404
0.404
0.407
0.401
0.407
0.399
0.4
0.402
0.406
0.412
0.409
0.415
0.4
0.408
0.409
0.414
0.409
0.406
0.411
0.403
0.417
0.412
0.406
0.412
0.415
0.419
0.411
0.413
0.406
0.419
0.418
0.409
0.408
0.418
0.414
0.414
0.417
0.408
0.407
0.414
0.412
0.403
0.413
0.41
0.408
0.405
0.411
0.414
0.406
0.41
0.403
0.413
0.417
0.409
0.418
0.423
0.417
0.416
0.412
0.407
0.417
0.415
0.408
0.417
0.411
0.405
0.413
0.417
0.414
0.413
0.411
0.413
0.419
0.417
0.418
0.41
0.415
0.407
0.416
0.419
0.424
0.417
0.409
0.413
0.419
0.423
0.421
0.428
0.416
0.421
0.411
0.408
0.405
0.412
0.422
0.421
0.412
0.407
0.408
0.414
0.413
0.409
0.405
0.409
0.413
0.417
0.411
0.407
0.404
0.412
0.402
0.399
0.402
0.399
0.404
0.408
0.399
0.405
0.399
0.402
0.402
0.406
0.413
0.409
0.41
0.405
0.399
0.401
0.409
0.414
0.407
0.409
0.405
0.409
0.406
0.41
0.403
0.412
0.412
0.412
0.407
0.41
0.409
0.427
0.412
0.416
0.424
0.417
0.411
0.41
0.417
0.412
0.407
0.417
0.425
0.425
0.429
0.419
0.409
0.416
0.43
0.421
0.419
0.411
0.416
0.415
0.417
0.411
0.415
0.411
0.414
0.421
0.421
0.415
0.411
0.417
0.423
0.419
0.421
0.419
0.418
0.414
0.417
0.412
0.42
0.427
0.421
0.418
0.428
0.425
0.43
0.421
0.427
0.419
0.422
0.425
0.434
0.418
0.415
0.413
0.418
0.421
0.419
0.417
0.415
0.425
0.429
0.422
0.421
0.416
0.414
0.418
0.42
0.41
0.419
0.422
0.429
0.423
0.417
0.426
0.424
0.415
0.411
0.417
0.415
0.418
0.421
0.417
0.408
0.41
0.414
0.422
0.424
0.416
0.414
0.414
0.404
0.412
0.404
0.414
0.424
0.415
0.406
0.412
0.41
0.419
0.406
0.396
0.409
0.408
0.403
0.407
0.417
0.41
0.41
0.404
0.41
0.412
0.415
0.419
0.424
0.414
0.422
0.419
0.409
0.403
0.417
0.414
0.42
0.42
0.423
0.415
0.42
0.412
0.413
0.41
0.414
0.417
0.422
0.413
0.407
0.411
0.418
0.41
0.415
0.415
0.421
0.415
0.408
0.413
0.414
0.41
0.406
0.41
0.4
0.41
0.41
0.404
0.408
0.406
0.409
0.403
0.412
0.405
0.412
0.408
0.41
0.401
0.408
0.41
0.407
0.4
0.401
0.406
0.408
0.415
0.404
0.396
0.41
0.411
0.409
0.416
0.407
0.401
0.408
0.412
0.407
0.415
0.419
0.414
0.411
0.405
0.413
0.423
0.417
0.409
0.406
0.404
0.415
0.41
0.402
0.409
0.404
0.403
0.401
0.408
0.4
0.401
0.405
0.399
0.408
0.399
0.404
0.398
0.407
0.403
0.398
0.402
0.404
0.397
0.402
0.403
0.401
0.403
0.395
0.411
0.403
0.399
0.402
0.399
0.41
0.404
0.398
0.406
0.398
0.4
0.407
0.414
0.415
0.408
0.404
0.408
0.412
0.405
0.415
0.423
0.416
0.406
0.414
0.411
0.419
0.418
0.421
0.421
0.411
0.417
0.414
0.413
0.415
0.425
0.421
0.416
0.416
0.409
0.429
0.423
0.433
0.434
0.43
0.422
0.418
0.426
0.426
0.425
0.419
0.421
0.43
0.424
0.417
0.424
0.429
0.421
0.415
0.42
0.42
0.43
0.42
0.424
0.422
0.413
0.418
0.418
0.422
0.429
0.413
0.417
0.421
0.417
0.426
0.429
0.427
0.423
0.413
0.423
0.423
0.416
0.409
0.408
0.415
0.406
0.419
0.414
0.407
0.419
0.419
0.419
0.421
0.419
0.412
0.421
0.418
0.426
0.424
0.432
0.416
0.418
0.421
0.413
0.42
0.416
0.423
0.419
0.414
0.423
0.429
0.419
0.409
0.413
0.411
0.417
0.408
0.408
0.411
0.405
0.407
0.402
0.414
0.412
0.408
0.415
0.405
0.418
0.408
0.415
0.405
0.419
0.418
0.415
0.407
0.411
0.414
0.431
0.418
0.418
0.41
0.426
0.416
0.419
0.409
0.419
0.409
0.418
0.416
0.408
0.418
0.409
0.408
0.416
0.409
0.41
0.416
0.421
0.412
0.415
0.424
0.414
0.405
0.418
0.412
0.412
0.415
0.414
0.415
0.409
0.419
0.416
0.409
0.411
0.417
0.42
0.411
0.422
0.423
0.423
0.413
0.41
0.42
0.429
0.42
0.43
0.434
0.426
0.431
0.433
0.429
0.432
0.431
0.436
0.43
0.438
0.438
0.441
0.437
0.444
0.442
0.446
0.44
0.45
0.441
0.452
0.442
0.435
0.438
0.443
0.433
0.424
0.423
0.419
0.426
0.416
0.42
0.412
0.422
0.415
0.41
0.412
0.406
0.412
0.415
0.417
0.405
0.4
0.412
0.404
0.399
0.407
0.401
0.395
0.397
0.403
0.394
0.391
0.396
0.392
0.401
0.399
0.391
0.398
0.399
0.393
0.4
0.391
0.392
0.394
0.4
0.396
0.401
0.396
0.391
0.4
0.397
0.39
0.393
0.385
0.39
0.392
0.4
0.4
0.397
0.406
0.407
0.404
0.401
0.401
0.404
0.403
0.396
0.402
0.403
0.411
0.414
0.413
0.415
0.411
0.419
0.418
0.424
0.426
0.422
0.43
0.434
0.435
0.432
0.436
0.446
0.441
0.452
0.442
0.449
0.459
0.461
0.465
0.462
0.471
0.479
0.469
0.499
0.498
0.495
0.499
0.492
0.485
0.495
0.491
