0.576
0.58
0.564
0.558
0.556
0.545
0.545
0.537
0.543
0.533
0.52
0.529
0.516
0.513
0.515
0.51
0.522
0.514
0.506
0.513
0.51
0.507
0.508
0.511
0.5
0.5
0.5
0.498
0.504
0.5
0.495
0.502
0.499
0.498
0.502
0.506
0.494
0.501
0.498
0.496
0.493
0.489
0.477
0.486
0.491
0.489
0.494
0.471
0.475
0.479
0.486
0.476
0.47
0.471
0.479
0.469
0.479
0.47
0.471
0.475
0.464
0.47
0.478
0.475
0.478
0.477
0.47
0.46
0.471
0.471
0.471
0.473
0.473
0.452
0.456
0.467
0.456
0.467
0.463
0.462
0.471
0.472
0.47
0.467
0.458
0.464
0.468
0.471
0.465
0.46
0.456
0.447
0.446
0.46
0.452
0.451
0.457
0.447
0.439
0.438
0.438
0.438
0.444
0.443
0.438
0.445
0.434
0.439
0.438
0.448
0.438
0.429
0.44
0.44
0.446
0.437
0.429
0.438
0.434
0.437
0.431
0.435
0.44
0.443
0.432
0.426
0.433
0.432
0.425
0.427
0.423
0.432
0.43
0.423
0.433
0.438
0.432
0.424
0.422
0.428
0.431
0.421
0.426
0.436
0.434
0.44
0.429
0.424
0.428
0.426
0.419
0.441
0.433
0.425
0.42
0.423
0.431
0.433
0.436
0.427
0.42
0.431
0.433
0.425
0.42
0.42
0.424
0.419
0.414
0.421
0.421
0.413
0.422
0.419
0.434
0.412
0.422
0.412
0.423
0.424
0.426
0.43
0.429
0.425
0.421
0.413
0.428
0.426
0.426
0.418
0.424
0.426
0.423
0.419
0.41
0.414
0.418
0.419
0.416
0.423
0.43
0.42
0.418
0.414
0.429
0.422
0.415
0.422
0.421
0.414
0.417
0.416
0.42
0.422
0.415
0.42
0.411
0.421
0.411
0.42
0.411
0.423
0.416
0.411
0.423
0.417
0.416
0.424
0.43
0.422
0.419
0.413
0.412
0.422
0.432
0.417
0.413
0.417
0.413
0.427
0.431
0.418
0.421
0.411
0.415
0.422
0.417
0.412
0.421
0.421
0.426
0.421
0.416
0.412
0.422
0.422
0.431
0.423
0.426
0.427
0.422
0.418
0.412
0.419
0.418
0.413
0.423
0.422
0.418
0.413
0.421
0.42
0.426
0.419
0.412
0.422
0.416
0.423
0.42
0.411
0.409
0.41
0.417
0.414
0.41
0.413
0.41
0.416
0.415
0.413
0.42
0.418
0.42
0.419
0.422
0.419
0.421
0.42
0.412
0.411
0.419
0.411
0.42
0.413
0.407
0.414
0.408
0.409
0.414
0.41
0.411
0.413
0.417
0.42
0.411
0.409
0.415
0.41
0.42
0.416
0.409
0.416
0.411
0.408
0.418
0.409
0.411
0.413
0.414
0.424
0.418
0.416
0.41
0.409
0.414
0.411
0.416
0.415
0.412
0.412
0.41
0.415
0.414
0.421
0.413
0.412
0.408
0.403
0.408
0.412
0.404
0.41
0.41
0.409
0.419
0.41
0.403
0.409
0.414
0.412
0.405
0.404
0.41
0.406
0.405
0.407
0.398
0.407
0.405
0.403
0.413
0.415
0.405
0.411
0.408
0.401
0.409
0.403
0.407
0.398
0.402
0.406
0.407
0.399
0.404
0.407
0.402
0.412
0.404
0.407
0.399
0.405
0.406
0.398
0.415
0.405
0.407
0.404
0.407
0.414
0.404
0.411
0.406
0.416
0.41
0.409
0.403
0.408
0.408
0.409
0.413
0.409
0.407
0.409
0.411
0.419
0.413
0.403
0.407
0.409
0.405
0.413
0.408
0.405
0.405
0.407
0.4
0.417
0.407
0.404
0.41
0.407
0.407
0.401
0.404
0.41
0.417
0.413
0.407
0.407
0.4
0.408
0.403
0.407
0.401
0.411
0.406
0.408
0.399
0.405
0.407
0.399
0.408
0.405
0.411
0.412
0.403
0.406
0.403
0.405
0.407
0.402
0.407
0.407
0.408
0.399
0.405
0.399
0.405
0.399
0.407
0.405
0.415
0.413
0.406
0.404
0.404
0.409
0.401
0.403
0.405
0.397
0.412
0.408
0.401
0.405
0.396
0.401
0.406
0.396
0.404
0.401
0.401
0.408
0.4
0.405
0.399
0.403
0.4
0.411
0.405
0.406
0.397
0.411
0.404
0.405
0.404
0.41
0.404
0.405
0.403
0.408
0.4
0.404
0.408
0.402
0.412
0.407
0.4
0.404
0.407
0.401
0.406
0.405
0.401
0.411
0.408
0.412
0.409
0.401
0.404
0.4
0.408
0.412
0.408
0.398
0.401
0.399
0.406
0.413
0.402
0.401
0.403
0.397
0.404
0.396
0.401
0.411
0.404
0.402
0.396
0.405
0.403
0.398
0.397
0.398
0.403
0.396
0.4
0.401
0.396
0.405
0.403
0.411
0.407
0.401
0.404
0.409
0.408
0.404
0.396
0.403
0.411
0.406
0.396
0.402
0.394
0.399
0.396
0.399
0.401
0.396
0.398
0.401
0.404
0.402
0.396
0.398
0.397
0.406
0.406
0.401
0.395
0.402
0.401
0.406
0.402
0.395
0.404
0.4
0.4
0.395
0.401
0.392
0.402
0.398
0.397
0.4
0.395
0.403
0.398
0.396
0.399
0.398
0.404
0.41
0.409
0.401
0.405
0.402
0.398
0.402
0.394
0.401
0.395
0.399
0.391
0.403
0.397
0.397
0.397
0.405
0.399
0.404
0.401
0.398
0.397
0.397
0.4
0.405
0.399
0.396
0.399
0.403
0.396
0.402
0.394
0.402
0.398
0.407
0.398
0.396
0.395
0.4
0.392
0.396
0.396
0.392
0.397
0.391
0.398
0.394
0.397
0.394
0.399
0.407
0.402
0.398
0.397
0.395
0.404
0.395
0.403
0.408
0.398
0.399
0.393
0.397
0.398
0.395
0.403
0.397
0.397
0.394
0.402
0.409
0.403
0.393
0.399
0.402
0.402
0.402
0.4
0.397
0.396
0.4
0.403
0.399
0.396
0.397
0.397
0.397
0.399
0.396
0.404
0.405
0.4
0.408
0.396
0.4
0.398
0.405
0.398
0.4
0.405
0.404
0.403
0.398
0.4
0.402
0.403
0.393
0.401
0.411
0.394
0.4
0.392
0.398
0.397
0.4
0.396
0.404
0.402
0.405
0.395
0.402
0.395
0.397
0.398
0.406
0.403
0.404
0.394
0.396
0.398
0.395
0.404
0.396
0.404
0.402
0.397
0.392
0.4
0.402
0.396
0.394
0.396
0.398
0.396
0.4
0.397
0.393
0.401
0.398
0.407
0.407
0.398
0.393
0.41
0.395
0.401
0.393
0.406
0.396
0.396
0.404
0.395
0.396
0.396
0.401
0.396
0.394
0.393
0.394
0.395
0.402
0.405
0.398
0.396
0.398
0.394
0.398
0.406
0.397
0.398
0.398
0.398
0.401
0.398
0.396
0.398
0.401
0.394
0.399
0.398
0.396
0.398
0.397
0.402
0.407
0.397
0.396
0.396
0.394
0.398
0.404
0.398
0.398
0.401
0.396
0.396
0.402
0.403
0.402
0.395
0.398
0.407
0.409
0.403
0.402
0.395
0.401
0.395
0.405
0.402
0.398
0.4
0.393
0.406
0.4
0.396
0.396
0.405
0.401
0.403
0.398
0.395
0.396
0.394
0.403
0.403
0.398
0.392
0.4
0.401
0.394
0.403
0.4
0.394
0.401
0.398
0.394
0.397
0.39
0.398
0.391
0.398
0.394
0.406
0.402
0.396
0.398
0.394
0.402
0.396
0.403
0.403
0.397
0.396
0.404
0.405
0.403
0.397
0.397
0.405
0.396
0.397
0.396
0.402
0.406
0.402
0.398
0.396
0.403
0.402
0.399
0.397
0.398
0.391
0.399
0.407
0.394
0.399
0.39
0.396
0.392
0.401
0.391
0.397
0.396
0.391
0.396
0.396
0.392
0.396
0.401
0.393
0.39
0.398
0.399
0.399
0.394
0.387
0.395
0.39
0.395
0.394
0.395
0.387
0.396
0.389
0.396
0.391
0.392
0.399
0.391
0.392
0.398
0.394
0.399
0.395
0.394
0.388
0.397
0.4
0.392
0.394
0.395
0.393
0.397
0.4
0.391
0.396
0.39
0.391
0.399
0.394
0.397
0.392
0.391
0.393
0.397
0.392
0.4
0.396
0.396
0.396
0.398
0.392
0.392
0.4
0.4
0.401
0.398
0.403
0.405
0.403
0.412
0.395
0.398
0.405
0.403
0.407
0.398
0.397
0.396
0.401
0.396
0.403
0.406
0.404
0.401
0.396
0.416
0.401
0.399
0.408
0.405
0.411
0.401
0.396
0.403
0.412
0.413
0.397
0.403
0.397
0.406
0.398
0.403
0.397
0.404
0.403
0.408
0.404
0.399
0.397
0.405
0.403
0.399
0.408
0.401
0.396
0.396
0.401
0.395
0.398
0.396
0.395
0.4
0.397
0.403
0.396
0.398
0.396
0.4
0.396
0.396
0.4
0.396
0.404
0.402
0.4
0.401
0.411
0.395
0.402
0.405
0.396
0.394
0.403
0.393
0.399
0.404
0.398
0.392
0.404
0.397
0.393
0.398
0.4
0.395
0.396
0.405
