0.675
0.66
0.653
0.646
0.638
0.637
0.629
0.624
0.626
0.629
0.619
0.608
0.617
0.604
0.601
0.598
0.597
0.583
0.58
0.573
0.569
0.572
0.573
0.546
0.549
0.561
0.529
0.532
0.54
0.528
0.523
0.526
0.523
0.525
0.526
0.518
0.521
0.512
0.521
0.512
0.514
0.518
0.513
0.512
0.502
0.499
0.504
0.498
0.504
0.496
0.501
0.494
0.503
0.492
0.496
0.489
0.499
0.491
0.491
0.48
0.477
0.48
0.491
0.481
0.484
0.478
0.488
0.486
0.478
0.488
0.476
0.482
0.479
0.488
0.482
0.473
0.474
0.479
0.473
0.475
0.471
0.479
0.471
0.477
0.473
0.477
0.471
0.471
0.481
0.477
0.473
0.483
0.477
0.471
0.48
0.478
0.474
0.466
0.474
0.484
0.474
0.48
0.468
0.46
0.462
0.471
0.473
0.48
0.473
0.48
0.486
0.476
0.466
0.466
0.462
0.461
0.461
0.464
0.453
0.456
0.448
0.448
0.449
0.449
0.45
0.457
0.447
0.446
0.449
0.459
0.466
0.456
0.462
0.455
0.455
0.466
0.456
0.455
0.462
0.461
0.457
0.461
0.465
0.455
0.452
0.447
0.449
0.449
0.452
0.448
0.445
0.457
0.461
0.459
0.455
0.447
0.455
0.457
0.466
0.46
0.466
0.467
0.463
0.471
0.463
0.472
0.46
0.465
0.467
0.457
0.455
0.459
0.459
0.461
0.464
0.473
0.472
0.475
0.467
0.473
0.463
0.471
0.473
0.463
0.463
0.473
0.47
0.478
0.467
0.47
0.473
0.455
0.46
0.461
0.453
0.452
0.451
0.452
0.459
0.457
0.453
0.449
0.451
0.462
0.468
0.462
0.463
0.464
0.471
0.478
0.469
0.467
0.461
0.472
0.463
0.46
0.465
0.463
0.47
0.47
0.463
0.456
0.455
0.461
0.466
0.465
0.475
0.472
0.479
0.472
0.469
0.465
0.47
0.468
0.467
0.472
0.48
0.455
0.453
0.459
0.452
0.462
0.456
0.467
0.468
0.463
0.469
0.456
0.447
0.447
0.441
0.448
0.447
0.444
0.461
0.457
0.45
0.449
0.446
0.445
0.442
0.457
0.448
0.445
0.441
0.441
0.446
0.438
0.441
0.443
0.443
0.444
0.443
0.451
0.456
0.444
0.441
0.444
0.448
0.454
0.449
0.446
0.444
0.444
0.447
0.444
0.447
0.451
0.447
0.451
0.453
0.461
0.458
0.451
0.451
0.451
0.462
0.465
0.441
0.444
0.466
0.454
0.447
0.45
0.448
0.455
0.445
0.453
0.46
0.451
0.46
0.457
0.458
0.451
0.44
0.447
0.445
0.441
0.442
0.438
0.45
0.442
0.446
0.464
0.459
0.451
0.452
0.444
0.45
0.459
0.451
0.459
0.468
0.457
0.467
0.462
0.458
0.456
0.448
0.454
0.443
0.45
0.452
0.454
0.459
0.466
0.449
0.453
0.442
0.446
0.462
0.455
0.453
0.455
0.465
0.457
0.455
0.452
0.449
0.448
0.45
0.448
0.452
0.448
0.453
0.451
0.453
0.461
0.464
0.455
0.456
0.447
0.449
0.451
0.452
0.445
0.439
0.447
0.457
0.462
0.448
0.439
0.442
0.443
0.451
0.445
0.443
0.445
0.455
0.461
0.45
0.449
0.458
0.464
0.447
0.449
0.456
0.465
0.461
0.455
0.462
0.452
0.442
0.448
0.459
0.459
0.449
0.457
0.458
0.453
0.456
0.46
0.45
0.458
0.464
0.462
0.464
0.456
0.453
0.446
0.445
0.452
0.445
0.456
0.447
0.454
0.462
0.456
0.462
0.456
0.458
0.449
0.455
0.447
0.446
0.446
0.449
0.46
0.46
0.465
0.451
0.457
0.442
0.445
0.454
0.451
0.454
0.465
0.454
0.447
0.451
0.452
0.447
0.448
0.447
0.458
0.447
0.449
0.454
0.45
0.453
0.449
0.45
0.453
0.462
0.445
0.456
0.453
0.445
0.448
0.455
0.444
0.442
0.452
0.449
0.441
0.441
0.439
0.439
0.438
0.448
0.439
0.444
0.441
0.445
0.455
0.438
0.445
0.45
0.44
0.439
0.448
0.446
0.442
0.449
0.446
0.442
0.444
0.447
0.455
0.444
0.446
0.45
0.453
0.447
0.45
0.444
0.446
0.442
0.442
0.445
0.453
0.448
0.441
0.435
0.46
0.446
0.444
0.449
0.456
0.447
0.447
0.447
0.457
0.458
0.441
0.438
0.437
0.436
0.442
0.448
0.444
0.437
0.435
0.438
0.44
0.441
0.435
0.444
0.449
0.446
0.44
0.45
0.446
0.44
0.448
0.439
0.443
0.454
0.443
0.445
0.446
0.442
0.439
0.446
0.445
0.454
0.452
0.453
0.456
0.464
0.47
0.46
0.467
0.468
0.463
0.472
0.469
0.479
0.468
0.466
0.463
0.472
0.461
0.463
0.461
0.46
0.463
0.459
0.464
0.468
0.46
0.451
0.467
0.454
0.461
0.442
0.451
0.461
0.441
0.438
0.448
0.447
0.436
0.437
0.447
0.438
0.438
0.432
0.442
0.442
0.437
0.43
0.435
0.434
0.428
0.429
0.433
0.431
0.437
0.438
0.428
0.424
0.43
0.426
0.428
0.429
0.439
0.441
0.431
0.437
0.441
0.43
0.426
0.422
0.427
0.423
0.433
0.425
0.427
0.434
0.436
0.429
0.422
0.428
0.433
0.435
0.436
0.429
0.422
0.424
0.428
0.433
0.434
0.425
0.428
0.434
0.432
0.426
0.423
0.425
0.422
0.429
0.428
0.431
0.434
0.438
0.426
0.436
0.421
0.429
0.429
0.428
0.423
0.419
0.415
0.422
0.418
0.417
0.415
0.424
0.427
0.428
0.419
0.414
0.416
0.416
0.426
0.417
0.415
0.414
0.419
0.429
0.421
0.414
0.414
0.415
0.418
0.415
0.42
0.415
0.416
0.416
0.421
0.42
0.418
0.422
0.419
0.428
0.424
0.422
0.431
0.422
0.422
0.431
0.434
0.439
0.429
0.424
0.427
0.424
0.434
0.426
0.428
0.424
0.436
0.426
0.434
0.438
0.435
0.437
0.431
0.426
0.423
0.429
0.429
0.429
0.426
0.433
0.426
0.428
0.429
0.434
0.432
0.433
0.435
0.427
0.432
0.441
0.44
0.433
0.437
0.44
0.437
0.429
0.428
0.428
0.436
0.438
0.44
0.432
0.423
0.428
0.421
0.427
0.427
0.421
0.424
0.427
0.428
0.424
0.44
0.433
0.433
0.429
0.436
0.443
0.434
0.425
0.43
0.427
0.433
0.439
0.439
0.433
0.427
0.43
0.438
0.441
0.438
0.434
0.427
0.435
0.432
0.436
0.438
0.433
0.431
0.433
0.438
0.435
0.432
0.432
0.435
0.432
0.429
0.433
0.441
0.445
0.435
0.442
0.444
0.438
0.432
0.426
0.43
0.434
0.429
0.438
0.446
0.446
0.435
0.437
0.436
0.428
0.437
0.442
0.438
0.428
0.437
0.435
0.43
0.434
0.437
0.433
0.432
0.438
0.43
0.437
0.438
0.448
0.444
0.446
0.453
0.438
0.435
0.442
0.431
0.433
0.435
0.43
0.432
0.43
0.438
0.438
0.432
0.425
0.433
0.436
0.442
0.436
0.433
0.433
0.428
0.427
0.432
0.435
0.428
0.421
0.424
0.434
0.437
0.43
0.433
0.436
0.43
0.424
0.42
0.43
0.435
0.426
0.426
0.431
0.434
0.437
0.429
0.428
0.438
0.43
0.431
0.432
0.426
0.436
0.443
0.434
0.44
0.443
0.432
0.434
0.436
0.437
0.429
0.429
0.428
0.431
0.43
0.431
0.438
0.442
0.433
0.43
0.427
0.437
0.43
0.438
0.437
0.433
0.427
0.43
0.439
0.432
0.438
0.441
0.44
0.433
0.431
0.437
0.444
0.437
0.442
0.445
0.434
0.438
0.431
0.437
0.437
0.431
0.438
0.429
0.427
0.428
0.434
0.426
0.435
0.425
0.43
0.43
0.424
0.431
0.439
0.437
0.428
0.428
0.438
0.436
0.429
0.422
0.42
0.42
0.429
0.426
0.436
0.429
0.419
0.424
0.428
0.42
0.42
0.427
0.42
0.429
0.424
0.425
0.417
0.424
0.418
0.423
0.424
0.42
0.429
0.42
0.425
0.431
0.433
0.425
0.423
0.42
0.428
0.429
0.422
0.432
0.43
0.429
0.42
0.417
0.431
0.425
0.419
0.418
0.423
0.421
0.415
0.417
0.423
0.426
0.424
0.414
0.417
0.427
0.429
0.426
0.418
0.418
0.423
0.416
0.419
0.427
0.433
0.431
0.422
0.423
0.427
0.421
0.426
0.421
0.416
0.432
0.43
0.423
0.423
0.419
0.423
0.427
0.433
0.423
0.427
0.423
0.419
0.422
0.421
0.429
0.423
0.419
0.421
0.422
0.418
0.42
0.423
0.418
0.425
0.417
0.42
0.426
0.426
0.434
0.426
0.418
0.421
0.42
0.422
0.423
0.42
0.424
0.419
0.424
0.422
0.419
0.428
0.42
0.423
0.417
0.421
0.422
0.422
0.422
0.425
0.424
0.425
0.428
0.42
0.424
0.426
0.429
0.426
0.419
0.427
0.423
0.425
0.435
0.427
0.437
0.426
0.425
0.422
0.426
0.422
0.425
0.425
0.423
0.433
0.425
0.423
0.422
0.426
0.425
0.421
0.424
0.431
0.424
0.424
0.425
0.432
0.435
0.438
0.428
0.438
0.437
0.434
0.432
0.438
0.43
0.423
0.428
0.427
0.423
0.43
0.427
0.435
0.426
0.429
0.437
0.445
0.434
0.43
0.438
0.441
0.447
0.438
0.442
0.434
0.443
0.447
0.437
0.438
0.428
0.434
0.438
0.448
0.44
0.445
0.438
0.434
0.428
0.434
0.431
0.43
0.44
0.433
0.427
0.434
0.43
0.439
0.444
0.439
0.43
0.432
0.442
0.439
0.434
0.432
0.435
0.435
0.442
0.434
0.432
0.437
0.445
0.446
0.436
0.433
0.433
0.431
0.44
0.443
0.444
0.434
0.43
0.436
0.437
0.432
0.442
0.433
0.436
0.436
0.433
0.441
0.445
0.438
0.438
0.447
0.432
0.437
0.439
0.43
0.434
0.432
0.428
0.428
0.431
0.436
0.431
0.421
0.431
0.422
0.424
0.421
0.426
0.432
0.435
0.43
0.421
0.425
0.431
0.43
0.427
0.425
0.426
0.418
0.423
0.418
0.423
0.424
0.42
0.433
0.427
0.429
0.425
0.43
0.432
0.431
0.437
0.44
0.44
0.442
0.438
0.434
0.429
0.436
0.427
0.421
0.427
0.428
0.418
0.428
0.432
0.424
0.419
0.418
0.421
0.422
0.429
0.422
0.418
0.421
0.41
0.42
0.414
0.422
0.428
0.421
0.415
0.421
0.426
0.428
0.421
0.418
0.413
0.422
0.415
0.423
0.415
0.419
0.425
0.435
0.415
0.422
0.421
0.42
0.429
0.431
0.43
0.426
0.416
0.421
0.42
0.428
0.424
0.42
0.43
0.43
0.42
0.417
0.42
0.421
0.419
0.416
0.426
0.432
0.438
0.432
0.434
0.435
0.429
0.434
0.439
0.435
0.438
0.456
0.454
0.456
0.454
0.457
0.463
0.461
0.516
0.519
0.525
0.528
0.52
0.547
0.615
0.604
0.596
0.593
0.589
0.588
0.599
0.601
0.601
0.61
0.604
0.595
0.599
0.589
0.581
0.586
0.583
0.595
0.609
0.624
0.446
0.414
0.414
0.412
0.406
0.408
0.411
0.415
0.411
0.412
0.418
0.415
