0.672
0.62
0.635
0.606
0.603
0.594
0.582
0.567
0.561
0.555
0.563
0.548
0.526
0.531
0.499
0.508
0.481
0.486
0.487
0.476
0.474
0.48
0.47
0.463
0.473
0.467
0.475
0.466
0.467
0.456
0.462
0.458
0.461
0.453
0.45
0.461
0.463
0.456
0.451
0.458
0.468
0.46
0.456
0.463
0.461
0.454
0.464
0.459
0.456
0.445
0.453
0.458
0.462
0.459
0.468
0.464
0.457
0.466
0.47
0.467
0.468
0.466
0.465
0.456
0.465
0.472
0.462
0.473
0.459
0.469
0.458
0.459
0.47
0.446
0.465
0.469
0.468
0.467
0.458
0.465
0.455
0.459
0.454
0.453
0.463
0.455
0.45
0.449
0.448
0.455
0.459
0.463
0.463
0.459
0.468
0.458
0.458
0.456
0.452
0.462
0.454
0.451
0.461
0.456
0.453
0.455
0.438
0.442
0.445
0.438
0.448
0.451
0.439
0.448
0.44
0.433
0.44
0.447
0.438
0.439
0.431
0.436
0.443
0.436
0.433
0.428
0.43
0.438
0.43
0.437
0.444
0.433
0.438
0.442
0.431
0.439
0.443
0.438
0.441
0.438
0.432
0.441
0.441
0.438
0.434
0.431
0.437
0.44
0.436
0.441
0.437
0.43
0.439
0.443
0.437
0.444
0.454
0.443
0.438
0.47
0.481
0.478
0.502
0.502
0.546
0.538
0.525
0.524
0.491
0.461
0.466
0.46
0.465
0.471
0.462
0.472
0.468
0.469
0.479
0.474
0.468
0.468
0.477
0.482
0.468
0.46
0.463
0.472
0.459
0.463
0.455
0.463
0.47
0.462
0.464
0.456
0.458
0.459
0.468
0.465
0.466
0.461
0.467
0.447
0.442
0.449
0.453
0.458
0.459
0.46
0.464
0.457
0.451
0.452
0.446
0.446
0.44
0.443
0.447
0.447
0.441
0.458
0.465
0.458
0.448
0.443
0.442
0.438
0.435
0.428
0.429
0.42
0.426
0.432
0.44
0.431
0.431
0.434
0.431
0.428
0.419
0.43
0.425
0.417
0.434
0.436
0.439
0.436
0.429
0.449
0.438
0.445
0.438
0.438
0.442
0.435
0.441
0.446
0.439
0.439
0.436
0.442
0.441
0.435
0.43
0.432
0.436
0.437
0.444
0.434
0.435
0.427
0.435
0.444
0.439
0.438
0.43
0.448
0.44
0.443
0.435
0.449
0.456
0.444
0.451
0.441
0.446
0.426
0.417
0.428
0.426
0.434
0.427
0.429
0.419
0.43
0.429
0.432
0.437
0.439
0.43
0.438
0.435
0.431
0.425
0.43
0.434
0.438
0.43
0.438
0.44
0.439
0.433
0.424
0.431
0.43
0.434
0.439
0.43
0.43
0.421
0.427
0.418
0.424
0.429
0.435
0.426
0.429
0.428
0.423
0.424
0.426
0.426
0.435
0.438
0.433
0.423
0.429
0.42
0.424
0.414
0.414
0.431
0.423
0.422
0.42
0.427
0.411
0.41
0.421
0.424
0.43
0.417
0.413
0.41
0.415
0.414
0.426
0.42
0.418
0.423
0.423
0.413
0.42
0.427
0.418
0.42
0.43
0.433
0.428
0.424
0.42
0.432
0.423
0.419
0.427
0.429
0.427
0.427
0.435
0.432
0.427
0.424
0.434
0.437
0.429
0.427
0.417
0.426
0.432
0.439
0.431
0.434
0.425
0.432
0.422
0.414
0.414
0.405
0.412
0.409
0.414
0.414
0.415
0.42
0.423
0.426
0.42
0.41
0.416
0.42
0.416
0.424
0.42
0.415
0.425
0.421
0.418
0.422
0.427
0.424
0.417
0.418
0.415
0.42
0.418
0.425
0.432
0.428
0.425
0.424
0.433
0.436
0.426
0.42
0.438
0.435
0.426
0.422
0.431
0.421
0.415
0.425
0.429
0.417
0.422
0.414
0.424
0.418
0.417
0.421
0.416
0.419
0.414
0.424
0.419
0.417
0.42
0.418
0.424
0.432
0.423
0.415
0.419
0.414
0.423
0.413
0.414
0.423
0.427
0.42
0.416
0.41
0.416
0.41
0.422
0.417
0.425
0.422
0.415
0.418
0.412
0.412
0.404
0.408
0.413
0.404
0.401
0.408
0.405
0.402
0.403
0.399
0.4
0.409
0.403
0.4
0.398
0.396
0.403
0.411
0.413
0.422
0.413
0.405
0.416
0.408
0.404
0.409
0.408
0.406
0.409
0.4
0.409
0.408
0.407
0.415
0.407
0.41
0.407
0.412
0.408
0.411
0.416
0.421
0.42
0.422
0.421
0.426
0.424
0.414
0.424
0.432
0.421
0.431
0.437
0.435
0.438
0.435
0.431
0.426
0.422
0.432
0.433
0.432
0.437
0.428
0.424
0.428
0.428
0.435
0.435
0.429
0.419
0.426
0.434
0.427
0.431
0.438
0.429
0.422
0.416
0.416
0.414
0.42
0.426
0.424
0.422
0.416
0.41
0.408
0.412
0.416
0.417
0.412
0.405
0.407
0.408
0.408
0.415
0.417
0.414
0.411
0.405
0.413
0.412
0.412
0.412
0.405
0.412
0.41
0.42
0.411
0.409
0.409
0.415
0.41
0.413
0.408
0.417
0.412
0.411
0.408
0.415
0.411
0.414
0.413
0.423
0.417
0.416
0.413
0.418
0.396
0.401
0.403
0.403
0.409
0.414
0.404
0.401
0.399
0.407
0.407
0.408
0.414
0.404
0.402
0.408
0.416
0.413
0.407
0.408
0.416
0.413
0.419
0.419
0.417
0.423
0.417
0.426
0.426
0.426
0.431
0.438
0.441
0.438
0.429
0.428
0.436
0.432
0.439
0.447
0.437
0.434
0.43
0.43
0.452
0.448
0.438
0.437
0.431
0.428
0.431
0.434
0.43
0.435
0.441
0.449
0.446
0.436
0.432
0.428
0.438
0.421
0.428
0.422
0.429
0.432
0.429
0.419
0.429
0.418
0.422
0.424
0.424
0.416
0.412
0.414
0.413
0.42
0.414
0.415
0.418
0.416
0.417
0.41
0.414
0.404
0.413
0.403
0.418
0.412
0.41
0.408
0.41
0.419
0.422
0.418
0.415
0.408
0.418
0.42
0.418
0.42
0.419
0.421
0.412
0.417
0.418
0.417
0.408
0.417
0.426
0.424
0.417
0.418
0.417
0.414
0.417
0.421
0.42
0.428
0.42
0.423
0.415
0.421
0.421
0.428
0.419
0.409
0.416
0.413
0.414
0.412
0.409
0.407
0.406
0.404
0.4
0.42
0.41
0.403
0.406
0.403
0.404
0.404
0.41
0.403
0.403
0.398
0.4
0.399
0.403
0.395
0.401
0.398
0.404
0.401
0.404
0.396
0.402
0.392
0.389
0.396
0.388
0.392
0.387
0.393
0.394
0.391
0.385
0.393
0.393
0.39
0.398
0.397
0.396
0.395
0.388
0.393
0.4
0.397
0.392
0.386
0.386
0.394
0.396
0.393
0.385
0.388
0.391
0.39
0.393
0.393
0.391
0.396
0.402
0.399
0.393
0.391
0.395
0.401
0.396
0.393
0.402
0.395
0.397
0.4
0.398
0.397
0.398
0.403
0.401
0.401
0.404
0.399
0.402
0.408
0.402
0.397
0.403
0.405
0.41
0.413
0.414
0.405
0.398
0.406
0.4
0.409
0.404
0.401
0.411
0.412
0.407
0.4
0.407
0.405
0.402
0.406
0.4
0.409
0.418
0.413
0.416
0.411
0.411
0.409
0.411
0.411
0.417
0.408
0.418
0.41
0.405
0.411
0.414
0.423
0.422
0.415
0.409
0.412
0.411
0.409
0.418
0.411
0.415
0.408
0.425
0.414
0.423
0.418
0.42
0.422
0.423
0.428
0.421
0.422
0.428
0.425
0.426
0.436
0.432
0.433
0.435
0.438
0.438
0.435
0.442
0.437
0.442
0.441
0.431
0.452
0.45
0.451
0.451
0.45
0.452
0.399
0.393
0.386
0.377
0.384
0.377
0.383
0.378
0.38
0.377
0.383
0.392
0.39
0.384
0.392
0.394
0.39
0.397
0.393
0.405
0.416
0.409
0.419
0.412
0.408
0.412
0.411
0.413
0.408
0.417
0.413
0.419
0.415
0.419
0.416
0.425
0.434
0.442
0.472
0.472
0.469
0.477
0.477
0.477
0.483
0.479
0.489
0.488
0.495
0.498
0.5
0.505
0.515
0.511
0.509
0.509
0.511
0.507
0.501
0.506
0.517
0.511
0.558
0.57
0.568
0.541
0.538
0.578
0.586
0.576
0.58
0.573
0.597
0.596
0.595
0.587
0.579
0.575
0.57
0.573
0.578
0.566
0.56
0.558
0.561
0.558
0.562
0.563
0.55
0.544
0.455
0.447
0.438
0.439
0.435
0.428
0.419
0.411
0.41
0.402
0.409
0.406
0.396
0.397
0.398
0.404
0.399
0.396
0.391
0.396
0.398
0.403
0.407
0.405
0.406
0.405
0.415
0.407
0.406
0.41
0.401
0.408
0.401
0.408
0.404
0.404
0.413
0.412
0.414
0.416
0.415
0.413
