0.651
0.616
0.609
0.594
0.592
0.578
0.582
0.568
0.57
0.522
0.514
0.524
0.498
0.504
0.497
0.503
0.479
0.479
0.488
0.479
0.47
0.465
0.463
0.463
0.469
0.464
0.47
0.465
0.455
0.466
0.45
0.459
0.449
0.444
0.44
0.441
0.451
0.452
0.443
0.446
0.453
0.443
0.442
0.443
0.438
0.438
0.443
0.436
0.444
0.45
0.439
0.445
0.44
0.431
0.43
0.438
0.43
0.435
0.438
0.437
0.43
0.429
0.436
0.434
0.438
0.436
0.429
0.43
0.44
0.438
0.438
0.444
0.433
0.435
0.429
0.43
0.434
0.426
0.441
0.443
0.441
0.431
0.432
0.434
0.431
0.43
0.432
0.438
0.439
0.437
0.439
0.429
0.431
0.424
0.427
0.434
0.431
0.424
0.415
0.435
0.428
0.431
0.423
0.427
0.425
0.42
0.421
0.426
0.427
0.427
0.43
0.435
0.425
0.424
0.421
0.423
0.427
0.42
0.429
0.423
0.421
0.426
0.426
0.426
0.43
0.435
0.426
0.422
0.426
0.428
0.419
0.417
0.421
0.427
0.423
0.419
0.429
0.434
0.424
0.428
0.431
0.423
0.428
0.421
0.432
0.425
0.423
0.431
0.432
0.429
0.421
0.421
0.43
0.426
0.435
0.414
0.417
0.426
0.433
0.427
0.423
0.417
0.416
0.426
0.424
0.421
0.416
0.414
0.416
0.424
0.424
0.418
0.417
0.412
0.409
0.417
0.413
0.408
0.413
0.417
0.412
0.409
0.412
0.408
0.408
0.413
0.417
0.407
0.416
0.411
0.413
0.407
0.419
0.418
0.426
0.419
0.412
0.416
0.425
0.418
0.422
0.413
0.42
0.425
0.415
0.417
0.411
0.417
0.418
0.408
0.417
0.416
0.423
0.423
0.417
0.414
0.414
0.421
0.424
0.421
0.422
0.425
0.419
0.415
0.417
0.408
0.417
0.414
0.413
0.422
0.416
0.41
0.41
0.419
0.409
0.408
0.413
0.419
0.421
0.422
0.415
0.411
0.414
0.418
0.426
0.418
0.416
0.418
0.411
0.415
0.411
0.413
0.409
0.41
0.414
0.404
0.41
0.415
0.422
0.412
0.408
0.411
0.407
0.409
0.41
0.409
0.411
0.408
0.413
0.418
0.41
0.413
0.408
0.408
0.407
0.414
0.404
0.406
0.408
0.404
0.413
0.406
0.407
0.402
0.411
0.416
0.413
0.404
0.414
0.415
0.408
0.408
0.414
0.422
0.412
0.409
0.408
0.418
0.412
0.411
0.418
0.411
0.411
0.413
0.403
0.407
0.415
0.406
0.403
0.404
0.413
0.412
0.42
0.401
0.4
0.409
0.405
0.402
0.402
0.399
0.409
0.405
0.404
0.404
0.398
0.409
0.404
0.404
0.406
0.4
0.41
0.404
0.404
0.403
0.407
0.413
0.406
0.41
0.403
0.407
0.405
0.409
0.399
0.403
0.401
0.405
0.41
0.41
0.415
0.409
0.4
0.401
0.402
0.41
0.411
0.411
0.407
0.401
0.402
0.399
0.408
0.407
0.413
0.405
0.399
0.404
0.406
0.398
0.402
0.406
0.398
0.399
0.407
0.407
0.401
0.409
0.407
0.408
0.41
0.404
0.413
0.413
0.42
0.414
0.404
0.414
0.414
0.421
0.423
0.415
0.405
0.409
0.414
0.417
0.416
0.412
0.413
0.42
0.412
0.41
0.408
0.412
0.402
0.411
0.412
0.402
0.406
0.411
0.411
0.41
0.41
0.403
0.406
0.413
0.414
0.412
0.404
0.407
0.412
0.416
0.413
0.407
0.41
0.413
0.411
0.412
0.415
0.406
0.414
0.413
0.419
0.411
0.411
0.416
0.412
0.414
0.417
0.413
0.408
0.414
0.417
0.424
0.423
0.415
0.411
0.415
0.411
0.421
0.415
0.419
0.424
0.419
0.415
0.412
0.419
0.409
0.414
0.409
0.405
0.406
0.416
0.407
0.412
0.419
0.408
0.408
0.409
0.414
0.413
0.405
0.413
0.414
0.408
0.409
0.402
0.412
0.408
0.403
0.405
0.397
0.405
0.402
0.401
0.402
0.396
0.409
0.403
0.398
0.398
0.407
0.401
0.398
0.4
0.398
0.405
0.397
0.399
0.397
0.397
0.397
0.403
0.394
0.4
0.404
0.402
0.396
0.393
0.4
0.401
0.395
0.404
0.397
0.398
0.398
0.395
0.396
0.399
0.402
0.412
0.396
0.399
0.394
0.397
0.396
0.397
0.403
0.395
0.4
0.408
0.405
0.401
0.398
0.404
0.407
0.406
0.4
0.404
0.408
0.41
0.404
0.406
0.404
0.406
0.413
0.416
0.416
0.411
0.404
0.409
0.407
0.413
0.416
0.418
0.405
0.411
0.419
0.415
0.41
0.404
0.407
0.406
0.414
0.408
0.406
0.408
0.405
0.415
0.408
0.403
0.416
0.409
0.409
0.409
0.403
0.412
0.412
0.408
0.409
0.413
0.411
0.413
0.407
0.41
0.411
0.412
0.418
0.41
0.415
0.408
0.414
0.413
0.418
0.41
0.424
0.418
0.414
0.416
0.418
0.423
0.43
0.426
0.418
0.414
0.42
0.427
0.42
0.422
0.413
0.418
0.428
0.432
0.422
0.428
0.431
0.431
0.431
0.432
0.434
0.429
0.438
0.435
0.438
0.434
0.439
0.445
0.443
0.447
0.443
0.449
0.446
0.452
0.451
0.449
0.457
0.462
0.465
0.463
0.465
0.467
0.467
0.474
0.472
0.477
0.479
0.481
0.488
0.49
0.497
0.508
0.505
0.517
0.515
0.516
0.514
0.521
0.533
0.541
0.538
0.574
0.577
0.59
0.599
0.608
0.613
0.628
0.62
0.617
0.662
0.626
0.632
0.629
0.641
0.643
0.636
0.645
0.66
0.666
0.646
0.635
0.621
0.616
0.661
0.655
0.649
0.646
0.662
0.655
0.646
0.642
0.634
0.621
0.677
0.684
0.667
0.683
0.685
0.698
0.692
0.685
0.693
0.691
0.663
0.656
0.67
0.662
0.669
0.668
0.676
0.678
0.669
0.668
0.668
0.673
0.669
0.675
0.673
0.671
0.678
0.681
0.669
0.684
0.69
0.69
0.697
0.686
0.698
0.698
0.688
0.699
0.686
0.67
0.682
0.674
0.688
0.694
0.693
0.674
0.656
0.646
0.66
0.676
0.67
0.68
0.616
0.605
0.572
0.576
0.574
0.574
0.563
0.557
0.553
0.543
0.55
0.54
0.535
0.527
0.53
0.524
0.518
0.519
0.511
0.521
0.51
0.498
0.49
0.479
0.488
0.484
0.477
0.48
0.477
0.47
0.47
0.474
0.469
0.475
0.455
0.45
0.457
0.461
0.45
0.454
0.447
0.438
0.444
0.446
0.441
0.438
0.431
0.439
0.429
0.434
0.424
0.425
0.433
0.429
0.43
0.436
0.427
0.425
0.42
0.423
0.417
0.421
0.424
0.431
0.421
0.415
0.416
0.408
0.418
0.41
0.407
0.414
0.416
0.421
0.418
0.413
0.409
0.411
0.407
0.412
0.405
0.415
0.408
0.404
0.414
0.409
0.416
0.411
0.41
0.416
0.406
0.407
0.408
0.415
0.419
0.413
0.41
0.409
0.41
0.402
0.412
0.411
0.402
0.409
0.416
0.418
0.409
0.41
0.4
0.402
0.405
0.411
0.401
0.402
0.404
0.405
0.408
0.405
0.4
0.399
0.407
0.398
0.4
0.4
0.403
0.397
0.403
0.399
0.4
0.402
0.412
0.405
0.396
0.397
0.398
0.402
0.396
0.393
0.396
0.401
0.395
0.398
0.397
0.398
0.394
0.397
0.392
0.394
0.396
0.4
0.393
0.394
0.395
0.404
0.401
0.397
0.396
0.389
0.391
0.392
0.394
0.387
0.387
0.39
0.397
0.39
0.394
0.386
0.397
0.389
0.394
0.394
0.393
0.389
0.396
0.388
0.392
0.395
0.396
0.394
0.389
0.394
0.396
0.389
0.394
0.4
0.392
0.397
0.399
0.399
0.392
0.393
0.396
0.401
0.403
0.399
0.394
0.396
0.394
0.396
0.39
0.398
0.399
0.398
0.394
0.387
0.396
0.393
0.395
0.394
0.388
0.385
0.391
0.395
0.391
0.397
0.396
0.395
0.393
0.39
0.392
0.388
0.395
0.392
0.395
0.396
0.39
0.391
0.396
0.392
0.396
0.401
0.398
0.397
0.395
0.392
0.4
0.399
0.399
0.395
0.4
0.4
0.399
0.401
0.395
0.4
0.403
0.396
0.402
0.407
0.401
0.406
0.399
0.407
0.405
0.407
0.4
0.409
0.41
0.406
0.415
0.406
0.411
0.402
0.408
0.401
0.405
0.404
0.409
0.401
0.411
0.407
0.407
0.401
0.409
0.405
0.415
0.416
0.413
0.408
0.413
0.413
0.414
0.41
0.414
0.405
0.41
0.409
0.402
0.412
0.406
0.412
0.411
0.406
0.408
0.409
0.414
0.412
0.411
0.406
0.404
0.412
0.417
0.413
0.403
0.423
0.422
0.413
0.412
0.421
0.416
0.423
0.425
0.424
0.433
0.43
0.426
0.416
0.421
0.425
0.415
0.422
0.428
0.421
0.425
0.43
0.426
0.427
0.434
0.429
0.431
0.441
0.438
0.432
0.434
0.438
0.43
0.424
0.426
0.423
0.424
0.428
0.425
0.431
0.441
0.45
0.431
0.432
0.442
0.439
0.438
0.432
0.438
0.438
0.439
0.444
0.436
0.44
0.447
0.445
0.453
0.445
0.441
0.439
0.437
0.436
0.442
0.435
0.442
0.441
0.439
0.444
0.436
0.444
0.454
0.465
0.455
0.448
0.445
0.451
0.444
0.444
0.451
0.447
0.447
0.453
0.457
0.446
0.438
0.444
0.445
0.439
0.437
0.433
0.438
0.438
0.43
0.431
0.439
0.449
0.434
0.432
0.442
0.425
0.424
0.421
0.416
0.424
0.428
0.433
0.434
0.444
0.433
0.424
0.427
0.435
0.443
0.433
0.43
0.425
0.427
0.432
0.437
0.44
0.425
0.425
0.427
0.418
0.425
0.427
0.433
0.434
0.441
0.433
0.423
0.431
0.421
0.429
0.438
0.441
0.431
0.433
0.435
0.428
0.427
0.435
0.438
0.438
0.432
0.428
0.434
0.435
0.428
0.439
0.447
0.436
0.444
0.437
0.438
0.444
0.444
0.438
0.429
0.441
0.448
0.446
0.437
0.431
0.44
0.446
0.439
0.443
0.453
0.436
0.434
0.433
0.443
0.432
0.436
0.428
0.438
0.438
0.445
0.452
0.44
0.446
0.441
0.44
0.441
0.436
0.427
0.433
0.438
0.436
0.443
0.448
0.443
0.439
0.432
0.441
0.433
0.436
0.433
0.435
0.433
0.437
0.436
0.431
0.436
0.434
0.43
0.436
0.437
0.435
0.437
0.442
0.443
0.442
0.442
0.445
0.452
0.45
0.448
0.445
0.45
0.449
0.451
0.454
0.448
0.456
0.454
0.453
0.458
0.451
0.461
0.459
0.457
0.466
0.468
0.464
0.473
0.469
0.469
0.477
0.473
0.475
0.479
0.479
0.479
0.474
0.479
0.478
0.478
0.478
0.479
0.49
0.489
0.509
0.512
0.513
0.509
0.504
0.516
0.576
0.605
0.613
0.618
0.525
0.53
0.534
0.527
0.527
0.53
0.531
0.529
0.525
0.534
0.523
0.519
0.52
0.516
0.505
0.51
0.516
0.515
0.518
0.503
0.505
0.484
0.478
0.484
0.476
0.482
0.474
0.475
0.479
0.471
0.466
0.477
0.476
0.466
0.468
0.472
0.465
0.465
0.472
0.447
0.45
0.465
0.448
0.441
0.44
0.436
0.439
0.437
0.431
0.437
0.432
0.432
0.438
0.435
0.436
0.437
0.445
0.436
0.427
0.435
0.439
0.443
0.436
0.427
0.425
0.432
0.437
0.425
0.428
0.429
0.426
0.429
0.434
0.441
0.429
0.436
0.437
0.428
0.432
0.437
0.429
0.43
0.432
0.421
0.418
0.421
0.412
0.418
0.422
0.412
0.415
0.417
0.425
0.419
0.42
0.413
0.421
0.421
0.419
0.415
0.42
0.418
0.412
0.416
0.415
0.417
0.427
0.431
0.421
0.43
0.426
0.429
0.424
0.433
0.428
0.425
0.43
0.424
0.425
0.43
0.428
0.438
0.424
0.416
0.415
0.416
0.421
0.415
0.418
0.418
0.41
0.419
0.421
0.416
0.424
0.429
0.422
0.428
0.421
0.418
0.419
0.415
0.414
0.421
0.43
0.429
0.419
0.417
0.419
0.42
0.419
0.423
0.427
0.427
0.423
0.421
0.418
0.425
0.42
0.422
0.42
0.426
0.418
0.425
0.419
0.426
0.423
0.417
0.422
0.43
0.438
0.431
0.428
0.424
0.426
0.435
0.43
0.423
0.423
0.426
0.417
0.425
0.426
0.422
0.427
0.436
0.435
0.427
0.428
0.418
0.428
0.431
0.423
0.422
0.428
0.435
0.43
0.428
0.432
0.423
0.429
0.421
0.427
0.429
0.42
0.427
0.428
0.422
0.425
0.431
0.432
0.428
0.422
0.419
0.424
0.43
0.43
0.421
0.424
0.428
0.418
0.419
0.426
0.43
0.43
0.42
0.425
0.421
0.422
0.425
0.426
0.427
0.422
0.424
0.43
0.436
0.434
0.43
0.44
0.448
0.438
0.437
0.436
0.434
0.435
0.439
0.448
0.442
0.437
0.43
0.436
0.434
0.431
0.429
0.426
0.421
0.421
0.426
0.421
0.416
0.42
0.416
0.424
0.424
0.427
0.418
0.414
0.419
0.425
0.417
0.422
0.426
0.429
0.421
0.417
0.422
0.421
0.42
0.414
0.423
0.423
0.419
0.425
0.43
0.427
0.419
0.415
0.419
0.419
0.425
0.432
0.427
0.422
0.419
0.42
0.425
0.431
0.432
0.423
0.415
0.432
0.422
0.424
0.418
0.427
0.434
0.434
0.426
0.429
0.428
0.434
0.425
0.419
0.422
0.425
0.422
0.423
0.413
0.429
0.423
0.417
0.411
0.42
0.417
0.418
0.412
0.421
0.428
0.421
0.418
0.42
0.418
0.416
0.414
0.423
0.422
0.432
0.42
0.419
0.419
0.414
0.424
0.417
0.419
0.42
0.416
0.426
0.419
0.422
0.417
0.421
0.414
0.417
0.418
0.422
0.419
0.416
0.417
0.41
0.41
0.421
0.419
0.411
0.419
0.412
0.414
0.422
0.413
0.412
0.419
0.417
0.42
0.411
0.421
0.417
0.414
0.419
0.417
0.413
0.417
0.413
0.419
0.414
0.423
0.416
0.423
0.425
0.432
0.428
0.422
0.421
0.423
0.421
0.421
0.42
0.422
0.429
0.436
0.428
0.42
0.419
0.429
0.426
0.424
0.425
0.418
0.422
0.419
0.42
0.422
0.424
0.427
0.436
0.426
0.435
0.43
0.424
0.427
0.432
0.427
0.426
0.428
0.438
0.44
0.431
0.425
0.429
0.423
0.425
0.429
0.42
0.425
0.428
0.421
0.432
0.427
0.42
0.43
0.431
0.437
0.428
0.42
0.426
0.425
0.415
0.422
0.422
0.422
0.428
0.429
0.434
0.422
0.417
0.42
0.424
0.416
0.432
0.424
0.417
0.419
0.428
0.425
0.418
0.42
0.428
0.428
0.433
0.422
0.427
0.421
0.425
0.419
0.423
0.415
0.428
0.418
0.42
0.418
0.42
0.421
0.417
0.429
0.433
0.424
0.424
0.422
0.417
0.435
0.424
0.429
0.422
0.427
0.428
0.42
0.418
0.427
0.421
0.417
0.42
0.421
0.421
0.422
0.417
0.423
0.432
0.424
0.418
0.416
0.42
0.413
0.421
0.428
0.434
0.426
0.416
0.422
0.415
0.42
0.414
0.423
0.42
0.424
0.423
0.424
0.424
0.416
0.417
0.416
0.418
0.414
0.414
0.413
0.423
0.421
0.413
0.411
0.415
0.408
0.417
0.417
0.424
0.415
0.409
0.408
0.409
0.419
0.415
0.412
0.407
0.414
0.407
0.413
0.406
0.41
0.402
0.41
0.406
0.404
0.408
0.4
0.408
0.418
0.407
0.398
0.404
0.403
0.406
0.403
0.398
0.401
0.394
0.401
0.407
0.41
0.395
0.404
0.401
0.408
0.398
0.396
0.391
0.398
0.407
0.402
0.397
0.391
0.399
0.398
0.39
0.396
0.39
0.399
0.401
0.397
0.397
0.393
0.402
0.394
0.394
0.398
0.394
0.398
0.394
0.396
0.396
0.399
0.403
0.396
0.396
0.392
0.396
0.389
0.398
0.405
0.406
0.403
0.399
0.405
0.395
0.403
0.393
0.396
0.404
0.403
0.398
0.404
0.406
0.398
0.405
0.405
0.413
0.403
0.412
0.407
0.414
0.414
0.421
0.419
0.41
0.409
0.415
0.407
0.412
0.417
0.418
0.417
0.408
0.418
0.424
0.416
0.422
0.419
0.416
0.419
0.423
0.423
0.417
0.414
0.413
0.418
0.423
0.418
0.416
0.422
0.413
0.425
0.415
0.434
0.422
0.423
0.423
0.427
0.422
0.426
0.433
0.431
0.435
0.427
0.42
0.422
0.426
0.427
0.43
0.427
0.428
0.424
0.426
0.427
0.422
0.424
0.423
0.416
0.423
0.419
0.418
0.423
0.417
0.422
0.416
0.426
0.423
0.42
0.42
0.425
0.43
0.434
0.428
0.425
0.42
0.43
0.423
0.429
0.425
0.416
0.417
0.425
0.416
0.418
0.413
0.418
0.418
0.423
0.414
0.413
0.414
0.418
0.415
0.424
0.416
0.408
0.416
0.42
0.411
0.41
0.417
0.418
0.412
0.417
0.41
0.417
0.419
0.41
0.419
0.415
0.416
0.416
0.421
0.423
0.428
0.429
0.419
0.412
0.42
0.419
0.42
0.418
0.414
0.422
0.413
0.423
0.425
0.421
0.424
0.43
0.434
0.431
0.424
0.422
0.427
0.42
0.426
0.433
0.425
0.434
0.425
0.427
0.425
0.425
0.428
0.436
0.423
0.433
0.428
0.425
0.428
0.432
0.434
0.443
0.428
0.431
0.44
0.427
0.426
0.428
0.433
0.432
0.434
0.434
0.436
0.431
0.423
0.429
0.423
0.429
0.435
0.432
0.422
0.42
0.423
0.418
0.425
0.42
0.421
0.424
0.417
0.431
0.422
0.428
0.419
0.427
0.418
0.422
0.426
0.423
0.417
0.417
0.42
0.426
0.43
0.422
0.414
0.417
0.422
0.424
0.428
0.423
0.414
0.417
0.412
0.419
0.419
0.414
0.416
0.416
0.421
0.417
0.407
0.418
0.411
0.407
0.409
0.412
0.411
0.412
0.405
0.412
0.42
0.416
0.413
0.406
0.414
0.406
0.408
0.41
0.413
0.406
0.408
0.411
0.409
0.407
0.417
0.419
0.41
0.406
0.407
0.404
0.412
0.419
0.397
0.406
0.409
0.399
0.405
0.396
0.398
0.398
0.394
0.401
0.393
0.4
0.407
0.397
0.399
0.391
0.399
0.401
0.398
0.394
0.393
0.399
0.4
0.394
0.402
0.399
0.398
0.399
0.392
0.399
0.408
0.404
0.4
0.394
0.395
0.4
0.395
0.397
0.392
0.397
0.396
0.398
0.402
0.399
0.395
0.395
0.406
0.403
0.396
0.399
0.401
0.396
0.404
0.399
0.397
0.396
0.401
0.395
0.4
0.392
0.401
0.404
0.403
0.396
0.393
0.397
0.4
0.397
0.402
0.402
0.399
0.396
0.396
0.396
0.405
0.403
0.412
0.4
0.398
0.402
0.396
0.404
0.404
0.405
0.397
0.399
0.399
0.401
0.403
0.408
0.404
0.395
0.404
0.4
0.408
0.402
0.407
0.412
0.408
0.403
0.408
0.402
0.411
0.408
0.407
0.403
0.407
0.405
0.411
0.408
0.406
0.403
0.407
0.4
0.408
0.4
0.403
0.411
0.401
0.404
0.41
0.414
0.414
0.407
0.41
0.408
0.413
0.416
0.406
0.41
0.414
0.407
0.416
0.415
0.41
0.415
0.415
0.413
0.416
0.41
0.414
0.412
0.416
0.417
0.417
0.417
0.412
0.418
0.42
0.429
0.42
0.414
0.419
0.413
0.419
0.415
0.422
0.419
0.415
0.418
0.42
0.42
0.422
0.419
0.424
0.419
0.416
0.412
0.42
0.41
0.414
0.418
0.425
0.42
0.412
0.409
0.419
0.415
0.423
0.413
0.41
0.415
0.412
0.421
0.413
0.414
0.41
0.408
0.41
0.41
0.414
0.408
0.411
0.406
0.409
0.413
0.404
0.402
0.398
0.402
0.402
0.412
0.405
0.403
0.4
0.397
0.398
0.397
0.402
0.397
0.405
0.397
0.397
0.402
0.403
0.405
0.403
0.395
0.395
0.397
0.4
0.394
0.403
0.397
0.4
0.4
0.399
0.394
0.395
0.393
0.401
0.391
0.4
0.403
0.396
0.394
0.396
0.392
0.388
0.396
0.393
0.39
0.394
0.39
0.393
0.398
0.396
0.39
0.386
0.391
0.393
0.387
0.393
0.385
0.393
0.391
0.394
0.392
0.396
0.391
0.395
0.387
0.388
0.389
0.389
0.394
0.392
0.392
0.388
0.397
0.392
0.39
0.389
0.386
0.391
0.386
0.393
0.387
0.394
0.392
0.385
0.394
0.389
0.394
0.394
0.389
0.39
0.393
0.387
0.392
0.386
0.395
0.386
0.395
0.392
0.386
0.391
0.394
0.387
0.391
0.385
0.394
0.397
0.395
0.392
0.386
0.389
0.394
0.386
0.389
0.398
0.395
0.39
0.386
0.382
0.384
0.392
0.392
0.384
0.39
0.384
0.392
0.396
0.397
0.394
0.392
0.395
0.387
0.393
0.387
0.394
0.401
0.395
0.391
0.392
0.392
0.391
0.391
0.388
0.391
0.394
0.394
0.396
0.395
0.389
0.395
0.386
0.386
0.392
0.385
0.391
0.4
0.394
0.393
0.387
0.392
0.39
0.391
0.393
0.396
0.391
0.388
0.395
0.391
0.393
0.385
0.389
0.396
0.389
0.395
0.391
0.396
0.395
0.392
0.394
0.397
0.391
0.396
0.393
0.397
0.396
0.403
0.401
0.393
0.389
0.396
0.396
0.394
0.397
0.395
0.394
0.391
0.393
0.391
0.395
0.4
0.396
0.399
0.394
0.398
0.389
0.4
0.399
0.394
0.399
0.394
0.404
0.398
0.396
0.398
0.397
0.404
0.399
0.408
0.405
0.396
0.393
0.4
0.402
0.397
0.394
0.398
0.396
0.398
0.394
0.4
0.396
0.4
0.398
0.392
0.398
0.396
0.394
0.392
0.397
0.398
0.396
0.396
0.402
0.397
0.398
0.394
0.403
0.395
0.403
0.402
0.403
0.398
0.396
0.4
0.401
0.396
0.404
0.405
0.403
0.402
0.402
0.399
0.405
0.409
0.405
0.399
0.403
0.399
0.407
0.413
0.404
0.402
0.403
0.404
0.405
0.413
0.407
0.398
0.411
0.412
0.407
0.408
0.402
0.408
0.412
0.416
0.414
0.411
0.416
0.42
0.416
0.419
0.41
0.412
0.41
0.423
0.418
0.409
0.409
0.415
0.419
0.421
0.42
0.42
0.415
0.416
0.423
0.421
0.411
0.414
0.408
0.414
0.419
0.414
0.415
0.415
0.424
0.419
0.421
0.417
0.409
0.414
0.418
0.409
0.419
0.413
0.413
0.416
0.423
0.426
0.416
0.423
0.42
0.412
0.425
0.419
0.435
0.428
0.424
0.422
0.43
0.426
0.425
0.429
0.437
0.432
0.435
0.428
0.427
0.418
0.421
0.429
0.437
0.421
0.421
0.42
0.41
0.42
0.422
0.414
0.42
0.428
0.419
0.419
0.414
0.42
0.418
0.414
0.419
0.421
0.419
0.426
0.421
0.415
0.412
0.417
0.418
0.421
0.421
0.413
0.416
0.425
0.417
0.419
0.41
0.403
0.412
0.406
0.404
0.408
0.4
0.407
0.404
0.4
0.401
0.399
0.407
0.405
0.408
0.405
0.396
0.392
0.396
0.399
0.394
0.402
0.394
0.393
0.395
0.389
0.396
0.389
0.397
0.395
0.401
0.396
0.391
0.396
0.388
0.393
0.39
0.395
0.396
0.39
0.391
0.391
0.394
0.389
0.395
0.398
0.392
0.395
0.391
0.391
0.387
0.392
0.385
0.392
0.396
0.389
0.393
0.393
0.386
0.383
0.39
0.388
0.385
0.39
0.39
0.388
0.384
0.39
0.396
0.395
0.386
0.384
0.392
0.396
0.387
0.386
0.388
0.391
0.389
0.39
0.386
0.394
0.39
0.396
0.394
0.399
0.396
0.395
0.389
0.402
0.408
0.398
0.396
0.396
0.396
0.401
0.404
0.402
0.396
0.392
0.398
0.396
0.393
0.399
0.397
0.404
0.394
0.387
0.396
0.394
0.392
0.391
0.391
0.399
0.395
0.393
0.394
0.387
0.383
0.388
0.397
0.388
0.39
0.386
0.384
0.388
0.385
0.388
0.395
0.392
0.386
0.394
0.387
0.394
0.393
0.389
0.398
0.396
0.397
0.399
0.403
0.401
0.398
0.396
0.396
0.4
0.399
0.396
0.39
0.397
0.393
0.401
0.407
0.4
0.392
0.401
0.398
0.398
0.397
0.392
0.397
0.395
0.398
0.39
0.399
0.395
0.402
0.41
0.398
0.396
0.397
0.406
0.409
0.402
0.401
0.396
0.398
0.403
0.407
0.406
0.408
0.399
0.397
0.404
0.397
0.4
0.398
0.404
0.401
0.399
0.402
0.396
0.41
0.4
0.397
0.404
0.396
0.403
0.404
0.399
0.402
0.402
0.405
0.41
0.403
0.403
0.395
0.412
0.407
0.397
0.4
0.406
0.397
0.413
0.409
0.406
0.406
0.399
0.422
0.411
0.405
0.396
0.413
0.404
0.409
0.406
0.397
0.404
0.401
0.405
0.415
0.406
0.397
0.403
0.404
0.4
0.396
0.403
0.398
0.403
0.403
0.407
0.405
0.396
0.407
0.405
0.398
0.401
0.404
0.405
0.402
0.408
0.406
0.396
0.404
0.405
0.399
0.408
0.399
0.408
0.413
0.415
0.403
0.407
0.399
0.406
0.405
0.402
0.411
0.409
0.413
0.407
0.408
0.406
0.405
0.407
0.411
0.418
0.412
0.404
0.412
0.407
0.405
0.407
0.401
0.409
0.405
0.403
0.404
0.404
0.412
0.409
0.414
0.406
0.415
0.415
0.411
0.411
0.406
0.416
0.418
0.408
0.412
0.41
0.408
0.412
0.412
0.417
0.419
0.411
0.413
0.409
0.413
0.416
0.419
0.411
0.409
0.415
0.423
0.419
0.412
0.408
0.413
0.421
0.418
0.422
0.417
0.413
0.408
0.409
0.417
0.42
0.416
0.424
0.415
0.416
0.415
0.422
0.422
0.43
0.421
0.416
0.417
0.411
0.418
0.417
0.418
0.421
0.422
0.42
0.417
0.427
0.434
0.426
0.417
0.425
0.418
0.437
0.434
0.44
0.436
0.429
0.425
0.43
0.433
0.439
0.429
0.43
0.43
0.438
0.429
0.427
0.431
0.424
0.428
0.432
0.422
0.427
0.426
0.427
0.435
0.428
0.427
0.421
0.425
0.422
0.423
0.426
0.429
0.419
0.429
0.428
0.418
0.425
0.42
0.426
0.42
0.43
0.426
0.42
0.433
0.436
0.426
0.419
0.427
0.417
0.426
0.417
0.424
0.429
0.424
0.418
0.416
0.424
0.431
0.423
0.423
0.417
0.427
0.428
0.434
0.423
0.424
0.432
0.425
0.418
0.422
0.415
0.424
0.42
0.414
0.421
0.43
0.422
0.413
0.419
0.417
0.419
0.415
0.411
0.415
0.417
0.412
0.418
0.415
0.422
0.423
0.416
0.417
0.411
0.418
0.418
0.413
0.416
0.408
0.413
0.41
0.419
0.412
0.412
0.411
0.408
0.402
0.408
0.403
0.404
0.401
0.406
0.404
0.407
0.399
0.404
0.4
0.405
0.396
0.405
0.399
0.402
0.399
0.402
0.4
0.407
0.406
0.406
0.4
0.404
0.405
0.403
0.404
0.394
0.394
0.399
0.399
0.394
0.391
0.399
0.4
0.406
0.401
0.394
0.393
0.395
0.392
0.396
0.392
0.393
0.397
0.404
0.395
0.393
0.396
0.393
0.394
0.396
0.398
0.394
0.396
0.394
0.397
0.4
0.399
0.399
0.393
0.395
0.395
0.397
0.399
0.404
0.401
0.394
0.398
0.399
0.404
0.399
0.396
0.396
0.394
0.393
0.396
0.394
0.397
0.394
0.402
0.395
0.397
0.398
0.404
0.4
0.403
0.401
0.401
0.398
0.4
0.405
0.398
0.4
0.404
0.396
0.404
0.414
0.41
0.405
0.4
0.404
0.402
0.408
0.403
0.404
0.407
0.402
0.408
0.409
0.409
0.406
0.409
0.405
0.414
0.415
0.408
0.406
0.415
0.408
0.417
0.411
0.42
0.413
0.409
0.409
0.409
0.414
0.411
0.407
0.41
0.416
0.407
0.409
0.412
0.407
0.406
0.411
0.404
0.407
0.411
0.418
0.408
0.413
0.42
0.412
0.411
0.409
0.413
0.42
0.42
0.411
0.417
0.407
0.412
0.411
0.407
0.417
0.415
0.411
0.41
0.417
0.42
0.412
0.414
0.409
0.413
0.403
0.411
0.404
0.403
0.404
0.402
0.403
0.406
0.396
0.405
0.401
0.404
0.401
0.405
0.399
0.4
0.405
0.402
0.407
0.402
0.4
0.402
0.405
0.414
0.41
0.403
0.399
0.394
0.403
0.396
0.394
0.386
0.392
0.389
0.396
0.387
0.396
0.4
0.394
0.388
0.394
0.392
0.395
0.392
0.387
0.385
0.391
0.394
0.389
0.392
0.388
0.384
0.387
0.387
0.389
0.39
0.387
0.385
0.389
0.387
0.39
0.383
0.384
0.389
0.385
0.382
0.387
0.385
0.39
0.383
0.391
0.396
0.393
0.387
0.379
0.382
0.39
0.387
0.386
0.391
0.384
0.39
0.389
0.39
0.381
0.389
0.393
0.393
0.391
0.387
0.39
0.384
0.391
0.394
0.39
0.386
0.395
0.389
0.385
0.389
0.383
0.39
0.388
0.389
0.397
0.389
0.389
0.387
0.387
0.385
0.388
0.384
0.391
0.391
0.385
0.387
0.387
0.389
0.396
0.391
0.389
0.387
0.389
0.39
0.389
0.384
0.393
0.392
0.392
0.389
0.388
0.392
0.395
0.398
0.389
0.396
0.393
0.387
0.392
0.39
0.397
0.389
0.393
0.396
0.4
0.396
0.387
0.391
0.391
0.393
0.396
0.391
0.393
0.393
0.4
0.393
0.397
0.394
0.388
0.387
0.395
0.393
0.39
0.395
0.4
0.395
0.388
0.39
0.391
0.393
0.389
0.39
0.388
0.396
0.396
0.39
0.397
0.389
0.39
0.391
0.389
0.383
0.385
0.395
0.39
0.397
0.392
0.387
0.395
0.388
0.404
0.394
0.392
0.399
0.392
0.398
0.402
0.408
0.403
0.394
0.401
0.396
0.405
0.404
0.401
0.399
0.398
0.4
0.392
0.399
0.406
0.397
0.396
0.401
0.4
0.396
0.404
0.406
0.406
0.404
0.4
0.394
0.396
0.4
0.393
0.401
0.392
0.402
0.393
0.396
0.398
0.396
0.4
0.399
0.398
0.402
0.396
0.398
0.404
0.394
0.402
0.392
0.396
0.399
0.4
0.407
0.395
0.392
0.398
0.396
0.401
0.391
0.396
0.396
0.387
0.396
0.402
0.393
0.392
0.394
0.392
0.388
0.394
0.392
0.4
0.394
0.387
0.394
0.386
0.389
0.39
0.395
0.396
0.391
0.395
0.391
0.383
0.388
0.392
0.396
0.391
0.393
0.398
0.389
0.393
0.393
0.402
0.392
0.399
0.394
0.394
0.394
0.396
0.396
0.399
0.401
0.402
0.404
0.396
0.397
0.394
0.396
0.399
0.395
0.402
0.402
0.392
0.409
0.404
0.4
0.4
0.396
0.405
0.396
0.403
0.397
0.398
0.408
0.405
0.404
0.405
0.404
0.407
0.404
0.402
0.409
0.414
0.408
0.406
0.404
0.414
0.412
0.413
0.416
0.411
0.407
0.411
0.414
0.41
0.412
0.41
0.415
0.41
0.412
0.412
0.412
0.411
0.411
0.418
0.412
0.412
0.409
0.413
0.416
0.422
0.418
0.412
0.403
0.41
0.42
0.419
0.414
0.414
0.418
0.413
0.419
0.411
0.417
0.42
0.415
0.415
0.417
0.417
0.423
0.417
0.418
0.417
0.417
0.418
0.408
0.412
0.411
0.415
0.41
0.413
0.417
0.408
0.413
0.415
0.406
0.414
0.409
0.411
0.406
0.412
0.415
0.416
0.416
0.409
0.41
0.404
0.41
0.42
0.423
0.422
0.413
0.417
0.423
0.415
0.424
0.416
0.417
0.417
0.412
0.409
0.417
0.418
0.411
0.409
0.407
0.41
0.403
0.413
0.413
0.41
0.404
0.404
0.404
0.411
0.41
0.41
0.413
0.405
0.403
0.405
0.4
0.407
0.4
0.406
0.404
0.405
0.401
0.411
0.406
0.401
0.402
0.406
0.401
0.406
0.404
0.399
0.404
0.398
0.407
0.407
0.409
0.412
0.404
0.405
0.407
0.404
0.398
0.399
0.408
0.415
0.406
0.404
0.401
0.407
0.403
0.412
0.408
0.406
0.404
0.399
0.402
0.399
0.402
0.403
0.411
0.406
0.397
0.395
0.398
0.397
0.402
0.403
0.409
0.408
0.396
0.396
0.4
0.395
0.403
0.412
0.405
0.401
0.4
0.397
0.396
0.402
0.394
0.399
0.402
0.396
0.401
0.396
0.401
0.396
0.401
0.392
0.403
0.397
0.397
0.396
0.395
0.399
0.395
0.404
0.402
0.398
0.401
0.391
0.391
0.396
0.4
0.404
0.396
0.394
0.401
0.395
0.401
0.395
0.396
0.397
0.396
0.396
0.395
0.39
0.394
0.392
0.39
0.387
0.388
0.391
0.391
0.397
0.388
0.39
0.393
0.391
0.392
0.385
0.39
0.389
0.387
0.396
0.392
0.389
0.397
0.388
0.385
0.39
0.391
0.385
0.392
0.393
0.392
0.391
0.386
0.39
0.392
0.387
0.392
0.389
0.394
0.389
0.389
0.392
0.389
0.395
0.396
0.39
0.388
0.393
0.389
0.387
0.392
0.396
0.396
0.392
0.394
0.391
0.39
0.387
0.394
0.391
0.394
0.392
0.39
0.394
0.394
0.389
0.396
0.393
0.389
0.395
0.397
0.391
0.4
0.396
0.403
0.398
0.396
0.388
0.395
0.396
0.394
0.393
0.4
0.393
0.397
0.392
0.398
0.398
0.395
0.399
0.396
0.399
0.396
0.396
0.404
0.399
0.393
0.398
0.402
0.395
0.396
0.4
0.405
0.4
0.398
0.399
0.396
0.403
0.403
0.409
0.403
0.393
0.399
0.404
0.402
0.408
0.404
0.394
0.398
0.407
0.406
0.396
0.393
0.401
0.401
0.393
0.4
0.399
0.397
0.402
0.395
0.403
0.399
0.4
0.399
0.399
0.397
0.401
0.396
0.404
0.404
0.402
0.396
0.397
0.398
0.401
0.395
0.402
0.402
0.392
0.401
0.396
0.4
0.394
0.398
0.405
0.401
0.398
0.392
0.398
0.399
0.394
0.399
0.396
0.404
0.404
0.396
0.398
0.399
0.397
0.392
0.399
0.407
0.4
0.396
0.392
0.4
0.4
0.396
0.401
0.399
0.406
0.399
0.399
0.398
0.396
0.392
0.396
0.398
0.398
0.395
0.398
0.395
0.402
0.396
0.396
0.401
0.396
0.396
0.394
0.398
0.39
0.397
0.397
0.398
0.396
0.394
0.395
0.401
0.397
0.396
0.396
0.396
0.393
0.402
0.396
0.405
0.403
0.4
0.401
0.395
0.404
0.398
0.405
0.404
0.395
0.394
0.4
0.399
0.396
0.402
0.399
0.408
0.4
0.398
0.397
0.397
0.398
0.397
0.399
0.397
0.405
0.4
0.395
0.399
0.403
0.397
0.401
0.402
0.409
0.404
0.403
0.402
0.399
0.401
0.4
0.408
0.404
0.409
0.408
0.398
0.403
0.398
0.404
0.399
0.404
0.405
0.407
0.397
0.394
0.401
0.408
0.403
0.402
0.405
0.399
0.403
0.397
0.405
0.405
0.403
0.398
0.399
0.398
0.405
0.399
0.396
0.401
0.404
0.396
0.404
0.396
0.4
0.395
0.403
0.405
0.409
0.411
0.404
0.394
0.403
0.41
0.404
0.4
0.398
0.407
0.403
0.413
0.406
0.401
0.396
0.402
0.404
0.396
0.403
0.402
0.396
0.402
0.406
0.402
0.396
0.398
0.407
0.402
0.396
0.401
0.402
0.397
0.398
0.399
0.408
0.406
0.402
0.405
0.398
0.396
0.399
0.404
0.398
0.406
0.403
0.397
0.402
0.4
0.407
0.402
0.396
0.404
0.402
0.398
0.403
0.402
0.41
0.4
0.404
0.401
0.4
0.398
0.398
0.398
0.397
0.406
0.406
0.397
0.401
0.402
0.403
0.404
0.406
0.401
0.402
0.403
0.403
0.403
0.4
0.404
0.407
0.407
0.399
0.397
0.402
0.406
0.396
0.402
0.4
0.402
0.399
0.406
0.404
0.405
0.406
0.398
0.396
0.4
0.405
0.398
0.403
0.403
0.403
0.395
0.395
0.403
0.402
0.402
0.396
0.4
0.397
0.402
0.396
0.412
0.409
0.4
0.404
0.411
0.408
0.408
0.401
0.407
0.411
0.401
0.411
0.41
0.399
0.403
0.404
0.396
0.405
0.4
0.403
0.401
0.411
0.408
0.404
0.402
0.396
0.401
0.404
0.4
0.4
0.401
0.4
0.405
0.405
0.409
0.4
0.4
0.403
0.398
0.404
0.41
0.406
0.406
0.412
0.407
0.4
0.408
0.402
0.396
0.404
0.405
0.4
0.405
0.401
0.407
0.405
0.399
0.402
0.404
0.398
0.407
0.408
0.404
0.399
0.401
0.401
0.405
0.404
0.412
0.407
0.404
0.398
0.401
0.405
0.414
0.409
0.4
0.4
0.399
0.401
0.405
0.403
0.402
0.409
0.411
0.409
0.405
0.412
0.409
0.409
0.405
0.401
0.407
0.401
0.41
0.403
0.402
0.404
0.407
0.399
0.41
0.407
0.402
0.405
0.406
0.408
0.409
0.411
0.407
0.4
0.402
0.406
0.409
0.408
0.406
0.404
0.402
0.403
0.405
0.404
0.399
0.406
0.401
0.408
0.404
0.409
0.399
0.397
0.402
0.394
0.398
0.403
0.396
0.394
0.401
0.395
0.402
0.398
0.399
0.396
0.398
0.397
0.407
0.399
0.403
0.397
0.397
0.405
0.399
0.406
0.405
0.406
0.396
0.4
0.407
0.404
0.411
0.405
0.409
0.405
0.408
0.413
0.408
0.41
0.414
0.406
0.414
0.41
0.416
0.411
0.414
0.415
0.411
0.416
0.419
0.428
0.424
0.429
0.427
0.428
0.434
0.425
0.425
0.429
0.42
0.421
0.415
0.425
0.423
0.418
0.422
0.429
0.431
0.424
0.434
0.442
0.431
0.432
0.424
0.43
0.427
0.429
0.421
0.422
0.426
0.428
0.426
0.428
0.436
0.436
0.437
0.434
0.438
0.428
0.42
0.421
0.431
0.424
0.431
0.432
0.423
0.424
0.419
0.426
0.426
0.423
0.416
0.42
0.418
0.415
0.424
0.417
0.42
0.422
0.42
0.414
0.411
0.412
0.411
0.419
0.415
0.42
0.417
0.408
0.415
0.416
0.423
0.417
0.412
0.42
0.419
0.412
0.402
0.41
0.408
0.415
0.413
0.414
0.408
0.406
0.4
0.408
0.401
0.41
0.407
0.399
0.402
0.397
0.405
0.398
0.401
0.395
0.4
0.399
0.397
0.399
0.4
0.409
0.398
0.395
0.396
0.395
0.4
0.391
0.399
0.397
0.395
0.394
0.394
0.392
0.39
0.386
0.39
0.393
0.388
0.393
0.385
0.393
0.384
0.393
0.387
0.389
0.393
0.385
0.388
0.389
0.388
0.385
0.382
0.386
0.389
0.386
0.388
0.385
0.385
0.384
0.392
0.385
0.388
0.386
0.384
0.381
0.386
0.387
0.381
0.386
0.38
0.384
0.379
0.382
0.39
0.384
0.382
0.384
0.383
0.383
0.38
0.376
0.378
0.378
0.379
0.375
0.374
0.382
0.376
0.381
0.373
0.382
0.383
0.38
0.383
0.381
0.379
0.381
0.379
0.381
0.379
0.384
0.376
0.383
0.39
0.387
0.383
0.377
0.386
0.385
0.381
0.382
0.384
0.386
0.382
0.387
0.39
0.389
0.383
0.39
0.39
0.384
0.389
0.383
0.391
0.386
0.387
0.388
0.389
0.385
0.382
0.391
0.392
0.39
0.387
0.391
0.385
0.383
0.389
0.394
0.387
0.386
0.384
0.393
0.393
0.396
0.394
0.389
0.387
0.389
0.39
0.388
0.396
0.392
0.4
0.393
0.389
0.386
0.391
0.393
0.385
0.39
0.385
0.394
0.388
0.394
0.389
0.387
0.387
0.391
0.386
0.392
0.385
0.387
0.396
0.391
0.391
0.387
0.389
0.391
0.389
0.389
0.387
0.387
0.389
0.387
0.39
0.388
0.388
0.392
0.387
0.387
0.384
0.388
0.387
0.386
0.385
0.385
0.393
0.388
0.386
0.387
0.389
0.389
0.385
0.383
0.387
0.387
0.385
0.391
0.382
0.388
0.381
0.39
0.388
0.388
0.389
0.39
0.386
0.383
0.388
0.39
0.386
0.384
0.396
0.391
0.392
0.396
0.39
0.386
0.389
0.396
0.398
0.394
0.398
0.396
0.391
0.392
0.4
0.398
0.398
0.405
0.396
0.4
0.396
0.402
0.393
0.398
0.399
0.402
0.398
0.398
0.405
0.4
0.401
0.407
0.402
0.397
0.404
0.404
0.398
0.4
0.401
0.411
0.406
0.409
0.408
0.403
0.4
0.408
0.408
0.403
0.412
0.417
0.407
0.411
0.419
0.408
0.411
0.403
0.41
0.409
0.419
0.41
0.412
0.405
0.411
0.405
0.414
0.412
0.41
0.407
0.404
0.406
0.404
0.408
0.405
0.407
0.4
0.408
0.409
0.411
0.403
0.403
0.404
0.396
0.41
0.405
0.397
0.405
0.399
0.405
0.405
0.412
0.402
0.404
0.404
0.397
0.406
0.402
0.401
0.398
0.407
0.4
0.409
0.399
0.4
0.399
0.404
0.407
0.404
0.398
0.405
0.405
0.405
0.401
0.399
0.401
0.399
0.404
0.401
0.408
0.404
0.396
0.403
0.408
0.398
0.403
0.402
0.406
0.41
0.407
0.403
0.403
0.412
0.409
0.403
0.405
0.408
0.402
0.419
0.414
0.422
0.42
0.41
0.415
0.415
0.414
0.421
0.413
0.412
0.407
0.41
0.412
0.42
0.408
0.414
0.406
0.405
0.408
0.415
0.412
0.411
0.409
0.404
0.409
0.405
0.412
0.406
0.406
0.41
0.412
0.42
0.411
0.41
0.406
0.41
0.413
0.416
0.41
0.415
0.409
0.41
0.413
0.407
0.413
0.415
0.409
0.415
0.417
0.422
0.413
0.414
0.409
0.416
0.411
0.409
0.414
0.418
0.416
0.423
0.415
0.414
0.419
0.411
0.417
0.421
0.421
0.418
0.414
0.416
0.409
0.411
0.415
0.409
0.417
0.419
0.413
0.404
0.411
0.416
0.408
0.417
0.409
0.414
0.416
0.422
0.412
0.412
0.413
0.406
0.411
0.415
0.418
0.412
0.41
0.406
0.409
0.411
0.407
0.409
0.407
0.41
0.403
0.411
0.415
0.41
0.402
0.405
0.408
0.403
0.408
0.408
0.406
0.416
0.421
0.413
0.413
0.409
0.418
0.411
0.414
0.416
0.406
0.416
0.412
0.419
0.412
0.408
0.41
0.408
0.417
0.415
0.418
0.412
0.406
0.413
0.41
0.418
0.414
0.409
0.411
0.405
0.412
0.406
0.413
0.403
0.408
0.413
0.407
0.414
0.408
0.416
0.415
0.419
0.412
0.422
0.414
0.423
0.421
0.423
0.422
0.426
0.419
0.419
0.425
0.423
0.428
0.426
0.431
0.428
0.433
0.432
0.44
0.432
0.438
0.436
0.439
0.441
0.436
0.439
0.437
0.441
0.438
0.446
0.439
0.445
0.442
0.45
0.45
0.453
0.455
0.452
0.459
0.457
0.461
0.464
0.471
0.465
0.472
0.466
0.473
0.471
0.475
0.484
0.486
0.497
0.496
0.515
0.52
0.521
0.521
0.534
0.527
0.525
0.534
0.544
0.543
0.537
0.527
0.536
0.535
0.539
0.552
0.553
0.559
0.557
0.553
0.548
0.556
0.563
0.549
0.546
0.55
0.563
0.552
0.562
0.557
0.554
0.553
0.557
0.559
0.558
0.56
0.568
0.559
0.563
0.563
0.556
0.553
0.55
0.556
0.551
0.559
0.559
0.562
0.561
0.552
0.547
0.543
0.542
0.544
0.55
0.556
0.565
0.577
0.575
0.579
0.566
0.561
0.563
0.559
0.555
0.552
0.558
0.563
0.569
0.574
0.569
0.563
0.563
0.569
0.562
0.56
0.564
0.561
0.556
0.558
0.563
0.563
0.564
0.571
0.584
0.588
0.587
0.588
0.586
0.579
0.577
0.573
0.571
0.565
0.565
0.564
0.564
0.562
0.563
0.561
0.558
0.556
0.556
0.555
0.563
0.571
0.58
0.586
0.6
0.598
0.6
0.598
0.602
0.596
0.59
0.589
0.579
0.579
0.581
0.582
0.587
0.591
0.603
0.601
0.603
0.605
0.604
0.602
0.604
0.604
0.599
0.602
0.609
0.62
0.615
0.616
0.623
0.627
0.624
0.617
0.616
0.611
0.615
0.618
0.622
0.622
0.621
0.622
0.617
0.613
0.616
0.617
0.617
0.62
0.625
0.624
0.622
0.62
0.615
0.609
0.607
0.605
0.605
0.617
0.63
0.636
0.644
0.639
0.633
0.623
0.616
0.612
0.609
0.605
0.6
0.604
0.604
0.604
0.608
0.605
0.593
0.591
0.584
0.576
0.569
0.568
0.562
0.569
0.569
0.637
0.632
0.64
0.635
0.623
0.617
0.611
0.609
0.604
0.604
0.606
0.595
0.589
0.588
0.586
0.592
0.588
0.592
0.592
0.597
0.596
0.597
0.6
0.6
0.601
0.601
0.603
0.602
0.604
0.598
0.6
0.601
0.605
0.605
0.599
0.598
0.603
0.597
0.601
0.606
0.598
0.598
0.596
0.597
0.596
0.595
0.604
0.591
0.591
0.589
0.591
0.58
0.584
0.575
0.573
0.568
0.569
0.567
0.571
0.57
0.582
0.583
0.594
0.6
0.602
0.603
0.602
0.605
0.6
0.596
0.594
0.59
0.591
0.577
0.581
0.58
0.574
0.578
0.582
0.587
0.581
0.584
0.575
0.578
0.578
0.572
0.575
0.569
0.566
0.568
0.563
0.554
0.548
0.54
0.54
0.538
0.536
0.528
0.526
0.514
0.512
0.51
0.505
0.509
0.501
0.499
0.492
0.504
0.492
0.493
0.489
0.492
0.495
0.488
0.48
0.486
0.489
0.483
0.477
0.47
0.465
0.447
0.45
0.441
0.449
0.455
0.449
0.439
0.437
0.447
0.437
0.432
0.439
0.441
0.435
0.431
0.429
0.435
0.439
0.432
0.43
0.425
0.426
0.435
0.435
0.426
0.428
0.42
0.43
0.422
0.424
0.427
0.434
0.428
0.423
0.432
0.426
0.422
0.425
0.427
0.427
0.432
0.428
0.421
0.43
0.427
0.42
0.423
0.426
0.425
0.434
0.425
0.417
0.419
0.425
0.433
0.423
0.417
0.418
0.423
0.419
0.423
0.418
0.411
0.419
0.418
0.416
0.409
0.415
0.408
0.412
0.421
0.419
0.413
0.411
0.409
0.411
0.417
0.417
0.407
0.409
0.416
0.406
0.415
0.406
0.41
0.412
0.414
0.411
0.404
0.408
0.411
0.408
0.417
0.409
0.406
0.406
0.403
0.409
0.413
0.405
0.41
0.405
0.413
0.414
0.411
0.419
0.421
0.424
0.421
0.416
0.42
0.414
0.415
0.415
0.422
0.425
0.417
0.418
0.412
0.419
0.413
0.418
0.422
0.424
0.414
0.414
0.415
0.418
0.423
0.415
0.41
0.419
0.409
0.412
0.417
0.407
0.416
0.417
0.415
0.412
0.42
0.422
0.417
0.416
0.416
0.414
0.421
0.415
0.418
0.424
0.421
0.426
0.425
0.416
0.423
0.421
0.418
0.417
0.416
0.419
0.413
0.415
0.418
0.415
0.421
0.416
0.42
0.411
0.415
0.418
0.411
0.42
0.415
0.419
0.415
0.414
0.42
0.418
0.414
0.419
0.424
0.417
0.411
0.415
0.42
0.416
0.426
0.415
0.412
0.42
0.42
0.413
0.42
0.414
0.419
0.411
0.419
0.418
0.419
0.416
0.423
0.416
0.42
0.417
0.423
0.419
0.422
0.417
0.422
0.426
0.426
0.419
0.417
0.424
0.427
0.428
0.419
0.423
0.419
0.425
0.423
0.427
0.422
0.43
0.433
0.428
0.428
0.424
0.427
0.432
0.43
0.439
0.43
0.437
0.435
0.435
0.431
0.426
0.433
0.429
0.431
0.438
0.437
0.437
0.435
0.427
0.435
0.438
0.438
0.431
0.436
0.436
0.438
0.44
0.439
0.441
0.445
0.449
0.447
0.446
0.438
0.446
0.438
0.447
0.447
0.443
0.441
0.441
0.447
0.438
0.44
0.431
0.432
0.44
0.438
0.43
0.431
0.438
0.432
0.436
0.431
0.433
0.438
0.441
0.436
0.428
0.431
0.438
0.43
0.438
0.429
0.434
0.433
0.441
0.43
0.431
0.424
0.426
0.427
0.423
0.421
0.425
0.424
0.432
0.425
0.417
0.414
0.422
0.413
0.42
0.415
0.419
0.412
0.419
0.418
0.418
0.416
0.42
0.425
0.417
0.416
0.421
0.423
0.413
0.417
0.412
0.407
0.411
0.409
0.418
0.409
0.41
0.411
0.407
0.411
0.406
0.413
0.405
0.408
0.407
0.411
0.41
0.416
0.411
0.402
0.414
0.406
0.413
0.413
0.411
0.41
0.415
0.406
0.415
0.41
0.41
0.413
0.41
0.413
0.411
0.415
0.407
0.412
0.416
0.418
0.41
0.406
0.415
0.415
0.413
0.405
0.414
0.408
0.411
0.418
0.411
0.405
0.405
0.405
0.409
0.413
0.409
0.403
0.41
0.409
0.405
0.409
0.404
0.41
0.412
0.416
0.407
0.409
0.411
0.403
0.409
0.412
0.411
0.411
0.402
0.419
0.411
0.406
0.413
0.419
0.409
0.415
0.407
0.412
0.402
0.415
0.405
0.414
0.411
0.407
0.413
0.414
0.413
0.409
0.413
0.416
0.42
0.41
0.413
0.413
0.405
0.414
0.409
0.409
0.414
0.406
0.411
0.417
0.417
0.413
0.41
0.413
0.403
0.411
0.406
0.41
0.416
0.41
0.418
0.414
0.407
0.409
0.406
0.413
0.412
0.408
0.408
0.408
0.415
0.414
0.41
0.408
0.411
0.405
0.415
0.411
0.407
0.407
0.413
0.404
0.414
0.407
0.405
0.414
0.408
0.413
0.414
0.42
0.413
0.412
0.414
0.408
0.415
0.42
0.412
0.411
0.417
0.413
0.418
0.408
0.41
0.413
0.41
0.416
0.413
0.412
0.404
0.408
0.41
0.401
0.405
0.405
0.404
0.401
0.41
0.406
0.412
0.407
0.399
0.4
0.408
0.399
0.396
0.403
0.4
0.399
0.406
0.402
0.4
0.399
0.402
0.392
0.398
0.406
0.396
0.396
0.396
0.401
0.392
0.398
0.394
0.399
0.396
0.4
0.396
0.4
0.396
0.392
0.398
0.4
0.394
0.403
0.399
0.401
0.398
0.398
0.397
0.397
0.397
0.403
0.396
0.396
0.4
0.403
0.395
0.399
0.404
0.4
0.403
0.395
0.404
0.404
0.396
0.397
0.398
0.407
0.397
0.399
0.399
0.402
0.398
0.402
0.397
0.406
0.406
0.397
0.396
0.4
0.401
0.394
0.398
0.397
0.406
0.398
0.401
0.396
0.396
0.395
0.401
0.401
0.402
0.402
0.398
0.405
0.402
0.409
0.407
0.401
0.4
0.406
0.409
0.401
0.411
0.409
0.408
0.406
0.413
0.406
0.411
0.407
0.412
0.407
0.41
0.411
0.418
0.408
0.412
0.419
0.415
0.425
0.418
0.414
0.416
0.416
0.413
0.419
0.426
0.424
0.421
0.425
0.422
0.423
0.414
0.419
0.412
0.415
0.412
0.414
0.416
0.418
0.411
0.409
0.412
0.404
0.414
0.412
0.412
0.409
0.411
0.409
0.409
0.404
0.407
0.406
0.399
0.406
0.404
0.401
0.4
0.404
0.397
0.402
0.411
0.403
0.399
0.397
0.401
0.405
0.396
0.403
0.399
0.407
0.402
0.405
0.406
0.402
0.397
0.406
0.41
0.402
0.41
0.402
0.407
0.4
0.408
0.409
0.404
0.403
0.408
0.406
0.406
0.403
0.401
0.407
0.406
0.402
0.398
0.397
0.401
0.405
0.4
0.407
0.401
0.407
0.401
0.397
0.397
0.397
0.399
0.402
0.406
0.408
0.399
0.401
0.4
0.401
0.409
0.401
0.407
0.402
0.4
0.401
0.395
0.402
0.398
0.407
0.402
0.398
0.403
0.393
0.403
0.407
0.405
0.397
0.403
0.406
0.398
0.407
0.409
0.404
0.401
0.407
0.398
0.408
0.401
0.405
0.398
0.406
0.41
0.403
0.405
0.404
0.408
0.399
0.397
0.405
0.396
0.403
0.393
0.399
0.403
0.394
0.399
0.396
0.404
0.398
0.406
0.399
0.394
0.393
0.396
0.397
0.396
0.396
0.396
0.404
0.394
0.396
0.396
0.395
0.394
0.395
0.394
0.392
0.396
0.397
0.396
0.394
0.396
0.397
0.391
0.396
0.393
0.396
0.399
0.4
0.392
0.392
0.395
0.399
0.392
0.401
0.395
0.402
0.396
0.4
0.395
0.389
0.393
0.396
0.387
0.396
0.399
0.396
0.392
0.395
0.395
0.394
0.39
0.393
0.393
0.392
0.395
0.387
0.396
0.394
0.396
0.396
0.395
0.391
0.388
0.396
0.396
0.396
0.399
0.395
0.395
0.399
0.403
0.399
0.397
0.398
0.395
0.401
0.4
0.397
0.399
0.395
0.404
0.4
0.403
0.411
0.404
0.4
0.393
0.402
0.399
0.407
0.397
0.402
0.396
0.397
0.396
0.396
0.396
0.399
0.401
0.404
0.396
0.397
0.4
0.395
0.4
0.4
0.405
0.402
0.405
0.396
0.399
0.398
0.396
0.404
0.403
0.397
0.402
0.402
0.407
0.406
0.403
0.401
0.407
0.403
0.408
0.409
0.402
0.412
0.414
0.409
0.412
0.416
0.418
0.417
0.419
0.426
0.416
0.418
0.415
0.425
0.419
0.42
0.428
0.418
0.423
0.421
0.43
0.421
0.425
0.426
0.425
0.429
0.429
0.433
0.424
0.433
0.436
0.438
0.44
0.432
0.434
0.437
0.443
0.446
0.446
0.462
0.471
0.462
0.438
0.434
0.435
0.443
0.446
0.437
0.443
0.446
0.436
0.432
0.433
0.439
0.447
0.438
0.433
0.442
0.434
0.434
0.439
0.434
0.436
0.429
0.433
0.423
0.42
0.426
0.426
0.434
0.424
0.42
0.424
0.418
0.422
0.428
0.426
0.427
0.419
0.416
0.421
0.425
0.416
0.415
0.417
0.421
0.423
0.422
0.415
0.413
0.418
0.416
0.412
0.411
0.416
0.411
0.42
0.415
0.409
0.411
0.407
0.414
0.407
0.415
0.41
0.416
0.412
0.414
0.408
0.405
0.402
0.408
0.405
0.408
0.408
0.398
0.398
0.402
0.405
0.402
0.405
0.401
0.395
0.403
0.404
0.396
0.398
0.403
0.405
0.4
0.398
0.403
0.397
0.401
0.402
0.405
0.398
0.401
0.406
0.404
0.408
0.402
0.408
0.407
0.415
0.41
0.415
0.407
0.409
0.419
0.409
0.412
0.422
0.413
0.414
0.42
0.414
0.421
0.422
0.426
0.418
0.428
0.43
0.428
0.431
0.427
0.432
0.429
0.432
0.431
0.438
0.442
0.439
0.441
0.438
0.447
0.44
0.447
0.453
0.454
0.458
0.454
0.463
0.458
0.469
0.472
0.473
0.469
0.47
0.466
0.472
0.478
0.483
0.486
0.482
0.483
0.479
0.485
0.486
0.49
0.494
0.522
0.523
0.524
0.525
0.535
0.545
0.543
0.547
0.541
0.536
0.53
0.531
0.535
0.533
0.541
0.547
0.554
0.55
0.547
