0.598
0.587
0.56
0.561
0.56
0.554
0.533
0.538
0.543
0.531
0.536
0.524
0.531
0.521
0.531
0.519
0.521
0.482
0.49
0.493
0.505
0.484
0.482
0.462
0.468
0.473
0.48
0.457
0.457
0.453
0.47
0.463
0.466
0.46
0.452
0.451
0.455
0.458
0.447
0.454
0.456
0.458
0.463
0.459
0.451
0.454
0.465
0.447
0.443
0.451
0.448
0.452
0.443
0.443
0.453
0.447
0.445
0.439
0.434
0.435
0.431
0.456
0.438
0.443
0.443
0.438
0.44
0.444
0.433
0.438
0.438
0.444
0.441
0.431
0.438
0.446
0.436
0.438
0.444
0.435
0.443
0.437
0.43
0.432
0.435
0.436
0.438
0.434
0.436
0.446
0.426
0.428
0.427
0.432
0.442
0.433
0.435
0.436
0.441
0.434
0.427
0.437
0.434
0.432
0.422
0.425
0.432
0.439
0.429
0.431
0.44
0.441
0.434
0.433
0.431
0.435
0.432
0.434
0.437
0.439
0.434
0.438
0.447
0.447
0.437
0.438
0.441
0.434
0.436
0.443
0.432
0.436
0.439
0.455
0.452
0.45
0.44
0.456
0.445
0.438
0.443
0.436
0.44
0.443
0.43
0.426
0.435
0.439
0.432
0.438
0.433
0.429
0.433
0.431
0.422
0.442
0.436
0.435
0.439
0.429
0.437
0.446
0.446
0.444
0.443
0.432
0.436
0.438
0.431
0.44
0.436
0.436
0.442
0.438
0.433
0.425
0.431
0.429
0.423
0.431
0.424
0.437
0.427
0.436
0.429
0.419
0.439
0.433
0.432
0.427
0.423
0.437
0.432
0.422
0.43
0.431
0.422
0.423
0.428
0.427
0.421
0.429
0.437
0.438
0.436
0.432
0.423
0.425
0.418
0.424
0.433
0.44
0.434
0.43
0.427
0.425
0.434
0.444
0.439
0.429
0.423
0.431
0.429
0.435
0.442
0.422
0.427
0.434
0.433
0.432
0.438
0.42
0.429
0.428
0.433
0.427
0.431
0.431
0.44
0.432
0.435
0.431
0.438
0.431
0.426
0.429
0.422
0.432
0.441
0.438
0.434
0.442
0.423
0.42
0.429
0.435
0.43
0.437
0.432
0.422
0.415
0.419
0.427
0.418
0.421
0.429
0.425
0.416
0.431
0.425
0.435
0.426
0.419
0.421
0.431
0.426
0.432
0.422
0.419
0.419
0.427
0.427
0.422
0.43
0.435
0.427
0.42
0.427
0.429
0.429
0.42
0.417
0.415
0.418
0.427
0.417
0.412
0.419
0.419
0.427
0.418
0.428
0.422
0.42
0.413
0.415
0.419
0.422
0.415
0.421
0.419
0.418
0.423
0.425
0.417
0.416
0.417
0.418
0.419
0.413
0.422
0.432
0.416
0.417
0.416
0.418
0.41
0.418
0.41
0.425
0.419
0.42
0.415
0.417
0.412
0.411
0.42
0.418
0.419
0.418
0.417
0.408
0.423
0.42
0.415
0.419
0.421
0.423
0.428
0.418
0.416
0.419
0.425
0.433
0.416
0.424
0.429
0.434
0.438
0.421
0.428
0.423
0.422
0.425
0.422
0.421
0.427
0.429
0.438
0.431
0.43
0.42
0.421
0.428
0.426
0.423
0.428
0.431
0.433
0.438
0.428
0.42
0.425
0.428
0.432
0.417
0.415
0.423
0.429
0.414
0.42
0.423
0.414
0.417
0.421
0.427
0.432
0.439
0.426
0.432
0.427
0.417
0.43
0.44
0.44
0.426
0.432
0.442
0.423
0.424
0.429
0.438
0.436
0.43
0.436
0.426
0.433
0.433
0.429
0.428
0.422
0.431
0.422
0.429
0.433
0.425
0.425
0.428
0.422
0.42
0.42
0.416
0.422
0.422
0.418
0.419
0.418
0.412
0.415
0.417
0.417
0.425
0.431
0.422
0.414
0.416
0.415
0.421
0.417
0.411
0.415
0.422
0.423
0.426
0.429
0.413
0.42
0.427
0.417
0.424
0.426
0.423
0.417
0.407
0.407
0.409
0.416
0.409
0.403
0.409
0.415
0.406
0.41
0.406
0.406
0.403
0.411
0.412
0.414
0.423
0.417
0.407
0.402
0.409
0.401
0.407
0.414
0.418
0.416
0.413
0.419
0.421
0.414
0.407
0.413
0.404
0.408
0.411
0.412
0.404
0.424
0.415
0.419
0.413
0.421
0.431
0.427
0.417
0.424
0.418
0.42
0.425
0.418
0.408
0.403
0.416
0.413
0.408
0.412
0.417
0.414
0.408
0.418
0.428
0.414
0.405
0.409
0.409
0.411
0.406
0.412
0.407
0.413
0.403
0.405
0.41
0.407
0.402
0.409
0.402
0.402
0.412
0.418
0.409
0.401
0.394
0.409
0.409
0.4
0.407
0.407
0.412
0.403
0.41
0.401
0.404
0.408
0.411
0.409
0.416
0.414
0.417
0.427
0.424
0.419
0.417
0.412
0.418
0.416
0.414
0.418
0.409
0.423
0.413
0.423
0.427
0.42
0.424
0.432
0.423
0.416
0.418
0.425
0.434
0.425
0.418
0.427
0.423
0.429
0.424
0.419
0.422
0.429
0.437
0.429
0.436
0.427
0.424
0.434
0.421
0.421
0.417
0.426
0.429
0.422
0.417
0.427
0.436
0.433
0.435
0.417
0.421
0.425
0.415
0.424
0.415
0.424
0.42
0.41
0.417
0.422
0.413
0.421
0.42
0.428
0.414
0.415
0.418
0.413
0.412
0.411
0.415
0.416
0.423
0.408
0.411
0.418
0.411
0.413
0.411
0.404
0.416
0.421
0.419
0.416
0.412
0.42
0.413
0.41
0.403
0.407
0.399
0.406
0.402
0.403
0.395
0.402
0.399
0.409
0.395
0.405
0.404
0.399
0.396
0.41
0.413
0.413
0.405
0.411
0.409
0.4
0.41
0.401
0.408
0.417
0.425
0.413
0.407
0.414
0.423
0.414
0.423
0.424
0.42
0.42
0.411
0.414
0.41
0.419
0.417
0.411
0.42
0.415
0.424
0.434
0.43
0.42
0.43
0.434
0.423
0.417
0.424
0.433
0.429
0.426
0.418
0.423
0.426
0.418
0.42
0.427
0.432
0.426
0.436
0.431
0.43
0.427
0.434
0.425
0.417
0.421
0.429
0.43
0.437
0.43
0.428
0.419
0.421
0.428
0.423
0.425
0.427
0.421
0.424
0.424
0.434
0.429
0.426
0.436
0.413
0.42
0.426
0.434
0.424
0.419
0.409
0.409
0.417
0.423
0.413
0.415
0.416
0.416
0.414
0.414
0.418
0.419
0.403
0.416
0.42
0.405
0.405
0.411
0.416
0.411
0.411
0.41
0.408
0.398
0.413
0.406
0.41
0.412
0.41
0.417
0.408
0.417
0.409
0.41
0.415
0.417
0.416
0.407
0.402
0.409
0.41
0.402
0.407
0.4
0.408
0.403
0.404
0.407
0.405
0.403
0.398
0.41
0.414
0.404
0.405
0.404
0.407
0.397
0.403
0.406
0.396
0.405
0.407
0.416
0.406
0.396
0.4
0.404
0.397
0.403
0.399
0.404
0.398
0.4
0.402
0.399
0.399
0.406
0.41
0.403
0.401
0.398
0.401
0.393
0.4
0.403
0.393
0.401
0.405
0.415
0.406
0.399
0.403
0.401
0.4
0.409
0.411
0.407
0.401
0.408
0.406
0.411
0.412
0.411
0.409
0.42
0.415
0.419
0.409
0.415
0.425
0.423
0.419
0.406
0.41
0.419
0.409
0.414
0.413
0.42
0.415
0.419
0.412
0.412
0.407
0.409
0.416
0.409
0.426
0.418
0.416
0.408
0.417
0.409
0.409
0.414
0.412
0.42
0.426
0.418
0.426
0.416
0.416
0.42
0.412
0.417
0.421
0.427
0.419
0.416
0.423
0.413
0.416
0.426
0.424
0.415
0.416
0.425
0.412
0.417
0.417
0.414
0.416
0.42
0.418
0.411
0.434
0.425
0.425
0.418
0.428
0.438
0.419
0.415
0.431
0.422
0.436
0.433
0.431
0.428
0.428
0.431
0.438
0.439
0.435
0.441
0.442
0.436
0.434
0.431
0.441
0.441
0.432
0.443
0.448
0.447
0.44
0.443
0.432
0.435
0.441
0.453
0.464
0.457
0.457
0.447
0.447
0.445
0.45
0.443
0.447
0.448
0.452
0.459
0.46
0.45
0.441
0.443
0.453
0.448
0.44
0.443
0.449
0.449
0.453
0.464
0.473
0.452
0.465
0.455
0.466
0.463
0.464
0.463
0.453
0.458
0.465
0.474
0.452
0.472
0.455
0.444
0.444
0.447
0.457
0.459
0.436
0.436
0.437
0.441
0.445
0.447
0.44
0.445
0.438
0.439
0.445
0.436
0.436
0.431
0.439
0.433
0.432
0.433
0.424
0.444
0.438
0.438
0.43
0.438
0.429
0.425
0.438
0.429
0.43
0.439
0.438
0.444
0.421
0.428
0.424
0.426
0.416
0.426
0.416
0.408
0.415
0.413
0.414
0.414
0.412
0.414
0.409
0.419
0.428
0.416
0.41
0.409
0.414
0.408
0.418
0.413
0.415
0.412
0.421
0.406
0.408
0.415
0.422
0.4
0.403
0.409
0.401
0.415
0.407
0.397
0.41
0.418
0.411
0.402
0.404
0.411
0.411
0.402
0.412
0.41
0.411
0.409
0.406
0.412
0.411
0.413
0.405
0.411
0.419
0.426
0.416
0.417
0.413
0.414
0.411
0.416
0.416
0.409
0.412
0.41
0.416
0.413
0.407
0.412
0.415
0.413
0.416
0.413
0.415
0.425
0.425
0.41
0.416
0.411
0.421
0.425
0.429
0.422
0.42
0.415
0.419
0.427
0.426
0.424
0.426
0.42
0.412
0.417
0.409
0.415
0.416
0.417
0.422
0.419
0.419
0.413
0.414
0.423
0.43
0.426
0.434
0.436
0.428
0.427
0.419
0.435
0.442
0.43
0.42
0.424
0.427
0.432
0.426
0.427
0.431
0.43
0.426
0.44
0.432
0.433
0.424
0.439
0.438
0.443
0.436
0.437
0.43
0.438
0.433
0.441
0.434
0.433
0.425
0.43
0.437
0.447
0.431
0.435
0.43
0.427
0.434
0.434
0.44
0.446
0.424
0.428
0.432
0.429
0.425
0.433
0.442
0.432
0.425
0.427
0.437
0.427
0.432
0.435
0.43
0.434
0.432
0.425
0.427
0.432
0.433
0.429
0.43
0.42
0.428
0.42
0.425
0.435
0.434
0.429
0.434
0.419
0.428
0.422
0.423
0.419
0.414
0.415
0.422
0.426
0.424
0.42
0.41
0.411
0.412
0.416
0.413
0.42
0.418
0.42
0.414
0.416
0.407
0.416
0.411
0.411
0.414
0.407
0.409
0.403
0.407
0.405
0.413
0.407
0.407
0.402
0.407
0.4
0.402
0.41
0.406
0.409
0.405
0.411
0.408
0.41
0.401
0.399
0.41
0.42
0.42
0.41
0.413
0.423
0.416
0.408
0.401
0.411
0.409
0.413
0.42
0.419
0.413
0.418
0.424
0.408
0.414
0.422
0.415
0.417
0.409
0.411
0.416
0.413
0.418
0.42
0.415
0.409
0.418
0.41
0.411
0.403
0.408
0.407
0.403
0.407
0.412
0.403
0.403
0.412
0.408
0.406
0.41
0.401
0.41
0.41
0.402
0.41
0.406
0.407
0.404
0.404
0.405
0.409
0.408
0.411
0.401
0.407
0.409
0.411
0.42
0.411
0.401
0.409
0.412
0.418
0.414
0.409
0.414
0.417
0.408
0.412
0.402
0.408
0.417
0.416
0.407
0.41
0.402
0.409
0.412
0.419
0.413
0.404
0.413
0.409
0.418
0.409
0.407
0.416
0.413
0.407
0.41
0.417
0.416
0.406
0.408
0.398
0.403
0.409
0.412
0.402
0.403
0.406
0.409
0.407
0.403
0.407
0.404
0.411
0.407
0.413
0.405
0.401
0.412
0.411
0.406
0.401
0.404
0.398
0.407
0.412
0.413
0.406
0.404
0.413
0.405
0.403
0.403
0.409
0.404
0.414
0.405
0.395
0.401
0.411
0.414
0.408
0.415
0.412
0.405
0.413
0.411
0.402
0.406
0.398
0.402
0.397
0.406
0.402
0.412
0.402
0.405
0.4
0.402
0.404
0.398
0.397
0.403
0.407
0.413
0.405
0.398
0.4
0.396
0.402
0.407
0.403
0.397
0.406
0.402
0.408
0.413
0.414
0.416
0.409
0.411
0.402
0.411
0.409
0.405
0.408
0.408
0.413
0.414
0.412
0.406
0.409
0.409
0.414
0.409
0.413
0.415
0.424
0.423
0.415
0.422
0.422
0.42
0.422
0.413
0.416
0.423
0.424
0.428
0.425
0.423
0.431
0.422
0.428
0.421
0.419
0.409
0.43
0.416
0.416
0.421
0.423
0.415
0.417
0.417
0.416
0.422
0.419
0.411
0.406
0.412
0.412
0.411
0.42
0.426
0.409
0.415
0.413
0.421
0.421
0.42
0.416
0.413
0.406
0.406
0.406
0.416
0.42
0.413
0.407
0.41
0.403
0.419
0.413
0.417
0.407
0.417
0.425
0.422
0.417
0.417
0.408
0.409
0.413
0.423
0.42
0.413
0.415
0.41
0.416
0.419
0.417
0.421
0.415
0.415
0.412
0.422
0.425
0.415
0.409
0.412
0.404
0.408
0.407
0.412
0.415
0.413
0.423
0.41
0.411
0.412
0.411
0.421
0.408
0.413
0.421
0.408
0.414
0.412
0.416
0.411
0.407
0.411
0.406
0.41
0.416
0.419
0.412
0.416
0.413
0.422
0.419
0.412
0.405
0.414
0.413
0.41
0.41
0.41
0.41
0.416
0.408
0.411
0.414
0.417
0.407
0.417
0.415
0.419
0.425
0.416
0.415
0.413
0.417
0.42
0.42
0.424
0.407
0.418
0.419
0.411
0.415
0.415
0.411
0.42
0.429
0.419
0.413
0.418
0.417
0.418
0.423
0.424
0.416
0.424
0.421
0.42
0.418
0.417
0.426
0.418
0.416
0.425
0.428
0.422
0.427
0.429
0.427
0.434
0.416
0.422
0.426
0.423
0.415
0.429
0.422
0.429
0.439
0.426
0.436
0.434
0.429
0.432
0.436
0.429
0.42
0.427
0.426
0.424
0.428
0.418
0.427
0.421
0.422
0.428
0.419
0.432
0.422
0.427
0.423
0.43
0.434
0.423
0.431
0.431
0.423
0.423
0.422
0.427
0.432
0.427
0.418
0.425
0.426
0.434
0.417
0.423
0.422
0.419
0.427
0.436
0.419
0.423
0.422
0.432
0.418
0.423
0.42
0.422
0.425
0.435
0.425
0.422
0.425
0.417
0.422
0.421
0.426
0.428
0.438
0.426
0.433
0.428
0.43
0.438
0.425
0.434
0.437
0.426
0.433
0.428
0.429
0.438
0.435
0.42
0.425
0.425
0.419
0.424
0.423
0.415
0.416
0.421
0.424
0.414
0.421
0.426
0.432
0.424
0.418
0.416
0.419
0.41
0.413
0.421
0.413
0.421
0.415
0.418
0.409
0.417
0.416
0.421
0.411
0.415
0.407
0.414
0.416
0.413
0.419
0.425
0.415
0.41
0.411
0.414
0.424
0.434
0.414
0.415
0.413
0.413
0.415
0.42
0.413
0.416
0.412
0.414
0.415
0.411
0.418
0.425
0.414
0.417
0.418
0.423
0.424
0.412
0.421
0.422
0.42
0.413
0.409
0.411
0.41
0.413
0.416
0.408
0.411
0.414
0.415
0.415
0.41
0.414
0.422
0.418
0.425
0.415
0.417
0.409
0.414
0.418
0.421
0.423
0.42
0.42
0.418
0.415
0.423
0.425
0.418
0.417
0.41
0.419
0.422
0.414
0.417
0.411
0.419
0.415
0.422
0.423
0.414
0.418
0.408
0.412
0.413
0.412
0.421
0.419
0.417
0.423
0.423
0.414
0.405
0.411
0.411
0.42
0.416
0.412
0.411
0.414
0.418
0.412
0.419
0.413
0.42
0.41
0.423
0.421
0.413
0.413
0.403
0.417
0.422
0.421
0.415
0.407
0.417
0.409
0.418
0.417
0.414
0.421
0.425
0.417
0.411
0.419
0.414
0.416
0.407
0.415
0.411
0.414
0.404
0.413
0.415
0.409
0.415
0.416
0.416
0.407
0.413
0.418
0.424
0.415
0.423
0.416
0.406
0.414
0.411
0.416
0.425
0.419
0.41
0.419
0.413
0.408
0.415
0.424
0.413
0.416
0.424
0.418
0.414
0.416
0.421
0.418
0.424
0.417
0.426
0.417
0.413
0.42
0.414
0.431
0.441
0.426
0.434
0.426
0.417
0.409
0.412
0.42
0.415
0.421
0.427
0.421
0.429
0.415
0.421
0.424
0.427
0.417
0.421
0.415
0.42
0.427
0.425
0.415
0.42
0.428
0.425
0.418
0.426
0.417
0.41
0.417
0.422
0.43
0.424
0.415
0.425
0.417
0.412
0.415
0.417
0.415
0.417
0.408
0.418
0.417
0.419
0.416
0.421
0.413
0.422
0.419
0.418
0.413
0.417
0.417
0.424
0.414
0.42
0.425
0.434
0.425
0.419
0.417
0.42
0.426
0.419
0.417
0.413
0.419
0.416
0.42
0.42
0.412
0.417
0.425
0.418
0.422
0.426
0.42
0.425
0.434
0.43
0.425
0.424
0.429
0.431
0.424
0.417
0.421
0.425
0.435
0.423
0.413
0.421
0.419
0.413
0.413
0.423
0.415
0.42
0.415
0.413
0.421
0.411
0.42
0.429
0.415
0.406
0.409
0.414
0.422
0.411
0.402
0.407
0.408
0.408
0.416
0.418
0.4
0.407
0.409
0.401
0.406
0.401
0.409
0.408
0.4
0.402
0.403
0.412
0.407
0.411
0.412
0.405
0.408
0.398
0.398
0.399
0.407
0.403
0.41
0.415
0.402
0.409
0.414
0.408
0.402
0.401
0.403
0.4
0.4
0.405
0.415
0.403
0.408
0.415
0.408
0.398
0.403
0.396
0.408
0.409
0.404
0.411
0.409
0.407
0.404
0.398
0.402
0.395
0.405
0.402
0.399
0.397
0.402
0.405
0.405
0.41
0.41
0.405
0.399
0.402
0.406
0.415
0.407
0.412
0.405
0.412
0.412
0.402
0.406
0.402
0.411
0.401
0.407
0.407
0.41
0.408
0.411
0.404
0.41
0.419
0.41
0.42
0.413
0.405
0.419
0.412
0.408
0.412
0.413
0.413
0.414
0.408
0.413
0.417
0.423
0.418
0.413
0.423
0.41
0.407
0.417
0.406
0.41
0.409
0.412
0.403
0.409
0.401
0.409
0.402
0.409
0.409
0.414
0.412
0.407
0.413
0.408
0.408
0.418
0.413
0.411
0.403
0.407
0.411
0.404
0.412
0.416
0.421
0.415
0.41
0.402
0.412
0.407
0.401
0.419
0.421
0.412
0.418
0.414
0.418
0.413
0.407
0.41
0.407
0.41
0.416
0.408
0.398
0.406
0.414
0.414
0.404
0.407
0.397
0.417
0.404
0.406
0.409
0.407
0.417
0.407
0.411
0.404
0.4
0.406
0.405
0.406
0.407
0.41
0.41
0.413
0.407
0.408
0.406
0.4
0.399
0.398
0.405
0.409
0.399
0.405
0.402
0.396
0.405
0.407
0.409
0.408
0.399
0.405
0.408
0.402
0.408
0.414
0.405
0.407
0.4
0.401
0.405
0.414
0.406
0.401
0.41
0.413
0.406
0.402
0.404
0.413
0.406
0.408
0.413
0.409
0.412
0.407
0.407
0.412
0.422
0.417
0.408
0.415
0.412
0.41
0.413
0.415
0.415
0.416
0.411
0.415
0.409
0.418
0.424
0.415
0.408
0.42
0.416
0.426
0.418
0.428
0.423
0.42
0.43
0.432
0.425
0.421
0.428
0.426
0.435
0.432
0.431
0.432
0.43
0.428
0.424
0.431
0.427
0.433
0.429
0.439
0.433
0.437
0.446
0.438
0.441
0.444
0.444
0.459
0.467
0.461
0.466
0.465
0.47
0.468
0.473
0.469
0.47
0.479
0.475
0.479
0.483
0.492
0.497
0.507
0.496
0.504
0.513
0.509
0.515
0.513
0.521
0.51
0.522
0.52
0.52
0.511
0.512
0.524
0.524
0.528
0.526
0.536
0.529
0.533
0.536
0.542
0.547
0.558
0.594
0.581
0.553
0.544
0.554
0.564
0.555
0.59
0.579
0.567
0.55
0.545
0.54
0.54
0.528
0.548
0.542
0.551
0.553
0.551
0.547
0.55
0.544
0.541
0.544
0.538
0.538
0.542
0.537
0.549
0.553
0.552
0.554
0.567
0.569
0.568
0.58
0.573
0.56
0.568
0.56
0.548
0.559
0.55
0.563
0.564
0.572
0.57
0.575
0.573
0.57
0.565
0.56
0.55
0.56
0.555
0.556
0.562
0.562
0.555
0.556
0.559
0.562
0.563
0.562
0.568
0.571
0.565
0.561
0.57
0.569
0.558
0.569
0.566
0.572
0.568
0.575
0.569
0.56
0.576
0.593
0.601
0.594
0.589
0.584
0.584
0.587
0.58
0.577
0.563
0.571
0.579
0.583
0.579
0.581
0.575
0.573
0.576
0.576
0.575
0.57
0.56
0.578
0.59
0.59
0.59
0.58
0.586
0.588
0.569
0.567
0.553
0.561
0.565
0.572
0.569
0.575
0.572
0.569
0.567
0.563
0.571
0.577
0.571
0.593
0.604
0.595
0.588
0.592
0.588
0.583
0.582
0.573
0.579
0.586
0.591
0.6
0.601
0.594
0.601
0.602
0.586
0.575
0.569
0.566
0.569
0.57
0.573
0.584
0.593
0.592
0.588
0.6
0.592
0.59
0.584
0.58
0.577
0.588
0.587
0.591
0.591
0.584
0.586
0.583
0.589
0.594
0.602
0.617
0.636
0.647
0.654
0.646
0.612
0.608
0.62
0.612
0.608
0.661
0.655
0.642
0.626
0.592
0.584
0.589
0.592
0.599
