0.638
0.645
0.576
0.578
0.572
0.47
0.466
0.467
0.476
0.467
0.466
0.459
0.468
0.467
0.467
0.451
0.45
0.455
0.458
0.45
0.443
0.454
0.454
0.446
0.448
0.456
0.45
0.446
0.451
0.434
0.433
0.442
0.432
0.435
0.438
0.445
0.434
0.437
0.429
0.437
0.431
0.427
0.428
0.437
0.432
0.436
0.435
0.428
0.433
0.431
0.437
0.432
0.438
0.428
0.424
0.433
0.439
0.428
0.429
0.423
0.424
0.42
0.413
0.423
0.416
0.42
0.415
0.415
0.422
0.416
0.412
0.427
0.418
0.425
0.421
0.419
0.428
0.425
0.42
0.424
0.417
0.414
0.413
0.421
0.419
0.409
0.414
0.416
0.418
0.416
0.425
0.415
0.423
0.416
0.407
0.436
0.421
0.42
0.424
0.429
0.419
0.433
0.427
0.426
0.43
0.426
0.428
0.432
0.429
0.421
0.423
0.427
0.421
0.428
0.424
0.417
0.421
0.421
0.431
0.421
0.417
0.421
0.425
0.432
0.433
0.427
0.422
0.415
0.42
0.419
0.421
0.424
0.422
0.419
0.424
0.421
0.411
0.42
0.424
0.418
0.417
0.416
0.422
0.42
0.414
0.428
0.42
0.417
0.426
0.43
0.421
0.428
0.429
0.43
0.435
0.426
0.434
0.429
0.42
0.422
0.425
0.418
0.422
0.424
0.43
0.424
0.432
0.438
0.42
0.414
0.417
0.409
0.409
0.416
0.415
0.407
0.411
0.409
0.419
0.426
0.417
0.408
0.412
0.406
0.41
0.408
0.408
0.414
0.409
0.41
0.419
0.411
0.412
0.408
0.406
0.412
0.409
0.419
0.416
0.41
0.42
0.411
0.419
0.413
0.41
0.412
0.419
0.415
0.416
0.406
0.411
0.402
0.404
0.413
0.411
0.417
0.409
0.412
0.409
0.409
0.409
0.418
0.415
0.411
0.409
0.41
0.411
0.417
0.407
0.4
0.406
0.408
0.401
0.398
0.406
0.411
0.417
0.413
0.416
0.414
0.404
0.408
0.415
0.406
0.4
0.405
0.411
0.405
0.409
0.41
0.419
0.413
0.407
0.412
0.421
0.414
0.414
0.409
0.425
0.435
0.427
0.433
0.417
0.423
0.421
0.426
0.425
0.416
0.413
0.415
0.425
0.42
0.423
0.416
0.416
0.418
0.41
0.408
0.408
0.418
0.416
0.414
0.413
0.406
0.404
0.406
0.397
0.4
0.399
0.413
0.396
0.401
0.4
0.4
0.391
0.398
0.404
0.397
0.401
0.394
0.4
0.399
0.391
0.398
0.389
0.389
0.389
0.396
0.391
0.391
0.396
0.401
0.39
0.389
0.388
0.392
0.396
0.395
0.401
0.396
0.403
0.396
0.405
0.396
0.392
0.396
0.396
0.397
0.404
0.411
0.407
0.402
0.401
0.394
0.394
0.388
0.406
0.399
0.397
0.404
0.406
0.412
0.406
0.411
0.408
0.417
0.417
0.407
0.41
0.404
0.413
0.409
0.407
0.4
0.402
0.403
0.407
0.406
0.398
0.406
0.398
0.405
0.397
0.404
0.415
0.411
0.418
0.408
0.407
0.398
0.398
0.403
0.397
0.397
0.389
0.396
0.38
0.379
0.387
0.388
0.381
0.378
0.371
0.379
0.378
0.371
0.376
0.369
0.377
0.37
0.369
0.362
0.364
0.366
0.364
0.365
0.36
0.359
0.364
0.368
0.363
0.367
0.364
0.355
0.355
0.351
0.359
0.365
0.361
0.36
0.361
0.354
0.354
0.361
0.354
0.358
0.366
0.362
0.353
0.358
0.353
0.36
0.356
0.364
0.366
0.37
0.369
0.37
0.367
0.368
0.367
0.367
0.361
0.366
0.364
0.366
0.361
0.365
0.363
0.365
0.362
0.367
0.36
0.365
0.358
0.362
0.371
0.368
0.368
0.36
0.361
0.362
0.365
0.359
0.362
0.362
0.356
0.356
0.364
0.358
0.354
0.353
0.357
0.359
0.361
0.354
0.357
0.357
0.364
0.356
0.359
0.357
0.355
0.362
0.355
0.354
0.354
0.353
0.35
0.354
0.353
0.349
0.353
0.346
0.352
0.35
0.358
0.357
0.354
0.351
0.346
0.35
0.348
0.354
0.355
0.351
0.352
0.347
0.351
0.352
0.346
0.354
0.35
0.35
0.353
0.345
0.349
0.349
0.354
0.35
0.348
0.349
0.355
0.349
0.342
0.349
0.352
0.351
0.348
0.354
0.351
0.348
0.353
0.351
0.359
0.357
0.351
0.355
0.351
0.356
0.356
0.358
0.352
0.355
0.356
0.358
0.354
0.359
0.354
0.355
0.355
0.357
0.353
0.353
0.352
0.354
0.351
0.358
0.356
0.359
0.353
0.352
0.36
0.356
0.355
0.348
0.354
0.354
0.352
0.357
0.351
0.359
0.357
0.352
0.356
0.363
0.354
0.355
0.358
0.356
0.361
0.357
0.365
0.362
0.361
0.36
0.365
0.361
0.354
0.362
0.356
0.361
0.36
0.365
0.364
0.364
0.362
0.368
0.373
0.368
0.365
0.371
0.371
0.37
0.364
0.362
0.371
0.367
0.368
0.363
0.367
0.359
0.363
0.36
0.363
0.364
0.364
0.356
0.361
0.358
0.35
0.357
0.363
0.358
0.358
0.365
0.358
0.358
0.359
0.353
0.355
0.354
0.355
0.352
0.353
0.348
0.353
0.355
0.356
0.353
0.353
0.356
0.357
0.356
0.349
0.356
0.351
0.354
0.356
0.361
0.354
0.36
0.354
0.361
0.354
0.356
0.363
0.359
0.362
0.357
0.357
0.354
0.357
0.354
0.356
0.354
0.357
0.356
0.36
0.352
0.356
0.357
0.354
0.357
0.357
0.354
0.354
0.356
0.353
0.355
0.354
0.357
0.354
0.354
0.356
0.357
0.354
0.353
0.356
0.35
0.354
0.356
0.354
0.35
0.352
0.357
0.354
0.356
0.353
0.358
0.353
0.359
0.354
0.358
0.352
0.354
0.354
0.357
0.349
0.354
0.348
0.354
0.354
0.358
0.354
0.351
0.359
0.358
0.357
0.364
0.361
0.36
0.36
0.367
0.36
0.364
0.363
0.363
0.367
0.361
0.363
0.37
0.366
0.364
0.363
0.367
0.36
0.36
0.366
0.367
0.362
0.36
0.364
0.367
0.362
0.366
0.36
0.363
0.359
0.361
0.357
0.365
0.363
0.357
0.359
0.355
0.369
0.361
0.367
0.366
0.371
0.369
0.366
0.361
0.364
0.358
0.363
0.354
0.358
0.358
0.357
0.363
0.357
0.357
0.359
0.354
0.357
0.36
0.358
0.355
0.351
0.357
0.351
0.354
0.352
0.355
0.356
0.348
0.349
0.356
0.348
0.356
0.356
0.35
0.35
0.353
0.345
0.347
0.353
0.346
0.353
0.348
0.35
0.352
0.36
0.353
0.357
0.354
0.354
0.353
0.345
0.347
0.354
0.352
0.35
0.35
0.345
0.348
0.345
0.355
0.352
0.353
0.349
0.353
0.354
0.353
0.358
0.353
0.351
0.348
0.355
0.354
0.354
0.351
0.356
0.355
0.356
0.349
0.354
0.361
0.354
0.362
0.358
0.354
0.357
0.361
0.357
0.354
0.359
0.357
0.362
0.36
0.362
0.359
0.363
0.358
0.363
0.369
0.36
0.368
0.368
0.369
0.36
0.368
0.36
0.367
0.372
0.364
0.366
0.364
0.367
0.361
0.36
0.365
0.368
0.362
0.364
0.359
0.366
0.362
0.356
0.362
0.357
0.353
0.35
0.355
0.351
0.354
0.355
0.354
0.352
0.35
0.353
0.35
0.353
0.354
0.348
0.354
0.346
0.349
0.354
0.347
0.351
0.348
0.346
0.347
0.35
0.345
0.351
0.346
0.353
0.346
0.348
0.354
0.354
0.355
0.349
0.348
0.353
0.348
0.351
0.357
0.35
0.348
0.353
0.345
0.349
0.347
0.347
0.348
0.697
0.346
0.339
0.342
0.35
0.344
0.348
0.354
0.354
0.348
0.351
0.35
0.355
0.354
0.357
0.354
0.353
0.353
0.36
0.36
0.354
0.357
0.363
0.359
0.367
0.365
0.363
0.372
0.364
0.368
0.364
0.372
0.371
0.366
0.373
0.379
0.375
0.374
0.383
0.383
0.382
0.379
0.388
0.391
0.388
0.392
0.387
0.391
0.393
0.391
0.394
0.391
0.391
0.394
0.398
0.397
0.401
0.405
0.396
0.401
0.399
0.404
0.408
0.404
0.409
0.402
0.41
0.41
0.409
0.413
0.413
0.417
0.407
0.411
0.42
0.42
0.417
0.422
0.421
0.425
0.427
0.424
0.43
0.426
0.426
0.431
0.428
0.436
0.437
0.437
0.444
0.448
0.445
0.455
0.458
0.454
0.462
0.464
0.456
0.464
0.468
0.465
0.475
0.482
0.486
0.486
0.487
0.481
0.486
0.526
0.509
0.506
0.503
0.496
0.493
0.499
0.495
0.501
0.497
0.494
0.486
0.476
0.479
0.468
0.474
0.468
0.459
0.453
0.462
0.47
0.461
0.455
0.454
0.444
0.449
0.438
0.438
0.443
0.439
0.434
0.442
0.438
0.438
0.434
0.427
0.425
0.428
0.438
0.434
0.424
0.428
0.425
0.435
0.425
0.43
0.423
0.424
0.426
0.42
0.424
0.427
0.41
0.406
0.407
0.402
0.41
0.416
0.402
0.403
0.403
0.396
0.39
0.392
0.396
0.39
0.395
0.398
0.393
0.389
0.38
0.389
0.386
0.39
0.387
0.38
0.38
0.377
0.386
0.381
0.387
0.378
0.37
0.377
0.37
0.378
0.372
0.374
0.372
0.368
0.374
0.374
0.377
0.371
0.365
0.362
0.367
0.366
0.361
0.368
0.363
0.368
0.371
0.355
0.363
0.365
0.365
0.357
0.364
0.357
0.358
0.354
0.36
0.353
0.358
0.356
0.362
0.362
0.362
0.364
0.359
0.354
0.361
0.357
0.355
0.358
0.354
0.361
0.358
0.357
0.358
0.362
0.362
0.365
0.365
0.359
0.361
0.358
0.362
0.354
0.357
0.35
0.352
0.354
0.354
0.362
0.353
0.355
0.357
0.354
0.356
0.358
0.354
0.354
0.362
0.354
0.354
0.354
0.358
0.361
0.356
0.355
0.361
0.36
0.353
0.356
0.354
0.357
0.357
0.357
0.36
0.363
0.357
0.355
0.362
0.363
0.36
0.354
0.361
0.365
0.36
0.36
0.355
0.358
0.362
0.36
0.365
0.368
0.361
0.354
0.361
0.355
0.362
0.364
0.357
0.349
0.354
0.351
0.354
0.349
0.354
0.349
0.354
0.348
0.353
0.35
0.351
0.354
0.352
0.353
0.351
0.357
0.355
0.348
0.353
0.345
0.35
0.342
0.35
0.343
0.346
0.348
0.344
0.352
0.349
0.346
0.345
0.345
0.343
0.343
0.347
0.341
0.347
0.34
0.346
0.34
0.346
0.338
0.339
0.346
0.34
0.342
0.339
0.341
0.345
0.338
0.346
0.339
0.344
0.338
0.343
0.338
0.34
0.335
0.33
0.343
0.336
0.34
0.337
0.342
0.336
0.342
0.34
0.337
0.337
0.342
0.334
0.337
0.338
0.338
0.334
0.339
0.336
0.342
0.341
0.344
0.344
0.341
0.339
0.346
0.346
0.341
0.343
0.336
0.34
0.346
0.346
0.343
0.343
0.346
0.35
0.35
0.346
0.348
0.345
0.346
0.349
0.351
0.343
0.347
0.353
0.35
0.349
0.348
0.344
0.343
0.351
0.349
0.355
0.35
0.35
0.353
0.354
0.348
0.353
0.348
0.353
0.352
0.348
0.353
0.354
0.347
0.349
0.354
0.352
0.35
0.354
0.352
0.348
0.355
0.352
0.36
0.357
0.355
0.357
0.355
0.353
0.345
0.343
0.349
0.347
0.341
0.349
0.349
0.35
0.348
0.348
0.344
0.346
0.348
0.351
0.351
0.349
0.352
0.354
0.351
0.345
0.353
0.348
0.353
0.345
0.347
0.354
0.348
0.345
0.35
0.342
0.35
0.343
0.338
0.344
0.347
0.343
0.347
0.344
0.344
0.343
0.346
0.339
0.347
0.339
0.347
0.343
0.347
0.345
0.345
0.341
0.343
0.346
0.342
0.338
0.341
0.346
0.341
0.342
0.344
0.341
0.346
0.34
0.338
0.339
0.347
0.344
0.343
0.342
0.342
0.348
0.342
0.342
0.344
0.343
0.348
0.345
0.349
0.343
0.349
0.346
0.346
0.354
0.347
0.348
0.348
0.349
0.344
0.351
0.345
0.345
0.351
0.353
0.35
0.352
0.351
0.351
0.353
0.35
0.352
0.35
0.349
0.353
0.351
0.343
0.353
0.351
0.354
0.352
0.346
0.354
0.348
0.348
0.352
0.348
0.348
0.35
0.349
0.347
0.348
0.348
0.346
0.347
0.347
0.351
0.347
0.346
0.34
0.346
0.346
0.347
0.344
0.348
0.345
0.347
0.345
0.347
0.345
0.347
0.345
0.345
0.347
0.342
0.349
0.342
0.347
0.348
0.346
0.345
0.345
0.344
0.346
0.345
0.344
0.345
0.344
0.347
0.345
0.346
0.342
0.343
0.345
0.344
0.344
0.342
0.346
0.344
0.342
0.344
0.341
0.345
0.341
0.345
0.344
0.345
0.343
0.344
0.346
0.339
0.344
0.348
0.347
0.343
0.346
0.343
0.349
0.346
0.347
0.346
0.345
0.346
0.347
0.349
0.342
0.345
0.344
0.352
0.348
0.351
0.347
0.349
0.347
0.348
0.347
0.344
0.351
0.345
0.347
0.347
0.347
0.344
0.348
0.344
0.347
0.348
0.345
0.345
0.346
0.345
0.35
0.347
0.34
0.346
0.35
0.345
0.349
0.346
0.347
0.345
0.352
0.347
0.34
0.35
0.35
0.354
0.354
0.354
0.351
0.353
0.354
0.353
0.352
0.354
0.357
0.354
0.361
0.356
0.355
0.355
0.361
0.352
0.359
0.36
0.364
0.36
0.359
0.354
0.361
0.359
0.357
0.364
0.356
0.361
0.366
0.361
0.352
0.352
0.358
0.353
0.36
0.356
0.36
0.355
0.355
0.356
0.356
0.351
0.359
0.353
0.353
0.356
0.352
0.355
0.354
0.352
0.354
0.354
0.35
0.35
0.356
0.35
0.354
0.348
0.355
0.351
0.348
0.355
0.347
0.352
0.351
0.351
0.354
0.35
0.354
0.346
0.353
0.35
0.351
0.351
0.358
0.354
0.346
0.354
0.347
0.352
0.345
0.352
0.344
0.346
0.352
0.347
0.349
0.348
0.352
0.349
0.35
0.354
0.348
0.352
0.345
0.352
0.351
0.348
0.348
0.351
0.351
0.344
0.346
0.353
0.348
0.352
0.348
0.348
0.346
0.354
0.351
0.348
0.351
0.35
0.35
0.352
0.344
0.352
0.347
0.347
0.35
0.348
0.352
0.35
0.344
0.351
0.344
0.345
0.343
0.348
0.345
0.345
0.343
0.336
0.345
0.341
0.347
0.345
0.348
0.343
0.346
0.345
0.34
0.347
0.342
0.341
0.346
0.342
0.347
0.347
0.346
0.349
0.35
0.348
0.352
0.346
0.352
0.351
0.345
0.352
0.351
0.349
0.347
0.353
0.349
0.345
0.35
0.35
0.353
0.348
0.348
0.355
0.351
0.35
0.352
0.354
0.354
0.35
0.354
0.354
0.353
0.352
0.354
0.356
0.355
0.352
0.357
0.354
0.352
0.354
0.359
0.354
0.353
0.352
0.354
0.354
0.351
0.359
0.357
0.356
0.355
0.358
0.356
0.354
0.355
0.356
0.357
0.35
0.354
0.358
0.354
0.355
0.358
0.36
0.353
0.358
0.361
0.358
0.357
0.36
0.357
0.358
0.355
0.361
0.355
0.355
0.356
0.358
0.353
0.357
0.356
0.354
0.359
0.363
0.359
0.356
0.363
0.36
0.361
0.359
0.362
0.358
0.365
0.357
0.357
0.361
0.361
0.36
0.358
0.363
0.358
0.357
0.363
0.36
0.355
0.357
0.359
0.362
0.355
0.362
0.355
0.361
0.366
0.364
0.368
0.36
0.366
0.368
0.366
0.358
0.365
0.369
0.366
0.366
0.371
0.365
0.369
0.36
0.366
0.371
0.372
0.37
0.365
0.371
0.365
0.372
0.371
0.367
0.365
0.368
0.369
0.368
0.363
0.366
0.366
0.362
0.365
0.368
0.366
0.364
0.362
0.367
0.367
0.36
0.367
0.365
0.361
0.365
0.366
0.369
0.369
0.363
0.37
0.371
0.364
0.372
0.371
0.372
0.363
0.363
0.371
0.37
0.367
0.37
0.37
0.373
0.368
0.371
0.372
0.374
0.369
0.373
0.373
0.37
0.373
0.373
0.371
0.372
0.368
0.372
0.374
0.372
0.374
0.371
0.368
0.377
0.372
0.373
0.374
0.371
0.371
0.367
0.369
0.373
0.369
0.367
0.368
0.367
0.372
0.37
0.371
0.369
0.371
0.368
0.366
0.371
0.363
0.37
0.364
0.373
0.364
0.371
0.365
0.369
0.363
0.372
0.365
0.368
0.361
0.37
0.366
0.369
0.366
0.368
0.364
0.369
0.375
0.369
0.371
0.366
0.367
0.369
0.377
0.369
0.376
0.372
0.379
0.37
0.378
0.383
0.376
0.37
0.378
0.372
0.373
0.374
0.376
0.368
0.37
0.378
0.371
0.375
0.369
0.369
0.371
0.369
0.372
0.365
0.374
0.366
0.372
0.365
0.374
0.367
0.376
0.373
0.376
0.369
0.375
0.374
0.38
0.371
0.372
0.371
0.374
0.371
0.368
0.374
0.372
0.366
0.375
0.369
0.377
0.375
0.383
0.375
0.378
0.374
0.373
0.374
0.382
0.373
0.374
0.372
0.377
0.375
0.379
0.375
0.376
0.383
0.367
0.375
0.37
0.376
0.37
0.385
0.378
0.385
0.382
0.38
0.375
0.375
0.379
0.375
0.375
0.37
0.378
0.376
0.376
0.37
0.375
0.38
0.378
0.374
0.379
0.373
0.382
0.378
0.375
0.375
0.38
0.379
0.378
0.379
0.373
0.377
0.375
0.38
0.374
0.379
0.375
0.377
0.368
0.381
0.383
0.378
0.374
0.372
0.378
0.374
0.377
0.371
0.375
0.376
0.373
0.376
0.377
0.376
0.38
0.373
0.374
0.382
0.38
0.385
0.382
0.385
0.38
0.373
0.381
0.373
0.376
0.375
0.38
0.373
0.377
0.373
0.379
0.372
0.378
0.371
0.374
0.37
0.377
0.372
0.375
0.376
0.381
0.376
0.381
0.382
0.376
0.383
0.375
0.383
0.382
0.379
0.38
0.377
0.382
0.374
0.38
0.38
0.379
0.378
0.379
0.373
0.376
0.376
0.375
0.376
0.376
0.384
0.375
0.377
0.377
0.378
0.375
0.379
0.374
0.383
0.374
0.376
0.382
0.383
0.382
0.379
0.377
0.383
0.38
0.381
0.377
0.383
0.378
0.373
0.379
0.376
0.375
0.376
0.375
0.375
0.374
0.372
0.378
0.372
0.372
0.372
0.376
0.373
0.378
0.378
0.381
0.38
0.381
0.38
0.376
0.382
0.384
0.378
0.375
0.378
0.374
0.379
0.378
0.376
0.376
0.376
0.376
0.384
0.381
0.379
0.383
0.385
0.38
0.38
0.377
0.38
0.378
0.378
0.378
0.379
0.376
0.379
0.374
0.377
0.375
0.377
0.372
0.381
0.372
0.38
0.373
0.38
0.387
0.384
0.377
0.37
0.373
0.377
0.384
0.381
0.381
0.379
0.383
0.378
0.386
0.384
0.379
0.385
0.39
0.381
0.383
0.379
0.383
0.379
0.384
0.379
0.38
0.377
0.379
0.386
0.383
0.386
0.383
0.38
0.377
0.38
0.371
0.38
0.373
0.374
0.372
0.377
0.375
0.377
0.375
0.383
0.375
0.381
0.383
0.385
0.381
0.376
0.38
0.373
0.377
0.378
0.379
0.378
0.375
0.377
0.378
0.383
0.378
0.384
0.38
0.388
0.382
0.388
0.388
0.382
0.386
0.38
0.386
0.378
0.382
0.378
0.382
0.378
0.385
0.378
0.384
0.378
0.387
0.381
0.389
0.384
0.386
0.39
0.381
0.389
0.387
0.38
0.38
0.382
0.379
0.382
0.38
0.385
0.378
0.382
0.379
0.384
0.392
0.384
0.388
0.382
0.388
0.379
0.384
0.383
0.385
0.379
0.383
0.38
0.385
0.388
0.379
0.382
0.386
0.382
0.39
0.383
0.382
0.39
0.382
0.387
0.379
0.383
0.38
0.385
0.384
0.383
0.374
0.39
0.389
0.389
0.381
0.387
0.387
0.381
0.389
0.383
0.392
0.39
0.386
0.393
0.389
0.384
0.384
0.385
0.386
0.385
0.383
0.387
0.383
0.383
0.385
0.393
0.385
0.391
0.391
0.386
0.384
0.385
0.385
0.39
0.388
0.396
0.392
0.387
0.396
0.393
0.389
0.389
0.38
0.385
0.385
0.385
0.389
0.385
0.389
0.382
0.394
0.385
0.377
0.384
0.387
0.381
0.384
0.386
0.383
0.384
0.385
0.39
0.382
0.388
0.392
0.384
0.391
0.389
0.384
0.385
0.38
0.385
0.385
0.387
0.382
0.388
0.386
0.39
0.388
0.39
0.391
0.39
0.385
0.384
0.384
0.38
0.382
0.384
0.383
0.377
0.384
0.379
0.384
0.376
0.383
0.391
0.384
0.385
0.382
0.38
0.383
0.381
0.386
0.381
0.377
0.384
0.384
0.388
0.381
0.386
0.377
0.383
0.389
0.385
0.378
0.386
0.384
0.393
0.386
0.384
0.389
0.382
0.385
0.38
0.384
0.381
0.384
0.379
0.384
0.384
0.389
0.383
0.388
0.39
0.385
0.384
0.382
0.382
0.376
0.383
0.379
0.38
0.376
0.381
0.375
0.378
0.375
0.381
0.38
0.387
0.38
0.381
0.382
0.379
0.378
0.372
0.38
0.373
0.381
0.38
0.388
0.379
0.379
0.373
0.38
0.378
0.375
0.374
0.38
0.375
0.38
0.373
0.378
0.376
0.384
0.38
0.381
0.383
0.383
0.378
0.377
0.378
0.374
0.375
0.373
0.379
0.375
0.38
0.374
0.382
0.382
0.376
0.379
0.38
0.374
0.38
0.372
0.38
0.374
0.375
0.377
0.38
0.374
0.383
0.376
0.378
0.381
0.38
0.379
0.376
0.376
0.38
0.373
0.378
0.376
0.376
0.374
0.379
0.375
0.376
0.374
0.378
0.377
0.376
0.377
0.382
0.378
0.381
0.376
0.38
0.384
0.38
0.378
0.373
0.378
0.378
0.377
0.381
0.376
0.38
0.376
0.38
0.378
0.38
0.378
0.379
0.378
0.382
0.376
0.383
0.387
0.385
0.379
0.384
0.383
0.377
0.381
0.381
0.38
0.377
0.384
0.377
0.377
0.379
0.379
0.38
0.384
0.376
0.381
0.381
0.388
0.384
0.382
0.387
0.385
0.389
0.388
0.383
0.391
0.384
0.389
0.391
0.392
0.384
0.393
0.392
0.384
0.394
0.389
0.392
0.395
0.387
0.396
0.396
0.391
0.398
0.396
0.395
0.398
0.402
0.4
0.395
0.4
0.399
0.396
0.4
0.403
0.406
0.4
0.407
0.405
0.403
0.408
0.406
0.407
0.408
0.407
0.408
0.417
0.413
0.411
0.411
0.417
0.416
0.416
0.417
0.421
0.421
0.422
0.419
0.421
0.423
0.421
0.428
0.431
0.424
0.433
0.429
0.431
0.43
0.437
0.431
0.435
0.431
0.434
0.431
0.441
0.433
0.442
0.438
0.434
0.444
0.446
0.444
0.454
0.451
0.455
0.458
0.46
0.459
0.456
0.46
0.466
0.465
0.474
0.477
0.479
0.483
0.482
0.486
0.481
0.481
0.473
0.481
0.479
0.489
0.496
0.491
0.494
0.502
0.499
0.51
0.497
0.5
0.499
0.496
0.487
0.495
0.502
0.502
0.498
0.501
0.491
0.493
0.503
0.501
0.491
0.493
0.494
0.487
0.491
0.499
0.5
0.489
0.498
0.5
0.496
0.505
0.494
0.506
0.496
0.51
0.509
0.503
0.508
0.497
0.509
0.507
0.51
0.504
0.509
0.51
0.512
0.523
0.517
0.524
0.525
0.507
0.529
0.53
0.524
0.515
0.524
0.517
0.515
0.515
0.518
0.513
0.518
0.515
0.514
0.509
0.504
0.505
0.504
0.505
0.498
0.505
0.503
0.506
0.506
0.503
0.504
0.516
0.526
0.534
0.533
0.533
0.532
0.533
0.53
0.539
0.54
0.543
0.541
0.539
0.534
0.538
0.529
0.541
0.539
0.548
0.554
0.553
0.554
0.558
0.55
0.529
0.526
0.525
0.553
0.557
0.559
0.553
0.552
0.54
0.544
0.54
0.547
0.552
0.556
0.55
0.548
0.545
