0.698
0.693
0.699
0.689
0.691
0.674
0.68
0.679
0.682
0.671
0.68
0.682
0.683
0.682
0.695
0.691
0.684
0.682
0.68
0.667
0.671
0.681
0.689
0.69
0.697
0.684
0.677
0.674
0.649
0.643
0.627
0.638
0.641
0.64
0.629
0.649
0.644
0.639
0.652
0.648
0.637
0.638
0.641
0.634
0.627
0.627
0.616
0.618
0.619
0.615
0.61
0.622
0.62
0.617
0.62
0.626
0.629
0.624
0.638
0.637
0.636
0.638
0.627
0.619
0.623
0.618
0.607
0.611
0.607
0.606
0.599
0.605
0.607
0.61
0.604
0.613
0.619
0.615
0.622
0.629
0.626
0.63
0.64
0.631
0.621
0.63
0.623
0.617
0.619
0.619
0.619
0.61
0.621
0.617
0.61
0.62
0.615
0.617
0.612
0.62
0.62
0.619
0.615
0.622
0.623
0.62
0.619
0.621
0.618
0.609
0.609
0.609
0.604
0.601
0.607
0.608
0.605
0.606
0.614
0.613
0.607
0.616
0.617
0.614
0.607
0.612
0.613
0.614
0.606
0.604
0.605
0.614
0.616
0.609
0.624
0.63
0.631
0.637
0.641
0.628
0.625
0.622
0.622
0.632
0.628
0.625
0.619
0.619
0.619
0.615
0.617
0.616
0.626
0.616
0.625
0.619
0.624
0.617
0.624
0.618
0.605
0.612
0.609
0.611
0.608
0.611
0.624
0.627
0.638
0.639
0.638
0.644
0.641
0.633
0.63
0.63
0.625
0.62
0.616
0.614
0.611
0.61
0.601
0.606
0.604
0.608
0.608
0.614
0.615
0.617
0.615
0.619
0.616
0.614
0.612
0.611
0.611
0.607
0.612
0.611
0.611
0.609
0.615
0.628
0.635
0.638
0.635
0.629
0.623
0.625
0.62
0.613
0.617
0.615
0.606
0.61
0.608
0.609
0.598
0.609
0.608
0.61
0.612
0.611
0.612
0.611
0.613
0.609
0.609
0.61
0.608
0.605
0.61
0.605
0.603
0.599
0.599
0.6
0.6
0.603
0.61
0.617
0.624
0.618
0.618
0.616
0.602
0.612
0.605
0.595
0.597
0.598
0.602
0.601
0.606
0.604
0.613
0.619
0.622
0.621
0.629
0.626
0.63
0.635
0.628
0.621
0.616
0.612
0.609
0.6
0.606
0.605
0.604
0.606
0.602
0.596
0.607
0.602
0.592
0.587
0.589
0.594
0.593
0.583
0.583
0.593
0.582
0.571
0.584
0.585
0.591
0.588
0.593
0.604
0.592
0.586
0.603
0.604
0.596
0.6
0.6
0.601
0.604
0.601
0.605
0.605
0.602
0.604
0.602
0.599
0.602
0.602
0.606
0.597
0.607
0.609
0.604
0.612
0.61
0.597
0.602
0.605
0.602
0.596
0.602
0.605
0.6
0.607
0.606
0.609
0.611
0.606
0.603
0.593
0.597
0.594
0.596
0.593
0.593
0.598
0.601
0.596
0.597
0.595
0.597
0.591
0.591
0.589
0.587
0.581
0.583
0.594
0.594
0.587
0.599
0.606
0.601
0.598
0.594
0.593
0.594
0.586
0.585
0.583
0.582
0.574
0.572
0.578
0.573
0.568
0.573
0.584
0.578
0.569
0.58
0.58
0.572
0.582
0.579
0.578
0.583
0.572
0.578
0.582
0.58
0.587
0.584
0.578
0.58
0.577
0.58
0.57
0.578
0.579
0.579
0.579
0.579
0.568
0.582
0.581
0.584
0.579
0.591
0.591
0.593
0.595
0.596
0.595
0.592
0.595
0.591
0.586
0.599
0.596
0.594
0.598
0.591
0.591
0.579
0.58
0.585
0.581
0.582
0.583
0.583
0.583
0.587
0.588
0.584
0.584
0.579
0.581
0.588
0.587
0.584
0.594
0.596
0.592
0.596
0.597
0.595
0.588
0.589
0.584
0.579
0.579
0.575
0.565
0.562
0.566
0.566
0.566
0.568
0.565
0.577
0.575
0.563
0.586
0.587
0.581
0.588
0.59
0.586
0.586
0.588
0.588
0.583
0.585
0.582
0.578
0.58
0.576
0.575
0.563
0.571
0.569
0.566
0.556
0.56
0.563
0.562
0.557
0.562
0.569
0.566
0.557
0.568
0.575
0.579
0.583
0.588
0.586
0.586
0.578
0.58
0.575
0.579
0.582
0.588
0.58
0.588
0.587
0.584
0.593
0.591
0.587
0.59
0.596
0.593
0.592
0.596
0.585
0.59
0.581
0.577
0.585
0.578
0.579
0.575
0.582
0.58
0.577
0.581
0.589
0.585
0.582
0.594
0.587
0.577
0.577
0.585
0.582
0.574
0.567
0.577
0.575
0.575
0.563
0.574
0.574
0.564
0.568
0.578
0.575
0.566
0.572
0.582
0.578
0.578
0.575
0.571
0.577
0.574
0.582
0.581
0.578
0.564
0.575
0.573
0.571
0.569
0.571
0.574
0.566
0.563
0.571
0.568
0.562
0.575
0.573
0.566
0.574
0.576
0.57
0.57
0.583
0.578
0.571
0.576
0.579
0.579
0.579
0.57
0.584
0.578
0.58
0.575
0.583
0.581
0.577
0.58
0.577
0.579
0.587
0.587
0.582
0.588
0.588
0.585
0.581
0.58
0.579
0.572
0.573
0.57
0.567
0.564
0.574
0.575
0.579
0.586
0.582
0.586
0.584
0.579
0.589
0.592
0.592
0.59
0.583
0.584
0.581
0.571
0.582
0.58
0.573
0.568
0.57
0.57
0.567
0.568
0.568
0.568
0.573
0.571
0.569
0.572
0.574
0.573
0.568
0.572
0.573
0.574
0.574
0.581
0.584
0.584
0.592
0.579
0.586
0.581
0.575
0.585
0.585
0.582
0.569
0.575
0.583
0.579
0.576
0.585
0.584
0.586
0.586
0.587
0.591
0.579
0.589
0.588
0.582
0.579
0.581
0.58
0.582
0.582
0.575
0.587
0.593
0.602
0.604
0.595
0.596
0.602
0.61
0.615
0.601
0.616
0.61
0.601
0.607
0.603
0.589
0.581
0.576
0.571
0.575
0.575
0.572
0.581
0.593
0.593
0.58
0.61
0.607
0.604
0.607
0.605
0.601
0.601
0.597
0.591
0.592
0.595
0.593
0.588
0.594
0.601
0.603
0.611
0.614
0.608
0.61
0.603
0.603
0.598
0.593
0.589
0.589
0.587
0.587
0.589
0.595
0.597
0.591
0.59
0.588
0.587
0.578
0.581
0.576
0.576
0.572
0.577
0.576
0.575
0.575
0.583
0.591
0.583
0.594
0.594
0.588
0.584
0.593
0.588
0.578
0.588
0.585
0.579
0.578
0.582
0.583
0.577
0.585
0.589
0.585
0.57
0.564
0.55
0.563
0.55
0.571
0.566
0.572
0.577
0.566
0.579
0.577
0.576
0.563
0.576
0.576
0.577
0.575
0.58
0.582
0.586
0.584
0.586
0.591
0.599
0.593
0.593
0.592
0.591
0.593
0.591
0.598
0.595
0.59
0.588
0.586
0.592
0.588
0.587
0.585
0.587
0.603
0.611
0.608
0.607
0.602
0.602
0.6
0.593
0.601
0.595
0.592
0.595
0.591
0.587
0.591
0.593
0.586
0.594
0.597
0.599
0.602
0.604
0.598
0.597
0.597
0.59
0.594
0.594
0.591
0.579
0.593
0.586
0.573
0.587
0.584
0.588
0.585
0.577
0.574
0.571
0.57
0.568
0.569
0.571
0.575
0.578
0.578
0.588
0.596
0.592
0.604
0.597
0.606
0.601
0.589
0.58
0.586
0.584
0.587
0.584
0.592
0.589
0.586
0.596
0.588
0.584
0.582
0.589
0.58
0.581
0.571
0.567
0.571
0.569
0.565
0.565
0.564
0.564
0.562
0.552
0.565
0.562
0.557
0.563
0.562
0.55
0.561
0.562
0.555
0.563
0.562
0.554
0.563
0.562
0.56
0.564
0.569
0.568
0.57
0.569
0.568
0.57
0.569
0.569
0.573
0.571
0.569
0.573
0.572
0.567
0.573
0.57
0.568
0.569
0.569
0.574
0.573
0.569
0.568
0.569
0.57
0.565
0.566
0.563
0.562
0.564
0.56
0.557
0.561
0.562
0.552
0.563
0.562
0.552
0.562
0.562
0.563
0.557
0.565
0.564
0.56
0.565
0.568
0.561
0.566
0.566
0.565
0.569
0.564
0.569
0.569
0.562
0.564
0.566
0.558
0.563
0.571
0.567
0.566
0.572
0.577
0.579
0.571
0.571
0.569
0.575
0.582
0.575
0.575
0.582
0.568
0.567
0.572
0.565
0.577
0.574
0.583
0.581
0.576
0.578
0.575
0.58
0.577
0.579
0.576
0.573
0.582
0.583
0.579
0.581
0.572
0.574
0.588
0.584
0.594
0.592
0.587
0.586
0.579
0.581
0.591
0.582
0.592
0.591
0.586
0.587
0.582
0.581
0.573
0.572
0.569
0.564
0.565
0.573
0.563
0.583
0.583
0.583
0.581
0.584
0.588
0.587
0.589
0.589
0.583
0.587
0.581
0.567
0.573
0.579
0.573
0.565
0.579
0.577
0.572
0.584
0.587
0.587
0.588
0.588
0.584
0.589
0.582
0.572
0.579
0.577
0.572
0.572
0.577
0.581
0.571
0.56
0.58
0.579
0.585
0.577
0.588
0.586
0.586
0.574
0.581
0.577
0.576
0.569
0.579
0.571
0.575
0.569
0.571
0.572
0.569
0.565
0.572
0.571
0.569
0.568
0.568
0.569
0.568
0.568
0.562
0.564
0.574
0.579
0.57
0.557
0.562
0.572
0.569
0.568
0.563
0.568
0.566
0.566
0.56
0.571
0.577
0.564
0.574
0.578
0.576
0.573
0.574
0.576
0.575
0.574
0.578
0.577
0.564
0.583
0.585
0.586
0.582
0.584
0.588
0.588
0.591
0.589
0.586
0.587
0.588
0.585
0.587
0.585
0.588
0.586
0.591
0.594
0.59
0.578
0.584
0.574
0.572
0.569
0.582
0.564
0.569
0.564
0.554
0.563
0.557
0.564
0.568
0.57
0.565
0.572
0.57
0.565
0.567
0.561
0.569
0.564
0.552
0.562
0.56
0.551
0.553
0.558
0.559
0.557
0.563
0.563
0.551
0.567
0.563
0.568
0.565
0.561
0.565
0.566
0.556
0.563
0.564
0.56
0.563
0.566
0.559
0.572
0.572
0.56
0.573
0.567
0.567
0.563
0.57
0.563
0.562
0.563
0.561
0.549
0.556
0.548
0.54
0.551
0.548
0.537
0.548
0.558
0.559
0.559
0.556
0.556
0.553
0.555
0.556
0.555
0.557
0.556
0.566
0.572
0.572
0.573
0.567
0.573
0.57
0.579
0.576
0.572
0.572
0.572
0.563
0.57
0.569
0.559
0.571
0.569
0.571
0.559
0.573
0.568
0.573
0.571
0.575
0.564
0.561
0.561
0.556
0.546
0.557
0.545
0.553
0.555
0.559
0.559
0.559
0.563
0.561
0.561
0.564
0.565
0.564
0.555
0.567
0.563
0.564
0.566
0.57
0.572
0.566
0.569
0.568
0.565
0.572
0.568
0.569
0.572
0.572
0.576
0.574
0.573
0.582
0.58
0.584
0.582
0.584
0.58
0.587
0.587
0.589
0.591
0.591
0.585
0.588
0.585
0.572
0.583
0.578
0.575
0.575
0.574
0.569
0.576
0.57
0.575
0.569
0.576
0.571
0.569
0.571
0.566
0.559
0.571
0.566
0.563
0.567
0.562
0.562
0.576
0.566
0.558
0.564
0.558
0.548
0.558
0.557
0.546
0.557
0.557
0.553
0.559
0.555
0.551
0.549
0.56
0.557
0.558
0.557
0.558
0.557
0.559
0.56
0.558
0.555
0.552
0.559
0.557
0.556
0.559
0.563
0.559
0.566
0.566
0.56
0.563
0.562
0.558
0.558
0.559
0.557
0.55
0.558
0.558
0.551
0.561
0.562
0.553
0.552
0.563
0.553
0.548
0.558
0.549
0.54
0.551
0.549
0.54
0.544
0.531
0.538
0.551
0.555
0.548
0.554
0.56
0.553
0.561
0.556
0.554
0.555
0.554
0.55
0.56
0.558
0.559
0.561
0.558
0.559
0.551
0.558
0.557
0.555
0.553
0.558
0.554
0.558
0.554
0.558
0.563
0.562
0.567
0.568
0.563
0.567
0.566
0.569
0.566
0.567
0.561
0.564
0.577
0.58
0.581
0.587
0.585
0.588
0.577
0.572
0.571
0.565
0.567
0.562
0.556
0.565
0.563
0.564
0.565
0.569
0.58
0.577
0.579
0.574
0.57
0.565
0.569
0.566
0.563
0.567
0.566
0.569
0.567
0.567
0.569
0.571
0.563
0.571
0.569
0.565
0.57
0.567
0.563
0.555
0.551
0.554
0.547
0.551
0.549
0.55
0.547
0.55
0.548
0.548
0.55
0.547
0.554
0.55
0.539
0.552
0.546
0.549
0.551
0.552
0.545
0.562
0.563
0.567
0.565
0.565
0.567
0.564
0.563
0.569
0.569
0.566
0.578
0.57
0.57
0.572
0.569
0.574
0.574
0.571
0.575
0.573
0.567
0.57
0.567
0.563
0.562
0.56
0.562
0.565
0.564
0.563
0.56
0.566
0.569
0.564
0.571
0.564
0.561
0.569
0.563
0.555
0.56
0.562
0.565
0.559
0.564
0.565
0.56
0.566
0.563
0.563
0.564
0.563
0.558
0.561
0.561
0.559
0.563
0.558
0.566
0.563
0.563
0.583
0.596
0.593
0.587
0.589
0.589
0.587
0.593
0.585
0.584
0.587
0.585
0.577
0.58
0.578
0.566
0.572
0.567
0.561
0.557
0.555
0.551
0.561
0.559
0.554
0.564
0.569
0.575
0.573
0.576
0.575
0.569
0.576
0.572
0.566
0.572
0.568
0.564
0.565
0.562
0.56
0.563
0.552
0.557
0.554
0.556
0.548
0.558
0.548
0.553
0.548
0.545
0.551
0.545
0.555
0.55
0.552
0.55
0.553
0.551
0.547
0.554
0.547
0.541
0.553
0.547
0.543
0.547
0.547
0.534
0.549
0.544
0.546
0.555
0.55
0.552
0.554
0.552
0.551
0.554
0.553
0.543
0.547
0.553
0.547
0.534
0.56
0.561
0.562
0.565
0.564
0.564
0.567
0.565
0.562
0.568
0.563
0.558
0.561
0.559
0.559
0.556
0.561
0.554
0.563
0.562
0.562
0.567
0.569
0.565
0.572
0.567
0.563
0.562
0.568
0.563
0.566
0.572
0.575
0.583
0.584
0.586
0.581
0.572
0.58
0.578
0.574
0.574
0.569
0.563
0.572
0.567
0.568
0.563
0.571
0.564
0.565
0.559
0.552
0.574
0.574
0.567
0.578
0.576
0.577
0.567
0.577
0.571
0.571
0.568
0.574
0.572
0.565
0.57
0.563
0.565
0.557
0.563
0.556
0.544
0.551
0.556
0.545
0.539
0.549
0.554
0.544
0.556
0.552
0.542
0.552
0.555
0.548
0.557
0.563
0.56
0.559
0.561
0.559
0.556
0.559
0.562
0.559
0.555
0.56
0.558
0.554
0.562
0.562
0.551
0.558
0.555
0.554
0.543
0.55
0.548
0.537
0.548
0.546
0.554
0.553
0.543
0.55
0.551
0.547
0.549
0.546
0.547
0.546
0.552
0.552
0.547
0.546
0.556
0.563
0.561
0.562
0.561
0.559
0.563
0.558
0.561
0.557
0.553
0.554
0.552
0.558
0.556
0.561
0.561
0.553
0.556
0.563
0.556
0.553
0.557
0.556
0.554
0.554
0.558
0.556
0.552
0.559
0.557
0.555
0.555
0.557
0.555
0.552
0.558
0.555
0.556
0.56
0.557
0.552
0.559
0.554
0.552
0.551
0.555
0.55
0.543
0.551
0.546
0.54
0.546
0.551
0.549
0.546
0.546
0.548
0.537
0.547
0.542
0.531
0.539
0.546
0.541
0.539
0.545
0.549
0.542
0.554
0.549
0.545
0.553
0.548
0.541
0.543
0.548
0.548
0.55
0.548
0.56
0.562
0.569
0.573
0.567
0.578
0.58
0.584
0.583
0.588
0.585
0.576
0.587
0.577
0.571
0.583
0.584
0.578
0.578
0.579
0.577
0.568
0.571
0.57
0.556
0.563
0.569
0.564
0.573
0.581
0.591
0.593
0.619
0.632
0.646
0.636
0.633
0.639
0.644
0.655
0.652
0.646
0.643
0.656
0.661
