0.494
0.485
0.479
0.485
0.482
0.475
0.47
0.478
0.467
0.465
0.461
0.462
0.472
0.464
0.469
0.464
0.466
0.459
0.462
0.456
0.454
0.462
0.46
0.455
0.457
0.453
0.451
0.454
0.454
0.448
0.445
0.445
0.446
0.457
0.448
0.441
0.445
0.455
0.448
0.45
0.444
0.451
0.444
0.447
0.437
0.435
0.434
0.438
0.431
0.432
0.43
0.438
0.44
0.437
0.438
0.433
0.432
0.43
0.43
0.431
0.426
0.434
0.425
0.418
0.422
0.417
0.425
0.418
0.422
0.416
0.417
0.412
0.421
0.415
0.41
0.418
0.414
0.421
0.416
0.412
0.415
0.411
0.421
0.416
0.419
0.413
0.416
0.41
0.42
0.417
0.418
0.414
0.415
0.418
0.41
0.42
0.417
0.419
0.417
0.414
0.423
0.416
0.422
0.42
0.413
0.417
0.415
0.421
0.417
0.409
0.407
0.414
0.413
0.418
0.411
0.419
0.413
0.411
0.419
0.411
0.42
0.411
0.415
0.413
0.418
0.416
0.425
0.418
0.41
0.417
0.418
0.416
0.417
0.417
0.409
0.413
0.418
0.411
0.421
0.412
0.416
0.415
0.418
0.411
0.416
0.422
0.417
0.416
0.417
0.413
0.423
0.419
0.423
0.413
0.421
0.422
0.422
0.416
0.424
0.426
0.424
0.422
0.418
0.422
0.414
0.419
0.424
0.422
0.426
0.416
0.426
0.416
0.422
0.422
0.42
0.415
0.421
0.411
0.415
0.412
0.417
0.413
0.416
0.424
0.425
0.431
0.428
0.437
0.433
0.43
0.431
0.428
0.431
0.423
0.421
0.429
0.427
0.425
0.421
0.431
0.421
0.426
0.422
0.428
0.419
0.426
0.419
0.423
0.425
0.419
0.426
0.424
0.419
0.421
0.415
0.422
0.422
0.417
0.412
0.422
0.417
0.423
0.417
0.412
0.415
0.411
0.412
0.409
0.419
0.414
0.414
0.41
0.42
0.414
0.408
0.405
0.412
0.411
0.413
0.413
0.406
0.407
0.399
0.407
0.414
0.413
0.407
0.408
0.403
0.411
0.405
0.409
0.413
0.408
0.404
0.411
0.405
0.412
0.41
0.401
0.41
0.404
0.403
0.406
0.399
0.407
0.407
0.406
0.399
0.403
0.398
0.401
0.399
0.4
0.409
0.399
0.406
0.401
0.411
0.406
0.397
0.405
0.409
0.41
0.407
0.4
0.407
0.406
0.403
0.406
0.413
0.419
0.409
0.403
0.411
0.403
0.41
0.41
0.41
0.405
0.411
0.412
0.414
0.408
0.411
0.417
0.415
0.409
0.414
0.404
0.413
0.406
0.413
0.42
0.413
0.411
0.409
0.411
0.418
0.417
0.415
0.413
0.406
0.414
0.404
0.41
0.412
0.406
0.415
0.413
0.405
0.41
0.41
0.406
0.413
0.404
0.414
0.409
0.406
0.405
0.412
0.405
0.409
0.409
0.419
0.413
0.41
0.41
0.409
0.413
0.408
0.414
0.407
0.413
0.42
0.414
0.406
0.409
0.411
0.414
0.41
0.419
0.412
0.404
0.41
0.408
0.415
0.41
0.414
0.406
0.41
0.404
0.406
0.413
0.408
0.407
0.405
0.414
0.411
0.409
0.403
0.407
0.408
0.404
0.413
0.411
0.403
0.406
0.408
0.404
0.412
0.411
0.404
0.411
0.411
0.405
0.408
0.404
0.407
0.411
0.413
0.407
0.417
0.405
0.411
0.408
0.417
0.408
0.402
0.406
0.41
0.404
0.405
0.413
0.403
0.413
0.407
0.41
0.405
0.409
0.404
0.405
0.415
0.407
0.401
0.406
0.4
0.408
0.402
0.407
0.405
0.406
0.398
0.402
0.399
0.399
0.405
0.399
0.408
0.403
0.408
0.403
0.402
0.405
0.4
0.405
0.415
0.406
0.402
0.406
0.415
0.411
0.405
0.405
0.411
0.409
0.41
0.409
0.405
0.404
0.412
0.407
0.409
0.401
0.408
0.4
0.403
0.408
0.404
0.411
0.403
0.401
0.404
0.403
0.406
0.407
0.411
0.415
0.404
0.407
0.402
0.406
0.405
0.404
0.405
0.401
0.406
0.401
0.405
0.404
0.398
0.402
0.403
0.399
0.404
0.405
0.399
0.404
0.397
0.4
0.405
0.4
0.401
0.4
0.4
0.404
0.402
0.398
0.4
0.404
0.398
0.403
0.409
0.406
0.408
0.405
0.41
0.407
0.411
0.411
0.401
0.405
0.415
0.41
0.402
0.405
0.41
0.41
0.406
0.408
0.403
0.402
0.401
0.41
0.41
0.412
0.405
0.41
0.403
0.411
0.404
0.402
0.403
0.406
0.4
0.406
0.41
0.405
0.409
0.407
0.406
0.409
0.405
0.401
0.411
0.402
0.412
0.41
0.401
0.399
0.401
0.408
0.401
0.405
0.401
0.407
0.401
0.405
0.403
0.406
0.407
0.41
0.4
0.406
0.404
0.399
0.406
0.4
0.406
0.408
0.406
0.399
0.404
0.4
0.404
0.407
0.411
0.403
0.404
0.406
0.4
0.404
0.402
0.399
0.407
0.402
0.408
0.402
0.4
0.399
0.401
0.396
0.404
0.402
0.401
0.397
0.4
0.397
0.404
0.402
0.412
0.41
0.399
0.4
0.401
0.396
0.398
0.398
0.392
0.401
0.399
0.396
0.401
0.396
0.4
0.395
0.401
0.399
0.399
0.403
0.408
0.402
0.395
0.396
0.398
0.402
0.397
0.396
0.398
0.395
0.401
0.395
0.4
0.402
0.399
0.397
0.398
0.393
0.402
0.399
0.399
0.401
0.399
0.396
0.403
0.398
0.406
0.398
0.398
0.396
0.401
0.394
0.4
0.395
0.398
0.4
0.398
0.396
0.401
0.394
0.396
0.4
0.404
0.396
0.398
0.399
0.396
0.4
0.397
0.403
0.396
0.399
0.398
0.395
0.396
0.398
0.396
0.403
0.399
0.402
0.402
0.398
0.401
0.391
0.397
0.406
0.396
0.398
0.396
0.399
0.396
0.4
0.395
0.4
0.402
0.401
0.393
0.395
0.398
0.399
0.401
0.4
0.399
0.396
0.398
0.404
0.403
0.394
0.399
0.396
0.402
0.396
0.396
0.399
0.397
0.396
0.402
0.4
0.396
0.399
0.396
0.401
0.396
0.399
0.406
0.403
0.396
0.397
0.404
0.402
0.402
0.405
0.396
0.4
0.397
0.398
0.397
0.404
0.396
0.402
0.399
0.401
0.398
0.406
0.405
0.396
0.4
0.4
0.4
0.398
0.404
0.399
0.404
0.399
0.394
0.396
0.398
0.403
0.405
0.401
0.398
0.401
0.399
0.401
0.396
0.405
0.403
0.395
0.397
0.398
0.4
0.395
0.401
0.407
0.398
0.396
0.397
0.398
0.396
0.399
0.397
0.395
0.398
0.4
0.396
0.405
0.401
0.397
0.397
0.393
0.396
0.396
0.396
0.392
0.395
0.4
0.399
0.396
0.397
0.392
0.398
0.395
0.4
0.395
0.399
0.398
0.396
0.402
0.396
0.399
0.396
0.395
0.401
0.394
0.398
0.393
0.396
0.4
0.394
0.395
0.4
0.403
0.397
0.4
0.392
0.396
0.397
0.397
0.396
0.402
0.399
0.406
0.406
0.396
0.394
0.399
0.399
0.396
0.402
0.4
0.399
0.397
0.396
0.399
0.403
0.396
0.405
0.401
0.396
0.394
0.396
0.399
0.394
0.401
0.394
0.4
0.399
0.395
0.395
0.397
0.397
0.404
0.399
0.406
0.406
0.4
0.398
0.397
0.401
0.398
0.404
0.396
0.406
0.398
0.399
0.4
0.406
0.4
0.407
0.407
0.405
0.398
0.402
0.398
0.403
0.403
0.411
0.406
0.401
0.403
0.409
0.408
0.413
0.405
0.409
0.403
0.401
0.405
0.397
0.404
0.402
0.408
0.405
0.402
0.402
0.398
0.404
0.399
0.404
0.407
0.399
0.401
0.402
0.407
0.405
0.401
0.403
0.402
0.404
0.4
0.408
0.407
0.399
0.407
0.401
0.4
0.406
0.397
0.401
0.408
0.409
0.408
0.405
0.41
0.411
0.409
0.4
0.405
0.409
0.402
0.406
0.413
0.408
0.4
0.405
0.402
0.41
0.408
0.402
0.402
0.405
0.405
0.408
0.408
0.407
0.408
0.402
0.406
0.41
0.407
0.412
0.411
0.407
0.403
0.399
0.418
0.408
0.401
0.405
0.408
0.401
0.411
0.407
0.405
0.401
0.411
0.408
0.412
0.406
0.401
0.41
0.409
0.417
0.407
0.402
0.403
0.407
0.401
0.4
0.408
0.399
0.404
0.402
0.398
0.396
0.405
0.403
0.413
0.404
0.411
0.403
0.395
0.404
0.399
0.406
0.403
0.403
0.401
0.409
0.404
0.395
0.403
0.397
0.402
0.397
0.403
0.402
0.4
0.391
0.398
0.397
0.404
0.406
0.407
0.397
0.397
0.394
0.398
0.395
0.399
0.4
0.4
0.4
0.399
0.408
0.4
0.405
0.396
0.401
0.4
0.404
0.401
0.399
0.4
0.396
0.398
0.396
0.402
0.408
0.401
0.395
0.396
0.4
0.401
0.403
0.397
0.397
0.399
0.406
0.402
0.405
0.401
0.395
0.398
0.404
0.396
0.396
0.401
0.4
0.396
0.394
0.4
0.392
0.399
0.396
0.405
0.396
0.397
0.399
0.39
0.391
0.396
0.399
0.397
0.4
0.397
0.391
0.4
0.393
0.402
0.396
0.392
0.392
0.401
0.395
0.402
0.399
0.394
0.398
0.396
0.405
0.4
0.399
0.398
0.395
0.399
0.394
0.403
0.4
0.408
0.405
0.398
0.404
0.401
0.411
0.407
0.4
0.397
0.398
0.406
0.402
0.406
0.402
0.399
0.399
0.402
0.411
0.405
0.401
0.398
0.399
0.405
0.4
0.401
0.4
0.399
0.405
0.403
0.403
0.398
0.396
0.4
0.396
0.399
0.404
0.398
0.396
0.401
0.402
0.399
0.403
0.404
0.407
0.408
0.404
0.412
0.403
0.407
0.402
0.411
0.406
0.398
0.399
0.398
0.405
0.396
0.404
0.398
0.405
0.399
0.4
0.4
0.407
0.401
0.401
0.401
0.399
0.399
0.396
0.399
0.401
0.397
0.394
0.4
0.4
0.4
0.402
0.401
0.396
0.397
0.402
0.396
0.405
0.396
0.397
0.403
0.403
0.398
0.406
0.398
0.405
0.408
0.399
0.404
0.398
0.404
0.403
0.407
0.402
0.407
0.399
0.401
0.404
0.399
0.408
0.404
0.41
0.403
0.403
0.396
0.4
0.407
0.405
0.4
0.406
0.405
0.403
0.405
0.399
0.396
0.404
0.398
0.4
0.401
0.403
0.397
0.405
0.399
0.401
0.398
0.401
0.396
0.402
0.399
0.402
0.396
0.398
0.403
0.404
0.402
0.41
0.405
0.403
0.398
0.403
0.402
0.396
0.407
0.405
0.398
0.404
0.399
0.408
0.412
0.404
0.399
0.408
0.4
0.405
0.404
0.407
0.408
0.412
0.406
0.408
0.406
0.409
0.406
0.414
0.415
0.407
0.405
0.405
0.414
0.411
0.404
0.405
0.402
0.407
0.402
0.412
0.405
0.41
0.402
0.404
0.398
0.407
0.403
0.408
0.406
0.402
0.401
0.397
0.402
0.399
0.4
0.409
0.4
0.408
0.405
0.404
0.403
0.396
0.398
0.397
0.4
0.409
0.406
0.402
0.396
0.4
0.393
0.4
0.4
0.397
0.393
0.396
0.393
0.398
0.397
0.4
0.398
0.398
0.4
0.398
0.393
0.396
0.401
0.397
0.39
0.399
0.395
0.398
0.395
0.396
0.398
0.403
0.394
0.393
0.401
0.4
0.396
0.404
0.397
0.399
0.401
0.402
0.397
0.404
0.403
0.395
0.396
0.402
0.397
0.403
0.397
0.402
0.395
0.398
0.396
0.402
0.401
0.402
0.401
0.4
0.396
0.396
0.399
0.397
0.405
0.399
0.401
0.4
0.395
0.4
0.394
0.403
0.396
0.403
0.396
0.399
0.395
0.404
0.397
0.401
0.404
0.398
0.397
0.404
0.396
0.399
0.402
0.405
0.401
0.399
0.402
0.399
0.404
0.413
0.404
0.404
0.399
0.405
0.405
0.41
0.407
0.406
0.404
0.398
0.406
0.402
0.411
0.415
0.416
0.409
0.409
0.406
0.409
0.403
0.409
0.402
0.407
0.406
0.408
0.404
0.414
0.409
0.407
0.412
0.403
0.409
0.406
0.415
0.411
0.413
0.412
0.404
0.412
0.404
0.413
0.415
0.414
0.406
0.408
0.41
0.417
0.418
0.41
0.407
0.412
0.41
0.413
0.418
0.409
0.408
0.412
0.415
0.411
0.417
0.421
0.415
0.41
0.414
0.412
0.421
0.411
0.42
0.417
0.414
0.41
0.419
0.419
0.417
0.415
0.411
0.419
0.417
0.417
0.411
0.409
0.417
0.41
0.414
0.405
0.414
0.413
0.415
0.406
0.405
0.408
0.404
0.403
0.413
0.408
0.411
0.401
0.398
0.406
0.403
0.409
0.409
0.405
0.398
0.407
0.411
0.406
0.411
0.405
0.411
0.402
0.411
0.412
0.403
0.398
0.405
0.405
0.398
0.4
0.396
0.401
0.405
0.399
0.407
0.403
0.395
0.398
0.407
0.4
0.397
0.393
0.396
0.396
0.394
0.401
0.396
0.403
0.397
0.401
0.4
0.395
0.396
0.405
0.397
0.394
0.39
0.393
0.396
0.392
0.397
0.395
0.398
0.396
0.394
0.393
0.392
0.395
0.389
0.395
0.397
0.397
0.39
0.39
0.391
0.396
0.392
0.398
0.393
0.394
0.391
0.396
0.394
0.398
0.396
0.389
0.397
0.391
0.397
0.394
0.401
0.392
0.396
0.396
0.392
0.398
0.4
0.399
0.398
0.404
0.401
0.401
0.4
0.406
0.402
0.408
0.401
0.41
0.407
0.399
0.4
0.4
0.402
0.412
0.406
0.412
0.405
0.401
0.403
0.402
0.402
0.403
0.401
0.402
0.412
0.41
0.409
0.408
0.4
0.407
0.402
0.412
0.405
0.406
0.416
0.408
0.407
0.414
0.412
0.41
0.414
0.407
0.412
0.416
0.416
0.417
0.416
0.422
0.415
0.419
0.416
0.414
0.417
0.422
0.416
0.421
0.421
0.428
0.429
0.428
0.427
0.432
0.432
0.429
0.428
0.434
0.428
0.425
0.436
0.442
0.441
0.438
0.442
0.439
0.438
0.445
0.442
0.438
0.439
0.442
0.439
0.447
0.456
0.459
0.505
0.499
0.495
0.488
0.488
0.479
0.481
0.471
0.472
0.479
0.471
