0.584
0.576
0.577
0.568
0.554
0.553
0.541
0.535
0.548
0.537
0.531
0.541
0.534
0.537
0.527
0.529
0.525
0.53
0.525
0.513
0.518
0.508
0.52
0.508
0.501
0.489
0.489
0.479
0.479
0.49
0.479
0.49
0.48
0.471
0.472
0.464
0.466
0.461
0.468
0.457
0.459
0.454
0.459
0.466
0.455
0.453
0.455
0.46
0.451
0.452
0.46
0.451
0.448
0.447
0.447
0.44
0.443
0.438
0.443
0.451
0.44
0.448
0.445
0.442
0.446
0.443
0.449
0.442
0.447
0.439
0.444
0.454
0.449
0.46
0.449
0.443
0.45
0.44
0.448
0.442
0.441
0.436
0.434
0.441
0.436
0.446
0.448
0.438
0.438
0.435
0.437
0.446
0.45
0.44
0.439
0.437
0.445
0.446
0.438
0.447
0.444
0.444
0.434
0.44
0.445
0.434
0.44
0.437
0.432
0.442
0.431
0.438
0.443
0.437
0.442
0.437
0.433
0.43
0.429
0.437
0.439
0.431
0.428
0.43
0.425
0.429
0.439
0.43
0.43
0.425
0.43
0.432
0.43
0.429
0.438
0.439
0.432
0.429
0.428
0.43
0.438
0.429
0.438
0.437
0.437
0.432
0.425
0.424
0.427
0.428
0.42
0.418
0.424
0.415
0.42
0.42
0.422
0.427
0.418
0.412
0.413
0.417
0.416
0.422
0.412
0.419
0.413
0.414
0.418
0.428
0.43
0.429
0.433
0.429
0.421
0.425
0.42
0.426
0.428
0.43
0.44
0.425
0.433
0.437
0.438
0.432
0.434
0.431
0.433
0.424
0.425
0.429
0.435
0.427
0.432
0.438
0.423
0.428
0.428
0.421
0.416
0.416
0.409
0.418
0.413
0.418
0.423
0.411
0.41
0.413
0.42
0.42
0.41
0.417
0.407
0.413
0.407
0.406
0.411
0.407
0.41
0.401
0.408
0.407
0.406
0.405
0.403
0.393
0.407
0.416
0.414
0.407
0.406
0.401
0.406
0.406
0.401
0.41
0.406
0.405
0.399
0.406
0.412
0.402
0.408
0.407
0.401
0.402
0.403
0.412
0.41
0.406
0.414
0.409
0.405
0.407
0.402
0.409
0.404
0.406
0.408
0.41
0.407
0.408
0.407
0.41
0.41
0.418
0.413
0.419
0.425
0.414
0.413
0.416
0.42
0.419
0.428
0.423
0.425
0.433
0.422
0.416
0.418
0.422
0.425
0.419
0.422
0.432
0.424
0.418
0.425
0.42
0.424
0.416
0.428
0.419
0.421
0.428
0.42
0.419
0.417
0.425
0.432
0.423
0.426
0.422
0.423
0.42
0.429
0.42
0.418
0.414
0.422
0.418
0.424
0.422
0.415
0.419
0.413
0.416
0.42
0.412
0.422
0.417
0.416
0.424
0.421
0.423
0.419
0.426
0.425
0.419
0.422
0.428
0.41
0.417
0.415
0.409
0.414
0.407
0.415
0.408
0.406
0.412
0.402
0.399
0.406
0.403
0.401
0.409
0.406
0.403
0.395
0.397
0.4
0.4
0.399
0.405
0.397
0.397
0.396
0.403
0.396
0.396
0.394
0.403
0.407
0.404
0.396
0.402
0.393
0.406
0.399
0.398
0.398
0.407
0.405
0.401
0.399
0.395
0.402
0.409
0.404
0.404
0.398
0.403
0.398
0.399
0.407
0.408
0.403
0.397
0.405
0.398
0.404
0.403
0.399
0.407
0.399
0.404
0.409
0.406
0.4
0.406
0.401
0.409
0.405
0.404
0.411
0.411
0.417
0.426
0.418
0.411
0.421
0.419
0.409
0.408
0.414
0.405
0.409
0.41
0.403
0.409
0.403
0.414
0.405
0.412
0.41
0.404
0.398
0.396
0.396
0.398
0.407
0.393
0.387
0.389
0.394
0.388
0.397
0.389
0.388
0.391
0.384
0.393
0.387
0.386
0.386
0.389
0.392
0.392
0.385
0.386
0.393
0.394
0.386
0.381
0.38
0.384
0.382
0.39
0.381
0.387
0.38
0.373
0.378
0.384
0.383
0.379
0.375
0.384
0.379
0.375
0.376
0.375
0.382
0.38
0.379
0.377
0.371
0.379
0.381
0.377
0.37
0.368
0.375
0.374
0.371
0.377
0.371
0.376
0.371
0.375
0.369
0.369
0.371
0.379
0.374
0.377
0.374
0.38
0.38
0.376
0.371
0.371
0.38
0.377
0.374
0.373
0.382
0.375
0.377
0.374
0.369
0.374
0.372
0.377
0.373
0.372
0.376
0.368
0.376
0.377
0.374
0.371
0.37
0.375
0.369
0.374
0.374
0.373
0.374
0.37
0.368
0.37
0.376
0.369
0.378
0.373
0.37
0.377
0.369
0.368
0.375
0.374
0.372
0.369
0.374
0.371
0.372
0.37
0.375
0.373
0.366
0.367
0.36
0.363
0.37
0.371
0.372
0.369
0.365
0.363
0.369
0.365
0.362
0.366
0.372
0.378
0.377
0.367
0.374
0.365
0.367
0.371
0.364
0.366
0.363
0.371
0.373
0.37
0.378
0.368
0.361
0.37
0.366
0.373
0.364
0.364
0.366
0.364
0.373
0.364
0.359
0.357
0.36
0.357
0.353
0.356
0.36
0.362
0.366
0.357
0.361
0.357
0.362
0.368
0.357
0.351
0.355
0.361
0.354
0.356
0.361
0.362
0.357
0.36
0.355
0.359
0.365
0.358
0.356
0.361
0.353
0.359
0.356
0.36
0.354
0.356
0.351
0.354
0.357
0.35
0.357
0.354
0.349
0.351
0.346
0.352
0.347
0.352
0.356
0.354
0.356
0.358
0.365
0.356
0.36
0.354
0.349
0.354
0.352
0.357
0.354
0.359
0.354
0.362
0.354
0.362
0.357
0.363
0.359
0.367
0.362
0.362
0.368
0.363
0.359
0.358
0.359
0.359
0.365
0.357
0.357
0.365
0.356
0.359
0.359
0.358
0.364
0.359
0.356
0.361
0.368
0.362
0.362
0.363
0.358
0.36
0.356
0.362
0.366
0.362
0.354
0.368
0.374
0.367
0.372
0.369
0.372
0.369
0.368
0.364
0.369
0.376
0.369
0.369
0.37
0.365
0.369
0.37
0.369
0.378
0.369
0.378
0.372
0.376
0.372
0.375
0.368
0.374
0.372
0.376
0.375
0.378
0.385
0.38
0.385
0.376
0.381
0.381
0.372
0.38
0.379
0.372
0.378
0.385
0.383
0.385
0.392
0.389
0.388
0.389
0.39
0.396
0.392
0.394
0.393
0.385
0.387
0.389
0.388
0.388
0.394
0.385
0.392
0.389
0.387
0.392
0.385
0.387
0.391
0.399
0.396
0.39
0.392
0.394
0.39
0.396
0.39
0.398
0.396
0.393
0.39
0.386
0.393
0.395
0.394
0.388
0.396
0.393
0.402
0.394
0.391
0.387
0.39
0.389
0.385
0.387
0.396
0.4
0.394
0.393
0.387
0.387
0.388
0.386
0.391
0.382
0.387
0.396
0.38
0.385
0.385
0.382
0.387
0.382
0.39
0.383
0.386
0.391
0.383
0.388
0.389
0.384
0.395
0.388
0.38
0.387
0.392
0.383
0.392
0.39
0.386
0.391
0.39
0.393
0.389
0.383
0.382
0.381
0.379
0.388
0.382
0.383
0.376
0.38
0.371
0.378
0.379
0.377
0.376
0.382
0.378
0.375
0.38
0.377
0.377
0.374
0.377
0.374
0.377
0.373
0.378
0.37
0.373
0.372
0.372
0.371
0.374
0.369
0.374
0.382
0.373
0.367
0.376
0.375
0.367
0.372
0.376
0.371
0.367
0.37
0.364
0.373
0.367
0.368
0.365
0.371
0.367
0.363
0.37
0.371
0.364
0.368
0.366
0.365
0.367
0.364
0.367
0.367
0.364
0.373
0.368
0.363
0.368
0.365
0.37
0.363
0.371
0.363
0.369
0.364
0.366
0.365
0.36
0.366
0.368
0.36
0.363
0.365
0.374
0.366
0.368
0.362
0.367
0.362
0.367
0.363
0.368
0.36
0.365
0.372
0.363
0.359
0.366
0.361
0.368
0.363
0.372
0.363
0.358
0.354
0.355
0.362
0.354
0.359
0.365
0.363
0.363
0.359
0.36
0.368
0.36
0.36
0.367
0.362
0.368
0.36
0.367
0.361
0.368
0.36
0.362
0.365
0.366
0.365
0.363
0.357
0.362
0.367
0.36
0.366
0.361
0.359
0.363
0.358
0.357
0.363
0.358
0.355
0.358
0.355
0.354
0.359
0.354
0.359
0.354
0.361
0.353
0.36
0.354
0.355
0.36
0.356
0.36
0.357
0.357
0.361
0.364
0.357
0.361
0.368
0.364
0.355
0.362
0.36
0.365
0.357
0.363
0.363
0.366
0.368
0.359
0.359
0.364
0.367
0.358
0.366
0.362
0.369
0.36
0.367
0.358
0.364
0.367
0.358
0.366
0.361
0.354
0.36
0.355
0.357
0.351
0.359
0.352
0.358
0.352
0.352
0.353
0.358
0.352
0.354
0.349
0.35
0.354
0.356
0.354
0.358
0.359
0.355
0.354
0.361
0.354
0.362
0.354
0.36
0.353
0.36
0.354
0.362
0.356
0.358
0.357
0.358
0.355
0.357
0.356
0.353
0.353
0.358
0.352
0.355
0.352
0.358
0.352
0.358
0.352
0.356
0.357
0.355
0.362
0.362
0.357
0.354
0.36
0.354
0.356
0.358
0.36
0.354
0.362
0.353
0.355
0.362
0.356
0.361
0.357
0.361
0.354
0.361
0.354
0.36
0.354
0.36
0.355
0.36
0.355
0.357
0.354
0.361
0.352
0.354
0.351
0.356
0.354
0.362
0.366
0.36
0.358
0.362
0.356
0.364
0.362
0.354
0.36
0.36
0.359
0.356
0.358
0.353
0.359
0.354
0.36
0.352
0.359
0.354
0.357
0.354
0.359
0.354
0.357
0.354
0.356
0.354
0.358
0.354
0.356
0.353
0.357
0.354
0.357
0.354
0.359
0.354
0.355
0.356
0.359
0.356
0.353
0.358
0.356
0.355
0.351
0.358
0.351
0.351
0.353
0.355
0.351
0.354
0.356
0.354
0.358
0.351
0.359
0.354
0.355
0.354
0.353
0.354
0.355
0.352
0.356
0.352
0.356
0.354
0.356
0.353
0.357
0.351
0.358
0.35
0.357
0.354
0.354
0.352
0.354
0.35
0.357
0.353
0.355
0.356
0.357
0.353
0.357
0.355
0.356
0.359
0.354
0.362
0.361
0.358
0.353
0.356
0.356
0.36
0.356
0.358
0.358
0.356
0.358
0.356
0.36
0.354
0.36
0.353
0.354
0.361
0.354
0.362
0.354
0.36
0.365
0.356
0.363
0.357
0.359
0.356
0.363
0.372
0.363
0.354
0.361
0.357
0.36
0.355
0.357
0.356
0.357
0.355
0.357
0.354
0.36
0.352
0.355
0.355
0.361
0.363
0.361
0.358
0.357
0.358
0.355
0.359
0.353
0.361
0.352
0.355
0.354
0.358
0.357
0.356
0.353
0.357
0.35
0.353
0.361
0.354
0.362
0.358
0.36
0.357
0.362
0.357
0.361
0.36
0.365
0.358
0.355
0.356
0.359
0.354
0.358
0.354
0.352
0.356
0.36
0.353
0.36
0.353
0.358
0.354
0.361
0.352
0.353
0.36
0.352
0.36
0.356
0.353
0.358
0.352
0.354
0.354
0.356
0.353
0.354
0.352
0.35
0.355
0.351
0.354
0.348
0.351
0.349
0.354
0.35
0.354
0.349
0.351
0.35
0.352
0.346
0.354
0.699
0.699
0.698
0.353
0.346
0.352
0.35
0.354
0.353
0.35
0.351
0.352
0.348
0.349
0.351
0.348
0.353
0.349
0.352
0.349
0.353
0.346
0.354
0.352
0.35
0.352
0.351
0.352
0.699
0.698
0.697
0.356
0.354
0.351
0.353
0.349
0.352
0.345
0.351
0.35
0.354
0.354
0.351
0.353
0.352
0.354
0.352
0.353
0.354
0.352
0.354
0.353
0.357
0.35
0.354
0.351
0.354
0.349
0.353
0.353
0.355
0.349
0.355
0.349
0.35
0.352
0.348
0.353
0.349
0.351
0.351
0.348
0.356
0.353
0.349
0.349
0.35
0.347
0.354
0.347
0.352
0.345
0.696
0.348
0.348
0.354
0.349
0.349
0.349
0.352
0.353
0.353
0.354
0.354
0.351
0.354
0.35
0.354
0.354
0.35
0.354
0.352
0.352
0.354
0.349
0.354
0.355
0.352
0.351
0.352
0.347
0.353
0.351
0.353
0.347
0.354
0.351
0.351
0.349
0.354
0.355
0.351
0.353
0.356
0.354
0.354
0.354
0.353
0.348
0.356
0.35
0.354
0.354
0.36
0.352
0.354
0.356
0.354
0.357
0.354
0.357
0.353
0.357
0.351
0.358
0.354
0.354
0.356
0.354
0.353
0.355
0.35
0.357
0.351
0.358
0.354
0.356
0.363
0.356
0.359
0.354
0.361
0.354
0.358
0.354
0.357
0.356
0.357
0.354
0.355
0.356
0.35
0.354
0.358
0.353
0.361
0.359
0.356
0.359
0.354
0.356
0.357
0.353
0.354
0.36
0.357
0.356
0.359
0.357
0.36
0.361
0.362
0.369
0.362
0.367
0.371
0.37
0.362
0.359
0.361
0.367
0.359
0.366
0.359
0.367
0.36
0.366
0.361
0.362
0.362
0.36
0.362
0.361
0.36
0.36
0.358
0.362
0.356
0.357
0.357
0.358
0.354
0.354
0.356
0.358
0.353
0.355
0.36
0.359
0.354
0.356
0.353
0.357
0.354
0.357
0.354
0.355
0.353
0.355
0.352
0.355
0.355
0.351
0.357
0.354
0.355
0.353
0.354
0.352
0.357
0.359
0.356
0.354
0.354
0.354
0.359
0.357
0.354
0.353
0.356
0.354
0.356
0.352
0.355
0.354
0.358
0.354
0.356
0.358
0.355
0.359
0.355
0.357
0.352
0.356
0.352
0.355
0.355
0.351
0.35
0.354
0.353
0.356
0.352
0.356
0.352
0.354
0.353
0.355
0.347
0.352
0.357
0.354
0.355
0.356
0.352
0.356
0.351
0.358
0.352
0.353
0.351
0.352
0.354
0.356
0.35
0.352
0.355
0.354
0.356
0.355
0.358
0.356
0.362
0.361
0.359
0.366
0.36
0.363
0.369
0.365
0.372
0.367
0.369
0.368
0.373
0.365
0.362
0.365
0.371
0.366
0.375
0.371
0.378
0.369
0.375
0.379
0.381
0.38
0.387
0.382
0.38
0.38
0.381
0.382
0.381
0.38
0.379
0.387
0.394
0.389
0.389
0.385
0.39
0.384
0.392
0.385
0.392
0.384
0.392
0.386
0.384
0.39
0.392
0.388
0.395
0.391
0.396
0.402
0.395
0.396
0.394
0.393
0.396
0.393
0.396
0.388
0.394
0.398
0.395
0.399
0.396
0.391
0.398
0.402
0.394
0.397
0.396
0.396
0.399
0.396
0.403
0.399
0.403
0.396
0.398
0.396
0.403
0.393
0.4
0.397
0.395
0.398
0.392
0.4
0.397
0.401
0.399
0.398
0.402
0.396
0.399
0.402
0.405
0.397
0.403
0.402
0.4
0.403
0.402
0.41
0.402
0.41
0.404
0.399
0.405
0.407
0.408
0.409
0.401
0.396
0.404
0.4
0.399
0.399
0.393
0.394
0.391
0.397
0.404
0.39
0.388
0.388
0.385
0.39
0.387
0.383
0.388
0.38
0.385
0.38
0.386
0.388
0.391
0.387
0.379
0.381
0.377
0.382
0.379
0.374
0.378
0.376
0.376
0.374
0.374
0.371
0.373
0.371
0.377
0.37
0.377
0.382
0.378
0.371
0.364
0.372
0.371
0.379
0.372
0.374
0.368
0.362
0.366
0.362
0.363
0.361
0.361
0.361
0.363
0.359
0.358
0.355
0.36
0.353
0.361
0.358
0.357
0.355
0.36
0.355
0.361
0.356
0.361
0.357
0.364
0.356
0.363
0.358
0.362
0.354
0.358
0.361
0.361
0.353
0.355
0.36
0.355
0.361
0.356
0.361
0.357
0.362
0.357
0.363
0.355
0.358
0.364
0.361
0.358
0.36
0.358
0.358
0.359
0.359
0.359
0.354
0.361
0.357
0.36
0.356
0.361
0.354
0.359
0.355
0.359
0.353
0.361
0.355
0.361
0.356
0.363
0.354
0.355
0.357
0.359
0.364
0.357
0.354
0.357
0.362
0.354
0.354
0.36
0.362
0.356
0.357
0.364
0.357
0.365
0.357
0.359
0.36
0.366
0.361
0.36
0.357
0.362
0.358
0.351
0.357
0.352
0.36
0.352
0.356
0.355
0.353
0.354
0.355
0.354
0.357
0.353
0.354
0.354
0.353
0.355
0.358
0.358
0.355
0.357
0.354
0.357
0.358
0.358
0.359
0.357
0.36
0.354
0.361
0.358
0.36
0.357
0.362
0.356
0.361
0.364
0.356
0.362
0.356
0.354
0.354
0.359
0.357
0.358
0.354
0.36
0.354
0.362
0.366
0.358
0.359
0.355
0.361
0.354
0.361
0.356
0.359
0.354
0.36
0.356
0.362
0.354
0.362
0.354
0.357
0.349
0.353
0.36
0.355
0.355
0.361
0.357
0.358
0.358
0.36
0.358
0.362
0.357
0.365
0.36
0.355
0.361
0.357
0.362
0.356
0.361
0.358
0.361
0.356
0.363
0.354
0.361
0.363
0.36
0.362
0.356
0.355
0.363
0.356
0.354
0.362
0.354
0.355
0.362
0.354
0.362
0.355
0.356
0.361
0.364
0.359
0.362
0.357
0.362
0.359
0.365
0.358
0.361
0.361
0.363
0.362
0.357
0.364
0.357
0.361
0.354
0.357
0.36
0.36
0.357
0.361
0.356
0.356
0.357
0.354
0.355
0.353
0.359
0.356
0.348
0.349
0.356
0.353
0.353
0.355
0.354
0.353
0.352
0.356
0.348
0.355
0.35
0.354
0.351
0.357
0.349
0.352
0.352
0.351
0.351
0.347
0.351
0.355
0.347
0.354
0.354
0.351
0.354
0.348
0.355
0.353
0.355
0.347
0.35
0.351
0.352
0.355
0.35
0.358
0.354
0.356
0.357
0.349
0.357
0.354
0.354
0.355
0.358
0.356
0.356
0.355
0.355
0.357
0.354
0.356
0.353
0.358
0.359
0.357
0.354
0.358
0.353
0.359
0.356
0.356
0.354
0.355
0.354
0.356
0.35
0.355
0.352
0.354
0.356
0.353
0.357
0.352
0.355
0.354
0.354
0.35
0.356
0.353
0.353
0.352
0.353
0.35
0.354
0.349
0.356
0.349
0.354
0.351
0.356
0.354
0.35
0.354
0.354
0.354
0.35
0.356
0.35
0.357
0.349
0.354
0.352
0.354
0.354
0.354
0.354
0.352
0.356
0.352
0.355
0.354
0.354
0.352
0.359
0.351
0.354
0.353
0.357
0.355
0.352
0.354
0.353
0.357
0.353
0.356
0.354
0.354
0.352
0.354
0.349
0.355
0.353
0.352
0.351
0.357
0.355
0.357
0.358
0.357
0.355
0.357
0.359
0.356
0.357
0.357
0.359
0.355
0.362
0.354
0.358
0.363
0.364
0.362
0.361
0.363
0.367
0.373
0.373
0.368
0.375
0.375
0.371
0.375
0.376
0.376
0.383
0.378
0.382
0.379
0.388
0.381
0.385
0.377
0.377
0.377
0.382
0.373
0.38
0.387
0.389
0.392
0.383
0.386
0.38
0.384
0.383
0.382
0.382
0.382
0.38
0.387
0.382
0.387
0.387
0.383
0.392
0.387
0.386
0.386
0.386
0.392
0.387
0.389
0.386
0.384
0.387
0.382
0.389
0.38
0.384
0.385
0.386
0.386
0.39
0.387
0.388
0.39
0.388
0.395
0.388
0.393
0.389
0.399
0.39
0.397
0.403
0.402
0.408
0.402
0.396
0.398
0.398
0.403
0.396
0.396
0.396
0.396
0.393
0.4
0.403
0.397
0.391
0.4
0.397
0.394
0.393
0.393
0.393
0.393
0.4
0.396
0.39
0.395
0.389
0.392
0.394
0.395
0.39
0.395
0.402
0.394
0.394
0.394
0.402
0.396
0.396
0.39
0.398
0.39
0.389
0.391
0.396
0.394
0.39
0.393
0.39
0.395
0.386
0.393
0.402
0.396
0.388
0.394
0.4
0.397
0.392
0.396
0.393
0.398
0.391
0.394
0.392
0.396
0.398
0.389
0.393
0.392
0.39
0.398
0.392
0.395
0.391
0.387
0.392
0.391
0.396
0.396
0.391
0.389
0.391
0.39
0.39
0.397
0.388
0.389
0.38
0.387
0.382
0.389
0.391
0.382
0.376
0.385
0.371
0.376
0.373
0.373
0.373
0.373
0.37
0.372
0.372
0.373
0.37
0.374
0.369
0.376
0.367
0.376
0.37
0.374
0.371
0.367
0.374
0.367
0.369
0.368
0.368
0.37
0.365
0.369
0.367
0.369
0.365
0.369
0.366
0.367
0.364
0.366
0.364
0.366
0.362
0.368
0.364
0.368
0.361
0.369
0.368
0.365
0.37
0.364
0.373
0.364
0.369
0.362
0.364
0.364
0.366
0.363
0.368
0.363
0.366
0.361
0.367
0.361
0.367
0.366
0.361
0.364
0.363
0.357
0.357
0.359
0.364
0.355
0.356
0.361
0.368
0.36
0.363
0.359
0.358
0.361
0.358
0.357
0.362
0.358
0.358
0.356
0.358
0.361
0.361
0.355
0.357
0.362
0.356
0.359
0.366
0.36
0.365
0.359
0.367
0.361
0.368
0.36
0.367
0.359
0.356
0.36
0.36
0.365
0.36
0.362
0.357
0.359
0.358
0.362
0.371
0.367
0.357
0.365
0.356
0.364
0.36
0.361
0.356
0.359
0.355
0.361
0.354
0.358
0.356
0.36
0.357
0.359
0.355
0.36
0.357
0.359
0.353
0.36
0.355
0.36
0.354
0.36
0.352
0.361
0.355
0.361
0.354
0.364
0.358
0.366
0.357
0.361
0.357
0.362
0.358
0.361
0.36
0.359
0.359
0.361
0.359
0.362
0.356
0.361
0.358
0.365
0.363
0.357
0.361
0.358
0.359
0.358
0.354
0.361
0.357
0.359
0.355
0.359
0.358
0.359
0.353
0.36
0.354
0.359
0.355
0.358
0.354
0.362
0.353
0.361
0.353
0.361
0.355
0.362
0.354
0.359
0.356
0.362
0.356
0.358
0.36
0.358
0.36
0.354
0.36
0.352
0.353
0.361
0.353
0.354
0.361
0.363
0.359
0.365
0.357
0.364
0.359
0.362
0.36
0.361
0.362
0.361
0.362
0.361
0.361
0.362
0.362
0.36
0.361
0.359
0.364
0.355
0.357
0.361
0.357
0.363
0.356
0.363
0.356
0.358
0.358
0.36
0.358
0.358
0.356
0.362
0.353
0.361
0.355
0.357
0.358
0.354
0.36
0.354
0.359
0.353
0.357
0.353
0.352
0.358
0.355
0.359
0.355
0.36
0.361
0.359
0.359
0.358
0.361
0.354
0.355
0.362
0.354
0.362
0.354
0.361
0.353
0.36
0.357
0.354
0.357
0.352
0.358
0.352
0.356
0.351
0.358
0.362
0.356
0.352
0.357
0.356
0.353
0.358
0.355
0.355
0.356
0.355
0.353
0.358
0.353
0.357
0.353
0.354
0.354
0.362
0.355
0.357
0.365
0.362
0.358
0.361
0.366
0.359
0.364
0.365
0.36
0.362
0.362
0.363
0.372
0.364
0.369
0.365
0.367
0.371
0.372
0.374
0.369
0.375
0.376
0.377
0.373
0.375
0.374
0.378
0.375
0.378
0.377
0.377
0.375
0.383
0.375
0.374
0.372
0.378
0.374
0.379
0.375
0.378
0.379
0.378
0.376
0.378
0.383
0.378
0.381
0.386
0.379
0.388
0.382
0.386
0.387
0.382
0.387
0.382
0.39
0.386
0.386
0.385
0.383
0.389
0.38
0.387
0.385
0.391
0.385
0.388
0.39
0.388
0.395
0.387
0.388
0.393
0.391
0.388
0.39
0.388
0.39
0.397
0.391
0.386
0.393
0.399
0.395
0.39
0.399
0.392
0.389
0.396
0.396
0.394
0.393
0.388
0.397
0.396
0.398
0.394
0.398
0.402
0.398
0.404
0.396
0.405
0.397
0.397
0.398
0.396
0.4
0.392
0.396
0.396
0.4
0.401
0.41
0.399
0.401
0.4
0.408
0.398
0.402
0.396
0.399
0.401
0.399
0.403
0.399
0.401
0.4
0.396
0.403
0.395
0.402
0.411
0.401
0.402
0.4
0.409
0.406
0.401
0.4
0.406
0.412
0.402
0.399
0.399
0.408
0.4
0.404
0.4
0.403
0.403
0.404
0.402
0.41
0.402
0.402
0.407
0.401
0.406
0.409
0.401
0.408
0.408
0.407
0.411
0.404
0.411
0.407
0.412
0.405
0.412
0.411
0.413
0.409
0.411
0.415
0.406
0.415
0.412
0.412
0.415
0.42
0.418
0.414
0.409
0.417
0.409
0.417
0.414
0.411
0.418
0.411
0.418
0.41
0.416
0.417
0.413
0.42
0.423
0.413
0.415
0.421
0.42
0.423
0.416
0.413
0.416
0.418
0.415
0.422
0.415
0.414
0.417
0.42
0.42
0.421
0.428
0.414
0.413
0.417
0.421
0.411
0.419
0.419
0.421
0.411
0.409
0.415
0.406
0.411
0.405
0.413
0.41
0.413
0.407
0.409
0.408
0.415
0.408
0.414
0.409
0.411
0.416
0.408
0.41
0.407
0.408
0.412
0.406
0.413
0.404
0.409
0.408
0.408
0.404
0.405
0.402
0.403
0.403
0.406
0.403
0.409
0.406
0.404
0.401
0.404
0.4
0.395
0.401
0.406
0.411
0.407
0.399
0.403
0.405
0.4
0.406
0.409
0.409
0.411
0.407
0.402
0.408
0.402
0.41
0.406
0.4
0.406
0.405
0.402
0.401
0.409
0.399
0.406
0.402
0.402
0.407
0.399
0.407
0.401
0.401
0.407
0.398
0.406
0.398
0.396
0.405
0.396
0.396
0.398
0.397
0.395
0.402
0.392
0.397
0.404
0.398
0.407
0.399
0.396
0.393
0.396
0.397
0.391
0.396
0.403
0.393
0.396
0.399
0.395
0.398
0.391
0.396
0.404
0.396
0.396
0.396
0.395
0.401
0.393
0.4
0.398
0.396
0.397
0.394
0.398
0.396
0.398
0.393
0.393
0.396
0.395
0.396
0.397
0.402
0.409
0.398
0.396
0.394
0.4
0.395
0.403
0.393
0.399
0.401
0.396
0.4
0.402
0.407
0.4
0.408
0.411
0.403
0.409
0.406
0.414
0.406
0.415
0.413
0.411
0.413
0.408
0.415
0.409
0.411
0.413
0.419
0.419
0.418
0.425
0.415
0.414
0.417
0.415
0.423
0.417
0.425
0.416
0.434
0.428
0.418
0.422
0.422
0.428
0.42
0.421
0.416
0.417
0.414
0.418
0.412
0.418
0.418
0.414
0.407
0.413
0.421
0.412
0.414
0.409
0.416
0.412
0.41
0.418
0.42
0.416
0.421
0.424
0.418
0.412
0.421
0.416
0.415
0.421
0.42
0.424
0.417
0.407
0.417
0.42
0.426
0.422
0.419
0.415
0.413
0.417
0.409
0.417
0.416
0.412
0.415
0.422
0.415
0.412
0.413
0.417
0.416
0.41
0.418
0.415
0.425
0.415
0.412
0.416
0.421
0.423
0.414
0.412
0.415
0.406
0.412
0.41
0.418
0.412
0.421
0.412
0.416
0.41
0.409
0.411
0.411
0.414
0.413
0.412
0.421
0.426
0.418
0.417
0.41
0.414
0.419
0.416
0.424
0.42
0.413
0.417
0.417
0.422
0.414
0.405
0.415
0.41
0.415
0.406
0.416
0.412
0.418
0.417
0.413
0.422
0.414
0.415
0.42
0.422
0.418
0.421
0.424
0.418
0.426
0.42
0.422
0.429
0.426
0.428
0.424
0.429
0.42
0.423
0.427
0.435
0.433
0.438
0.433
0.437
0.431
0.437
0.435
0.437
0.436
0.434
0.443
0.436
0.442
0.438
0.43
0.437
0.436
0.428
0.432
0.426
0.427
0.43
0.432
0.438
0.437
0.446
0.437
0.44
0.438
0.43
0.435
0.43
0.439
0.431
0.424
0.421
0.418
0.426
0.426
0.417
0.421
0.415
0.418
0.428
0.419
0.426
0.424
0.417
0.409
0.419
0.414
0.414
0.41
0.415
0.413
0.408
0.41
0.414
0.417
0.412
0.404
0.41
0.409
0.4
0.404
0.408
0.4
0.4
0.402
0.411
0.411
0.41
0.401
0.402
0.403
0.398
0.403
0.404
0.4
0.402
0.4
0.404
0.4
0.402
0.4
0.407
0.399
0.398
0.4
0.396
0.402
0.393
0.399
0.408
0.399
0.396
0.399
0.399
0.4
0.406
0.402
0.399
0.397
0.393
0.399
0.397
0.393
0.402
0.398
0.404
0.404
0.396
0.398
0.392
0.401
0.397
0.398
0.394
0.397
0.401
0.394
0.397
0.396
0.394
0.4
0.398
0.402
0.395
0.396
0.401
0.403
0.4
0.399
0.402
0.407
0.401
0.407
0.413
0.403
0.407
0.412
0.407
0.411
0.408
0.407
0.407
0.409
0.41
0.412
0.408
0.414
0.409
0.414
0.413
0.415
0.412
0.413
0.415
0.411
0.416
0.413
0.418
0.412
0.418
0.413
0.418
0.417
0.418
0.425
0.418
0.416
0.422
0.425
0.421
0.418
0.423
0.426
0.428
0.428
0.434
0.43
0.437
0.43
0.429
0.436
0.43
0.445
0.45
0.441
0.446
0.455
0.457
0.458
0.456
0.452
0.449
0.458
0.458
0.452
0.461
0.459
0.456
0.462
0.464
0.471
0.462
0.467
0.477
0.487
0.485
0.482
0.482
0.48
0.489
0.501
0.504
0.512
0.652
0.662
0.678
0.676
0.647
0.646
0.538
0.533
0.527
0.534
0.545
0.633
0.643
0.655
0.664
0.613
0.598
0.587
0.549
0.55
0.55
0.551
0.542
0.554
0.555
0.556
0.547
0.569
0.566
0.57
0.567
0.574
0.583
0.597
0.608
0.618
0.622
0.637
0.629
0.633
0.644
0.644
0.642
0.63
0.62
0.557
0.563
0.562
0.564
0.564
0.57
0.59
0.6
0.586
0.587
0.599
0.587
0.599
0.597
0.599
0.588
0.588
0.581
0.58
0.571
0.582
0.589
0.636
0.621
0.617
0.608
0.601
0.59
0.624
0.625
0.632
0.634
0.629
0.623
0.614
0.613
0.61
0.609
0.604
0.606
0.603
0.604
0.598
0.602
0.598
0.601
0.599
0.605
0.633
0.645
0.629
0.628
0.623
0.623
0.625
0.626
0.615
0.612
0.605
0.607
0.619
0.627
0.629
0.633
0.639
0.645
0.639
0.637
0.641
0.639
0.631
0.637
0.646
0.66
0.655
0.67
0.678
0.668
0.672
0.671
0.666
0.666
0.667
0.672
0.666
0.613
0.603
0.597
0.594
0.592
0.598
0.602
0.609
0.609
0.604
0.596
0.598
0.594
0.596
0.599
0.594
0.595
0.592
0.589
0.578
0.578
0.581
0.581
0.585
0.642
0.64
0.629
0.624
0.626
0.625
0.622
0.625
0.626
0.631
0.638
0.645
0.647
0.649
0.644
0.641
0.642
0.639
0.632
0.63
0.632
0.63
0.636
0.639
0.642
0.648
0.641
0.636
0.628
0.62
0.609
0.591
0.6
0.613
0.627
0.641
0.645
0.656
0.642
0.627
0.623
0.616
0.611
0.608
0.605
0.6
0.596
0.604
0.606
0.608
0.605
0.614
0.614
0.616
0.617
0.613
0.605
0.601
0.6
0.598
0.599
0.608
0.616
0.625
0.633
0.644
0.648
0.646
0.642
0.64
0.632
0.625
0.612
0.609
0.61
0.62
0.63
0.639
0.644
0.645
0.653
0.658
0.649
0.646
0.647
0.642
0.64
0.637
0.644
0.641
0.645
0.646
0.639
0.637
0.632
0.634
0.633
0.636
0.639
0.641
0.644
0.646
0.643
0.643
0.639
0.637
0.635
0.633
0.639
0.639
0.645
0.646
0.646
0.647
0.647
0.641
0.636
0.634
0.633
0.629
0.627
0.628
0.628
0.629
0.627
0.636
0.637
0.645
0.646
0.642
0.638
0.631
0.602
0.598
0.6
0.681
0.667
0.651
0.639
0.632
0.627
0.626
0.626
0.626
0.629
0.634
0.64
0.629
0.63
0.639
0.646
0.644
0.639
0.642
0.652
0.694
0.692
0.644
