0.602
0.589
0.603
0.6
0.601
0.596
0.587
0.591
0.597
0.587
0.594
0.593
0.587
0.578
0.576
0.588
0.563
0.557
0.518
0.51
0.522
0.501
0.503
0.505
0.497
0.485
0.491
0.493
0.476
0.468
0.464
0.466
0.462
0.455
0.45
0.44
0.45
0.445
0.447
0.454
0.462
0.446
0.444
0.454
0.454
0.449
0.447
0.454
0.448
0.441
0.452
0.446
0.439
0.438
0.446
0.453
0.443
0.439
0.449
0.451
0.45
0.444
0.442
0.441
0.438
0.441
0.442
0.436
0.44
0.439
0.439
0.442
0.439
0.429
0.425
0.428
0.437
0.438
0.435
0.435
0.438
0.436
0.44
0.434
0.439
0.439
0.433
0.434
0.426
0.434
0.441
0.436
0.442
0.444
0.443
0.443
0.437
0.459
0.338
0.436
0.444
0.443
0.437
0.44
0.435
0.438
0.43
0.347
0.346
0.341
0.348
0.352
0.447
0.44
0.438
0.437
0.438
0.437
0.438
0.437
0.428
0.438
0.442
0.435
0.437
0.441
0.428
0.421
0.423
0.421
0.421
0.416
0.415
0.421
0.422
0.42
0.413
0.42
0.43
0.42
0.427
0.427
0.434
0.433
0.438
0.446
0.44
0.426
0.427
0.418
0.427
0.425
0.423
0.431
0.425
0.421
0.426
0.418
0.413
0.422
0.414
0.42
0.424
0.415
0.429
0.439
0.432
0.431
0.434
0.438
0.429
0.432
0.426
0.425
0.416
0.425
0.418
0.421
0.427
0.43
0.426
0.418
0.418
0.428
0.42
0.43
0.428
0.418
0.417
0.423
0.429
0.438
0.419
0.413
0.422
0.423
0.415
0.41
0.418
0.409
0.418
0.428
0.426
0.418
0.414
0.417
0.417
0.425
0.419
0.411
0.411
0.418
0.419
0.426
0.416
0.413
0.411
0.417
0.424
0.433
0.436
0.429
0.433
0.437
0.428
0.436
0.44
0.425
0.428
0.426
0.428
0.433
0.429
0.423
0.425
0.423
0.424
0.415
0.434
0.425
0.419
0.41
0.419
0.421
0.415
0.416
0.412
0.417
0.412
0.424
0.429
0.419
0.411
0.426
0.424
0.43
0.43
0.424
0.43
0.424
0.422
0.437
0.428
0.427
0.436
0.433
0.426
0.419
0.429
0.432
0.429
0.42
0.423
0.427
0.418
0.423
0.425
0.424
0.425
0.419
0.427
0.427
0.421
0.423
0.421
0.429
0.43
0.42
0.427
0.421
0.422
0.428
0.422
0.419
0.42
0.433
0.429
0.422
0.422
0.421
0.421
0.426
0.428
0.422
0.442
0.447
0.438
0.434
0.427
0.437
0.431
0.438
0.439
0.443
0.433
0.436
0.425
0.428
0.433
0.428
0.424
0.432
0.424
0.426
0.427
0.425
0.417
0.43
0.428
0.422
0.424
0.428
0.419
0.424
0.429
0.43
0.436
0.426
0.423
0.424
0.429
0.425
0.438
0.433
0.427
0.421
0.434
0.426
0.429
0.423
0.432
0.431
0.426
0.428
0.418
0.438
0.429
0.43
0.429
0.423
0.433
0.425
0.426
0.417
0.42
0.422
0.431
0.422
0.423
0.418
0.422
0.427
0.428
0.423
0.426
0.434
0.44
0.437
0.427
0.428
0.438
0.439
0.439
0.43
0.435
0.431
0.437
0.431
0.434
0.438
0.429
0.446
0.45
0.44
0.435
0.438
0.439
0.43
0.438
0.438
0.43
0.431
0.427
0.429
0.438
0.446
0.428
0.43
0.436
0.438
0.442
0.432
0.425
0.428
0.433
0.44
0.441
0.434
0.427
0.431
0.421
0.42
0.433
0.426
0.427
0.422
0.425
0.422
0.423
0.432
0.438
0.428
0.429
0.426
0.421
0.424
0.427
0.426
0.435
0.445
0.43
0.43
0.435
0.426
0.427
0.427
0.432
0.423
0.438
0.438
0.443
0.45
0.43
0.449
0.439
0.436
0.438
0.446
0.452
0.432
0.434
0.436
0.438
0.43
0.431
0.423
0.427
0.422
0.419
0.426
0.433
0.425
0.423
0.416
0.424
0.42
0.416
0.424
0.424
0.416
0.423
0.43
0.431
0.429
0.43
0.42
0.421
0.415
0.419
0.422
0.419
0.425
0.43
0.423
0.416
0.413
0.418
0.42
0.416
0.408
0.429
0.421
0.421
0.414
0.424
0.416
0.417
0.409
0.423
0.416
0.413
0.413
0.419
0.422
0.418
0.408
0.414
0.421
0.431
0.423
0.414
0.415
0.421
0.419
0.414
0.416
0.421
0.424
0.42
0.413
0.413
0.414
0.409
0.409
0.413
0.408
0.408
0.416
0.422
0.41
0.409
0.41
0.405
0.409
0.413
0.41
0.413
0.406
0.413
0.412
0.409
0.405
0.41
0.405
0.415
0.411
0.404
0.406
0.412
0.402
0.405
0.407
0.4
0.407
0.416
0.41
0.41
0.407
0.406
0.4
0.406
0.403
0.402
0.407
0.398
0.407
0.41
0.403
0.413
0.404
0.411
0.416
0.408
0.418
0.418
0.413
0.407
0.416
0.413
0.421
0.418
0.423
0.414
0.416
0.411
0.418
0.426
0.427
0.422
0.42
0.414
0.42
0.428
0.428
0.425
0.435
0.428
0.423
0.429
0.439
0.436
0.427
0.443
0.433
0.44
0.446
0.438
0.445
0.438
0.448
0.448
0.439
0.43
0.436
0.433
0.431
0.438
0.446
0.435
0.43
0.431
0.436
0.444
0.437
0.433
0.426
0.435
0.438
0.444
0.446
0.435
0.438
0.446
0.444
0.44
0.448
0.437
0.44
0.43
0.434
0.429
0.43
0.439
0.429
0.438
0.436
0.438
0.447
0.437
0.445
0.445
0.438
0.444
0.451
0.446
0.447
0.437
0.458
0.459
0.446
0.449
0.445
0.434
0.439
0.448
0.454
0.433
0.434
0.443
0.438
0.436
0.437
0.441
0.433
0.443
0.448
0.438
0.448
0.437
0.438
0.448
0.448
0.444
0.455
0.446
0.451
0.46
0.444
0.451
0.462
0.448
0.437
0.438
0.447
0.451
0.44
0.434
0.437
0.44
0.432
0.438
0.438
0.441
0.446
0.439
0.436
0.431
0.435
0.429
0.422
0.425
0.427
0.417
0.423
0.427
0.426
0.417
0.423
0.423
0.424
0.414
0.426
0.423
0.42
0.424
0.424
0.424
0.426
0.426
0.427
0.431
0.435
0.438
0.436
0.426
0.429
0.431
0.422
0.427
0.435
0.43
0.425
0.424
0.43
0.421
0.422
0.427
0.418
0.426
0.434
0.424
0.419
0.422
0.428
0.418
0.417
0.425
0.423
0.427
0.417
0.422
0.431
0.423
0.438
0.431
0.429
0.42
0.428
0.419
0.427
0.436
0.438
0.428
0.429
0.431
0.425
0.431
0.434
0.437
0.434
0.425
0.439
0.434
0.441
0.438
0.435
0.431
0.429
0.438
0.441
0.438
0.433
0.425
0.434
0.444
0.442
0.437
0.44
0.436
0.436
0.44
0.433
0.441
0.436
0.426
0.428
0.423
0.431
0.43
0.425
0.433
0.436
0.429
0.421
0.425
0.43
0.421
0.422
0.419
0.421
0.423
0.425
0.434
0.433
0.429
0.423
0.427
0.427
0.428
0.435
0.436
0.426
0.426
0.42
0.425
0.416
0.421
0.425
0.417
0.427
0.421
0.419
0.423
0.428
0.429
0.42
0.424
0.432
0.412
0.432
0.422
0.43
0.431
0.422
0.424
0.432
0.428
0.423
0.429
0.429
0.436
0.426
0.425
0.417
0.423
0.418
0.425
0.429
0.424
0.425
0.418
0.425
0.429
0.423
0.43
0.422
0.42
0.43
0.419
0.416
0.419
0.428
0.428
0.427
0.434
0.424
0.424
0.422
0.421
0.43
0.429
0.436
0.428
0.419
0.424
0.43
0.438
0.43
0.439
0.429
0.435
0.431
0.437
0.435
0.429
0.435
0.434
0.437
0.434
0.44
0.435
0.439
0.449
0.437
0.438
0.436
0.437
0.444
0.448
0.443
0.44
0.449
0.451
0.454
0.444
0.426
0.424
0.433
0.435
0.43
0.424
0.435
0.428
0.438
0.432
0.426
0.434
0.434
0.438
0.434
0.435
0.429
0.434
0.443
0.435
0.425
0.428
0.43
0.436
0.44
0.438
0.438
0.432
0.437
0.428
0.426
0.424
0.432
0.427
0.434
0.432
0.425
0.434
0.425
0.416
0.417
0.423
0.431
0.423
0.424
0.423
0.42
0.412
0.419
0.429
0.423
0.423
0.427
0.423
0.418
0.416
0.414
0.405
0.417
0.421
0.412
0.417
0.409
0.418
0.412
0.422
0.418
0.419
0.419
0.427
0.424
0.416
0.414
0.42
0.423
0.429
0.419
0.42
0.424
0.429
0.421
0.413
0.422
0.426
0.435
0.425
0.42
0.413
0.42
0.425
0.416
0.423
0.415
0.415
0.419
0.426
0.419
0.418
0.41
0.412
0.411
0.419
0.417
0.425
0.404
0.417
0.415
0.425
0.42
0.417
0.416
0.409
0.409
0.419
0.419
0.416
0.422
0.412
0.419
0.413
0.426
0.419
0.423
0.424
0.434
0.424
0.418
0.422
0.429
0.419
0.422
0.422
0.435
0.432
0.426
0.425
0.431
0.423
0.421
0.429
0.433
0.432
0.429
0.424
0.421
0.439
0.429
0.424
0.424
0.434
0.424
0.43
0.432
0.44
0.447
0.436
0.441
0.441
0.437
0.441
0.442
0.441
0.447
0.449
0.441
0.438
0.435
0.44
0.443
0.445
0.455
0.436
0.446
0.447
0.438
0.435
0.426
0.433
0.432
0.429
0.425
0.431
0.424
0.424
0.433
0.424
0.433
0.424
0.432
0.431
0.44
0.43
0.431
0.427
0.436
0.436
0.438
0.44
0.433
0.426
0.439
0.432
0.438
0.443
0.436
0.438
0.434
0.434
0.437
0.43
0.437
0.437
0.429
0.431
0.437
0.434
0.43
0.429
0.425
0.426
0.425
0.435
0.443
0.437
0.428
0.428
0.443
0.444
0.438
0.429
0.433
0.439
0.447
0.438
0.439
0.438
0.433
0.431
0.437
0.43
0.43
0.438
0.441
0.43
0.434
0.427
0.429
0.438
0.433
0.436
0.433
0.431
0.431
0.438
0.444
0.438
0.446
0.442
0.438
0.437
0.446
0.442
0.447
0.438
0.437
0.441
0.441
0.44
0.433
0.447
0.44
0.45
0.431
0.427
0.423
0.422
0.422
0.428
0.427
0.421
0.437
0.432
0.426
0.419
0.438
0.432
0.436
0.43
0.428
0.427
0.425
0.435
0.431
0.437
0.437
0.431
0.421
0.424
0.43
0.434
0.427
0.418
0.428
0.427
0.422
0.428
0.43
0.43
0.435
0.435
0.433
0.428
0.423
0.421
0.428
0.428
0.438
0.437
0.427
0.43
0.424
0.424
0.428
0.437
0.433
0.425
0.424
0.429
0.434
0.436
0.435
0.425
0.427
0.427
0.419
0.429
0.421
0.424
0.421
0.419
0.424
0.425
0.426
0.435
0.427
0.428
0.419
0.424
0.427
0.422
0.422
0.424
0.429
0.419
0.433
0.423
0.42
0.425
0.421
0.417
0.423
0.426
0.424
0.421
0.428
0.423
0.417
0.418
0.412
0.419
0.41
0.415
0.422
0.415
0.415
0.423
0.419
0.412
0.424
0.418
0.417
0.415
0.416
0.413
0.414
0.419
0.423
0.414
0.413
0.408
0.412
0.417
0.426
0.411
0.413
0.415
0.419
0.411
0.405
0.411
0.401
0.403
0.404
0.42
0.415
0.417
0.408
0.42
0.425
0.415
0.414
0.413
0.416
0.42
0.413
0.419
0.415
0.415
0.41
0.419
0.415
0.418
0.425
0.414
0.416
0.417
0.426
0.41
0.413
0.411
0.414
0.424
0.418
0.408
0.41
0.416
0.418
0.416
0.42
0.413
0.406
0.409
0.414
0.423
0.421
0.413
0.42
0.425
0.415
0.411
0.416
0.42
0.412
0.418
0.425
0.423
0.417
0.422
0.416
0.408
0.412
0.418
0.415
0.42
0.414
0.419
0.419
0.415
0.421
0.424
0.422
0.419
0.418
0.411
0.415
0.424
0.419
0.429
0.424
0.423
0.425
0.419
0.421
0.431
0.415
0.416
0.424
0.425
0.418
0.419
0.413
0.413
0.427
0.435
0.429
0.426
0.433
0.434
0.425
0.429
0.423
0.424
0.417
0.418
0.42
0.424
0.431
0.431
0.437
0.429
0.439
0.433
0.427
0.429
0.429
0.438
0.43
0.43
0.437
0.435
0.425
0.43
0.438
0.438
0.429
0.43
0.424
0.425
0.431
0.429
0.419
0.43
0.434
0.438
0.432
0.429
0.426
0.434
0.443
0.432
0.436
0.437
0.438
0.428
0.425
0.429
0.43
0.426
0.438
0.444
0.438
0.438
0.438
0.438
0.448
0.446
0.436
0.437
0.435
0.436
0.432
0.431
0.422
0.419
0.423
0.423
0.424
0.433
0.428
0.431
0.437
