0.686
0.646
0.63
0.624
0.612
0.621
0.602
0.596
0.589
0.58
0.575
0.577
0.572
0.565
0.567
0.559
0.555
0.545
0.542
0.543
0.548
0.529
0.519
0.522
0.525
0.514
0.521
0.513
0.505
0.505
0.508
0.498
0.499
0.503
0.5
0.499
0.494
0.497
0.494
0.488
0.493
0.49
0.494
0.489
0.484
0.479
0.489
0.477
0.483
0.477
0.472
0.478
0.481
0.475
0.483
0.472
0.48
0.477
0.472
0.479
0.477
0.47
0.472
0.47
0.477
0.467
0.471
0.481
0.472
0.48
0.468
0.472
0.463
0.474
0.477
0.469
0.464
0.47
0.467
0.465
0.475
0.484
0.474
0.463
0.466
0.468
0.462
0.466
0.475
0.469
0.475
0.47
0.461
0.46
0.467
0.46
0.456
0.462
0.456
0.451
0.454
0.46
0.47
0.474
0.472
0.465
0.457
0.453
0.451
0.443
0.447
0.457
0.447
0.444
0.45
0.444
0.452
0.446
0.443
0.442
0.441
0.445
0.451
0.457
0.448
0.448
0.453
0.447
0.449
0.453
0.445
0.447
0.453
0.449
0.444
0.438
0.437
0.439
0.438
0.44
0.431
0.439
0.446
0.447
0.444
0.452
0.441
0.437
0.435
0.437
0.442
0.45
0.442
0.453
0.461
0.449
0.451
0.452
0.444
0.447
0.441
0.439
0.443
0.448
0.454
0.455
0.457
0.466
0.469
0.46
0.459
0.461
0.458
0.466
0.466
0.472
0.466
0.456
0.455
0.455
0.451
0.455
0.451
0.46
0.451
0.457
0.469
0.463
0.471
0.475
0.468
0.476
0.467
0.471
0.46
0.456
0.454
0.45
0.452
0.453
0.458
0.458
0.455
0.46
0.459
0.452
0.453
0.453
0.46
0.458
0.459
0.465
0.484
0.475
0.479
0.474
0.468
0.467
0.476
0.473
0.478
0.472
0.482
0.479
0.481
0.475
0.469
0.473
0.479
0.47
0.474
0.464
0.47
0.474
0.469
0.472
0.461
0.463
0.467
0.478
0.468
0.473
0.479
0.474
0.465
0.473
0.453
0.453
0.456
0.452
0.447
0.452
0.448
0.459
0.462
0.454
0.451
0.461
0.449
0.441
0.448
0.458
0.458
0.449
0.457
0.448
0.446
0.45
0.44
0.444
0.439
0.441
0.442
0.446
0.447
0.44
0.431
0.437
0.436
0.443
0.45
0.443
0.44
0.435
0.438
0.448
0.451
0.446
0.435
0.438
0.44
0.447
0.453
0.449
0.457
0.451
0.461
0.468
0.46
0.46
0.458
0.458
0.457
0.457
0.458
0.468
0.457
0.47
0.46
0.47
0.471
0.466
0.468
0.467
0.458
0.465
0.463
0.469
0.47
0.454
0.446
0.449
0.454
0.455
0.461
0.459
0.464
0.464
0.461
0.454
0.452
0.448
0.446
0.451
0.434
0.441
0.438
0.43
0.431
0.428
0.432
0.433
0.435
0.443
0.447
0.438
0.429
0.434
0.432
0.437
0.438
0.432
0.438
0.439
0.445
0.448
0.443
0.438
0.439
0.448
0.438
0.433
0.441
0.445
0.435
0.441
0.44
0.431
0.428
0.43
0.431
0.426
0.426
0.428
0.429
0.437
0.428
0.424
0.42
0.422
0.425
0.423
0.419
0.423
0.42
0.419
0.421
0.424
0.432
0.436
0.432
0.422
0.422
0.428
0.426
0.421
0.431
0.428
0.427
0.431
0.424
0.43
0.43
0.424
0.429
0.438
0.436
0.426
0.426
0.431
0.424
0.421
0.426
0.426
0.417
0.422
0.428
0.424
0.429
0.426
0.423
0.428
0.431
0.426
0.429
0.426
0.424
0.43
0.434
0.438
0.429
0.438
0.429
0.431
0.435
0.427
0.434
0.438
0.429
0.428
0.435
0.425
0.432
0.423
0.433
0.429
0.432
0.426
0.434
0.431
0.437
0.429
0.436
0.433
0.431
0.437
0.435
0.431
0.434
0.435
0.433
0.439
0.433
0.428
0.433
0.431
0.432
0.435
0.438
0.433
0.438
0.439
0.433
0.44
0.444
0.433
0.427
0.432
0.433
0.44
0.44
0.436
0.431
0.435
0.441
0.439
0.435
0.433
0.426
0.43
0.43
0.436
0.426
0.437
0.439
0.448
0.446
0.438
0.441
0.438
0.435
0.44
0.446
0.438
0.439
0.448
0.438
0.43
0.438
0.436
0.439
0.437
0.43
0.438
0.442
0.452
0.433
0.437
0.446
0.436
0.434
0.428
0.434
0.43
0.439
0.443
0.437
0.447
0.445
0.438
0.445
0.441
0.433
0.429
0.433
0.434
0.433
0.431
0.438
0.433
0.427
0.437
0.435
0.432
0.431
0.424
0.429
0.438
0.444
0.437
0.428
0.437
0.437
0.443
0.434
0.426
0.432
0.436
0.43
0.432
0.433
0.432
0.442
0.444
0.44
0.445
0.435
0.442
0.449
0.438
0.436
0.428
0.439
0.446
0.44
0.432
0.436
0.439
0.437
0.43
0.423
0.428
0.43
0.43
0.429
0.438
0.438
0.441
0.431
0.425
0.428
0.43
0.433
0.441
0.436
0.432
0.426
0.434
0.425
0.428
0.424
0.422
0.431
0.429
0.435
0.425
0.433
0.442
0.433
0.437
0.435
0.425
0.419
0.427
0.428
0.432
0.438
0.432
0.438
0.439
0.431
0.427
0.429
0.43
0.431
0.438
0.434
0.43
0.429
0.434
0.438
0.444
0.432
0.433
0.423
0.426
0.431
0.427
0.437
0.435
0.445
0.43
0.428
0.438
0.441
0.434
0.429
0.423
0.432
0.429
0.424
0.428
0.43
0.437
0.44
0.434
0.43
0.426
0.427
0.429
0.427
0.431
0.428
0.43
0.429
0.429
0.432
0.434
0.432
0.431
0.43
0.434
0.428
0.428
0.431
0.435
0.43
0.424
0.43
0.429
0.429
0.438
0.44
0.441
0.431
0.428
0.438
0.444
0.435
0.433
0.426
0.434
0.43
0.424
0.433
0.429
0.427
0.434
0.432
0.423
0.43
0.428
0.43
0.436
0.426
0.432
0.435
0.432
0.429
0.436
0.429
0.43
0.431
0.438
0.432
0.435
0.435
0.443
0.449
0.451
0.443
0.433
0.438
0.439
0.44
0.44
0.449
0.438
0.446
0.446
0.445
0.444
0.453
0.457
0.446
0.446
0.449
0.454
0.462
0.453
0.46
0.447
0.448
0.457
0.463
0.45
0.448
0.447
0.446
0.444
0.447
0.448
0.437
0.45
0.457
0.455
0.446
0.438
0.445
0.44
0.447
0.441
0.439
0.443
0.439
0.44
0.442
0.446
0.445
0.445
0.44
0.454
0.441
0.451
0.453
0.445
0.44
0.442
0.437
0.44
0.438
0.438
0.436
0.438
0.438
0.446
0.455
0.44
0.436
0.444
0.446
0.452
0.443
0.433
0.445
0.446
0.442
0.442
0.453
0.442
0.446
0.437
0.44
0.454
0.439
0.438
0.439
0.438
0.443
0.453
0.449
0.441
0.438
0.436
0.439
0.437
0.437
0.434
0.44
0.447
0.449
0.45
0.446
0.449
0.442
0.438
0.445
0.438
0.435
0.438
0.439
0.442
0.434
0.434
0.437
0.441
0.443
0.423
0.433
0.438
0.442
0.431
0.44
0.438
0.44
0.43
0.423
0.431
0.432
0.432
0.438
0.441
0.426
0.434
0.428
0.424
0.433
0.423
0.423
0.434
0.428
0.426
0.432
0.422
0.427
0.43
0.439
0.442
0.443
0.452
0.447
0.447
0.438
0.436
0.442
0.434
0.442
0.437
0.438
0.439
0.449
0.439
0.439
0.441
0.443
0.434
0.431
0.444
0.448
0.458
0.456
0.452
0.441
0.449
0.452
0.443
0.438
0.443
0.439
0.446
0.439
0.434
0.437
0.443
0.454
0.448
0.437
0.436
0.438
0.434
0.437
0.44
0.436
0.437
0.437
0.436
0.441
0.436
0.431
0.438
0.433
0.428
0.428
0.433
0.435
0.425
0.435
0.438
0.435
0.438
0.442
0.448
0.438
0.436
0.429
0.433
0.432
0.435
0.427
0.431
0.435
0.428
0.433
0.442
0.435
0.431
0.437
0.439
0.438
0.431
0.438
0.435
0.444
0.438
0.439
0.439
0.448
0.452
0.436
0.436
0.443
0.436
0.446
0.453
0.453
0.438
0.438
0.441
0.444
0.447
0.456
0.448
0.444
0.438
0.429
0.434
0.426
0.434
0.441
0.435
0.431
0.43
0.438
0.44
0.44
0.43
0.428
0.438
0.428
0.425
0.426
0.433
0.425
0.419
0.43
0.43
0.435
0.425
0.426
0.43
0.426
0.436
0.426
0.434
0.428
0.422
0.428
0.428
0.423
0.433
0.426
0.424
0.433
0.426
0.433
0.433
0.432
0.438
0.428
0.431
0.424
0.429
0.43
0.425
0.434
0.43
0.438
0.441
0.447
0.438
0.434
0.432
0.428
0.428
0.428
0.436
0.44
0.433
0.436
0.428
0.432
0.432
0.432
0.442
0.435
0.431
0.423
0.429
0.429
0.438
0.443
0.453
0.437
0.442
0.449
0.426
0.428
0.431
0.437
0.445
0.438
0.438
0.424
0.419
0.427
0.425
0.435
0.434
0.425
0.421
0.426
0.428
0.419
0.422
0.421
0.426
0.43
0.434
0.424
0.432
0.431
0.423
0.427
0.419
0.417
0.421
0.421
0.421
0.426
0.417
0.423
0.418
0.424
0.428
0.418
0.42
0.418
0.42
0.421
0.429
0.432
0.423
0.416
0.423
0.43
0.429
0.438
0.43
0.44
0.436
0.428
0.438
0.432
0.43
0.431
0.426
0.43
0.433
0.432
0.429
0.429
0.427
0.423
0.43
0.438
0.44
0.431
0.441
0.422
0.432
0.427
0.425
0.419
0.425
0.418
0.42
0.421
0.419
0.429
0.426
0.429
0.426
0.431
0.432
0.425
0.425
0.419
0.434
0.425
0.426
0.418
0.428
0.423
0.438
0.43
0.429
0.438
0.433
0.43
0.427
0.438
0.429
0.426
0.434
0.433
0.429
0.439
0.438
0.43
0.431
0.421
0.431
0.431
0.44
0.435
0.432
0.431
0.43
0.439
0.437
0.43
0.423
0.428
0.433
0.438
0.439
0.431
0.428
0.435
0.434
0.433
0.423
0.431
0.435
0.439
0.423
0.426
0.425
0.432
0.438
0.43
0.425
0.419
0.424
0.423
0.421
0.419
0.427
0.419
0.421
0.42
0.427
0.434
0.424
0.427
0.421
0.419
0.422
0.429
0.421
0.426
0.416
0.418
0.426
0.42
0.419
0.426
0.424
0.422
0.415
0.425
0.424
0.427
0.421
0.421
0.423
0.43
0.425
0.427
0.42
0.428
0.429
0.424
0.432
0.433
0.428
0.431
0.422
0.433
0.441
0.435
0.429
0.432
0.429
0.428
0.437
0.437
0.428
0.426
0.424
0.432
0.433
0.435
0.429
0.432
0.437
0.428
0.42
0.422
0.424
0.42
0.421
0.425
0.418
0.418
0.427
0.426
0.422
0.43
0.435
0.432
0.424
0.424
0.432
0.434
0.435
0.43
0.436
0.43
0.427
0.422
0.428
0.438
0.431
0.427
0.437
0.431
0.421
0.421
0.43
0.435
0.428
0.418
0.426
0.42
0.432
0.423
0.42
0.419
0.414
0.423
0.419
0.415
0.415
0.416
0.417
0.408
0.414
0.417
0.412
0.421
0.425
0.419
0.416
0.415
0.418
0.408
0.414
0.414
0.411
0.417
0.421
0.42
0.417
0.416
0.419
0.424
0.406
0.414
0.408
0.405
0.412
0.415
0.422
0.417
0.422
0.412
0.407
0.409
0.413
0.417
0.412
0.415
0.407
0.417
0.412
0.413
0.412
0.413
0.409
0.411
0.406
0.408
0.415
0.406
0.414
0.404
0.413
0.41
0.401
0.42
0.416
0.426
0.412
0.416
0.417
0.416
0.412
0.42
0.426
0.417
0.415
0.419
0.417
0.417
0.427
0.427
0.418
0.417
0.42
0.43
0.422
0.416
0.424
0.431
0.426
0.418
0.416
0.423
0.422
0.418
0.425
0.415
0.423
0.43
0.431
0.429
0.421
0.423
0.429
0.422
0.415
0.421
0.422
0.416
0.423
0.428
0.435
0.422
0.429
0.432
0.424
0.422
0.418
0.421
0.425
0.422
0.42
0.422
0.428
0.418
0.426
0.417
0.431
0.422
0.426
0.418
0.426
0.423
0.423
0.43
0.42
0.424
0.428
0.425
0.427
0.428
0.435
0.432
0.43
0.424
0.428
0.426
0.431
0.424
0.429
0.429
0.432
0.425
0.435
0.433
0.437
0.43
0.437
0.442
0.434
0.441
0.445
0.437
0.429
0.434
0.432
0.442
0.448
0.441
0.437
0.429
0.442
0.441
0.451
0.443
0.436
0.433
0.434
0.435
0.426
0.437
0.431
0.43
0.43
0.428
0.435
0.429
0.433
0.428
0.431
0.431
0.435
0.445
0.435
0.428
0.424
0.431
0.438
0.431
0.436
0.44
0.435
0.432
0.436
0.431
0.437
0.441
0.439
0.438
0.438
0.431
0.429
0.43
0.425
0.429
0.432
0.422
0.432
0.426
0.426
0.429
0.433
0.427
0.431
0.421
0.43
0.425
0.432
0.438
0.446
0.438
0.443
0.432
0.433
0.434
0.425
0.442
0.438
0.431
0.438
0.431
0.431
0.438
0.444
0.44
0.436
0.428
0.427
0.421
0.431
0.423
0.432
0.436
0.426
0.418
0.426
0.419
0.42
0.419
0.426
0.42
0.425
0.431
0.429
0.425
0.427
0.424
0.418
0.415
0.425
0.418
0.416
0.42
0.414
0.424
0.417
0.42
0.414
0.417
0.422
0.412
0.415
0.417
0.423
0.419
0.421
0.416
0.424
0.426
0.432
0.428
0.429
0.434
0.435
0.43
0.436
0.44
0.446
0.441
0.44
0.44
0.444
0.447
0.443
0.442
0.449
0.441
0.451
0.454
0.453
0.46
0.458
0.457
0.464
0.462
0.463
0.471
0.467
0.47
0.469
0.472
0.476
0.477
0.488
0.494
0.494
0.494
0.503
0.513
0.514
0.537
0.55
0.547
0.552
0.537
0.539
0.529
0.527
0.552
0.546
0.541
0.546
0.553
0.596
0.586
0.555
0.555
0.562
0.569
0.581
0.575
0.571
0.584
0.648
0.641
0.531
0.482
0.451
0.421
0.429
0.413
0.415
0.413
0.403
0.409
0.407
0.409
0.401
0.396
0.402
0.406
0.399
0.391
0.399
0.396
0.404
0.4
0.394
0.4
0.407
0.404
0.407
0.406
0.411
0.407
0.412
0.405
0.411
0.412
0.418
0.413
0.419
0.411
0.416
0.42
0.41
0.42
0.425
0.424
0.418
0.423
0.429
0.42
0.429
0.431
0.43
0.433
0.43
0.43
0.433
0.434
0.435
0.435
