0.698
0.694
0.697
0.698
0.687
0.687
0.686
0.697
0.682
0.681
0.698
0.699
0.685
0.69
0.692
0.692
0.681
0.689
0.693
0.68
0.69
0.692
0.688
0.677
0.675
0.674
0.675
0.673
0.674
0.682
0.693
0.684
0.688
0.68
0.674
0.671
0.669
0.668
0.659
0.671
0.659
0.648
0.656
0.659
0.651
0.648
0.64
0.626
0.634
0.647
0.66
0.663
0.652
0.659
0.663
0.662
0.664
0.672
0.662
0.658
0.67
0.678
0.664
0.663
0.655
0.656
0.657
0.659
0.65
0.646
0.646
0.642
0.646
0.647
0.649
0.634
0.649
0.651
0.663
0.651
0.659
0.664
0.65
0.645
0.676
0.674
0.681
0.674
0.677
0.667
0.669
0.674
0.672
0.671
0.679
0.681
0.675
0.687
0.688
0.691
0.678
0.678
0.667
0.659
0.655
0.655
0.653
0.643
0.654
0.66
0.661
0.661
0.65
0.666
0.672
0.661
0.658
0.652
0.655
0.653
0.65
0.647
0.651
0.652
0.641
0.647
0.643
0.628
0.634
0.639
0.633
0.619
0.626
0.62
0.616
0.611
0.614
0.621
0.63
0.632
0.632
0.63
0.633
0.632
0.634
0.636
0.632
0.629
0.632
0.628
0.63
0.62
0.626
0.625
0.622
0.647
0.633
0.645
0.641
0.626
0.631
0.628
0.627
0.615
0.621
0.62
0.618
0.621
0.628
0.633
0.635
0.629
0.627
0.636
0.646
0.65
0.653
0.639
0.647
0.644
0.63
0.629
0.613
0.609
0.602
0.643
0.655
0.66
0.648
0.651
0.643
0.635
0.622
0.634
0.625
0.621
0.612
0.625
0.629
0.622
0.627
0.64
0.644
0.638
0.643
0.637
0.622
0.632
0.629
0.62
0.614
0.629
0.637
0.636
0.642
0.646
0.646
0.646
0.65
0.657
0.651
0.639
0.636
0.65
0.653
0.647
0.659
0.646
0.641
0.644
0.64
0.644
0.641
0.626
0.637
0.636
0.629
0.618
0.633
0.637
0.632
0.624
0.633
0.637
0.635
0.631
0.634
0.632
0.633
0.628
0.625
0.619
0.621
0.618
0.618
0.612
0.625
0.615
0.63
0.622
0.61
0.619
0.608
0.606
0.61
0.608
0.612
0.612
0.618
0.629
0.627
0.634
0.635
0.631
0.631
0.63
0.63
0.62
0.622
0.626
0.616
0.614
0.624
0.623
0.616
0.618
0.626
0.626
0.62
0.611
0.62
0.613
0.607
0.607
0.609
0.611
0.607
0.617
0.619
0.616
0.618
0.629
0.627
0.618
0.624
0.616
0.609
0.598
0.61
0.614
0.607
0.619
0.611
0.637
0.625
0.629
0.627
0.616
0.614
0.616
0.613
0.62
0.618
0.624
0.634
0.639
0.637
0.638
0.643
0.628
0.642
0.647
0.656
0.648
0.658
0.661
0.645
0.648
0.642
0.628
0.636
0.646
0.649
0.656
0.645
0.635
0.627
0.623
0.617
0.623
0.615
0.626
0.624
0.619
0.62
0.614
0.608
0.61
0.605
0.599
0.602
0.598
0.593
0.586
0.59
0.594
0.598
0.606
0.614
0.624
0.63
0.625
0.616
0.62
0.62
0.624
0.631
0.624
0.628
0.633
0.632
0.634
0.632
0.625
0.617
0.614
0.615
0.611
0.607
0.61
0.605
0.611
0.605
0.598
0.604
0.608
0.596
0.596
0.594
0.601
0.593
0.59
0.589
0.587
0.585
0.573
0.577
0.576
0.578
0.583
0.58
0.593
0.603
0.604
0.611
0.604
0.605
0.598
0.607
0.594
0.585
0.597
0.601
0.611
0.613
0.603
0.616
0.604
0.597
0.605
0.6
0.59
0.604
0.6
0.6
0.595
0.597
0.605
0.597
0.587
0.6
0.594
0.58
0.585
0.591
0.588
0.58
0.587
0.591
0.6
0.605
0.593
0.592
0.603
0.6
0.592
0.594
0.604
0.6
0.592
0.585
0.602
0.59
0.581
0.579
0.591
0.581
0.576
0.583
0.586
0.577
0.576
0.584
0.582
0.578
0.589
0.584
0.598
0.596
0.595
0.595
0.595
0.599
0.588
0.601
0.597
0.598
0.597
0.587
0.585
0.587
0.586
0.589
0.588
0.593
0.586
0.591
0.593
0.59
0.583
0.593
0.589
0.587
0.582
0.59
0.589
0.581
0.593
0.594
0.59
0.582
0.594
0.586
0.575
0.587
0.588
0.578
0.59
0.584
0.574
0.575
0.57
0.582
0.576
0.575
0.568
0.57
0.556
0.565
0.568
0.573
0.567
0.565
0.585
0.582
0.593
0.591
0.583
0.593
0.592
0.583
0.587
0.594
0.585
0.583
0.57
0.559
0.564
0.576
0.568
0.582
0.58
0.578
0.583
0.577
0.567
0.563
0.555
0.565
0.565
0.577
0.564
0.577
0.581
0.577
0.587
0.581
0.579
0.579
0.579
0.581
0.579
0.581
0.577
0.568
0.574
0.575
0.579
0.565
0.564
0.564
0.575
0.589
0.581
0.591
0.592
0.583
0.577
0.57
0.59
0.588
0.581
0.571
0.563
0.572
0.567
0.561
0.569
0.566
0.555
0.561
0.567
0.559
0.563
0.553
0.544
0.531
0.543
0.549
0.547
0.551
0.555
0.561
0.551
0.564
0.565
0.561
0.574
0.563
0.552
0.549
0.548
0.558
0.56
0.568
0.559
0.574
0.568
0.576
0.577
0.584
0.574
0.58
0.579
0.584
0.585
0.583
0.574
0.589
0.575
0.586
0.562
0.554
0.553
0.562
0.558
0.554
0.567
0.564
0.56
0.58
0.569
0.572
0.562
0.554
0.561
0.557
0.554
0.553
0.562
0.565
0.579
0.567
0.581
0.602
0.593
0.589
0.601
0.597
0.603
0.595
0.607
0.593
0.582
0.585
0.576
0.562
0.549
0.557
0.549
0.537
0.544
0.538
0.526
0.534
0.525
0.521
0.521
0.517
0.518
0.519
0.512
0.511
0.517
0.512
0.506
0.51
0.508
0.504
0.511
0.505
0.502
0.502
0.507
0.498
0.494
0.503
0.495
0.491
0.494
0.498
0.489
0.487
0.49
0.482
0.479
0.483
0.479
0.477
0.48
0.474
0.473
0.478
0.467
0.476
0.475
0.464
0.472
0.47
0.463
0.455
0.462
0.462
0.459
0.457
0.457
0.462
0.456
0.453
0.463
0.458
0.451
0.457
0.463
0.456
0.448
0.458
0.457
0.458
0.465
0.467
0.474
0.467
0.467
0.472
0.479
0.473
0.472
0.472
0.466
0.476
0.468
0.465
0.474
0.466
0.459
0.458
0.468
0.458
0.462
0.464
0.464
0.455
0.462
0.456
0.447
0.453
0.461
0.452
0.459
0.457
0.453
0.46
0.454
0.46
0.455
0.464
0.459
0.464
0.467
0.461
0.471
0.462
0.47
0.467
0.475
0.478
0.479
0.473
0.464
0.473
0.471
0.463
0.47
0.463
0.461
0.469
0.46
0.46
0.457
0.463
0.458
0.467
0.456
0.453
0.464
0.463
0.455
0.461
0.454
0.446
0.455
0.452
0.444
0.451
0.44
0.445
0.438
0.446
0.451
0.446
0.451
0.449
0.456
0.455
0.463
0.465
0.47
0.468
0.468
0.469
0.464
0.472
0.468
0.467
0.467
0.467
0.465
0.457
0.455
0.466
0.457
0.454
0.462
0.454
0.459
0.455
0.457
0.455
0.454
0.452
0.451
0.451
0.447
0.442
0.448
0.44
0.447
0.45
0.445
0.439
0.441
0.438
0.442
0.434
0.436
0.444
0.442
0.442
0.434
0.445
0.447
0.442
0.447
0.442
0.448
0.443
0.443
0.445
0.45
0.452
0.45
0.454
0.455
0.462
0.455
0.459
0.468
0.457
0.451
0.459
0.449
0.455
0.453
0.447
0.454
0.448
0.455
0.45
0.444
0.454
0.447
0.442
0.453
0.449
0.448
0.44
0.441
0.449
0.448
0.438
0.438
0.434
0.44
0.431
0.44
0.431
0.437
0.438
0.436
0.442
0.445
0.447
0.445
0.452
0.452
0.454
0.462
0.463
0.466
0.468
0.462
0.468
0.467
0.463
0.468
0.459
0.46
0.458
0.462
0.455
0.459
0.46
0.454
0.451
0.461
0.456
0.446
0.455
0.455
0.448
0.444
0.448
0.441
0.446
0.457
0.453
0.446
0.45
0.45
0.443
0.446
0.445
0.452
0.442
0.444
0.436
0.438
0.432
0.437
0.438
0.44
0.439
0.435
0.445
0.442
0.436
0.446
0.443
0.439
0.444
0.445
0.451
0.45
0.457
0.456
0.466
0.46
0.468
0.464
0.458
0.465
0.461
0.456
0.464
0.456
0.459
0.459
0.459
0.457
0.447
0.448
0.458
0.452
0.449
0.449
0.455
0.448
0.449
0.451
0.446
0.454
0.447
0.445
0.453
0.45
0.443
0.446
0.444
0.443
0.449
0.445
0.439
0.447
0.442
0.44
0.446
0.441
0.443
0.439
0.443
0.438
0.435
0.436
0.443
0.437
0.433
0.438
0.433
0.441
0.434
0.437
0.438
0.44
0.437
0.442
0.439
0.441
0.445
0.443
0.447
0.442
0.453
0.449
0.445
0.452
0.449
0.454
0.451
0.45
0.455
0.452
0.456
0.452
0.462
0.452
0.451
0.454
0.458
0.452
0.454
0.455
0.449
0.444
0.451
0.447
0.439
0.439
0.438
0.447
0.44
0.445
0.442
0.439
0.434
0.437
0.438
0.437
0.435
0.433
0.434
0.43
0.436
0.431
0.426
0.432
0.426
0.431
0.423
0.431
0.429
0.427
0.429
0.434
0.433
0.428
0.434
0.424
0.429
0.431
0.43
0.423
0.43
0.428
0.425
0.426
0.429
0.423
0.423
0.42
0.43
0.424
0.422
0.427
0.422
0.422
0.418
0.427
0.42
0.413
0.421
0.421
0.429
0.423
0.423
0.424
0.424
0.431
0.429
0.423
0.428
0.438
0.432
0.433
0.433
0.44
0.433
0.435
0.444
0.435
0.437
0.441
0.434
0.442
0.436
0.44
0.436
0.444
0.441
0.438
0.443
0.442
0.438
0.435
0.441
0.436
0.438
0.429
0.428
0.43
0.436
0.43
0.42
0.421
0.428
0.431
0.422
0.422
0.428
0.42
0.419
0.421
0.428
0.427
0.427
0.435
0.427
0.435
0.43
0.438
0.433
0.44
0.435
0.433
0.439
0.445
0.445
0.442
0.445
0.451
0.442
0.45
0.446
0.439
0.445
0.444
0.454
0.447
0.438
0.443
0.439
0.448
0.452
0.444
0.451
0.451
0.446
0.44
0.444
0.448
0.454
0.451
0.447
0.443
0.433
0.438
0.447
0.451
0.44
0.449
0.452
0.442
0.46
0.455
0.454
0.453
0.456
0.455
0.453
0.446
0.452
0.444
0.448
0.444
0.445
0.44
0.449
0.441
0.446
0.439
0.444
0.441
0.433
0.434
0.436
0.442
0.441
0.435
0.437
0.429
0.438
0.435
0.432
0.423
0.415
0.418
0.419
0.42
0.416
0.422
0.425
0.421
0.432
0.434
0.44
0.44
0.433
0.445
0.458
0.462
0.469
0.469
0.473
0.479
0.479
0.479
0.489
0.482
0.487
0.493
0.489
0.484
0.486
0.489
0.484
0.489
0.486
0.488
0.486
0.485
0.492
0.485
0.494
0.496
0.498
0.499
0.502
0.501
0.494
0.499
0.495
0.506
0.51
0.506
0.521
0.525
0.526
0.522
0.524
0.518
0.522
0.52
0.517
0.517
0.522
0.517
0.519
0.527
0.521
0.53
0.533
0.529
0.535
0.532
0.538
0.53
0.529
0.537
0.527
0.539
0.533
0.535
0.539
0.536
0.534
0.537
0.534
0.534
0.532
0.53
0.53
0.528
0.527
0.532
0.525
0.528
0.533
0.527
0.533
0.529
0.536
0.539
0.54
0.547
0.548
0.56
0.564
0.565
0.552
0.552
0.553
0.542
0.551
0.545
0.543
0.539
0.53
0.537
0.537
0.538
0.543
0.538
0.532
0.545
0.534
0.525
0.532
0.525
0.535
0.525
0.522
0.523
0.521
0.529
0.529
0.525
0.527
0.53
0.529
0.527
0.532
0.528
0.535
0.532
0.531
0.537
0.531
0.535
0.535
0.541
0.538
0.538
0.536
0.535
0.537
0.536
0.534
0.538
0.532
0.538
0.538
0.532
0.535
0.542
0.538
0.543
0.541
0.543
0.539
0.54
0.541
0.539
0.527
0.536
0.536
0.534
0.533
0.532
0.536
0.53
0.539
0.537
0.532
0.539
0.541
0.539
0.54
0.543
0.538
0.537
0.535
0.531
0.539
0.534
0.529
0.534
0.528
0.532
0.526
0.527
0.537
0.53
0.53
0.541
0.533
0.535
0.543
0.53
0.532
0.537
0.529
0.529
0.534
0.528
0.527
0.529
0.524
0.532
0.532
0.525
0.544
0.536
0.545
0.542
0.536
0.543
0.537
0.532
0.534
0.532
0.526
0.533
0.534
0.532
0.531
0.536
0.532
0.534
0.534
0.532
0.526
0.539
0.533
0.53
0.532
0.536
0.526
0.536
0.535
0.533
0.539
0.534
0.537
0.543
0.532
0.537
0.532
0.532
0.535
0.535
0.529
0.533
0.536
0.534
0.536
0.53
0.533
0.534
0.527
0.53
0.534
0.523
0.532
0.525
0.537
0.529
0.528
0.525
0.523
0.526
0.526
0.52
0.525
0.522
0.518
0.52
0.521
0.518
0.521
0.518
0.515
0.513
0.511
0.513
0.508
0.508
0.51
0.512
0.511
0.513
0.509
0.509
0.508
0.505
0.504
0.506
0.5
0.494
0.497
0.493
0.496
0.486
0.484
0.489
0.484
0.48
0.482
0.476
0.48
0.48
0.476
0.475
0.476
0.472
0.47
0.473
0.471
0.468
0.471
0.467
0.46
0.466
0.465
0.466
0.465
0.465
0.459
0.466
0.463
0.457
0.465
0.459
0.451
0.456
0.45
0.459
0.454
0.453
0.454
0.45
0.448
0.451
0.446
0.449
0.445
0.449
0.445
0.44
0.438
0.445
0.439
0.439
0.432
0.438
0.432
0.442
0.438
0.444
0.443
0.438
0.438
0.445
0.445
0.445
0.448
0.442
0.45
0.445
0.451
0.446
0.44
0.447
0.44
0.446
0.438
0.444
0.445
0.444
0.441
0.448
0.446
0.44
0.446
0.446
0.439
0.446
0.444
0.442
0.44
0.438
0.444
0.439
0.439
0.438
0.44
0.433
0.441
0.437
0.43
0.44
0.436
0.431
0.428
0.436
0.431
0.421
0.431
0.421
0.423
0.429
0.425
0.42
0.426
0.425
0.42
0.429
0.422
0.418
0.419
0.429
0.422
0.421
0.423
0.422
0.421
0.427
0.424
0.416
0.426
0.426
0.429
0.426
0.426
0.43
0.427
0.432
0.433
0.432
0.425
0.434
0.433
0.436
0.437
0.434
0.432
0.439
0.438
0.431
0.435
0.436
0.433
0.441
0.438
0.428
0.435
0.434
0.438
0.429
0.433
0.425
0.428
0.435
0.435
0.431
0.43
0.433
0.43
0.422
0.428
0.418
0.427
0.427
0.424
0.43
0.424
0.414
0.42
0.421
0.418
0.424
0.421
0.421
0.418
0.416
0.416
0.422
0.413
0.416
0.416
0.425
0.419
0.415
0.416
0.425
0.426
0.424
0.423
0.427
0.423
0.43
0.429
0.429
0.426
0.436
0.429
0.426
0.435
0.433
0.43
0.429
0.429
0.424
0.425
0.427
0.424
0.419
0.428
0.423
0.413
0.414
0.419
0.415
0.407
0.416
0.41
0.405
0.409
0.408
0.406
0.406
0.408
0.406
0.412
0.407
0.42
0.422
0.417
0.421
0.419
0.422
0.42
0.421
0.426
0.422
0.427
0.418
0.417
0.427
0.418
0.417
0.423
0.419
0.413
0.421
0.417
0.412
0.413
0.409
0.41
0.42
0.416
0.413
0.414
0.41
0.404
0.402
0.399
0.406
0.415
0.41
0.405
0.411
0.41
0.411
0.414
0.413
0.404
0.409
0.419
0.414
0.41
0.416
0.41
0.416
0.412
0.417
0.413
0.412
0.413
0.41
0.407
0.413
0.414
0.407
0.412
0.406
0.403
0.403
0.405
0.414
0.411
0.405
0.405
0.41
0.413
0.406
0.406
0.415
0.413
0.416
0.413
0.41
0.414
0.412
0.422
0.414
0.421
0.42
0.416
0.424
0.424
0.421
0.422
0.425
0.423
0.422
0.421
0.422
0.425
0.419
0.428
0.421
0.421
0.423
0.414
0.424
0.416
0.42
0.416
0.42
0.415
0.417
0.424
0.416
0.419
0.416
0.406
0.414
0.409
0.415
0.418
0.412
0.415
0.413
0.411
0.419
0.401
0.413
0.411
0.416
0.415
0.407
0.406
0.416
0.418
0.417
0.423
0.432
0.425
0.423
0.423
0.429
0.426
0.424
0.429
0.427
0.433
0.423
0.428
0.438
0.435
0.437
0.427
0.433
0.437
0.429
0.427
0.427
0.424
0.424
0.431
0.426
0.418
0.422
0.43
0.421
0.429
0.422
0.419
0.427
0.421
0.417
0.426
0.417
0.416
0.421
0.418
0.415
0.419
0.416
0.413
0.416
0.415
0.408
0.415
0.408
0.417
0.408
0.402
0.406
0.406
0.416
0.408
0.403
0.409
0.411
0.405
0.407
0.402
0.408
0.406
0.414
0.409
0.408
0.412
0.409
0.413
0.406
0.41
0.408
0.416
0.418
0.415
0.411
0.42
0.422
0.414
0.423
0.425
0.425
0.419
0.424
0.423
0.43
0.421
0.436
0.435
0.447
0.454
0.451
0.455
0.458
0.466
0.465
0.469
0.466
0.467
0.469
0.469
0.478
0.473
0.479
0.475
0.479
0.475
0.479
0.479
0.486
0.479
0.484
0.49
0.485
0.489
0.481
0.486
0.491
0.489
0.496
0.499
0.498
0.498
0.499
0.488
0.499
0.508
0.502
0.501
0.513
0.507
0.506
0.516
0.506
0.51
0.517
0.512
0.512
0.513
0.514
0.521
0.521
0.519
0.521
0.527
0.523
0.529
0.527
0.536
0.534
0.546
0.533
0.536
0.534
0.536
0.533
0.528
0.535
0.529
0.531
0.533
0.532
0.537
0.537
0.537
0.542
0.535
0.54
0.54
0.541
0.534
0.546
0.544
0.54
0.542
0.542
0.535
0.538
0.538
0.535
0.536
0.535
0.529
0.533
0.537
0.534
0.535
0.533
0.532
0.536
0.529
0.528
0.529
0.526
0.531
0.533
0.533
0.533
0.532
0.533
0.526
0.537
0.526
0.528
0.522
0.529
0.53
0.53
0.527
0.526
0.533
0.52
0.519
0.526
0.522
0.522
0.523
0.522
0.527
0.532
0.526
0.526
0.534
0.526
0.532
0.528
0.526
0.529
0.524
0.527
0.522
0.522
0.528
0.522
0.522
0.525
0.52
0.521
0.517
0.514
0.513
0.513
0.517
0.512
0.515
0.513
0.521
0.524
0.526
0.527
0.522
0.522
0.527
0.518
0.522
0.519
0.513
0.522
0.518
0.519
0.521
0.513
0.52
0.514
0.517
0.515
0.512
0.521
0.517
0.52
0.513
0.512
0.517
0.517
0.513
0.52
0.516
0.511
0.523
0.517
0.521
0.516
0.521
0.525
0.515
0.521
0.52
0.515
0.523
0.519
0.512
0.521
0.516
0.515
0.519
0.515
0.515
0.52
0.511
0.518
0.52
0.513
0.518
0.517
0.517
0.514
0.519
0.521
0.517
0.524
0.522
0.516
0.524
0.523
0.513
0.516
0.509
0.52
0.511
0.516
0.524
0.523
0.524
0.521
0.526
0.524
0.528
0.533
0.527
0.532
0.545
0.553
0.552
0.559
0.553
0.552
0.548
0.55
0.548
0.543
0.539
0.543
0.542
0.55
0.549
0.548
0.544
0.541
0.55
0.581
0.578
0.581
0.584
0.579
0.568
0.568
0.562
0.573
0.61
0.601
0.597
0.589
0.582
0.587
0.584
0.582
0.592
0.589
