0.661
0.645
0.622
0.588
0.579
0.566
0.563
0.557
0.555
0.549
0.536
0.531
0.536
0.512
0.517
0.506
0.51
0.499
0.503
0.507
0.485
0.491
0.495
0.483
0.488
0.475
0.477
0.484
0.474
0.465
0.478
0.474
0.471
0.466
0.472
0.477
0.471
0.475
0.456
0.462
0.457
0.461
0.458
0.469
0.461
0.45
0.452
0.458
0.451
0.449
0.454
0.463
0.444
0.444
0.448
0.444
0.446
0.45
0.458
0.449
0.45
0.456
0.455
0.451
0.452
0.459
0.442
0.443
0.442
0.448
0.444
0.452
0.454
0.462
0.454
0.452
0.447
0.442
0.448
0.442
0.444
0.453
0.444
0.445
0.447
0.452
0.442
0.451
0.441
0.445
0.451
0.445
0.446
0.438
0.437
0.437
0.435
0.439
0.449
0.438
0.444
0.445
0.446
0.439
0.437
0.43
0.433
0.441
0.444
0.433
0.436
0.433
0.443
0.433
0.436
0.437
0.441
0.434
0.442
0.446
0.44
0.433
0.438
0.445
0.436
0.437
0.435
0.445
0.442
0.443
0.436
0.429
0.447
0.439
0.438
0.434
0.435
0.436
0.441
0.446
0.441
0.438
0.438
0.432
0.434
0.444
0.44
0.447
0.438
0.438
0.43
0.434
0.43
0.435
0.445
0.448
0.437
0.438
0.439
0.437
0.438
0.439
0.441
0.45
0.442
0.438
0.439
0.436
0.436
0.444
0.435
0.433
0.424
0.429
0.435
0.439
0.434
0.431
0.423
0.428
0.432
0.425
0.432
0.432
0.43
0.433
0.437
0.44
0.445
0.443
0.445
0.447
0.451
0.459
0.468
0.471
0.473
0.467
0.476
0.477
0.48
0.481
0.48
0.49
0.498
0.495
0.52
0.523
0.516
0.526
0.521
0.541
0.535
0.542
0.54
0.529
0.588
0.666
0.676
0.691
0.69
0.673
0.667
0.686
0.676
0.645
0.652
0.64
0.632
0.621
0.623
0.633
0.644
0.629
0.644
0.657
0.662
0.666
0.652
0.659
0.646
0.634
0.633
0.618
0.617
0.646
0.635
0.628
0.667
0.66
0.652
0.654
0.659
0.634
0.637
0.652
0.688
0.691
0.685
0.684
0.676
0.68
0.696
0.68
0.645
0.602
0.613
0.603
0.59
0.598
0.604
0.614
0.609
0.611
0.596
0.588
0.587
0.59
0.565
0.552
0.549
0.559
0.547
0.549
0.542
0.506
0.499
0.508
0.496
0.501
0.51
0.512
0.514
0.509
0.512
0.517
0.519
0.517
0.505
0.507
0.503
0.5
0.49
0.49
0.49
0.481
0.471
0.473
0.477
0.483
0.476
0.475
0.484
0.476
0.482
0.469
0.461
0.466
0.467
0.459
0.457
0.468
0.457
0.465
0.455
0.448
0.457
0.448
0.443
0.443
0.438
0.439
0.444
0.449
0.454
0.446
0.45
0.439
0.431
0.437
0.44
0.445
0.441
0.435
0.431
0.436
0.428
0.433
0.438
0.437
0.439
0.429
0.427
0.433
0.429
0.424
0.431
0.426
0.422
0.427
0.435
0.432
0.43
0.427
0.434
0.436
0.43
0.428
0.421
0.423
0.436
0.428
0.428
0.42
0.423
0.425
0.434
0.437
0.427
0.434
0.435
0.429
0.429
0.428
0.421
0.428
0.426
0.421
0.431
0.437
0.428
0.42
0.429
0.423
0.421
0.427
0.435
0.425
0.426
0.421
0.428
0.429
0.434
0.443
0.434
0.439
0.44
0.436
0.436
0.436
0.444
0.445
0.44
0.438
0.435
0.436
0.438
0.429
0.433
0.435
0.434
0.44
0.438
0.442
0.442
0.445
0.443
0.436
0.432
0.436
0.439
0.432
0.437
0.432
0.441
0.452
0.447
0.442
0.443
0.448
0.442
0.435
0.437
0.439
0.439
0.432
0.437
0.434
0.444
0.445
0.439
0.438
0.448
0.45
0.459
0.45
0.456
0.437
0.427
0.445
0.438
0.433
0.443
0.44
0.445
0.451
0.442
0.443
0.44
0.441
0.438
0.445
0.441
0.437
0.433
0.436
0.438
0.431
0.438
0.438
0.434
0.428
0.427
0.433
0.426
0.431
0.425
0.434
0.424
0.424
0.433
0.429
0.426
0.423
0.426
0.429
0.425
0.419
0.426
0.434
0.424
0.43
0.427
0.43
0.421
0.427
0.427
0.424
0.425
0.434
0.441
0.437
0.434
0.429
0.439
0.429
0.433
0.427
0.433
0.443
0.445
0.44
0.444
0.427
0.423
0.421
0.424
0.43
0.435
0.422
0.431
0.437
0.432
0.431
0.424
0.42
0.418
0.423
0.424
0.421
0.415
0.424
0.419
0.416
0.428
0.423
0.417
0.425
0.418
0.418
0.422
0.413
0.424
0.432
0.424
0.428
0.42
0.42
0.418
0.408
0.424
0.427
0.426
0.425
0.417
0.427
0.427
0.423
0.422
0.427
0.434
0.438
0.431
0.425
0.421
0.431
0.432
0.427
0.421
0.427
0.424
0.423
0.428
0.426
0.428
0.424
0.421
0.431
0.434
0.434
0.428
0.42
0.429
0.422
0.424
0.432
0.437
0.434
0.429
0.425
0.424
0.434
0.43
0.428
0.42
0.428
0.43
0.421
0.429
0.438
0.43
0.435
0.437
0.433
0.438
0.431
0.432
0.432
0.429
0.431
0.437
0.431
0.447
0.436
0.433
0.44
0.442
0.437
0.442
0.438
0.439
0.439
0.435
0.443
0.449
0.434
0.448
0.443
0.437
0.438
0.443
0.446
0.445
0.444
0.461
0.467
0.442
0.46
0.451
0.44
0.441
0.45
0.449
0.451
0.465
0.448
0.454
0.454
0.46
0.457
0.451
0.452
0.448
0.453
0.448
0.445
0.444
0.456
0.459
0.449
0.454
0.438
0.439
0.443
0.438
0.431
0.447
0.436
0.438
0.436
0.442
0.446
0.452
0.448
0.441
0.436
0.437
0.445
0.449
0.443
0.437
0.441
0.45
0.447
0.435
0.437
0.438
0.435
0.442
0.438
0.436
0.438
0.435
0.426
0.426
0.42
0.428
0.422
0.428
0.423
0.42
0.428
0.424
0.445
0.443
0.434
0.441
0.44
0.432
0.43
0.431
0.439
0.433
0.433
0.426
0.438
0.437
0.431
0.429
0.425
0.426
0.43
0.432
0.442
0.431
0.423
0.431
0.437
0.432
0.432
0.423
0.431
0.435
0.426
0.442
0.425
0.438
0.435
0.427
0.438
0.438
0.434
0.446
0.438
0.44
0.45
0.445
0.451
0.441
0.44
0.439
0.436
0.434
0.441
0.439
0.435
0.441
0.441
0.433
0.447
0.44
0.438
0.428
0.43
0.439
0.44
0.444
0.443
0.447
0.437
0.442
0.446
0.438
0.431
0.434
0.428
0.432
0.435
0.431
0.425
0.43
0.426
0.425
0.42
0.423
0.426
0.432
0.425
0.428
0.436
0.438
0.44
0.431
0.43
0.426
0.433
0.428
0.428
0.428
0.437
0.439
0.438
0.428
0.428
0.425
0.424
0.428
0.429
0.42
0.433
0.426
0.428
0.42
0.43
0.424
0.428
0.426
0.434
0.437
0.437
0.432
0.43
0.428
0.437
0.44
0.439
0.434
0.432
0.431
0.431
0.432
0.438
0.435
0.437
0.439
0.447
0.437
0.437
0.43
0.433
0.427
0.437
0.428
0.438
0.435
0.43
0.432
0.436
0.43
0.44
0.446
0.435
0.428
0.422
0.431
0.431
0.44
0.454
0.46
0.457
0.439
0.438
0.441
0.446
0.435
0.437
0.43
0.431
0.432
0.44
0.447
0.435
0.44
0.439
0.433
0.43
0.424
0.433
0.432
0.429
0.438
0.439
0.436
0.434
0.427
0.434
0.443
0.436
0.438
0.445
0.434
0.43
0.435
0.434
0.433
0.437
0.437
0.446
0.44
0.433
0.43
0.429
0.433
0.428
0.429
0.43
0.428
0.437
0.427
0.431
0.437
0.438
0.43
0.436
0.436
0.428
0.428
0.438
0.44
0.437
0.428
0.427
0.428
0.43
0.433
0.439
0.436
0.433
0.433
0.441
0.439
0.438
0.429
0.432
0.435
0.43
0.433
0.42
0.423
0.433
0.437
0.432
0.423
0.428
0.432
0.424
0.439
0.437
0.441
0.438
0.432
0.43
0.44
0.436
0.434
0.427
0.427
0.435
0.443
0.45
0.448
0.439
0.429
0.437
0.441
0.431
0.434
0.444
0.44
0.44
0.45
0.451
0.458
0.448
0.448
0.44
0.444
0.437
0.443
0.453
0.445
0.438
0.436
0.444
0.445
0.434
0.438
0.431
0.431
0.437
0.441
0.437
0.44
0.438
0.43
0.43
0.426
0.436
0.433
0.43
0.429
0.432
0.424
0.434
0.44
0.43
0.428
0.424
0.433
0.439
0.439
0.434
0.431
0.44
0.433
0.442
0.436
0.431
0.422
0.431
0.432
0.441
0.431
0.421
0.43
0.425
0.426
0.434
0.427
0.433
0.441
0.433
0.434
0.436
0.426
0.422
0.425
0.429
0.421
0.428
0.427
0.428
0.423
0.425
0.429
0.422
0.428
0.429
0.424
0.432
0.434
0.428
0.431
0.437
0.433
0.433
0.443
0.432
0.441
0.43
0.43
0.439
0.435
0.429
0.439
0.436
0.438
0.435
0.443
0.441
0.449
0.442
0.439
0.449
0.438
0.448
0.455
0.447
0.451
0.432
0.437
0.44
0.439
0.44
0.449
0.443
0.438
0.446
0.45
0.447
0.439
0.439
0.448
0.45
0.451
0.443
0.444
0.45
0.446
0.449
0.446
0.445
0.444
0.454
0.446
0.447
0.451
0.45
0.445
0.452
0.454
0.449
0.458
0.468
0.468
0.472
0.461
0.473
0.478
0.474
0.488
0.499
0.503
0.504
0.502
0.5
0.507
0.508
0.5
0.507
0.508
0.503
0.5
0.496
0.492
0.496
0.505
0.502
0.527
0.517
0.51
0.503
0.508
0.499
0.491
0.499
0.505
0.5
0.512
0.513
0.505
0.495
0.499
0.502
0.497
0.492
0.483
0.495
0.484
0.495
0.492
0.482
0.487
0.475
0.48
0.48
0.486
0.481
0.47
0.473
0.479
0.476
0.486
0.481
0.487
0.461
0.459
0.457
0.466
0.458
0.463
0.473
0.461
0.463
0.461
0.454
0.457
0.465
0.447
0.449
0.448
0.457
0.446
0.439
0.445
0.434
0.44
0.444
0.438
0.436
0.445
0.442
0.444
0.454
0.447
0.448
0.44
0.436
0.432
0.438
0.446
0.439
0.431
0.44
0.448
0.439
0.433
0.435
0.443
0.435
0.438
0.431
0.43
0.438
0.438
0.445
0.434
0.443
0.448
0.459
0.45
0.443
0.446
0.45
0.452
0.443
0.452
0.447
0.446
0.449
0.459
0.461
0.453
0.459
0.45
0.465
0.455
0.462
0.471
0.46
0.463
0.473
0.46
0.465
0.455
0.455
0.455
0.45
0.457
0.458
0.458
0.452
0.46
0.45
0.449
0.448
0.444
0.451
0.443
0.441
0.448
0.446
0.451
0.443
0.454
0.454
0.469
0.469
0.463
0.456
0.466
0.469
0.462
0.459
0.464
0.46
0.471
0.474
0.468
0.472
0.461
0.47
0.467
0.456
0.449
0.452
0.457
0.465
0.465
0.458
0.465
0.463
0.456
0.457
0.468
0.466
0.459
0.459
0.458
0.46
0.45
0.45
0.459
0.464
0.455
0.46
0.45
0.449
0.448
0.441
0.454
0.45
0.444
0.442
0.446
0.456
0.464
0.465
0.462
0.452
0.449
0.444
0.469
0.462
0.464
0.452
0.462
0.471
0.465
0.457
0.446
0.456
0.454
0.458
0.462
0.456
0.457
0.463
0.468
0.468
0.469
0.468
0.467
0.468
0.47
0.471
0.474
0.476
0.477
0.481
0.473
0.473
0.465
0.457
0.46
0.467
0.47
0.459
0.467
0.474
0.463
0.47
0.472
0.463
0.468
0.458
0.457
0.453
0.442
0.451
0.45
0.458
0.452
0.448
0.451
0.451
0.458
0.453
0.45
0.452
0.456
0.445
0.45
0.453
0.443
0.443
0.443
0.437
0.447
0.448
0.438
0.438
0.438
0.446
0.438
0.44
0.442
0.435
0.439
0.446
0.43
0.438
0.438
0.435
0.431
0.424
0.432
0.422
0.426
0.431
0.429
0.436
0.433
0.436
0.435
0.431
0.423
0.423
0.431
0.426
0.42
0.427
0.427
0.423
0.421
0.423
0.419
0.419
0.422
0.42
0.424
0.426
0.424
0.431
0.433
0.434
0.425
0.422
0.429
0.428
0.432
0.436
0.428
0.424
0.427
0.435
0.427
0.428
0.434
0.434
0.437
0.438
0.437
0.442
0.442
0.438
0.444
0.436
0.438
0.438
0.445
0.44
0.436
0.446
0.446
0.445
0.443
0.452
0.453
0.451
0.458
0.456
0.461
0.455
0.46
0.469
0.465
0.464
0.459
0.456
0.461
0.46
0.459
0.461
0.46
0.463
0.458
0.453
0.464
0.468
0.465
0.459
0.465
0.471
0.476
0.471
0.48
0.474
0.474
0.479
0.485
0.489
0.501
0.493
0.516
0.513
0.508
0.507
0.5
0.518
0.52
0.516
0.532
0.557
0.56
0.567
0.57
0.579
0.599
0.609
0.607
0.604
0.619
0.612
0.613
0.636
0.642
