0.598
0.599
0.59
0.567
0.555
0.563
0.521
0.53
0.518
0.519
0.516
0.521
0.518
0.512
0.5
0.507
0.498
0.488
0.486
0.495
0.494
0.489
0.49
0.488
0.479
0.475
0.464
0.462
0.471
0.469
0.464
0.465
0.472
0.467
0.471
0.448
0.454
0.464
0.46
0.449
0.439
0.457
0.452
0.445
0.457
0.466
0.458
0.455
0.445
0.449
0.457
0.464
0.47
0.457
0.465
0.465
0.449
0.453
0.444
0.444
0.453
0.443
0.439
0.445
0.438
0.436
0.439
0.436
0.446
0.45
0.439
0.439
0.44
0.446
0.439
0.434
0.433
0.436
0.44
0.432
0.431
0.438
0.436
0.437
0.439
0.439
0.437
0.436
0.435
0.439
0.438
0.447
0.443
0.438
0.434
0.444
0.438
0.435
0.437
0.439
0.434
0.444
0.438
0.448
0.442
0.438
0.444
0.446
0.45
0.443
0.448
0.447
0.44
0.438
0.435
0.441
0.44
0.447
0.438
0.433
0.438
0.435
0.439
0.44
0.449
0.454
0.443
0.436
0.438
0.443
0.437
0.438
0.438
0.428
0.446
0.439
0.438
0.443
0.449
0.438
0.438
0.437
0.441
0.449
0.445
0.436
0.435
0.438
0.436
0.436
0.438
0.432
0.428
0.441
0.435
0.434
0.438
0.437
0.447
0.443
0.442
0.437
0.435
0.43
0.439
0.434
0.435
0.426
0.434
0.43
0.43
0.429
0.427
0.438
0.44
0.438
0.433
0.428
0.436
0.441
0.431
0.439
0.438
0.433
0.441
0.447
0.444
0.438
0.429
0.43
0.442
0.447
0.447
0.448
0.456
0.433
0.438
0.438
0.435
0.433
0.436
0.44
0.443
0.441
0.435
0.438
0.433
0.431
0.424
0.433
0.431
0.431
0.434
0.428
0.443
0.432
0.439
0.442
0.434
0.433
0.424
0.429
0.426
0.42
0.424
0.433
0.418
0.412
0.416
0.416
0.42
0.415
0.418
0.411
0.418
0.423
0.418
0.414
0.419
0.429
0.42
0.429
0.412
0.41
0.412
0.421
0.414
0.424
0.416
0.406
0.416
0.407
0.409
0.415
0.415
0.414
0.424
0.419
0.417
0.42
0.416
0.413
0.414
0.422
0.428
0.425
0.42
0.411
0.42
0.41
0.421
0.423
0.417
0.419
0.414
0.423
0.422
0.414
0.422
0.428
0.429
0.427
0.436
0.424
0.43
0.432
0.429
0.419
0.415
0.433
0.425
0.417
0.429
0.427
0.428
0.433
0.424
0.421
0.421
0.414
0.42
0.429
0.433
0.43
0.429
0.431
0.422
0.43
0.431
0.421
0.427
0.436
0.428
0.438
0.433
0.427
0.43
0.431
0.431
0.427
0.422
0.431
0.424
0.43
0.432
0.433
0.436
0.44
0.412
0.422
0.414
0.426
0.436
0.428
0.422
0.423
0.416
0.422
0.415
0.414
0.425
0.418
0.412
0.413
0.418
0.417
0.415
0.419
0.421
0.431
0.431
0.413
0.425
0.422
0.419
0.421
0.412
0.415
0.422
0.419
0.412
0.419
0.411
0.433
0.425
0.416
0.416
0.421
0.425
0.417
0.413
0.41
0.427
0.418
0.418
0.421
0.412
0.427
0.423
0.415
0.423
0.432
0.419
0.425
0.431
0.431
0.422
0.424
0.434
0.426
0.431
0.428
0.437
0.423
0.432
0.429
0.426
0.435
0.426
0.425
0.43
0.426
0.434
0.43
0.437
0.435
0.438
0.433
0.435
0.436
0.432
0.441
0.416
0.428
0.429
0.42
0.422
0.431
0.427
0.419
0.441
0.421
0.431
0.438
0.435
0.428
0.432
0.44
0.432
0.429
0.42
0.424
0.431
0.438
0.423
0.423
0.424
0.427
0.425
0.434
0.426
0.419
0.429
0.426
0.436
0.422
0.415
0.418
0.42
0.43
0.429
0.41
0.412
0.419
0.422
0.428
0.43
0.427
0.41
0.419
0.425
0.434
0.428
0.422
0.422
0.427
0.425
0.422
0.424
0.434
0.426
0.419
0.424
0.43
0.425
0.415
0.416
0.42
0.421
0.43
0.423
0.426
0.418
0.418
0.414
0.414
0.42
0.419
0.417
0.412
0.417
0.421
0.422
0.412
0.417
0.41
0.419
0.421
0.416
0.413
0.415
0.408
0.419
0.418
0.412
0.415
0.411
0.421
0.415
0.425
0.421
0.422
0.414
0.422
0.429
0.421
0.425
0.416
0.424
0.43
0.428
0.421
0.425
0.431
0.418
0.428
0.427
0.427
0.417
0.416
0.413
0.423
0.421
0.416
0.419
0.414
0.411
0.419
0.424
0.419
0.411
0.418
0.425
0.433
0.432
0.423
0.422
0.428
0.42
0.419
0.414
0.42
0.424
0.422
0.431
0.429
0.429
0.424
0.424
0.434
0.428
0.429
0.423
0.418
0.416
0.421
0.417
0.418
0.412
0.429
0.43
0.42
0.42
0.419
0.413
0.423
0.419
0.422
0.422
0.412
0.422
0.426
0.419
0.419
0.417
0.426
0.427
0.417
0.407
0.421
0.416
0.41
0.418
0.423
0.419
0.418
0.416
0.411
0.415
0.41
0.415
0.412
0.413
0.419
0.416
0.41
0.418
0.408
0.413
0.423
0.425
0.419
0.413
0.414
0.422
0.423
0.422
0.424
0.414
0.428
0.427
0.428
0.438
0.426
0.428
0.434
0.422
0.423
0.43
0.417
0.419
0.428
0.42
0.411
0.422
0.424
0.43
0.422
0.414
0.414
0.422
0.431
0.427
0.404
0.424
0.426
0.424
0.427
0.419
0.426
0.419
0.422
0.427
0.425
0.409
0.418
0.415
0.416
0.414
0.415
0.416
0.414
0.413
0.41
0.416
0.414
0.424
0.42
0.417
0.417
0.418
0.413
0.424
0.423
0.423
0.431
0.422
0.415
0.435
0.427
0.43
0.424
0.417
0.427
0.423
0.427
0.427
0.434
0.433
0.424
0.419
0.425
0.433
0.427
0.424
0.417
0.424
0.424
0.419
0.428
0.421
0.422
0.424
0.428
0.426
0.422
0.43
0.437
0.425
0.421
0.423
0.415
0.425
0.416
0.419
0.411
0.418
0.419
0.42
0.428
0.425
0.427
0.419
0.421
0.426
0.42
0.415
0.425
0.425
0.43
0.428
0.423
0.417
0.422
0.422
0.43
0.44
0.438
0.429
0.429
0.431
0.428
0.432
0.422
0.429
0.423
0.431
0.422
0.422
0.424
0.417
0.427
0.422
0.424
0.423
0.431
0.429
0.423
0.42
0.428
0.422
0.431
0.422
0.415
0.423
0.414
0.432
0.425
0.423
0.424
0.428
0.428
0.433
0.436
0.429
0.433
0.43
0.438
0.432
0.43
0.425
0.435
0.441
0.431
0.427
0.428
0.438
0.447
0.432
0.426
0.422
0.428
0.437
0.433
0.429
0.423
0.442
0.428
0.431
0.435
0.429
0.424
0.416
0.425
0.426
0.421
0.429
0.43
0.425
0.42
0.414
0.419
0.415
0.422
0.422
0.419
0.422
0.422
0.422
0.416
0.425
0.416
0.416
0.421
0.421
0.424
0.434
0.415
0.42
0.417
0.424
0.415
0.417
0.407
0.412
0.421
0.417
0.421
0.423
0.414
0.423
0.418
0.428
0.433
0.42
0.425
0.434
0.433
0.414
0.426
0.435
0.417
0.422
0.426
0.419
0.423
0.416
0.425
0.416
0.426
0.426
0.432
0.434
0.425
0.423
0.425
0.429
0.43
0.436
0.432
0.428
0.424
0.431
0.423
0.424
0.423
0.427
0.417
0.419
0.418
0.421
0.418
0.422
0.429
0.424
0.415
0.433
0.433
0.424
0.426
0.42
0.418
0.424
0.417
0.42
0.411
0.421
0.423
0.422
0.417
0.418
0.411
0.424
0.415
0.41
0.42
0.41
0.42
0.419
0.41
0.416
0.425
0.419
0.414
0.424
0.425
0.426
0.42
0.414
0.418
0.413
0.418
0.42
0.414
0.42
0.417
0.415
0.415
0.412
0.422
0.419
0.425
0.427
0.418
0.419
0.415
0.419
0.422
0.413
0.434
0.428
0.419
0.417
0.419
0.423
0.425
0.434
0.422
0.426
0.419
0.427
0.417
0.425
0.426
0.42
0.423
0.428
0.423
0.421
0.43
0.432
0.424
0.422
0.417
0.418
0.423
0.414
0.421
0.416
0.418
0.427
0.424
0.424
0.416
0.424
0.428
0.436
0.426
0.424
0.423
0.433
0.44
0.417
0.428
0.421
0.43
0.424
0.426
0.418
0.428
0.424
0.43
0.417
0.408
0.416
0.423
0.426
0.429
0.423
0.416
0.408
0.408
0.415
0.406
0.411
0.407
0.406
0.41
0.4
0.413
0.404
0.409
0.404
0.414
0.404
0.401
0.409
0.418
0.416
0.406
0.399
0.406
0.401
0.41
0.404
0.41
0.403
0.417
0.407
0.407
0.411
0.414
0.408
0.402
0.409
0.406
0.415
0.412
0.409
0.404
0.403
0.407
0.398
0.398
0.4
0.405
0.413
0.408
0.404
0.412
0.412
0.421
0.418
0.408
0.414
0.414
0.415
0.412
0.409
0.411
0.404
0.415
0.413
0.422
0.414
0.411
0.418
0.42
0.418
0.421
0.425
0.432
0.412
0.43
0.419
0.412
0.415
0.421
0.421
0.43
0.421
0.412
0.41
0.413
0.417
0.417
0.424
0.414
0.408
0.412
0.414
0.422
0.425
0.429
0.42
0.415
0.431
0.435
0.429
0.423
0.42
0.424
0.421
0.416
0.422
0.416
0.424
0.415
0.424
0.426
0.431
0.417
0.413
0.424
0.414
0.414
0.417
0.413
0.424
0.42
0.41
0.408
0.415
0.418
0.42
0.425
0.419
0.412
0.404
0.409
0.414
0.411
0.419
0.412
0.403
0.408
0.406
0.409
0.416
0.423
0.417
0.407
0.408
0.404
0.414
0.424
0.414
0.414
0.42
0.415
0.411
0.404
0.409
0.412
0.411
0.404
0.411
0.401
0.41
0.415
0.407
0.406
0.409
0.415
0.416
0.425
0.419
0.41
0.403
0.41
0.416
0.406
0.413
0.411
0.419
0.419
0.42
0.412
0.407
0.415
0.408
0.411
0.416
0.414
0.421
0.414
0.407
0.414
0.418
0.409
0.411
0.421
0.423
0.428
0.419
0.414
0.409
0.417
0.423
0.417
0.412
0.416
0.413
0.42
0.417
0.412
0.422
0.417
0.419
0.414
0.421
0.425
0.415
0.413
0.408
0.419
0.419
0.414
0.414
0.414
0.42
0.419
0.413
0.409
0.419
0.418
0.421
0.412
0.414
0.412
0.421
0.412
0.408
0.41
0.412
0.411
0.403
0.408
0.406
0.403
0.411
0.405
0.398
0.405
0.397
0.406
0.413
0.403
0.399
0.406
0.4
0.407
0.398
0.407
0.41
0.418
0.413
0.412
0.403
0.401
0.403
0.402
0.408
0.411
0.413
0.409
0.4
0.405
0.401
0.395
0.4
0.406
0.398
0.4
0.4
0.398
0.407
0.399
0.405
0.4
0.4
0.402
0.405
0.408
0.409
0.411
0.401
0.396
0.405
0.396
0.407
0.4
0.4
0.403
0.408
0.409
0.413
0.407
0.405
0.405
0.412
0.41
0.4
0.4
0.404
0.397
0.403
0.406
0.402
0.41
0.408
0.405
0.4
0.409
0.403
0.404
0.405
0.41
0.41
0.404
0.412
0.417
0.416
0.412
0.407
0.413
0.403
0.41
0.408
0.417
0.42
0.411
0.41
0.406
0.413
0.406
0.414
0.409
0.419
0.424
0.417
0.416
0.418
0.41
0.424
0.424
0.415
0.416
0.407
0.413
0.418
0.41
0.417
0.415
0.414
0.404
0.421
0.412
0.414
0.411
0.412
0.412
0.404
0.414
0.419
0.413
0.409
0.415
0.408
0.398
0.408
0.408
0.403
0.408
0.408
0.418
0.412
0.411
0.404
0.403
0.41
0.411
0.403
0.412
0.416
0.411
0.419
0.42
0.421
0.415
0.419
0.419
0.423
0.422
0.424
0.426
0.429
0.433
0.432
0.434
0.435
0.44
0.444
0.443
0.447
0.448
0.443
0.447
0.449
0.447
0.439
0.445
0.448
0.45
0.441
0.447
0.446
0.454
0.453
0.453
0.45
0.449
0.458
0.453
0.451
0.477
0.473
0.479
0.482
0.48
0.482
0.485
0.487
0.484
0.489
0.492
0.485
0.486
0.494
0.501
0.492
0.488
0.494
0.503
0.501
0.493
0.5
0.502
0.522
0.528
0.528
0.522
0.524
0.515
0.521
0.513
0.541
0.537
0.53
0.523
0.52
0.515
0.551
0.553
0.563
0.555
0.565
0.563
0.557
0.565
0.567
0.568
0.572
0.563
0.555
0.546
0.536
0.526
0.525
0.53
0.538
0.543
0.552
0.548
0.552
0.556
0.545
0.552
0.556
0.566
0.557
0.546
0.557
0.546
0.54
0.537
0.539
0.54
0.534
0.544
0.55
0.563
0.565
0.559
0.549
0.546
0.542
0.573
0.568
0.567
0.573
0.57
0.564
0.566
0.565
0.553
0.541
0.546
0.546
0.555
0.552
0.54
0.553
0.543
0.541
0.529
0.539
0.537
0.536
0.535
0.532
0.536
0.546
0.553
0.55
0.553
0.558
0.548
0.538
0.555
0.555
0.557
0.555
0.548
0.545
0.539
0.536
0.531
0.532
0.543
0.587
0.576
0.573
0.567
0.564
