0.697
0.683
0.694
0.694
0.685
0.677
0.678
0.677
0.675
0.659
0.663
0.656
0.655
0.645
0.633
0.638
0.637
0.635
0.634
0.64
0.652
0.651
0.656
0.659
0.659
0.641
0.635
0.632
0.634
0.635
0.628
0.635
0.638
0.626
0.627
0.63
0.628
0.62
0.621
0.624
0.617
0.611
0.619
0.614
0.605
0.608
0.611
0.608
0.602
0.61
0.611
0.61
0.616
0.618
0.618
0.617
0.617
0.617
0.61
0.616
0.621
0.614
0.622
0.625
0.614
0.609
0.611
0.615
0.618
0.613
0.616
0.614
0.618
0.606
0.613
0.616
0.612
0.616
0.601
0.607
0.614
0.622
0.622
0.623
0.628
0.633
0.64
0.632
0.633
0.629
0.628
0.616
0.623
0.627
0.617
0.621
0.625
0.634
0.627
0.627
0.629
0.637
0.635
0.652
0.651
0.649
0.656
0.646
0.65
0.646
0.652
0.639
0.643
0.642
0.644
0.635
0.638
0.646
0.643
0.649
0.643
0.644
0.641
0.643
0.637
0.631
0.64
0.63
0.623
0.623
0.618
0.622
0.614
0.62
0.612
0.624
0.615
0.627
0.624
0.639
0.633
0.641
0.636
0.643
0.628
0.632
0.627
0.619
0.621
0.629
0.62
0.623
0.621
0.623
0.617
0.617
0.62
0.624
0.626
0.631
0.63
0.629
0.62
0.626
0.629
0.636
0.637
0.633
0.628
0.642
0.642
0.635
0.64
0.655
0.667
0.675
0.664
0.678
0.673
0.657
0.643
0.649
0.616
0.603
0.592
0.596
0.585
0.583
0.59
0.595
0.608
0.669
0.666
0.667
0.659
0.652
0.623
0.612
0.61
0.616
0.605
0.609
0.606
0.603
0.598
0.605
0.598
0.6
0.598
0.592
0.597
0.596
0.601
0.598
0.602
0.6
0.6
0.596
0.604
0.598
0.602
0.602
0.595
0.593
0.598
0.597
0.584
0.588
0.586
0.572
0.579
0.586
0.595
0.602
0.604
0.597
0.599
0.602
0.598
0.599
0.605
0.612
0.617
0.623
0.62
0.627
0.622
0.629
0.625
0.614
0.614
0.612
0.621
0.624
0.612
0.616
0.615
0.61
0.609
0.609
0.605
0.605
0.615
0.609
0.61
0.612
0.617
0.617
0.621
0.63
0.622
0.627
0.625
0.623
0.622
0.608
0.615
0.612
0.607
0.614
0.61
0.61
0.611
0.616
0.608
0.61
0.619
0.609
0.613
0.606
0.606
0.599
0.613
0.616
0.61
0.614
0.611
0.611
0.633
0.629
0.63
0.62
0.62
0.619
0.618
0.615
0.622
0.619
0.619
0.634
0.64
0.651
0.651
0.657
0.659
0.661
0.664
0.659
0.659
0.65
0.639
0.64
0.628
0.621
0.621
0.623
0.615
0.624
0.627
0.622
0.635
0.634
0.629
0.628
0.628
0.621
0.617
0.612
0.612
0.611
0.604
0.609
0.617
0.609
0.614
0.616
0.61
0.617
0.618
0.63
0.629
0.619
0.619
0.62
0.625
0.631
0.616
0.607
0.605
0.619
0.617
0.627
0.623
0.615
0.62
0.624
0.622
0.611
0.608
0.607
0.596
0.594
0.596
0.604
0.601
0.609
0.612
0.615
0.625
0.622
0.62
0.62
0.611
0.611
0.602
0.604
0.604
0.593
0.606
0.611
0.607
0.613
0.615
0.627
0.617
0.628
0.627
0.63
0.619
0.623
0.621
0.612
0.605
0.613
0.613
0.617
0.625
0.621
0.624
0.628
0.62
0.623
0.622
0.615
0.62
0.61
0.602
0.594
0.599
0.606
0.616
0.61
0.616
0.621
0.618
0.616
0.618
0.605
0.611
0.605
0.598
0.597
0.6
0.596
0.597
0.588
0.596
0.593
0.603
0.61
0.607
0.606
0.606
0.6
0.599
0.595
0.599
0.588
0.592
0.597
0.599
0.602
0.602
0.611
0.612
0.621
0.618
0.624
0.632
0.632
0.629
0.631
0.622
0.62
0.633
0.624
0.629
0.624
0.625
0.622
0.612
0.619
0.611
0.609
0.61
0.609
0.615
0.605
0.611
0.615
0.602
0.607
0.608
0.602
0.608
0.608
0.609
0.607
0.621
0.617
0.619
0.624
0.613
0.609
0.621
0.612
0.608
0.598
0.594
0.592
0.587
0.592
0.599
0.597
0.605
0.609
0.607
0.611
0.615
0.61
0.612
0.603
0.598
0.604
0.603
0.605
0.605
0.606
0.607
0.605
0.602
0.608
0.602
0.593
0.604
0.598
0.6
0.607
0.609
0.621
0.607
0.603
0.601
0.594
0.598
0.59
0.603
0.615
0.61
0.612
0.618
0.61
0.597
0.596
0.593
0.599
0.599
0.605
0.59
0.592
0.591
0.586
0.574
0.585
0.594
0.604
0.595
0.595
0.603
0.592
0.595
0.593
0.593
0.589
0.593
0.585
0.582
0.583
0.579
0.58
0.577
0.583
0.576
0.577
0.587
0.591
0.589
0.586
0.597
0.591
0.59
0.604
0.595
0.594
0.593
0.58
0.589
0.585
0.581
0.587
0.58
0.575
0.581
0.576
0.585
0.585
0.578
0.577
0.58
0.581
0.579
0.578
0.581
0.581
0.588
0.586
0.588
0.594
0.591
0.585
0.585
0.581
0.58
0.574
0.572
0.575
0.581
0.567
0.574
0.568
0.579
0.573
0.569
0.574
0.567
0.579
0.577
0.571
0.569
0.573
0.563
0.568
0.57
0.57
0.568
0.571
0.581
0.586
0.574
0.587
0.589
0.595
0.595
0.595
0.604
0.593
0.591
0.599
0.594
0.589
0.591
0.593
0.584
0.577
0.586
0.578
0.576
0.586
0.586
0.593
0.593
0.597
0.594
0.593
0.591
0.592
0.583
0.582
0.58
0.581
0.589
0.578
0.585
0.582
0.585
0.576
0.578
0.577
0.571
0.575
0.578
0.579
0.581
0.588
0.579
0.569
0.575
0.575
0.586
0.592
0.596
0.587
0.589
0.583
0.588
0.585
0.582
0.576
0.578
0.57
0.583
0.572
0.581
0.578
0.576
0.58
0.576
0.569
0.574
0.567
0.57
0.572
0.579
0.571
0.579
0.573
0.573
0.58
0.574
0.574
0.577
0.569
0.57
0.567
0.571
0.569
0.563
0.569
0.568
0.573
0.564
0.57
0.574
0.563
0.567
0.576
0.562
0.567
0.565
0.56
0.56
0.567
0.564
0.556
0.561
0.561
0.555
0.559
0.564
0.564
0.564
0.571
0.566
0.564
0.567
0.57
0.566
0.571
0.567
0.563
0.563
0.563
0.565
0.57
0.569
0.564
0.566
0.56
0.557
0.563
0.554
0.563
0.554
0.564
0.55
0.556
0.556
0.546
0.543
0.541
0.543
0.542
0.546
0.555
0.556
0.561
0.564
0.566
0.563
0.572
0.565
0.563
0.567
0.561
0.563
0.559
0.567
0.561
0.558
0.563
0.563
0.554
0.565
0.557
0.549
0.56
0.555
0.548
0.554
0.546
0.546
0.542
0.545
0.545
0.541
0.548
0.542
0.542
0.536
0.535
0.529
0.535
0.545
0.533
0.541
0.538
0.526
0.538
0.535
0.532
0.527
0.531
0.526
0.529
0.528
0.524
0.525
0.528
0.529
0.528
0.537
0.536
0.534
0.54
0.544
0.54
0.537
0.542
0.532
0.54
0.536
0.529
0.536
0.534
0.538
0.536
0.539
0.538
0.541
0.537
0.538
0.541
0.548
0.551
0.542
0.554
0.542
0.543
0.543
0.535
0.544
0.536
0.531
0.537
0.538
0.531
0.537
0.548
0.559
0.562
0.557
0.566
0.56
0.554
0.563
0.562
0.56
0.564
0.558
0.569
0.564
0.563
0.572
0.571
0.565
0.572
0.56
0.566
0.563
0.552
0.559
0.552
0.557
0.554
0.554
0.558
0.554
0.553
0.55
0.558
0.551
0.55
0.555
0.557
0.561
0.556
0.56
0.555
0.561
0.557
0.55
0.554
0.551
0.556
0.548
0.555
0.562
0.557
0.552
0.558
0.571
0.569
0.566
0.571
0.566
0.568
0.565
0.568
0.563
0.564
0.559
0.562
0.565
0.563
0.56
0.557
0.57
0.565
0.566
0.561
0.558
0.56
0.564
0.559
0.563
0.564
0.56
0.565
0.564
0.564
0.568
0.57
0.573
0.572
0.575
0.577
0.575
0.589
0.595
0.591
0.59
0.595
0.588
0.587
0.585
0.576
0.579
0.579
0.578
0.582
0.574
0.574
0.581
0.582
0.582
0.588
0.586
0.586
0.59
0.586
0.582
0.579
0.58
0.575
0.568
0.572
0.577
0.568
0.57
0.566
0.592
0.591
0.581
0.58
0.58
0.572
0.574
0.578
0.572
0.574
0.582
0.578
0.58
0.587
0.596
0.591
0.594
0.589
0.598
0.597
0.591
0.587
0.591
0.581
0.576
0.572
0.576
0.575
0.574
0.574
0.568
0.571
0.566
0.566
0.56
0.57
0.57
0.566
0.567
0.566
0.563
0.569
0.563
0.566
0.579
0.57
0.576
0.578
0.572
0.576
0.573
0.576
0.573
0.566
0.568
0.57
0.572
0.571
0.566
0.569
0.565
0.561
0.563
0.564
0.569
0.566
0.571
0.568
0.572
0.577
0.581
0.574
0.577
0.575
0.577
0.579
0.57
0.565
0.572
0.576
0.58
0.584
0.581
0.583
0.574
0.574
0.586
0.574
0.587
0.587
0.583
0.583
0.592
0.587
0.587
0.595
0.588
0.584
0.577
0.584
0.578
0.575
0.573
0.568
0.568
0.574
0.577
0.579
0.578
0.58
0.587
0.583
0.576
0.581
0.578
0.569
0.575
0.568
0.571
0.563
0.569
0.563
0.565
0.565
0.563
0.569
0.576
0.568
0.575
0.581
0.589
0.584
0.585
0.586
0.586
0.575
0.581
0.57
0.57
0.562
0.567
0.565
0.563
0.569
0.577
0.582
0.586
0.595
0.598
0.604
0.602
0.598
0.597
0.594
0.569
0.563
0.558
0.569
0.563
0.565
0.566
0.572
0.569
0.575
0.578
0.578
0.582
0.587
0.585
0.587
0.579
0.583
0.579
0.576
0.579
0.572
0.578
0.567
0.572
0.583
0.582
0.573
0.578
0.578
0.575
0.578
0.578
0.569
0.575
0.574
0.577
0.574
0.572
0.577
0.58
0.57
0.584
0.575
0.582
0.583
0.583
0.582
0.592
0.584
0.578
0.586
0.584
0.579
0.584
0.583
0.582
0.585
0.582
0.575
0.579
0.572
0.575
0.581
0.579
0.578
0.583
0.572
0.565
0.572
0.571
0.58
0.577
0.576
0.576
0.575
0.57
0.578
0.566
0.569
0.574
0.569
0.57
0.566
0.566
0.564
0.568
0.567
0.571
0.566
0.565
0.565
0.565
0.569
0.571
0.569
0.567
0.566
0.572
0.561
0.567
0.568
0.557
0.567
0.563
0.565
0.57
0.569
0.569
0.573
0.569
0.571
0.572
0.573
0.573
0.574
0.569
0.567
0.569
0.562
0.575
0.572
0.575
0.579
0.573
0.579
0.575
0.579
0.58
0.578
0.576
0.583
0.569
0.573
0.573
0.563
0.571
0.568
0.57
0.572
0.572
0.573
0.58
0.58
0.584
0.579
0.579
0.568
0.579
0.57
0.566
0.567
0.561
0.566
0.563
0.563
0.56
0.569
0.563
0.574
0.573
0.574
0.579
0.579
0.58
0.586
0.582
0.578
0.584
0.583
0.584
0.586
0.584
0.578
0.573
0.576
0.577
0.571
0.566
0.562
0.571
0.573
0.564
0.573
0.581
0.58
0.578
0.578
0.566
0.569
0.569
0.564
0.566
0.558
0.561
0.568
0.562
0.574
0.571
0.577
0.58
0.578
0.582
0.582
0.573
0.58
0.58
0.573
0.579
0.566
0.568
0.576
0.579
0.58
0.581
0.578
0.58
0.583
0.58
0.58
0.58
0.576
0.573
0.575
0.573
0.576
0.581
0.577
0.582
0.579
0.581
0.586
0.58
0.576
0.59
0.58
0.583
0.594
0.588
0.587
0.586
0.586
0.593
0.591
0.592
0.592
0.596
0.59
0.585
0.589
0.589
0.584
0.579
0.575
0.567
0.568
0.573
0.587
0.59
0.593
0.593
0.596
0.595
0.589
0.592
0.584
0.584
0.584
0.579
0.577
0.581
0.58
0.584
0.587
0.591
0.586
0.588
0.599
0.589
0.595
0.598
0.595
0.596
0.597
0.586
0.59
0.585
0.585
0.581
0.578
0.577
0.571
0.572
0.572
0.568
0.57
0.573
0.574
0.58
0.582
0.582
0.584
0.58
0.581
0.583
0.58
0.581
0.582
0.581
0.577
0.576
0.577
0.58
0.585
0.585
0.582
0.584
0.581
0.577
0.578
0.588
0.586
0.586
0.587
0.583
0.582
0.589
0.593
0.58
0.585
0.582
0.582
0.584
0.577
0.58
0.582
0.577
0.577
0.578
0.571
0.579
0.574
0.576
0.58
0.573
0.58
0.575
0.577
0.584
0.583
0.579
0.58
0.581
0.58
0.579
0.577
0.58
0.577
0.579
0.581
0.576
0.578
0.572
0.58
0.568
0.58
0.576
0.576
0.58
0.582
0.581
0.584
0.588
0.581
0.58
0.572
0.578
0.569
0.568
0.575
0.58
0.58
0.582
0.592
0.584
0.586
0.58
0.576
0.578
0.578
0.575
0.573
0.574
0.571
0.572
0.579
0.572
0.572
0.585
0.576
0.58
0.589
0.575
0.572
0.585
0.574
0.57
0.583
0.58
0.586
0.586
0.581
0.582
0.579
0.571
0.582
0.575
0.575
0.575
0.565
0.572
0.572
0.569
0.572
0.563
0.569
0.57
0.561
0.564
0.572
0.575
0.565
0.578
0.574
0.569
0.576
0.576
0.571
0.574
0.561
0.571
0.563
0.567
0.569
0.56
0.566
0.564
0.571
0.569
0.57
0.567
0.57
0.576
0.568
0.569
0.569
0.565
0.568
0.571
0.573
0.568
0.565
0.569
0.569
0.571
0.573
0.568
0.574
0.574
0.565
0.576
0.575
0.574
0.578
0.569
0.577
0.568
0.565
0.563
0.564
0.565
0.563
0.562
0.565
0.571
0.57
0.572
0.573
0.576
0.577
0.58
0.581
0.569
0.569
0.572
0.568
0.581
0.571
0.576
0.57
0.567
0.572
0.571
0.574
0.571
0.576
0.587
0.584
0.586
0.587
0.587
0.598
0.586
0.577
0.58
0.584
0.581
0.57
0.572
0.566
0.57
0.573
0.57
0.57
0.564
0.564
0.562
0.559
0.552
0.563
0.571
0.58
0.576
0.564
0.568
0.571
0.559
0.551
0.554
0.555
0.549
0.559
0.558
0.576
0.589
0.579
0.57
0.569
0.576
0.57
0.559
0.564
0.562
0.557
0.551
0.552
0.547
0.548
0.554
0.555
0.556
0.554
0.552
0.562
0.561
0.562
0.561
0.564
0.566
0.557
0.56
0.561
0.56
0.563
0.572
0.567
0.569
0.56
0.563
0.564
0.566
0.568
0.564
0.568
0.563
0.564
0.567
0.563
0.563
0.56
0.566
0.561
0.567
0.569
0.559
0.564
0.56
0.566
0.559
0.556
0.56
0.562
0.571
0.566
0.556
0.563
0.557
0.568
0.559
0.556
0.569
0.572
0.562
0.569
0.577
0.563
0.572
0.567
0.58
0.566
0.578
0.564
0.569
0.563
0.561
0.569
0.563
0.563
0.569
0.563
0.571
0.563
0.571
0.566
0.559
0.563
0.553
0.555
0.56
0.56
0.571
0.58
0.581
0.582
0.58
0.571
0.579
0.583
0.584
0.59
0.58
0.58
0.576
0.572
0.578
0.568
0.568
0.576
0.574
0.577
0.577
0.579
0.588
0.585
0.579
0.582
0.577
0.575
0.569
0.57
0.566
0.564
0.573
0.568
0.574
0.574
0.567
0.579
0.578
0.579
0.579
0.574
0.584
0.583
0.579
0.587
0.579
0.581
0.582
0.569
0.573
0.568
0.566
0.567
0.56
0.571
0.57
0.569
0.578
0.585
0.584
0.59
0.584
0.589
0.588
0.574
0.582
0.584
0.578
0.579
0.577
0.579
0.583
0.579
0.573
0.576
0.574
0.576
0.572
0.567
0.573
0.57
0.56
0.572
0.574
0.567
0.576
0.575
0.579
0.58
0.573
0.577
0.58
0.566
0.574
0.567
0.567
0.57
0.563
0.566
0.566
0.572
0.572
0.579
0.573
0.571
0.583
0.576
0.578
0.576
0.571
0.572
0.57
0.569
0.572
0.57
0.571
0.578
0.569
0.576
0.578
0.573
0.576
0.565
0.569
0.571
0.566
0.57
0.566
0.565
0.565
0.565
0.566
0.563
0.57
0.573
0.57
0.566
0.568
0.567
0.595
0.603
0.604
0.606
0.615
0.604
0.603
0.592
0.585
0.585
0.589
0.578
0.582
0.591
0.57
0.577
0.58
0.582
0.582
0.586
0.692
0.683
0.692
0.683
0.691
0.677
0.69
0.697
0.69
0.691
0.684
0.682
0.699
0.691
0.691
