0.694
0.654
0.663
0.615
0.601
0.591
0.577
0.564
0.573
0.564
0.56
0.557
0.562
0.555
0.544
0.526
0.517
0.505
0.498
0.51
0.498
0.486
0.487
0.497
0.494
0.483
0.471
0.478
0.478
0.474
0.474
0.464
0.469
0.471
0.461
0.464
0.464
0.471
0.464
0.457
0.464
0.46
0.452
0.448
0.457
0.451
0.45
0.45
0.443
0.454
0.453
0.444
0.445
0.455
0.441
0.438
0.446
0.451
0.441
0.444
0.443
0.449
0.441
0.438
0.446
0.449
0.443
0.45
0.439
0.443
0.44
0.443
0.451
0.44
0.437
0.438
0.447
0.436
0.438
0.438
0.443
0.435
0.443
0.448
0.438
0.437
0.447
0.436
0.427
0.434
0.438
0.43
0.434
0.434
0.438
0.436
0.439
0.445
0.435
0.433
0.431
0.43
0.438
0.444
0.433
0.431
0.432
0.434
0.424
0.433
0.437
0.438
0.437
0.433
0.439
0.423
0.433
0.432
0.43
0.425
0.423
0.431
0.422
0.428
0.43
0.432
0.427
0.424
0.427
0.427
0.423
0.417
0.421
0.413
0.421
0.421
0.414
0.419
0.415
0.416
0.423
0.425
0.42
0.418
0.418
0.424
0.431
0.42
0.421
0.414
0.421
0.418
0.422
0.429
0.431
0.425
0.427
0.43
0.421
0.418
0.425
0.433
0.423
0.422
0.415
0.424
0.426
0.429
0.425
0.427
0.422
0.423
0.431
0.42
0.418
0.42
0.416
0.421
0.414
0.417
0.411
0.42
0.415
0.42
0.41
0.415
0.422
0.427
0.418
0.414
0.424
0.422
0.423
0.43
0.423
0.433
0.433
0.425
0.419
0.423
0.425
0.431
0.423
0.424
0.421
0.419
0.422
0.416
0.419
0.419
0.413
0.415
0.418
0.416
0.412
0.418
0.413
0.419
0.415
0.418
0.427
0.42
0.413
0.418
0.417
0.416
0.423
0.432
0.424
0.422
0.425
0.432
0.424
0.418
0.418
0.427
0.43
0.425
0.419
0.419
0.422
0.432
0.427
0.417
0.424
0.429
0.419
0.415
0.406
0.411
0.417
0.425
0.417
0.415
0.416
0.417
0.427
0.418
0.421
0.421
0.416
0.413
0.415
0.419
0.417
0.416
0.41
0.42
0.42
0.425
0.417
0.418
0.417
0.416
0.415
0.424
0.417
0.417
0.415
0.424
0.43
0.411
0.421
0.415
0.434
0.428
0.42
0.421
0.42
0.423
0.419
0.421
0.421
0.42
0.417
0.426
0.417
0.417
0.425
0.423
0.429
0.422
0.415
0.423
0.42
0.421
0.421
0.43
0.42
0.413
0.421
0.425
0.428
0.42
0.419
0.424
0.419
0.418
0.411
0.417
0.424
0.427
0.418
0.42
0.411
0.417
0.421
0.419
0.411
0.422
0.43
0.42
0.415
0.424
0.428
0.438
0.435
0.428
0.427
0.425
0.425
0.422
0.422
0.43
0.433
0.418
0.417
0.407
0.415
0.419
0.426
0.42
0.416
0.41
0.415
0.415
0.422
0.411
0.416
0.42
0.42
0.41
0.41
0.407
0.405
0.41
0.408
0.403
0.406
0.411
0.419
0.416
0.409
0.405
0.409
0.406
0.406
0.409
0.404
0.407
0.413
0.408
0.411
0.405
0.408
0.409
0.403
0.411
0.414
0.412
0.41
0.409
0.408
0.418
0.409
0.404
0.407
0.408
0.415
0.424
0.418
0.41
0.415
0.408
0.41
0.42
0.413
0.41
0.418
0.408
0.415
0.414
0.414
0.409
0.407
0.413
0.418
0.422
0.415
0.414
0.406
0.415
0.418
0.411
0.408
0.408
0.411
0.409
0.41
0.403
0.408
0.418
0.41
0.412
0.413
0.403
0.405
0.413
0.41
0.408
0.418
0.418
0.413
0.411
0.408
0.407
0.409
0.415
0.413
0.403
0.411
0.408
0.418
0.409
0.41
0.407
0.416
0.423
0.414
0.413
0.405
0.411
0.402
0.412
0.411
0.403
0.408
0.406
0.411
0.409
0.416
0.411
0.403
0.411
0.414
0.416
0.411
0.402
0.396
0.416
0.406
0.404
0.403
0.411
0.407
0.416
0.406
0.399
0.396
0.403
0.405
0.398
0.401
0.396
0.398
0.402
0.399
0.403
0.394
0.399
0.4
0.403
0.412
0.411
0.407
0.399
0.404
0.412
0.412
0.422
0.417
0.41
0.406
0.406
0.409
0.406
0.401
0.411
0.405
0.401
0.397
0.405
0.408
0.399
0.407
0.403
0.401
0.403
0.4
0.407
0.411
0.408
0.405
0.413
0.422
0.415
0.407
0.415
0.406
0.401
0.407
0.406
0.401
0.404
0.395
0.399
0.402
0.395
0.403
0.396
0.396
0.397
0.394
0.403
0.395
0.392
0.394
0.387
0.395
0.396
0.39
0.384
0.398
0.394
0.387
0.39
0.391
0.388
0.393
0.389
0.393
0.393
0.396
0.395
0.389
0.381
0.387
0.389
0.384
0.388
0.385
0.392
0.389
0.397
0.395
0.391
0.386
0.38
0.381
0.385
0.384
0.39
0.385
0.381
0.384
0.381
0.389
0.383
0.392
0.396
0.395
0.388
0.379
0.388
0.384
0.391
0.388
0.379
0.388
0.388
0.385
0.385
0.384
0.386
0.383
0.385
0.394
0.395
0.389
0.383
0.391
0.39
0.385
0.393
0.396
0.389
0.392
0.394
0.396
0.391
0.396
0.387
0.39
0.396
0.396
0.397
0.395
0.386
0.383
0.392
0.398
0.393
0.395
0.387
0.386
0.391
0.388
0.397
0.386
0.394
0.387
0.389
0.389
0.396
0.394
0.386
0.391
0.384
0.389
0.398
0.397
0.39
0.389
0.389
0.395
0.395
0.396
0.393
0.387
0.383
0.39
0.389
0.393
0.395
0.393
0.386
0.377
0.386
0.391
0.384
0.39
0.395
0.393
0.39
0.382
0.387
0.383
0.391
0.391
0.384
0.393
0.391
0.387
0.382
0.388
0.393
0.386
0.389
0.397
0.39
0.388
0.396
0.394
0.403
0.396
0.39
0.388
0.393
0.394
0.389
0.396
0.395
0.391
0.394
0.393
0.388
0.394
0.396
0.393
0.395
0.389
0.392
0.4
0.398
0.392
0.394
0.389
0.396
0.394
0.391
0.398
0.396
0.395
0.396
0.394
0.402
0.395
0.393
0.402
0.397
0.391
0.401
0.396
0.394
0.395
0.387
0.395
0.398
0.395
0.398
0.397
0.396
0.393
0.396
0.396
0.396
0.402
0.399
0.395
0.402
0.396
0.396
0.395
0.396
0.396
0.403
0.403
0.395
0.394
0.395
0.393
0.397
0.391
0.4
0.392
0.397
0.39
0.406
0.401
0.396
0.395
0.396
0.392
0.395
0.4
0.402
0.396
0.401
0.391
0.393
0.402
0.4
0.402
0.403
0.411
0.409
0.402
0.402
0.395
0.396
0.396
0.399
0.397
0.393
0.391
0.396
0.393
0.391
0.397
0.399
0.396
0.391
0.386
0.388
0.394
0.403
0.394
0.393
0.388
0.393
0.391
0.383
0.391
0.389
0.389
0.387
0.389
0.392
0.384
0.392
0.388
0.387
0.384
0.39
0.387
0.396
0.389
0.396
0.394
0.39
0.39
0.396
0.4
0.405
0.407
0.411
0.414
0.415
0.413
0.413
0.418
0.413
0.416
0.419
0.421
0.425
0.422
0.426
0.426
0.433
0.427
0.436
0.437
0.43
0.438
0.44
0.436
0.435
0.431
0.434
0.434
0.437
0.436
0.435
0.442
0.444
0.446
0.452
0.449
0.452
0.459
0.451
0.457
0.453
0.453
0.442
0.45
0.455
0.448
0.457
0.459
0.464
0.462
0.459
0.452
0.46
0.455
0.455
0.462
0.478
0.487
0.477
0.47
0.479
0.487
0.485
0.48
0.487
0.49
0.498
0.502
0.508
0.496
0.503
0.525
0.523
0.524
0.528
0.521
0.521
0.518
0.527
0.524
0.517
0.551
0.547
0.548
0.552
0.545
0.55
0.55
0.562
0.551
0.556
0.558
0.562
0.528
0.487
0.483
0.482
0.474
0.483
0.476
0.482
0.479
0.474
0.483
0.483
0.48
0.489
0.492
0.498
0.487
0.49
0.497
0.499
0.492
0.495
0.485
0.491
0.488
0.477
0.485
0.478
0.471
0.479
0.484
0.48
0.473
0.476
0.477
0.481
0.473
0.479
0.481
0.476
0.487
0.489
0.484
0.482
0.485
0.49
0.488
0.482
0.482
0.492
0.491
0.484
0.493
0.483
0.473
0.468
0.474
0.475
0.468
0.472
0.469
0.472
0.46
0.439
0.434
0.414
0.417
0.414
0.402
0.398
0.399
0.392
0.396
0.396
0.387
0.392
0.392
0.383
0.385
0.386
0.382
0.384
0.385
0.38
0.381
0.382
0.375
0.379
0.375
0.384
0.38
0.376
0.375
0.379
0.375
0.375
0.368
0.37
0.363
0.369
0.375
0.381
0.365
0.364
0.363
0.369
0.363
0.362
0.366
0.368
0.364
0.367
0.365
0.366
0.365
0.366
0.366
0.374
0.365
0.371
0.37
0.375
0.372
0.378
0.372
0.379
0.373
0.364
0.368
0.37
0.376
0.371
0.37
0.375
0.38
0.381
0.38
0.378
0.376
0.37
0.372
0.372
0.375
0.369
0.379
0.374
0.369
0.364
0.368
0.374
0.369
0.37
0.367
0.37
0.363
0.364
0.362
0.366
0.371
0.363
0.368
0.361
0.36
0.367
0.365
0.364
0.365
0.36
0.366
0.358
0.365
0.371
0.362
0.362
0.358
0.361
0.363
0.362
0.364
0.366
0.364
0.366
0.361
0.363
0.37
0.371
0.362
0.371
0.362
0.366
0.359
0.367
0.36
0.36
0.367
0.364
0.362
0.362
0.362
0.358
0.364
0.361
0.357
0.353
0.358
0.354
0.359
0.354
0.358
0.356
0.355
0.357
0.354
0.358
0.353
0.358
0.354
0.359
0.353
0.358
0.358
0.361
0.354
0.355
0.351
0.353
0.36
0.367
0.358
0.356
0.362
0.363
0.364
0.358
0.362
0.367
0.366
0.37
0.366
0.369
0.367
0.373
0.37
0.375
0.368
0.371
0.375
0.382
0.375
0.38
0.376
0.379
0.379
0.381
0.374
0.376
0.378
0.378
0.374
0.378
0.379
0.386
0.377
0.369
0.375
0.366
0.371
0.369
0.367
0.375
0.368
0.367
0.375
0.367
0.358
0.354
0.346
0.356
0.353
0.348
0.352
0.349
0.352
0.347
0.353
0.358
0.35
0.357
0.352
0.359
0.351
0.357
0.35
0.357
0.354
0.349
0.354
0.355
0.351
0.353
0.354
0.352
0.355
0.352
0.356
0.351
0.355
0.349
0.357
0.352
0.35
0.353
0.355
0.353
0.354
0.361
0.36
0.36
0.356
0.354
0.358
0.365
0.361
0.36
0.359
0.361
0.354
0.362
0.353
0.355
0.354
0.351
0.352
0.356
0.349
0.356
0.353
0.352
0.353
0.357
0.349
0.354
0.348
0.351
0.354
0.347
0.355
0.35
0.356
0.349
0.346
0.354
0.348
0.354
0.346
0.351
0.35
0.352
0.35
0.351
0.347
0.351
0.348
0.354
0.35
0.355
0.348
0.356
0.351
0.354
0.351
0.352
0.354
0.349
0.348
0.349
0.348
0.352
0.35
0.35
0.35
0.351
0.353
0.35
0.355
0.353
0.35
0.356
0.349
0.355
0.349
0.354
0.347
0.353
0.348
0.354
0.348
0.35
0.343
0.351
0.354
0.349
0.353
0.348
0.352
0.351
0.349
0.35
0.347
0.348
0.352
0.693
0.694
0.695
0.691
0.346
0.345
0.345
0.346
0.348
0.355
0.354
0.347
0.348
0.351
0.346
0.349
0.345
0.352
0.347
0.348
0.35
0.343
0.351
0.344
0.35
0.345
0.351
0.347
0.352
0.344
0.351
0.349
0.353
0.349
0.347
0.353
0.353
0.354
0.355
0.355
0.358
0.353
0.347
0.354
0.355
0.359
0.356
0.362
0.362
0.363
0.358
0.366
0.36
0.368
0.362
0.36
0.354
0.361
0.359
0.355
0.36
0.363
0.362
0.363
0.356
0.358
0.362
0.357
0.352
0.359
0.357
0.357
0.361
0.357
0.359
0.363
0.362
0.362
0.365
0.357
0.36
0.363
0.356
0.363
0.355
0.362
0.356
0.357
0.351
0.358
0.354
0.357
0.352
0.36
0.352
0.354
0.36
0.352
0.36
0.354
0.357
0.354
0.358
0.353
0.356
0.362
0.357
0.359
0.356
0.359
0.356
0.362
0.354
0.357
0.361
0.352
0.354
0.353
0.358
0.351
0.359
0.354
0.357
0.351
0.356
0.354
0.354
0.352
0.358
0.356
0.354
0.356
0.353
0.352
0.354
0.346
0.352
0.349
0.349
0.348
0.34
0.346
0.349
0.345
0.345
0.352
0.347
0.352
0.35
0.352
0.346
0.353
0.348
0.351
0.352
0.356
0.348
0.35
0.35
0.355
0.351
0.351
0.354
0.35
0.351
0.347
0.351
0.354
0.355
0.354
0.354
0.354
0.352
0.347
0.346
0.354
0.354
0.354
0.36
0.359
0.352
0.358
0.351
0.359
0.353
0.359
0.351
0.359
0.357
0.355
0.348
0.354
0.35
0.351
0.348
0.354
0.348
0.354
0.347
0.347
0.348
0.35
0.345
0.352
0.347
0.35
0.343
0.347
0.352
0.345
0.344
0.344
0.349
0.343
0.348
0.34
0.348
0.341
0.348
0.342
0.345
0.348
0.344
0.343
0.345
0.341
0.347
0.343
0.347
0.341
0.347
0.343
0.349
0.345
0.347
0.34
0.346
0.342
0.343
0.343
0.344
0.347
0.346
0.682
0.682
0.681
0.343
0.345
0.343
0.34
0.344
0.337
0.343
0.341
0.346
0.343
0.339
0.347
0.348
0.342
0.341
0.342
0.344
0.346
0.348
0.346
0.344
0.339
0.344
0.343
0.347
0.346
0.346
0.35
0.347
0.354
0.352
0.346
0.348
0.343
0.349
0.346
0.35
0.353
0.348
0.356
0.351
0.354
0.353
0.355
0.35
0.346
0.354
0.353
0.358
0.354
0.356
0.349
0.356
0.358
0.361
0.352
0.356
0.359
0.352
0.357
0.35
0.358
0.352
0.356
0.361
0.354
0.357
0.353
0.355
0.35
0.355
0.354
0.355
0.354
0.347
0.35
0.347
0.346
0.348
0.344
0.35
0.345
0.348
0.343
0.346
0.344
0.351
0.345
0.351
0.343
0.348
0.347
0.346
0.345
0.35
0.349
0.344
0.35
0.343
0.348
0.348
0.341
0.34
0.347
0.684
0.684
0.682
0.687
0.685
0.683
0.347
0.344
0.339
0.343
0.347
0.346
0.341
0.337
0.684
0.68
0.341
0.349
0.349
0.352
0.345
0.346
0.351
0.69
0.346
0.345
0.351
0.346
0.348
0.342
0.348
0.34
0.347
0.34
0.351
0.35
0.349
0.35
0.348
0.348
0.346
0.349
0.342
0.346
0.347
0.35
0.344
0.348
0.356
0.35
0.348
0.354
0.35
0.356
0.349
0.357
0.358
0.353
0.351
0.35
0.355
0.348
0.355
0.351
0.353
0.348
0.353
0.347
0.35
0.35
0.352
0.35
0.349
0.346
0.354
0.696
0.694
0.696
0.696
0.352
0.349
0.351
0.343
0.346
0.349
0.351
0.344
0.347
0.349
0.346
0.347
0.345
0.347
0.685
0.688
0.343
0.337
0.345
0.346
0.347
0.342
0.341
0.347
0.341
0.344
0.346
0.342
0.347
0.341
0.344
0.346
0.342
0.34
0.346
0.339
0.342
0.345
0.341
0.343
0.343
0.343
0.343
0.342
0.344
0.346
0.343
0.349
0.343
0.337
0.341
0.348
0.342
0.346
0.338
0.346
0.343
0.345
0.345
0.349
0.353
0.35
0.346
0.347
0.353
0.359
0.354
0.354
0.352
0.353
0.348
0.35
0.355
0.353
0.354
0.354
0.351
0.356
0.352
0.354
0.348
0.351
0.353
0.353
0.35
0.352
0.354
0.349
0.354
0.347
0.352
0.349
0.351
0.347
0.354
0.348
0.355
0.347
0.354
0.348
0.354
0.346
0.354
0.347
0.354
0.348
0.354
0.351
0.351
0.349
0.344
0.346
0.345
0.346
0.347
0.343
0.351
0.345
0.342
0.35
0.342
0.349
0.342
0.345
0.687
0.679
0.344
0.347
0.341
0.344
0.34
0.346
0.341
0.341
0.342
0.342
0.342
0.344
0.337
0.341
0.682
0.676
0.683
0.339
0.336
0.337
0.342
0.345
0.346
0.344
0.336
0.34
0.337
0.344
0.347
0.349
0.344
0.337
0.344
0.342
0.346
0.347
0.345
0.353
0.347
0.341
0.345
0.347
0.35
0.347
0.349
0.351
0.349
0.35
0.351
0.345
0.347
0.352
0.352
0.353
0.353
0.351
0.354
0.353
0.345
0.353
0.349
0.351
0.354
0.357
0.351
0.359
0.354
0.352
0.353
0.354
0.354
0.359
0.354
0.354
0.36
0.354
0.353
0.358
0.354
0.36
0.353
0.356
0.355
0.359
0.358
0.358
0.354
0.358
0.357
0.362
0.37
0.361
0.359
0.363
0.363
0.357
0.362
0.365
0.359
0.358
0.361
0.364
0.37
0.362
0.368
0.363
0.366
0.363
0.364
0.363
0.36
0.359
0.36
0.356
0.36
0.363
0.359
0.367
0.36
0.364
0.363
0.367
0.363
0.364
0.364
0.365
0.368
0.364
0.367
0.361
0.366
0.366
0.359
0.365
0.359
0.36
0.366
0.362
0.365
0.367
0.367
0.365
0.37
0.364
0.366
0.368
0.361
0.371
0.366
0.363
0.366
0.371
0.365
0.372
0.367
0.37
0.374
0.369
0.375
0.381
0.375
0.379
0.38
0.378
0.38
0.376
0.375
0.382
0.376
0.374
0.376
0.372
0.374
0.379
0.379
0.37
0.378
0.373
0.374
0.379
0.373
0.378
0.371
0.375
0.374
0.374
0.375
0.375
0.374
0.372
0.372
0.38
0.377
0.382
0.376
0.384
0.378
0.381
0.376
0.381
0.375
0.377
0.373
0.377
0.379
0.381
0.373
0.374
0.377
0.37
0.369
0.37
0.375
0.378
0.371
0.378
0.372
0.372
0.376
0.372
0.367
0.367
0.368
0.373
0.37
0.364
0.373
0.372
0.365
0.373
0.374
0.369
0.37
0.372
0.366
0.373
0.37
0.374
0.371
0.376
0.372
0.373
0.369
0.377
0.371
0.376
0.375
0.384
0.382
0.38
0.38
0.375
0.381
0.374
0.378
0.383
0.375
0.374
0.373
0.378
0.374
0.378
0.373
0.38
0.376
0.379
0.371
0.38
0.378
0.37
0.374
0.377
0.377
0.374
0.377
0.373
0.372
0.375
0.383
0.377
0.379
0.378
0.372
0.38
0.376
0.376
0.376
0.373
0.376
0.373
0.382
0.384
0.376
0.382
0.378
0.373
0.368
0.374
0.375
0.371
0.377
0.376
0.374
0.374
0.371
0.378
0.377
0.383
0.375
0.375
0.376
0.378
0.372
0.38
0.375
0.377
0.377
0.375
0.375
0.368
0.374
0.37
0.373
0.377
0.376
0.375
0.373
0.371
0.371
0.373
0.369
0.377
0.376
0.375
0.372
0.373
0.379
0.377
0.384
0.375
0.382
0.375
0.378
0.378
0.374
0.376
0.371
0.372
0.368
0.376
0.372
0.372
0.371
0.374
0.366
0.367
0.371
0.365
0.372
0.365
0.373
0.364
0.372
0.368
0.372
0.366
0.373
0.367
0.371
0.366
0.381
0.386
0.38
0.386
0.382
0.381
0.374
0.378
0.378
0.376
0.374
0.376
0.377
0.373
0.375
0.373
0.375
0.373
0.375
0.37
0.375
0.372
0.371
0.371
0.376
0.37
0.377
0.369
0.373
0.376
0.374
0.375
0.378
0.372
0.377
0.373
0.379
0.376
0.381
0.384
0.381
0.38
0.385
0.382
0.385
0.385
0.384
0.385
0.385
0.383
0.39
0.381
0.387
0.385
0.387
0.389
0.391
0.396
0.39
0.398
0.392
0.39
0.397
0.396
0.402
0.396
0.399
0.408
0.406
0.405
0.404
0.412
0.407
0.409
0.408
0.409
0.413
0.412
0.412
0.419
0.414
0.414
0.419
0.418
0.422
0.421
0.413
0.418
0.422
0.418
0.421
0.427
0.425
0.423
0.422
0.424
0.427
0.425
0.426
0.429
0.425
0.432
0.429
0.426
0.432
0.432
0.437
0.433
0.436
0.441
0.44
0.445
0.443
0.448
0.452
0.451
0.429
0.437
0.405
0.41
0.413
0.404
0.399
0.391
0.393
0.372
0.377
0.368
0.364
0.373
0.367
0.37
0.372
0.354
0.356
0.354
0.354
0.358
0.352
0.354
0.355
0.353
0.354
0.355
0.353
0.357
0.353
0.357
0.351
0.359
0.352
0.357
0.357
0.352
0.354
0.355
0.351
0.356
0.353
0.354
0.355
0.354
0.354
0.354
0.352
0.354
0.352
0.354
0.351
0.351
0.356
0.355
0.351
0.354
0.35
0.354
0.351
0.354
0.35
0.354
0.351
0.354
0.349
0.355
0.348
0.354
0.351
0.354
0.348
0.347
0.351
0.346
0.35
0.347
0.349
0.347
0.349
0.35
0.344
0.352
0.344
0.35
0.345
0.352
0.344
0.349
0.345
0.351
0.343
0.35
0.348
0.342
0.349
0.343
0.345
0.345
0.344
0.345
0.347
0.346
0.34
0.347
0.347
0.346
0.342
0.348
0.341
0.349
0.346
0.341
0.343
0.342
0.343
0.337
0.34
0.342
0.339
0.342
0.345
0.678
0.679
0.68
0.679
0.678
0.342
0.337
0.343
0.336
0.343
0.676
0.675
0.336
0.339
0.341
0.336
0.341
0.34
0.34
0.333
0.339
0.334
0.335
0.338
0.333
0.34
0.333
0.341
0.342
0.349
0.345
0.343
0.35
0.343
0.348
0.346
0.352
0.349
0.348
0.352
0.348
0.347
0.353
0.349
0.349
0.352
0.35
0.352
0.353
0.354
0.354
0.357
0.357
0.358
0.358
0.36
0.365
0.357
0.36
0.363
0.365
0.365
0.365
0.366
0.365
0.366
0.373
0.376
0.371
0.377
0.372
0.373
0.376
0.372
0.378
0.375
0.38
0.382
0.385
0.376
0.384
0.387
0.39
0.389
0.391
0.39
0.394
0.395
0.396
0.393
0.396
0.398
0.392
0.405
0.404
0.411
0.408
0.411
0.416
0.406
0.414
0.416
0.414
0.422
0.423
0.43
0.429
0.426
0.426
0.43
0.432
0.422
0.428
0.431
0.433
0.438
0.438
0.443
0.435
0.458
0.455
0.451
0.458
0.462
0.458
0.466
0.46
0.457
0.452
0.456
0.461
0.45
0.457
0.454
0.456
0.464
0.458
0.461
0.453
0.458
0.469
0.472
0.469
0.471
0.47
0.473
0.47
0.466
0.472
0.469
0.476
0.468
0.477
0.473
0.471
0.472
0.468
0.475
0.472
0.479
0.477
0.477
0.468
0.474
0.473
0.472
0.482
0.473
0.477
0.472
0.477
0.474
0.479
0.48
0.478
0.481
0.488
0.481
0.484
0.48
0.489
0.479
0.485
0.479
0.479
0.475
0.475
0.472
0.479
0.468
0.475
0.48
0.449
0.402
0.411
0.4
0.384
0.386
0.381
0.389
0.389
0.374
0.383
0.368
0.373
0.376
0.359
0.366
0.363
0.356
0.358
0.359
0.357
0.356
0.354
0.354
0.356
0.351
0.357
0.354
0.359
0.358
0.355
0.349
0.356
0.351
0.356
0.355
0.35
0.352
0.35
0.354
0.348
0.353
0.349
0.354
0.347
0.352
0.35
0.352
0.351
0.348
0.352
0.35
0.349
0.349
0.345
0.349
0.349
0.348
0.35
0.349
0.35
0.344
0.349
0.345
0.347
0.69
0.691
0.692
0.687
0.689
0.688
0.688
0.687
0.687
0.686
0.685
0.681
0.345
0.343
0.343
0.344
0.341
0.346
0.341
0.344
0.341
0.346
0.34
0.345
0.344
0.34
0.343
0.342
0.346
0.339
0.343
0.342
0.341
0.338
0.34
0.334
0.338
0.344
0.342
0.345
0.341
0.348
0.351
0.347
0.347
0.35
0.348
0.348
0.348
0.352
0.35
0.348
0.351
0.351
0.354
0.356
0.355
0.358
0.354
0.359
0.359
0.359
0.361
0.361
0.364
0.363
0.359
0.363
0.362
0.37
0.362
0.36
0.363
0.368
0.365
0.374
0.366
0.369
0.367
0.37
0.373
0.366
0.374
0.372
0.375
0.375
0.376
0.381
0.38
0.374
0.38
0.378
0.386
0.377
0.376
0.381
0.378
0.385
0.383
0.383
0.387
0.392
0.388
0.392
0.393
0.396
0.39
0.388
0.393
0.396
0.389
0.394
0.397
0.393
0.396
0.399
0.395
0.395
0.4
0.401
0.406
0.403
0.411
0.407
0.403
0.411
0.408
0.406
0.41
0.411
0.413
0.422
0.412
0.42
0.417
0.415
0.411
0.415
0.407
0.404
0.411
0.415
0.405
0.405
0.403
0.4
0.406
0.406
0.396
0.402
0.398
0.396
0.393
0.394
0.393
0.4
0.401
0.397
0.393
0.398
0.391
0.399
0.39
0.39
0.395
0.401
0.408
0.394
0.396
0.396
0.396
0.391
0.395
0.394
0.4
0.399
0.393
0.388
0.396
0.397
0.397
0.394
0.396
0.4
0.402
0.396
0.403
0.395
0.392
0.396
0.39
0.396
0.395
0.396
0.398
0.394
0.396
0.391
0.396
0.391
0.389
0.395
0.4
0.404
0.4
0.396
0.39
0.383
0.376
0.385
0.382
0.374
0.373
0.37
0.374
0.373
0.382
0.375
0.367
0.364
0.368
0.361
0.365
0.367
0.358
0.361
0.361
0.363
0.358
0.365
0.356
0.354
0.362
0.362
0.358
0.359
0.354
0.36
0.353
0.355
0.358
0.356
0.358
0.353
0.361
0.356
0.359
0.352
0.354
0.349
0.354
0.351
0.356
0.349
0.354
0.354
0.358
0.354
0.352
0.358
0.355
0.353
0.361
0.355
0.354
0.359
0.356
0.356
0.36
0.357
0.365
0.368
0.361
0.369
0.367
0.365
0.357
0.36
0.368
0.368
0.366
0.373
0.368
0.365
0.359
0.36
0.368
0.367
0.365
0.36
0.372
0.374
0.368
0.376
0.367
0.374
0.377
0.375
0.369
0.373
0.368
0.372
0.37
0.375
0.375
0.375
0.37
0.374
0.374
0.374
0.365
0.373
0.371
0.375
0.371
0.374
0.367
0.374
0.367
0.373
0.371
0.371
0.371
0.37
0.371
0.369
0.372
0.373
0.365
0.367
0.37
0.371
0.376
0.371
0.373
0.374
0.378
0.371
0.378
0.372
0.383
0.382
0.383
0.382
0.386
0.372
0.381
0.381
0.376
0.379
0.379
0.379
0.379
0.377
0.385
0.382
0.388
0.379
0.386
0.381
0.386
0.38
0.388
0.383
0.374
0.378
0.379
0.379
0.384
0.39
0.387
0.384
0.385
0.388
0.379
0.384
0.375
0.384
0.383
0.388
0.382
0.379
0.385
0.381
0.381
0.378
0.377
0.382
0.388
0.381
0.39
0.382
0.38
0.379
0.38
0.383
0.38
0.379
0.383
0.385
0.384
0.39
0.385
0.392
0.386
0.393
0.388
0.387
0.379
0.378
0.382
0.386
0.389
0.382
0.383
0.374
0.379
0.38
0.379
0.387
0.379
0.385
0.385
0.383
0.386
0.381
0.387
0.378
0.376
0.378
0.38
0.374
0.375
0.374
0.375
0.377
0.373
0.381
0.373
0.378
0.37
0.376
0.378
0.376
0.378
0.375
0.384
0.384
0.385
0.385
0.381
0.38
0.387
0.379
0.379
0.382
0.383
0.379
0.383
0.382
0.383
0.382
0.382
0.382
0.391
0.393
0.388
0.383
0.382
0.381
0.381
0.386
0.392
0.39
0.386
0.39
0.385
0.386
0.391
0.388
0.384
0.39
0.393
0.396
0.39
0.39
0.384
0.389
0.387
0.389
0.383
0.388
0.393
0.388
0.393
0.385
0.376
0.385
0.384
0.384
0.39
0.382
0.392
0.396
0.394
0.392
0.386
0.387
0.394
0.391
0.384
0.383
0.388
0.389
0.395
0.39
0.392
0.384
0.387
0.39
0.385
0.39
0.382
0.39
0.382
0.391
0.396
0.387
0.396
0.389
0.38
0.385
0.394
0.387
0.392
0.394
0.388
0.384
0.388
0.389
0.386
0.393
0.392
0.395
0.388
0.38
0.387
0.387
0.385
0.395
0.394
0.39
0.384
0.388
0.389
0.382
0.388
0.393
0.388
0.388
0.388
0.395
0.398
0.387
0.391
0.387
0.394
0.393
0.389
0.397
0.385
0.391
0.386
0.394
0.388
0.392
0.392
0.385
0.386
0.389
0.388
0.384
0.39
0.398
0.389
0.389
0.385
0.39
0.388
0.386
0.387
0.38
0.388
0.387
0.391
0.391
0.395
0.388
0.394
0.395
0.391
0.394
0.394
0.396
0.395
0.401
0.394
0.397
0.4
0.396
0.398
0.398
0.402
0.399
0.404
0.398
0.397
0.406
0.402
0.401
0.403
0.405
0.406
0.408
0.406
0.404
0.41
0.406
0.41
0.415
0.411
0.409
0.416
0.41
0.409
0.412
0.417
0.412
0.411
0.403
0.415
0.403
0.395
0.399
0.401
0.394
0.392
0.395
0.388
0.388
0.385
0.391
0.388
0.38
0.382
0.379
0.385
0.38
0.379
0.376
0.372
0.378
0.373
0.375
0.369
0.37
0.37
0.364
0.367
0.361
0.367
0.365
0.366
0.364
0.365
0.362
0.362
0.359
0.365
0.362
0.357
0.36
0.359
0.36
0.359
0.363
0.357
0.359
0.36
0.362
0.37
0.37
0.368
0.369
0.36
0.363
0.36
0.359
0.36
0.356
0.363
0.354
0.356
0.357
0.359
0.356
0.358
0.359
0.356
0.364
0.355
0.363
0.36
0.357
0.361
0.353
0.355
0.35
0.354
0.35
0.358
0.354
0.359
0.358
0.354
0.352
0.352
0.358
0.355
0.347
0.354
0.35
0.354
0.346
0.349
0.354
0.348
0.354
0.347
0.354
0.348
0.351
0.347
0.351
0.348
0.353
0.348
0.351
0.346
0.354
0.348
0.35
0.345
0.351
0.35
0.352
0.696
0.696
0.698
0.694
0.695
0.69
0.694
0.693
0.691
0.693
0.689
0.689
0.691
0.347
0.34
0.346
0.346
0.348
0.346
0.344
0.349
0.343
0.349
0.343
0.348
0.343
0.347
0.34
0.345
0.341
0.344
0.34
0.345
0.339
0.345
0.343
0.346
0.341
0.344
0.343
0.341
0.343
0.342
0.341
0.344
0.339
0.347
0.685
0.684
0.685
0.686
0.685
0.683
0.683
0.345
0.344
0.343
0.34
0.34
0.348
0.342
0.35
0.347
0.343
0.35
0.351
0.35
0.349
0.353
0.353
0.345
0.357
0.359
0.36
0.361
0.362
0.364
0.364
0.365
0.365
0.366
0.366
0.366
0.372
0.368
0.368
0.373
0.369
0.365
0.37
0.373
0.376
0.376
0.377
0.378
0.38
0.379
0.387
0.38
0.385
0.389
0.386
0.387
0.396
0.388
0.396
0.394
0.395
0.398
0.396
0.396
0.398
0.402
0.41
0.406
0.41
0.41
0.409
0.417
0.409
0.413
0.416
0.417
0.423
0.424
0.422
0.424
0.425
0.428
0.422
0.431
0.429
0.423
0.427
0.43
0.424
0.426
0.429
0.438
0.441
0.436
0.441
0.442
0.439
0.438
0.438
0.437
0.444
0.443
0.45
0.447
0.448
0.451
0.451
0.454
0.448
0.447
0.455
0.461
0.456
0.452
0.455
0.456
0.453
0.454
0.456
0.455
0.458
0.459
0.462
0.471
0.462
0.468
0.474
0.468
0.472
0.47
0.476
0.468
0.474
0.473
0.481
0.473
0.477
0.475
0.482
0.479
0.486
0.486
0.489
0.484
0.48
0.482
0.492
0.485
0.483
0.479
0.487
0.486
0.477
0.486
0.496
0.488
0.492
0.486
0.489
0.482
0.493
0.493
0.498
0.496
0.491
0.501
0.494
0.49
0.498
0.499
0.491
0.495
0.501
0.498
0.502
0.502
0.495
0.486
0.433
0.438
0.429
0.416
0.417
0.418
0.4
0.4
0.394
0.391
0.398
0.39
0.386
0.379
0.383
0.379
0.373
0.371
0.376
0.377
0.373
0.368
0.369
0.367
0.362
0.371
0.37
0.359
0.358
0.36
0.361
0.356
0.352
0.358
0.36
0.361
0.354
0.352
0.353
0.351
0.355
0.351
0.356
0.354
0.349
0.696
0.697
0.696
0.695
0.693
0.69
0.699
0.693
0.697
0.694
0.693
0.693
0.688
0.69
0.688
0.689
0.688
0.688
0.687
0.688
0.687
0.687
0.346
0.342
0.347
0.346
0.343
0.349
0.341
0.347
0.343
0.346
0.345
0.349
0.348
0.349
0.351
0.348
0.346
0.347
0.355
0.354
0.348
0.354
0.348
0.353
0.349
0.354
0.353
0.354
0.354
0.357
0.361
0.358
0.354
0.358
0.356
0.356
0.363
0.358
0.365
0.361
0.37
0.365
0.363
0.371
0.364
0.365
0.37
0.367
0.366
0.37
0.375
0.372
0.372
0.377
0.378
0.384
0.38
0.376
0.38
0.384
0.388
0.39
0.388
0.389
0.39
0.392
0.392
0.393
0.396
0.395
0.388
0.397
0.395
0.398
0.395
0.4
0.395
0.397
0.406
0.406
0.398
0.406
0.404
0.407
0.403
0.405
0.409
0.411
0.416
0.426
0.424
0.421
0.429
0.421
0.428
0.422
0.432
0.434
0.438
0.438
0.433
0.438
0.438
0.444
0.438
0.442
0.438
0.438
0.446
0.439
0.442
0.439
0.444
0.438
0.442
0.453
0.445
0.465
0.467
0.461
0.461
0.464
0.469
0.459
0.466
0.462
0.46
0.468
0.469
0.469
0.468
0.47
0.471
0.476
0.477
0.474
0.475
0.479
0.478
0.479
0.48
0.483
0.475
0.477
0.481
0.479
0.479
0.486
0.483
0.489
0.481
0.488
0.482
0.487
0.489
0.482
0.493
0.494
0.498
0.496
0.497
0.502
0.499
0.494
0.498
0.503
0.494
0.5
0.5
0.499
0.495
0.496
0.504
0.495
0.504
0.498
0.493
0.501
0.505
0.5
0.492
0.5
0.501
0.492
0.494
0.483
0.474
0.472
0.461
0.459
0.453
0.449
0.46
0.453
0.444
0.451
0.448
0.442
0.442
0.437
0.43
0.424
0.422
0.425
0.415
0.42
0.413
0.407
0.41
0.402
0.407
0.399
0.396
0.384
0.387
0.386
0.385
0.382
0.384
0.373
0.368
0.374
0.37
0.363
0.368
0.362
0.366
0.362
0.358
0.361
0.361
0.364
0.357
0.354
0.354
0.36
0.359
0.355
0.361
0.352
0.354
0.354
0.358
0.353
0.355
0.354
0.356
0.356
0.354
0.357
0.351
0.357
0.354
0.35
0.353
0.357
0.356
0.356
0.357
0.357
0.363
0.364
0.36
0.356
0.361
0.36
0.364
0.364
0.362
0.364
0.366
0.362
0.364
0.368
0.365
0.365
0.371
0.367
0.365
0.372
0.369
0.372
0.369
0.374
0.374
0.377
0.372
0.374
0.376
0.374
0.373
0.379
0.381
0.374
0.383
0.378
0.38
0.384
0.376
0.38
0.385
0.386
0.388
0.384
0.388
0.383
0.389
0.39
0.382
0.391
0.385
0.392
0.392
0.389
0.394
0.395
0.396
0.397
0.394
0.396
0.401
0.394
0.402
0.402
0.394
0.4
0.398
0.406
0.402
0.4
0.403
0.406
0.403
0.404
0.412
0.408
0.407
0.412
0.415
0.411
0.416
0.416
0.413
0.419
0.425
0.418
0.425
0.424
0.419
0.426
0.424
0.426
0.425
0.432
0.438
0.438
0.445
0.442
0.449
0.45
0.446
0.457
0.46
0.456
0.455
0.454
0.459
0.453
0.46
0.455
0.464
0.463
0.461
0.463
0.456
0.465
0.466
0.455
0.466
0.475
0.467
0.475
0.474
0.481
0.481
0.475
0.474
0.479
0.481
0.476
0.478
0.482
0.474
0.484
0.487
0.482
0.487
0.485
0.49
0.488
0.489
0.493
0.487
0.488
0.493
0.491
0.486
0.49
0.491
0.486
0.496
0.495
0.49
0.496
0.498
0.503
0.503
0.505
0.508
0.503
0.509
0.507
0.504
0.506
0.507
0.506
0.499
0.507
0.506
0.507
0.501
0.513
0.509
0.5
0.511
0.512
0.513
0.514
0.517
0.508
0.514
0.514
0.513
0.516
0.518
0.513
0.512
0.512
0.509
0.515
0.521
0.518
0.514
0.525
0.527
0.527
0.522
0.531
0.534
0.533
0.525
0.522
0.525
0.532
0.532
0.529
0.533
0.531
0.542
0.533
0.535
0.545
0.537
0.531
0.533
0.525
0.515
0.51
0.513
0.511
0.494
0.491
0.501
0.47
0.471
0.469
0.466
0.471
0.463
0.462
0.469
0.46
0.454
0.452
0.449
0.445
0.448
0.453
0.447
0.439
0.436
0.445
0.434
0.431
0.436
0.434
0.435
0.423
0.424
0.416
0.414
0.423
0.416
0.426
0.419
0.421
0.43
0.416
0.416
0.42
0.42
0.423
0.421
0.412
0.411
0.414
0.414
0.419
0.42
0.413
0.404
0.413
0.413
0.409
0.407
0.411
0.415
0.412
0.408
0.403
0.413
0.404
0.402
0.402
0.412
0.411
0.402
0.396
0.402
0.411
0.406
0.402
0.401
0.396
0.405
0.4
0.396
0.394
0.396
0.401
0.397
0.399
0.394
0.4
0.396
0.396
0.391
0.394
0.399
0.396
0.398
0.399
0.403
0.398
0.392
0.398
0.396
0.401
0.404
0.396
0.396
0.402
0.394
0.4
0.4
0.401
0.397
0.403
0.398
0.405
0.398
0.395
0.398
0.395
0.395
0.4
0.402
0.392
0.402
0.403
0.397
0.403
0.405
0.396
0.403
0.403
0.401
0.396
0.405
0.399
0.404
0.403
0.412
0.403
0.404
0.401
0.397
0.403
0.406
0.404
0.397
0.403
0.408
0.398
0.401
0.407
0.403
0.413
0.411
0.402
0.409
0.412
0.41
0.404
0.401
0.407
0.413
0.403
0.405
0.407
0.406
0.4
0.407
0.408
0.398
0.4
0.402
0.4
0.406
0.399
0.408
0.399
0.399
0.405
0.399
0.407
0.408
0.414
0.406
0.405
0.405
0.403
0.41
0.419
0.409
0.403
0.406
0.407
0.402
0.41
0.402
0.406
0.402
0.408
0.399
0.406
0.404
0.403
0.407
0.413
0.403
0.408
0.399
0.406
0.398
0.402
0.41
0.41
0.411
0.403
0.403
0.405
0.402
0.406
0.41
0.408
0.412
0.405
0.404
0.401
0.406
0.396
0.408
0.398
0.398
0.403
0.408
0.408
0.406
0.399
0.4
0.406
0.396
0.4
0.397
0.399
0.407
0.409
0.401
0.396
0.404
0.402
0.396
0.395
0.403
0.407
0.406
0.4
0.391
0.397
0.406
0.41
0.402
0.398
0.403
0.401
0.406
0.412
0.403
0.402
0.395
0.399
0.405
0.396
0.404
0.394
0.399
0.405
0.396
0.399
0.398
0.403
0.407
0.411
0.409
0.405
0.414
0.415
0.407
0.406
0.4
0.396
0.403
0.413
0.401
0.408
0.403
0.403
0.399
0.404
0.405
0.405
0.405
0.408
0.401
0.396
0.404
0.402
0.398
0.397
0.401
0.392
0.396
0.398
0.396
0.398
0.4
0.405
0.397
0.393
0.397
0.399
0.403
0.398
0.391
0.393
0.396
0.401
0.396
0.405
0.396
0.393
0.399
0.395
0.396
0.387
0.395
0.393
0.393
0.392
0.395
0.389
0.397
0.397
0.388
0.391
0.394
0.391
0.39
0.39
0.393
0.387
0.395
0.386
0.393
0.387
0.396
0.389
0.394
0.388
0.392
0.387
0.386
0.386
0.388
0.388
0.389
0.387
0.383
0.392
0.386
0.393
0.384
0.389
0.386
0.388
0.384
0.391
0.392
0.387
0.385
0.388
0.387
0.388
0.396
0.394
0.396
0.388
0.392
0.388
0.387
0.39
0.383
0.388
0.385
0.394
0.385
0.391
0.389
0.396
0.389
0.392
0.392
0.388
0.396
0.394
0.396
0.396
0.396
0.399
0.401
0.396
0.402
0.403
0.399
0.405
0.401
0.408
0.403
0.404
0.41
0.407
0.406
0.411
0.417
0.409
0.418
0.413
0.414
0.416
0.418
0.417
0.419
0.415
0.422
0.418
0.426
0.425
0.424
0.428
0.432
0.432
0.438
0.429
0.437
0.431
0.438
0.433
0.442
0.44
0.446
0.45
0.45
0.451
0.457
0.448
0.458
0.45
0.453
0.449
0.448
0.455
0.454
0.461
0.459
0.459
0.46
0.46
0.464
0.459
0.467
0.464
0.466
0.465
0.471
0.47
0.469
0.474
0.473
0.477
0.472
0.479
0.476
0.479
0.477
0.481
0.483
0.484
0.483
0.487
0.488
0.485
0.485
0.488
0.489
0.486
0.488
0.491
0.492
0.493
0.497
0.501
0.506
0.507
0.511
0.512
0.51
0.509
0.511
0.51
0.511
0.511
0.517
0.516
0.518
0.519
0.525
0.532
0.533
0.53
0.532
0.538
0.532
0.531
0.53
0.518
0.527
0.52
0.513
0.505
0.51
0.514
0.513
0.519
0.517
0.523
0.529
0.527
0.535
0.537
0.53
0.53
0.534
0.543
0.556
0.549
0.547
0.542
0.539
0.534
0.534
0.539
0.537
0.537
0.526
0.536
0.543
0.54
0.541
0.549
0.539
0.534
0.537
0.541
0.534
0.532
0.533
0.557
0.557
0.551
0.545
0.556
0.551
0.543
0.538
0.549
0.538
0.538
0.535
0.537
0.538
0.537
0.549
0.548
0.551
0.564
0.566
0.577
0.575
0.582
0.582
0.589
0.589
0.588
0.592
0.602
0.604
0.604
0.607
0.618
0.628
0.618
0.616
0.586
0.576
0.567
0.563
0.574
0.574
0.581
0.586
0.597
0.6
0.599
0.641
0.633
0.626
0.625
0.619
0.614
0.615
0.623
0.632
0.643
0.631
0.636
0.636
0.636
0.621
0.628
0.628
0.623
0.618
0.618
0.591
0.591
0.585
0.579
0.574
0.574
0.581
0.587
0.591
0.598
0.596
0.592
0.588
0.593
0.581
0.584
0.585
0.586
0.584
0.586
0.588
0.587
0.59
0.595
0.602
0.602
0.6
0.6
0.601
0.602
0.602
0.604
0.607
0.612
0.616
0.622
0.625
0.629
0.63
0.628
0.622
0.62
0.619
0.616
0.611
0.61
0.61
0.612
0.615
0.617
0.622
0.621
0.621
0.619
0.616
0.617
0.619
0.62
0.621
0.624
0.627
0.626
0.628
0.627
0.624
0.621
0.622
0.619
0.618
0.616
0.617
0.614
0.613
0.612
0.615
0.613
0.613
0.61
0.612
0.611
0.609
0.607
0.605
0.605
0.604
0.604
0.604
0.604
0.604
0.607
0.607
0.607
0.607
0.609
0.608
0.608
0.606
0.609
0.607
0.607
0.607
0.608
0.607
0.606
0.606
0.605
0.604
0.605
0.605
0.609
0.606
0.605
0.603
0.602
0.598
0.596
0.593
0.592
0.59
0.586
0.584
