0.616
0.612
0.604
0.595
0.592
0.582
0.573
0.567
0.563
0.554
0.544
0.542
0.552
0.521
0.524
0.508
0.466
0.472
0.444
0.446
0.456
0.446
0.423
0.424
0.43
0.429
0.426
0.428
0.437
0.428
0.434
0.424
0.422
0.417
0.416
0.418
0.424
0.427
0.421
0.417
0.426
0.419
0.411
0.416
0.411
0.403
0.408
0.418
0.421
0.413
0.414
0.419
0.406
0.404
0.406
0.409
0.414
0.41
0.412
0.416
0.411
0.405
0.409
0.41
0.415
0.412
0.407
0.409
0.414
0.41
0.406
0.405
0.414
0.405
0.398
0.403
0.397
0.395
0.401
0.394
0.403
0.399
0.402
0.394
0.396
0.397
0.4
0.395
0.4
0.403
0.393
0.399
0.396
0.388
0.395
0.401
0.4
0.396
0.399
0.392
0.397
0.391
0.396
0.391
0.396
0.39
0.397
0.402
0.393
0.385
0.387
0.384
0.391
0.393
0.393
0.391
0.384
0.383
0.385
0.392
0.386
0.39
0.396
0.387
0.385
0.39
0.381
0.39
0.396
0.388
0.386
0.392
0.388
0.394
0.388
0.384
0.389
0.387
0.38
0.387
0.385
0.389
0.396
0.397
0.39
0.388
0.386
0.39
0.399
0.393
0.388
0.396
0.396
0.388
0.389
0.392
0.388
0.398
0.395
0.392
0.399
0.397
0.394
0.392
0.397
0.396
0.389
0.389
0.388
0.39
0.395
0.401
0.391
0.398
0.394
0.396
0.387
0.393
0.402
0.407
0.407
0.402
0.411
0.412
0.406
0.41
0.409
0.412
0.408
0.414
0.412
0.42
0.413
0.421
0.417
0.416
0.416
0.419
0.423
0.42
0.421
0.416
0.422
0.423
0.429
0.421
0.416
0.418
0.423
0.424
0.419
0.421
0.412
0.417
0.414
0.407
0.417
0.424
0.417
0.4
0.396
0.4
0.4
0.403
0.398
0.405
0.398
0.397
0.402
0.396
0.403
0.397
0.396
0.404
0.396
0.398
0.401
0.395
0.395
0.399
0.395
0.391
0.392
0.39
0.394
0.39
0.384
0.395
0.39
0.385
0.392
0.386
0.394
0.386
0.381
0.389
0.393
0.389
0.386
0.391
0.4
0.395
0.389
0.39
0.383
0.386
0.393
0.386
0.39
0.393
0.388
0.387
0.395
0.396
0.397
0.388
0.395
0.388
0.387
0.39
0.382
0.388
0.391
0.391
0.393
0.384
0.382
0.379
0.386
0.386
0.382
0.381
0.384
0.391
0.391
0.388
0.388
0.386
0.379
0.391
0.389
0.382
0.39
0.384
0.383
0.391
0.385
0.392
0.389
0.383
0.388
0.386
0.395
0.391
0.384
0.386
0.387
0.38
0.387
0.392
0.384
0.387
0.386
0.393
0.387
0.391
0.383
0.384
0.386
0.387
0.392
0.388
0.385
0.388
0.392
0.386
0.387
0.384
0.381
0.386
0.388
0.387
0.384
0.388
0.379
0.383
0.379
0.38
0.382
0.382
0.378
0.379
0.383
0.382
0.391
0.375
0.386
0.385
0.378
0.386
0.388
0.387
0.379
0.385
0.378
0.379
0.376
0.385
0.381
0.384
0.381
0.374
0.38
0.384
0.378
0.386
0.383
0.374
0.382
0.374
0.376
0.381
0.386
0.388
0.38
0.384
0.378
0.38
0.389
0.381
0.378
0.38
0.384
0.382
0.381
0.377
0.385
0.385
0.388
0.378
0.381
0.382
0.377
0.381
0.382
0.379
0.373
0.378
0.377
0.373
0.375
0.381
0.373
0.371
0.38
0.377
0.374
0.379
0.372
0.37
0.373
0.376
0.369
0.378
0.378
0.373
0.371
0.375
0.369
0.371
0.38
0.371
0.372
0.367
0.378
0.375
0.368
0.369
0.375
0.374
0.371
0.379
0.387
0.381
0.379
0.378
0.37
0.369
0.368
0.376
0.372
0.379
0.376
0.373
0.373
0.376
0.37
0.364
0.373
0.368
0.372
0.366
0.375
0.376
0.37
0.371
0.368
0.366
0.367
0.366
0.373
0.365
0.372
0.373
0.374
0.376
0.375
0.377
0.37
0.371
0.375
0.37
0.363
0.369
0.365
0.373
0.373
0.366
0.368
0.372
0.378
0.375
0.379
0.375
0.37
0.369
0.369
0.367
0.372
0.369
0.368
0.373
0.374
0.371
0.372
0.365
0.374
0.374
0.374
0.372
0.377
0.372
0.372
0.375
0.368
0.377
0.377
0.377
0.368
0.365
0.376
0.367
0.376
0.374
0.378
0.37
0.369
0.372
0.373
0.37
0.366
0.365
0.374
0.376
0.367
0.371
0.37
0.376
0.376
0.378
0.382
0.375
0.379
0.38
0.378
0.382
0.374
0.371
0.374
0.369
0.376
0.369
0.371
0.368
0.379
0.379
0.378
0.375
0.371
0.377
0.38
0.377
0.382
0.384
0.385
0.378
0.378
0.376
0.372
0.377
0.379
0.386
0.377
0.376
0.381
0.382
0.385
0.382
0.377
0.379
0.376
0.371
0.373
0.379
0.379
0.382
0.374
0.383
0.387
0.38
0.382
0.38
0.374
0.383
0.377
0.375
0.376
0.37
0.372
0.373
0.371
0.376
0.371
0.38
0.371
0.375
0.378
0.372
0.37
0.377
0.379
0.372
0.38
0.376
0.374
0.37
0.373
0.374
0.373
0.375
0.37
0.373
0.378
0.378
0.375
0.37
0.376
0.373
0.375
0.37
0.371
0.371
0.379
0.377
0.37
0.379
0.37
0.366
0.369
0.368
0.369
0.377
0.372
0.378
0.378
0.369
0.376
0.371
0.373
0.366
0.365
0.369
0.365
0.37
0.366
0.37
0.364
0.372
0.363
0.371
0.379
0.377
0.371
0.377
0.375
0.369
0.368
0.37
0.365
0.371
0.374
0.365
0.372
0.369
0.371
0.372
0.37
0.366
0.375
0.369
0.369
0.375
0.375
0.372
0.363
0.371
0.362
0.365
0.367
0.371
0.375
0.366
0.372
0.376
0.375
0.37
0.375
0.369
0.364
0.371
0.372
0.366
0.374
0.365
0.374
0.367
0.363
0.37
0.365
0.373
0.373
0.37
0.367
0.374
0.368
0.376
0.377
0.379
0.379
0.37
0.379
0.37
0.369
0.364
0.371
0.366
0.373
0.367
0.374
0.371
0.373
0.374
0.373
0.371
0.369
0.375
0.366
0.367
0.369
0.374
0.365
0.373
0.368
0.361
0.377
0.369
0.37
0.367
0.369
0.371
0.365
0.372
0.371
0.376
0.367
0.366
0.374
0.371
0.366
0.367
0.374
0.379
0.37
0.368
0.372
0.37
0.375
0.366
0.368
0.371
0.371
0.368
0.371
0.366
0.37
0.371
0.373
0.373
0.364
0.37
0.369
0.374
0.369
0.374
0.368
0.373
0.366
0.368
0.369
0.367
0.374
0.366
0.372
0.377
0.375
0.37
0.376
0.376
0.37
0.367
0.367
0.37
0.373
0.364
0.373
0.365
0.365
0.372
0.369
0.37
0.367
0.36
0.365
0.362
0.36
0.367
0.366
0.366
0.365
0.371
0.366
0.374
0.365
0.373
0.368
0.366
0.374
0.371
0.373
0.375
0.369
0.371
0.366
0.374
0.371
0.365
0.362
0.369
0.375
0.372
0.364
0.368
0.368
0.367
0.366
0.366
0.365
0.37
0.362
0.359
0.362
0.361
0.364
0.366
0.362
0.37
0.362
0.36
0.375
0.374
0.374
0.382
0.376
0.375
0.371
0.374
0.379
0.372
0.381
0.378
0.371
0.378
0.372
0.375
0.372
0.366
0.375
0.366
0.371
0.377
0.383
0.378
0.377
0.375
0.37
0.374
0.372
0.366
0.373
0.369
0.365
0.374
0.379
0.372
0.37
0.367
0.367
0.366
0.365
0.369
0.373
0.365
0.37
0.369
0.369
0.363
0.371
0.367
0.37
0.369
0.371
0.366
0.372
0.369
0.375
0.373
0.382
0.38
0.375
0.372
0.373
0.376
0.368
0.37
0.368
0.373
0.372
0.369
0.374
0.367
0.366
0.372
0.374
0.367
0.371
0.369
0.37
0.371
0.379
0.376
0.374
0.373
0.366
0.367
0.374
0.369
0.378
0.371
0.374
0.373
0.371
0.364
0.365
0.365
0.369
0.362
0.366
0.375
0.368
0.372
0.369
0.368
0.365
0.372
0.368
0.368
0.366
0.363
0.366
0.363
0.364
0.37
0.365
0.369
0.361
0.36
0.363
0.359
0.364
0.358
0.364
0.359
0.365
0.358
0.365
0.359
0.363
0.357
0.365
0.359
0.359
0.363
0.356
0.362
0.359
0.358
0.357
0.354
0.356
0.356
0.355
0.36
0.357
0.354
0.36
0.353
0.361
0.355
0.358
0.352
0.356
0.358
0.359
0.359
0.36
0.361
0.363
0.355
0.363
0.371
0.363
0.359
0.365
0.374
0.365
0.366
0.367
0.362
0.365
0.373
0.365
0.372
0.369
0.365
0.369
0.364
0.364
0.369
0.36
0.366
0.357
0.362
0.362
0.36
0.358
0.354
0.356
0.353
0.35
0.352
0.349
0.357
0.353
0.353
0.351
0.353
0.356
0.354
0.356
0.354
0.353
0.358
0.353
0.349
0.356
0.352
0.351
0.353
0.349
0.353
0.355
0.352
0.354
0.353
0.352
0.354
0.359
0.352
0.353
0.359
0.354
0.35
0.352
0.355
0.347
0.354
0.356
0.348
0.343
0.349
0.343
0.349
0.352
0.35
0.351
0.357
0.35
0.352
0.355
0.351
0.348
0.356
0.354
0.351
0.356
0.355
0.361
0.357
0.354
0.354
0.36
0.354
0.355
0.354
0.36
0.36
0.355
0.36
0.362
0.355
0.355
0.363
0.354
0.354
0.358
0.36
0.354
0.361
0.365
0.359
0.363
0.364
0.366
0.364
0.364
0.373
0.364
0.368
0.361
0.369
0.367
0.37
0.373
0.37
0.367
0.374
0.366
0.369
0.373
0.371
0.368
0.365
0.37
0.37
0.372
0.371
0.367
0.371
0.375
0.381
0.373
0.376
0.374
0.373
0.375
0.383
0.378
0.381
0.379
0.381
0.387
0.385
0.381
0.388
0.384
0.388
0.391
0.4
0.405
