0.688
0.688
0.654
0.642
0.64
0.628
0.629
0.619
0.613
0.621
0.617
0.61
0.601
0.599
0.598
0.59
0.593
0.595
0.587
0.585
0.58
0.571
0.575
0.576
0.563
0.571
0.574
0.56
0.56
0.563
0.567
0.553
0.549
0.548
0.535
0.543
0.543
0.532
0.537
0.536
0.526
0.531
0.533
0.521
0.516
0.516
0.507
0.501
0.505
0.503
0.494
0.499
0.495
0.498
0.502
0.502
0.485
0.485
0.493
0.484
0.487
0.481
0.476
0.485
0.481
0.492
0.483
0.478
0.485
0.494
0.478
0.483
0.478
0.479
0.487
0.483
0.475
0.484
0.483
0.472
0.479
0.471
0.473
0.479
0.481
0.476
0.483
0.48
0.481
0.478
0.482
0.479
0.47
0.469
0.473
0.472
0.475
0.475
0.482
0.477
0.477
0.469
0.469
0.467
0.469
0.47
0.481
0.471
0.463
0.461
0.457
0.454
0.451
0.451
0.455
0.454
0.456
0.457
0.462
0.461
0.479
0.471
0.462
0.465
0.466
0.472
0.476
0.466
0.475
0.475
0.467
0.476
0.472
0.467
0.474
0.469
0.463
0.468
0.459
0.466
0.46
0.451
0.453
0.457
0.454
0.451
0.449
0.445
0.445
0.451
0.462
0.46
0.457
0.455
0.468
0.476
0.471
0.471
0.473
0.463
0.474
0.463
0.46
0.463
0.47
0.459
0.455
0.465
0.47
0.453
0.452
0.457
0.456
0.46
0.456
0.458
0.456
0.462
0.473
0.458
0.459
0.457
0.466
0.455
0.454
0.46
0.45
0.456
0.466
0.457
0.459
0.455
0.458
0.45
0.457
0.446
0.457
0.446
0.444
0.44
0.436
0.443
0.437
0.438
0.445
0.437
0.444
0.446
0.44
0.439
0.439
0.438
0.436
0.428
0.442
0.434
0.433
0.44
0.448
0.439
0.449
0.439
0.447
0.44
0.44
0.448
0.438
0.443
0.438
0.437
0.441
0.439
0.436
0.433
0.443
0.448
0.445
0.441
0.437
0.436
0.434
0.438
0.447
0.451
0.431
0.436
0.438
0.436
0.434
0.433
0.437
0.434
0.439
0.434
0.439
0.44
0.435
0.431
0.423
0.429
0.425
0.419
0.42
0.414
0.42
0.426
0.428
0.435
0.431
0.43
0.427
0.417
0.419
0.422
0.427
0.431
0.428
0.426
0.417
0.422
0.418
0.423
0.432
0.422
0.413
0.418
0.427
0.42
0.413
0.43
0.42
0.418
0.425
0.417
0.423
0.429
0.423
0.432
0.426
0.434
0.441
0.439
0.431
0.441
0.43
0.431
0.422
0.439
0.429
0.42
0.426
0.426
0.435
0.439
0.433
0.427
0.435
0.438
0.428
0.432
0.439
0.429
0.428
0.42
0.424
0.425
0.427
0.419
0.424
0.426
0.418
0.428
0.437
0.437
0.418
0.426
0.427
0.417
0.417
0.423
0.429
0.433
0.413
0.424
0.416
0.426
0.417
0.436
0.426
0.416
0.43
0.423
0.428
0.432
0.436
0.435
0.43
0.42
0.425
0.43
0.436
0.438
0.433
0.44
0.43
0.438
0.438
0.436
0.428
0.431
0.416
0.423
0.429
0.432
0.425
0.421
0.426
0.427
0.423
0.421
0.434
0.429
0.42
0.423
0.422
0.43
0.43
0.431
0.423
0.424
0.421
0.427
0.433
0.425
0.424
0.43
0.425
0.428
0.418
0.421
0.415
0.422
0.415
0.421
0.415
0.429
0.424
0.424
0.431
0.429
0.435
0.428
0.422
0.428
0.428
0.435
0.439
0.432
0.424
0.426
0.435
0.429
0.439
0.433
0.427
0.42
0.438
0.432
0.422
0.426
0.434
0.431
0.424
0.424
0.428
0.422
0.421
0.422
0.418
0.435
0.428
0.419
0.423
0.423
0.425
0.431
0.433
0.424
0.415
0.433
0.424
0.429
0.437
0.425
0.424
0.419
0.42
0.426
0.427
0.418
0.422
0.426
0.422
0.429
0.435
0.432
0.438
0.442
0.438
0.433
0.438
0.431
0.436
0.444
0.445
0.436
0.429
0.436
0.435
0.43
0.432
0.432
0.442
0.442
0.446
0.436
0.431
0.44
0.444
0.439
0.441
0.438
0.432
0.429
0.43
0.437
0.428
0.438
0.435
0.43
0.428
0.425
0.425
0.427
0.424
0.434
0.434
0.439
0.431
0.426
0.433
0.437
0.443
0.438
0.438
0.43
0.436
0.43
0.425
0.427
0.424
0.425
0.428
0.419
0.428
0.432
0.43
0.432
0.424
0.424
0.417
0.427
0.418
0.419
0.425
0.42
0.425
0.422
0.432
0.431
0.424
0.434
0.415
0.425
0.424
0.423
0.424
0.414
0.421
0.418
0.412
0.42
0.425
0.423
0.413
0.422
0.412
0.416
0.426
0.422
0.414
0.405
0.418
0.415
0.41
0.415
0.421
0.426
0.418
0.41
0.413
0.405
0.415
0.414
0.406
0.414
0.418
0.417
0.426
0.418
0.428
0.419
0.411
0.422
0.42
0.418
0.414
0.413
0.406
0.413
0.42
0.41
0.419
0.409
0.409
0.414
0.407
0.414
0.423
0.415
0.42
0.423
0.415
0.416
0.409
0.413
0.416
0.407
0.411
0.419
0.409
0.415
0.405
0.412
0.421
0.419
0.411
0.406
0.417
0.416
0.409
0.426
0.432
0.423
0.43
0.424
0.42
0.414
0.424
0.42
0.429
0.431
0.423
0.428
0.423
0.418
0.428
0.423
0.43
0.431
0.421
0.424
0.418
0.421
0.422
0.426
0.436
0.429
0.434
0.425
0.429
0.43
0.433
0.428
0.436
0.434
0.429
0.434
0.439
0.43
0.429
0.422
0.42
0.427
0.428
0.431
0.421
0.425
0.422
0.432
0.431
0.422
0.419
0.419
0.424
0.421
0.414
0.423
0.424
0.433
0.426
0.422
0.429
0.432
0.425
0.424
0.425
0.423
0.432
0.434
0.433
0.435
0.434
0.427
0.418
0.422
0.431
0.422
0.425
0.419
0.424
0.426
0.422
0.421
0.429
0.425
0.432
0.423
0.431
0.433
0.438
0.428
0.437
0.441
0.438
0.44
0.433
0.435
0.426
0.429
0.435
0.425
0.435
0.433
0.428
0.445
0.445
0.438
0.435
0.438
0.431
0.429
0.423
0.428
0.431
0.428
0.434
0.439
0.423
0.42
0.428
0.438
0.43
0.425
0.426
0.423
0.426
0.43
0.428
0.433
0.423
0.438
0.437
0.427
0.43
0.423
0.427
0.424
0.434
0.429
0.421
0.431
0.424
0.428
0.431
0.435
0.433
0.439
0.43
0.421
0.43
0.437
0.438
0.431
0.421
0.429
0.421
0.427
0.432
0.433
0.437
0.431
0.435
0.426
0.429
0.423
0.425
0.421
0.423
0.429
0.416
0.415
0.407
0.417
0.425
0.418
0.409
0.409
0.408
0.413
0.404
0.411
0.406
0.412
0.419
0.414
0.413
0.411
0.401
0.398
0.405
0.398
0.405
0.403
0.397
0.403
0.4
0.394
0.396
0.395
0.401
0.403
0.403
0.397
0.389
0.394
0.391
0.396
0.402
0.399
0.39
0.388
0.397
0.393
0.395
0.39
0.382
0.392
0.396
0.395
0.39
0.39
0.394
0.398
0.4
0.4
0.395
0.4
0.392
0.396
0.404
0.409
0.405
0.397
0.403
0.411
0.405
0.411
0.413
0.419
0.417
0.421
0.424
0.419
0.42
0.425
0.419
0.422
0.414
0.423
0.427
0.431
0.431
0.426
0.418
0.424
0.419
0.442
0.438
0.428
0.426
0.424
0.434
0.429
0.434
0.424
0.428
0.429
0.432
0.425
0.435
0.426
0.439
0.434
0.438
0.438
0.452
0.446
0.447
0.449
0.44
0.432
0.44
0.444
0.449
0.442
0.437
0.451
0.453
0.442
0.439
0.439
0.448
0.455
0.434
0.452
0.447
0.441
0.435
0.438
0.435
0.439
0.443
0.433
0.423
0.424
0.431
0.425
0.43
0.434
0.424
0.417
0.419
0.418
0.428
0.431
0.434
0.427
0.42
0.418
0.428
0.421
0.419
0.413
0.415
0.418
0.414
0.418
0.421
0.431
0.415
0.411
0.413
0.423
0.419
0.413
0.405
0.415
0.405
0.412
0.408
0.409
0.404
0.41
0.408
0.402
0.401
0.396
0.399
0.396
0.404
0.394
0.399
0.394
0.402
0.395
0.39
0.388
0.392
0.398
0.394
0.402
0.402
0.392
0.389
0.391
0.4
0.403
0.394
0.401
0.4
0.402
0.393
0.4
0.406
0.405
0.406
0.404
0.401
0.396
0.395
0.402
0.402
0.407
0.404
0.397
0.401
0.406
0.403
0.41
0.405
0.406
0.4
0.406
0.398
0.403
0.406
0.401
0.401
0.406
0.408
0.401
0.407
0.415
0.403
0.408
0.401
0.401
0.403
0.413
0.403
0.408
0.416
0.412
0.41
0.406
0.406
0.409
0.417
0.413
0.409
0.415
0.406
0.412
0.405
0.417
0.409
0.417
0.41
0.414
0.423
0.422
0.412
0.411
0.416
0.41
0.412
0.411
0.422
0.421
0.416
0.415
0.407
0.412
0.41
0.415
0.41
0.418
0.414
0.406
0.412
0.406
0.409
0.412
0.413
0.422
0.424
0.42
0.416
0.422
0.415
0.417
0.423
0.416
0.413
0.409
0.415
0.412
0.414
0.42
0.414
0.412
0.422
0.419
0.41
0.417
0.409
0.423
0.417
0.419
0.411
0.413
0.413
0.421
0.412
0.413
0.409
0.418
0.412
0.416
0.426
0.42
0.413
0.42
0.415
0.427
0.419
0.424
0.418
0.418
0.422
0.425
0.416
0.413
0.417
0.414
0.423
0.419
0.411
0.414
0.415
0.419
0.413
0.416
0.408
0.409
0.415
0.421
0.421
0.414
0.423
0.422
0.417
0.414
0.409
0.419
0.425
0.419
0.42
0.413
0.422
0.421
0.413
0.414
0.412
0.421
0.421
0.416
0.419
0.423
0.42
0.413
0.412
0.422
0.412
0.415
0.411
0.415
0.413
0.422
0.413
0.421
0.412
0.416
0.417
0.421
0.426
0.417
0.417
0.413
0.414
0.416
0.412
0.424
0.416
0.416
0.417
0.427
0.423
0.414
0.42
0.416
0.41
0.415
0.41
0.42
0.413
0.416
0.412
0.414
0.421
0.426
0.42
0.415
0.411
0.423
0.413
0.417
0.415
0.421
0.422
0.426
0.418
0.423
0.426
0.426
0.431
0.423
0.42
0.427
0.435
0.425
0.423
0.424
0.43
0.434
0.434
0.433
0.441
0.444
0.436
0.431
0.427
0.435
0.445
0.438
0.439
0.43
0.431
0.425
0.429
0.43
0.428
0.431
0.44
0.431
0.438
0.431
0.43
0.443
0.438
0.439
0.431
0.43
0.428
0.424
0.436
0.439
0.431
0.426
0.429
0.419
0.435
0.426
0.428
0.421
0.43
0.435
0.432
0.433
0.425
0.43
0.427
0.43
0.435
0.439
0.437
0.427
0.422
0.428
0.423
0.432
0.435
0.432
0.422
0.429
0.426
0.424
0.418
0.428
0.43
0.424
0.42
0.417
0.427
0.424
0.42
0.415
0.419
0.419
0.416
0.42
0.411
0.429
0.425
0.416
0.421
0.415
0.423
0.423
0.429
0.422
0.422
0.43
0.417
0.41
0.417
0.421
0.426
0.416
0.411
0.415
0.42
0.427
0.418
0.415
0.422
0.428
0.421
0.424
0.428
0.42
0.41
0.417
0.421
0.412
0.422
0.421
0.416
0.418
0.425
0.419
0.427
0.418
0.424
0.42
0.427
0.434
0.422
0.425
0.424
0.429
0.424
0.415
0.422
0.416
0.423
0.414
0.418
0.414
0.42
0.416
0.423
0.422
0.425
0.415
0.421
0.424
0.424
0.42
0.418
0.414
0.42
0.427
0.43
0.422
0.429
0.431
0.427
0.427
0.422
0.431
0.426
0.424
0.421
0.427
0.434
0.433
0.424
0.423
0.426
0.42
0.429
0.421
0.429
0.425
0.429
0.431
0.423
0.421
0.431
0.439
0.437
0.431
0.423
0.426
0.431
0.427
0.425
0.423
0.437
0.437
0.428
0.427
0.431
0.438
0.426
0.436
0.428
0.434
0.436
0.427
0.423
0.429
0.424
0.422
0.43
0.439
0.43
0.429
0.433
0.429
0.432
0.439
0.431
0.424
0.429
0.429
0.423
0.426
0.424
0.425
0.43
0.424
0.432
0.424
0.433
0.423
0.432
0.438
0.441
0.436
0.438
0.433
0.44
0.431
0.428
0.429
0.438
0.433
0.427
0.43
0.434
0.437
0.431
0.432
0.441
0.439
0.425
0.435
0.425
0.433
0.425
0.428
0.42
0.426
0.42
0.426
0.434
0.431
0.426
0.425
0.427
0.427
0.42
0.423
0.424
0.414
0.42
0.425
0.433
0.425
0.429
0.419
0.414
0.423
0.414
0.419
0.415
0.417
0.421
0.411
0.417
0.41
0.417
0.416
0.412
0.413
0.419
0.41
0.417
0.424
0.416
0.426
0.424
0.416
0.419
0.414
0.422
0.42
0.419
0.414
0.42
0.412
0.416
0.422
0.414
0.423
0.424
0.421
0.418
0.422
0.428
0.418
0.415
0.422
0.412
0.421
0.412
0.421
0.427
0.417
0.419
0.428
0.418
0.422
0.417
0.425
0.425
0.427
0.424
0.429
0.424
0.418
0.414
0.42
0.412
0.42
0.411
0.419
0.423
0.423
0.414
0.413
0.422
0.417
0.417
0.414
0.422
0.418
0.425
0.418
0.415
0.417
0.434
0.43
0.421
0.426
0.422
0.43
0.426
0.436
0.44
0.433
0.436
0.435
0.434
0.43
0.435
0.44
0.436
0.437
0.442
0.435
0.427
0.443
0.441
0.434
0.435
0.43
0.44
0.438
0.433
0.429
0.434
0.425
0.434
0.436
0.427
0.427
0.426
0.419
0.42
0.415
0.421
0.42
0.414
0.421
0.416
0.426
0.417
0.42
0.415
0.421
0.425
0.421
0.429
0.424
0.43
0.424
0.416
0.421
0.419
0.425
0.42
0.422
0.418
0.423
0.428
0.433
0.425
0.432
0.43
0.425
0.424
0.417
0.419
0.415
0.414
0.42
0.418
0.428
0.429
0.426
0.418
0.415
0.42
0.418
0.424
0.416
0.433
0.432
0.431
0.435
0.436
0.43
0.423
0.428
0.435
0.443
0.416
0.425
0.429
0.437
0.429
0.437
0.43
0.438
0.44
0.435
0.437
0.436
0.44
0.447
0.437
0.429
0.433
0.441
0.438
0.434
0.438
0.439
0.448
0.439
0.439
0.433
0.437
0.43
0.439
0.444
0.444
0.438
0.445
0.439
0.445
0.438
0.433
0.438
0.431
0.431
0.439
0.447
0.444
0.45
0.444
0.438
0.434
0.438
0.435
0.435
0.438
0.437
0.439
0.445
0.449
0.445
0.442
0.449
0.452
0.46
0.47
0.45
0.449
0.458
0.449
0.455
0.451
0.452
0.461
0.465
0.454
0.453
0.448
0.448
0.453
0.463
0.458
0.455
0.451
0.445
0.455
0.456
0.45
0.441
0.443
0.445
0.445
0.455
0.461
0.442
0.44
0.455
0.439
0.437
0.438
0.461
0.449
0.46
0.451
0.444
0.448
0.451
0.445
0.449
0.434
0.433
0.44
0.434
0.429
0.436
0.443
0.446
0.436
0.428
0.437
0.433
0.433
0.434
0.428
0.45
0.445
0.435
0.434
0.447
0.448
0.438
0.43
0.432
0.439
0.438
0.431
0.445
0.436
0.427
0.434
0.433
0.429
0.438
0.438
0.444
0.435
0.427
0.429
0.434
0.442
0.446
0.428
0.438
0.433
0.429
0.426
0.435
0.429
0.431
0.422
0.42
0.428
0.428
0.427
0.433
0.439
0.442
0.432
0.434
0.441
0.431
0.425
0.425
0.433
0.429
0.438
0.433
0.436
0.43
0.438
0.433
0.431
0.435
0.437
0.428
0.43
0.422
0.421
0.425
0.43
0.429
0.427
0.432
0.426
0.418
0.423
0.43
0.421
0.43
0.428
0.434
0.426
0.418
0.426
0.421
0.426
0.419
0.428
0.423
0.413
0.419
0.42
0.414
0.415
0.425
0.421
0.419
0.429
0.42
0.419
0.414
0.416
0.413
0.415
0.42
0.427
0.416
0.414
0.423
0.421
0.425
0.429
0.431
0.423
0.419
0.427
0.418
0.419
0.426
0.429
0.435
0.428
0.425
0.427
0.419
0.421
0.428
0.426
0.433
0.423
0.419
0.424
0.43
0.432
0.423
0.431
0.427
0.421
0.427
0.433
0.434
0.433
0.425
0.431
0.422
0.428
0.423
0.431
0.424
0.43
0.436
0.437
0.431
0.429
0.423
0.429
0.422
0.43
0.424
0.427
0.434
0.426
0.433
0.423
0.427
0.426
0.43
0.433
0.442
0.436
0.431
0.423
0.43
0.431
0.441
0.438
0.437
0.437
0.43
0.437
0.439
0.438
0.432
0.426
0.424
0.431
0.44
0.437
0.427
0.434
0.44
0.421
0.429
0.43
0.438
0.43
0.422
0.428
0.425
0.419
0.423
0.428
0.434
0.427
0.423
0.419
0.421
0.411
0.42
0.411
0.421
0.427
0.423
0.427
0.428
0.43
0.427
0.425
0.425
0.431
0.426
0.436
0.432
0.425
0.429
0.432
0.434
0.438
0.443
0.441
0.443
0.441
0.448
0.441
0.443
0.454
0.449
0.449
0.466
0.469
0.467
0.474
0.472
0.482
0.475
0.496
0.498
0.505
0.504
0.492
0.503
0.51
0.502
0.512
0.509
0.508
0.514
0.507
0.501
0.522
0.523
0.523
0.535
0.538
0.537
0.561
0.575
0.57
0.562
0.567
0.563
0.56
0.571
0.557
0.559
0.564
0.568
0.564
0.564
0.561
0.565
0.565
0.568
0.562
0.574
0.566
0.56
0.616
0.615
0.567
0.577
0.58
0.587
0.601
0.606
0.608
0.608
0.602
0.591
0.583
0.578
0.58
0.572
0.584
0.588
0.602
0.599
0.606
0.597
0.586
0.596
0.597
0.585
0.586
0.584
0.588
0.589
0.614
0.618
0.617
0.58
0.58
0.586
0.584
0.595
0.603
0.602
0.604
0.614
0.618
0.605
0.606
0.607
0.604
0.604
0.604
0.608
0.603
0.61
0.601
0.614
0.62
0.63
0.63
0.624
0.618
0.605
0.604
0.598
0.599
0.594
0.594
0.603
0.602
0.604
0.602
0.603
0.594
0.597
0.604
0.604
0.604
0.602
0.602
0.588
0.593
0.589
0.597
0.603
0.612
0.625
0.625
0.631
0.625
0.619
0.62
0.612
0.608
0.617
0.602
0.604
0.601
0.604
0.603
0.612
0.622
0.616
0.614
0.604
0.604
0.596
0.59
0.599
0.591
0.593
0.594
0.593
0.596
0.607
0.616
0.621
0.633
0.625
0.634
0.623
0.632
0.637
0.626
0.623
0.622
0.615
0.619
0.607
0.616
0.607
0.616
0.62
0.612
0.617
0.627
0.631
0.621
0.63
0.621
0.611
0.6
0.596
0.605
0.606
0.641
0.627
0.615
0.619
0.612
0.614
0.61
0.613
0.621
0.615
0.65
0.648
0.65
0.644
0.635
0.602
0.603
0.612
0.607
0.619
0.62
0.629
0.629
0.637
0.643
0.627
0.6
0.577
0.554
0.548
0.546
0.544
0.537
0.533
0.521
0.517
0.517
0.524
0.522
0.516
0.519
0.516
0.526
0.504
0.499
0.49
0.487
0.496
0.478
0.478
0.48
0.475
0.479
0.47
0.474
0.465
0.466
0.464
0.46
0.451
0.453
0.448
0.442
0.443
0.453
0.461
0.453
0.45
0.442
0.434
0.438
0.444
0.45
0.439
0.44
0.43
0.443
0.449
0.439
0.434
0.433
0.435
0.441
0.452
0.434
0.443
0.447
0.437
0.438
0.431
0.433
0.437
0.445
0.436
0.429
0.432
0.43
0.433
0.439
0.44
0.432
0.435
0.425
0.438
0.43
0.437
0.446
0.443
0.434
0.437
0.437
0.429
0.426
0.436
0.431
0.427
0.433
0.442
0.437
0.432
0.436
0.426
0.429
0.437
0.436
0.426
0.431
0.426
0.444
0.434
0.428
0.427
0.427
0.428
0.436
0.44
0.433
0.435
0.426
0.432
0.428
0.431
0.437
0.429
0.43
0.437
0.431
0.437
0.438
0.438
0.436
0.441
0.444
0.439
0.439
0.448
0.45
0.44
0.441
0.438
0.442
0.443
0.432
0.439
0.435
0.432
0.439
0.449
0.442
0.442
0.441
0.446
0.44
0.444
0.441
0.441
0.436
0.437
0.431
0.433
0.435
0.442
0.443
0.438
0.436
0.433
0.432
0.438
0.441
0.45
0.443
0.437
0.438
0.438
0.448
0.438
0.438
0.429
0.43
0.44
0.445
0.44
0.441
0.434
0.436
0.439
0.441
0.433
0.431
0.426
0.428
0.435
0.428
0.436
0.427
0.424
0.43
0.429
0.425
0.428
0.422
0.429
0.42
0.43
0.424
0.431
0.425
0.432
0.428
0.435
0.434
0.424
0.43
0.42
0.431
0.429
0.436
0.428
0.426
0.419
0.432
0.425
0.431
0.424
0.433
0.423
0.43
0.421
0.422
0.427
0.431
0.424
0.429
0.422
0.422
0.427
0.422
0.42
0.429
0.426
0.433
0.429
0.419
0.425
0.426
0.42
0.423
0.429
0.421
0.426
0.426
0.436
0.43
0.435
0.426
0.43
0.431
0.436
0.435
0.438
0.438
0.443
0.44
0.442
0.444
0.451
0.448
0.443
0.448
0.45
0.455
0.444
0.455
0.455
0.453
0.459
0.457
0.466
0.461
0.475
0.47
0.479
0.478
0.479
0.48
0.479
0.479
0.484
0.492
0.482
0.494
0.49
0.499
0.491
0.494
0.499
0.503
0.493
0.502
0.505
0.516
0.512
0.515
0.508
0.516
0.518
0.513
0.531
0.537
0.538
0.544
0.539
0.541
0.53
0.541
0.534
0.541
0.539
0.543
0.541
0.552
0.599
0.56
0.563
0.551
0.543
0.552
0.552
0.558
0.567
0.578
0.581
0.572
0.622
0.614
0.615
0.588
0.583
0.579
0.591
0.593
0.593
0.624
0.62
0.608
0.595
0.588
0.578
0.582
0.582
0.578
0.58
0.579
0.577
0.585
0.595
0.596
0.59
0.589
0.589
0.597
0.582
0.585
0.59
0.589
0.576
0.571
0.579
0.646
0.635
0.573
0.563
0.55
0.553
0.55
0.544
0.493
0.504
0.495
0.49
0.498
0.495
0.49
0.481
0.491
0.489
0.482
0.485
0.489
0.477
0.486
0.494
0.484
0.49
0.484
0.458
0.454
0.459
0.453
0.462
0.468
0.451
0.446
0.448
0.459
0.454
0.449
0.457
0.447
0.443
0.434
0.439
0.456
0.442
0.452
0.451
0.44
0.439
0.439
0.439
0.442
0.444
0.447
0.439
0.431
0.434
0.439
0.447
0.44
0.438
0.431
0.438
0.445
0.436
0.435
0.432
0.433
0.439
0.444
0.441
0.442
0.435
0.43
0.434
0.425
0.433
0.439
0.432
0.424
0.426
0.433
0.428
0.423
0.432
0.428
0.42
0.43
0.424
0.431
0.435
0.426
0.418
0.425
0.433
0.425
0.43
0.431
0.427
0.435
0.426
0.423
0.424
0.43
0.426
0.436
0.425
0.427
0.423
0.426
0.429
0.425
0.425
0.432
0.426
0.418
0.423
0.425
0.433
0.428
0.422
0.425
0.427
0.435
0.427
0.43
0.424
0.422
0.414
0.423
0.416
0.421
0.418
0.415
0.42
0.413
0.423
0.43
0.423
0.422
0.42
0.417
0.422
0.421
0.416
0.417
0.423
0.418
0.423
0.425
0.426
0.421
0.423
0.428
0.431
0.437
0.441
0.44
0.438
0.441
0.439
0.44
0.446
0.445
0.445
0.442
0.45
0.443
0.466
0.467
0.47
0.472
0.48
0.478
0.479
0.474
0.477
0.478
0.482
0.484
0.48
0.485
0.482
0.494
0.493
0.503
0.493
0.501
0.508
0.499
0.503
0.516
0.514
0.516
0.516
0.519
0.515
0.518
0.517
0.514
0.517
0.519
0.517
0.507
0.512
0.507
0.505
0.508
0.499
0.505
0.509
0.505
0.541
0.545
0.549
0.537
0.533
0.52
0.521
0.516
0.517
0.516
0.518
0.514
0.512
0.509
0.51
0.506
0.504
0.525
0.523
