0.549
0.538
0.482
0.478
0.468
0.47
0.434
0.432
0.423
0.389
0.387
0.385
0.38
0.386
0.386
0.38
0.385
0.387
0.388
0.384
0.388
0.392
0.391
0.389
0.395
0.39
0.394
0.389
0.397
0.396
0.389
0.398
0.396
0.399
0.401
0.397
0.401
0.402
0.4
0.399
0.403
0.402
0.4
0.4
0.405
0.407
0.409
0.405
0.409
0.412
0.411
0.406
0.407
0.416
0.412
0.41
0.418
0.418
0.412
0.421
0.417
0.434
0.434
0.427
0.433
0.431
0.444
0.453
0.454
0.451
0.45
0.455
0.453
0.458
0.47
0.478
0.483
0.484
0.481
0.48
0.477
0.485
0.491
0.488
0.482
0.48
0.479
0.484
0.485
0.487
0.491
0.493
0.498
0.503
0.504
0.511
0.515
0.513
0.523
0.521
0.51
0.514
0.518
0.522
0.511
0.517
0.517
0.509
0.517
0.52
0.518
0.524
0.53
0.532
0.534
0.542
0.538
0.534
0.546
0.532
0.528
0.515
0.521
0.521
0.51
0.505
0.516
0.522
0.524
0.555
0.559
0.565
0.556
0.565
0.558
0.553
0.562
0.554
0.567
0.554
0.536
0.539
0.535
0.534
0.543
0.542
0.573
0.58
0.568
0.572
0.563
0.568
0.567
0.564
0.604
0.608
0.609
0.607
0.604
0.593
0.603
0.615
0.617
0.619
0.614
0.608
0.618
0.603
0.606
0.597
0.585
0.597
0.597
0.637
0.648
0.637
0.625
0.633
0.621
0.614
0.621
0.608
0.618
0.629
0.617
0.632
0.637
0.628
0.635
0.626
0.63
0.629
0.616
0.609
0.619
0.62
0.617
0.622
0.619
0.614
0.617
0.603
0.618
0.623
0.622
0.632
0.631
0.634
0.63
0.622
0.63
0.627
0.638
0.627
0.619
0.619
0.595
0.604
0.612
0.615
0.624
0.619
0.611
0.616
0.611
0.609
0.61
0.598
0.599
0.612
0.605
0.605
0.606
0.607
0.578
0.584
0.595
0.596
0.592
0.588
0.597
0.584
0.591
0.592
0.583
0.591
0.583
0.597
0.59
0.592
0.596
0.598
0.597
0.522
0.513
0.514
0.481
0.452
0.448
0.411
0.411
0.406
0.416
0.415
0.392
0.396
0.399
0.396
0.398
0.398
0.395
0.401
0.398
0.399
0.398
0.402
0.405
0.4
0.405
0.402
0.404
0.406
0.407
0.405
0.401
0.41
0.411
0.407
0.413
0.415
0.412
0.417
0.415
0.417
0.418
0.418
0.419
0.419
0.422
0.417
0.424
0.427
0.431
0.426
0.425
0.43
0.434
0.433
0.428
0.429
0.433
0.424
0.433
0.432
0.422
0.437
0.444
0.447
0.443
0.445
0.449
0.445
0.443
0.454
0.452
0.449
0.453
0.454
0.461
0.456
0.466
0.469
0.462
0.471
0.467
0.47
0.474
0.479
0.475
0.475
0.476
0.473
0.487
0.495
0.499
0.501
0.502
0.502
0.495
0.503
0.511
0.504
0.524
0.521
0.541
0.543
0.537
0.548
0.546
0.543
0.549
0.552
0.548
0.55
0.553
0.559
0.553
0.563
0.544
0.549
0.549
0.546
0.586
0.594
0.583
0.583
0.585
0.578
0.579
0.585
0.576
0.573
0.581
0.577
0.581
0.577
0.582
0.584
0.583
0.574
0.585
0.585
0.587
0.579
0.57
0.569
0.581
0.576
0.572
0.571
0.567
0.575
0.584
0.586
0.585
0.614
0.616
0.613
0.612
0.609
0.616
0.605
0.608
0.578
0.576
0.579
0.581
0.581
0.595
0.584
0.582
0.594
0.59
0.591
0.602
0.604
0.575
0.57
0.575
0.568
0.555
0.567
0.563
0.57
0.567
0.578
0.582
0.589
0.588
0.596
0.587
0.598
0.586
0.6
0.596
0.595
0.599
0.59
0.592
0.594
0.594
0.598
0.6
0.591
0.596
0.595
0.604
0.597
0.592
0.587
0.595
0.587
0.587
0.621
0.615
0.573
0.579
0.586
0.59
0.589
0.595
0.607
0.6
0.597
0.603
0.591
0.599
0.588
0.581
0.579
0.609
0.6
0.607
0.604
0.614
0.616
0.606
0.609
0.624
0.617
0.626
0.639
0.604
0.595
0.582
0.578
0.573
0.559
0.556
0.563
0.392
0.383
0.38
0.386
0.38
0.385
0.382
0.385
0.386
0.382
0.389
0.389
0.383
0.391
0.388
0.386
0.391
0.39
0.387
0.396
0.392
0.391
0.396
0.394
0.393
0.398
0.396
0.396
0.402
0.393
0.399
0.395
0.4
0.397
0.402
0.396
0.402
0.396
0.404
0.401
0.408
0.402
0.401
0.403
0.413
0.41
0.403
0.412
0.406
0.405
0.408
0.414
0.411
0.41
0.413
0.41
0.417
0.41
0.409
0.419
0.424
0.421
0.43
0.423
0.432
0.43
0.421
0.429
0.424
0.434
0.425
0.444
0.437
0.447
0.444
0.453
0.442
0.45
0.444
0.453
0.458
0.46
0.452
0.458
0.455
0.46
0.463
0.467
0.468
0.475
0.467
0.473
0.475
0.477
0.478
0.497
0.491
0.501
0.494
0.5
0.495
0.492
0.494
0.487
0.499
0.492
0.496
0.499
0.506
0.506
0.504
0.509
0.511
0.515
0.507
0.51
0.51
0.506
0.501
0.51
0.505
0.497
0.502
0.5
0.499
0.499
0.51
0.508
0.511
0.517
0.529
0.554
0.549
0.558
0.55
0.548
0.546
0.557
0.545
0.546
0.539
0.533
0.532
0.522
0.523
0.521
0.516
0.561
0.563
0.552
0.545
0.54
0.534
0.536
0.541
0.541
0.547
0.549
0.544
0.567
0.557
0.56
0.547
0.557
0.549
0.551
0.538
0.54
0.537
0.547
0.565
0.602
0.587
0.586
0.575
0.569
0.565
0.563
0.555
0.56
0.559
0.554
0.553
0.551
0.563
0.564
0.571
0.566
0.571
0.562
0.554
0.552
0.55
0.538
0.572
0.586
0.587
0.588
0.591
0.585
0.587
0.547
0.538
0.542
0.529
0.532
0.54
0.549
0.552
0.536
0.539
0.549
0.537
0.544
0.539
0.538
0.537
0.542
0.539
0.533
0.541
0.532
0.535
0.534
0.542
0.536
0.537
0.535
0.541
0.537
0.537
0.534
0.541
0.543
0.542
0.548
0.55
0.543
0.54
0.537
0.542
0.535
0.53
0.528
0.526
0.528
0.532
0.529
0.532
0.519
0.52
0.516
0.509
0.508
0.516
0.504
0.493
0.439
0.415
0.39
0.388
0.38
0.383
0.377
0.378
0.376
0.375
0.378
0.382
0.383
0.38
0.385
0.391
0.388
0.388
0.392
0.393
0.384
0.394
0.389
0.393
0.393
0.396
0.394
0.402
