0.656
0.654
0.656
0.649
0.646
0.642
0.631
0.618
0.604
0.612
0.606
0.619
0.604
0.593
0.593
0.596
0.587
0.591
0.57
0.556
0.545
0.536
0.514
0.521
0.497
0.49
0.482
0.49
0.478
0.489
0.48
0.474
0.477
0.483
0.471
0.476
0.468
0.474
0.473
0.455
0.451
0.449
0.448
0.456
0.452
0.448
0.452
0.456
0.449
0.455
0.453
0.459
0.44
0.441
0.443
0.442
0.446
0.438
0.448
0.45
0.44
0.442
0.446
0.442
0.431
0.449
0.446
0.436
0.438
0.443
0.444
0.437
0.434
0.443
0.444
0.442
0.446
0.437
0.431
0.441
0.432
0.438
0.44
0.44
0.436
0.447
0.442
0.442
0.444
0.452
0.447
0.446
0.443
0.439
0.442
0.44
0.438
0.441
0.438
0.43
0.434
0.436
0.436
0.438
0.433
0.433
0.438
0.438
0.435
0.432
0.436
0.44
0.443
0.438
0.43
0.429
0.431
0.438
0.439
0.437
0.434
0.443
0.436
0.426
0.436
0.441
0.43
0.436
0.438
0.432
0.433
0.424
0.425
0.433
0.435
0.426
0.428
0.422
0.423
0.433
0.434
0.44
0.419
0.418
0.425
0.42
0.424
0.431
0.431
0.424
0.425
0.42
0.427
0.426
0.425
0.42
0.418
0.428
0.431
0.429
0.42
0.418
0.413
0.441
0.421
0.425
0.431
0.43
0.422
0.426
0.428
0.424
0.428
0.438
0.431
0.423
0.429
0.42
0.43
0.43
0.422
0.426
0.43
0.434
0.43
0.426
0.43
0.44
0.434
0.435
0.432
0.43
0.434
0.438
0.438
0.435
0.432
0.43
0.429
0.434
0.436
0.43
0.435
0.437
0.446
0.434
0.434
0.434
0.426
0.425
0.438
0.431
0.441
0.434
0.432
0.43
0.421
0.422
0.433
0.429
0.434
0.431
0.437
0.428
0.427
0.434
0.439
0.431
0.426
0.436
0.438
0.439
0.433
0.435
0.457
0.448
0.442
0.441
0.434
0.429
0.433
0.435
0.438
0.44
0.435
0.427
0.435
0.445
0.43
0.436
0.438
0.439
0.431
0.431
0.431
0.436
0.43
0.43
0.433
0.433
0.424
0.433
0.427
0.418
0.422
0.424
0.426
0.42
0.427
0.425
0.428
0.434
0.433
0.431
0.428
0.421
0.424
0.43
0.434
0.431
0.428
0.42
0.425
0.426
0.419
0.429
0.424
0.422
0.438
0.432
0.429
0.428
0.426
0.425
0.428
0.432
0.435
0.44
0.435
0.426
0.428
0.43
0.424
0.437
0.435
0.438
0.433
0.426
0.434
0.44
0.44
0.432
0.438
0.437
0.433
0.435
0.435
0.433
0.423
0.424
0.421
0.418
0.425
0.415
0.417
0.423
0.431
0.43
0.426
0.42
0.433
0.427
0.43
0.433
0.436
0.432
0.426
0.424
0.429
0.425
0.434
0.432
0.423
0.431
0.421
0.419
0.423
0.426
0.423
0.422
0.431
0.424
0.44
0.437
0.436
0.438
0.448
0.437
0.431
0.436
0.444
0.45
0.441
0.446
0.447
0.438
0.444
0.436
0.439
0.429
0.427
0.426
0.432
0.429
0.437
0.435
0.428
0.437
0.427
0.421
0.426
0.419
0.427
0.434
0.425
0.419
0.418
0.425
0.428
0.432
0.444
0.438
0.441
0.443
0.441
0.434
0.43
0.437
0.437
0.426
0.419
0.422
0.424
0.416
0.418
0.421
0.415
0.42
0.41
0.416
0.419
0.409
0.413
0.417
0.415
0.417
0.418
0.42
0.424
0.425
0.419
0.418
0.418
0.416
0.413
0.421
0.413
0.418
0.408
0.414
0.418
0.419
0.412
0.415
0.419
0.41
0.42
0.419
0.415
0.416
0.42
0.417
0.409
0.418
0.422
0.419
0.424
0.425
0.415
0.428
0.42
0.429
0.422
0.426
0.416
0.419
0.423
0.412
0.42
0.419
0.415
0.411
0.411
0.409
0.418
0.413
0.414
0.408
0.418
0.416
0.406
0.414
0.423
0.423
0.424
0.421
0.413
0.423
0.423
0.416
0.426
0.417
0.426
0.427
0.432
0.423
0.421
0.421
0.411
0.414
0.418
0.41
0.415
0.421
0.417
0.414
0.417
0.421
0.413
0.421
0.42
0.424
0.429
0.423
0.421
0.412
0.42
0.425
0.417
0.421
0.413
0.421
0.429
0.424
0.426
0.428
0.429
0.428
0.436
0.414
0.423
0.42
0.43
0.416
0.411
0.415
0.418
0.419
0.402
0.397
0.398
0.393
0.385
0.392
0.387
0.392
0.389
0.389
0.386
0.393
0.384
0.392
0.388
0.392
0.385
0.385
0.389
0.393
0.387
0.382
0.388
0.382
0.385
0.387
0.38
0.386
0.388
0.382
0.385
0.383
0.381
0.386
0.394
0.38
0.385
0.38
0.377
0.383
0.389
0.382
0.381
0.376
0.375
0.375
0.384
0.384
0.381
0.376
0.379
0.377
0.382
0.377
0.381
0.379
0.373
0.382
0.378
0.381
0.377
0.371
0.374
0.38
0.384
0.379
0.377
0.373
0.381
0.379
0.378
0.369
0.386
0.377
0.373
0.379
0.376
0.372
0.377
0.371
0.37
0.376
0.368
0.374
0.379
0.375
0.374
0.368
0.375
0.376
0.384
0.376
0.383
0.375
0.381
0.378
0.378
0.379
0.381
0.378
0.376
0.377
0.382
0.388
0.385
0.39
0.385
0.388
0.386
0.388
0.387
0.391
0.397
0.389
0.394
0.402
0.396
0.397
0.399
0.396
0.405
0.398
0.392
0.396
0.394
0.394
0.397
0.405
0.395
0.39
0.394
0.393
0.393
0.389
0.38
0.391
0.382
0.386
0.395
0.389
0.386
0.382
0.388
0.387
0.387
0.383
0.383
0.38
0.379
0.381
0.381
0.376
0.382
0.382
0.377
0.379
0.372
0.378
0.376
0.369
0.377
0.383
0.377
0.376
0.373
0.371
0.369
0.376
0.367
0.374
0.374
0.372
0.366
0.373
0.368
0.369
0.369
0.364
0.372
0.37
0.362
0.366
0.367
0.36
0.366
0.366
0.358
0.363
0.366
0.375
0.358
0.364
0.357
0.357
0.361
0.364
0.358
0.361
0.354
0.357
0.364
0.36
0.356
0.356
0.359
0.36
0.355
0.362
0.358
0.352
0.356
0.362
0.358
0.365
0.357
0.358
0.361
0.369
0.364
0.353
0.359
0.352
0.358
0.354
0.354
0.355
0.362
0.355
0.355
0.352
0.357
0.354
0.356
0.351
0.357
0.358
0.353
0.36
0.357
0.352
0.36
0.354
0.359
0.358
0.35
0.358
0.357
0.354
0.355
0.348
0.353
0.358
0.354
0.358
0.35
0.358
0.353
0.359
0.356
0.358
0.35
0.358
0.354
0.362
0.361
0.359
0.365
0.366
0.358
0.361
0.368
0.376
0.368
0.369
0.371
0.369
0.37
0.373
0.366
0.371
0.374
0.378
0.369
0.374
0.368
0.376
0.369
0.375
0.369
0.373
0.38
0.376
0.379
0.384
0.381
0.384
0.378
0.387
0.396
0.396
0.388
0.393
0.4
0.396
0.394
0.4
0.393
0.4
0.408
0.402
0.405
0.397
0.398
0.407
0.404
0.4
0.407
0.414
0.411
0.411
0.416
0.414
0.416
0.41
0.406
0.411
0.417
0.416
0.419
0.413
0.417
0.409
0.416
0.418
0.416
0.429
0.423
0.431
0.413
0.404
0.408
0.415
0.413
0.406
0.408
0.404
0.41
0.41
0.4
0.392
0.394
0.395
0.389
0.389
0.387
0.386
0.384
0.377
0.384
0.383
0.374
0.382
0.38
0.377
0.381
0.373
0.381
0.382
0.373
0.378
0.374
0.38
0.379
0.383
0.377
0.375
0.37
0.376
0.381
0.377
0.371
0.362
0.366
0.373
0.365
0.365
0.374
0.369
0.361
0.368
0.374
0.367
0.363
0.372
0.369
0.368
0.37
0.376
0.378
0.371
0.377
0.379
0.381
0.377
0.375
0.375
0.37
0.376
0.378
0.375
0.377
0.381
0.374
0.377
0.373
0.374
0.372
0.382
0.384
0.389
0.391
0.396
0.402
0.409
0.411
0.401
0.41
0.408
0.414
0.417
0.42
0.413
0.42
0.411
0.436
0.44
0.444
0.44
0.446
0.443
0.452
0.471
0.474
0.465
0.455
0.478
0.473
0.48
0.48
0.475
0.483
0.482
0.473
0.484
0.486
0.487
0.488
0.485
0.492
0.492
0.495
0.493
0.491
0.495
0.487
0.486
0.491
0.499
0.499
0.495
0.492
0.491
0.483
0.485
0.497
0.5
0.499
0.502
0.499
0.496
0.502
0.51
0.511
0.503
0.508
0.51
0.513
0.516
0.51
0.507
0.51
0.505
0.509
0.507
0.511
0.515
0.505
0.517
0.519
0.525
0.516
0.518
0.517
0.517
0.513
0.513
0.502
0.501
0.493
0.491
0.498
0.498
0.612
0.569
0.561
0.556
0.545
0.541
0.533
0.537
0.536
0.532
0.542
0.545
0.546
0.567
0.575
0.567
0.571
0.564
0.56
0.565
0.564
0.564
0.565
0.558
0.564
0.559
0.562
0.554
0.553
0.56
0.569
0.562
0.56
0.559
0.55
0.542
0.549
0.548
0.564
0.557
0.551
0.547
0.542
0.537
0.532
0.54
0.536
0.537
0.604
0.59
0.592
0.567
0.559
0.557
0.552
0.559
0.563
0.555
0.564
0.559
0.561
0.565
0.567
0.563
0.558
0.554
0.559
0.567
0.561
0.557
0.553
0.551
0.554
0.55
0.509
0.504
0.512
0.438
0.428
0.425
0.429
0.42
0.423
0.428
0.417
0.408
0.41
0.396
0.398
0.394
0.397
0.389
0.384
0.392
0.376
0.379
0.385
0.384
0.377
0.373
0.375
0.377
0.373
0.365
0.372
0.363
0.368
0.37
0.37
0.369
0.364
0.368
0.361
0.366
0.368
0.373
0.381
0.378
0.376
0.361
0.363
0.361
0.36
0.367
0.362
0.363
0.357
0.359
0.362
0.356
0.362
0.355
0.349
0.353
0.36
0.352
0.36
0.354
0.36
0.354
0.359
0.354
0.358
0.353
0.361
0.352
0.369
0.351
0.359
0.356
0.358
0.357
0.362
0.359
0.359
0.352
0.359
0.352
0.358
0.355
0.354
0.351
0.354
0.356
0.362
0.354
0.361
0.354
0.358
0.362
0.358
0.366
0.363
0.362
0.354
0.36
0.363
0.358
0.359
0.365
0.357
0.36
0.367
0.359
0.364
0.362
0.366
0.368
0.364
0.368
0.364
0.368
0.366
0.37
0.372
0.364
0.361
0.352
0.367
0.371
0.366
0.363
0.367
0.371
0.368
0.361
0.357
0.365
0.37
0.372
0.369
0.375
0.373
0.368
0.373
0.367
0.37
0.378
0.37
0.37
0.376
0.368
0.377
0.369
0.377
0.37
0.374
0.378
0.379
0.377
0.37
0.377
0.368
0.373
0.369
0.378
0.382
0.377
0.376
0.373
0.369
0.378
0.379
0.376
0.378
0.384
0.36
0.364
0.363
0.354
0.356
0.352
0.354
0.359
0.352
0.358
0.356
0.362
0.353
0.358
0.357
0.355
0.356
0.352
0.36
0.354
0.359
0.355
0.362
0.357
0.354
0.357
0.354
0.361
0.353
0.354
0.361
0.357
0.361
0.352
0.36
0.354
0.356
0.362
0.36
0.36
0.356
0.361
0.354
0.361
0.357
0.36
0.354
0.362
0.357
0.361
0.357
0.364
0.358
0.363
0.36
0.368
0.36
0.367
0.36
0.361
0.367
0.36
0.362
0.358
0.362
0.361
0.358
0.359
0.355
0.362
0.361
0.36
0.364
0.366
0.363
0.358
0.366
0.359
0.362
0.361
0.354
0.364
0.367
0.358
0.36
0.358
0.366
0.365
0.362
0.356
0.361
0.358
0.363
0.361
0.352
0.355
0.359
0.353
0.36
0.357
0.358
0.357
0.352
0.352
0.357
0.359
0.355
0.357
0.352
0.352
0.354
0.36
0.354
0.354
0.352
0.354
0.36
0.354
0.359
0.354
0.361
0.354
0.36
0.353
0.359
0.352
0.355
0.35
0.355
0.36
0.359
0.359
0.357
0.355
0.354
0.358
0.353
0.361
0.355
0.361
0.354
0.36
0.354
0.355
0.36
0.36
0.363
0.363
0.357
0.363
0.358
0.365
0.358
0.359
0.362
0.363
0.368
0.361
0.368
0.361
0.368
0.371
0.364
0.37
0.37
0.366
0.367
0.37
0.369
0.375
0.366
0.372
0.377
0.375
0.377
0.377
0.379
0.385
0.381
0.384
0.382
0.379
0.393
0.387
0.386
0.385
0.389
0.392
0.386
0.378
0.395
0.389
0.396
0.405
0.395
0.395
0.395
0.393
0.391
0.398
0.395
0.397
0.401
0.396
0.398
0.395
0.399
0.393
0.397
0.396
0.396
0.4
0.395
0.403
0.393
0.4
0.398
0.4
0.411
0.41
0.404
0.408
0.412
0.407
0.415
0.41
0.412
0.404
0.412
0.407
0.412
0.418
0.412
0.411
0.409
0.417
0.416
0.421
0.414
0.412
0.407
0.406
0.405
0.391
0.392
0.386
0.393
0.388
0.373
0.37
0.367
0.36
0.369
0.37
0.361
0.353
0.353
0.357
0.355
0.356
0.359
0.36
0.358
0.362
0.357
0.361
0.367
0.363
0.358
0.363
0.358
0.36
0.363
0.364
0.361
0.363
0.368
0.362
0.362
0.365
0.362
0.367
0.358
0.366
0.375
0.366
0.374
0.366
0.363
0.368
0.365
0.369
0.366
0.366
0.366
0.368
0.363
0.371
0.365
0.371
0.364
0.37
0.366
0.372
0.369
0.377
0.368
0.371
0.373
0.368
0.37
0.37
0.363
0.37
0.367
0.367
0.37
0.371
0.369
0.37
0.369
0.368
0.372
0.368
0.376
0.378
0.384
0.382
0.384
0.378
0.383
0.377
0.386
0.377
0.382
0.388
0.382
0.388
0.392
0.39
0.396
0.391
0.391
0.39
0.397
0.39
0.395
0.396
0.387
0.383
0.366
0.364
0.369
0.36
0.366
0.372
0.368
0.36
0.357
0.365
0.366
0.359
0.357
0.359
0.358
0.363
0.36
0.357
0.358
0.357
0.357
0.358
0.354
0.357
0.355
0.359
0.357
0.357
0.358
0.356
0.354
0.355
0.361
0.353
0.362
0.363
0.36
0.365
0.356
0.362
0.367
0.366
0.366
0.374
0.375
0.368
0.371
0.378
0.371
0.37
0.379
0.371
0.376
0.374
0.366
0.373
0.373
0.375
0.367
0.368
0.368
0.366
0.37
0.365
0.366
0.368
0.366
0.367
0.368
0.367
0.365
0.365
0.365
0.369
0.369
0.37
0.368
0.371
0.369
0.369
0.369
0.374
0.367
0.383
0.375
0.376
0.376
0.383
0.382
0.387
0.39
0.384
0.383
0.382
0.389
0.384
0.384
0.377
0.377
0.379
0.382
0.379
0.376
0.369
0.369
0.375
0.377
0.37
0.361
0.364
0.368
0.367
0.366
0.357
0.363
0.361
0.358
0.361
0.355
0.361
0.352
0.36
0.352
0.353
0.356
0.354
0.353
0.358
0.353
0.357
0.35
0.358
0.356
0.348
0.356
0.353
0.355
0.355
0.351
0.356
0.353
0.359
0.353
0.354
0.35
0.354
0.355
0.358
0.351
0.351
0.356
0.351
0.355
0.355
0.36
0.361
0.36
0.364
0.361
0.365
0.36
0.368
0.359
0.364
0.372
0.371
0.368
0.363
0.372
0.365
0.37
0.364
0.366
0.364
0.367
0.362
0.367
0.366
0.373
0.366
0.373
0.368
0.377
0.37
0.374
0.372
0.374
0.373
0.371
0.374
0.378
0.374
0.376
0.372
0.381
0.374
0.375
0.383
0.381
0.389
0.385
0.385
0.382
0.39
0.385
0.391
0.388
0.394
0.402
0.392
0.39
0.395
0.396
0.401
0.396
0.397
0.395
0.391
0.398
0.403
0.393
0.394
0.394
0.401
0.393
0.397
0.401
0.395
0.39
0.396
0.398
0.407
0.409
0.405
0.396
0.396
0.402
0.403
0.396
0.405
0.398
0.405
0.396
0.401
0.408
0.401
0.411
0.411
0.407
0.405
0.399
0.401
0.406
0.398
0.405
0.411
0.411
0.402
0.401
0.406
0.411
0.402
0.403
0.404
0.402
0.408
0.406
0.416
0.425
0.405
0.41
0.414
0.414
0.418
0.415
0.411
0.413
0.412
0.417
0.423
0.415
0.406
0.411
0.414
0.413
0.411
0.405
0.41
0.412
0.408
0.415
0.423
0.416
0.417
0.417
0.425
0.418
0.416
0.426
0.419
0.422
0.417
0.416
0.408
0.418
0.423
0.415
0.407
0.415
0.424
0.42
0.422
0.413
0.407
0.412
0.414
0.423
0.426
0.421
0.422
0.428
0.418
0.416
0.426
0.434
0.424
0.417
0.419
0.427
0.42
0.415
0.428
0.421
0.418
0.428
0.424
0.414
0.422
0.415
0.419
0.422
0.414
0.417
0.423
0.415
0.429
0.425
0.419
0.421
0.419
0.419
0.422
0.421
0.414
0.423
0.424
0.422
0.422
0.425
0.417
0.41
0.42
0.427
0.421
0.414
0.415
0.418
0.421
0.423
0.413
0.408
0.415
0.416
0.408
0.418
0.423
0.414
0.405
0.41
0.417
0.41
0.415
0.405
0.408
0.408
0.418
0.415
0.41
0.405
0.403
0.4
0.401
0.407
0.412
0.417
0.407
0.408
0.401
0.409
0.414
0.406
0.4
0.405
0.404
0.409
0.419
0.414
0.408
0.399
0.404
0.414
0.41
0.411
0.406
0.402
0.409
0.41
0.41
0.411
0.404
0.414
0.411
0.413
0.412
0.403
0.407
0.409
0.419
0.406
0.405
0.409
0.409
0.406
0.416
0.41
0.401
0.414
0.411
0.406
0.411
0.413
0.417
0.412
0.41
0.407
0.404
0.412
0.415
0.408
0.4
0.417
0.411
0.408
0.41
0.417
0.41
0.403
0.405
0.407
0.398
0.411
0.412
0.409
0.409
0.408
0.398
0.403
0.41
0.415
0.411
0.41
0.416
0.406
0.413
0.407
0.407
0.41
0.406
0.412
0.414
0.41
0.414
0.411
0.418
0.424
0.421
0.421
0.426
0.416
0.42
0.424
0.419
0.416
0.423
0.415
0.415
0.408
0.416
0.412
0.41
0.418
0.416
0.419
0.411
0.413
0.408
0.417
0.414
0.415
0.419
0.42
0.419
0.423
0.418
0.428
0.425
0.426
0.423
0.413
0.409
0.419
0.422
0.423
0.415
0.409
0.417
0.413
0.404
0.414
0.408
0.403
0.408
0.414
0.412
0.416
0.409
0.404
0.411
0.407
0.409
0.407
0.409
0.418
0.418
0.409
0.418
0.413
0.408
0.406
0.4
0.409
0.411
0.408
0.418
0.412
0.416
0.412
0.405
0.407
0.406
0.401
0.405
0.406
0.405
0.408
0.416
0.402
0.404
0.396
0.405
0.398
0.406
0.403
0.399
0.405
0.402
0.404
0.402
0.397
0.405
0.404
0.407
0.406
0.404
0.409
0.408
0.415
0.409
0.405
0.412
0.407
0.413
0.413
0.409
0.417
0.425
0.415
0.421
0.417
0.417
0.417
0.426
0.417
0.421
0.42
0.42
0.43
0.434
0.425
0.419
0.419
0.422
0.417
0.41
0.426
0.416
0.41
0.409
0.414
0.421
0.413
0.408
0.411
0.416
0.418
0.421
0.415
0.409
0.423
0.418
0.415
0.414
0.424
0.42
0.417
0.416
0.419
0.426
0.425
0.427
0.424
0.421
0.423
0.414
0.412
0.42
0.414
0.407
0.417
0.413
0.408
0.399
0.401
0.405
0.407
0.402
0.406
0.413
0.408
0.411
0.413
0.416
0.409
0.404
0.404
0.413
0.415
0.409
0.409
0.411
0.409
0.419
0.412
0.403
0.413
0.409
0.404
0.408
0.407
0.413
0.408
0.411
0.411
0.416
0.416
0.418
0.411
0.406
0.422
0.408
0.412
0.41
0.412
0.42
0.419
0.424
0.424
0.419
0.418
0.421
0.422
0.423
0.422
0.419
0.424
0.419
0.415
0.425
0.424
0.432
0.426
0.417
0.423
0.421
0.426
0.428
0.433
0.433
0.426
0.42
0.42
0.416
0.416
0.417
0.422
0.414
0.42
0.411
0.424
0.42
0.417
0.418
0.424
0.427
0.423
0.426
0.429
0.423
0.421
0.426
0.421
0.42
0.427
0.419
0.417
0.426
0.42
0.426
0.414
0.404
0.406
0.412
0.414
0.422
0.418
0.41
0.407
0.414
0.412
0.411
0.407
0.411
0.413
0.413
0.42
0.418
0.414
0.413
0.412
0.412
0.414
0.411
0.403
0.403
0.413
0.407
0.405
0.404
0.413
0.414
0.404
0.396
0.405
0.405
0.398
0.405
0.403
0.394
0.395
0.402
0.4
0.396
0.396
0.399
0.394
0.401
0.392
0.393
0.396
0.402
0.397
0.403
0.396
0.396
0.399
0.395
0.402
0.393
0.396
0.393
0.399
0.406
0.397
0.393
0.396
0.396
0.391
0.393
0.396
0.402
0.4
0.406
0.402
0.397
0.397
0.393
0.402
0.406
0.4
0.403
0.405
0.396
0.398
0.396
0.4
0.404
0.404
0.396
0.406
0.415
0.413
0.412
0.409
0.405
0.407
0.407
0.404
0.409
0.404
0.413
0.412
0.417
0.418
0.411
0.417
0.42
0.413
0.421
0.413
0.421
0.428
0.426
0.427
0.426
0.433
0.432
0.434
0.435
0.432
0.432
0.433
0.437
0.437
0.441
0.436
0.444
0.433
0.441
0.438
0.447
0.448
0.455
0.461
0.465
0.467
0.466
0.461
0.458
0.464
0.462
0.461
0.455
0.462
0.457
0.46
0.46
0.46
0.459
0.458
0.46
0.455
0.457
0.457
0.464
0.46
0.467
0.468
0.472
0.476
0.468
0.479
0.48
0.479
0.485
0.473
0.479
0.483
0.483
0.478
0.479
0.487
0.486
0.479
0.487
0.512
0.509
0.519
0.509
0.521
0.515
0.503
0.504
0.5
0.507
0.498
0.507
0.524
0.518
0.514
0.503
0.507
0.511
0.502
0.503
0.504
0.513
0.527
0.537
0.534
0.524
0.533
0.531
0.524
0.536
0.533
0.54
0.531
0.541
0.542
0.54
0.538
0.536
0.532
0.533
0.534
0.531
0.532
0.532
0.54
0.546
0.539
0.55
0.551
0.539
0.541
0.532
0.54
0.54
0.538
0.533
0.53
0.522
0.53
0.523
0.526
0.535
0.59
0.542
0.531
0.535
0.529
0.55
0.538
0.549
0.541
0.543
0.537
0.533
0.53
0.529
0.519
0.529
0.52
0.528
0.538
0.536
0.545
0.548
0.549
0.549
0.544
0.541
0.529
0.527
0.517
0.513
0.521
0.617
0.559
0.563
0.565
0.564
0.562
0.557
0.559
0.561
0.556
0.558
0.554
0.547
0.552
0.557
0.555
0.552
0.547
0.548
0.543
0.539
0.534
0.539
0.538
0.539
0.539
0.536
0.528
0.533
0.521
0.527
0.522
0.526
0.529
0.534
0.542
0.543
0.549
0.548
0.546
0.544
0.536
0.534
0.529
0.524
0.524
0.514
0.516
0.509
0.512
0.509
0.512
0.544
0.547
0.549
0.547
0.541
0.542
0.535
0.542
0.542
0.535
0.529
0.528
0.525
0.523
0.522
0.516
0.523
0.522
0.521
0.524
0.523
0.528
0.591
0.577
0.567
0.559
0.571
0.575
0.579
0.57
0.61
0.601
0.606
0.597
0.591
0.58
0.572
0.564
0.57
0.572
0.576
0.573
0.561
0.573
0.572
0.572
0.571
0.568
0.564
0.568
0.572
0.573
0.571
0.567
0.564
0.568
0.568
0.57
0.563
0.57
0.567
0.569
0.563
0.568
0.565
0.563
0.561
0.559
0.556
0.555
0.549
0.548
0.544
0.55
0.555
0.562
0.563
0.562
0.561
0.561
0.563
0.563
0.557
0.563
0.564
0.573
0.571
0.571
0.573
0.582
0.577
0.573
0.562
0.569
0.563
0.563
0.559
0.553
0.557
0.563
0.568
0.577
0.581
0.59
0.625
0.611
0.608
0.609
0.617
0.617
0.608
0.604
0.593
0.586
0.581
0.573
0.564
0.566
0.567
0.581
0.674
0.67
0.683
0.659
0.594
0.584
0.578
0.57
0.578
0.569
0.579
0.607
0.611
0.617
0.606
0.607
0.595
0.597
