0.693
0.688
0.696
0.679
0.686
0.678
0.664
0.672
0.663
0.663
0.658
0.668
0.674
0.667
0.673
0.686
0.684
0.667
0.681
0.684
0.675
0.678
0.679
0.679
0.666
0.674
0.688
0.677
0.688
0.686
0.678
0.676
0.667
0.663
0.659
0.651
0.664
0.652
0.663
0.676
0.678
0.672
0.668
0.655
0.66
0.654
0.641
0.648
0.645
0.647
0.641
0.626
0.639
0.636
0.625
0.643
0.64
0.655
0.659
0.65
0.66
0.664
0.661
0.658
0.662
0.677
0.675
0.667
0.677
0.678
0.675
0.661
0.676
0.684
0.695
0.682
0.671
0.678
0.671
0.666
0.671
0.669
0.67
0.672
0.674
0.681
0.696
0.694
0.691
0.678
0.674
0.679
0.676
0.666
0.661
0.672
0.668
0.676
0.674
0.682
0.684
0.675
0.689
0.693
0.693
0.687
0.678
0.668
0.656
0.664
0.662
0.657
0.666
0.657
0.652
0.662
0.646
0.661
0.656
0.646
0.654
0.658
0.651
0.642
0.651
0.652
0.65
0.657
0.674
0.69
0.695
0.687
0.685
0.679
0.677
0.664
0.669
0.666
0.657
0.669
0.683
0.681
0.68
0.667
0.66
0.652
0.662
0.653
0.642
0.644
0.643
0.639
0.65
0.66
0.668
0.666
0.654
0.644
0.653
0.655
0.664
0.663
0.674
0.676
0.668
0.673
0.678
0.684
0.675
0.683
0.679
0.669
0.67
0.67
0.667
0.665
0.673
0.674
0.678
0.685
0.674
0.683
0.679
0.667
0.679
0.67
0.66
0.668
0.664
0.648
0.654
0.662
0.669
0.653
0.665
0.669
0.67
0.655
0.667
0.677
0.662
0.655
0.667
0.665
0.656
0.661
0.669
0.658
0.646
0.65
0.652
0.657
0.651
0.649
0.653
0.656
0.65
0.664
0.676
0.668
0.68
0.681
0.677
0.685
0.666
0.651
0.659
0.662
0.652
0.668
0.655
0.668
0.67
0.654
0.654
0.65
0.64
0.654
0.647
0.658
0.66
0.654
0.666
0.666
0.66
0.666
0.664
0.649
0.652
0.651
0.645
0.635
0.642
0.643
0.64
0.652
0.649
0.646
0.649
0.654
0.643
0.643
0.643
0.629
0.623
0.609
0.615
0.614
0.604
0.633
0.646
0.67
0.668
0.674
0.662
0.635
0.631
0.63
0.629
0.619
0.626
0.632
0.627
0.623
0.631
0.635
0.63
0.624
0.612
0.602
0.603
0.599
0.602
0.591
0.603
0.591
0.598
0.593
0.587
0.583
0.587
0.585
0.576
0.584
0.585
0.589
0.596
0.601
0.605
0.597
0.629
0.629
0.635
0.621
0.614
0.605
0.604
0.604
0.593
0.602
0.608
0.599
0.601
0.608
0.601
0.606
0.604
0.602
0.595
0.603
0.604
0.601
0.61
0.62
0.607
0.617
0.613
0.608
0.618
0.616
0.607
0.599
0.618
0.63
0.629
0.624
0.632
0.634
0.625
0.637
0.648
0.639
0.635
0.621
0.615
0.624
0.622
0.622
0.61
0.621
0.619
0.608
0.599
0.605
0.607
0.604
0.608
0.617
0.613
0.606
0.613
0.617
0.604
0.593
0.592
0.606
0.598
0.603
0.61
0.596
0.603
0.605
0.607
0.604
0.611
0.615
0.609
0.601
0.605
0.604
0.592
0.602
0.607
0.597
0.595
0.588
0.601
0.602
0.589
0.597
0.604
0.592
0.589
0.59
0.593
0.588
0.575
0.588
0.588
0.577
0.565
0.579
0.576
0.578
0.574
0.563
0.575
0.571
0.569
0.562
0.568
0.563
0.559
0.563
0.558
0.553
0.544
0.553
0.558
0.549
0.543
0.567
0.557
0.569
0.57
0.567
0.563
0.573
0.57
0.559
0.558
0.564
0.574
0.57
0.563
0.565
0.568
0.572
0.561
0.572
0.572
0.568
0.555
0.572
0.563
0.57
0.574
0.571
0.566
0.567
0.559
0.548
0.558
0.555
0.547
0.544
0.543
0.555
0.552
0.565
0.561
0.565
0.566
0.557
0.563
0.561
0.561
0.548
0.547
0.563
0.566
0.558
0.567
0.572
0.573
0.576
0.563
0.574
0.576
0.579
0.583
0.57
0.584
0.576
0.568
0.574
0.574
0.575
0.566
0.576
0.582
0.581
0.576
0.579
0.583
0.586
0.577
0.579
0.583
0.581
0.575
0.583
0.576
0.573
0.568
0.569
0.57
0.568
0.556
0.569
0.562
0.572
0.568
0.56
0.56
0.561
0.563
0.557
0.557
0.566
0.566
0.566
0.557
0.569
0.567
0.568
0.567
0.558
0.55
0.555
0.564
0.559
0.555
0.55
0.537
0.529
0.537
0.535
0.523
0.536
0.537
0.536
0.531
0.542
0.544
0.533
0.546
0.539
0.546
0.547
0.534
0.543
0.544
0.532
0.532
0.538
0.541
0.544
0.531
0.543
0.538
0.535
0.544
0.537
0.538
0.538
0.541
0.53
0.539
0.54
0.528
0.537
0.537
0.542
0.537
0.534
0.539
0.54
0.531
0.523
0.523
0.535
0.532
0.538
0.541
0.529
0.542
0.543
0.541
0.545
0.538
0.537
0.541
0.535
0.528
0.534
0.521
0.533
0.526
0.526
0.533
0.535
0.524
0.536
0.532
0.527
0.535
0.533
0.534
0.537
0.535
0.539
0.539
0.537
0.54
0.541
0.53
0.543
0.542
0.538
0.542
0.54
0.538
0.542
0.548
0.544
0.539
0.548
0.552
0.558
0.555
0.568
0.567
0.563
0.566
0.568
0.559
0.563
0.563
0.563
0.558
0.557
0.557
0.565
0.551
0.562
0.564
0.556
0.571
0.576
0.583
0.589
0.577
0.571
0.578
0.569
0.563
0.564
0.553
0.563
0.559
0.556
0.552
0.563
0.563
0.556
0.567
0.569
0.573
0.563
0.564
0.57
0.561
0.573
0.57
0.565
0.559
0.562
0.561
0.559
0.557
0.57
0.574
0.578
0.571
0.572
0.564
0.56
0.561
0.563
0.567
0.566
0.578
0.567
0.567
0.579
0.582
0.575
0.563
0.567
0.584
0.578
0.567
0.576
0.585
0.575
0.571
0.567
0.569
0.564
0.562
0.568
0.565
0.57
0.571
0.558
0.561
0.567
0.56
0.548
0.556
0.583
0.575
0.574
0.572
0.581
0.576
0.577
0.566
0.572
0.575
0.572
0.561
0.554
0.565
0.559
0.56
0.561
0.567
0.56
0.566
0.574
0.565
0.573
0.562
0.559
0.541
0.537
0.544
0.531
0.524
0.534
0.541
0.529
0.542
0.542
0.55
0.54
0.55
0.549
0.539
0.548
0.553
0.54
0.532
0.526
0.527
0.529
0.532
0.528
0.527
0.53
0.524
0.531
0.532
0.528
0.534
0.538
0.528
0.535
0.539
0.54
0.53
0.533
0.544
0.531
0.544
0.532
0.544
0.535
0.542
0.545
0.553
0.544
0.55
0.541
0.537
0.538
0.537
0.541
0.528
0.535
0.528
0.536
0.531
0.531
0.519
0.53
0.533
0.536
0.533
0.542
0.544
0.538
0.541
0.547
0.534
0.54
0.543
0.539
0.541
0.532
0.523
0.534
0.531
0.533
0.533
0.538
0.546
0.543
0.546
0.55
0.549
0.551
0.543
0.554
0.546
0.552
0.544
0.537
0.546
0.54
0.539
0.549
0.548
0.546
0.557
0.553
0.56
0.565
0.561
0.567
0.57
0.569
0.574
0.563
0.566
0.571
0.563
0.565
0.563
0.565
0.563
0.551
0.562
0.557
0.55
0.563
0.563
0.559
0.566
0.564
0.563
0.566
0.565
0.554
0.564
0.557
0.557
0.56
0.561
0.547
0.56
0.565
0.554
0.562
0.565
0.559
0.559
0.562
0.558
0.564
0.558
0.563
0.573
0.569
0.58
0.571
0.577
0.574
0.569
0.579
0.574
0.579
0.577
0.566
0.575
0.575
0.572
0.572
0.581
0.575
0.565
0.576
0.572
0.564
0.565
0.574
0.578
0.577
0.572
0.576
0.58
0.57
0.567
0.568
0.565
0.557
0.569
0.567
0.559
0.572
0.57
0.573
0.575
0.574
0.577
0.577
0.578
0.574
0.581
0.584
0.579
0.593
0.595
0.586
0.593
0.596
0.587
0.568
0.558
0.551
0.569
0.571
0.582
0.576
0.576
0.57
0.569
0.572
0.574
0.57
0.581
0.573
0.568
0.579
0.576
0.573
0.585
0.581
0.577
0.577
0.571
0.575
0.576
0.573
0.568
0.574
0.578
0.581
0.58
0.589
0.592
0.587
0.596
0.6
0.59
0.591
0.589
0.583
0.586
0.587
0.58
0.591
0.587
0.573
0.581
0.584
0.571
0.581
0.59
0.591
0.587
0.594
0.598
0.595
0.602
0.596
0.597
0.601
0.594
0.599
0.6
0.591
0.602
0.611
0.606
0.608
0.611
0.602
0.605
0.604
0.599
0.596
0.602
0.595
0.586
0.596
0.59
0.599
0.592
0.596
0.586
0.588
0.586
0.579
0.577
0.569
0.578
0.577
0.563
0.566
0.572
0.565
0.562
0.567
0.565
0.558
0.569
0.57
0.576
0.563
0.574
0.578
0.567
0.572
0.566
0.564
0.565
0.565
0.564
0.576
0.575
0.565
0.581
0.592
0.59
0.589
0.594
0.584
0.593
0.593
0.587
0.592
0.589
0.587
0.596
0.583
0.591
0.596
0.587
0.597
0.595
0.592
0.596
0.583
0.588
0.59
0.578
0.58
0.579
0.581
0.574
0.583
0.591
0.592
0.59
0.596
0.591
0.589
0.59
0.589
0.583
0.589
0.591
0.587
0.584
0.587
0.591
0.583
0.591
0.593
0.601
0.606
0.598
0.606
0.594
0.602
0.592
0.579
0.58
0.586
0.586
0.574
0.582
0.576
0.589
0.575
0.581
0.578
0.575
0.574
0.565
0.557
0.565
0.57
0.564
0.55
0.559
0.552
0.548
0.558
0.553
0.548
0.559
0.557
0.551
0.557
0.557
0.554
0.56
0.56
0.555
0.565
0.566
0.563
0.575
0.582
0.58
0.586
0.583
0.594
0.591
0.59
0.588
0.588
0.585
0.578
0.571
0.57
0.576
0.578
0.581
0.592
0.582
0.583
0.587
0.591
0.578
0.59
0.586
0.578
0.581
0.588
0.589
0.578
0.588
0.585
0.586
0.586
0.584
0.596
0.587
0.578
0.582
0.585
0.584
0.58
0.583
0.579
0.58
0.587
0.582
0.586
0.593
0.584
0.59
0.591
0.581
0.593
0.593
0.587
0.589
0.586
0.588
0.589
0.587
0.581
0.589
0.58
0.581
0.579
0.573
0.579
0.576
0.564
0.574
0.577
0.572
0.574
0.58
0.573
0.583
0.58
0.575
0.585
0.579
0.571
0.585
0.582
0.571
0.58
0.584
0.582
0.574
0.586
0.583
0.576
0.584
0.583
0.581
0.584
0.574
0.582
0.58
0.574
0.577
0.58
0.571
0.575
0.583
0.578
0.578
0.587
0.583
0.587
0.59
0.578
0.591
0.592
0.578
0.586
0.582
0.578
0.586
0.578
0.587
0.598
0.593
0.591
0.585
0.596
0.591
0.578
0.582
0.582
0.588
0.586
0.579
0.587
0.59
0.594
0.602
0.594
0.607
0.598
0.604
0.606
0.603
0.602
0.595
0.591
0.58
0.593
0.584
0.582
0.582
0.577
0.589
0.581
0.586
0.595
0.586
0.598
0.594
0.601
0.608
0.599
0.605
0.604
0.59
0.602
0.6
0.591
0.597
0.584
0.592
0.592
0.582
0.587
0.585
0.579
0.591
0.585
0.585
0.59
0.585
0.597
0.593
0.588
0.595
0.589
0.586
0.588
0.577
0.587
0.591
0.593
0.582
0.59
0.6
0.588
0.593
0.591
0.588
0.581
0.588
0.579
0.583
0.58
0.576
0.577
0.572
0.581
0.579
0.573
0.573
0.577
0.575
0.571
0.569
0.576
0.574
0.57
0.583
0.576
0.574
0.584
0.581
0.579
0.583
0.59
0.588
0.576
0.589
0.585
0.576
0.583
0.581
0.579
0.57
0.573
0.571
0.566
0.561
0.566
0.563
0.562
0.571
0.566
0.561
0.568
0.571
0.579
0.571
0.583
0.578
0.575
0.581
0.582
0.578
0.568
0.578
0.579
0.575
0.574
0.562
0.564
0.571
0.573
0.571
0.563
0.57
0.57
0.561
0.56
0.569
0.564
0.554
0.565
0.564
0.564
0.571
0.562
0.554
0.564
0.552
0.559
0.554
0.546
0.54
0.55
0.554
0.542
0.545
0.548
0.545
0.552
0.548
0.547
0.555
0.553
0.553
0.56
0.557
0.553
0.559
0.559
0.555
0.552
0.563
0.559
0.556
0.552
0.557
0.556
0.547
0.549
0.539
0.548
0.542
0.541
0.531
0.54
0.54
0.539
0.534
0.541
0.539
0.538
0.535
0.54
0.538
0.542
0.532
0.54
0.54
0.535
0.539
0.542
0.548
0.541
0.538
0.542
0.552
0.547
0.546
0.542
0.545
0.546
0.539
0.545
0.541
0.538
0.536
0.543
0.541
0.542
0.534
0.543
0.546
0.54
0.53
0.527
0.539
0.54
0.536
0.539
0.541
0.531
0.541
0.534
0.532
0.527
0.538
0.538
0.537
0.54
0.542
0.543
0.534
0.543
0.544
0.544
0.539
0.539
0.55
0.549
0.546
0.542
0.547
0.546
0.535
0.546
0.543
0.537
0.534
0.537
0.541
0.532
0.536
0.523
0.531
0.523
0.527
0.539
0.534
0.534
0.529
0.534
0.534
0.531
0.528
0.536
0.534
0.535
0.529
0.538
0.54
0.546
0.541
0.541
0.542
0.544
0.535
0.544
0.541
0.535
0.54
0.546
0.546
0.543
0.535
0.54
0.551
0.548
0.537
0.545
0.539
0.54
0.543
0.542
0.542
0.546
0.548
0.556
0.552
0.548
0.546
0.556
0.55
0.551
0.549
0.548
0.545
0.545
0.538
0.549
0.545
0.537
0.546
0.545
0.545
0.545
0.545
0.532
0.541
0.541
0.539
0.536
0.538
0.539
0.533
0.53
0.535
0.535
0.535
0.533
0.545
0.543
0.548
0.539
0.546
0.545
0.544
0.538
0.545
0.547
0.545
0.542
0.551
0.549
0.549
0.542
0.546
0.541
0.54
0.538
0.542
0.539
0.54
0.533
0.534
0.537
0.535
0.529
0.522
0.53
0.533
0.53
0.524
0.524
0.527
0.528
0.525
0.523
0.52
0.521
0.534
0.537
0.539
0.541
0.539
0.543
0.547
0.537
0.549
0.544
0.545
0.544
0.545
0.544
0.541
0.538
0.547
0.545
0.546
0.542
0.545
0.547
0.546
0.54
0.546
0.55
0.553
0.546
0.545
0.557
0.55
0.549
0.54
0.551
0.546
0.546
0.533
0.543
0.538
0.534
0.542
0.544
0.541
0.539
0.544
0.544
0.537
0.55
0.554
0.542
0.544
0.551
0.551
0.544
0.555
0.55
0.54
0.553
0.555
0.542
0.548
0.547
0.54
0.543
0.541
0.535
0.533
0.542
0.537
0.535
0.537
0.537
0.531
0.541
0.539
0.543
0.532
0.53
0.533
0.537
0.525
0.537
0.534
0.525
0.537
0.539
0.529
0.535
0.534
0.533
0.533
0.538
0.543
0.539
0.551
0.551
0.547
0.548
0.551
0.544
0.549
0.541
0.535
0.546
0.541
0.539
0.537
0.544
0.55
0.543
0.54
0.547
0.545
0.538
0.539
0.552
0.547
0.546
0.552
0.542
0.548
0.548
0.541
0.542
0.548
0.548
0.546
0.545
0.539
0.548
0.545
0.543
0.546
0.542
0.551
0.543
0.531
0.551
0.542
0.551
0.554
0.544
0.551
0.549
0.546
0.549
0.563
0.564
0.564
0.551
0.562
0.551
0.552
0.557
0.544
0.557
0.556
0.569
0.562
0.566
0.564
0.552
0.552
0.556
0.557
0.557
0.547
0.546
0.548
0.541
0.534
0.521
0.53
0.524
0.532
0.534
0.523
0.534
0.533
0.528
0.527
0.53
0.531
0.523
0.534
0.534
0.527
0.54
0.532
0.532
0.536
0.536
0.531
0.536
0.544
0.54
0.536
0.536
0.54
0.542
0.546
0.545
0.533
0.539
0.541
0.536
0.531
0.525
0.537
0.533
0.531
0.538
0.541
0.539
0.539
0.541
0.534
0.531
0.542
0.539
0.534
0.54
0.544
0.546
0.552
0.556
0.543
0.543
0.55
0.544
0.556
0.548
0.538
0.551
0.547
0.539
0.545
0.542
0.537
0.538
0.535
0.532
0.536
0.539
0.53
0.539
0.534
0.53
0.524
0.522
0.533
0.524
0.537
0.53
0.526
0.528
0.527
0.524
0.521
0.53
0.525
0.521
0.522
0.531
0.519
0.53
0.538
0.544
0.539
0.535
0.536
0.535
0.538
0.532
0.543
0.544
0.547
0.538
0.547
0.546
0.549
0.542
0.548
0.549
0.548
0.541
0.549
0.546
0.548
0.549
0.549
0.541
0.547
0.556
0.559
0.553
0.543
0.554
0.548
0.537
0.542
0.542
0.538
0.528
0.538
0.55
0.541
0.531
0.542
0.535
0.537
0.537
0.529
0.537
0.539
0.532
0.534
0.535
0.534
0.523
0.53
0.534
0.532
0.537
0.527
0.522
0.529
0.526
0.526
0.518
0.53
0.522
0.521
0.532
0.529
0.53
0.524
0.547
0.541
0.542
0.539
0.546
0.545
0.535
0.543
0.532
0.53
0.533
0.538
0.526
0.535
0.533
0.533
0.526
0.532
0.537
0.537
0.541
0.537
0.541
0.541
0.538
0.535
0.539
0.538
0.536
0.535
0.54
0.538
0.539
0.534
0.545
0.54
0.533
0.534
0.538
0.541
0.541
0.533
0.544
0.546
0.548
0.537
0.545
0.545
0.542
0.539
0.539
0.542
0.539
0.531
0.535
0.535
0.535
0.523
0.529
0.53
0.53
0.52
0.521
0.53
0.526
0.525
0.521
0.524
0.527
0.528
0.526
0.519
0.52
0.526
0.523
0.521
0.512
0.523
0.52
0.516
0.523
0.519
0.521
0.529
0.516
0.528
0.526
0.518
0.522
0.525
0.516
0.518
0.522
0.519
0.508
0.51
0.532
0.529
0.541
0.539
0.538
0.539
0.533
0.542
0.54
0.534
0.541
0.543
0.535
0.54
0.543
0.537
0.542
0.551
0.538
0.55
0.548
0.552
0.552
0.549
0.552
0.545
0.547
0.553
0.54
0.549
0.546
0.547
0.541
0.549
0.547
0.542
0.547
0.541
0.544
0.545
0.547
0.538
0.548
0.542
0.544
0.546
0.541
0.538
0.544
0.533
0.541
0.541
0.531
0.544
0.543
0.537
0.543
0.55
0.539
0.551
0.563
0.563
0.553
0.561
0.556
0.555
0.557
0.56
0.548
0.554
0.556
0.545
0.553
0.548
0.542
0.549
0.545
0.537
0.534
0.545
0.558
0.555
0.555
0.563
0.557
0.57
0.563
0.559
0.563
0.557
0.558
0.571
0.561
0.554
0.543
0.542
0.53
0.541
0.541
0.536
0.545
0.532
0.542
0.543
0.545
0.538
0.543
0.548
0.557
0.565
0.554
0.552
0.555
0.563
0.56
0.555
0.562
0.559
0.552
0.546
0.558
0.561
0.562
0.558
0.569
0.563
0.562
0.563
0.56
0.56
0.553
0.557
0.557
0.554
0.556
0.556
0.554
0.546
0.557
0.548
0.56
0.553
0.545
0.54
0.543
0.534
0.538
0.534
0.523
0.523
0.534
0.534
0.531
0.521
0.534
0.53
0.529
0.521
0.541
0.538
0.532
0.541
0.54
0.534
0.534
0.536
0.528
0.531
0.531
0.529
0.529
0.532
0.53
0.522
0.53
0.531
0.523
0.535
0.531
0.526
0.538
0.533
0.526
0.539
0.535
0.537
0.525
0.533
0.536
0.531
0.529
0.533
0.535
0.533
0.529
0.537
0.537
0.545
0.538
0.543
0.543
0.545
0.549
0.549
0.542
0.553
0.548
0.541
0.545
0.545
0.551
0.546
0.548
0.545
0.541
0.54
0.543
0.541
0.536
0.536
0.533
0.537
0.527
0.528
0.541
0.534
0.529
0.538
0.542
0.536
0.531
0.544
0.536
0.544
0.545
0.544
0.546
0.544
0.541
0.543
0.544
0.543
0.537
0.547
0.544
0.542
0.55
0.544
0.543
0.548
0.55
0.55
0.543
0.536
0.547
0.54
0.541
0.535
0.54
0.539
0.534
0.528
0.531
0.534
0.531
0.523
0.534
0.527
0.528
0.525
0.529
0.528
0.527
0.533
0.542
0.53
0.54
0.535
0.534
0.538
0.536
0.529
0.536
0.528
0.526
0.53
0.531
0.528
0.533
0.541
0.532
0.538
0.54
0.544
0.552
0.546
0.551
0.553
0.546
0.544
0.545
0.548
0.536
0.541
0.539
0.531
0.537
0.535
0.529
0.53
0.535
0.527
0.531
0.534
0.533
0.54
0.536
0.531
0.534
0.529
0.526
0.53
0.534
0.527
0.534
0.537
0.536
0.536
0.539
0.539
0.529
0.541
0.538
0.542
0.536
0.545
0.539
0.54
0.545
0.54
0.535
0.528
0.531
0.531
0.518
0.519
0.53
0.529
0.53
0.518
0.53
0.537
0.531
0.539
0.545
0.542
0.535
0.536
0.523
0.536
0.531
0.521
0.525
0.527
0.521
0.521
0.53
0.521
0.521
0.522
0.529
0.54
0.544
0.536
0.535
0.522
0.533
0.527
0.526
0.52
0.52
0.537
0.538
0.544
0.533
0.538
0.534
0.533
0.53
0.533
0.523
0.532
0.53
0.535
0.541
0.532
0.541
0.539
0.541
0.551
0.552
0.541
0.55
0.552
0.541
0.53
0.539
0.533
0.53
0.537
0.539
0.541
0.537
0.548
0.541
0.543
0.545
0.546
0.538
0.544
0.547
0.543
0.54
0.536
0.543
0.539
0.538
0.543
0.541
0.541
0.543
0.547
0.543
0.545
0.549
0.552
0.563
0.55
0.544
0.533
0.537
0.539
0.534
0.526
0.533
0.53
0.526
0.529
0.53
0.517
0.521
0.531
0.535
0.524
0.536
0.524
0.534
0.533
0.531
0.522
0.533
0.535
0.533
0.539
0.528
0.535
0.54
0.536
0.525
0.537
0.529
0.53
0.519
0.527
0.536
0.523
0.536
0.53
0.524
0.53
0.533
0.523
0.519
0.526
0.521
0.52
0.53
0.522
0.529
0.526
0.536
0.539
0.531
0.538
0.538
0.54
0.53
0.538
0.538
0.525
0.534
0.53
0.539
0.526
0.539
0.537
0.533
0.537
0.536
0.547
0.538
0.544
0.55
0.541
0.539
0.533
0.522
0.528
0.539
0.545
0.536
0.541
0.546
0.538
0.547
0.547
0.54
0.548
0.544
0.539
0.543
0.543
0.535
0.543
0.545
0.537
0.544
0.543
0.53
0.538
0.54
0.529
0.541
0.54
0.536
0.545
0.542
0.538
0.544
0.546
0.542
0.547
0.547
0.536
0.544
0.545
0.534
0.541
0.541
0.531
0.537
0.535
0.522
0.518
0.527
0.528
0.522
0.528
0.531
0.52
0.531
0.521
0.534
0.522
0.512
0.531
0.53
0.52
0.53
0.525
0.522
0.527
0.539
0.548
0.547
0.544
0.533
0.542
0.538
0.525
0.521
0.526
0.532
0.531
0.53
0.518
0.527
0.524
0.529
0.53
0.523
0.535
0.532
0.529
0.537
0.542
0.535
0.544
0.542
0.53
0.542
0.53
0.541
0.529
0.537
0.537
0.529
0.536
0.538
0.525
0.537
0.533
0.533
0.535
0.542
0.538
0.541
0.539
0.541
0.533
0.541
0.545
0.543
0.543
0.535
0.539
0.543
0.533
0.538
0.545
0.548
0.546
0.542
0.543
0.545
0.543
0.532
0.543
0.535
0.539
0.537
0.54
0.536
0.538
0.544
0.544
0.536
0.542
0.543
0.547
0.542
0.539
0.541
0.535
0.542
0.542
0.538
0.547
0.548
0.544
0.547
0.554
0.549
0.549
0.549
0.547
0.547
0.55
0.545
0.542
0.548
0.544
0.539
0.545
0.538
0.539
0.542
0.539
0.535
0.541
0.538
0.532
0.538
0.532
0.535
0.54
0.546
0.534
0.546
0.543
0.531
0.543
0.551
0.54
0.55
0.547
0.536
0.543
0.536
0.535
0.535
0.54
0.537
0.546
0.544
0.55
0.554
0.547
0.557
0.554
0.55
0.552
0.554
0.545
0.545
0.548
0.54
0.543
0.545
0.536
0.543
0.543
0.539
0.539
0.545
0.552
0.544
0.554
0.552
0.545
0.557
0.549
0.549
0.547
0.537
0.541
0.538
0.541
0.532
0.543
0.545
0.537
0.55
0.543
0.541
0.547
0.539
0.541
0.54
0.535
0.542
0.548
0.538
0.541
0.541
0.541
0.539
0.537
0.526
0.536
0.537
0.532
0.541
0.541
0.53
0.536
0.543
0.536
0.544
0.539
0.537
0.54
0.544
0.538
0.547
0.548
0.536
0.546
0.551
0.541
0.546
0.544
0.539
0.541
0.532
0.54
0.538
0.528
0.54
0.532
0.532
0.535
0.531
0.532
0.539
0.531
0.543
0.545
0.543
0.543
0.549
0.542
0.546
0.55
0.547
0.545
0.541
0.543
0.538
0.538
0.539
0.536
0.534
0.535
0.523
0.531
0.532
0.529
0.537
0.534
0.533
0.54
0.54
0.535
0.544
0.54
0.532
0.544
0.535
0.53
0.538
0.538
0.53
0.534
0.53
0.528
0.532
0.537
0.527
0.54
0.539
0.532
0.541
0.539
0.53
0.537
0.536
0.524
0.531
0.535
0.534
0.528
0.521
0.53
0.525
0.52
0.525
0.53
0.519
0.53
0.525
0.521
0.527
0.524
0.52
0.528
0.524
0.528
0.529
0.521
0.534
0.534
0.526
0.532
0.533
0.529
0.533
0.529
0.528
0.534
0.528
0.525
0.533
0.532
0.523
0.53
0.533
0.529
0.524
0.529
0.53
0.521
0.527
0.526
0.53
0.535
0.539
0.532
0.539
0.539
0.527
0.54
0.533
0.534
0.536
0.536
0.538
0.541
0.53
0.542
0.539
0.542
0.542
0.529
0.54
0.535
0.534
0.53
0.535
0.53
0.528
0.534
0.521
0.53
0.528
0.533
0.534
0.525
0.536
0.529
0.521
0.526
0.527
0.517
0.525
0.521
0.529
0.536
0.537
0.528
0.533
0.53
0.521
0.525
0.526
0.514
0.523
0.519
0.518
0.522
0.514
0.524
0.522
0.517
0.523
0.522
0.527
0.53
0.521
0.534
0.537
0.529
0.539
0.53
0.534
0.529
0.521
0.532
0.525
0.531
0.521
0.513
0.523
0.526
0.519
0.53
0.533
0.529
0.527
0.533
0.532
0.522
0.529
0.536
0.524
0.52
0.535
0.526
0.531
0.53
0.537
0.536
0.537
0.531
0.537
0.537
0.532
0.54
0.528
0.521
0.534
0.533
0.528
0.521
0.531
0.536
0.525
0.518
0.532
0.526
0.532
0.525
0.525
0.535
0.531
0.533
0.532
0.534
0.536
0.536
0.538
0.537
0.54
0.54
0.535
0.539
0.526
0.531
0.542
0.534
0.533
0.529
0.535
0.529
0.521
0.526
0.526
0.523
0.519
0.522
0.528
0.52
0.521
0.521
0.533
0.518
0.526
0.522
0.519
0.513
0.519
0.521
0.509
0.521
0.515
0.519
0.508
0.514
0.516
0.508
0.51
0.513
0.514
0.505
0.517
0.512
0.511
0.521
0.52
0.525
0.526
0.516
0.524
0.52
0.514
0.513
0.516
0.516
0.519
0.511
0.521
0.515
0.507
0.514
0.514
0.518
0.53
0.535
0.534
0.538
0.549
0.561
0.552
0.555
0.553
0.541
0.543
0.55
0.539
0.544
0.541
0.53
0.532
0.53
0.521
0.527
0.523
0.519
0.519
0.52
0.528
0.533
0.619
0.619
0.604
0.607
0.611
0.626
0.64
0.633
0.648
0.614
0.599
0.606
0.615
0.654
0.659
0.674
0.687
0.688
0.689
0.699
0.697
